Left Bin Edge (nm)	Right Bin Edge (nm)	Bin Center (nm)		Top of Atm Intensity (erg/s/nm/cm2)		Total Surface Flux (erg/s/nm/cm2)		Total Intensity at BOA (erg/s/nm/cm2)		Total Surface Intensity (erg/s/nm/cm2)		Total Surface Diffuse Intensity (erg/s/nm/cm2)		Total Surface Direct Intensity (erg/s/nm/cm2)
1.0000000e+02		1.0100000e+02		1.0050000e+02		4.4569042e-02		2.4525374e-199		0.0000000e+00		4.2479194e-199		4.2479194e-199		0.0000000e+00
1.0100000e+02		1.0200000e+02		1.0150000e+02		1.7387199e-01		2.8780738e-197		0.0000000e+00		4.9849701e-197		4.9849701e-197		0.0000000e+00
1.0200000e+02		1.0300000e+02		1.0250000e+02		9.2286085e-01		3.0760917e-195		0.0000000e+00		5.3279472e-195		5.3279472e-195		0.0000000e+00
1.0300000e+02		1.0400000e+02		1.0350000e+02		7.0094286e-01		3.0025220e-193		0.0000000e+00		5.2005206e-193		5.2005206e-193		0.0000000e+00
1.0400000e+02		1.0500000e+02		1.0450000e+02		1.4124828e-01		2.6834656e-191		0.0000000e+00		4.6478987e-191		4.6478987e-191		0.0000000e+00
1.0500000e+02		1.0600000e+02		1.0550000e+02		4.8389941e-02		2.2015023e-189		0.0000000e+00		3.8131138e-189		3.8131138e-189		0.0000000e+00
1.0600000e+02		1.0700000e+02		1.0650000e+02		4.5487167e-02		1.6619000e-187		0.0000000e+00		2.8784952e-187		2.8784952e-187		0.0000000e+00
1.0700000e+02		1.0800000e+02		1.0750000e+02		5.0757295e-02		1.1570804e-185		0.0000000e+00		2.0041220e-185		2.0041220e-185		0.0000000e+00
1.0800000e+02		1.0900000e+02		1.0850000e+02		7.1152114e-02		7.4467736e-184		0.0000000e+00		1.2898190e-183		1.2898190e-183		0.0000000e+00
1.0900000e+02		1.1000000e+02		1.0950000e+02		5.5817450e-02		4.4397244e-182		0.0000000e+00		7.6898282e-182		7.6898282e-182		0.0000000e+00
1.1000000e+02		1.1100000e+02		1.1050000e+02		5.4043772e-02		2.4571449e-180		0.0000000e+00		4.2558999e-180		4.2558999e-180		0.0000000e+00
1.1100000e+02		1.1200000e+02		1.1150000e+02		5.0797691e-02		1.2649211e-178		0.0000000e+00		2.1909077e-178		2.1909077e-178		0.0000000e+00
1.1200000e+02		1.1300000e+02		1.1250000e+02		5.1969037e-02		6.0686756e-177		0.0000000e+00		1.0511255e-176		1.0511255e-176		0.0000000e+00
1.1300000e+02		1.1400000e+02		1.1350000e+02		4.1221387e-02		2.7185204e-175		0.0000000e+00		4.7086154e-175		4.7086154e-175		0.0000000e+00
1.1400000e+02		1.1500000e+02		1.1450000e+02		3.1562600e-02		1.1390992e-173		0.0000000e+00		1.9729776e-173		1.9729776e-173		0.0000000e+00
1.1500000e+02		1.1600000e+02		1.1550000e+02		4.3552050e-02		4.4723475e-172		0.0000000e+00		7.7463332e-172		7.7463332e-172		0.0000000e+00
1.1600000e+02		1.1700000e+02		1.1650000e+02		1.0143732e-01		1.6481008e-170		0.0000000e+00		2.8545943e-170		2.8545943e-170		0.0000000e+00
1.1700000e+02		1.1800000e+02		1.1750000e+02		3.6108525e-01		5.7096645e-169		0.0000000e+00		9.8894290e-169		9.8894290e-169		0.0000000e+00
1.1800000e+02		1.1900000e+02		1.1850000e+02		1.2283927e-01		1.8624997e-167		0.0000000e+00		3.2259441e-167		3.2259441e-167		0.0000000e+00
1.1900000e+02		1.2000000e+02		1.1950000e+02		1.7115732e-01		5.7292556e-166		0.0000000e+00		9.9233617e-166		9.9233617e-166		0.0000000e+00
1.2000000e+02		1.2100000e+02		1.2050000e+02		9.3056497e-01		1.6643791e-164		0.0000000e+00		2.8827891e-164		2.8827891e-164		0.0000000e+00
1.2100000e+02		1.2200000e+02		1.2150000e+02		3.6941242e+01		4.5727110e-163		0.0000000e+00		7.9201677e-163		7.9201677e-163		0.0000000e+00
1.2200000e+02		1.2300000e+02		1.2250000e+02		2.4773856e-01		1.1897509e-161		0.0000000e+00		2.0607090e-161		2.0607090e-161		0.0000000e+00
1.2300000e+02		1.2400000e+02		1.2350000e+02		1.3344721e-01		2.9354539e-160		3.4291052e-161		5.0843554e-160		5.0843554e-160		0.0000000e+00
1.2400000e+02		1.2500000e+02		1.2450000e+02		1.0726631e-01		6.8768356e-159		8.2616089e-160		1.1911029e-158		1.1911029e-158		0.0000000e+00
1.2500000e+02		1.2600000e+02		1.2550000e+02		1.0471361e-01		1.5315623e-157		1.8899226e-158		2.6527437e-157		2.6527437e-157		0.0000000e+00
1.2600000e+02		1.2700000e+02		1.2650000e+02		1.4644878e-01		3.2466533e-156		4.1129798e-157		5.6233684e-156		5.6233684e-156		0.0000000e+00
1.2700000e+02		1.2800000e+02		1.2750000e+02		7.6659940e-02		6.5583975e-155		8.5263070e-156		1.1359478e-154		1.1359478e-154		0.0000000e+00
1.2800000e+02		1.2900000e+02		1.2850000e+02		6.1165494e-02		1.2638923e-153		1.6855691e-154		2.1891257e-153		2.1891257e-153		0.0000000e+00
1.2900000e+02		1.3000000e+02		1.2950000e+02		8.1594975e-02		2.3262035e-152		3.1811986e-153		4.0291026e-152		4.0291026e-152		0.0000000e+00
1.3000000e+02		1.3100000e+02		1.3050000e+02		6.7007791e-01		4.0932738e-151		5.7379269e-152		7.0897582e-151		7.0897582e-151		0.0000000e+00
1.3100000e+02		1.3200000e+02		1.3150000e+02		9.0731094e-02		6.8932740e-150		9.9012711e-151		1.1939501e-149		1.1939501e-149		0.0000000e+00
1.3200000e+02		1.3300000e+02		1.3250000e+02		7.0547730e-02		1.1121020e-148		1.6361975e-149		1.9262171e-148		1.9262171e-148		0.0000000e+00
1.3300000e+02		1.3400000e+02		1.3350000e+02		9.5357088e-01		1.7204725e-147		2.5918484e-148		2.9799458e-147		2.9799458e-147		0.0000000e+00
1.3400000e+02		1.3500000e+02		1.3450000e+02		6.5246966e-02		2.5547129e-146		3.9393680e-147		4.4248926e-146		4.4248926e-146		0.0000000e+00
1.3500000e+02		1.3600000e+02		1.3550000e+02		1.3692679e-01		3.6443733e-145		5.7502714e-146		6.3122398e-145		6.3122398e-145		0.0000000e+00
1.3600000e+02		1.3700000e+02		1.3650000e+02		8.9861989e-02		4.9988914e-144		8.0680661e-145		8.6583339e-144		8.6583339e-144		0.0000000e+00
1.3700000e+02		1.3800000e+02		1.3750000e+02		9.2282630e-02		6.5988305e-143		1.0890660e-143		1.1429510e-142		1.1429510e-142		0.0000000e+00
1.3800000e+02		1.3900000e+02		1.3850000e+02		9.4180145e-02		8.3900456e-142		1.4154845e-142		1.4531985e-141		1.4531985e-141		0.0000000e+00
1.3900000e+02		1.4000000e+02		1.3950000e+02		3.1801144e-01		1.0282937e-140		1.7728123e-141		1.7810569e-140		1.7810569e-140		0.0000000e+00
1.4000000e+02		1.4100000e+02		1.4050000e+02		2.7729440e-01		1.2158128e-139		2.1413066e-140		2.1058495e-139		2.1058495e-139		0.0000000e+00
1.4100000e+02		1.4200000e+02		1.4150000e+02		1.3359910e-01		1.3878563e-138		2.4962616e-139		2.4038376e-138		2.4038376e-138		0.0000000e+00
1.4200000e+02		1.4300000e+02		1.4250000e+02		1.4479671e-01		1.5306392e-137		2.8107493e-138		2.6511448e-137		2.6511448e-137		0.0000000e+00
1.4300000e+02		1.4400000e+02		1.4350000e+02		1.6064305e-01		1.6321686e-136		3.0590515e-137		2.8269989e-136		2.8269989e-136		0.0000000e+00
1.4400000e+02		1.4500000e+02		1.4450000e+02		1.5363637e-01		1.6839361e-135		3.2203166e-136		2.9166628e-135		2.9166628e-135		0.0000000e+00
1.4500000e+02		1.4600000e+02		1.4550000e+02		1.6382583e-01		1.6820960e-134		3.2813768e-135		2.9134757e-134		2.9134757e-134		0.0000000e+00
1.4600000e+02		1.4700000e+02		1.4650000e+02		1.9977093e-01		1.6279034e-133		3.2385584e-134		2.8196115e-133		2.8196115e-133		0.0000000e+00
1.4700000e+02		1.4800000e+02		1.4750000e+02		2.4643334e-01		1.5273534e-132		3.0978783e-133		2.6454538e-132		2.6454538e-132		0.0000000e+00
1.4800000e+02		1.4900000e+02		1.4850000e+02		2.4167300e-01		1.3901328e-131		2.8738614e-132		2.4077806e-131		2.4077806e-131		0.0000000e+00
1.4900000e+02		1.5000000e+02		1.4950000e+02		2.1832777e-01		1.2281296e-130		2.5871902e-131		2.1271829e-130		2.1271829e-130		0.0000000e+00
1.5000000e+02		1.5100000e+02		1.5050000e+02		2.4023073e-01		1.0538084e-129		2.2615917e-130		1.8252497e-129		1.8252497e-129		0.0000000e+00
1.5100000e+02		1.5200000e+02		1.5150000e+02		2.5258505e-01		8.7873962e-129		1.9207690e-129		1.5220217e-128		1.5220217e-128		0.0000000e+00
1.5200000e+02		1.5300000e+02		1.5250000e+02		3.2229547e-01		7.1249985e-128		1.5858364e-128		1.2340859e-127		1.2340859e-127		0.0000000e+00
1.5300000e+02		1.5400000e+02		1.5350000e+02		3.5701286e-01		5.6204869e-127		1.2735115e-127		9.7349688e-127		9.7349688e-127		0.0000000e+00
1.5400000e+02		1.5500000e+02		1.5450000e+02		9.5486931e-01		4.3157872e-126		9.9527686e-127		7.4751628e-126		7.4751628e-126		0.0000000e+00
1.5500000e+02		1.5600000e+02		1.5550000e+02		7.8587524e-01		3.2275235e-125		7.5737305e-126		5.5902347e-125		5.5902347e-125		0.0000000e+00
1.5600000e+02		1.5700000e+02		1.5650000e+02		4.6648084e-01		2.3519206e-124		5.6146782e-125		4.0736459e-124		4.0736459e-124		0.0000000e+00
1.5700000e+02		1.5800000e+02		1.5750000e+02		4.2309893e-01		1.6708397e-123		4.0569653e-124		2.8939793e-123		2.8939793e-123		0.0000000e+00
1.5800000e+02		1.5900000e+02		1.5850000e+02		3.9008072e-01		1.1577514e-122		2.8585984e-123		2.0052842e-122		2.0052842e-122		0.0000000e+00
1.5900000e+02		1.6000000e+02		1.5950000e+02		3.8042347e-01		7.8283179e-122		1.9651180e-122		1.3559044e-121		1.3559044e-121		0.0000000e+00
1.6000000e+02		1.6100000e+02		1.6050000e+02		4.1635449e-01		5.1676544e-121		1.3185761e-121		8.9506400e-121		8.9506400e-121		0.0000000e+00
1.6100000e+02		1.6200000e+02		1.6150000e+02		4.7164413e-01		3.3318431e-120		8.6397283e-121		5.7709215e-120		5.7709215e-120		0.0000000e+00
1.6200000e+02		1.6300000e+02		1.6250000e+02		5.2241459e-01		2.0990902e-119		5.5305185e-120		3.6357309e-119		3.6357309e-119		0.0000000e+00
1.6300000e+02		1.6400000e+02		1.6350000e+02		1.1072121e+00		1.2927603e-118		3.4600849e-119		2.2391266e-118		2.2391266e-118		0.0000000e+00
1.6400000e+02		1.6500000e+02		1.6450000e+02		1.1323318e+00		7.7862006e-118		2.1166295e-118		1.3486095e-117		1.3486095e-117		0.0000000e+00
1.6500000e+02		1.6600000e+02		1.6550000e+02		1.3255566e+00		4.5880665e-117		1.2665413e-117		7.9467642e-117		7.9467642e-117		0.0000000e+00
1.6600000e+02		1.6700000e+02		1.6650000e+02		6.2522883e-01		2.6460747e-116		7.4162176e-117		4.5831358e-116		4.5831358e-116		0.0000000e+00
1.6700000e+02		1.6800000e+02		1.6750000e+02		6.6723830e-01		1.4942057e-115		4.2511166e-116		2.5880402e-115		2.5880402e-115		0.0000000e+00
1.6800000e+02		1.6900000e+02		1.6850000e+02		7.1904320e-01		8.2645305e-115		2.3864174e-115		1.4314587e-114		1.4314587e-114		0.0000000e+00
1.6900000e+02		1.7000000e+02		1.6950000e+02		9.0554889e-01		4.4790433e-114		1.3124208e-114		7.7579306e-114		7.7579306e-114		0.0000000e+00
1.7000000e+02		1.7100000e+02		1.7050000e+02		1.0161854e+00		2.3794007e-113		7.0736141e-114		4.1212429e-113		4.1212429e-113		0.0000000e+00
1.7100000e+02		1.7200000e+02		1.7150000e+02		1.0130704e+00		1.2394172e-112		3.7377063e-113		2.1467335e-112		2.1467335e-112		0.0000000e+00
1.7200000e+02		1.7300000e+02		1.7250000e+02		1.0571150e+00		6.3326258e-112		1.9369335e-112		1.0968430e-111		1.0968430e-111		0.0000000e+00
1.7300000e+02		1.7400000e+02		1.7350000e+02		1.0479596e+00		3.1747677e-111		9.8472809e-112		5.4988589e-111		5.4988589e-111		0.0000000e+00
1.7400000e+02		1.7500000e+02		1.7450000e+02		1.2530722e+00		1.5622263e-110		4.9130668e-111		2.7058553e-110		2.7058553e-110		0.0000000e+00
1.7500000e+02		1.7600000e+02		1.7550000e+02		1.4954862e+00		7.5477685e-110		2.4063786e-110		1.3073119e-109		1.3073119e-109		0.0000000e+00
1.7600000e+02		1.7700000e+02		1.7650000e+02		1.6135596e+00		3.5815536e-109		1.1574143e-109		6.2034328e-109		6.2034328e-109		0.0000000e+00
1.7700000e+02		1.7800000e+02		1.7750000e+02		1.9010195e+00		1.6696870e-108		5.4684397e-109		2.8919827e-108		2.8919827e-108		0.0000000e+00
1.7800000e+02		1.7900000e+02		1.7850000e+02		2.0776624e+00		7.6496021e-108		2.5387667e-108		1.3249499e-107		1.3249499e-107		0.0000000e+00
1.7900000e+02		1.8000000e+02		1.7950000e+02		2.0198657e+00		3.4451572e-107		1.1585261e-107		5.9671873e-107		5.9671873e-107		0.0000000e+00
1.8000000e+02		1.8100000e+02		1.8050000e+02		2.4976225e+00		1.5256989e-106		5.1982094e-107		2.6425880e-106		2.6425880e-106		0.0000000e+00
1.8100000e+02		1.8200000e+02		1.8150000e+02		3.0410490e+00		6.6456649e-106		2.2940778e-106		1.1510629e-105		1.1510629e-105		0.0000000e+00
1.8200000e+02		1.8300000e+02		1.8250000e+02		2.8073836e+00		2.8479578e-105		9.9620780e-106		4.9328076e-105		4.9328076e-105		0.0000000e+00
1.8300000e+02		1.8400000e+02		1.8350000e+02		2.9562417e+00		1.2010699e-104		4.2582085e-105		2.0803140e-104		2.0803140e-104		0.0000000e+00
1.8400000e+02		1.8500000e+02		1.8450000e+02		2.5409769e+00		4.9860617e-104		1.7918682e-104		8.6361121e-104		8.6361121e-104		0.0000000e+00
1.8500000e+02		1.8600000e+02		1.8550000e+02		2.8735562e+00		2.0379634e-103		7.4307956e-104		3.5298561e-103		3.5298561e-103		0.0000000e+00
1.8600000e+02		1.8700000e+02		1.8650000e+02		3.2604304e+00		8.2034125e-103		3.0370681e-103		1.4208727e-102		1.4208727e-102		0.0000000e+00
1.8700000e+02		1.8800000e+02		1.8750000e+02		3.6946466e+00		3.2526965e-102		1.2244254e-102		5.6338355e-102		5.6338355e-102		0.0000000e+00
1.8800000e+02		1.8900000e+02		1.8850000e+02		3.8870616e+00		1.2706357e-101		4.8754031e-102		2.2008056e-101		2.2008056e-101		0.0000000e+00
1.8900000e+02		1.9000000e+02		1.8950000e+02		4.3106081e+00		4.8908975e-101		1.9204602e-101		8.4712829e-101		8.4712829e-101		0.0000000e+00
1.9000000e+02		1.9100000e+02		1.9050000e+02		4.4384288e+00		1.8553462e-100		7.4874904e-101		3.2135538e-100		3.2135538e-100		0.0000000e+00
1.9100000e+02		1.9200000e+02		1.9150000e+02		4.8094361e+00		6.9377252e-100		2.8891668e-100		1.2016493e-99		1.2016493e-99		0.0000000e+00
1.9200000e+02		1.9300000e+02		1.9250000e+02		5.0365493e+00		2.5570251e-99		1.1075264e-99		4.4288974e-99		4.4288974e-99		0.0000000e+00
1.9300000e+02		1.9400000e+02		1.9350000e+02		3.8447944e+00		9.2937706e-99		4.1953199e-99		1.6097283e-98		1.6097283e-98		9.1151138e-262
1.9400000e+02		1.9500000e+02		1.9450000e+02		6.1679797e+00		3.3328846e-98		1.5633024e-98		5.7727255e-98		5.7727255e-98		5.3737548e-206
1.9500000e+02		1.9600000e+02		1.9550000e+02		5.9528271e+00		1.1794016e-97		4.8269356e-98		2.0427835e-97		2.0427835e-97		4.8921958e-164
1.9600000e+02		1.9700000e+02		1.9650000e+02		6.5508102e+00		4.1213152e-97		6.0005318e-96		7.1383274e-97		7.1383274e-97		1.1453968e-141
1.9700000e+02		1.9800000e+02		1.9750000e+02		6.5190955e+00		1.4221051e-96		7.8632810e-90		2.4631583e-96		2.4631583e-96		3.1872159e-125
1.9800000e+02		1.9900000e+02		1.9850000e+02		6.3883794e+00		2.2736068e-42		4.0635326e-35		3.9380024e-42		3.9380024e-42		9.2022335e-66
1.9900000e+02		2.0000000e+02		1.9950000e+02		6.7274707e+00		8.9253423e-06		4.5071402e-05		1.5459146e-05		1.5459146e-05		1.0102630e-13
2.0000000e+02		2.0100000e+02		2.0050000e+02		7.1125146e+00		4.1738131e-04		1.7792074e-03		7.2292565e-04		7.2292563e-04		1.1952681e-11
2.0100000e+02		2.0200000e+02		2.0150000e+02		7.5701275e+00		9.3644349e-02		3.3638889e-01		1.6219677e-01		1.6219677e-01		2.2491934e-09
2.0200000e+02		2.0300000e+02		2.0250000e+02		7.4828608e+00		1.9591848e-01		6.9325166e-01		3.3934077e-01		3.3934077e-01		5.4191469e-09
2.0300000e+02		2.0400000e+02		2.0350000e+02		8.0092047e+00		8.8899575e-01		3.0817483e+00		1.5397858e+00		1.5397858e+00		1.7197979e-08
2.0400000e+02		2.0500000e+02		2.0450000e+02		8.6207445e+00		2.1030828e+00		7.2393137e+00		3.6426462e+00		3.6426462e+00		3.5921342e-08
2.0500000e+02		2.0600000e+02		2.0550000e+02		8.6400754e+00		2.0757538e+00		7.1426115e+00		3.5953111e+00		3.5953110e+00		5.4922010e-08
2.0600000e+02		2.0700000e+02		2.0650000e+02		8.6510225e+00		2.1134365e+00		7.2691783e+00		3.6605794e+00		3.6605794e+00		8.3593163e-08
2.0700000e+02		2.0800000e+02		2.0750000e+02		9.3957826e+00		2.3394651e+00		8.0432250e+00		4.0520724e+00		4.0520723e+00		1.3651996e-07
2.0800000e+02		2.0900000e+02		2.0850000e+02		1.0163489e+01		2.5083205e+00		8.6207339e+00		4.3445386e+00		4.3445384e+00		2.1794768e-07
2.0900000e+02		2.1000000e+02		2.0950000e+02		1.3129215e+01		3.3258049e+00		1.1425573e+01		5.7604633e+00		5.7604628e+00		4.1502964e-07
2.1000000e+02		2.1100000e+02		2.1050000e+02		1.6183343e+01		4.0578552e+00		1.3935892e+01		7.0284115e+00		7.0284108e+00		7.3881935e-07
2.1100000e+02		2.1200000e+02		2.1150000e+02		1.8424170e+01		4.6970238e+00		1.6124930e+01		8.1354842e+00		8.1354830e+00		1.2116662e-06
2.1200000e+02		2.1300000e+02		2.1250000e+02		1.6428561e+01		4.2235050e+00		1.4494267e+01		7.3153257e+00		7.3153241e+00		1.5377253e-06
2.1300000e+02		2.1400000e+02		2.1350000e+02		1.6737981e+01		4.3056009e+00		1.4771221e+01		7.4575203e+00		7.4575181e+00		2.2045800e-06
2.1400000e+02		2.1500000e+02		2.1450000e+02		2.1432541e+01		5.6000188e+00		1.9205315e+01		9.6995183e+00		9.6995144e+00		3.9526783e-06
2.1500000e+02		2.1600000e+02		2.1550000e+02		1.8408135e+01		4.7955811e+00		1.6441528e+01		8.3061916e+00		8.3061869e+00		4.6852330e-06
2.1600000e+02		2.1700000e+02		2.1650000e+02		1.7036901e+01		4.4905937e+00		1.5390910e+01		7.7779383e+00		7.7779323e+00		5.9595217e-06
2.1700000e+02		2.1800000e+02		2.1750000e+02		1.7640866e+01		4.6586007e+00		1.5962006e+01		8.0689358e+00		8.0689274e+00		8.3858033e-06
2.1800000e+02		2.1900000e+02		2.1850000e+02		2.3730294e+01		6.3005561e+00		2.1581540e+01		1.0912888e+01		1.0912873e+01		1.5222830e-05
2.1900000e+02		2.2000000e+02		2.1950000e+02		2.5052511e+01		6.6938542e+00		2.2922062e+01		1.1594102e+01		1.1594081e+01		2.1526065e-05
2.2000000e+02		2.2100000e+02		2.2050000e+02		2.5203754e+01		6.7350686e+00		2.3056940e+01		1.1665490e+01		1.1665461e+01		2.8731749e-05
2.2100000e+02		2.2200000e+02		2.2150000e+02		2.0176768e+01		5.4310193e+00		1.8587462e+01		9.4068108e+00		9.4067804e+00		3.0364179e-05
2.2200000e+02		2.2300000e+02		2.2250000e+02		2.7154039e+01		7.3209670e+00		2.5049201e+01		1.2680303e+01		1.2680250e+01		5.3465462e-05
2.2300000e+02		2.2400000e+02		2.2350000e+02		3.5163062e+01		9.5327492e+00		3.2608426e+01		1.6511234e+01		1.6511144e+01		9.0083239e-05
2.2400000e+02		2.2500000e+02		2.2450000e+02		3.2875934e+01		8.9202495e+00		3.0505731e+01		1.5450359e+01		1.5450250e+01		1.0868225e-04
2.2500000e+02		2.2600000e+02		2.2550000e+02		2.8720078e+01		7.8204708e+00		2.6738104e+01		1.3545490e+01		1.3545369e+01		1.2184835e-04
2.2600000e+02		2.2700000e+02		2.2650000e+02		2.1037217e+01		5.7399631e+00		1.9620215e+01		9.9419429e+00		9.9418292e+00		1.1375552e-04
2.2700000e+02		2.2800000e+02		2.2750000e+02		2.0463841e+01		5.5961370e+00		1.9124160e+01		9.6928370e+00		9.6926968e+00		1.4020156e-04
2.2800000e+02		2.2900000e+02		2.2850000e+02		2.8509984e+01		7.8171814e+00		2.6708266e+01		1.3539831e+01		1.3539585e+01		2.4605316e-04
2.2900000e+02		2.3000000e+02		2.2950000e+02		2.5620938e+01		7.0390404e+00		2.4044375e+01		1.2192061e+01		1.2191784e+01		2.7690570e-04
2.3000000e+02		2.3100000e+02		2.3050000e+02		2.9055844e+01		7.9922263e+00		2.7294504e+01		1.3843063e+01		1.3842672e+01		3.9093261e-04
2.3100000e+02		2.3200000e+02		2.3150000e+02		2.7387429e+01		7.5448298e+00		2.5761225e+01		1.3068170e+01		1.3067713e+01		4.5635828e-04
2.3200000e+02		2.3300000e+02		2.3250000e+02		2.9413108e+01		8.1126883e+00		2.7694527e+01		1.4051775e+01		1.4051171e+01		6.0372048e-04
2.3300000e+02		2.3400000e+02		2.3350000e+02		2.6543685e+01		7.3298283e+00		2.5017127e+01		1.2695842e+01		1.2695174e+01		6.6773220e-04
2.3400000e+02		2.3500000e+02		2.3450000e+02		2.3194371e+01		6.4114056e+00		2.1878309e+01		1.1105100e+01		1.1104389e+01		7.1155612e-04
2.3500000e+02		2.3600000e+02		2.3550000e+02		3.1223226e+01		8.6385721e+00		2.9472820e+01		1.4962805e+01		1.4961643e+01		1.1625255e-03
2.3600000e+02		2.3700000e+02		2.3650000e+02		2.8911473e+01		8.0064172e+00		2.7311117e+01		1.3867924e+01		1.3866623e+01		1.3004668e-03
2.3700000e+02		2.3800000e+02		2.3750000e+02		3.0878004e+01		8.5567279e+00		2.9183193e+01		1.4821204e+01		1.4819534e+01		1.6701203e-03
2.3800000e+02		2.3900000e+02		2.3850000e+02		2.5598090e+01		7.0999274e+00		2.4210577e+01		1.2297948e+01		1.2296290e+01		1.6579834e-03
2.3900000e+02		2.4000000e+02		2.3950000e+02		2.7890834e+01		7.7404640e+00		2.6390443e+01		1.3407543e+01		1.3405389e+01		2.1536034e-03
2.4000000e+02		2.4100000e+02		2.4050000e+02		2.5623038e+01		7.1165390e+00		2.4259356e+01		1.2326934e+01		1.2324585e+01		2.3493779e-03
2.4100000e+02		2.4200000e+02		2.4150000e+02		3.0005079e+01		8.3408292e+00		2.8428423e+01		1.4447747e+01		1.4444492e+01		3.2542078e-03
2.4200000e+02		2.4300000e+02		2.4250000e+02		4.1301739e+01		1.1489801e+01		3.9155383e+01		1.9902552e+01		1.9897274e+01		5.2774911e-03
2.4300000e+02		2.4400000e+02		2.4350000e+02		3.8791639e+01		1.0799421e+01		3.6797413e+01		1.8706946e+01		1.8701128e+01		5.8179102e-03
2.4400000e+02		2.4500000e+02		2.4450000e+02		3.6329084e+01		1.0124645e+01		3.4493469e+01		1.7538371e+01		1.7531997e+01		6.3738798e-03
2.4500000e+02		2.4600000e+02		2.4550000e+02		2.9476122e+01		8.2167143e+00		2.7989686e+01		1.4233630e+01		1.4227606e+01		6.0239041e-03
2.4600000e+02		2.4700000e+02		2.4650000e+02		2.8685918e+01		8.0099242e+00		2.7281823e+01		1.3875703e+01		1.3868890e+01		6.8136067e-03
2.4700000e+02		2.4800000e+02		2.4750000e+02		3.1678139e+01		8.8513933e+00		3.0144241e+01		1.5333757e+01		1.5325049e+01		8.7080794e-03
2.4800000e+02		2.4900000e+02		2.4850000e+02		2.5406301e+01		7.1096657e+00		2.4209856e+01		1.2316796e+01		1.2308734e+01		8.0624569e-03
2.4900000e+02		2.5000000e+02		2.4950000e+02		3.0967514e+01		8.6716982e+00		2.9525699e+01		1.5023318e+01		1.5012017e+01		1.1300232e-02
2.5000000e+02		2.5100000e+02		2.5050000e+02		3.3448743e+01		9.3836204e+00		3.1946423e+01		1.6257240e+01		1.6243233e+01		1.4006857e-02
2.5100000e+02		2.5200000e+02		2.5150000e+02		2.7888154e+01		7.8344254e+00		2.6669662e+01		1.3573754e+01		1.3560399e+01		1.3355794e-02
2.5200000e+02		2.5300000e+02		2.5250000e+02		2.5069906e+01		7.0537901e+00		2.4010114e+01		1.2221758e+01		1.2208066e+01		1.3692273e-02
2.5300000e+02		2.5400000e+02		2.5350000e+02		3.1592540e+01		8.9049318e+00		3.0308654e+01		1.5429866e+01		1.5410239e+01		1.9626676e-02
2.5400000e+02		2.5500000e+02		2.5450000e+02		3.5730773e+01		1.0093141e+01		3.4350245e+01		1.7489625e+01		1.7464437e+01		2.5187995e-02
2.5500000e+02		2.5600000e+02		2.5550000e+02		4.8755658e+01		1.3783494e+01		4.6906542e+01		2.3885729e+01		2.3846882e+01		3.8847117e-02
2.5600000e+02		2.5700000e+02		2.5650000e+02		6.2803876e+01		1.7821152e+01		6.0643380e+01		3.0884635e+01		3.0828081e+01		5.6554139e-02
2.5700000e+02		2.5800000e+02		2.5750000e+02		7.8843355e+01		2.2416185e+01		7.6275754e+01		3.8850693e+01		3.8770777e+01		7.9916220e-02
2.5800000e+02		2.5900000e+02		2.5850000e+02		8.2991293e+01		2.3626351e+01		8.0389974e+01		4.0951239e+01		4.0856851e+01		9.4387278e-02
2.5900000e+02		2.6000000e+02		2.5950000e+02		7.0629481e+01		2.0184321e+01		6.8675747e+01		3.4988150e+01		3.4898023e+01		9.0127053e-02
2.6000000e+02		2.6100000e+02		2.6050000e+02		5.7868388e+01		1.6565757e+01		5.6362231e+01		2.8718251e+01		2.8635759e+01		8.2492065e-02
2.6100000e+02		2.6200000e+02		2.6150000e+02		5.9092703e+01		1.6971426e+01		5.7741306e+01		2.9424457e+01		2.9330434e+01		9.4022799e-02
2.6200000e+02		2.6300000e+02		2.6250000e+02		7.0528613e+01		2.0309056e+01		6.9096038e+01		3.5214952e+01		3.5090058e+01		1.2489362e-01
2.6300000e+02		2.6400000e+02		2.6350000e+02		1.0614195e+02		3.0683328e+01		1.0439144e+02		5.3209728e+01		5.3000757e+01		2.0897182e-01
2.6400000e+02		2.6500000e+02		2.6450000e+02		1.6548208e+02		4.7923089e+01		1.6304617e+02		8.3116833e+01		8.2756045e+01		3.6078823e-01
2.6500000e+02		2.6600000e+02		2.6550000e+02		1.7356948e+02		5.0451234e+01		1.7165045e+02		8.7513684e+01		8.7094789e+01		4.1889509e-01
2.6600000e+02		2.6700000e+02		2.6650000e+02		1.6826276e+02		4.9062191e+01		1.6692900e+02		8.5116914e+01		8.4668529e+01		4.4838482e-01
2.6700000e+02		2.6800000e+02		2.6750000e+02		1.6940220e+02		4.9564575e+01		1.6864454e+02		8.6002288e+01		8.5504703e+01		4.9758509e-01
2.6800000e+02		2.6900000e+02		2.6850000e+02		1.6778062e+02		4.9273663e+01		1.6766267e+02		8.5512256e+01		8.4969923e+01		5.4233287e-01
2.6900000e+02		2.7000000e+02		2.6950000e+02		1.5737310e+02		4.6352719e+01		1.5773275e+02		8.0457970e+01		7.9899675e+01		5.5829485e-01
2.7000000e+02		2.7100000e+02		2.7050000e+02		1.8181465e+02		5.3734402e+01		1.8286441e+02		9.3289414e+01		9.2582440e+01		7.0697400e-01
2.7100000e+02		2.7200000e+02		2.7150000e+02		1.5108640e+02		4.4813904e+01		1.5251916e+02		7.7818830e+01		7.7175954e+01		6.4287603e-01
2.7200000e+02		2.7300000e+02		2.7250000e+02		1.2154404e+02		3.6157670e+01		1.2306993e+02		6.2801580e+01		6.2236976e+01		5.6460430e-01
2.7300000e+02		2.7400000e+02		2.7350000e+02		1.2960124e+02		3.8687666e+01		1.3169494e+02		6.7212075e+01		6.6555622e+01		6.5645325e-01
2.7400000e+02		2.7500000e+02		2.7450000e+02		8.9183780e+01		2.6737429e+01		9.1026058e+01		4.6462797e+01		4.5970756e+01		4.9204161e-01
2.7500000e+02		2.7600000e+02		2.7550000e+02		1.1893609e+02		3.5750941e+01		1.2172763e+02		6.2142894e+01		6.1430268e+01		7.1262550e-01
2.7600000e+02		2.7700000e+02		2.7650000e+02		1.6564211e+02		4.9962054e+01		1.7013846e+02		8.6869919e+01		8.5793124e+01		1.0767952e+00
2.7700000e+02		2.7800000e+02		2.7750000e+02		1.5837296e+02		4.7920131e+01		1.6320990e+02		8.3345047e+01		8.2229970e+01		1.1150770e+00
2.7800000e+02		2.7900000e+02		2.7850000e+02		1.0921797e+02		3.3153899e+01		1.1293660e+02		5.7681497e+01		5.6849877e+01		8.3161975e-01
2.7900000e+02		2.8000000e+02		2.7950000e+02		6.1368404e+01		1.8682842e+01		6.3653242e+01		3.2515686e+01		3.2011220e+01		5.0446638e-01
2.8000000e+02		2.8100000e+02		2.8050000e+02		6.7313201e+01		2.0560089e+01		7.0062489e+01		3.5795703e+01		3.5199010e+01		5.9669353e-01
2.8100000e+02		2.8200000e+02		2.8150000e+02		1.3943196e+02		4.2700229e+01		1.4553924e+02		7.4370492e+01		7.3040187e+01		1.3303049e+00
2.8200000e+02		2.8300000e+02		2.8250000e+02		1.8983287e+02		5.8332448e+01		1.9886302e+02		1.0163721e+02		9.9689725e+01		1.9474869e+00
2.8300000e+02		2.8400000e+02		2.8350000e+02		1.9610227e+02		6.0385455e+01		2.0591000e+02		1.0525836e+02		1.0309998e+02		2.1583852e+00
2.8400000e+02		2.8500000e+02		2.8450000e+02		1.4459284e+02		4.4659325e+01		1.5232238e+02		7.7880076e+01		7.6173718e+01		1.7063578e+00
2.8500000e+02		2.8600000e+02		2.8550000e+02		9.2944992e+01		2.8774829e+01		9.8169694e+01		5.0202616e+01		4.9028690e+01		1.1739265e+00
2.8600000e+02		2.8700000e+02		2.8650000e+02		1.9045522e+02		5.9112968e+01		2.0172794e+02		1.0318212e+02		1.0061071e+02		2.5714088e+00
2.8700000e+02		2.8800000e+02		2.8750000e+02		2.2108403e+02		6.8788584e+01		2.3481448e+02		1.2013120e+02		1.1694423e+02		3.1869699e+00
2.8800000e+02		2.8900000e+02		2.8850000e+02		2.1010240e+02		6.5536835e+01		2.2378198e+02		1.1451224e+02		1.1128248e+02		3.2297687e+00
2.8900000e+02		2.9000000e+02		2.8950000e+02		3.1885068e+02		9.9686904e+01		3.4049827e+02		1.7427739e+02		1.6905797e+02		5.2194266e+00
2.9000000e+02		2.9100000e+02		2.9050000e+02		4.1860542e+02		1.3109446e+02		4.4792525e+02		2.2931601e+02		2.2203051e+02		7.2855013e+00
2.9100000e+02		2.9200000e+02		2.9150000e+02		4.0318642e+02		1.2658098e+02		4.3265215e+02		2.2155124e+02		2.1409503e+02		7.4562099e+00
2.9200000e+02		2.9300000e+02		2.9250000e+02		3.5818014e+02		1.1260125e+02		3.8500923e+02		1.9720432e+02		1.9017910e+02		7.0252202e+00
2.9300000e+02		2.9400000e+02		2.9350000e+02		3.7393440e+02		1.1782527e+02		4.0302147e+02		2.0648447e+02		1.9870962e+02		7.7748502e+00
2.9400000e+02		2.9500000e+02		2.9450000e+02		3.4819581e+02		1.0988002e+02		3.7599150e+02		1.9268812e+02		1.8502567e+02		7.6624557e+00
2.9500000e+02		2.9600000e+02		2.9550000e+02		3.7701055e+02		1.1923803e+02		4.0817693e+02		2.0924117e+02		2.0046510e+02		8.7760695e+00
2.9600000e+02		2.9700000e+02		2.9650000e+02		3.4493460e+02		1.0920370e+02		3.7398492e+02		1.9176902e+02		1.8329093e+02		8.4780900e+00
2.9700000e+02		2.9800000e+02		2.9750000e+02		3.5165811e+02		1.1156616e+02		3.8224003e+02		1.9606063e+02		1.8693695e+02		9.1236804e+00
2.9800000e+02		2.9900000e+02		2.9850000e+02		3.0223333e+02		9.5974778e+01		3.2897013e+02		1.6878921e+02		1.6052656e+02		8.2626595e+00
2.9900000e+02		3.0000000e+02		2.9950000e+02		3.4101318e+02		1.0852046e+02		3.7214325e+02		1.9100143e+02		1.8117919e+02		9.8222426e+00
3.0000000e+02		3.0100000e+02		3.0050000e+02		2.7131061e+02		8.6420483e+01		2.9649897e+02		1.5222718e+02		1.4400818e+02		8.2190007e+00
3.0100000e+02		3.0200000e+02		3.0150000e+02		3.1202593e+02		9.9616277e+01		3.4193834e+02		1.7561582e+02		1.6567433e+02		9.9414868e+00
3.0200000e+02		3.0300000e+02		3.0250000e+02		3.2846528e+02		1.0492017e+02		3.6032774e+02		1.8512491e+02		1.7414098e+02		1.0983932e+01
3.0300000e+02		3.0400000e+02		3.0350000e+02		4.2601061e+02		1.3638335e+02		4.6862255e+02		2.4084957e+02		2.2589326e+02		1.4956315e+01
3.0400000e+02		3.0500000e+02		3.0450000e+02		4.0776836e+02		1.3060557e+02		4.4901101e+02		2.3085534e+02		2.1585644e+02		1.4998902e+01
3.0500000e+02		3.0600000e+02		3.0550000e+02		4.1174793e+02		1.3216097e+02		4.5460453e+02		2.3381971e+02		2.1794689e+02		1.5872812e+01
3.0600000e+02		3.0700000e+02		3.0650000e+02		3.9053943e+02		1.2540816e+02		4.3162027e+02		2.2208460e+02		2.0633752e+02		1.5747076e+01
3.0700000e+02		3.0800000e+02		3.0750000e+02		4.3847484e+02		1.4107145e+02		4.8580575e+02		2.5006485e+02		2.3156802e+02		1.8496832e+01
3.0800000e+02		3.0900000e+02		3.0850000e+02		4.3035211e+02		1.3856579e+02		4.7745867e+02		2.4586913e+02		2.2690611e+02		1.8963019e+01
3.0900000e+02		3.1000000e+02		3.0950000e+02		3.4901328e+02		1.1255089e+02		3.8805074e+02		1.9991217e+02		1.8385151e+02		1.6060661e+01
3.1000000e+02		3.1100000e+02		3.1050000e+02		4.3927411e+02		1.4179927e+02		4.8919340e+02		2.5212650e+02		2.3104021e+02		2.1086294e+01
3.1100000e+02		3.1200000e+02		3.1150000e+02		5.2246540e+02		1.6887646e+02		5.8297144e+02		3.0059153e+02		2.7444310e+02		2.6148431e+01
3.1200000e+02		3.1300000e+02		3.1250000e+02		4.6521908e+02		1.5055196e+02		5.2004635e+02		2.6826723e+02		2.4401097e+02		2.4256257e+01
3.1300000e+02		3.1400000e+02		3.1350000e+02		4.9544367e+02		1.6050001e+02		5.5477118e+02		2.8631237e+02		2.5942277e+02		2.6889599e+01
3.1400000e+02		3.1500000e+02		3.1450000e+02		4.6729179e+02		1.5157544e+02		5.2427055e+02		2.7069899e+02		2.4431230e+02		2.6386692e+01
3.1500000e+02		3.1600000e+02		3.1550000e+02		4.5343123e+02		1.4722721e+02		5.0957543e+02		2.6323837e+02		2.3662303e+02		2.6615340e+01
3.1600000e+02		3.1700000e+02		3.1650000e+02		4.4229406e+02		1.4378308e+02		4.9799671e+02		2.5738367e+02		2.3041043e+02		2.6973235e+01
3.1700000e+02		3.1800000e+02		3.1750000e+02		5.6102832e+02		1.8257345e+02		6.3279054e+02		3.2721463e+02		2.9169410e+02		3.5520533e+01
3.1800000e+02		3.1900000e+02		3.1850000e+02		4.6340678e+02		1.5097592e+02		5.2364672e+02		2.7091535e+02		2.4047248e+02		3.0442875e+01
3.1900000e+02		3.2000000e+02		3.1950000e+02		4.9774832e+02		1.6234107e+02		5.6347196e+02		2.9167170e+02		2.5776565e+02		3.3906050e+01
3.2000000e+02		3.2100000e+02		3.2050000e+02		5.7184857e+02		1.8671185e+02		6.4853530e+02		3.3588187e+02		2.9551463e+02		4.0367239e+01
3.2100000e+02		3.2200000e+02		3.2150000e+02		4.8024660e+02		1.5697524e+02		5.4565143e+02		2.8275048e+02		2.4763967e+02		3.5110812e+01
3.2200000e+02		3.2300000e+02		3.2250000e+02		4.8228681e+02		1.5780473e+02		5.4894782e+02		2.8461537e+02		2.4812048e+02		3.6494886e+01
3.2300000e+02		3.2400000e+02		3.2350000e+02		4.6607071e+02		1.5266834e+02		5.3148516e+02		2.7571578e+02		2.3923091e+02		3.6484873e+01
3.2400000e+02		3.2500000e+02		3.2450000e+02		5.4882129e+02		1.7996155e+02		6.2698526e+02		3.2544306e+02		2.8102517e+02		4.4417897e+01
3.2500000e+02		3.2600000e+02		3.2550000e+02		6.3196128e+02		2.0743910e+02		7.2328209e+02		3.7564402e+02		3.2279402e+02		5.2850007e+01
3.2600000e+02		3.2700000e+02		3.2650000e+02		7.1301257e+02		2.3429489e+02		8.1756691e+02		4.2486110e+02		3.6327819e+02		6.1582909e+01
3.2700000e+02		3.2800000e+02		3.2750000e+02		6.8984049e+02		2.2691411e+02		7.9244528e+02		4.1205158e+02		3.5055155e+02		6.1500034e+01
3.2800000e+02		3.2900000e+02		3.2850000e+02		6.6596082e+02		2.1928616e+02		7.6642554e+02		3.9876274e+02		3.3751113e+02		6.1251608e+01
3.2900000e+02		3.3000000e+02		3.2950000e+02		7.7527139e+02		2.5554904e+02		8.9389713e+02		4.6536960e+02		3.9184141e+02		7.3528191e+01
3.3000000e+02		3.3100000e+02		3.3050000e+02		7.3029799e+02		2.4097175e+02		8.4360168e+02		4.3945789e+02		3.6807328e+02		7.1384610e+01
3.3100000e+02		3.3200000e+02		3.3150000e+02		6.9881652e+02		2.3082126e+02		8.0873910e+02		4.2156159e+02		3.5119567e+02		7.0365922e+01
3.3200000e+02		3.3300000e+02		3.3250000e+02		6.8562051e+02		2.2669910e+02		7.9496309e+02		4.1464424e+02		3.4355925e+02		7.1084989e+01
3.3300000e+02		3.3400000e+02		3.3350000e+02		6.5878216e+02		2.1804781e+02		7.6527321e+02		3.9941511e+02		3.2912100e+02		7.0294112e+01
3.3400000e+02		3.3500000e+02		3.3450000e+02		6.9405546e+02		2.2995918e+02		8.0776697e+02		4.2186794e+02		3.4568487e+02		7.6183063e+01
3.3500000e+02		3.3600000e+02		3.3550000e+02		6.8541663e+02		2.2733185e+02		7.9922489e+02		4.1768118e+02		3.4032171e+02		7.7359475e+01
3.3600000e+02		3.3700000e+02		3.3650000e+02		5.6469084e+02		1.8748216e+02		6.5969738e+02		3.4499206e+02		2.7948806e+02		6.5504003e+01
3.3700000e+02		3.3800000e+02		3.3750000e+02		5.9573781e+02		1.9799153e+02		6.9728461e+02		3.6489314e+02		2.9389912e+02		7.0994020e+01
3.3800000e+02		3.3900000e+02		3.3850000e+02		6.4448401e+02		2.1441281e+02		7.5577981e+02		3.9577188e+02		3.1690237e+02		7.8869511e+01
3.3900000e+02		3.4000000e+02		3.3950000e+02		6.7448220e+02		2.2462231e+02		7.9246642e+02		4.1526679e+02		3.3054126e+02		8.4725530e+01
3.4000000e+02		3.4100000e+02		3.4050000e+02		7.1196374e+02		2.3734613e+02		8.3809984e+02		4.3948224e+02		3.4771878e+02		9.1763458e+01
3.4100000e+02		3.4200000e+02		3.4150000e+02		6.4984945e+02		2.1686088e+02		7.6644772e+02		4.0218865e+02		3.1628305e+02		8.5905596e+01
3.4200000e+02		3.4300000e+02		3.4250000e+02		7.0477558e+02		2.3542960e+02		8.3282175e+02		4.3732407e+02		3.4180640e+02		9.5517678e+01
3.4300000e+02		3.4400000e+02		3.4350000e+02		6.9264465e+02		2.3161209e+02		8.2005642e+02		4.3092469e+02		3.3471931e+02		9.6205381e+01
3.4400000e+02		3.4500000e+02		3.4450000e+02		5.5710877e+02		1.8647943e+02		6.6085577e+02		3.4751441e+02		2.6824225e+02		7.9272155e+01
3.4500000e+02		3.4600000e+02		3.4550000e+02		6.7138909e+02		2.2496036e+02		7.9795168e+02		4.1990714e+02		3.2207389e+02		9.7833248e+01
3.4600000e+02		3.4700000e+02		3.4650000e+02		6.5194093e+02		2.1866513e+02		7.7633017e+02		4.0882329e+02		3.1157253e+02		9.7250758e+01
3.4700000e+02		3.4800000e+02		3.4750000e+02		6.4525828e+02		2.1664244e+02		7.6985365e+02		4.0570625e+02		3.0720649e+02		9.8499761e+01
3.4800000e+02		3.4900000e+02		3.4850000e+02		6.6761091e+02		2.2437359e+02		7.9805964e+02		4.2087681e+02		3.1662357e+02		1.0425325e+02
3.4900000e+02		3.5000000e+02		3.4950000e+02		6.3989005e+02		2.1527364e+02		7.6639841e+02		4.0447534e+02		3.0229064e+02		1.0218469e+02
3.5000000e+02		3.5100000e+02		3.5050000e+02		7.6650484e+02		2.5812913e+02		9.1981810e+02		4.8580140e+02		3.6067101e+02		1.2513039e+02
3.5100000e+02		3.5200000e+02		3.5150000e+02		7.1211510e+02		2.4005346e+02		8.5619959e+02		4.5253551e+02		3.3373429e+02		1.1880122e+02
3.5200000e+02		3.5300000e+02		3.5250000e+02		6.5785102e+02		2.2198341e+02		7.9248404e+02		4.1917019e+02		3.0705108e+02		1.1211911e+02
3.5300000e+02		3.5400000e+02		3.5350000e+02		7.5263834e+02		2.5422230e+02		9.0842132e+02		4.8085117e+02		3.4984838e+02		1.3100280e+02
3.5400000e+02		3.5500000e+02		3.5450000e+02		8.0329241e+02		2.7160297e+02		9.7143220e+02		5.1458906e+02		3.7183995e+02		1.4274910e+02
3.5500000e+02		3.5600000e+02		3.5550000e+02		7.5433512e+02		2.5530410e+02		9.1398825e+02		4.8452305e+02		3.4770756e+02		1.3681550e+02
3.5600000e+02		3.5700000e+02		3.5650000e+02		6.5576441e+02		2.2216363e+02		7.9608794e+02		4.2233947e+02		3.0098433e+02		1.2135514e+02
3.5700000e+02		3.5800000e+02		3.5750000e+02		5.7307986e+02		1.9434392e+02		6.9705113e+02		3.7007774e+02		2.6190063e+02		1.0817711e+02
3.5800000e+02		3.5900000e+02		3.5850000e+02		4.9194729e+02		1.6699527e+02		5.9952002e+02		3.1853748e+02		2.2384367e+02		9.4693812e+01
3.5900000e+02		3.6000000e+02		3.5950000e+02		7.1030971e+02		2.4135825e+02		8.6729661e+02		4.6116227e+02		3.2177962e+02		1.3938265e+02
3.6000000e+02		3.6100000e+02		3.6050000e+02		7.0092701e+02		2.3840481e+02		8.5748505e+02		4.5629172e+02		3.1611721e+02		1.4017452e+02
3.6100000e+02		3.6200000e+02		3.6150000e+02		6.5110481e+02		2.2167669e+02		7.9806372e+02		4.2499526e+02		2.9232851e+02		1.3266675e+02
3.6200000e+02		3.6300000e+02		3.6250000e+02		7.3500056e+02		2.5048544e+02		9.0262203e+02		4.8104246e+02		3.2849839e+02		1.5254407e+02
3.6300000e+02		3.6400000e+02		3.6350000e+02		7.1558904e+02		2.4410858e+02		8.8046515e+02		4.6959236e+02		3.1835765e+02		1.5123470e+02
3.6400000e+02		3.6500000e+02		3.6450000e+02		7.4837927e+02		2.5554335e+02		9.2256958e+02		4.9242452e+02		3.3140613e+02		1.6101839e+02
3.6500000e+02		3.6600000e+02		3.6550000e+02		8.5179486e+02		2.9113889e+02		1.0520583e+03		5.6196889e+02		3.7544157e+02		1.8652732e+02
3.6600000e+02		3.6700000e+02		3.6650000e+02		9.1042532e+02		3.1148038e+02		1.1266133e+03		6.0225366e+02		3.9939423e+02		2.0285943e+02
3.6700000e+02		3.6800000e+02		3.6750000e+02		8.7909512e+02		3.0105249e+02		1.0899097e+03		5.8307881e+02		3.8381803e+02		1.9926079e+02
3.6800000e+02		3.6900000e+02		3.6850000e+02		8.1047729e+02		2.7782152e+02		1.0067408e+03		5.3899733e+02		3.5216357e+02		1.8683376e+02
3.6900000e+02		3.7000000e+02		3.6950000e+02		8.9967825e+02		3.0869499e+02		1.1196549e+03		5.9990888e+02		3.8903367e+02		2.1087521e+02
3.7000000e+02		3.7100000e+02		3.7050000e+02		8.4427990e+02		2.8996446e+02		1.0526924e+03		5.6446187e+02		3.6330001e+02		2.0116186e+02
3.7100000e+02		3.7200000e+02		3.7150000e+02		8.7164560e+02		2.9964928e+02		1.0888581e+03		5.8430041e+02		3.7323396e+02		2.1106645e+02
3.7200000e+02		3.7300000e+02		3.7250000e+02		7.2411383e+02		2.4916877e+02		9.0625848e+02		4.8668567e+02		3.0852711e+02		1.7815856e+02
3.7300000e+02		3.7400000e+02		3.7350000e+02		6.3155746e+02		2.1752624e+02		7.9189873e+02		4.2559581e+02		2.6774909e+02		1.5784672e+02
3.7400000e+02		3.7500000e+02		3.7450000e+02		6.4642322e+02		2.2285702e+02		8.1205012e+02		4.3675850e+02		2.7267441e+02		1.6408409e+02
3.7500000e+02		3.7600000e+02		3.7550000e+02		7.4036161e+02		2.5548320e+02		9.3178634e+02		5.0153962e+02		3.1071878e+02		1.9082083e+02
3.7600000e+02		3.7700000e+02		3.7650000e+02		7.6758018e+02		2.6512463e+02		9.6783300e+02		5.2133777e+02		3.2049998e+02		2.0083779e+02
3.7700000e+02		3.7800000e+02		3.7750000e+02		9.0048278e+02		3.1132072e+02		1.1375057e+03		6.1319926e+02		3.7406292e+02		2.3913634e+02
3.7800000e+02		3.7900000e+02		3.7850000e+02		9.3786543e+02		3.2454719e+02		1.1869089e+03		6.4031560e+02		3.8757825e+02		2.5273736e+02
3.7900000e+02		3.8000000e+02		3.7950000e+02		7.6051322e+02		2.6341915e+02		9.6422769e+02		5.2057613e+02		3.1265134e+02		2.0792480e+02
3.8000000e+02		3.8100000e+02		3.8050000e+02		8.2814537e+02		2.8711034e+02		1.0518952e+03		5.6833494e+02		3.3867250e+02		2.2966244e+02
3.8100000e+02		3.8200000e+02		3.8150000e+02		7.4366886e+02		2.5806073e+02		9.4631472e+02		5.1167465e+02		3.0252286e+02		2.0915179e+02
3.8200000e+02		3.8300000e+02		3.8250000e+02		5.3336093e+02		1.8525160e+02		6.7993007e+02		3.6791554e+02		2.1581951e+02		1.5209603e+02
3.8300000e+02		3.8400000e+02		3.8350000e+02		4.7073026e+02		1.6364759e+02		6.0117242e+02		3.2554245e+02		1.8946036e+02		1.3608209e+02
3.8400000e+02		3.8500000e+02		3.8450000e+02		6.2969557e+02		2.1911061e+02		8.0563528e+02		4.3658700e+02		2.5208091e+02		1.8450609e+02
3.8500000e+02		3.8600000e+02		3.8550000e+02		6.6694888e+02		2.3228381e+02		8.5482671e+02		4.6358906e+02		2.6555309e+02		1.9803596e+02
3.8600000e+02		3.8700000e+02		3.8650000e+02		6.6977732e+02		2.3347947e+02		8.5998395e+02		4.6673156e+02		2.6523164e+02		2.0149993e+02
3.8700000e+02		3.8800000e+02		3.8750000e+02		6.6902499e+02		2.3342681e+02		8.6054438e+02		4.6738069e+02		2.6348758e+02		2.0389311e+02
3.8800000e+02		3.8900000e+02		3.8850000e+02		6.7841027e+02		2.3691316e+02		8.7416003e+02		4.7512511e+02		2.6571752e+02		2.0940759e+02
3.8900000e+02		3.9000000e+02		3.8950000e+02		8.1451188e+02		2.8469564e+02		1.0513809e+03		5.7186764e+02		3.1726522e+02		2.5460242e+02
3.9000000e+02		3.9100000e+02		3.9050000e+02		8.5560997e+02		2.9932586e+02		1.1063672e+03		6.0221551e+02		3.3142545e+02		2.7079006e+02
3.9100000e+02		3.9200000e+02		3.9150000e+02		9.2006232e+02		3.2215793e+02		1.1917850e+03		6.4918208e+02		3.5440510e+02		2.9477698e+02
3.9200000e+02		3.9300000e+02		3.9250000e+02		7.0614281e+02		2.4747167e+02		9.1627705e+02		4.9947083e+02		2.7048048e+02		2.2899035e+02
3.9300000e+02		3.9400000e+02		3.9350000e+02		4.3291589e+02		1.5185043e+02		5.6271404e+02		3.0696191e+02		1.6489056e+02		1.4207135e+02
3.9400000e+02		3.9500000e+02		3.9450000e+02		7.1565803e+02		2.5124403e+02		9.3182862e+02		5.0868024e+02		2.7104107e+02		2.3763917e+02
3.9500000e+02		3.9600000e+02		3.9550000e+02		8.7888136e+02		3.0881355e+02		1.1463132e+03		6.2621412e+02		3.3096781e+02		2.9524631e+02
3.9600000e+02		3.9700000e+02		3.9650000e+02		6.0712893e+02		2.1338634e+02		7.9277632e+02		4.3338630e+02		2.2717627e+02		2.0621003e+02
3.9700000e+02		3.9800000e+02		3.9750000e+02		6.8053003e+02		2.3933524e+02		8.8993523e+02		4.8684314e+02		2.5311694e+02		2.3372620e+02
3.9800000e+02		3.9900000e+02		3.9850000e+02		1.0480559e+03		3.6866517e+02		1.3720142e+03		7.5108777e+02		3.8728534e+02		3.6380243e+02
3.9900000e+02		4.0000000e+02		3.9950000e+02		1.1577145e+03		4.0729808e+02		1.5170954e+03		8.3108296e+02		4.2499449e+02		4.0608846e+02
4.0000000e+02		4.0100000e+02		4.0050000e+02		1.1939713e+03		4.2110592e+02		1.5696887e+03		8.6052073e+02		4.3658205e+02		4.2393868e+02
4.0100000e+02		4.0200000e+02		4.0150000e+02		1.2509583e+03		4.4179918e+02		1.6481289e+03		9.0415927e+02		4.5501664e+02		4.4914263e+02
4.0200000e+02		4.0300000e+02		4.0250000e+02		1.2664199e+03		4.4763338e+02		1.6712508e+03		9.1747837e+02		4.5794618e+02		4.5953219e+02
4.0300000e+02		4.0400000e+02		4.0350000e+02		1.2115903e+03		4.2860898e+02		1.6015160e+03		8.7980082e+02		4.3554703e+02		4.4425379e+02
4.0400000e+02		4.0500000e+02		4.0450000e+02		1.1914959e+03		4.2184881e+02		1.5775228e+03		8.6721345e+02		4.2579921e+02		4.4141424e+02
4.0500000e+02		4.0600000e+02		4.0550000e+02		1.1904731e+03		4.2183315e+02		1.5787241e+03		8.6846495e+02		4.2291742e+02		4.4554753e+02
4.0600000e+02		4.0700000e+02		4.0650000e+02		1.1388815e+03		4.0388204e+02		1.5127414e+03		8.3273118e+02		4.0218796e+02		4.3054322e+02
4.0700000e+02		4.0800000e+02		4.0750000e+02		1.1575323e+03		4.1082989e+02		1.5399787e+03		8.4829574e+02		4.0633967e+02		4.4195607e+02
4.0800000e+02		4.0900000e+02		4.0850000e+02		1.2307397e+03		4.3716568e+02		1.6399822e+03		9.0398768e+02		4.2945643e+02		4.7453125e+02
4.0900000e+02		4.1000000e+02		4.0950000e+02		1.2243097e+03		4.3523128e+02		1.6339978e+03		9.0128878e+02		4.2465125e+02		4.7663753e+02
4.1000000e+02		4.1100000e+02		4.1050000e+02		1.1216634e+03		3.9906013e+02		1.4993598e+03		8.2757201e+02		3.8670827e+02		4.4086374e+02
4.1100000e+02		4.1200000e+02		4.1150000e+02		1.3003372e+03		4.6299550e+02		1.7409180e+03		9.6153253e+02		4.4560337e+02		5.1592916e+02
4.1200000e+02		4.1300000e+02		4.1250000e+02		1.2760342e+03		4.5470119e+02		1.7110374e+03		9.4564735e+02		4.3462861e+02		5.1101874e+02
4.1300000e+02		4.1400000e+02		4.1350000e+02		1.2308584e+03		4.3894779e+02		1.6530120e+03		9.1417221e+02		4.1669637e+02		4.9747584e+02
4.1400000e+02		4.1500000e+02		4.1450000e+02		1.2488872e+03		4.4572498e+02		1.6798003e+03		9.2958748e+02		4.2022583e+02		5.0936165e+02
4.1500000e+02		4.1600000e+02		4.1550000e+02		1.2477523e+03		4.4566560e+02		1.6808354e+03		9.3075770e+02		4.1728068e+02		5.1347702e+02
4.1600000e+02		4.1700000e+02		4.1650000e+02		1.2947363e+03		4.6280023e+02		1.7467592e+03		9.6788002e+02		4.3033852e+02		5.3754149e+02
4.1700000e+02		4.1800000e+02		4.1750000e+02		1.1781342e+03		4.2143458e+02		1.5918098e+03		8.8258149e+02		3.8916891e+02		4.9341258e+02
4.1800000e+02		4.1900000e+02		4.1850000e+02		1.2217101e+03		4.3723967e+02		1.6527435e+03		9.1693843e+02		4.0095660e+02		5.1598183e+02
4.1900000e+02		4.2000000e+02		4.1950000e+02		1.2338424e+03		4.4203978e+02		1.6720820e+03		9.2825386e+02		4.0256964e+02		5.2568422e+02
4.2000000e+02		4.2100000e+02		4.2050000e+02		1.2494927e+03		4.4799082e+02		1.6958189e+03		9.4201726e+02		4.0516141e+02		5.3685585e+02
4.2100000e+02		4.2200000e+02		4.2150000e+02		1.2299982e+03		4.4133130e+02		1.6718119e+03		9.2925534e+02		3.9636688e+02		5.3288846e+02
4.2200000e+02		4.2300000e+02		4.2250000e+02		1.1657134e+03		4.1857655e+02		1.5867470e+03		8.8251451e+02		3.7331613e+02		5.0919838e+02
4.2300000e+02		4.2400000e+02		4.2350000e+02		1.2419943e+03		4.4629654e+02		1.6930285e+03		9.4220009e+02		3.9526686e+02		5.4693322e+02
4.2400000e+02		4.2500000e+02		4.2450000e+02		1.2850442e+03		4.6210512e+02		1.7542331e+03		9.7685270e+02		4.0641393e+02		5.7043877e+02
4.2500000e+02		4.2600000e+02		4.2550000e+02		1.2367256e+03		4.4505414e+02		1.6906860e+03		9.4203245e+02		3.8868486e+02		5.5334759e+02
4.2600000e+02		4.2700000e+02		4.2650000e+02		1.2316584e+03		4.4355200e+02		1.6861494e+03		9.4006590e+02		3.8466483e+02		5.5540106e+02
4.2700000e+02		4.2800000e+02		4.2750000e+02		1.1420512e+03		4.1157843e+02		1.5656812e+03		8.7342000e+02		3.5443782e+02		5.1898217e+02
4.2800000e+02		4.2900000e+02		4.2850000e+02		1.1495483e+03		4.1457681e+02		1.5781664e+03		8.8090349e+02		3.5451812e+02		5.2638537e+02
4.2900000e+02		4.3000000e+02		4.2950000e+02		1.0698649e+03		3.8611391e+02		1.4708152e+03		8.2146226e+02		3.2786231e+02		4.9359995e+02
4.3000000e+02		4.3100000e+02		4.3050000e+02		8.6065012e+02		3.1082780e+02		1.1848278e+03		6.6212028e+02		2.6208083e+02		4.0003946e+02
4.3100000e+02		4.3200000e+02		4.3150000e+02		1.0641754e+03		3.8460163e+02		1.4670235e+03		8.2029315e+02		3.2200511e+02		4.9828803e+02
4.3200000e+02		4.3300000e+02		4.3250000e+02		1.1990384e+03		4.3364433e+02		1.6551907e+03		9.2603758e+02		3.6051106e+02		5.6552652e+02
4.3300000e+02		4.3400000e+02		4.3350000e+02		1.3017454e+03		4.7111542e+02		1.7994009e+03		1.0072918e+03		3.8890421e+02		6.1838757e+02
4.3400000e+02		4.3500000e+02		4.3450000e+02		1.1054356e+03		4.0034408e+02		1.5300940e+03		8.5701906e+02		3.2815304e+02		5.2886602e+02
4.3500000e+02		4.3600000e+02		4.3550000e+02		1.2347447e+03		4.4748021e+02		1.7113566e+03		9.5908274e+02		3.6420169e+02		5.9488105e+02
4.3600000e+02		4.3700000e+02		4.3650000e+02		1.3814970e+03		5.0100413e+02		1.9172901e+03		1.0750900e+03		4.0488537e+02		6.7020458e+02
4.3700000e+02		4.3800000e+02		4.3750000e+02		1.2223713e+03		4.4359559e+02		1.6986795e+03		9.5303330e+02		3.5595755e+02		5.9707575e+02
4.3800000e+02		4.3900000e+02		4.3850000e+02		1.1905029e+03		4.3231992e+02		1.6565520e+03		9.2990711e+02		3.4445639e+02		5.8545073e+02
4.3900000e+02		4.4000000e+02		4.3950000e+02		1.3250738e+03		4.8149884e+02		1.8461586e+03		1.0369060e+03		3.8092429e+02		6.5598172e+02
4.4000000e+02		4.4100000e+02		4.4050000e+02		1.2562739e+03		4.5675335e+02		1.7523843e+03		9.8476562e+02		3.5878247e+02		6.2598316e+02
4.4100000e+02		4.4200000e+02		4.4150000e+02		1.3817384e+03		5.0175820e+02		1.9264443e+03		1.0831054e+03		3.9121193e+02		6.9189348e+02
4.4200000e+02		4.4300000e+02		4.4250000e+02		1.4526378e+03		5.2741427e+02		2.0262871e+03		1.1398198e+03		4.0824016e+02		7.3157967e+02
4.4300000e+02		4.4400000e+02		4.4350000e+02		1.4050936e+03		5.1042561e+02		1.9622280e+03		1.1043639e+03		3.9227916e+02		7.1208475e+02
4.4400000e+02		4.4500000e+02		4.4450000e+02		1.4475318e+03		5.2481133e+02		2.0190475e+03		1.1368549e+03		4.0028568e+02		7.3656921e+02
4.4500000e+02		4.4600000e+02		4.4550000e+02		1.3420773e+03		4.8694282e+02		1.8744758e+03		1.0560021e+03		3.6877122e+02		6.8723083e+02
4.4600000e+02		4.4700000e+02		4.4650000e+02		1.3689269e+03		4.9873782e+02		1.9206509e+03		1.0826778e+03		3.7525534e+02		7.0742246e+02
4.4700000e+02		4.4800000e+02		4.4750000e+02		1.4837056e+03		5.4133010e+02		2.0858146e+03		1.1764088e+03		4.0446632e+02		7.7194251e+02
4.4800000e+02		4.4900000e+02		4.4850000e+02		1.4587166e+03		5.3294876e+02		2.0546387e+03		1.1594382e+03		3.9542761e+02		7.6401061e+02
4.4900000e+02		4.5000000e+02		4.4950000e+02		1.4737837e+03		5.3895621e+02		2.0789723e+03		1.1737710e+03		3.9706398e+02		7.7670706e+02
4.5000000e+02		4.5100000e+02		4.5050000e+02		1.5636828e+03		5.7221547e+02		2.2085352e+03		1.2475463e+03		4.1857250e+02		8.2897379e+02
4.5100000e+02		4.5200000e+02		4.5150000e+02		1.5589734e+03		5.7084097e+02		2.2044929e+03		1.2458804e+03		4.1459598e+02		8.3128437e+02
4.5200000e+02		4.5300000e+02		4.5250000e+02		1.4757889e+03		5.4070987e+02		2.0893189e+03		1.1813701e+03		3.8991707e+02		7.9145299e+02
4.5300000e+02		4.5400000e+02		4.5350000e+02		1.4141855e+03		5.1845156e+02		2.0044420e+03		1.1339311e+03		3.7120470e+02		7.6272635e+02
4.5400000e+02		4.5500000e+02		4.5450000e+02		1.5096596e+03		5.5378436e+02		2.1422438e+03		1.2124736e+03		3.9367944e+02		8.1879420e+02
4.5500000e+02		4.5600000e+02		4.5550000e+02		1.4952815e+03		5.4883597e+02		2.1242799e+03		1.2028839e+03		3.8738330e+02		8.1550063e+02
4.5600000e+02		4.5700000e+02		4.5650000e+02		1.5527317e+03		5.7025895e+02		2.2084130e+03		1.2511207e+03		3.9963750e+02		8.5148319e+02
4.5700000e+02		4.5800000e+02		4.5750000e+02		1.5677329e+03		5.7610543e+02		2.2322726e+03		1.2652357e+03		4.0085890e+02		8.6437679e+02
4.5800000e+02		4.5900000e+02		4.5850000e+02		1.4734199e+03		5.4176232e+02		2.1003381e+03		1.1910145e+03		3.7427736e+02		8.1673716e+02
4.5900000e+02		4.6000000e+02		4.5950000e+02		1.5222067e+03		5.6002371e+02		2.1723014e+03		1.2323950e+03		3.8413707e+02		8.4825796e+02
4.6000000e+02		4.6100000e+02		4.6050000e+02		1.5039223e+03		5.5361377e+02		2.1485819e+03		1.2195010e+03		3.7703498e+02		8.4246599e+02
4.6100000e+02		4.6200000e+02		4.6150000e+02		1.5386000e+03		5.6670119e+02		2.2005366e+03		1.2495614e+03		3.8319862e+02		8.6636282e+02
4.6200000e+02		4.6300000e+02		4.6250000e+02		1.5538294e+03		5.7263367e+02		2.2247383e+03		1.2638779e+03		3.8445168e+02		8.7942623e+02
4.6300000e+02		4.6400000e+02		4.6350000e+02		1.5018384e+03		5.5378367e+02		2.1526228e+03		1.2234598e+03		3.6914768e+02		8.5431211e+02
4.6400000e+02		4.6500000e+02		4.6450000e+02		1.5281564e+03		5.6380168e+02		2.1926940e+03		1.2467914e+03		3.7314842e+02		8.7364303e+02
4.6500000e+02		4.6600000e+02		4.6550000e+02		1.4760608e+03		5.4488224e+02		2.1201977e+03		1.2061035e+03		3.5805796e+02		8.4804557e+02
4.6600000e+02		4.6700000e+02		4.6650000e+02		1.4854121e+03		5.4863487e+02		2.1358824e+03		1.2155601e+03		3.5795628e+02		8.5760378e+02
4.6700000e+02		4.6800000e+02		4.6750000e+02		1.4997486e+03		5.5388471e+02		2.1574830e+03		1.2283641e+03		3.5876403e+02		8.6960004e+02
4.6800000e+02		4.6900000e+02		4.6850000e+02		1.4665907e+03		5.4202591e+02		2.1123229e+03		1.2031788e+03		3.4859501e+02		8.5458377e+02
4.6900000e+02		4.7000000e+02		4.6950000e+02		1.5086728e+03		5.5762995e+02		2.1742642e+03		1.2389739e+03		3.5604619e+02		8.8292768e+02
4.7000000e+02		4.7100000e+02		4.7050000e+02		1.4256243e+03		5.2706276e+02		2.0561219e+03		1.1721394e+03		3.3411470e+02		8.3802465e+02
4.7100000e+02		4.7200000e+02		4.7150000e+02		1.4904926e+03		5.5114875e+02		2.1511724e+03		1.2268285e+03		3.4687347e+02		8.7995505e+02
4.7200000e+02		4.7300000e+02		4.7250000e+02		1.5269264e+03		5.6492805e+02		2.2060157e+03		1.2586330e+03		3.5301741e+02		9.0561554e+02
4.7300000e+02		4.7400000e+02		4.7350000e+02		1.4995420e+03		5.5458924e+02		2.1667923e+03		1.2367302e+03		3.4403021e+02		8.9270002e+02
4.7400000e+02		4.7500000e+02		4.7450000e+02		1.5448084e+03		5.7239069e+02		2.2372304e+03		1.2775159e+03		3.5264271e+02		9.2487318e+02
4.7500000e+02		4.7600000e+02		4.7550000e+02		1.5413846e+03		5.7193011e+02		2.2363650e+03		1.2775813e+03		3.4991790e+02		9.2766339e+02
4.7600000e+02		4.7700000e+02		4.7650000e+02		1.4853490e+03		5.5150503e+02		2.1574854e+03		1.2330247e+03		3.3503453e+02		8.9799020e+02
4.7700000e+02		4.7800000e+02		4.7750000e+02		1.5508368e+03		5.7611106e+02		2.2547871e+03		1.2891510e+03		3.4749658e+02		9.4165440e+02
4.7800000e+02		4.7900000e+02		4.7850000e+02		1.5358791e+03		5.7084018e+02		2.2351833e+03		1.2784515e+03		3.4187254e+02		9.3657892e+02
4.7900000e+02		4.8000000e+02		4.7950000e+02		1.5403519e+03		5.7278706e+02		2.2438272e+03		1.2839023e+03		3.4060368e+02		9.4329858e+02
4.8000000e+02		4.8100000e+02		4.8050000e+02		1.5442750e+03		5.7452908e+02		2.2516672e+03		1.2888927e+03		3.3921555e+02		9.4967719e+02
4.8100000e+02		4.8200000e+02		4.8150000e+02		1.5475498e+03		5.7602927e+02		2.2585570e+03		1.2933387e+03		3.3768912e+02		9.5564956e+02
4.8200000e+02		4.8300000e+02		4.8250000e+02		1.5416562e+03		5.7411439e+02		2.2520480e+03		1.2901080e+03		3.3418052e+02		9.5592744e+02
4.8300000e+02		4.8400000e+02		4.8350000e+02		1.5183412e+03		5.6557191e+02		2.2195457e+03		1.2719639e+03		3.2685944e+02		9.4510446e+02
4.8400000e+02		4.8500000e+02		4.8450000e+02		1.4920771e+03		5.5579470e+02		2.1821877e+03		1.2510080e+03		3.1890286e+02		9.3210514e+02
4.8500000e+02		4.8600000e+02		4.8550000e+02		1.4021236e+03		5.2201604e+02		2.0505713e+03		1.1759548e+03		2.9733935e+02		8.7861545e+02
4.8600000e+02		4.8700000e+02		4.8650000e+02		1.2173217e+03		4.5385772e+02		1.7834988e+03		1.0232100e+03		2.5673777e+02		7.6647226e+02
4.8700000e+02		4.8800000e+02		4.8750000e+02		1.3927585e+03		5.1913634e+02		2.0409750e+03		1.1713288e+03		2.9154369e+02		8.7978515e+02
4.8800000e+02		4.8900000e+02		4.8850000e+02		1.4651201e+03		5.4637959e+02		2.1489838e+03		1.2337686e+03		3.0467617e+02		9.2909238e+02
4.8900000e+02		4.9000000e+02		4.8950000e+02		1.4372192e+03		5.3629369e+02		2.1101804e+03		1.2119364e+03		2.9694738e+02		9.1498906e+02
4.9000000e+02		4.9100000e+02		4.9050000e+02		1.5307557e+03		5.7171204e+02		2.2504169e+03		1.2929642e+03		3.1435269e+02		9.7861152e+02
4.9100000e+02		4.9200000e+02		4.9150000e+02		1.4425606e+03		5.3896858e+02		2.1224137e+03		1.2198520e+03		2.9425182e+02		9.2560018e+02
4.9200000e+02		4.9300000e+02		4.9250000e+02		1.3729411e+03		5.1357738e+02		2.0231596e+03		1.1632497e+03		2.7845648e+02		8.8479318e+02
4.9300000e+02		4.9400000e+02		4.9350000e+02		1.4509629e+03		5.4306914e+02		2.1401884e+03		1.2309747e+03		2.9237842e+02		9.3859626e+02
4.9400000e+02		4.9500000e+02		4.9450000e+02		1.4929449e+03		5.5906839e+02		2.2041147e+03		1.2681879e+03		2.9887620e+02		9.6931170e+02
4.9500000e+02		4.9600000e+02		4.9550000e+02		1.4663156e+03		5.4933792e+02		2.1666139e+03		1.2470414e+03		2.9160688e+02		9.5543449e+02
4.9600000e+02		4.9700000e+02		4.9650000e+02		1.4846220e+03		5.5643890e+02		2.1954859e+03		1.2640920e+03		2.9329815e+02		9.7079381e+02
4.9700000e+02		4.9800000e+02		4.9750000e+02		1.5123203e+03		5.6706564e+02		2.2382897e+03		1.2891746e+03		2.9679793e+02		9.9237667e+02
4.9800000e+02		4.9900000e+02		4.9850000e+02		1.3744029e+03		5.1549403e+02		2.0355366e+03		1.1727841e+03		2.6790114e+02		9.0488296e+02
4.9900000e+02		5.0000000e+02		4.9950000e+02		1.4721832e+03		5.5200651e+02		2.1806451e+03		1.2567745e+03		2.8481799e+02		9.7195654e+02
