Left Bin Edge (nm)	Right Bin Edge (nm)	Bin Center (nm)		Top of Atm Intensity (erg/s/nm/cm2)		Total Surface Flux (erg/s/nm/cm2)		Total Intensity at BOA (erg/s/nm/cm2)		Total Surface Intensity (erg/s/nm/cm2)		Total Surface Diffuse Intensity (erg/s/nm/cm2)		Total Surface Direct Intensity (erg/s/nm/cm2)
1.0000000e+02		1.0100000e+02		1.0050000e+02		4.4569042e-02		2.4525372e-199		0.0000000e+00		4.2479191e-199		4.2479191e-199		0.0000000e+00
1.0100000e+02		1.0200000e+02		1.0150000e+02		1.7387199e-01		2.8780735e-197		0.0000000e+00		4.9849696e-197		4.9849696e-197		0.0000000e+00
1.0200000e+02		1.0300000e+02		1.0250000e+02		9.2286085e-01		3.0760913e-195		0.0000000e+00		5.3279464e-195		5.3279464e-195		0.0000000e+00
1.0300000e+02		1.0400000e+02		1.0350000e+02		7.0094286e-01		3.0025213e-193		0.0000000e+00		5.2005195e-193		5.2005195e-193		0.0000000e+00
1.0400000e+02		1.0500000e+02		1.0450000e+02		1.4124828e-01		2.6834649e-191		0.0000000e+00		4.6478975e-191		4.6478975e-191		0.0000000e+00
1.0500000e+02		1.0600000e+02		1.0550000e+02		4.8389941e-02		2.2015015e-189		0.0000000e+00		3.8131125e-189		3.8131125e-189		0.0000000e+00
1.0600000e+02		1.0700000e+02		1.0650000e+02		4.5487167e-02		1.6618994e-187		0.0000000e+00		2.8784942e-187		2.8784942e-187		0.0000000e+00
1.0700000e+02		1.0800000e+02		1.0750000e+02		5.0757295e-02		1.1570798e-185		0.0000000e+00		2.0041210e-185		2.0041210e-185		0.0000000e+00
1.0800000e+02		1.0900000e+02		1.0850000e+02		7.1152114e-02		7.4467716e-184		0.0000000e+00		1.2898187e-183		1.2898187e-183		0.0000000e+00
1.0900000e+02		1.1000000e+02		1.0950000e+02		5.5817450e-02		4.4397198e-182		0.0000000e+00		7.6898203e-182		7.6898203e-182		0.0000000e+00
1.1000000e+02		1.1100000e+02		1.1050000e+02		5.4043772e-02		2.4571427e-180		0.0000000e+00		4.2558960e-180		4.2558960e-180		0.0000000e+00
1.1100000e+02		1.1200000e+02		1.1150000e+02		5.0797691e-02		1.2649208e-178		0.0000000e+00		2.1909071e-178		2.1909071e-178		0.0000000e+00
1.1200000e+02		1.1300000e+02		1.1250000e+02		5.1969037e-02		6.0686750e-177		0.0000000e+00		1.0511253e-176		1.0511253e-176		0.0000000e+00
1.1300000e+02		1.1400000e+02		1.1350000e+02		4.1221387e-02		2.7185192e-175		0.0000000e+00		4.7086133e-175		4.7086133e-175		0.0000000e+00
1.1400000e+02		1.1500000e+02		1.1450000e+02		3.1562600e-02		1.1390980e-173		0.0000000e+00		1.9729756e-173		1.9729756e-173		0.0000000e+00
1.1500000e+02		1.1600000e+02		1.1550000e+02		4.3552050e-02		4.4723356e-172		0.0000000e+00		7.7463124e-172		7.7463124e-172		0.0000000e+00
1.1600000e+02		1.1700000e+02		1.1650000e+02		1.0143732e-01		1.6480933e-170		0.0000000e+00		2.8545814e-170		2.8545814e-170		0.0000000e+00
1.1700000e+02		1.1800000e+02		1.1750000e+02		3.6108525e-01		5.7096356e-169		0.0000000e+00		9.8893789e-169		9.8893789e-169		0.0000000e+00
1.1800000e+02		1.1900000e+02		1.1850000e+02		1.2283927e-01		1.8624896e-167		0.0000000e+00		3.2259266e-167		3.2259266e-167		0.0000000e+00
1.1900000e+02		1.2000000e+02		1.1950000e+02		1.7115732e-01		5.7292231e-166		0.0000000e+00		9.9233055e-166		9.9233055e-166		0.0000000e+00
1.2000000e+02		1.2100000e+02		1.2050000e+02		9.3056497e-01		1.6643693e-164		0.0000000e+00		2.8827722e-164		2.8827722e-164		0.0000000e+00
1.2100000e+02		1.2200000e+02		1.2150000e+02		3.6941242e+01		4.5726974e-163		0.0000000e+00		7.9201443e-163		7.9201443e-163		0.0000000e+00
1.2200000e+02		1.2300000e+02		1.2250000e+02		2.4773856e-01		1.1897464e-161		0.0000000e+00		2.0607012e-161		2.0607012e-161		0.0000000e+00
1.2300000e+02		1.2400000e+02		1.2350000e+02		1.3344721e-01		2.9354407e-160		2.9655301e-161		5.0843325e-160		5.0843325e-160		0.0000000e+00
1.2400000e+02		1.2500000e+02		1.2450000e+02		1.0726631e-01		6.8768110e-159		7.1349517e-160		1.1910986e-158		1.1910986e-158		0.0000000e+00
1.2500000e+02		1.2600000e+02		1.2550000e+02		1.0471361e-01		1.5315564e-157		1.6334095e-158		2.6527335e-157		2.6527335e-157		0.0000000e+00
1.2600000e+02		1.2700000e+02		1.2650000e+02		1.4644878e-01		3.2466430e-156		3.5573638e-157		5.6233506e-156		5.6233506e-156		0.0000000e+00
1.2700000e+02		1.2800000e+02		1.2750000e+02		7.6659940e-02		6.5583795e-155		7.3798794e-156		1.1359447e-154		1.1359447e-154		0.0000000e+00
1.2800000e+02		1.2900000e+02		1.2850000e+02		6.1165494e-02		1.2638892e-153		1.4599819e-154		2.1891203e-153		2.1891203e-153		0.0000000e+00
1.2900000e+02		1.3000000e+02		1.2950000e+02		8.1594975e-02		2.3261981e-152		2.7574040e-153		4.0290934e-152		4.0290934e-152		0.0000000e+00
1.3000000e+02		1.3100000e+02		1.3050000e+02		6.7007791e-01		4.0932650e-151		4.9770215e-152		7.0897430e-151		7.0897430e-151		0.0000000e+00
1.3100000e+02		1.3200000e+02		1.3150000e+02		9.0731094e-02		6.8932595e-150		8.5942221e-151		1.1939476e-149		1.1939476e-149		0.0000000e+00
1.3200000e+02		1.3300000e+02		1.3250000e+02		7.0547730e-02		1.1120996e-148		1.4211789e-149		1.9262130e-148		1.9262130e-148		0.0000000e+00
1.3300000e+02		1.3400000e+02		1.3350000e+02		9.5357088e-01		1.7204686e-147		2.2527678e-148		2.9799391e-147		2.9799391e-147		0.0000000e+00
1.3400000e+02		1.3500000e+02		1.3450000e+02		6.5246966e-02		2.5547067e-146		3.4262860e-147		4.4248817e-146		4.4248817e-146		0.0000000e+00
1.3500000e+02		1.3600000e+02		1.3550000e+02		1.3692679e-01		3.6443630e-145		5.0046315e-146		6.3122218e-145		6.3122218e-145		0.0000000e+00
1.3600000e+02		1.3700000e+02		1.3650000e+02		8.9861989e-02		4.9988758e-144		7.0264587e-145		8.6583069e-144		8.6583069e-144		0.0000000e+00
1.3700000e+02		1.3800000e+02		1.3750000e+02		9.2282630e-02		6.5988073e-143		9.4907632e-144		1.1429470e-142		1.1429470e-142		0.0000000e+00
1.3800000e+02		1.3900000e+02		1.3850000e+02		9.4180145e-02		8.3900126e-142		1.2343225e-142		1.4531928e-141		1.4531928e-141		0.0000000e+00
1.3900000e+02		1.4000000e+02		1.3950000e+02		3.1801144e-01		1.0282895e-140		1.5468906e-141		1.7810497e-140		1.7810497e-140		0.0000000e+00
1.4000000e+02		1.4100000e+02		1.4050000e+02		2.7729440e-01		1.2158079e-139		1.8695878e-140		2.1058410e-139		2.1058410e-139		0.0000000e+00
1.4100000e+02		1.4200000e+02		1.4150000e+02		1.3359910e-01		1.3878507e-138		2.1808415e-139		2.4038280e-138		2.4038280e-138		0.0000000e+00
1.4200000e+02		1.4300000e+02		1.4250000e+02		1.4479671e-01		1.5306332e-137		2.4570841e-138		2.6511345e-137		2.6511345e-137		0.0000000e+00
1.4300000e+02		1.4400000e+02		1.4350000e+02		1.6064305e-01		1.6321626e-136		2.6757500e-137		2.8269886e-136		2.8269886e-136		0.0000000e+00
1.4400000e+02		1.4500000e+02		1.4450000e+02		1.5363637e-01		1.6839302e-135		2.8184814e-136		2.9166527e-135		2.9166527e-135		0.0000000e+00
1.4500000e+02		1.4600000e+02		1.4550000e+02		1.6382583e-01		1.6820905e-134		2.8736087e-135		2.9134662e-134		2.9134662e-134		0.0000000e+00
1.4600000e+02		1.4700000e+02		1.4650000e+02		1.9977093e-01		1.6278982e-133		2.8377574e-134		2.8196025e-133		2.8196025e-133		0.0000000e+00
1.4700000e+02		1.4800000e+02		1.4750000e+02		2.4643334e-01		1.5273487e-132		2.7160454e-133		2.6454456e-132		2.6454456e-132		0.0000000e+00
1.4800000e+02		1.4900000e+02		1.4850000e+02		2.4167300e-01		1.3901288e-131		2.5210697e-132		2.4077736e-131		2.4077736e-131		0.0000000e+00
1.4900000e+02		1.5000000e+02		1.4950000e+02		2.1832777e-01		1.2281263e-130		2.2708633e-131		2.1271771e-130		2.1271771e-130		0.0000000e+00
1.5000000e+02		1.5100000e+02		1.5050000e+02		2.4023073e-01		1.0538057e-129		1.9861759e-130		1.8252450e-129		1.8252450e-129		0.0000000e+00
1.5100000e+02		1.5200000e+02		1.5150000e+02		2.5258505e-01		8.7873742e-129		1.6877839e-129		1.5220179e-128		1.5220179e-128		0.0000000e+00
1.5200000e+02		1.5300000e+02		1.5250000e+02		3.2229547e-01		7.1249813e-128		1.3942340e-128		1.2340830e-127		1.2340830e-127		0.0000000e+00
1.5300000e+02		1.5400000e+02		1.5350000e+02		3.5701286e-01		5.6204739e-127		1.1202453e-127		9.7349463e-127		9.7349463e-127		0.0000000e+00
1.5400000e+02		1.5500000e+02		1.5450000e+02		9.5486931e-01		4.3157777e-126		8.7596072e-127		7.4751463e-126		7.4751463e-126		0.0000000e+00
1.5500000e+02		1.5600000e+02		1.5550000e+02		7.8587524e-01		3.2275168e-125		6.6692734e-126		5.5902230e-125		5.5902230e-125		0.0000000e+00
1.5600000e+02		1.5700000e+02		1.5650000e+02		4.6648084e-01		2.3519158e-124		4.9467393e-125		4.0736376e-124		4.0736376e-124		0.0000000e+00
1.5700000e+02		1.5800000e+02		1.5750000e+02		4.2309893e-01		1.6708365e-123		3.5761728e-124		2.8939738e-123		2.8939738e-123		0.0000000e+00
1.5800000e+02		1.5900000e+02		1.5850000e+02		3.9008072e-01		1.1577493e-122		2.5211055e-123		2.0052807e-122		2.0052807e-122		0.0000000e+00
1.5900000e+02		1.6000000e+02		1.5950000e+02		3.8042347e-01		7.8283046e-122		1.7339830e-122		1.3559021e-121		1.3559021e-121		0.0000000e+00
1.6000000e+02		1.6100000e+02		1.6050000e+02		4.1635449e-01		5.1676461e-121		1.1640655e-121		8.9506256e-121		8.9506256e-121		0.0000000e+00
1.6100000e+02		1.6200000e+02		1.6150000e+02		4.7164413e-01		3.3318381e-120		7.6310803e-121		5.7709129e-120		5.7709129e-120		0.0000000e+00
1.6200000e+02		1.6300000e+02		1.6250000e+02		5.2241459e-01		2.0990872e-119		4.8872356e-120		3.6357257e-119		3.6357257e-119		0.0000000e+00
1.6300000e+02		1.6400000e+02		1.6350000e+02		1.1072121e+00		1.2927586e-118		3.0590984e-119		2.2391235e-118		2.2391235e-118		0.0000000e+00
1.6400000e+02		1.6500000e+02		1.6450000e+02		1.1323318e+00		7.7861906e-118		1.8722277e-118		1.3486078e-117		1.3486078e-117		0.0000000e+00
1.6500000e+02		1.6600000e+02		1.6550000e+02		1.3255566e+00		4.5880608e-117		1.1208258e-117		7.9467544e-117		7.9467544e-117		0.0000000e+00
1.6600000e+02		1.6700000e+02		1.6650000e+02		6.2522883e-01		2.6460715e-116		6.5660486e-117		4.5831303e-116		4.5831303e-116		0.0000000e+00
1.6700000e+02		1.6800000e+02		1.6750000e+02		6.6723830e-01		1.4942040e-115		3.7655240e-116		2.5880372e-115		2.5880372e-115		0.0000000e+00
1.6800000e+02		1.6900000e+02		1.6850000e+02		7.1904320e-01		8.2645209e-115		2.1147915e-115		1.4314570e-114		1.4314570e-114		0.0000000e+00
1.6900000e+02		1.7000000e+02		1.6950000e+02		9.0554889e-01		4.4790382e-114		1.1635658e-114		7.7579217e-114		7.7579217e-114		0.0000000e+00
1.7000000e+02		1.7100000e+02		1.7050000e+02		1.0161854e+00		2.3793980e-113		6.2741363e-114		4.1212381e-113		4.1212381e-113		0.0000000e+00
1.7100000e+02		1.7200000e+02		1.7150000e+02		1.0130704e+00		1.2394157e-112		3.3167332e-113		2.1467309e-112		2.1467309e-112		0.0000000e+00
1.7200000e+02		1.7300000e+02		1.7250000e+02		1.0571150e+00		6.3326178e-112		1.7195346e-112		1.0968416e-111		1.0968416e-111		0.0000000e+00
1.7300000e+02		1.7400000e+02		1.7350000e+02		1.0479596e+00		3.1747633e-111		8.7458395e-112		5.4988514e-111		5.4988514e-111		0.0000000e+00
1.7400000e+02		1.7500000e+02		1.7450000e+02		1.2530722e+00		1.5622240e-110		4.3654090e-111		2.7058513e-110		2.7058513e-110		0.0000000e+00
1.7500000e+02		1.7600000e+02		1.7550000e+02		1.4954862e+00		7.5477565e-110		2.1390527e-110		1.3073098e-109		1.3073098e-109		0.0000000e+00
1.7600000e+02		1.7700000e+02		1.7650000e+02		1.6135596e+00		3.5815472e-109		1.0292712e-109		6.2034217e-109		6.2034217e-109		0.0000000e+00
1.7700000e+02		1.7800000e+02		1.7750000e+02		1.9010195e+00		1.6696835e-108		4.8650359e-109		2.8919766e-108		2.8919766e-108		0.0000000e+00
1.7800000e+02		1.7900000e+02		1.7850000e+02		2.0776624e+00		7.6495818e-108		2.2595677e-108		1.3249464e-107		1.3249464e-107		0.0000000e+00
1.7900000e+02		1.8000000e+02		1.7950000e+02		2.0198657e+00		3.4451443e-107		1.0315413e-107		5.9671650e-107		5.9671650e-107		0.0000000e+00
1.8000000e+02		1.8100000e+02		1.8050000e+02		2.4976225e+00		1.5256901e-106		4.6303232e-107		2.6425728e-106		2.6425728e-106		0.0000000e+00
1.8100000e+02		1.8200000e+02		1.8150000e+02		3.0410490e+00		6.6456038e-106		2.0442826e-106		1.1510523e-105		1.1510523e-105		0.0000000e+00
1.8200000e+02		1.8300000e+02		1.8250000e+02		2.8073836e+00		2.8479132e-105		8.8808974e-106		4.9327303e-105		4.9327303e-105		0.0000000e+00
1.8300000e+02		1.8400000e+02		1.8350000e+02		2.9562417e+00		1.2010387e-104		3.7975810e-105		2.0802601e-104		2.0802601e-104		0.0000000e+00
1.8400000e+02		1.8500000e+02		1.8450000e+02		2.5409769e+00		4.9858685e-104		1.5986685e-104		8.6357775e-104		8.6357775e-104		0.0000000e+00
1.8500000e+02		1.8600000e+02		1.8550000e+02		2.8735562e+00		2.0378354e-103		6.6322456e-104		3.5296345e-103		3.5296345e-103		0.0000000e+00
1.8600000e+02		1.8700000e+02		1.8650000e+02		3.2604304e+00		8.2026224e-103		2.7117738e-103		1.4207359e-102		1.4207359e-102		0.0000000e+00
1.8700000e+02		1.8800000e+02		1.8750000e+02		3.6946466e+00		3.2522210e-102		1.0937230e-102		5.6330121e-102		5.6330121e-102		0.0000000e+00
1.8800000e+02		1.8900000e+02		1.8850000e+02		3.8870616e+00		1.2703509e-101		4.3567951e-102		2.2003123e-101		2.2003123e-101		0.0000000e+00
1.8900000e+02		1.9000000e+02		1.8950000e+02		4.3106081e+00		4.8891980e-101		1.7169350e-101		8.4683393e-101		8.4683393e-101		0.0000000e+00
1.9000000e+02		1.9100000e+02		1.9050000e+02		4.4384288e+00		1.8543778e-100		6.6971515e-101		3.2118767e-100		3.2118767e-100		0.0000000e+00
1.9100000e+02		1.9200000e+02		1.9150000e+02		4.8094361e+00		6.9325392e-100		2.5855158e-100		1.2007510e-99		1.2007510e-99		1.3966544e-312
1.9200000e+02		1.9300000e+02		1.9250000e+02		5.0365493e+00		2.5542767e-99		9.9170021e-100		4.4241370e-99		4.4241370e-99		1.8189269e-216
1.9300000e+02		1.9400000e+02		1.9350000e+02		3.8447944e+00		9.2803695e-99		3.3261337e-99		1.6074071e-98		1.6074071e-98		1.1727710e-156
1.9400000e+02		1.9500000e+02		1.9450000e+02		6.1679797e+00		3.3269332e-98		5.7191260e-91		5.7624174e-98		5.7624174e-98		3.2814025e-123
1.9500000e+02		1.9600000e+02		1.9550000e+02		5.9528271e+00		1.4734677e-97		1.2057228e-81		2.4889438e-97		2.0799461e-97		4.0899771e-98
1.9600000e+02		1.9700000e+02		1.9650000e+02		6.5508102e+00		7.4351592e-85		8.5328449e-71		1.1294448e-84		1.0423275e-85		1.0252120e-84
1.9700000e+02		1.9800000e+02		1.9750000e+02		6.5190955e+00		5.1486581e-75		2.2568744e-62		7.8298023e-75		7.8669653e-76		7.0431057e-75
1.9800000e+02		1.9900000e+02		1.9850000e+02		6.3883794e+00		2.1317464e-39		4.8336835e-33		3.2896253e-39		6.8282269e-40		2.6068026e-39
1.9900000e+02		2.0000000e+02		1.9950000e+02		6.7274707e+00		2.0730207e-05		8.4298141e-05		3.5900189e-05		3.5864041e-05		3.6147224e-08
2.0000000e+02		2.0100000e+02		2.0050000e+02		7.1125146e+00		7.4047138e-04		2.5648470e-03		1.2824348e-03		1.2817921e-03		6.4263485e-07
2.0100000e+02		2.0200000e+02		2.0150000e+02		7.5701275e+00		8.8361669e-02		2.5809881e-01		1.5304456e-01		1.5302944e-01		1.5121213e-05
2.0200000e+02		2.0300000e+02		2.0250000e+02		7.4828608e+00		1.6010249e-01		4.5769866e-01		2.7730171e-01		2.7727624e-01		2.5470382e-05
2.0300000e+02		2.0400000e+02		2.0350000e+02		8.0092047e+00		4.7330191e-01		1.3156269e+00		8.1977489e-01		8.1972266e-01		5.2232784e-05
2.0400000e+02		2.0500000e+02		2.0450000e+02		8.6207445e+00		7.9124604e-01		2.1687069e+00		1.3704654e+00		1.3703818e+00		8.3588173e-05
2.0500000e+02		2.0600000e+02		2.0550000e+02		8.6400754e+00		7.9890396e-01		2.1751515e+00		1.3837256e+00		1.3836177e+00		1.0785696e-04
2.0600000e+02		2.0700000e+02		2.0650000e+02		8.6510225e+00		8.2090637e-01		2.2202567e+00		1.4218301e+00		1.4216914e+00		1.3874054e-04
2.0700000e+02		2.0800000e+02		2.0750000e+02		9.3957826e+00		9.1604339e-01		2.4613863e+00		1.5866040e+00		1.5864117e+00		1.9233297e-04
2.0800000e+02		2.0900000e+02		2.0850000e+02		1.0163489e+01		1.0017330e+00		2.6744947e+00		1.7350118e+00		1.7347492e+00		2.6259986e-04
2.0900000e+02		2.1000000e+02		2.0950000e+02		1.3129215e+01		1.3346051e+00		3.5405541e+00		2.3115377e+00		2.3111098e+00		4.2787120e-04
2.1000000e+02		2.1100000e+02		2.1050000e+02		1.6183343e+01		1.6614734e+00		4.3804731e+00		2.8776548e+00		2.8769977e+00		6.5711295e-04
2.1100000e+02		2.1200000e+02		2.1150000e+02		1.8424170e+01		1.9397610e+00		5.0827031e+00		3.3596209e+00		3.3586902e+00		9.3067142e-04
2.1200000e+02		2.1300000e+02		2.1250000e+02		1.6428561e+01		1.7652084e+00		4.5973714e+00		3.0572723e+00		3.0562474e+00		1.0249657e-03
2.1300000e+02		2.1400000e+02		2.1350000e+02		1.6737981e+01		1.8272343e+00		4.7306737e+00		3.1646647e+00		3.1633837e+00		1.2810276e-03
2.1400000e+02		2.1500000e+02		2.1450000e+02		2.1432541e+01		2.3971590e+00		6.1696499e+00		4.1516913e+00		4.1496850e+00		2.0062701e-03
2.1500000e+02		2.1600000e+02		2.1550000e+02		1.8408135e+01		2.0869989e+00		5.3404683e+00		3.6144654e+00		3.6123760e+00		2.0894020e-03
2.1600000e+02		2.1700000e+02		2.1650000e+02		1.7036901e+01		1.9740149e+00		5.0225015e+00		3.4187328e+00		3.4163938e+00		2.3389447e-03
2.1700000e+02		2.1800000e+02		2.1750000e+02		1.7640866e+01		2.0771539e+00		5.2553098e+00		3.5972867e+00		3.5943770e+00		2.9096298e-03
2.1800000e+02		2.1900000e+02		2.1850000e+02		2.3730294e+01		2.8447656e+00		7.1575924e+00		4.9265553e+00		4.9218726e+00		4.6826628e-03
2.1900000e+02		2.2000000e+02		2.1950000e+02		2.5052511e+01		3.0589343e+00		7.6544624e+00		5.2973200e+00		5.2914320e+00		5.8880410e-03
2.2000000e+02		2.2100000e+02		2.2050000e+02		2.5203754e+01		3.1231650e+00		7.7732920e+00		5.4083968e+00		5.4013816e+00		7.0151872e-03
2.2100000e+02		2.2200000e+02		2.2150000e+02		2.0176768e+01		2.5473392e+00		6.3064739e+00		4.4110967e+00		4.4044656e+00		6.6310409e-03
2.2200000e+02		2.2300000e+02		2.2250000e+02		2.7154039e+01		3.4813780e+00		8.5739347e+00		6.0283046e+00		6.0178238e+00		1.0480860e-02
2.2300000e+02		2.2400000e+02		2.2350000e+02		3.5163062e+01		4.5876175e+00		1.1240154e+01		7.9435326e+00		7.9276457e+00		1.5886912e-02
2.2400000e+02		2.2500000e+02		2.2450000e+02		3.2875934e+01		4.3528619e+00		1.0610917e+01		7.5367055e+00		7.5194045e+00		1.7300968e-02
2.2500000e+02		2.2600000e+02		2.2550000e+02		2.8720078e+01		3.8645483e+00		9.3733939e+00		6.6908835e+00		6.6733366e+00		1.7546874e-02
2.2600000e+02		2.2700000e+02		2.2650000e+02		2.1037217e+01		2.8739737e+00		6.9363737e+00		4.9755731e+00		4.9607128e+00		1.4860299e-02
2.2700000e+02		2.2800000e+02		2.2750000e+02		2.0463841e+01		2.8384607e+00		6.8173107e+00		4.9137856e+00		4.8971318e+00		1.6653857e-02
2.2800000e+02		2.2900000e+02		2.2850000e+02		2.8509984e+01		4.0154918e+00		9.5979231e+00		6.9509211e+00		6.9242827e+00		2.6638413e-02
2.2900000e+02		2.3000000e+02		2.2950000e+02		2.5620938e+01		3.6625326e+00		8.7127871e+00		6.3394621e+00		6.3120742e+00		2.7387839e-02
2.3000000e+02		2.3100000e+02		2.3050000e+02		2.9055844e+01		4.2132433e+00		9.9760164e+00		7.2920820e+00		7.2566735e+00		3.5408548e-02
2.3100000e+02		2.3200000e+02		2.3150000e+02		2.7387429e+01		4.0287957e+00		9.4952666e+00		6.9722197e+00		6.9342887e+00		3.7931021e-02
2.3200000e+02		2.3300000e+02		2.3250000e+02		2.9413108e+01		4.3881147e+00		1.0295022e+01		7.5933092e+00		7.5471616e+00		4.6147630e-02
2.3300000e+02		2.3400000e+02		2.3350000e+02		2.6543685e+01		4.0156813e+00		9.3788870e+00		6.9480986e+00		6.9010635e+00		4.7035117e-02
2.3400000e+02		2.3500000e+02		2.3450000e+02		2.3194371e+01		3.5576058e+00		8.2721322e+00		6.1548050e+00		6.1085239e+00		4.6281086e-02
2.3500000e+02		2.3600000e+02		2.3550000e+02		3.1223226e+01		4.8546880e+00		1.1238613e+01		8.3977608e+00		8.3278072e+00		6.9953578e-02
2.3600000e+02		2.3700000e+02		2.3650000e+02		2.8911473e+01		4.5564441e+00		1.0502498e+01		7.8807890e+00		7.8082585e+00		7.2530524e-02
2.3700000e+02		2.3800000e+02		2.3750000e+02		3.0878004e+01		4.9313179e+00		1.1317948e+01		8.5279322e+00		8.4414352e+00		8.6496973e-02
2.3800000e+02		2.3900000e+02		2.3850000e+02		2.5598090e+01		4.1428706e+00		9.4681808e+00		7.1633248e+00		7.0834544e+00		7.9870473e-02
2.3900000e+02		2.4000000e+02		2.3950000e+02		2.7890834e+01		4.5730985e+00		1.0407777e+01		7.9059061e+00		7.8092331e+00		9.6672983e-02
2.4000000e+02		2.4100000e+02		2.4050000e+02		2.5623038e+01		4.2563817e+00		9.6469811e+00		7.3570656e+00		7.2586386e+00		9.8426950e-02
2.4100000e+02		2.4200000e+02		2.4150000e+02		3.0005079e+01		5.0495367e+00		1.1397944e+01		8.7263686e+00		8.5989282e+00		1.2744039e-01
2.4200000e+02		2.4300000e+02		2.4250000e+02		4.1301739e+01		7.0404381e+00		1.5827741e+01		1.2164507e+01		1.1971007e+01		1.9349992e-01
2.4300000e+02		2.4400000e+02		2.4350000e+02		3.8791639e+01		6.6972275e+00		1.4996097e+01		1.1569042e+01		1.1369023e+01		2.0001854e-01
2.4400000e+02		2.4500000e+02		2.4450000e+02		3.6329084e+01		6.3531549e+00		1.4169542e+01		1.0972205e+01		1.0766456e+01		2.0574973e-01
2.4500000e+02		2.4600000e+02		2.4550000e+02		2.9476122e+01		5.2180897e+00		1.1592568e+01		9.0097455e+00		8.8268539e+00		1.8289162e-01
2.4600000e+02		2.4700000e+02		2.4650000e+02		2.8685918e+01		5.1448310e+00		1.1385688e+01		8.8810275e+00		8.6862862e+00		1.9474122e-01
2.4700000e+02		2.4800000e+02		2.4750000e+02		3.1678139e+01		5.7517720e+00		1.2680240e+01		9.9261079e+00		9.6914096e+00		2.3469834e-01
2.4800000e+02		2.4900000e+02		2.4850000e+02		2.5406301e+01		4.6720953e+00		1.0261070e+01		8.0606224e+00		7.8555061e+00		2.0511633e-01
2.4900000e+02		2.5000000e+02		2.4950000e+02		3.0967514e+01		5.7640822e+00		1.2611974e+01		9.9416985e+00		9.6698971e+00		2.7180138e-01
2.5000000e+02		2.5100000e+02		2.5050000e+02		3.3448743e+01		6.3057353e+00		1.3746034e+01		1.0872613e+01		1.0553835e+01		3.1877781e-01
2.5100000e+02		2.5200000e+02		2.5150000e+02		2.7888154e+01		5.3227865e+00		1.1560736e+01		9.1748491e+00		8.8868447e+00		2.8800440e-01
2.5200000e+02		2.5300000e+02		2.5250000e+02		2.5069906e+01		4.8444225e+00		1.0483562e+01		8.3475231e+00		8.0674473e+00		2.8007581e-01
2.5300000e+02		2.5400000e+02		2.5350000e+02		3.1592540e+01		6.1810673e+00		1.3328043e+01		1.0647037e+01		1.0265819e+01		3.8121749e-01
2.5400000e+02		2.5500000e+02		2.5450000e+02		3.5730773e+01		7.0789806e+00		1.5209850e+01		1.2189324e+01		1.1724308e+01		4.6501577e-01
2.5500000e+02		2.5600000e+02		2.5550000e+02		4.8755658e+01		9.7721565e+00		2.0922344e+01		1.6820407e+01		1.6137650e+01		6.8275747e-01
2.5600000e+02		2.5700000e+02		2.5650000e+02		6.2803876e+01		1.2756453e+01		2.7216388e+01		2.1948655e+01		2.1002372e+01		9.4628307e-01
2.5700000e+02		2.5800000e+02		2.5750000e+02		7.8843355e+01		1.6209623e+01		3.4464201e+01		2.7878928e+01		2.6603827e+01		1.2751011e+00
2.5800000e+02		2.5900000e+02		2.5850000e+02		8.2991293e+01		1.7261492e+01		3.6574786e+01		2.9675670e+01		2.8237763e+01		1.4379073e+00
2.5900000e+02		2.6000000e+02		2.5950000e+02		7.0629481e+01		1.4883927e+01		3.1429959e+01		2.5577217e+01		2.4266257e+01		1.3109603e+00
2.6000000e+02		2.6100000e+02		2.6050000e+02		5.7868388e+01		1.2337757e+01		2.5965575e+01		2.1192342e+01		2.0044660e+01		1.1476816e+00
2.6100000e+02		2.6200000e+02		2.6150000e+02		5.9092703e+01		1.2757644e+01		2.6759710e+01		2.1903555e+01		2.0651950e+01		1.2516047e+00
2.6200000e+02		2.6300000e+02		2.6250000e+02		7.0528613e+01		1.5410764e+01		3.2217872e+01		2.6446222e+01		2.4853638e+01		1.5925843e+00
2.6300000e+02		2.6400000e+02		2.6350000e+02		1.0614195e+02		2.3489081e+01		4.8945598e+01		4.0289827e+01		3.7736192e+01		2.5536347e+00
2.6400000e+02		2.6500000e+02		2.6450000e+02		1.6548208e+02		3.7038059e+01		7.6927723e+01		6.3498122e+01		5.9266320e+01		4.2318018e+00
2.6500000e+02		2.6600000e+02		2.6550000e+02		1.7356948e+02		3.9332632e+01		8.1430585e+01		6.7397520e+01		6.2680708e+01		4.7168116e+00
2.6600000e+02		2.6700000e+02		2.6650000e+02		1.6826276e+02		3.8588394e+01		7.9634852e+01		6.6087605e+01		6.1235768e+01		4.8518371e+00
2.6700000e+02		2.6800000e+02		2.6750000e+02		1.6940220e+02		3.9320053e+01		8.0888090e+01		6.7304545e+01		6.2126876e+01		5.1776686e+00
2.6800000e+02		2.6900000e+02		2.6850000e+02		1.6778062e+02		3.9418567e+01		8.0836484e+01		6.7436142e+01		6.2005771e+01		5.4303708e+00
2.6900000e+02		2.7000000e+02		2.6950000e+02		1.5737310e+02		3.7401562e+01		7.6461643e+01		6.3949582e+01		5.8564497e+01		5.3850858e+00
2.7000000e+02		2.7100000e+02		2.7050000e+02		1.8181465e+02		4.3720109e+01		8.9103446e+01		7.4710219e+01		6.8137790e+01		6.5724290e+00
2.7100000e+02		2.7200000e+02		2.7150000e+02		1.5108640e+02		3.6760175e+01		7.4689862e+01		6.2780124e+01		5.7016044e+01		5.7640810e+00
2.7200000e+02		2.7300000e+02		2.7250000e+02		1.2154404e+02		2.9906747e+01		6.0580826e+01		5.1045130e+01		4.6158194e+01		4.8869359e+00
2.7300000e+02		2.7400000e+02		2.7350000e+02		1.2960124e+02		3.2256890e+01		6.5145135e+01		5.5022885e+01		4.9535106e+01		5.4877790e+00
2.7400000e+02		2.7500000e+02		2.7450000e+02		8.9183780e+01		2.2461895e+01		4.5228297e+01		3.8291211e+01		3.4316726e+01		3.9744857e+00
2.7500000e+02		2.7600000e+02		2.7550000e+02		1.1893609e+02		3.0279654e+01		6.0789714e+01		5.1585730e+01		4.6017145e+01		5.5685849e+00
2.7600000e+02		2.7700000e+02		2.7650000e+02		1.6564211e+02		4.2643137e+01		8.5360029e+01		7.2602234e+01		6.4459157e+01		8.1430771e+00
2.7700000e+02		2.7800000e+02		2.7750000e+02		1.5837296e+02		4.1218169e+01		8.2268075e+01		7.0130503e+01		6.1964024e+01		8.1664789e+00
2.7800000e+02		2.7900000e+02		2.7850000e+02		1.0921797e+02		2.8734620e+01		5.7186814e+01		4.8858166e+01		4.2956260e+01		5.9019064e+00
2.7900000e+02		2.8000000e+02		2.7950000e+02		6.1368404e+01		1.6316822e+01		3.2380574e+01		2.7725301e+01		2.4253630e+01		3.4716719e+00
2.8000000e+02		2.8100000e+02		2.8050000e+02		6.7313201e+01		1.8089552e+01		3.5796945e+01		3.0716657e+01		2.6732882e+01		3.9837747e+00
2.8100000e+02		2.8200000e+02		2.8150000e+02		1.3943196e+02		3.7855078e+01		7.4700255e+01		6.4234925e+01		5.5611825e+01		8.6231004e+00
2.8200000e+02		2.8300000e+02		2.8250000e+02		1.8983287e+02		5.2083360e+01		1.0249120e+02		8.8317093e+01		7.6056098e+01		1.2260996e+01
2.8300000e+02		2.8400000e+02		2.8350000e+02		1.9610227e+02		5.4328058e+01		1.0661351e+02		9.2058402e+01		7.8848207e+01		1.3210195e+01
2.8400000e+02		2.8500000e+02		2.8450000e+02		1.4459284e+02		4.0466271e+01		7.9193952e+01		6.8520990e+01		5.8365838e+01		1.0155152e+01
2.8500000e+02		2.8600000e+02		2.8550000e+02		9.2944992e+01		2.6264505e+01		5.1261243e+01		4.4441315e+01		3.7642882e+01		6.7984329e+00
2.8600000e+02		2.8700000e+02		2.8650000e+02		1.9045522e+02		5.4341367e+01		1.0577462e+02		9.1882557e+01		7.7384732e+01		1.4497824e+01
2.8700000e+02		2.8800000e+02		2.8750000e+02		2.2108403e+02		6.3685341e+01		1.2363229e+02		1.0760278e+02		9.0100973e+01		1.7501803e+01
2.8800000e+02		2.8900000e+02		2.8850000e+02		2.1010240e+02		6.1098294e+01		1.1829681e+02		1.0315543e+02		8.5870831e+01		1.7284599e+01
2.8900000e+02		2.9000000e+02		2.8950000e+02		3.1885068e+02		9.3583195e+01		1.8071874e+02		1.5788374e+02		1.3064765e+02		2.7236088e+01
2.9000000e+02		2.9100000e+02		2.9050000e+02		4.1860542e+02		1.2394927e+02		2.3873767e+02		2.0895682e+02		1.7186424e+02		3.7092574e+01
2.9100000e+02		2.9200000e+02		2.9150000e+02		4.0318642e+02		1.2048316e+02		2.3146464e+02		2.0296033e+02		1.6591305e+02		3.7047279e+01
2.9200000e+02		2.9300000e+02		2.9250000e+02		3.5818014e+02		1.0794237e+02		2.0684355e+02		1.8169576e+02		1.4760514e+02		3.4090611e+01
2.9300000e+02		2.9400000e+02		2.9350000e+02		3.7393440e+02		1.1369528e+02		2.1731698e+02		1.9123321e+02		1.5437900e+02		3.6854211e+01
2.9400000e+02		2.9500000e+02		2.9450000e+02		3.4819581e+02		1.0675798e+02		2.0354616e+02		1.7942622e+02		1.4392358e+02		3.5502640e+01
2.9500000e+02		2.9600000e+02		2.9550000e+02		3.7701055e+02		1.1659797e+02		2.2175554e+02		1.9581278e+02		1.5605802e+02		3.9754750e+01
2.9600000e+02		2.9700000e+02		2.9650000e+02		3.4493460e+02		1.0752608e+02		2.0399922e+02		1.8043649e+02		1.4286144e+02		3.7575057e+01
2.9700000e+02		2.9800000e+02		2.9750000e+02		3.5165811e+02		1.1054837e+02		2.0922206e+02		1.8536352e+02		1.4579633e+02		3.9567187e+01
2.9800000e+02		2.9900000e+02		2.9850000e+02		3.0223333e+02		9.5745431e+01		1.8076896e+02		1.6041603e+02		1.2532842e+02		3.5087614e+01
2.9900000e+02		3.0000000e+02		2.9950000e+02		3.4101318e+02		1.0892684e+02		2.0516372e+02		1.8235755e+02		1.4151244e+02		4.0845108e+01
3.0000000e+02		3.0100000e+02		3.0050000e+02		2.7131061e+02		8.7318157e+01		1.6407417e+02		1.4606599e+02		1.1257371e+02		3.3492289e+01
3.0100000e+02		3.0200000e+02		3.0150000e+02		3.1202593e+02		1.0124611e+02		1.8979864e+02		1.6923125e+02		1.2953263e+02		3.9698611e+01
3.0200000e+02		3.0300000e+02		3.0250000e+02		3.2846528e+02		1.0734522e+02		2.0076445e+02		1.7928260e+02		1.3626543e+02		4.3017171e+01
3.0300000e+02		3.0400000e+02		3.0350000e+02		4.2601061e+02		1.4034050e+02		2.6186976e+02		2.3420417e+02		1.7676381e+02		5.7440360e+01
3.0400000e+02		3.0500000e+02		3.0450000e+02		4.0776836e+02		1.3526923e+02		2.5183134e+02		2.2556028e+02		1.6902497e+02		5.6535310e+01
3.0500000e+02		3.0600000e+02		3.0550000e+02		4.1174793e+02		1.3765484e+02		2.5569340e+02		2.2935602e+02		1.7064389e+02		5.8712125e+01
3.0600000e+02		3.0700000e+02		3.0650000e+02		3.9053943e+02		1.3145266e+02		2.4362664e+02		2.1884633e+02		1.6164125e+02		5.7205075e+01
3.0700000e+02		3.0800000e+02		3.0750000e+02		4.3847484e+02		1.4869879e+02		2.7497869e+02		2.4736115e+02		1.8137535e+02		6.5985800e+01
3.0800000e+02		3.0900000e+02		3.0850000e+02		4.3035211e+02		1.4694129e+02		2.7113243e+02		2.4424160e+02		1.7776711e+02		6.6474491e+01
3.0900000e+02		3.1000000e+02		3.0950000e+02		3.4901328e+02		1.2002395e+02		2.2098384e+02		1.9934120e+02		1.4401349e+02		5.5327710e+01
3.1000000e+02		3.1100000e+02		3.1050000e+02		4.3927411e+02		1.5209111e+02		2.7942225e+02		2.5239767e+02		1.8097928e+02		7.1418392e+01
3.1100000e+02		3.1200000e+02		3.1150000e+02		5.2246540e+02		1.8214247e+02		3.3391966e+02		3.0202721e+02		2.1493601e+02		8.7091192e+01
3.1200000e+02		3.1300000e+02		3.1250000e+02		4.6521908e+02		1.6328099e+02		2.9870967e+02		2.7053520e+02		1.9106398e+02		7.9471223e+01
3.1300000e+02		3.1400000e+02		3.1350000e+02		4.9544367e+02		1.7503659e+02		3.1954687e+02		2.8978138e+02		2.0309112e+02		8.6690265e+01
3.1400000e+02		3.1500000e+02		3.1450000e+02		4.6729179e+02		1.6619069e+02		3.0277047e+02		2.7491779e+02		1.9119223e+02		8.3725556e+01
3.1500000e+02		3.1600000e+02		3.1550000e+02		4.5343123e+02		1.6229884e+02		2.9507505e+02		2.6826629e+02		1.8511939e+02		8.3146899e+01
3.1600000e+02		3.1700000e+02		3.1650000e+02		4.4229406e+02		1.5933662e+02		2.8910251e+02		2.6316124e+02		1.8018048e+02		8.2980755e+01
3.1700000e+02		3.1800000e+02		3.1750000e+02		5.6102832e+02		2.0338745e+02		3.6828889e+02		3.3564998e+02		2.2800689e+02		1.0764309e+02
3.1800000e+02		3.1900000e+02		3.1850000e+02		4.6340678e+02		1.6905455e+02		3.0551211e+02		2.7877028e+02		1.8787261e+02		9.0897670e+01
3.1900000e+02		3.2000000e+02		3.1950000e+02		4.9774832e+02		1.8270844e+02		3.2953847e+02		3.0104835e+02		2.0127398e+02		9.9774369e+01
3.2000000e+02		3.2100000e+02		3.2050000e+02		5.7184857e+02		2.1119521e+02		3.8017743e+02		3.4771285e+02		2.3061433e+02		1.1709852e+02
3.2100000e+02		3.2200000e+02		3.2150000e+02		4.8024660e+02		1.7844115e+02		3.2059801e+02		2.9355657e+02		1.9313082e+02		1.0042575e+02
3.2200000e+02		3.2300000e+02		3.2250000e+02		4.8228681e+02		1.8026783e+02		3.2326318e+02		2.9633042e+02		1.9337957e+02		1.0295085e+02
3.2300000e+02		3.2400000e+02		3.2350000e+02		4.6607071e+02		1.7524210e+02		3.1365871e+02		2.8784520e+02		1.8631596e+02		1.0152924e+02
3.2400000e+02		3.2500000e+02		3.2450000e+02		5.4882129e+02		2.0756091e+02		3.7081212e+02		3.4066680e+02		2.1870482e+02		1.2196198e+02
3.2500000e+02		3.2600000e+02		3.2550000e+02		6.3196128e+02		2.4038352e+02		4.2865811e+02		3.9423396e+02		2.5101664e+02		1.4321732e+02
3.2600000e+02		3.2700000e+02		3.2650000e+02		7.1301257e+02		2.7276695e+02		4.8551718e+02		4.4700009e+02		2.8226629e+02		1.6473380e+02
3.2700000e+02		3.2800000e+02		3.2750000e+02		6.8984049e+02		2.6539059e+02		4.7153429e+02		4.3457962e+02		2.7214887e+02		1.6243074e+02
3.2800000e+02		3.2900000e+02		3.2850000e+02		6.6596082e+02		2.5763338e+02		4.5693366e+02		4.2155618e+02		2.6179556e+02		1.5976062e+02
3.2900000e+02		3.3000000e+02		3.2950000e+02		7.7527139e+02		3.0157967e+02		5.3393041e+02		4.9309031e+02		3.0365969e+02		1.8943063e+02
3.3000000e+02		3.3100000e+02		3.3050000e+02		7.3029799e+02		2.8563362e+02		5.0481441e+02		4.6666631e+02		2.8497417e+02		1.8169214e+02
3.3100000e+02		3.3200000e+02		3.3150000e+02		6.9881652e+02		2.7479434e+02		4.8481738e+02		4.4862066e+02		2.7164506e+02		1.7697560e+02
3.3200000e+02		3.3300000e+02		3.3250000e+02		6.8562051e+02		2.7104537e+02		4.7738473e+02		4.4217033e+02		2.6547354e+02		1.7669680e+02
3.3300000e+02		3.3400000e+02		3.3350000e+02		6.5878216e+02		2.6180764e+02		4.6033396e+02		4.2678367e+02		2.5405891e+02		1.7272476e+02
3.3400000e+02		3.3500000e+02		3.3450000e+02		6.9405546e+02		2.7726390e+02		4.8669423e+02		4.5164633e+02		2.6656711e+02		1.8507921e+02
3.3500000e+02		3.3600000e+02		3.3550000e+02		6.8541663e+02		2.7522562e+02		4.8231619e+02		4.4799745e+02		2.6215127e+02		1.8584618e+02
3.3600000e+02		3.3700000e+02		3.3650000e+02		5.6469084e+02		2.2790404e+02		3.9873373e+02		3.7069960e+02		2.1505725e+02		1.5564235e+02
3.3700000e+02		3.3800000e+02		3.3750000e+02		5.9573781e+02		2.4164525e+02		4.2208994e+02		3.9276582e+02		2.2589617e+02		1.6686965e+02
3.3800000e+02		3.3900000e+02		3.3850000e+02		6.4448401e+02		2.6272163e+02		4.5816940e+02		4.2671560e+02		2.4330167e+02		1.8341393e+02
3.3900000e+02		3.4000000e+02		3.3950000e+02		6.7448220e+02		2.7630508e+02		4.8109443e+02		4.4845703e+02		2.5348207e+02		1.9497495e+02
3.4000000e+02		3.4100000e+02		3.4050000e+02		7.1196374e+02		2.9308003e+02		5.0950270e+02		4.7534558e+02		2.6634502e+02		2.0900056e+02
3.4100000e+02		3.4200000e+02		3.4150000e+02		6.4984945e+02		2.6879993e+02		4.6656888e+02		4.3565800e+02		2.4197964e+02		1.9367837e+02
3.4200000e+02		3.4300000e+02		3.4250000e+02		7.0477558e+02		2.9290771e+02		5.0763465e+02		4.7439786e+02		2.6119417e+02		2.1320369e+02
3.4300000e+02		3.4400000e+02		3.4350000e+02		6.9264465e+02		2.8922145e+02		5.0048633e+02		4.6810134e+02		2.5546905e+02		2.1263229e+02
3.4400000e+02		3.4500000e+02		3.4450000e+02		5.5710877e+02		2.3371007e+02		4.0381992e+02		3.7799528e+02		2.0448093e+02		1.7351435e+02
3.4500000e+02		3.4600000e+02		3.4550000e+02		6.7138909e+02		2.8294840e+02		4.8817266e+02		4.5731758e+02		2.4521280e+02		2.1210477e+02
3.4600000e+02		3.4700000e+02		3.4650000e+02		6.5194093e+02		2.7600318e+02		4.7549221e+02		4.4578823e+02		2.3692110e+02		2.0886712e+02
3.4700000e+02		3.4800000e+02		3.4750000e+02		6.4525828e+02		2.7440379e+02		4.7205183e+02		4.4290505e+02		2.3330666e+02		2.0959839e+02
3.4800000e+02		3.4900000e+02		3.4850000e+02		6.6761091e+02		2.8517343e+02		4.8987578e+02		4.5997875e+02		2.4015267e+02		2.1982607e+02
3.4900000e+02		3.5000000e+02		3.4950000e+02		6.3989005e+02		2.7453534e+02		4.7093345e+02		4.4252454e+02		2.2898778e+02		2.1353677e+02
3.5000000e+02		3.5100000e+02		3.5050000e+02		7.6650484e+02		3.3028883e+02		5.6577854e+02		5.3204160e+02		2.7285898e+02		2.5918261e+02
3.5100000e+02		3.5200000e+02		3.5150000e+02		7.1211510e+02		3.0817264e+02		5.2716292e+02		4.9609014e+02		2.5215279e+02		2.4393735e+02
3.5200000e+02		3.5300000e+02		3.5250000e+02		6.5785102e+02		2.8590104e+02		4.8839533e+02		4.5993799e+02		2.3168936e+02		2.2824863e+02
3.5300000e+02		3.5400000e+02		3.5350000e+02		7.5263834e+02		3.2847188e+02		5.6035821e+02		5.2808159e+02		2.6363609e+02		2.6444551e+02
3.5400000e+02		3.5500000e+02		3.5450000e+02		8.0329241e+02		3.5203749e+02		5.9975640e+02		5.6560503e+02		2.7983874e+02		2.8576630e+02
3.5500000e+02		3.5600000e+02		3.5550000e+02		7.5433512e+02		3.3194248e+02		5.6477293e+02		5.3298006e+02		2.6133061e+02		2.7164945e+02
3.5600000e+02		3.5700000e+02		3.5650000e+02		6.5576441e+02		2.8974083e+02		4.9232553e+02		4.6492603e+02		2.2591353e+02		2.3901250e+02
3.5700000e+02		3.5800000e+02		3.5750000e+02		5.7307986e+02		2.5422644e+02		4.3142118e+02		4.0768353e+02		1.9631577e+02		2.1136776e+02
3.5800000e+02		3.5900000e+02		3.5850000e+02		4.9194729e+02		2.1910308e+02		3.7134172e+02		3.5114095e+02		1.6756451e+02		1.8357645e+02
3.5900000e+02		3.6000000e+02		3.5950000e+02		7.1030971e+02		3.1760169e+02		5.3759961e+02		5.0868466e+02		2.4055416e+02		2.6813050e+02
3.6000000e+02		3.6100000e+02		3.6050000e+02		7.0092701e+02		3.1462562e+02		5.3189679e+02		5.0361076e+02		2.3600344e+02		2.6760732e+02
3.6100000e+02		3.6200000e+02		3.6150000e+02		6.5110481e+02		2.9338625e+02		4.9537767e+02		4.6932970e+02		2.1794965e+02		2.5138005e+02
3.6200000e+02		3.6300000e+02		3.6250000e+02		7.3500056e+02		3.3244937e+02		5.6064985e+02		5.3150017e+02		2.4458639e+02		2.8691378e+02
3.6300000e+02		3.6400000e+02		3.6350000e+02		7.1558904e+02		3.2488689e+02		5.4723517e+02		5.1910112e+02		2.3671610e+02		2.8238502e+02
3.6400000e+02		3.6500000e+02		3.6450000e+02		7.4837927e+02		3.4103808e+02		5.7375481e+02		5.4458641e+02		2.4608551e+02		2.9850090e+02
3.6500000e+02		3.6600000e+02		3.6550000e+02		8.5179486e+02		3.8959279e+02		6.5466932e+02		6.2175780e+02		2.7840728e+02		3.4335052e+02
3.6600000e+02		3.6700000e+02		3.6650000e+02		9.1042532e+02		4.1792402e+02		7.0145841e+02		6.6658622e+02		2.9576905e+02		3.7081717e+02
3.6700000e+02		3.6800000e+02		3.6750000e+02		8.7909512e+02		4.0499398e+02		6.7897299e+02		6.4559250e+02		2.8385013e+02		3.6174237e+02
3.6800000e+02		3.6900000e+02		3.6850000e+02		8.1047729e+02		3.7471058e+02		6.2748738e+02		5.9697894e+02		2.6008856e+02		3.3689038e+02
3.6900000e+02		3.7000000e+02		3.6950000e+02		8.9967825e+02		4.1741461e+02		6.9821231e+02		6.6463941e+02		2.8693108e+02		3.7770834e+02
3.7000000e+02		3.7100000e+02		3.7050000e+02		8.4427990e+02		3.9307490e+02		6.5676748e+02		6.2553468e+02		2.6759007e+02		3.5794461e+02
3.7100000e+02		3.7200000e+02		3.7150000e+02		8.7164560e+02		4.0721221e+02		6.7964035e+02		6.4767437e+02		2.7453675e+02		3.7313762e+02
3.7200000e+02		3.7300000e+02		3.7250000e+02		7.2411383e+02		3.3944010e+02		5.6591222e+02		5.3958657e+02		2.2663572e+02		3.1295085e+02
3.7300000e+02		3.7400000e+02		3.7350000e+02		6.3155746e+02		2.9704916e+02		4.9470612e+02		4.7194414e+02		1.9641731e+02		2.7552683e+02
3.7400000e+02		3.7500000e+02		3.7450000e+02		6.4642322e+02		3.0505314e+02		5.0749629e+02		4.8440011e+02		1.9976252e+02		2.8463759e+02
3.7500000e+02		3.7600000e+02		3.7550000e+02		7.4036161e+02		3.5053357e+02		5.8254669e+02		5.5632299e+02		2.2732975e+02		3.2899324e+02
3.7600000e+02		3.7700000e+02		3.7650000e+02		7.6758018e+02		3.6460372e+02		6.0530080e+02		5.7834812e+02		2.3417319e+02		3.4417492e+02
3.7700000e+02		3.7800000e+02		3.7750000e+02		9.0048278e+02		4.2911018e+02		7.1166108e+02		6.8031502e+02		2.7294538e+02		4.0736964e+02
3.7800000e+02		3.7900000e+02		3.7850000e+02		9.3786543e+02		4.4834739e+02		7.4281119e+02		7.1044597e+02		2.8243209e+02		4.2801388e+02
3.7900000e+02		3.8000000e+02		3.7950000e+02		7.6051322e+02		3.6470901e+02		6.0363552e+02		5.7761733e+02		2.2753076e+02		3.5008657e+02
3.8000000e+02		3.8100000e+02		3.8050000e+02		8.2814537e+02		3.9837946e+02		6.5871077e+02		6.3062344e+02		2.4614258e+02		3.8448086e+02
3.8100000e+02		3.8200000e+02		3.8150000e+02		7.4366886e+02		3.5884410e+02		5.9275898e+02		5.6775445e+02		2.1958057e+02		3.4817388e+02
3.8200000e+02		3.8300000e+02		3.8250000e+02		5.3336093e+02		2.5814792e+02		4.2601059e+02		4.0823200e+02		1.5644341e+02		2.5178859e+02
3.8300000e+02		3.8400000e+02		3.8350000e+02		4.7073026e+02		2.2852108e+02		3.7675787e+02		3.6120227e+02		1.3715696e+02		2.2404531e+02
3.8400000e+02		3.8500000e+02		3.8450000e+02		6.2969557e+02		3.0660367e+02		5.0501296e+02		4.8438359e+02		1.8225291e+02		3.0213068e+02
3.8500000e+02		3.8600000e+02		3.8550000e+02		6.6694888e+02		3.2569998e+02		5.3596541e+02		5.1430380e+02		1.9174457e+02		3.2255923e+02
3.8600000e+02		3.8700000e+02		3.8650000e+02		6.6977732e+02		3.2803495e+02		5.3930905e+02		5.1774286e+02		1.9126546e+02		3.2647740e+02
3.8700000e+02		3.8800000e+02		3.8750000e+02		6.6902499e+02		3.2861149e+02		5.3976352e+02		5.1840692e+02		1.8976374e+02		3.2864317e+02
3.8800000e+02		3.8900000e+02		3.8850000e+02		6.7841027e+02		3.3417189e+02		5.4840130e+02		5.2693134e+02		1.9112503e+02		3.3580630e+02
3.8900000e+02		3.9000000e+02		3.8950000e+02		8.1451188e+02		4.0234496e+02		6.5968929e+02		6.3413360e+02		2.2791171e+02		4.0622188e+02
3.9000000e+02		3.9100000e+02		3.9050000e+02		8.5560997e+02		4.2382583e+02		6.9429665e+02		6.6768205e+02		2.3778217e+02		4.2989988e+02
3.9100000e+02		3.9200000e+02		3.9150000e+02		9.2006232e+02		4.5701043e+02		7.4800580e+02		7.1963200e+02		2.5394828e+02		4.6568372e+02
3.9200000e+02		3.9300000e+02		3.9250000e+02		7.0614281e+02		3.5171080e+02		5.7516193e+02		5.5357199e+02		1.9356898e+02		3.6000301e+02
3.9300000e+02		3.9400000e+02		3.9350000e+02		4.3291589e+02		2.1620620e+02		3.5326652e+02		3.4014380e+02		1.1785631e+02		2.2228749e+02
3.9400000e+02		3.9500000e+02		3.9450000e+02		7.1565803e+02		3.5836779e+02		5.8505604e+02		5.6354854e+02		1.9348715e+02		3.7006139e+02
3.9500000e+02		3.9600000e+02		3.9550000e+02		8.7888136e+02		4.4126547e+02		7.1979169e+02		6.9360495e+02		2.3597475e+02		4.5763020e+02
3.9600000e+02		3.9700000e+02		3.9650000e+02		6.0712893e+02		3.0553192e+02		4.9799859e+02		4.8004262e+02		1.6182682e+02		3.1821580e+02
3.9700000e+02		3.9800000e+02		3.9750000e+02		6.8053003e+02		3.4331663e+02		5.5914142e+02		5.3917708e+02		1.8010770e+02		3.5906938e+02
3.9800000e+02		3.9900000e+02		3.9850000e+02		1.0480559e+03		5.2990631e+02		8.6238529e+02		8.3186022e+02		2.7534116e+02		5.5651905e+02
3.9900000e+02		4.0000000e+02		3.9950000e+02		1.1577145e+03		5.8662303e+02		9.5398810e+02		9.2050648e+02		3.0190364e+02		6.1860285e+02
4.0000000e+02		4.0100000e+02		4.0050000e+02		1.1939713e+03		6.0701720e+02		9.8623533e+02		9.5211695e+02		3.0947507e+02		6.4264188e+02
4.0100000e+02		4.0200000e+02		4.0150000e+02		1.2509583e+03		6.3772789e+02		1.0352811e+03		9.9987687e+02		3.2206549e+02		6.7781138e+02
4.0200000e+02		4.0300000e+02		4.0250000e+02		1.2664199e+03		6.4719176e+02		1.0498382e+03		1.0143014e+03		3.2375362e+02		6.9054779e+02
4.0300000e+02		4.0400000e+02		4.0350000e+02		1.2115903e+03		6.2067226e+02		1.0060557e+03		9.7234664e+02		3.0755413e+02		6.6479251e+02
4.0400000e+02		4.0500000e+02		4.0450000e+02		1.1914959e+03		6.1184179e+02		9.9099834e+02		9.5813002e+02		3.0031758e+02		6.5781244e+02
4.0500000e+02		4.0600000e+02		4.0550000e+02		1.1904731e+03		6.1276660e+02		9.9176027e+02		9.5919896e+02		2.9793668e+02		6.6126228e+02
4.0600000e+02		4.0700000e+02		4.0650000e+02		1.1388815e+03		5.8758671e+02		9.5030955e+02		9.1942356e+02		2.8300432e+02		6.3641924e+02
4.0700000e+02		4.0800000e+02		4.0750000e+02		1.1575323e+03		5.9859572e+02		9.6741294e+02		9.3628716e+02		2.8559590e+02		6.5069126e+02
4.0800000e+02		4.0900000e+02		4.0850000e+02		1.2307397e+03		6.3791532e+02		1.0302202e+03		9.9740608e+02		3.0149752e+02		6.9590855e+02
4.0900000e+02		4.1000000e+02		4.0950000e+02		1.2243097e+03		6.3602450e+02		1.0264391e+03		9.9407246e+02		2.9778450e+02		6.9628796e+02
4.1000000e+02		4.1100000e+02		4.1050000e+02		1.1216634e+03		5.8401009e+02		9.4183642e+02		9.1243402e+02		2.7087030e+02		6.4156372e+02
4.1100000e+02		4.1200000e+02		4.1150000e+02		1.3003372e+03		6.7854504e+02		1.0935360e+03		1.0597377e+03		3.1177251e+02		7.4796522e+02
4.1200000e+02		4.1300000e+02		4.1250000e+02		1.2760342e+03		6.6732850e+02		1.0747235e+03		1.0418367e+03		3.0375419e+02		7.3808247e+02
4.1300000e+02		4.1400000e+02		4.1350000e+02		1.2308584e+03		6.4510438e+02		1.0382290e+03		1.0067737e+03		2.9089852e+02		7.1587517e+02
4.1400000e+02		4.1500000e+02		4.1450000e+02		1.2488872e+03		6.5596347e+02		1.0549994e+03		1.0233520e+03		2.9303911e+02		7.3031291e+02
4.1500000e+02		4.1600000e+02		4.1550000e+02		1.2477523e+03		6.5676421e+02		1.0555887e+03		1.0242359e+03		2.9066677e+02		7.3356918e+02
4.1600000e+02		4.1700000e+02		4.1650000e+02		1.2947363e+03		6.8292898e+02		1.0969254e+03		1.0646646e+03		2.9943790e+02		7.6522668e+02
4.1700000e+02		4.1800000e+02		4.1750000e+02		1.1781342e+03		6.2271477e+02		9.9956438e+02		9.7045348e+02		2.7050227e+02		6.9995121e+02
4.1800000e+02		4.1900000e+02		4.1850000e+02		1.2217101e+03		6.4699176e+02		1.0378945e+03		1.0079381e+03		2.7843825e+02		7.2949989e+02
4.1900000e+02		4.2000000e+02		4.1950000e+02		1.2338424e+03		6.5484634e+02		1.0498041e+03		1.0198265e+03		2.7921667e+02		7.4060986e+02
4.2000000e+02		4.2100000e+02		4.2050000e+02		1.2494927e+03		6.6449841e+02		1.0646106e+03		1.0345080e+03		2.8071458e+02		7.5379339e+02
4.2100000e+02		4.2200000e+02		4.2150000e+02		1.2299982e+03		6.5543928e+02		1.0494480e+03		1.0200627e+03		2.7433292e+02		7.4572975e+02
4.2200000e+02		4.2300000e+02		4.2250000e+02		1.1657134e+03		6.2241270e+02		9.9595925e+02		9.6834216e+02		2.5810964e+02		7.1023252e+02
4.2300000e+02		4.2400000e+02		4.2350000e+02		1.2419943e+03		6.6444025e+02		1.0625679e+03		1.0333890e+03		2.7300336e+02		7.6038559e+02
4.2400000e+02		4.2500000e+02		4.2450000e+02		1.2850442e+03		6.8880324e+02		1.1008713e+03		1.0709323e+03		2.8041390e+02		7.9051842e+02
4.2500000e+02		4.2600000e+02		4.2550000e+02		1.2367256e+03		6.6417492e+02		1.0608826e+03		1.0323091e+03		2.6790767e+02		7.6440140e+02
4.2600000e+02		4.2700000e+02		4.2650000e+02		1.2316584e+03		6.6270878e+02		1.0579228e+03		1.0297027e+03		2.6486819e+02		7.6483455e+02
4.2700000e+02		4.2800000e+02		4.2750000e+02		1.1420512e+03		6.1564844e+02		9.8223009e+02		9.5628033e+02		2.4380936e+02		7.1247097e+02
4.2800000e+02		4.2900000e+02		4.2850000e+02		1.1495483e+03		6.2084146e+02		9.8994982e+02		9.6404625e+02		2.4362114e+02		7.2042511e+02
4.2900000e+02		4.3000000e+02		4.2950000e+02		1.0698649e+03		5.7886904e+02		9.2250256e+02		8.9859417e+02		2.2508026e+02		6.7351390e+02
4.3000000e+02		4.3100000e+02		4.3050000e+02		8.6065012e+02		4.6651716e+02		7.4304035e+02		7.2396638e+02		1.7974374e+02		5.4422264e+02
4.3100000e+02		4.3200000e+02		4.3150000e+02		1.0641754e+03		5.7787727e+02		9.1989999e+02		8.9651027e+02		2.2062620e+02		6.7588407e+02
4.3200000e+02		4.3300000e+02		4.3250000e+02		1.1990384e+03		6.5227211e+02		1.0377595e+03		1.0116230e+03		2.4676971e+02		7.6485329e+02
4.3300000e+02		4.3400000e+02		4.3350000e+02		1.3017454e+03		7.0939333e+02		1.1280296e+03		1.0998882e+03		2.6594880e+02		8.3393945e+02
4.3400000e+02		4.3500000e+02		4.3450000e+02		1.1054356e+03		6.0346477e+02		9.5907694e+02		9.3537614e+02		2.2419043e+02		7.1118571e+02
4.3500000e+02		4.3600000e+02		4.3550000e+02		1.2347447e+03		6.7521994e+02		1.0725498e+03		1.0462943e+03		2.4858277e+02		7.9771150e+02
4.3600000e+02		4.3700000e+02		4.3650000e+02		1.3814970e+03		7.5676305e+02		1.2014491e+03		1.1723142e+03		2.7609128e+02		8.9622291e+02
4.3700000e+02		4.3800000e+02		4.3750000e+02		1.2223713e+03		6.7072945e+02		1.0643110e+03		1.0387434e+03		2.4250097e+02		7.9624245e+02
4.3800000e+02		4.3900000e+02		4.3850000e+02		1.1905029e+03		6.5433687e+02		1.0377692e+03		1.0130722e+03		2.3444840e+02		7.7862376e+02
4.3900000e+02		4.4000000e+02		4.3950000e+02		1.3250738e+03		7.2950088e+02		1.1563961e+03		1.1291305e+03		2.5903432e+02		8.7009616e+02
4.4000000e+02		4.4100000e+02		4.4050000e+02		1.2562739e+03		6.9272097e+02		1.0975554e+03		1.0719071e+03		2.4376938e+02		8.2813768e+02
4.4100000e+02		4.4200000e+02		4.4150000e+02		1.3817384e+03		7.6238157e+02		1.2075454e+03		1.1793729e+03		2.6584594e+02		9.1352691e+02
4.4200000e+02		4.4300000e+02		4.4250000e+02		1.4526378e+03		8.0243721e+02		1.2704692e+03		1.2410007e+03		2.7729816e+02		9.6370255e+02
4.4300000e+02		4.4400000e+02		4.4350000e+02		1.4050936e+03		7.7736136e+02		1.2301865e+03		1.2018993e+03		2.6623635e+02		9.3566294e+02
4.4400000e+02		4.4500000e+02		4.4450000e+02		1.4475318e+03		8.0098728e+02		1.2672858e+03		1.2380941e+03		2.7183275e+02		9.6626135e+02
4.4500000e+02		4.4600000e+02		4.4550000e+02		1.3420773e+03		7.4383381e+02		1.1762923e+03		1.1494517e+03		2.5019637e+02		8.9925531e+02
4.4600000e+02		4.4700000e+02		4.4650000e+02		1.3689269e+03		7.6130115e+02		1.2029495e+03		1.1761494e+03		2.5386929e+02		9.2228013e+02
4.4700000e+02		4.4800000e+02		4.4750000e+02		1.4837056e+03		8.2674708e+02		1.3056575e+03		1.2769339e+03		2.7326986e+02		1.0036640e+03
4.4800000e+02		4.4900000e+02		4.4850000e+02		1.4587166e+03		8.1438029e+02		1.2854452e+03		1.2575168e+03		2.6681901e+02		9.9069782e+02
4.4900000e+02		4.5000000e+02		4.4950000e+02		1.4737837e+03		8.2416073e+02		1.3002553e+03		1.2723013e+03		2.6764778e+02		1.0046535e+03
4.5000000e+02		4.5100000e+02		4.5050000e+02		1.5636828e+03		8.7575419e+02		1.3810272e+03		1.3516140e+03		2.8189942e+02		1.0697145e+03
4.5100000e+02		4.5200000e+02		4.5150000e+02		1.5589734e+03		8.7439656e+02		1.3782760e+03		1.3491876e+03		2.7898795e+02		1.0701996e+03
4.5200000e+02		4.5300000e+02		4.5250000e+02		1.4757889e+03		8.2894125e+02		1.3060544e+03		1.2787398e+03		2.6216357e+02		1.0165762e+03
4.5300000e+02		4.5400000e+02		4.5350000e+02		1.4141855e+03		7.9548011e+02		1.2527912e+03		1.2268271e+03		2.4937687e+02		9.7745021e+02
4.5400000e+02		4.5500000e+02		4.5450000e+02		1.5096596e+03		8.5039191e+02		1.3386972e+03		1.3112027e+03		2.6425969e+02		1.0469430e+03
4.5500000e+02		4.5600000e+02		4.5550000e+02		1.4952815e+03		8.4347841e+02		1.3272511e+03		1.3002367e+03		2.5982291e+02		1.0404138e+03
4.5600000e+02		4.5700000e+02		4.5650000e+02		1.5527317e+03		8.7710630e+02		1.3795874e+03		1.3517596e+03		2.6782675e+02		1.0839329e+03
4.5700000e+02		4.5800000e+02		4.5750000e+02		1.5677329e+03		8.8680189e+02		1.3942588e+03		1.3663868e+03		2.6843135e+02		1.0979555e+03
4.5800000e+02		4.5900000e+02		4.5850000e+02		1.4734199e+03		8.3459119e+02		1.3116329e+03		1.2856469e+03		2.5043329e+02		1.0352136e+03
4.5900000e+02		4.6000000e+02		4.5950000e+02		1.5222067e+03		8.6339135e+02		1.3563440e+03		1.3297116e+03		2.5682913e+02		1.0728824e+03
4.6000000e+02		4.6100000e+02		4.6050000e+02		1.5039223e+03		8.5416232e+02		1.3413067e+03		1.3152037e+03		2.5188483e+02		1.0633189e+03
4.6100000e+02		4.6200000e+02		4.6150000e+02		1.5386000e+03		8.7501580e+02		1.3735074e+03		1.3470148e+03		2.5580520e+02		1.0912096e+03
4.6200000e+02		4.6300000e+02		4.6250000e+02		1.5538294e+03		8.8483637e+02		1.3883766e+03		1.3618342e+03		2.5644542e+02		1.1053888e+03
4.6300000e+02		4.6400000e+02		4.6350000e+02		1.5018384e+03		8.5634089e+02		1.3431424e+03		1.3176915e+03		2.4605023e+02		1.0716413e+03
4.6400000e+02		4.6500000e+02		4.6450000e+02		1.5281564e+03		8.7246810e+02		1.3679107e+03		1.3422190e+03		2.4852972e+02		1.0936892e+03
4.6500000e+02		4.6600000e+02		4.6550000e+02		1.4760608e+03		8.4379850e+02		1.3224569e+03		1.2978373e+03		2.3830098e+02		1.0595363e+03
4.6600000e+02		4.6700000e+02		4.6650000e+02		1.4854121e+03		8.5021489e+02		1.3320111e+03		1.3074312e+03		2.3805698e+02		1.0693742e+03
4.6700000e+02		4.6800000e+02		4.6750000e+02		1.4997486e+03		8.5920045e+02		1.3456699e+03		1.3209722e+03		2.3850497e+02		1.0824672e+03
4.6800000e+02		4.6900000e+02		4.6850000e+02		1.4665907e+03		8.4132239e+02		1.3171609e+03		1.2932195e+03		2.3155269e+02		1.0616668e+03
4.6900000e+02		4.7000000e+02		4.6950000e+02		1.5086728e+03		8.6631301e+02		1.3558505e+03		1.3313604e+03		2.3639183e+02		1.0949686e+03
4.7000000e+02		4.7100000e+02		4.7050000e+02		1.4256243e+03		8.1948829e+02		1.2821394e+03		1.2591446e+03		2.2170863e+02		1.0374360e+03
4.7100000e+02		4.7200000e+02		4.7150000e+02		1.4904926e+03		8.5764533e+02		1.3414044e+03		1.3175086e+03		2.3005659e+02		1.0874520e+03
4.7200000e+02		4.7300000e+02		4.7250000e+02		1.5269264e+03		8.7966239e+02		1.3753514e+03		1.3510637e+03		2.3396395e+02		1.1170997e+03
4.7300000e+02		4.7400000e+02		4.7350000e+02		1.4995420e+03		8.6448058e+02		1.3512620e+03		1.3274838e+03		2.2796589e+02		1.0995179e+03
4.7400000e+02		4.7500000e+02		4.7450000e+02		1.5448084e+03		8.9226430e+02		1.3940223e+03		1.3698856e+03		2.3333085e+02		1.1365548e+03
4.7500000e+02		4.7600000e+02		4.7550000e+02		1.5413846e+03		8.9175221e+02		1.3926199e+03		1.3688387e+03		2.3124841e+02		1.1375903e+03
4.7600000e+02		4.7700000e+02		4.7650000e+02		1.4853490e+03		8.6038874e+02		1.3431640e+03		1.3204451e+03		2.2124152e+02		1.0992036e+03
4.7700000e+02		4.7800000e+02		4.7750000e+02		1.5508368e+03		8.9933864e+02		1.4034981e+03		1.3799621e+03		2.2931578e+02		1.1506463e+03
4.7800000e+02		4.7900000e+02		4.7850000e+02		1.5358791e+03		8.9166206e+02		1.3910561e+03		1.3679281e+03		2.2545323e+02		1.1424748e+03
4.7900000e+02		4.8000000e+02		4.7950000e+02		1.5403519e+03		8.9525055e+02		1.3961954e+03		1.3731800e+03		2.2446716e+02		1.1487128e+03
4.8000000e+02		4.8100000e+02		4.8050000e+02		1.5442750e+03		8.9851644e+02		1.4008330e+03		1.3779377e+03		2.2340497e+02		1.1545327e+03
4.8100000e+02		4.8200000e+02		4.8150000e+02		1.5475498e+03		9.0140128e+02		1.4048782e+03		1.3821118e+03		2.2225426e+02		1.1598576e+03
4.8200000e+02		4.8300000e+02		4.8250000e+02		1.5416562e+03		8.9893579e+02		1.4005893e+03		1.3780848e+03		2.1980242e+02		1.1582824e+03
4.8300000e+02		4.8400000e+02		4.8350000e+02		1.5183412e+03		8.8617134e+02		1.3802988e+03		1.3582754e+03		2.1487804e+02		1.1433973e+03
4.8400000e+02		4.8500000e+02		4.8450000e+02		1.4920771e+03		8.7153854e+02		1.3571471e+03		1.3356116e+03		2.0957051e+02		1.1260411e+03
4.8500000e+02		4.8600000e+02		4.8550000e+02		1.4021236e+03		8.1940447e+02		1.2756984e+03		1.2554973e+03		1.9538889e+02		1.0601084e+03
4.8600000e+02		4.8700000e+02		4.8650000e+02		1.2173217e+03		7.1251452e+02		1.1088407e+03		1.0915337e+03		1.6851006e+02		9.2302359e+02
4.8700000e+02		4.8800000e+02		4.8750000e+02		1.3927585e+03		8.1571401e+02		1.2691514e+03		1.2494154e+03		1.9131568e+02		1.0580998e+03
4.8800000e+02		4.8900000e+02		4.8850000e+02		1.4651201e+03		8.5898210e+02		1.3360669e+03		1.3154667e+03		1.9980639e+02		1.1156603e+03
4.8900000e+02		4.9000000e+02		4.8950000e+02		1.4372192e+03		8.4353462e+02		1.3116332e+03		1.2915947e+03		1.9460358e+02		1.0969911e+03
4.9000000e+02		4.9100000e+02		4.9050000e+02		1.5307557e+03		8.9954945e+02		1.3982588e+03		1.3771362e+03		2.0583193e+02		1.1713043e+03
4.9100000e+02		4.9200000e+02		4.9150000e+02		1.4425606e+03		8.4851645e+02		1.3185622e+03		1.2987961e+03		1.9256445e+02		1.1062316e+03
4.9200000e+02		4.9300000e+02		4.9250000e+02		1.3729411e+03		8.0869419e+02		1.2562222e+03		1.2376423e+03		1.8203869e+02		1.0556036e+03
4.9300000e+02		4.9400000e+02		4.9350000e+02		1.4509629e+03		8.5553423e+02		1.3285893e+03		1.3091174e+03		1.9101393e+02		1.1181035e+03
4.9400000e+02		4.9500000e+02		4.9450000e+02		1.4929449e+03		8.8116644e+02		1.3679994e+03		1.3481251e+03		1.9513661e+02		1.1529885e+03
4.9500000e+02		4.9600000e+02		4.9550000e+02		1.4663156e+03		8.6627191e+02		1.3445008e+03		1.3251289e+03		1.9027967e+02		1.1348493e+03
4.9600000e+02		4.9700000e+02		4.9650000e+02		1.4846220e+03		8.7791275e+02		1.3621918e+03		1.3427266e+03		1.9127282e+02		1.1514538e+03
4.9700000e+02		4.9800000e+02		4.9750000e+02		1.5123203e+03		8.9512573e+02		1.3885203e+03		1.3688418e+03		1.9344443e+02		1.1753974e+03
4.9800000e+02		4.9900000e+02		4.9850000e+02		1.3744029e+03		8.1417629e+02		1.2626294e+03		1.2448620e+03		1.7452682e+02		1.0703352e+03
4.9900000e+02		5.0000000e+02		4.9950000e+02		1.4721832e+03		8.7254988e+02		1.3528923e+03		1.3339111e+03		1.8552085e+02		1.1483902e+03
