Left Bin Edge (nm)	Right Bin Edge (nm)	Bin Center (nm)		Top of Atm Intensity (erg/s/nm/cm2)		Total Surface Flux (erg/s/nm/cm2)		Total Intensity at BOA (erg/s/nm/cm2)		Total Surface Intensity (erg/s/nm/cm2)		Total Surface Diffuse Intensity (erg/s/nm/cm2)		Total Surface Direct Intensity (erg/s/nm/cm2)
1.0000000e+02		1.0100000e+02		1.0050000e+02		4.4569042e-02		2.4525374e-199		0.0000000e+00		4.2479194e-199		4.2479194e-199		0.0000000e+00
1.0100000e+02		1.0200000e+02		1.0150000e+02		1.7387199e-01		2.8780738e-197		0.0000000e+00		4.9849701e-197		4.9849701e-197		0.0000000e+00
1.0200000e+02		1.0300000e+02		1.0250000e+02		9.2286085e-01		3.0760917e-195		0.0000000e+00		5.3279472e-195		5.3279472e-195		0.0000000e+00
1.0300000e+02		1.0400000e+02		1.0350000e+02		7.0094286e-01		3.0025220e-193		0.0000000e+00		5.2005206e-193		5.2005206e-193		0.0000000e+00
1.0400000e+02		1.0500000e+02		1.0450000e+02		1.4124828e-01		2.6834656e-191		0.0000000e+00		4.6478987e-191		4.6478987e-191		0.0000000e+00
1.0500000e+02		1.0600000e+02		1.0550000e+02		4.8389941e-02		2.2015023e-189		0.0000000e+00		3.8131138e-189		3.8131138e-189		0.0000000e+00
1.0600000e+02		1.0700000e+02		1.0650000e+02		4.5487167e-02		1.6619000e-187		0.0000000e+00		2.8784952e-187		2.8784952e-187		0.0000000e+00
1.0700000e+02		1.0800000e+02		1.0750000e+02		5.0757295e-02		1.1570804e-185		0.0000000e+00		2.0041220e-185		2.0041220e-185		0.0000000e+00
1.0800000e+02		1.0900000e+02		1.0850000e+02		7.1152114e-02		7.4467736e-184		0.0000000e+00		1.2898190e-183		1.2898190e-183		0.0000000e+00
1.0900000e+02		1.1000000e+02		1.0950000e+02		5.5817450e-02		4.4397244e-182		0.0000000e+00		7.6898282e-182		7.6898282e-182		0.0000000e+00
1.1000000e+02		1.1100000e+02		1.1050000e+02		5.4043772e-02		2.4571449e-180		0.0000000e+00		4.2558999e-180		4.2558999e-180		0.0000000e+00
1.1100000e+02		1.1200000e+02		1.1150000e+02		5.0797691e-02		1.2649211e-178		0.0000000e+00		2.1909077e-178		2.1909077e-178		0.0000000e+00
1.1200000e+02		1.1300000e+02		1.1250000e+02		5.1969037e-02		6.0686756e-177		0.0000000e+00		1.0511255e-176		1.0511255e-176		0.0000000e+00
1.1300000e+02		1.1400000e+02		1.1350000e+02		4.1221387e-02		2.7185204e-175		0.0000000e+00		4.7086154e-175		4.7086154e-175		0.0000000e+00
1.1400000e+02		1.1500000e+02		1.1450000e+02		3.1562600e-02		1.1390992e-173		0.0000000e+00		1.9729776e-173		1.9729776e-173		0.0000000e+00
1.1500000e+02		1.1600000e+02		1.1550000e+02		4.3552050e-02		4.4723475e-172		0.0000000e+00		7.7463332e-172		7.7463332e-172		0.0000000e+00
1.1600000e+02		1.1700000e+02		1.1650000e+02		1.0143732e-01		1.6481008e-170		0.0000000e+00		2.8545943e-170		2.8545943e-170		0.0000000e+00
1.1700000e+02		1.1800000e+02		1.1750000e+02		3.6108525e-01		5.7096645e-169		0.0000000e+00		9.8894290e-169		9.8894290e-169		0.0000000e+00
1.1800000e+02		1.1900000e+02		1.1850000e+02		1.2283927e-01		1.8624997e-167		0.0000000e+00		3.2259441e-167		3.2259441e-167		0.0000000e+00
1.1900000e+02		1.2000000e+02		1.1950000e+02		1.7115732e-01		5.7292556e-166		0.0000000e+00		9.9233617e-166		9.9233617e-166		0.0000000e+00
1.2000000e+02		1.2100000e+02		1.2050000e+02		9.3056497e-01		1.6643791e-164		0.0000000e+00		2.8827891e-164		2.8827891e-164		0.0000000e+00
1.2100000e+02		1.2200000e+02		1.2150000e+02		3.6941242e+01		4.5727110e-163		0.0000000e+00		7.9201677e-163		7.9201677e-163		0.0000000e+00
1.2200000e+02		1.2300000e+02		1.2250000e+02		2.4773856e-01		1.1897509e-161		0.0000000e+00		2.0607090e-161		2.0607090e-161		0.0000000e+00
1.2300000e+02		1.2400000e+02		1.2350000e+02		1.3344721e-01		2.9354539e-160		3.4291052e-161		5.0843554e-160		5.0843554e-160		0.0000000e+00
1.2400000e+02		1.2500000e+02		1.2450000e+02		1.0726631e-01		6.8768356e-159		8.2616089e-160		1.1911029e-158		1.1911029e-158		0.0000000e+00
1.2500000e+02		1.2600000e+02		1.2550000e+02		1.0471361e-01		1.5315623e-157		1.8899226e-158		2.6527437e-157		2.6527437e-157		0.0000000e+00
1.2600000e+02		1.2700000e+02		1.2650000e+02		1.4644878e-01		3.2466533e-156		4.1129798e-157		5.6233684e-156		5.6233684e-156		0.0000000e+00
1.2700000e+02		1.2800000e+02		1.2750000e+02		7.6659940e-02		6.5583975e-155		8.5263070e-156		1.1359478e-154		1.1359478e-154		0.0000000e+00
1.2800000e+02		1.2900000e+02		1.2850000e+02		6.1165494e-02		1.2638923e-153		1.6855691e-154		2.1891257e-153		2.1891257e-153		0.0000000e+00
1.2900000e+02		1.3000000e+02		1.2950000e+02		8.1594975e-02		2.3262035e-152		3.1811986e-153		4.0291026e-152		4.0291026e-152		0.0000000e+00
1.3000000e+02		1.3100000e+02		1.3050000e+02		6.7007791e-01		4.0932738e-151		5.7379269e-152		7.0897582e-151		7.0897582e-151		0.0000000e+00
1.3100000e+02		1.3200000e+02		1.3150000e+02		9.0731094e-02		6.8932740e-150		9.9012711e-151		1.1939501e-149		1.1939501e-149		0.0000000e+00
1.3200000e+02		1.3300000e+02		1.3250000e+02		7.0547730e-02		1.1121020e-148		1.6361975e-149		1.9262171e-148		1.9262171e-148		0.0000000e+00
1.3300000e+02		1.3400000e+02		1.3350000e+02		9.5357088e-01		1.7204725e-147		2.5918484e-148		2.9799458e-147		2.9799458e-147		0.0000000e+00
1.3400000e+02		1.3500000e+02		1.3450000e+02		6.5246966e-02		2.5547129e-146		3.9393680e-147		4.4248926e-146		4.4248926e-146		0.0000000e+00
1.3500000e+02		1.3600000e+02		1.3550000e+02		1.3692679e-01		3.6443733e-145		5.7502714e-146		6.3122398e-145		6.3122398e-145		0.0000000e+00
1.3600000e+02		1.3700000e+02		1.3650000e+02		8.9861989e-02		4.9988914e-144		8.0680661e-145		8.6583339e-144		8.6583339e-144		0.0000000e+00
1.3700000e+02		1.3800000e+02		1.3750000e+02		9.2282630e-02		6.5988305e-143		1.0890660e-143		1.1429510e-142		1.1429510e-142		0.0000000e+00
1.3800000e+02		1.3900000e+02		1.3850000e+02		9.4180145e-02		8.3900456e-142		1.4154845e-142		1.4531985e-141		1.4531985e-141		0.0000000e+00
1.3900000e+02		1.4000000e+02		1.3950000e+02		3.1801144e-01		1.0282937e-140		1.7728123e-141		1.7810569e-140		1.7810569e-140		0.0000000e+00
1.4000000e+02		1.4100000e+02		1.4050000e+02		2.7729440e-01		1.2158128e-139		2.1413066e-140		2.1058495e-139		2.1058495e-139		0.0000000e+00
1.4100000e+02		1.4200000e+02		1.4150000e+02		1.3359910e-01		1.3878563e-138		2.4962616e-139		2.4038376e-138		2.4038376e-138		0.0000000e+00
1.4200000e+02		1.4300000e+02		1.4250000e+02		1.4479671e-01		1.5306392e-137		2.8107493e-138		2.6511448e-137		2.6511448e-137		0.0000000e+00
1.4300000e+02		1.4400000e+02		1.4350000e+02		1.6064305e-01		1.6321686e-136		3.0590515e-137		2.8269989e-136		2.8269989e-136		0.0000000e+00
1.4400000e+02		1.4500000e+02		1.4450000e+02		1.5363637e-01		1.6839361e-135		3.2203166e-136		2.9166628e-135		2.9166628e-135		0.0000000e+00
1.4500000e+02		1.4600000e+02		1.4550000e+02		1.6382583e-01		1.6820960e-134		3.2813768e-135		2.9134757e-134		2.9134757e-134		0.0000000e+00
1.4600000e+02		1.4700000e+02		1.4650000e+02		1.9977093e-01		1.6279034e-133		3.2385584e-134		2.8196115e-133		2.8196115e-133		0.0000000e+00
1.4700000e+02		1.4800000e+02		1.4750000e+02		2.4643334e-01		1.5273534e-132		3.0978783e-133		2.6454538e-132		2.6454538e-132		0.0000000e+00
1.4800000e+02		1.4900000e+02		1.4850000e+02		2.4167300e-01		1.3901328e-131		2.8738614e-132		2.4077806e-131		2.4077806e-131		0.0000000e+00
1.4900000e+02		1.5000000e+02		1.4950000e+02		2.1832777e-01		1.2281296e-130		2.5871902e-131		2.1271829e-130		2.1271829e-130		0.0000000e+00
1.5000000e+02		1.5100000e+02		1.5050000e+02		2.4023073e-01		1.0538084e-129		2.2615917e-130		1.8252497e-129		1.8252497e-129		0.0000000e+00
1.5100000e+02		1.5200000e+02		1.5150000e+02		2.5258505e-01		8.7873962e-129		1.9207690e-129		1.5220217e-128		1.5220217e-128		0.0000000e+00
1.5200000e+02		1.5300000e+02		1.5250000e+02		3.2229547e-01		7.1249985e-128		1.5858364e-128		1.2340859e-127		1.2340859e-127		0.0000000e+00
1.5300000e+02		1.5400000e+02		1.5350000e+02		3.5701286e-01		5.6204869e-127		1.2735115e-127		9.7349688e-127		9.7349688e-127		0.0000000e+00
1.5400000e+02		1.5500000e+02		1.5450000e+02		9.5486931e-01		4.3157872e-126		9.9527686e-127		7.4751628e-126		7.4751628e-126		0.0000000e+00
1.5500000e+02		1.5600000e+02		1.5550000e+02		7.8587524e-01		3.2275235e-125		7.5737305e-126		5.5902347e-125		5.5902347e-125		0.0000000e+00
1.5600000e+02		1.5700000e+02		1.5650000e+02		4.6648084e-01		2.3519206e-124		5.6146782e-125		4.0736459e-124		4.0736459e-124		0.0000000e+00
1.5700000e+02		1.5800000e+02		1.5750000e+02		4.2309893e-01		1.6708397e-123		4.0569653e-124		2.8939793e-123		2.8939793e-123		0.0000000e+00
1.5800000e+02		1.5900000e+02		1.5850000e+02		3.9008072e-01		1.1577514e-122		2.8585984e-123		2.0052842e-122		2.0052842e-122		0.0000000e+00
1.5900000e+02		1.6000000e+02		1.5950000e+02		3.8042347e-01		7.8283179e-122		1.9651180e-122		1.3559044e-121		1.3559044e-121		0.0000000e+00
1.6000000e+02		1.6100000e+02		1.6050000e+02		4.1635449e-01		5.1676544e-121		1.3185761e-121		8.9506400e-121		8.9506400e-121		0.0000000e+00
1.6100000e+02		1.6200000e+02		1.6150000e+02		4.7164413e-01		3.3318431e-120		8.6397283e-121		5.7709215e-120		5.7709215e-120		0.0000000e+00
1.6200000e+02		1.6300000e+02		1.6250000e+02		5.2241459e-01		2.0990902e-119		5.5305185e-120		3.6357309e-119		3.6357309e-119		0.0000000e+00
1.6300000e+02		1.6400000e+02		1.6350000e+02		1.1072121e+00		1.2927603e-118		3.4600849e-119		2.2391266e-118		2.2391266e-118		0.0000000e+00
1.6400000e+02		1.6500000e+02		1.6450000e+02		1.1323318e+00		7.7862006e-118		2.1166295e-118		1.3486095e-117		1.3486095e-117		0.0000000e+00
1.6500000e+02		1.6600000e+02		1.6550000e+02		1.3255566e+00		4.5880665e-117		1.2665413e-117		7.9467642e-117		7.9467642e-117		0.0000000e+00
1.6600000e+02		1.6700000e+02		1.6650000e+02		6.2522883e-01		2.6460747e-116		7.4162176e-117		4.5831358e-116		4.5831358e-116		0.0000000e+00
1.6700000e+02		1.6800000e+02		1.6750000e+02		6.6723830e-01		1.4942057e-115		4.2511166e-116		2.5880402e-115		2.5880402e-115		0.0000000e+00
1.6800000e+02		1.6900000e+02		1.6850000e+02		7.1904320e-01		8.2645305e-115		2.3864174e-115		1.4314587e-114		1.4314587e-114		0.0000000e+00
1.6900000e+02		1.7000000e+02		1.6950000e+02		9.0554889e-01		4.4790433e-114		1.3124208e-114		7.7579306e-114		7.7579306e-114		0.0000000e+00
1.7000000e+02		1.7100000e+02		1.7050000e+02		1.0161854e+00		2.3794007e-113		7.0736141e-114		4.1212429e-113		4.1212429e-113		0.0000000e+00
1.7100000e+02		1.7200000e+02		1.7150000e+02		1.0130704e+00		1.2394172e-112		3.7377063e-113		2.1467335e-112		2.1467335e-112		0.0000000e+00
1.7200000e+02		1.7300000e+02		1.7250000e+02		1.0571150e+00		6.3326258e-112		1.9369335e-112		1.0968430e-111		1.0968430e-111		0.0000000e+00
1.7300000e+02		1.7400000e+02		1.7350000e+02		1.0479596e+00		3.1747677e-111		9.8472809e-112		5.4988589e-111		5.4988589e-111		0.0000000e+00
1.7400000e+02		1.7500000e+02		1.7450000e+02		1.2530722e+00		1.5622263e-110		4.9130668e-111		2.7058553e-110		2.7058553e-110		0.0000000e+00
1.7500000e+02		1.7600000e+02		1.7550000e+02		1.4954862e+00		7.5477685e-110		2.4063786e-110		1.3073119e-109		1.3073119e-109		0.0000000e+00
1.7600000e+02		1.7700000e+02		1.7650000e+02		1.6135596e+00		3.5815536e-109		1.1574143e-109		6.2034328e-109		6.2034328e-109		0.0000000e+00
1.7700000e+02		1.7800000e+02		1.7750000e+02		1.9010195e+00		1.6696870e-108		5.4684397e-109		2.8919827e-108		2.8919827e-108		0.0000000e+00
1.7800000e+02		1.7900000e+02		1.7850000e+02		2.0776624e+00		7.6496021e-108		2.5387667e-108		1.3249499e-107		1.3249499e-107		0.0000000e+00
1.7900000e+02		1.8000000e+02		1.7950000e+02		2.0198657e+00		3.4451572e-107		1.1585261e-107		5.9671873e-107		5.9671873e-107		0.0000000e+00
1.8000000e+02		1.8100000e+02		1.8050000e+02		2.4976225e+00		1.5256989e-106		5.1982094e-107		2.6425880e-106		2.6425880e-106		0.0000000e+00
1.8100000e+02		1.8200000e+02		1.8150000e+02		3.0410490e+00		6.6456649e-106		2.2940778e-106		1.1510629e-105		1.1510629e-105		0.0000000e+00
1.8200000e+02		1.8300000e+02		1.8250000e+02		2.8073836e+00		2.8479578e-105		9.9620780e-106		4.9328076e-105		4.9328076e-105		0.0000000e+00
1.8300000e+02		1.8400000e+02		1.8350000e+02		2.9562417e+00		1.2010699e-104		4.2582085e-105		2.0803140e-104		2.0803140e-104		0.0000000e+00
1.8400000e+02		1.8500000e+02		1.8450000e+02		2.5409769e+00		4.9860617e-104		1.7918682e-104		8.6361121e-104		8.6361121e-104		0.0000000e+00
1.8500000e+02		1.8600000e+02		1.8550000e+02		2.8735562e+00		2.0379634e-103		7.4307956e-104		3.5298561e-103		3.5298561e-103		0.0000000e+00
1.8600000e+02		1.8700000e+02		1.8650000e+02		3.2604304e+00		8.2034125e-103		3.0370681e-103		1.4208727e-102		1.4208727e-102		0.0000000e+00
1.8700000e+02		1.8800000e+02		1.8750000e+02		3.6946466e+00		3.2526965e-102		1.2244254e-102		5.6338355e-102		5.6338355e-102		0.0000000e+00
1.8800000e+02		1.8900000e+02		1.8850000e+02		3.8870616e+00		1.2706357e-101		4.8754031e-102		2.2008056e-101		2.2008056e-101		0.0000000e+00
1.8900000e+02		1.9000000e+02		1.8950000e+02		4.3106081e+00		4.8908975e-101		1.9204602e-101		8.4712829e-101		8.4712829e-101		0.0000000e+00
1.9000000e+02		1.9100000e+02		1.9050000e+02		4.4384288e+00		1.8553462e-100		7.4874904e-101		3.2135538e-100		3.2135538e-100		0.0000000e+00
1.9100000e+02		1.9200000e+02		1.9150000e+02		4.8094361e+00		6.9377252e-100		2.8891668e-100		1.2016493e-99		1.2016493e-99		1.3966544e-312
1.9200000e+02		1.9300000e+02		1.9250000e+02		5.0365493e+00		2.5570251e-99		1.1075264e-99		4.4288974e-99		4.4288974e-99		1.8189269e-216
1.9300000e+02		1.9400000e+02		1.9350000e+02		3.8447944e+00		9.2937706e-99		3.7123000e-99		1.6097283e-98		1.6097283e-98		1.1727710e-156
1.9400000e+02		1.9500000e+02		1.9450000e+02		6.1679797e+00		3.3328798e-98		6.3786193e-91		5.7727171e-98		5.7727171e-98		3.2814025e-123
1.9500000e+02		1.9600000e+02		1.9550000e+02		5.9528271e+00		1.4734677e-97		1.2057228e-81		2.4889438e-97		2.0799461e-97		4.0899771e-98
1.9600000e+02		1.9700000e+02		1.9650000e+02		6.5508102e+00		7.4351592e-85		8.5328449e-71		1.1294448e-84		1.0423275e-85		1.0252120e-84
1.9700000e+02		1.9800000e+02		1.9750000e+02		6.5190955e+00		5.1486581e-75		2.2568744e-62		7.8298023e-75		7.8669653e-76		7.0431057e-75
1.9800000e+02		1.9900000e+02		1.9850000e+02		6.3883794e+00		2.1597219e-39		6.9963628e-33		3.3380803e-39		7.3127771e-40		2.6068026e-39
1.9900000e+02		2.0000000e+02		1.9950000e+02		6.7274707e+00		2.8168428e-05		1.4220132e-04		4.8783565e-05		4.8747418e-05		3.6147224e-08
2.0000000e+02		2.0100000e+02		2.0050000e+02		7.1125146e+00		1.1285626e-03		4.8102114e-03		1.9546285e-03		1.9539858e-03		6.4263485e-07
2.0100000e+02		2.0200000e+02		2.0150000e+02		7.5701275e+00		2.1053358e-01		7.5626732e-01		3.6465251e-01		3.6463739e-01		1.5121213e-05
2.0200000e+02		2.0300000e+02		2.0250000e+02		7.4828608e+00		4.3312933e-01		1.5325982e+00		7.5019808e-01		7.5017261e-01		2.5470382e-05
2.0300000e+02		2.0400000e+02		2.0350000e+02		8.0092047e+00		1.9139145e+00		6.6346479e+00		3.3149891e+00		3.3149368e+00		5.2232784e-05
2.0400000e+02		2.0500000e+02		2.0450000e+02		8.6207445e+00		4.4847152e+00		1.5437412e+01		7.7677417e+00		7.7676581e+00		8.3588173e-05
2.0500000e+02		2.0600000e+02		2.0550000e+02		8.6400754e+00		4.4272255e+00		1.5233899e+01		7.6681629e+00		7.6680550e+00		1.0785696e-04
2.0600000e+02		2.0700000e+02		2.0650000e+02		8.6510225e+00		4.5075235e+00		1.5503578e+01		7.8072383e+00		7.8070995e+00		1.3874054e-04
2.0700000e+02		2.0800000e+02		2.0750000e+02		9.3957826e+00		4.9894546e+00		1.7153947e+01		8.6419592e+00		8.6417669e+00		1.9233297e-04
2.0800000e+02		2.0900000e+02		2.0850000e+02		1.0163489e+01		5.3505786e+00		1.8389023e+01		9.2674335e+00		9.2671709e+00		2.6259986e-04
2.0900000e+02		2.1000000e+02		2.0950000e+02		1.3129215e+01		7.0938008e+00		2.4370040e+01		1.2286757e+01		1.2286329e+01		4.2787120e-04
2.1000000e+02		2.1100000e+02		2.1050000e+02		1.6183343e+01		8.6572656e+00		2.9731314e+01		1.4994722e+01		1.4994065e+01		6.5711295e-04
2.1100000e+02		2.1200000e+02		2.1150000e+02		1.8424170e+01		1.0021011e+01		3.4401770e+01		1.7356756e+01		1.7355826e+01		9.3067142e-04
2.1200000e+02		2.1300000e+02		2.1250000e+02		1.6428561e+01		9.0116626e+00		3.0925817e+01		1.5608499e+01		1.5607474e+01		1.0249657e-03
2.1300000e+02		2.1400000e+02		2.1350000e+02		1.6737981e+01		9.1871242e+00		3.1517651e+01		1.5912368e+01		1.5911087e+01		1.2810276e-03
2.1400000e+02		2.1500000e+02		2.1450000e+02		2.1432541e+01		1.1949160e+01		4.0978823e+01		2.0696243e+01		2.0694236e+01		2.0062701e-03
2.1500000e+02		2.1600000e+02		2.1550000e+02		1.8408135e+01		1.0235559e+01		3.5091404e+01		1.7728185e+01		1.7726095e+01		2.0894020e-03
2.1600000e+02		2.1700000e+02		2.1650000e+02		1.7036901e+01		9.5858773e+00		3.2853272e+01		1.6602865e+01		1.6600526e+01		2.3389447e-03
2.1700000e+02		2.1800000e+02		2.1750000e+02		1.7640866e+01		9.9471459e+00		3.4081151e+01		1.7228513e+01		1.7225603e+01		2.9096298e-03
2.1800000e+02		2.1900000e+02		2.1850000e+02		2.3730294e+01		1.3456521e+01		4.6091135e+01		2.3306655e+01		2.3301973e+01		4.6826628e-03
2.1900000e+02		2.2000000e+02		2.1950000e+02		2.5052511e+01		1.4300227e+01		4.8966418e+01		2.4767810e+01		2.4761922e+01		5.8880410e-03
2.2000000e+02		2.2100000e+02		2.2050000e+02		2.5203754e+01		1.4393567e+01		4.9272254e+01		2.4929305e+01		2.4922290e+01		7.0151872e-03
2.2100000e+02		2.2200000e+02		2.2150000e+02		2.0176768e+01		1.1609894e+01		3.9731727e+01		2.0107903e+01		2.0101272e+01		6.6310409e-03
2.2200000e+02		2.2300000e+02		2.2250000e+02		2.7154039e+01		1.5656223e+01		5.3564653e+01		2.7115755e+01		2.7105274e+01		1.0480860e-02
2.2300000e+02		2.2400000e+02		2.2350000e+02		3.5163062e+01		2.0393126e+01		6.9751944e+01		3.5319476e+01		3.5303589e+01		1.5886912e-02
2.2400000e+02		2.2500000e+02		2.2450000e+02		3.2875934e+01		1.9091700e+01		6.5283604e+01		3.3065122e+01		3.3047821e+01		1.7300968e-02
2.2500000e+02		2.2600000e+02		2.2550000e+02		2.8720078e+01		1.6744478e+01		5.7242432e+01		2.8999577e+01		2.8982030e+01		1.7546874e-02
2.2600000e+02		2.2700000e+02		2.2650000e+02		2.1037217e+01		1.2296104e+01		4.2024622e+01		2.1295182e+01		2.1280321e+01		1.4860299e-02
2.2700000e+02		2.2800000e+02		2.2750000e+02		2.0463841e+01		1.1993759e+01		4.0981051e+01		2.0771227e+01		2.0754573e+01		1.6653857e-02
2.2800000e+02		2.2900000e+02		2.2850000e+02		2.8509984e+01		1.6762544e+01		5.7261202e+01		2.9029463e+01		2.9002825e+01		2.6638413e-02
2.2900000e+02		2.3000000e+02		2.2950000e+02		2.5620938e+01		1.5101750e+01		5.1575407e+01		2.6152768e+01		2.6125381e+01		2.7387839e-02
2.3000000e+02		2.3100000e+02		2.3050000e+02		2.9055844e+01		1.7157008e+01		5.8580576e+01		2.9711341e+01		2.9675932e+01		3.5408548e-02
2.3100000e+02		2.3200000e+02		2.3150000e+02		2.7387429e+01		1.6205614e+01		5.5319139e+01		2.8063087e+01		2.8025156e+01		3.7931021e-02
2.3200000e+02		2.3300000e+02		2.3250000e+02		2.9413108e+01		1.7436027e+01		5.9505433e+01		3.0192956e+01		3.0146809e+01		4.6147630e-02
2.3300000e+02		2.3400000e+02		2.3350000e+02		2.6543685e+01		1.5763109e+01		5.3783773e+01		2.7295240e+01		2.7248205e+01		4.7035117e-02
2.3400000e+02		2.3500000e+02		2.3450000e+02		2.3194371e+01		1.3796599e+01		4.7063346e+01		2.3889262e+01		2.3842981e+01		4.6281086e-02
2.3500000e+02		2.3600000e+02		2.3550000e+02		3.1223226e+01		1.8600943e+01		6.3437785e+01		3.2206973e+01		3.2137020e+01		6.9953578e-02
2.3600000e+02		2.3700000e+02		2.3650000e+02		2.8911473e+01		1.7250433e+01		5.8818791e+01		2.9867422e+01		2.9794891e+01		7.2530524e-02
2.3700000e+02		2.3800000e+02		2.3750000e+02		3.0878004e+01		1.8448672e+01		6.2890491e+01		3.1940677e+01		3.1854180e+01		8.6496973e-02
2.3800000e+02		2.3900000e+02		2.3850000e+02		2.5598090e+01		1.5316841e+01		5.2202758e+01		2.6517210e+01		2.6437339e+01		7.9870473e-02
2.3900000e+02		2.4000000e+02		2.3950000e+02		2.7890834e+01		1.6709889e+01		5.6938060e+01		2.8927445e+01		2.8830772e+01		9.6672983e-02
2.4000000e+02		2.4100000e+02		2.4050000e+02		2.5623038e+01		1.5372260e+01		5.2368731e+01		2.6610332e+01		2.6511905e+01		9.8426950e-02
2.4100000e+02		2.4200000e+02		2.4150000e+02		3.0005079e+01		1.8026881e+01		6.1398880e+01		3.1203788e+01		3.1076347e+01		1.2744039e-01
2.4200000e+02		2.4300000e+02		2.4250000e+02		4.1301739e+01		2.4846989e+01		8.4609546e+01		4.3006357e+01		4.2812857e+01		1.9349992e-01
2.4300000e+02		2.4400000e+02		2.4350000e+02		3.8791639e+01		2.3367181e+01		7.9553224e+01		4.0442249e+01		4.0242231e+01		2.0001854e-01
2.4400000e+02		2.4500000e+02		2.4450000e+02		3.6329084e+01		2.1916547e+01		7.4598397e+01		3.7928791e+01		3.7723041e+01		2.0574973e-01
2.4500000e+02		2.4600000e+02		2.4550000e+02		2.9476122e+01		1.7798516e+01		6.0568521e+01		3.0799682e+01		3.0616791e+01		1.8289162e-01
2.4600000e+02		2.4700000e+02		2.4650000e+02		2.8685918e+01		1.7354437e+01		5.9044493e+01		3.0028685e+01		2.9833944e+01		1.9474122e-01
2.4700000e+02		2.4800000e+02		2.4750000e+02		3.1678139e+01		1.9187585e+01		6.5267148e+01		3.3197619e+01		3.2962921e+01		2.3469834e-01
2.4800000e+02		2.4900000e+02		2.4850000e+02		2.5406301e+01		1.5415527e+01		5.2424930e+01		2.6668792e+01		2.6463675e+01		2.0511633e-01
2.4900000e+02		2.5000000e+02		2.4950000e+02		3.0967514e+01		1.8811527e+01		6.3959976e+01		3.2540535e+01		3.2268734e+01		2.7180138e-01
2.5000000e+02		2.5100000e+02		2.5050000e+02		3.3448743e+01		2.0357284e+01		6.9200385e+01		3.5210609e+01		3.4891831e+01		3.1877781e-01
2.5100000e+02		2.5200000e+02		2.5150000e+02		2.7888154e+01		1.6999903e+01		5.7774871e+01		2.9400207e+01		2.9112203e+01		2.8800440e-01
2.5200000e+02		2.5300000e+02		2.5250000e+02		2.5069906e+01		1.5308379e+01		5.2014572e+01		2.6471627e+01		2.6191552e+01		2.8007581e-01
2.5300000e+02		2.5400000e+02		2.5350000e+02		3.1592540e+01		1.9326492e+01		6.5652542e+01		3.3415580e+01		3.3034362e+01		3.8121749e-01
2.5400000e+02		2.5500000e+02		2.5450000e+02		3.5730773e+01		2.1902685e+01		7.4387152e+01		3.7864733e+01		3.7399717e+01		4.6501577e-01
2.5500000e+02		2.5600000e+02		2.5550000e+02		4.8755658e+01		2.9920223e+01		1.0159366e+02		5.1717882e+01		5.1035125e+01		6.8275747e-01
2.5600000e+02		2.5700000e+02		2.5650000e+02		6.2803876e+01		3.8661310e+01		1.3124384e+02		6.6817182e+01		6.5870899e+01		9.4628307e-01
2.5700000e+02		2.5800000e+02		2.5750000e+02		7.8843355e+01		4.8623499e+01		1.6502444e+02		8.4021408e+01		8.2746307e+01		1.2751011e+00
2.5800000e+02		2.5900000e+02		2.5850000e+02		8.2991293e+01		5.1255127e+01		1.7391541e+02		8.8554373e+01		8.7116465e+01		1.4379073e+00
2.5900000e+02		2.6000000e+02		2.5950000e+02		7.0629481e+01		4.3753562e+01		1.4842677e+02		7.5580891e+01		7.4269931e+01		1.3109603e+00
2.6000000e+02		2.6100000e+02		2.6050000e+02		5.7868388e+01		3.5907105e+01		1.2178003e+02		6.2015650e+01		6.0867968e+01		1.1476816e+00
2.6100000e+02		2.6200000e+02		2.6150000e+02		5.9092703e+01		3.6763138e+01		1.2465346e+02		6.3482290e+01		6.2230685e+01		1.2516047e+00
2.6200000e+02		2.6300000e+02		2.6250000e+02		7.0528613e+01		4.3975374e+01		1.4907207e+02		7.5921579e+01		7.4328995e+01		1.5925843e+00
2.6300000e+02		2.6400000e+02		2.6350000e+02		1.0614195e+02		6.6382637e+01		2.2497554e+02		1.1458364e+02		1.1203001e+02		2.5536347e+00
2.6400000e+02		2.6500000e+02		2.6450000e+02		1.6548208e+02		1.0365793e+02		3.5121746e+02		1.7888713e+02		1.7465533e+02		4.2318018e+00
2.6500000e+02		2.6600000e+02		2.6550000e+02		1.7356948e+02		1.0903399e+02		3.6934087e+02		1.8812382e+02		1.8340701e+02		4.7168116e+00
2.6600000e+02		2.6700000e+02		2.6650000e+02		1.6826276e+02		1.0595926e+02		3.5883525e+02		1.8277737e+02		1.7792554e+02		4.8518371e+00
2.6700000e+02		2.6800000e+02		2.6750000e+02		1.6940220e+02		1.0695874e+02		3.6212799e+02		1.8445819e+02		1.7928052e+02		5.1776686e+00
2.6800000e+02		2.6900000e+02		2.6850000e+02		1.6778062e+02		1.0623115e+02		3.5957228e+02		1.8315892e+02		1.7772855e+02		5.4303708e+00
2.6900000e+02		2.7000000e+02		2.6950000e+02		1.5737310e+02		9.9869740e+01		3.3795241e+02		1.7214764e+02		1.6676255e+02		5.3850858e+00
2.7000000e+02		2.7100000e+02		2.7050000e+02		1.8181465e+02		1.1567122e+02		3.9132096e+02		1.9933320e+02		1.9276077e+02		6.5724290e+00
2.7100000e+02		2.7200000e+02		2.7150000e+02		1.5108640e+02		9.6376578e+01		3.2596002e+02		1.6603876e+02		1.6027468e+02		5.7640810e+00
2.7200000e+02		2.7300000e+02		2.7250000e+02		1.2154404e+02		7.7701878e+01		2.6272905e+02		1.3382872e+02		1.2894179e+02		4.8869359e+00
2.7300000e+02		2.7400000e+02		2.7350000e+02		1.2960124e+02		8.3057870e+01		2.8076309e+02		1.4301276e+02		1.3752499e+02		5.4877790e+00
2.7400000e+02		2.7500000e+02		2.7450000e+02		8.9183780e+01		5.7336009e+01		1.9376195e+02		9.8694950e+01		9.4720464e+01		3.9744857e+00
2.7500000e+02		2.7600000e+02		2.7550000e+02		1.1893609e+02		7.6607855e+01		2.5881799e+02		1.3182853e+02		1.2625994e+02		5.5685849e+00
2.7600000e+02		2.7700000e+02		2.7650000e+02		1.6564211e+02		1.0695793e+02		3.6125460e+02		1.8399872e+02		1.7585564e+02		8.1430771e+00
2.7700000e+02		2.7800000e+02		2.7750000e+02		1.5837296e+02		1.0249102e+02		3.4607015e+02		1.7625819e+02		1.6809171e+02		8.1664789e+00
2.7800000e+02		2.7900000e+02		2.7850000e+02		1.0921797e+02		7.0843302e+01		2.3914100e+02		1.2179254e+02		1.1589064e+02		5.9019064e+00
2.7900000e+02		2.8000000e+02		2.7950000e+02		6.1368404e+01		3.9886547e+01		1.3460379e+02		6.8549263e+01		6.5077591e+01		3.4716719e+00
2.8000000e+02		2.8100000e+02		2.8050000e+02		6.7313201e+01		4.3850785e+01		1.4793907e+02		7.5336422e+01		7.1352647e+01		3.9837747e+00
2.8100000e+02		2.8200000e+02		2.8150000e+02		1.3943196e+02		9.0992587e+01		3.0689137e+02		1.5627179e+02		1.4764869e+02		8.6231004e+00
2.8200000e+02		2.8300000e+02		2.8250000e+02		1.8983287e+02		1.2418871e+02		4.1872955e+02		2.1320722e+02		2.0094622e+02		1.2260996e+01
2.8300000e+02		2.8400000e+02		2.8350000e+02		1.9610227e+02		1.2846655e+02		4.3302442e+02		2.2047003e+02		2.0725984e+02		1.3210195e+01
2.8400000e+02		2.8500000e+02		2.8450000e+02		1.4459284e+02		9.4920254e+01		3.1985384e+02		1.6283806e+02		1.5268290e+02		1.0155152e+01
2.8500000e+02		2.8600000e+02		2.8550000e+02		9.2944992e+01		6.1109623e+01		2.0585962e+02		1.0479483e+02		9.7996398e+01		6.7984329e+00
2.8600000e+02		2.8700000e+02		2.8650000e+02		1.9045522e+02		1.2544037e+02		4.2244204e+02		2.1502965e+02		2.0053182e+02		1.4497824e+01
2.8700000e+02		2.8800000e+02		2.8750000e+02		2.2108403e+02		1.4584804e+02		4.9101793e+02		2.4991274e+02		2.3241094e+02		1.7501803e+01
2.8800000e+02		2.8900000e+02		2.8850000e+02		2.1010240e+02		1.3883603e+02		4.6726699e+02		2.3780113e+02		2.2051653e+02		1.7284599e+01
2.8900000e+02		2.9000000e+02		2.8950000e+02		3.1885068e+02		2.1102424e+02		7.1000365e+02		3.6129759e+02		3.3406150e+02		2.7236088e+01
2.9000000e+02		2.9100000e+02		2.9050000e+02		4.1860542e+02		2.7732512e+02		9.3278415e+02		4.7461158e+02		4.3751901e+02		3.7092574e+01
2.9100000e+02		2.9200000e+02		2.9150000e+02		4.0318642e+02		2.6756636e+02		8.9967838e+02		4.5771591e+02		4.2066863e+02		3.7047279e+01
2.9200000e+02		2.9300000e+02		2.9250000e+02		3.5818014e+02		2.3786631e+02		7.9955851e+02		4.0673063e+02		3.7264002e+02		3.4090611e+01
2.9300000e+02		2.9400000e+02		2.9350000e+02		3.7393440e+02		2.4871544e+02		8.3576109e+02		4.2509498e+02		3.8824076e+02		3.6854211e+01
2.9400000e+02		2.9500000e+02		2.9450000e+02		3.4819581e+02		2.3179535e+02		7.7865376e+02		3.9599730e+02		3.6049466e+02		3.5502640e+01
2.9500000e+02		2.9600000e+02		2.9550000e+02		3.7701055e+02		2.5134865e+02		8.4406668e+02		4.2920779e+02		3.8945304e+02		3.9754750e+01
2.9600000e+02		2.9700000e+02		2.9650000e+02		3.4493460e+02		2.3006293e+02		7.7233355e+02		3.9267654e+02		3.5510149e+02		3.7575057e+01
2.9700000e+02		2.9800000e+02		2.9750000e+02		3.5165811e+02		2.3486847e+02		7.8821014e+02		4.0069225e+02		3.6112506e+02		3.9567187e+01
2.9800000e+02		2.9900000e+02		2.9850000e+02		3.0223333e+02		2.0193133e+02		6.7745054e+02		3.4433541e+02		3.0924780e+02		3.5087614e+01
2.9900000e+02		3.0000000e+02		2.9950000e+02		3.4101318e+02		2.2815763e+02		7.6518559e+02		3.8887135e+02		3.4802624e+02		4.0845108e+01
3.0000000e+02		3.0100000e+02		3.0050000e+02		2.7131061e+02		1.8158931e+02		6.0880389e+02		3.0934842e+02		2.7585614e+02		3.3492289e+01
3.0100000e+02		3.0200000e+02		3.0150000e+02		3.1202593e+02		2.0915315e+02		7.0098478e+02		3.5613171e+02		3.1643310e+02		3.9698611e+01
3.0200000e+02		3.0300000e+02		3.0250000e+02		3.2846528e+02		2.2017418e+02		7.3767332e+02		3.7470809e+02		3.3169092e+02		4.3017171e+01
3.0300000e+02		3.0400000e+02		3.0350000e+02		4.2601061e+02		2.8597188e+02		9.5780478e+02		4.8644513e+02		4.2900477e+02		5.7440360e+01
3.0400000e+02		3.0500000e+02		3.0450000e+02		4.0776836e+02		2.7371342e+02		9.1643592e+02		4.6535264e+02		4.0881733e+02		5.6535310e+01
3.0500000e+02		3.0600000e+02		3.0550000e+02		4.1174793e+02		2.7675139e+02		9.2629796e+02		4.7027832e+02		4.1156620e+02		5.8712125e+01
3.0600000e+02		3.0700000e+02		3.0650000e+02		3.9053943e+02		2.6247104e+02		8.7820032e+02		4.4577682e+02		3.8857174e+02		5.7205075e+01
3.0700000e+02		3.0800000e+02		3.0750000e+02		4.3847484e+02		2.9502041e+02		9.8677456e+02		5.0079764e+02		4.3481184e+02		6.5985800e+01
3.0800000e+02		3.0900000e+02		3.0850000e+02		4.3035211e+02		2.8960503e+02		9.6832938e+02		4.9134244e+02		4.2486795e+02		6.6474491e+01
3.0900000e+02		3.1000000e+02		3.0950000e+02		3.4901328e+02		2.3505758e+02		7.8567611e+02		3.9858530e+02		3.4325759e+02		5.5327710e+01
3.1000000e+02		3.1100000e+02		3.1050000e+02		4.3927411e+02		2.9594496e+02		9.8885145e+02		5.0155984e+02		4.3014145e+02		7.1418392e+01
3.1100000e+02		3.1200000e+02		3.1150000e+02		5.2246540e+02		3.5220173e+02		1.1764212e+03		5.9657848e+02		5.0948728e+02		8.7091192e+01
3.1200000e+02		3.1300000e+02		3.1250000e+02		4.6521908e+02		3.1375861e+02		1.0476534e+03		5.3117008e+02		4.5169886e+02		7.9471223e+01
3.1300000e+02		3.1400000e+02		3.1350000e+02		4.9544367e+02		3.3425758e+02		1.1157152e+03		5.6556022e+02		4.7886996e+02		8.6690265e+01
3.1400000e+02		3.1500000e+02		3.1450000e+02		4.6729179e+02		3.1543216e+02		1.0525154e+03		5.3341159e+02		4.4968604e+02		8.3725556e+01
3.1500000e+02		3.1600000e+02		3.1550000e+02		4.5343123e+02		3.0616522e+02		1.0212403e+03		5.1745017e+02		4.3430327e+02		8.3146899e+01
3.1600000e+02		3.1700000e+02		3.1650000e+02		4.4229406e+02		2.9877540e+02		9.9624639e+02		5.0467629e+02		4.2169554e+02		8.2980755e+01
3.1700000e+02		3.1800000e+02		3.1750000e+02		5.6102832e+02		3.7909975e+02		1.2636443e+03		6.3999261e+02		5.3234952e+02		1.0764309e+02
3.1800000e+02		3.1900000e+02		3.1850000e+02		4.6340678e+02		3.1324836e+02		1.0437815e+03		5.2852128e+02		4.3762361e+02		9.0897670e+01
3.1900000e+02		3.2000000e+02		3.1950000e+02		4.9774832e+02		3.3657042e+02		1.1211043e+03		5.6754511e+02		4.6777074e+02		9.9774369e+01
3.2000000e+02		3.2100000e+02		3.2050000e+02		5.7184857e+02		3.8679580e+02		1.2879561e+03		6.5186199e+02		5.3476347e+02		1.1709852e+02
3.2100000e+02		3.2200000e+02		3.2150000e+02		4.8024660e+02		3.2493487e+02		1.0815953e+03		5.4729112e+02		4.4686537e+02		1.0042575e+02
3.2200000e+02		3.2300000e+02		3.2250000e+02		4.8228681e+02		3.2639704e+02		1.0860850e+03		5.4943364e+02		4.4648278e+02		1.0295085e+02
3.2300000e+02		3.2400000e+02		3.2350000e+02		4.6607071e+02		3.1551553e+02		1.0495124e+03		5.3080590e+02		4.2927666e+02		1.0152924e+02
3.2400000e+02		3.2500000e+02		3.2450000e+02		5.4882129e+02		3.7162221e+02		1.2357130e+03		6.2482931e+02		5.0286733e+02		1.2196198e+02
3.2500000e+02		3.2600000e+02		3.2550000e+02		6.3196128e+02		4.2801562e+02		1.4227376e+03		7.1922229e+02		5.7600497e+02		1.4321732e+02
3.2600000e+02		3.2700000e+02		3.2650000e+02		7.1301257e+02		4.8302513e+02		1.6050340e+03		8.1117795e+02		6.4644415e+02		1.6473380e+02
3.2700000e+02		3.2800000e+02		3.2750000e+02		6.8984049e+02		4.6742150e+02		1.5526466e+03		7.8450742e+02		6.2207667e+02		1.6243074e+02
3.2800000e+02		3.2900000e+02		3.2850000e+02		6.6596082e+02		4.5133016e+02		1.4986763e+03		7.5704884e+02		5.9728822e+02		1.5976062e+02
3.2900000e+02		3.3000000e+02		3.2950000e+02		7.7527139e+02		5.2551644e+02		1.7444137e+03		8.8096018e+02		6.9152955e+02		1.8943063e+02
3.3000000e+02		3.3100000e+02		3.3050000e+02		7.3029799e+02		4.9511756e+02		1.6429389e+03		8.2950313e+02		6.4781098e+02		1.8169214e+02
3.3100000e+02		3.3200000e+02		3.3150000e+02		6.9881652e+02		4.7385374e+02		1.5718369e+03		7.9340167e+02		6.1642607e+02		1.7697560e+02
3.3200000e+02		3.3300000e+02		3.3250000e+02		6.8562051e+02		4.6498459e+02		1.5418852e+03		7.7808291e+02		6.0138612e+02		1.7669680e+02
3.3300000e+02		3.3400000e+02		3.3350000e+02		6.5878216e+02		4.4684942e+02		1.4812394e+03		7.4728544e+02		5.7456068e+02		1.7272476e+02
3.3400000e+02		3.3500000e+02		3.3450000e+02		6.9405546e+02		4.7084359e+02		1.5602405e+03		7.8693618e+02		6.0185697e+02		1.8507921e+02
3.3500000e+02		3.3600000e+02		3.3550000e+02		6.8541663e+02		4.6504897e+02		1.5405106e+03		7.7678114e+02		5.9093495e+02		1.8584618e+02
3.3600000e+02		3.3700000e+02		3.3650000e+02		5.6469084e+02		3.8318630e+02		1.2689001e+03		6.3965636e+02		4.8401400e+02		1.5564235e+02
3.3700000e+02		3.3800000e+02		3.3750000e+02		5.9573781e+02		4.0430200e+02		1.3383666e+03		6.7449558e+02		5.0762593e+02		1.6686965e+02
3.3800000e+02		3.3900000e+02		3.3850000e+02		6.4448401e+02		4.3743614e+02		1.4475580e+03		7.2933002e+02		5.4591608e+02		1.8341393e+02
3.3900000e+02		3.4000000e+02		3.3950000e+02		6.7448220e+02		4.5784673e+02		1.5145859e+03		7.6289638e+02		5.6792143e+02		1.9497495e+02
3.4000000e+02		3.4100000e+02		3.4050000e+02		7.1196374e+02		4.8333779e+02		1.5983703e+03		8.0488169e+02		5.9588113e+02		2.0900056e+02
3.4100000e+02		3.4200000e+02		3.4150000e+02		6.4984945e+02		4.4121252e+02		1.4585716e+03		7.3428538e+02		5.4060701e+02		1.9367837e+02
3.4200000e+02		3.4300000e+02		3.4250000e+02		7.0477558e+02		4.7854656e+02		1.5814585e+03		7.9593378e+02		5.8273009e+02		2.1320369e+02
3.4300000e+02		3.4400000e+02		3.4350000e+02		6.9264465e+02		4.7034771e+02		1.5538416e+03		7.8182122e+02		5.6918892e+02		2.1263229e+02
3.4400000e+02		3.4500000e+02		3.4450000e+02		5.5710877e+02		3.7833917e+02		1.2494635e+03		6.2850023e+02		4.5498589e+02		1.7351435e+02
3.4500000e+02		3.4600000e+02		3.4550000e+02		6.7138909e+02		4.5598082e+02		1.5053722e+03		7.5701852e+02		5.4491375e+02		2.1210477e+02
3.4600000e+02		3.4700000e+02		3.4650000e+02		6.5194093e+02		4.4280112e+02		1.4613746e+03		7.3469073e+02		5.2582361e+02		2.0886712e+02
3.4700000e+02		3.4800000e+02		3.4750000e+02		6.4525828e+02		4.3828810e+02		1.4460008e+03		7.2676100e+02		5.1716261e+02		2.0959839e+02
3.4800000e+02		3.4900000e+02		3.4850000e+02		6.6761091e+02		4.5349561e+02		1.4956792e+03		7.5152132e+02		5.3169525e+02		2.1982607e+02
3.4900000e+02		3.5000000e+02		3.4950000e+02		6.3989005e+02		4.3468639e+02		1.4331725e+03		7.1991429e+02		5.0637753e+02		2.1353677e+02
3.5000000e+02		3.5100000e+02		3.5050000e+02		7.6650484e+02		5.2072034e+02		1.7162658e+03		8.6187865e+02		6.0269603e+02		2.5918261e+02
3.5100000e+02		3.5200000e+02		3.5150000e+02		7.1211510e+02		4.8378963e+02		1.5940234e+03		8.0026768e+02		5.5633033e+02		2.4393735e+02
3.5200000e+02		3.5300000e+02		3.5250000e+02		6.5785102e+02		4.4693954e+02		1.4721281e+03		7.3886486e+02		5.1061623e+02		2.2824863e+02
3.5300000e+02		3.5400000e+02		3.5350000e+02		7.5263834e+02		5.1135251e+02		1.6837457e+03		8.4484013e+02		5.8039462e+02		2.6444551e+02
3.5400000e+02		3.5500000e+02		3.5450000e+02		8.0329241e+02		5.4578131e+02		1.7965306e+03		9.0117918e+02		6.1541288e+02		2.8576630e+02
3.5500000e+02		3.5600000e+02		3.5550000e+02		7.5433512e+02		5.1252891e+02		1.6865328e+03		8.4576493e+02		5.7411548e+02		2.7164945e+02
3.5600000e+02		3.5700000e+02		3.5650000e+02		6.5576441e+02		4.4556294e+02		1.4657049e+03		7.3481784e+02		4.9580534e+02		2.3901250e+02
3.5700000e+02		3.5800000e+02		3.5750000e+02		5.7307986e+02		3.8938727e+02		1.2805039e+03		6.4178897e+02		4.3042121e+02		2.1136776e+02
3.5800000e+02		3.5900000e+02		3.5850000e+02		4.9194729e+02		3.3426345e+02		1.0988802e+03		5.5060457e+02		3.6702813e+02		1.8357645e+02
3.5900000e+02		3.6000000e+02		3.5950000e+02		7.1030971e+02		4.8263647e+02		1.5861511e+03		7.9453327e+02		5.2640277e+02		2.6813050e+02
3.6000000e+02		3.6100000e+02		3.6050000e+02		7.0092701e+02		4.7626171e+02		1.5647093e+03		7.8357269e+02		5.1596537e+02		2.6760732e+02
3.6100000e+02		3.6200000e+02		3.6150000e+02		6.5110481e+02		4.4240782e+02		1.4530316e+03		7.2744263e+02		4.7606258e+02		2.5138005e+02
3.6200000e+02		3.6300000e+02		3.6250000e+02		7.3500056e+02		4.9940973e+02		1.6397368e+03		8.2068399e+02		5.3377021e+02		2.8691378e+02
3.6300000e+02		3.6400000e+02		3.6350000e+02		7.1558904e+02		4.8621566e+02		1.5959221e+03		7.9853075e+02		5.1614573e+02		2.8238502e+02
3.6400000e+02		3.6500000e+02		3.6450000e+02		7.4837927e+02		5.0848905e+02		1.6685168e+03		8.3461999e+02		5.3611909e+02		2.9850090e+02
3.6500000e+02		3.6600000e+02		3.6550000e+02		8.5179486e+02		5.7874617e+02		1.8984714e+03		9.4938106e+02		6.0603054e+02		3.4335052e+02
3.6600000e+02		3.6700000e+02		3.6650000e+02		9.1042532e+02		6.1857074e+02		2.0284903e+03		1.0141165e+03		6.4329936e+02		3.7081717e+02
3.6700000e+02		3.6800000e+02		3.6750000e+02		8.7909512e+02		5.9727125e+02		1.9580488e+03		9.7862650e+02		6.1688413e+02		3.6174237e+02
3.6800000e+02		3.6900000e+02		3.6850000e+02		8.1047729e+02		5.5063778e+02		1.8046248e+03		9.0169380e+02		5.6480342e+02		3.3689038e+02
3.6900000e+02		3.7000000e+02		3.6950000e+02		8.9967825e+02		6.1122421e+02		2.0025862e+03		1.0003275e+03		6.2261916e+02		3.7770834e+02
3.7000000e+02		3.7100000e+02		3.7050000e+02		8.4427990e+02		5.7357045e+02		1.8786587e+03		9.3816213e+02		5.8021752e+02		3.5794461e+02
3.7100000e+02		3.7200000e+02		3.7150000e+02		8.7164560e+02		5.9214270e+02		1.9389146e+03		9.6798337e+02		5.9484575e+02		3.7313762e+02
3.7200000e+02		3.7300000e+02		3.7250000e+02		7.2411383e+02		4.9190159e+02		1.6102097e+03		8.0365761e+02		4.9070676e+02		3.1295085e+02
3.7300000e+02		3.7400000e+02		3.7350000e+02		6.3155746e+02		4.2901069e+02		1.4039284e+03		7.0050821e+02		4.2498139e+02		2.7552683e+02
3.7400000e+02		3.7500000e+02		3.7450000e+02		6.4642322e+02		4.3909152e+02		1.4364988e+03		7.1656139e+02		4.3192380e+02		2.8463759e+02
3.7500000e+02		3.7600000e+02		3.7550000e+02		7.4036161e+02		5.0287939e+02		1.6447055e+03		8.2019368e+02		4.9120044e+02		3.2899324e+02
3.7600000e+02		3.7700000e+02		3.7650000e+02		7.6758018e+02		5.2134449e+02		1.7046057e+03		8.4983109e+02		5.0565617e+02		3.4417492e+02
3.7700000e+02		3.7800000e+02		3.7750000e+02		9.0048278e+02		6.1158466e+02		1.9990853e+03		9.9637008e+02		5.8900044e+02		4.0736964e+02
3.7800000e+02		3.7900000e+02		3.7850000e+02		9.3786543e+02		6.3694352e+02		2.0813830e+03		1.0371040e+03		6.0909016e+02		4.2801388e+02
3.7900000e+02		3.8000000e+02		3.7950000e+02		7.6051322e+02		5.1647061e+02		1.6872281e+03		8.4047614e+02		4.9038957e+02		3.5008657e+02
3.8000000e+02		3.8100000e+02		3.8050000e+02		8.2814537e+02		5.6237120e+02		1.8366614e+03		9.1466546e+02		5.3018460e+02		3.8448086e+02
3.8100000e+02		3.8200000e+02		3.8150000e+02		7.4366886e+02		5.0497857e+02		1.6487605e+03		8.2086678e+02		4.7269290e+02		3.4817388e+02
3.8200000e+02		3.8300000e+02		3.8250000e+02		5.3336093e+02		3.6215180e+02		1.1821011e+03		5.8837202e+02		3.3658342e+02		2.5178859e+02
3.8300000e+02		3.8400000e+02		3.8350000e+02		4.7073026e+02		3.1960745e+02		1.0429440e+03		5.1896850e+02		2.9492319e+02		2.2404531e+02
3.8400000e+02		3.8500000e+02		3.8450000e+02		6.2969557e+02		4.2751386e+02		1.3946819e+03		6.9380618e+02		3.9167550e+02		3.0213068e+02
3.8500000e+02		3.8600000e+02		3.8550000e+02		6.6694888e+02		4.5277897e+02		1.4767019e+03		7.3441106e+02		4.1185184e+02		3.2255923e+02
3.8600000e+02		3.8700000e+02		3.8650000e+02		6.6977732e+02		4.5467136e+02		1.4824723e+03		7.3708355e+02		4.1060615e+02		3.2647740e+02
3.8700000e+02		3.8800000e+02		3.8750000e+02		6.6902499e+02		4.5413226e+02		1.4803162e+03		7.3581525e+02		4.0717208e+02		3.2864317e+02
3.8800000e+02		3.8900000e+02		3.8850000e+02		6.7841027e+02		4.6047353e+02		1.5005855e+03		7.4569218e+02		4.0988588e+02		3.3580630e+02
3.8900000e+02		3.9000000e+02		3.8950000e+02		8.1451188e+02		5.5281695e+02		1.8010349e+03		8.9475873e+02		4.8853684e+02		4.0622188e+02
3.9000000e+02		3.9100000e+02		3.9050000e+02		8.5560997e+02		5.8067218e+02		1.8912862e+03		9.3934791e+02		5.0944803e+02		4.2989988e+02
3.9100000e+02		3.9200000e+02		3.9150000e+02		9.2006232e+02		6.2437161e+02		2.0330853e+03		1.0095101e+03		5.4382634e+02		4.6568372e+02
3.9200000e+02		3.9300000e+02		3.9250000e+02		7.0614281e+02		4.7916894e+02		1.5598689e+03		7.7433596e+02		4.1433296e+02		3.6000301e+02
3.9300000e+02		3.9400000e+02		3.9350000e+02		4.3291589e+02		2.9374426e+02		9.5599714e+02		4.7444366e+02		2.5215617e+02		2.2228749e+02
3.9400000e+02		3.9500000e+02		3.9450000e+02		7.1565803e+02		4.8555755e+02		1.5798521e+03		7.8384767e+02		4.1378629e+02		3.7006139e+02
3.9500000e+02		3.9600000e+02		3.9550000e+02		8.7888136e+02		5.9625812e+02		1.9395426e+03		9.6206009e+02		5.0442989e+02		4.5763020e+02
3.9600000e+02		3.9700000e+02		3.9650000e+02		6.0712893e+02		4.1167206e+02		1.3387610e+03		6.6388273e+02		3.4566692e+02		3.1821580e+02
3.9700000e+02		3.9800000e+02		3.9750000e+02		6.8053003e+02		4.6132624e+02		1.4998551e+03		7.4357572e+02		3.8450634e+02		3.5906938e+02
3.9800000e+02		3.9900000e+02		3.9850000e+02		1.0480559e+03		7.1005252e+02		2.3079127e+03		1.1438826e+03		5.8736354e+02		5.5651905e+02
3.9900000e+02		4.0000000e+02		3.9950000e+02		1.1577145e+03		7.8385336e+02		2.5471346e+03		1.2621194e+03		6.4351659e+02		6.1860285e+02
4.0000000e+02		4.0100000e+02		4.0050000e+02		1.1939713e+03		8.0940019e+02		2.6295606e+03		1.3026546e+03		6.6001269e+02		6.4264188e+02
4.0100000e+02		4.0200000e+02		4.0150000e+02		1.2509583e+03		8.4830589e+02		2.7553021e+03		1.3646087e+03		6.8679728e+02		6.7781138e+02
4.0200000e+02		4.0300000e+02		4.0250000e+02		1.2664199e+03		8.5872450e+02		2.7884651e+03		1.3806869e+03		6.9013907e+02		6.9054779e+02
4.0300000e+02		4.0400000e+02		4.0350000e+02		1.2115903e+03		8.2148214e+02		2.6668884e+03		1.3201596e+03		6.5536705e+02		6.6479251e+02
4.0400000e+02		4.0500000e+02		4.0450000e+02		1.1914959e+03		8.0779440e+02		2.6218249e+03		1.2975299e+03		6.3971747e+02		6.5781244e+02
4.0500000e+02		4.0600000e+02		4.0550000e+02		1.1904731e+03		8.0703725e+02		2.6187455e+03		1.2956856e+03		6.3442331e+02		6.6126228e+02
4.0600000e+02		4.0700000e+02		4.0650000e+02		1.1388815e+03		7.7200125e+02		2.5044671e+03		1.2388389e+03		6.0241968e+02		6.3641924e+02
4.0700000e+02		4.0800000e+02		4.0750000e+02		1.1575323e+03		7.8458111e+02		2.5446821e+03		1.2584233e+03		6.0773203e+02		6.5069126e+02
4.0800000e+02		4.0900000e+02		4.0850000e+02		1.2307397e+03		8.3413433e+02		2.7047729e+03		1.3372674e+03		6.4135881e+02		6.9590855e+02
4.0900000e+02		4.1000000e+02		4.0950000e+02		1.2243097e+03		8.2970929e+02		2.6898039e+03		1.3295444e+03		6.3325640e+02		6.9628796e+02
4.1000000e+02		4.1100000e+02		4.1050000e+02		1.1216634e+03		7.6008456e+02		2.4635261e+03		1.2174040e+03		5.7584023e+02		6.4156372e+02
4.1100000e+02		4.1200000e+02		4.1150000e+02		1.3003372e+03		8.8108924e+02		2.8550682e+03		1.4105546e+03		6.6258934e+02		7.4796522e+02
4.1200000e+02		4.1300000e+02		4.1250000e+02		1.2760342e+03		8.6455101e+02		2.8008463e+03		1.3834361e+03		6.4535361e+02		7.3808247e+02
4.1300000e+02		4.1400000e+02		4.1350000e+02		1.2308584e+03		8.3387445e+02		2.7008603e+03		1.3337330e+03		6.1785786e+02		7.1587517e+02
4.1400000e+02		4.1500000e+02		4.1450000e+02		1.2488872e+03		8.4601862e+02		2.7395858e+03		1.3525372e+03		6.2222428e+02		7.3031291e+02
4.1500000e+02		4.1600000e+02		4.1550000e+02		1.2477523e+03		8.4517980e+02		2.7362662e+03		1.3505813e+03		6.1701215e+02		7.3356918e+02
4.1600000e+02		4.1700000e+02		4.1650000e+02		1.2947363e+03		8.7692678e+02		2.8384255e+03		1.4006786e+03		6.3545195e+02		7.6522668e+02
4.1700000e+02		4.1800000e+02		4.1750000e+02		1.1781342e+03		7.9787180e+02		2.5819798e+03		1.2738344e+03		5.7388316e+02		6.9995121e+02
4.1800000e+02		4.1900000e+02		4.1850000e+02		1.2217101e+03		8.2714657e+02		2.6761282e+03		1.3199754e+03		5.9047553e+02		7.2949989e+02
4.1900000e+02		4.2000000e+02		4.1950000e+02		1.2338424e+03		8.3546912e+02		2.7024879e+03		1.3326744e+03		5.9206450e+02		7.4060986e+02
4.2000000e+02		4.2100000e+02		4.2050000e+02		1.2494927e+03		8.4600565e+02		2.7359903e+03		1.3488877e+03		5.9509434e+02		7.5379339e+02
4.2100000e+02		4.2200000e+02		4.2150000e+02		1.2299982e+03		8.3273647e+02		2.6925106e+03		1.3271504e+03		5.8142066e+02		7.4572975e+02
4.2200000e+02		4.2300000e+02		4.2250000e+02		1.1657134e+03		7.8914792e+02		2.5510414e+03		1.2571360e+03		5.4690351e+02		7.1023252e+02
4.2300000e+02		4.2400000e+02		4.2350000e+02		1.2419943e+03		8.4071678e+02		2.7171821e+03		1.3387089e+03		5.7832328e+02		7.6038559e+02
4.2400000e+02		4.2500000e+02		4.2450000e+02		1.2850442e+03		8.6978445e+02		2.8105500e+03		1.3844010e+03		5.9388256e+02		7.9051842e+02
4.2500000e+02		4.2600000e+02		4.2550000e+02		1.2367256e+03		8.3700947e+02		2.7040915e+03		1.3316673e+03		5.6726590e+02		7.6440140e+02
4.2600000e+02		4.2700000e+02		4.2650000e+02		1.2316584e+03		8.3350986e+02		2.6922401e+03		1.3255389e+03		5.6070434e+02		7.6483455e+02
4.2700000e+02		4.2800000e+02		4.2750000e+02		1.1420512e+03		7.7280423e+02		2.4956590e+03		1.2284822e+03		5.1601119e+02		7.1247097e+02
4.2800000e+02		4.2900000e+02		4.2850000e+02		1.1495483e+03		7.7781193e+02		2.5113298e+03		1.2359271e+03		5.1550196e+02		7.2042511e+02
4.2900000e+02		4.3000000e+02		4.2950000e+02		1.0698649e+03		7.2383534e+02		2.3365927e+03		1.1496832e+03		4.7616926e+02		6.7351390e+02
4.3000000e+02		4.3100000e+02		4.3050000e+02		8.6065012e+02		5.8223855e+02		1.8791392e+03		9.2440172e+02		3.8017908e+02		5.4422264e+02
4.3100000e+02		4.3200000e+02		4.3150000e+02		1.0641754e+03		7.1986498e+02		2.3228676e+03		1.1424402e+03		4.6655611e+02		6.7588407e+02
4.3200000e+02		4.3300000e+02		4.3250000e+02		1.1990384e+03		8.1102540e+02		2.6165194e+03		1.2865918e+03		5.2173848e+02		7.6485329e+02
4.3300000e+02		4.3400000e+02		4.3350000e+02		1.3017454e+03		8.8042223e+02		2.8398621e+03		1.3961190e+03		5.6217954e+02		8.3393945e+02
4.3400000e+02		4.3500000e+02		4.3450000e+02		1.1054356e+03		7.4758749e+02		2.4109360e+03		1.1850040e+03		4.7381831e+02		7.1118571e+02
4.3500000e+02		4.3600000e+02		4.3550000e+02		1.2347447e+03		8.3496724e+02		2.6922238e+03		1.3229847e+03		5.2527321e+02		7.9771150e+02
4.3600000e+02		4.3700000e+02		4.3650000e+02		1.3814970e+03		9.3412707e+02		3.0113858e+03		1.4795177e+03		5.8329478e+02		8.9622291e+02
4.3700000e+02		4.3800000e+02		4.3750000e+02		1.2223713e+03		8.2646212e+02		2.6638071e+03		1.3084803e+03		5.1223787e+02		7.9624245e+02
4.3800000e+02		4.3900000e+02		4.3850000e+02		1.1905029e+03		8.0484847e+02		2.5936654e+03		1.2737659e+03		4.9514215e+02		7.7862376e+02
4.3900000e+02		4.4000000e+02		4.3950000e+02		1.3250738e+03		8.9573903e+02		2.8860367e+03		1.4170634e+03		5.4696725e+02		8.7009616e+02
4.4000000e+02		4.4100000e+02		4.4050000e+02		1.2562739e+03		8.4909623e+02		2.7352552e+03		1.3427569e+03		5.1461927e+02		8.2813768e+02
4.4100000e+02		4.4200000e+02		4.4150000e+02		1.3817384e+03		9.3253006e+02		3.0034000e+03		1.4740787e+03		5.6055177e+02		9.1352691e+02
4.4200000e+02		4.4300000e+02		4.4250000e+02		1.4526378e+03		9.7970819e+02		3.1547439e+03		1.5480431e+03		5.8434050e+02		9.6370255e+02
4.4300000e+02		4.4400000e+02		4.4350000e+02		1.4050936e+03		9.4749029e+02		3.0504544e+03		1.4965712e+03		5.6090829e+02		9.3566294e+02
4.4400000e+02		4.4500000e+02		4.4450000e+02		1.4475318e+03		9.7416685e+02		3.1356637e+03		1.5380499e+03		5.7178857e+02		9.6626135e+02
4.4500000e+02		4.4600000e+02		4.4550000e+02		1.3420773e+03		9.0320251e+02		2.9067411e+03		1.4254864e+03		5.2623107e+02		8.9925531e+02
4.4600000e+02		4.4700000e+02		4.4650000e+02		1.3689269e+03		9.2355896e+02		2.9719002e+03		1.4571882e+03		5.3490806e+02		9.2228013e+02
4.4700000e+02		4.4800000e+02		4.4750000e+02		1.4837056e+03		1.0015045e+03		3.2222076e+03		1.5796226e+03		5.7595862e+02		1.0036640e+03
4.4800000e+02		4.4900000e+02		4.4850000e+02		1.4587166e+03		9.8510255e+02		3.1689353e+03		1.5532165e+03		5.6251863e+02		9.9069782e+02
4.4900000e+02		4.5000000e+02		4.4950000e+02		1.4737837e+03		9.9542468e+02		3.2016163e+03		1.5689392e+03		5.6428565e+02		1.0046535e+03
4.5000000e+02		4.5100000e+02		4.5050000e+02		1.5636828e+03		1.0561016e+03		3.3962086e+03		1.6639849e+03		5.9427031e+02		1.0697145e+03
4.5100000e+02		4.5200000e+02		4.5150000e+02		1.5589734e+03		1.0528364e+03		3.3851472e+03		1.6582545e+03		5.8805486e+02		1.0701996e+03
4.5200000e+02		4.5300000e+02		4.5250000e+02		1.4757889e+03		9.9657897e+02		3.2037379e+03		1.5690968e+03		5.5252062e+02		1.0165762e+03
4.5300000e+02		4.5400000e+02		4.5350000e+02		1.4141855e+03		9.5490303e+02		3.0692601e+03		1.5029557e+03		5.2550547e+02		9.7745021e+02
4.5400000e+02		4.5500000e+02		4.5450000e+02		1.5096596e+03		1.0192893e+03		3.2756812e+03		1.6037415e+03		5.5679852e+02		1.0469430e+03
4.5500000e+02		4.5600000e+02		4.5550000e+02		1.4952815e+03		1.0095017e+03		3.2437064e+03		1.5877974e+03		5.4738360e+02		1.0404138e+03
4.5600000e+02		4.5700000e+02		4.5650000e+02		1.5527317e+03		1.0482051e+03		3.3675315e+03		1.6481114e+03		5.6417857e+02		1.0839329e+03
4.5700000e+02		4.5800000e+02		4.5750000e+02		1.5677329e+03		1.0582489e+03		3.3992623e+03		1.6633417e+03		5.6538626e+02		1.0979555e+03
4.5800000e+02		4.5900000e+02		4.5850000e+02		1.4734199e+03		9.9450807e+02		3.1940167e+03		1.5626310e+03		5.2741745e+02		1.0352136e+03
4.5900000e+02		4.6000000e+02		4.5950000e+02		1.5222067e+03		1.0273575e+03		3.2990055e+03		1.6137092e+03		5.4082677e+02		1.0728824e+03
4.6000000e+02		4.6100000e+02		4.6050000e+02		1.5039223e+03		1.0149384e+03		3.2586241e+03		1.5936760e+03		5.3035713e+02		1.0633189e+03
4.6100000e+02		4.6200000e+02		4.6150000e+02		1.5386000e+03		1.0382609e+03		3.3329957e+03		1.6297635e+03		5.3855398e+02		1.0912096e+03
4.6200000e+02		4.6300000e+02		4.6250000e+02		1.5538294e+03		1.0484573e+03		3.3652184e+03		1.6452340e+03		5.3984522e+02		1.1053888e+03
4.6300000e+02		4.6400000e+02		4.6350000e+02		1.5018384e+03		1.0132986e+03		3.2518815e+03		1.5895503e+03		5.1790901e+02		1.0716413e+03
4.6400000e+02		4.6500000e+02		4.6450000e+02		1.5281564e+03		1.0309772e+03		3.3081227e+03		1.6167647e+03		5.2307548e+02		1.0936892e+03
4.6500000e+02		4.6600000e+02		4.6550000e+02		1.4760608e+03		9.9575529e+02		3.1946333e+03		1.5610342e+03		5.0149787e+02		1.0595363e+03
4.6600000e+02		4.6700000e+02		4.6650000e+02		1.4854121e+03		1.0019882e+03		3.2141590e+03		1.5703103e+03		5.0093607e+02		1.0693742e+03
4.6700000e+02		4.6800000e+02		4.6750000e+02		1.4997486e+03		1.0111322e+03		3.2429875e+03		1.5841257e+03		5.0165851e+02		1.0824672e+03
4.6800000e+02		4.6900000e+02		4.6850000e+02		1.4665907e+03		9.8882646e+02		3.1709983e+03		1.5487040e+03		4.8703724e+02		1.0616668e+03
4.6900000e+02		4.7000000e+02		4.6950000e+02		1.5086728e+03		1.0168036e+03		3.2602274e+03		1.5920178e+03		4.9704924e+02		1.0949686e+03
4.7000000e+02		4.7100000e+02		4.7050000e+02		1.4256243e+03		9.6056501e+02		3.0794561e+03		1.5034966e+03		4.6606066e+02		1.0374360e+03
4.7100000e+02		4.7200000e+02		4.7150000e+02		1.4904926e+03		1.0039576e+03		3.2180978e+03		1.5709290e+03		4.8347695e+02		1.0874520e+03
4.7200000e+02		4.7300000e+02		4.7250000e+02		1.5269264e+03		1.0284387e+03		3.2961110e+03		1.6087518e+03		4.9165205e+02		1.1170997e+03
4.7300000e+02		4.7400000e+02		4.7350000e+02		1.4995420e+03		1.0092840e+03		3.2342277e+03		1.5782907e+03		4.7877277e+02		1.0995179e+03
4.7400000e+02		4.7500000e+02		4.7450000e+02		1.5448084e+03		1.0406606e+03		3.3343868e+03		1.6269155e+03		4.9036074e+02		1.1365548e+03
4.7500000e+02		4.7600000e+02		4.7550000e+02		1.5413846e+03		1.0389408e+03		3.3284716e+03		1.6237769e+03		4.8618657e+02		1.1375903e+03
4.7600000e+02		4.7700000e+02		4.7650000e+02		1.4853490e+03		1.0012103e+03		3.2071690e+03		1.5643552e+03		4.6515156e+02		1.0992036e+03
4.7700000e+02		4.7800000e+02		4.7750000e+02		1.5508368e+03		1.0452782e+03		3.3478838e+03		1.6327369e+03		4.8209058e+02		1.1506463e+03
4.7800000e+02		4.7900000e+02		4.7850000e+02		1.5358791e+03		1.0351230e+03		3.3149183e+03		1.6164097e+03		4.7393488e+02		1.1424748e+03
4.7900000e+02		4.8000000e+02		4.7950000e+02		1.5403519e+03		1.0380641e+03		3.3238996e+03		1.6205402e+03		4.7182745e+02		1.1487128e+03
4.8000000e+02		4.8100000e+02		4.8050000e+02		1.5442750e+03		1.0406347e+03		3.3316961e+03		1.6240937e+03		4.6956105e+02		1.1545327e+03
4.8100000e+02		4.8200000e+02		4.8150000e+02		1.5475498e+03		1.0427686e+03		3.3380961e+03		1.6269672e+03		4.6710966e+02		1.1598576e+03
4.8200000e+02		4.8300000e+02		4.8250000e+02		1.5416562e+03		1.0387253e+03		3.3247259e+03		1.6202072e+03		4.6192488e+02		1.1582824e+03
4.8300000e+02		4.8400000e+02		4.8350000e+02		1.5183412e+03		1.0227779e+03		3.2732532e+03		1.5948848e+03		4.5148751e+02		1.1433973e+03
4.8400000e+02		4.8500000e+02		4.8450000e+02		1.4920771e+03		1.0046888e+03		3.2149320e+03		1.5662347e+03		4.4019359e+02		1.1260411e+03
4.8500000e+02		4.8600000e+02		4.8550000e+02		1.4021236e+03		9.4339996e+02		3.0183863e+03		1.4702637e+03		4.1015536e+02		1.0601084e+03
4.8600000e+02		4.8700000e+02		4.8650000e+02		1.2173217e+03		8.1954595e+02		2.6218326e+03		1.2769175e+03		3.5389393e+02		9.2302359e+02
4.8700000e+02		4.8800000e+02		4.8750000e+02		1.3927585e+03		9.3712502e+02		2.9975797e+03		1.4597055e+03		4.0160572e+02		1.0580998e+03
4.8800000e+02		4.8900000e+02		4.8850000e+02		1.4651201e+03		9.8577109e+02		3.1528005e+03		1.5350717e+03		4.1941135e+02		1.1156603e+03
4.8900000e+02		4.9000000e+02		4.8950000e+02		1.4372192e+03		9.6702557e+02		3.0924789e+03		1.5054873e+03		4.0849619e+02		1.0969911e+03
4.9000000e+02		4.9100000e+02		4.9050000e+02		1.5307557e+03		1.0302121e+03		3.2941729e+03		1.6034506e+03		4.3214633e+02		1.1713043e+03
4.9100000e+02		4.9200000e+02		4.9150000e+02		1.4425606e+03		9.7073217e+02		3.1036077e+03		1.5104799e+03		4.0424828e+02		1.1062316e+03
4.9200000e+02		4.9300000e+02		4.9250000e+02		1.3729411e+03		9.2430896e+02		2.9548712e+03		1.4378930e+03		3.8228935e+02		1.0556036e+03
4.9300000e+02		4.9400000e+02		4.9350000e+02		1.4509629e+03		9.7685156e+02		3.1224819e+03		1.5192452e+03		4.0114171e+02		1.1181035e+03
4.9400000e+02		4.9500000e+02		4.9450000e+02		1.4929449e+03		1.0050985e+03		3.2124031e+03		1.5627817e+03		4.0979326e+02		1.1529885e+03
4.9500000e+02		4.9600000e+02		4.9550000e+02		1.4663156e+03		9.8710730e+02		3.1545380e+03		1.5344220e+03		3.9957270e+02		1.1348493e+03
4.9600000e+02		4.9700000e+02		4.9650000e+02		1.4846220e+03		9.9936701e+02		3.1933521e+03		1.5530915e+03		4.0163776e+02		1.1514538e+03
4.9700000e+02		4.9800000e+02		4.9750000e+02		1.5123203e+03		1.0179472e+03		3.2523544e+03		1.5815748e+03		4.0617745e+02		1.1753974e+03
4.9800000e+02		4.9900000e+02		4.9850000e+02		1.3744029e+03		9.2495852e+02		2.9549152e+03		1.4367425e+03		3.6640728e+02		1.0703352e+03
4.9900000e+02		5.0000000e+02		4.9950000e+02		1.4721832e+03		9.9021131e+02		3.1629860e+03		1.5377066e+03		3.8931644e+02		1.1483902e+03
