Left Bin Edge (nm)	Right Bin Edge (nm)	Bin Center (nm)		Top of Atm Intensity (erg/s/nm/cm2)		Total Surface Flux (erg/s/nm/cm2)		Total Intensity at BOA (erg/s/nm/cm2)		Total Surface Intensity (erg/s/nm/cm2)		Total Surface Diffuse Intensity (erg/s/nm/cm2)		Total Surface Direct Intensity (erg/s/nm/cm2)
1.0000000e+02		1.0100000e+02		1.0050000e+02		4.4569042e-02		2.4525372e-199		0.0000000e+00		4.2479191e-199		4.2479191e-199		0.0000000e+00
1.0100000e+02		1.0200000e+02		1.0150000e+02		1.7387199e-01		2.8780736e-197		0.0000000e+00		4.9849696e-197		4.9849696e-197		0.0000000e+00
1.0200000e+02		1.0300000e+02		1.0250000e+02		9.2286085e-01		3.0760913e-195		0.0000000e+00		5.3279465e-195		5.3279465e-195		0.0000000e+00
1.0300000e+02		1.0400000e+02		1.0350000e+02		7.0094286e-01		3.0025214e-193		0.0000000e+00		5.2005196e-193		5.2005196e-193		0.0000000e+00
1.0400000e+02		1.0500000e+02		1.0450000e+02		1.4124828e-01		2.6834649e-191		0.0000000e+00		4.6478976e-191		4.6478976e-191		0.0000000e+00
1.0500000e+02		1.0600000e+02		1.0550000e+02		4.8389941e-02		2.2015016e-189		0.0000000e+00		3.8131126e-189		3.8131126e-189		0.0000000e+00
1.0600000e+02		1.0700000e+02		1.0650000e+02		4.5487167e-02		1.6618994e-187		0.0000000e+00		2.8784943e-187		2.8784943e-187		0.0000000e+00
1.0700000e+02		1.0800000e+02		1.0750000e+02		5.0757295e-02		1.1570798e-185		0.0000000e+00		2.0041211e-185		2.0041211e-185		0.0000000e+00
1.0800000e+02		1.0900000e+02		1.0850000e+02		7.1152114e-02		7.4467717e-184		0.0000000e+00		1.2898187e-183		1.2898187e-183		0.0000000e+00
1.0900000e+02		1.1000000e+02		1.0950000e+02		5.5817450e-02		4.4397201e-182		0.0000000e+00		7.6898207e-182		7.6898207e-182		0.0000000e+00
1.1000000e+02		1.1100000e+02		1.1050000e+02		5.4043772e-02		2.4571428e-180		0.0000000e+00		4.2558962e-180		4.2558962e-180		0.0000000e+00
1.1100000e+02		1.1200000e+02		1.1150000e+02		5.0797691e-02		1.2649208e-178		0.0000000e+00		2.1909071e-178		2.1909071e-178		0.0000000e+00
1.1200000e+02		1.1300000e+02		1.1250000e+02		5.1969037e-02		6.0686750e-177		0.0000000e+00		1.0511254e-176		1.0511254e-176		0.0000000e+00
1.1300000e+02		1.1400000e+02		1.1350000e+02		4.1221387e-02		2.7185192e-175		0.0000000e+00		4.7086135e-175		4.7086135e-175		0.0000000e+00
1.1400000e+02		1.1500000e+02		1.1450000e+02		3.1562600e-02		1.1390981e-173		0.0000000e+00		1.9729758e-173		1.9729758e-173		0.0000000e+00
1.1500000e+02		1.1600000e+02		1.1550000e+02		4.3552050e-02		4.4723363e-172		0.0000000e+00		7.7463136e-172		7.7463136e-172		0.0000000e+00
1.1600000e+02		1.1700000e+02		1.1650000e+02		1.0143732e-01		1.6480937e-170		0.0000000e+00		2.8545821e-170		2.8545821e-170		0.0000000e+00
1.1700000e+02		1.1800000e+02		1.1750000e+02		3.6108525e-01		5.7096373e-169		0.0000000e+00		9.8893818e-169		9.8893818e-169		0.0000000e+00
1.1800000e+02		1.1900000e+02		1.1850000e+02		1.2283927e-01		1.8624902e-167		0.0000000e+00		3.2259276e-167		3.2259276e-167		0.0000000e+00
1.1900000e+02		1.2000000e+02		1.1950000e+02		1.7115732e-01		5.7292250e-166		0.0000000e+00		9.9233088e-166		9.9233088e-166		0.0000000e+00
1.2000000e+02		1.2100000e+02		1.2050000e+02		9.3056497e-01		1.6643699e-164		0.0000000e+00		2.8827732e-164		2.8827732e-164		0.0000000e+00
1.2100000e+02		1.2200000e+02		1.2150000e+02		3.6941242e+01		4.5726982e-163		0.0000000e+00		7.9201456e-163		7.9201456e-163		0.0000000e+00
1.2200000e+02		1.2300000e+02		1.2250000e+02		2.4773856e-01		1.1897467e-161		0.0000000e+00		2.0607017e-161		2.0607017e-161		0.0000000e+00
1.2300000e+02		1.2400000e+02		1.2350000e+02		1.3344721e-01		2.9354415e-160		2.9904161e-161		5.0843338e-160		5.0843338e-160		0.0000000e+00
1.2400000e+02		1.2500000e+02		1.2450000e+02		1.0726631e-01		6.8768124e-159		7.2049620e-160		1.1910989e-158		1.1910989e-158		0.0000000e+00
1.2500000e+02		1.2600000e+02		1.2550000e+02		1.0471361e-01		1.5315568e-157		1.6493484e-158		2.6527341e-157		2.6527341e-157		0.0000000e+00
1.2600000e+02		1.2700000e+02		1.2650000e+02		1.4644878e-01		3.2466436e-156		3.5918755e-157		5.6233516e-156		5.6233516e-156		0.0000000e+00
1.2700000e+02		1.2800000e+02		1.2750000e+02		7.6659940e-02		6.5583805e-155		7.4510631e-156		1.1359448e-154		1.1359448e-154		0.0000000e+00
1.2800000e+02		1.2900000e+02		1.2850000e+02		6.1165494e-02		1.2638894e-153		1.4739840e-154		2.1891207e-153		2.1891207e-153		0.0000000e+00
1.2900000e+02		1.3000000e+02		1.2950000e+02		8.1594975e-02		2.3261985e-152		2.7836994e-153		4.0290939e-152		4.0290939e-152		0.0000000e+00
1.3000000e+02		1.3100000e+02		1.3050000e+02		6.7007791e-01		4.0932655e-151		5.0242174e-152		7.0897439e-151		7.0897439e-151		0.0000000e+00
1.3100000e+02		1.3200000e+02		1.3150000e+02		9.0731094e-02		6.8932604e-150		8.6752652e-151		1.1939477e-149		1.1939477e-149		0.0000000e+00
1.3200000e+02		1.3300000e+02		1.3250000e+02		7.0547730e-02		1.1120997e-148		1.4345065e-149		1.9262132e-148		1.9262132e-148		0.0000000e+00
1.3300000e+02		1.3400000e+02		1.3350000e+02		9.5357088e-01		1.7204689e-147		2.2737781e-148		2.9799395e-147		2.9799395e-147		0.0000000e+00
1.3400000e+02		1.3500000e+02		1.3450000e+02		6.5246966e-02		2.5547070e-146		3.4580673e-147		4.4248824e-146		4.4248824e-146		0.0000000e+00
1.3500000e+02		1.3600000e+02		1.3550000e+02		1.3692679e-01		3.6443636e-145		5.0508028e-146		6.3122229e-145		6.3122229e-145		0.0000000e+00
1.3600000e+02		1.3700000e+02		1.3650000e+02		8.9861989e-02		4.9988767e-144		7.0909358e-145		8.6583084e-144		8.6583084e-144		0.0000000e+00
1.3700000e+02		1.3800000e+02		1.3750000e+02		9.2282630e-02		6.5988086e-143		9.5773912e-144		1.1429472e-142		1.1429472e-142		0.0000000e+00
1.3800000e+02		1.3900000e+02		1.3850000e+02		9.4180145e-02		8.3900145e-142		1.2455295e-142		1.4531931e-141		1.4531931e-141		0.0000000e+00
1.3900000e+02		1.4000000e+02		1.3950000e+02		3.1801144e-01		1.0282898e-140		1.5608622e-141		1.7810501e-140		1.7810501e-140		0.0000000e+00
1.4000000e+02		1.4100000e+02		1.4050000e+02		2.7729440e-01		1.2158081e-139		1.8863865e-140		2.1058415e-139		2.1058415e-139		0.0000000e+00
1.4100000e+02		1.4200000e+02		1.4150000e+02		1.3359910e-01		1.3878511e-138		2.2003360e-139		2.4038285e-138		2.4038285e-138		0.0000000e+00
1.4200000e+02		1.4300000e+02		1.4250000e+02		1.4479671e-01		1.5306335e-137		2.4789357e-138		2.6511351e-137		2.6511351e-137		0.0000000e+00
1.4300000e+02		1.4400000e+02		1.4350000e+02		1.6064305e-01		1.6321630e-136		2.6994257e-137		2.8269892e-136		2.8269892e-136		0.0000000e+00
1.4400000e+02		1.4500000e+02		1.4450000e+02		1.5363637e-01		1.6839306e-135		2.8432946e-136		2.9166533e-135		2.9166533e-135		0.0000000e+00
1.4500000e+02		1.4600000e+02		1.4550000e+02		1.6382583e-01		1.6820908e-134		2.8987809e-135		2.9134667e-134		2.9134667e-134		0.0000000e+00
1.4600000e+02		1.4700000e+02		1.4650000e+02		1.9977093e-01		1.6278985e-133		2.8624924e-134		2.8196030e-133		2.8196030e-133		0.0000000e+00
1.4700000e+02		1.4800000e+02		1.4750000e+02		2.4643334e-01		1.5273490e-132		2.7396031e-133		2.6454461e-132		2.6454461e-132		0.0000000e+00
1.4800000e+02		1.4900000e+02		1.4850000e+02		2.4167300e-01		1.3901290e-131		2.5428295e-132		2.4077740e-131		2.4077740e-131		0.0000000e+00
1.4900000e+02		1.5000000e+02		1.4950000e+02		2.1832777e-01		1.2281265e-130		2.2903686e-131		2.1271775e-130		2.1271775e-130		0.0000000e+00
1.5000000e+02		1.5100000e+02		1.5050000e+02		2.4023073e-01		1.0538058e-129		2.0031539e-130		1.8252452e-129		1.8252452e-129		0.0000000e+00
1.5100000e+02		1.5200000e+02		1.5150000e+02		2.5258505e-01		8.7873755e-129		1.7021424e-129		1.5220181e-128		1.5220181e-128		0.0000000e+00
1.5200000e+02		1.5300000e+02		1.5250000e+02		3.2229547e-01		7.1249823e-128		1.4060389e-128		1.2340831e-127		1.2340831e-127		0.0000000e+00
1.5300000e+02		1.5400000e+02		1.5350000e+02		3.5701286e-01		5.6204746e-127		1.1296858e-127		9.7349476e-127		9.7349476e-127		0.0000000e+00
1.5400000e+02		1.5500000e+02		1.5450000e+02		9.5486931e-01		4.3157783e-126		8.8330811e-127		7.4751473e-126		7.4751473e-126		0.0000000e+00
1.5500000e+02		1.5600000e+02		1.5550000e+02		7.8587524e-01		3.2275171e-125		6.7249547e-126		5.5902237e-125		5.5902237e-125		0.0000000e+00
1.5600000e+02		1.5700000e+02		1.5650000e+02		4.6648084e-01		2.3519161e-124		4.9878492e-125		4.0736381e-124		4.0736381e-124		0.0000000e+00
1.5700000e+02		1.5800000e+02		1.5750000e+02		4.2309893e-01		1.6708367e-123		3.6057568e-124		2.8939741e-123		2.8939741e-123		0.0000000e+00
1.5800000e+02		1.5900000e+02		1.5850000e+02		3.9008072e-01		1.1577495e-122		2.5418669e-123		2.0052809e-122		2.0052809e-122		0.0000000e+00
1.5900000e+02		1.6000000e+02		1.5950000e+02		3.8042347e-01		7.8283053e-122		1.7481981e-122		1.3559023e-121		1.3559023e-121		0.0000000e+00
1.6000000e+02		1.6100000e+02		1.6050000e+02		4.1635449e-01		5.1676466e-121		1.1735657e-121		8.9506264e-121		8.9506264e-121		0.0000000e+00
1.6100000e+02		1.6200000e+02		1.6150000e+02		4.7164413e-01		3.3318384e-120		7.6930829e-121		5.7709134e-120		5.7709134e-120		0.0000000e+00
1.6200000e+02		1.6300000e+02		1.6250000e+02		5.2241459e-01		2.0990874e-119		4.9267693e-120		3.6357260e-119		3.6357260e-119		0.0000000e+00
1.6300000e+02		1.6400000e+02		1.6350000e+02		1.1072121e+00		1.2927587e-118		3.0837357e-119		2.2391237e-118		2.2391237e-118		0.0000000e+00
1.6400000e+02		1.6500000e+02		1.6450000e+02		1.1323318e+00		7.7861912e-118		1.8872406e-118		1.3486079e-117		1.3486079e-117		0.0000000e+00
1.6500000e+02		1.6600000e+02		1.6550000e+02		1.3255566e+00		4.5880611e-117		1.1297746e-117		7.9467550e-117		7.9467550e-117		0.0000000e+00
1.6600000e+02		1.6700000e+02		1.6650000e+02		6.2522883e-01		2.6460717e-116		6.6182478e-117		4.5831306e-116		4.5831306e-116		0.0000000e+00
1.6700000e+02		1.6800000e+02		1.6750000e+02		6.6723830e-01		1.4942041e-115		3.7953319e-116		2.5880373e-115		2.5880373e-115		0.0000000e+00
1.6800000e+02		1.6900000e+02		1.6850000e+02		7.1904320e-01		8.2645215e-115		2.1314614e-115		1.4314571e-114		1.4314571e-114		0.0000000e+00
1.6900000e+02		1.7000000e+02		1.6950000e+02		9.0554889e-01		4.4790385e-114		1.1726991e-114		7.7579222e-114		7.7579222e-114		0.0000000e+00
1.7000000e+02		1.7100000e+02		1.7050000e+02		1.0161854e+00		2.3793981e-113		6.3231790e-114		4.1212384e-113		4.1212384e-113		0.0000000e+00
1.7100000e+02		1.7200000e+02		1.7150000e+02		1.0130704e+00		1.2394158e-112		3.3425515e-113		2.1467311e-112		2.1467311e-112		0.0000000e+00
1.7200000e+02		1.7300000e+02		1.7250000e+02		1.0571150e+00		6.3326183e-112		1.7328648e-112		1.0968417e-111		1.0968417e-111		0.0000000e+00
1.7300000e+02		1.7400000e+02		1.7350000e+02		1.0479596e+00		3.1747636e-111		8.8133617e-112		5.4988518e-111		5.4988518e-111		0.0000000e+00
1.7400000e+02		1.7500000e+02		1.7450000e+02		1.2530722e+00		1.5622241e-110		4.3989752e-111		2.7058515e-110		2.7058515e-110		0.0000000e+00
1.7500000e+02		1.7600000e+02		1.7550000e+02		1.4954862e+00		7.5477572e-110		2.1554338e-110		1.3073099e-109		1.3073099e-109		0.0000000e+00
1.7600000e+02		1.7700000e+02		1.7650000e+02		1.6135596e+00		3.5815475e-109		1.0371218e-109		6.2034223e-109		6.2034223e-109		0.0000000e+00
1.7700000e+02		1.7800000e+02		1.7750000e+02		1.9010195e+00		1.6696837e-108		4.9019957e-109		2.8919770e-108		2.8919770e-108		0.0000000e+00
1.7800000e+02		1.7900000e+02		1.7850000e+02		2.0776624e+00		7.6495830e-108		2.2766657e-108		1.3249466e-107		1.3249466e-107		0.0000000e+00
1.7900000e+02		1.8000000e+02		1.7950000e+02		2.0198657e+00		3.4451451e-107		1.0393162e-107		5.9671663e-107		5.9671663e-107		0.0000000e+00
1.8000000e+02		1.8100000e+02		1.8050000e+02		2.4976225e+00		1.5256906e-106		4.6650860e-107		2.6425737e-106		2.6425737e-106		0.0000000e+00
1.8100000e+02		1.8200000e+02		1.8150000e+02		3.0410490e+00		6.6456073e-106		2.0595705e-106		1.1510530e-105		1.1510530e-105		0.0000000e+00
1.8200000e+02		1.8300000e+02		1.8250000e+02		2.8073836e+00		2.8479157e-105		8.9470536e-106		4.9327348e-105		4.9327348e-105		0.0000000e+00
1.8300000e+02		1.8400000e+02		1.8350000e+02		2.9562417e+00		1.2010405e-104		3.8257601e-105		2.0802632e-104		2.0802632e-104		0.0000000e+00
1.8400000e+02		1.8500000e+02		1.8450000e+02		2.5409769e+00		4.9858797e-104		1.6104849e-104		8.6357969e-104		8.6357969e-104		0.0000000e+00
1.8500000e+02		1.8600000e+02		1.8550000e+02		2.8735562e+00		2.0378428e-103		6.6810741e-104		3.5296473e-103		3.5296473e-103		0.0000000e+00
1.8600000e+02		1.8700000e+02		1.8650000e+02		3.2604304e+00		8.2026682e-103		2.7316590e-103		1.4207438e-102		1.4207438e-102		0.0000000e+00
1.8700000e+02		1.8800000e+02		1.8750000e+02		3.6946466e+00		3.2522486e-102		1.1017104e-102		5.6330597e-102		5.6330597e-102		0.0000000e+00
1.8800000e+02		1.8900000e+02		1.8850000e+02		3.8870616e+00		1.2703674e-101		4.3884756e-102		2.2003409e-101		2.2003409e-101		0.0000000e+00
1.8900000e+02		1.9000000e+02		1.8950000e+02		4.3106081e+00		4.8892963e-101		1.7293617e-101		8.4685096e-101		8.4685096e-101		0.0000000e+00
1.9000000e+02		1.9100000e+02		1.9050000e+02		4.4384288e+00		1.8544338e-100		6.7453770e-101		3.2119736e-100		3.2119736e-100		2.0318861e-301
1.9100000e+02		1.9200000e+02		1.9150000e+02		4.8094361e+00		6.9328390e-100		2.6040300e-100		1.2008029e-99		1.2008029e-99		2.3229082e-208
1.9200000e+02		1.9300000e+02		1.9250000e+02		5.0365493e+00		2.5544354e-99		9.7720671e-99		4.4244119e-99		4.4244119e-99		2.7308655e-144
1.9300000e+02		1.9400000e+02		1.9350000e+02		3.8447944e+00		9.2950178e-99		8.7821088e-85		1.6099430e-98		1.6099411e-98		1.8285367e-104
1.9400000e+02		1.9500000e+02		1.9450000e+02		6.1679797e+00		4.2609859e-82		4.2899093e-69		4.3005697e-82		9.3656125e-84		4.2069136e-82
1.9500000e+02		1.9600000e+02		1.9550000e+02		5.9528271e+00		-1.2940973e-64		nan		-2.4037862e-64		-2.6255521e-64		2.2176591e-65
1.9600000e+02		1.9700000e+02		1.9650000e+02		6.5508102e+00		1.9869115e-56		3.5657497e-47		2.0117831e-56		5.8846844e-58		1.9529362e-56
1.9700000e+02		1.9800000e+02		1.9750000e+02		6.5190955e+00		7.1581948e-50		1.4573141e-41		7.2558682e-50		2.3109757e-51		7.0247706e-50
1.9800000e+02		1.9900000e+02		1.9850000e+02		6.3883794e+00		3.6997652e-26		4.8097242e-22		3.8038507e-26		2.4626894e-27		3.5575818e-26
1.9900000e+02		2.0000000e+02		1.9950000e+02		6.7274707e+00		1.5068405e-04		5.6486509e-04		2.4584573e-04		2.2515494e-04		2.0690787e-05
2.0000000e+02		2.0100000e+02		2.0050000e+02		7.1125146e+00		2.7395787e-03		9.3420536e-03		4.6400215e-03		4.4964959e-03		1.4352554e-04
2.0100000e+02		2.0200000e+02		2.0150000e+02		7.5701275e+00		1.9445551e-01		5.7733229e-01		3.3592632e-01		3.3472353e-01		1.2027915e-03
2.0200000e+02		2.0300000e+02		2.0250000e+02		7.4828608e+00		3.4073885e-01		9.9121846e-01		5.8893538e-01		5.8723930e-01		1.6960812e-03
2.0300000e+02		2.0400000e+02		2.0350000e+02		8.0092047e+00		9.6074171e-01		2.7220316e+00		1.6620036e+00		1.6592034e+00		2.8001920e-03
2.0400000e+02		2.0500000e+02		2.0450000e+02		8.6207445e+00		1.5552847e+00		4.3489101e+00		2.6909581e+00		2.6870321e+00		3.9260057e-03
2.0500000e+02		2.0600000e+02		2.0550000e+02		8.6400754e+00		1.5840039e+00		4.3999078e+00		2.7401663e+00		2.7355098e+00		4.6565330e-03
2.0600000e+02		2.0700000e+02		2.0650000e+02		8.6510225e+00		1.6238012e+00		4.4808114e+00		2.8084728e+00		2.8029630e+00		5.5097875e-03
2.0700000e+02		2.0800000e+02		2.0750000e+02		9.3957826e+00		1.8026677e+00		4.9420093e+00		3.1171575e+00		3.1101164e+00		7.0411356e-03
2.0800000e+02		2.0900000e+02		2.0850000e+02		1.0163489e+01		1.9847373e+00		5.4062613e+00		3.4311540e+00		3.4222588e+00		8.8952794e-03
2.0900000e+02		2.1000000e+02		2.0950000e+02		1.3129215e+01		2.6212512e+00		7.0944492e+00		4.5303206e+00		4.5169066e+00		1.3413962e-02
2.1000000e+02		2.1100000e+02		2.1050000e+02		1.6183343e+01		3.2901125e+00		8.8487647e+00		5.6846274e+00		5.6654831e+00		1.9144267e-02
2.1100000e+02		2.1200000e+02		2.1150000e+02		1.8424170e+01		3.8232985e+00		1.0218362e+01		6.6036923e+00		6.5784825e+00		2.5209844e-02
2.1200000e+02		2.1300000e+02		2.1250000e+02		1.6428561e+01		3.4746723e+00		9.2290107e+00		5.9993662e+00		5.9734898e+00		2.5876389e-02
2.1300000e+02		2.1400000e+02		2.1350000e+02		1.6737981e+01		3.6075608e+00		9.5231686e+00		6.2263630e+00		6.1961524e+00		3.0210580e-02
2.1400000e+02		2.1500000e+02		2.1450000e+02		2.1432541e+01		4.7067822e+00		1.2348840e+01		8.1199992e+00		8.0757582e+00		4.4240985e-02
2.1500000e+02		2.1600000e+02		2.1550000e+02		1.8408135e+01		4.1162908e+00		1.0734374e+01		7.0979956e+00		7.0547892e+00		4.3206326e-02
2.1600000e+02		2.1700000e+02		2.1650000e+02		1.7036901e+01		3.8792987e+00		1.0055354e+01		6.6859120e+00		6.6405184e+00		4.5393655e-02
2.1700000e+02		2.1800000e+02		2.1750000e+02		1.7640866e+01		4.0883981e+00		1.0534069e+01		7.0424283e+00		6.9893106e+00		5.3117719e-02
2.1800000e+02		2.1900000e+02		2.1850000e+02		2.3730294e+01		5.5967144e+00		1.4334643e+01		9.6348458e+00		9.5543215e+00		8.0524271e-02
2.1900000e+02		2.2000000e+02		2.1950000e+02		2.5052511e+01		6.0115397e+00		1.5306052e+01		1.0342368e+01		1.0246850e+01		9.5517868e-02
2.2000000e+02		2.2100000e+02		2.2050000e+02		2.5203754e+01		6.1507079e+00		1.5568470e+01		1.0574598e+01		1.0467036e+01		1.0756188e-01
2.2100000e+02		2.2200000e+02		2.2150000e+02		2.0176768e+01		5.0077042e+00		1.2601056e+01		8.6031806e+00		8.5069886e+00		9.6192035e-02
2.2200000e+02		2.2300000e+02		2.2250000e+02		2.7154039e+01		6.8512873e+00		1.7139782e+01		1.1761288e+01		1.1617187e+01		1.4410117e-01
2.2300000e+02		2.2400000e+02		2.2350000e+02		3.5163062e+01		9.0186908e+00		2.2430900e+01		1.5469110e+01		1.5261855e+01		2.0725457e-01
2.2400000e+02		2.2500000e+02		2.2450000e+02		3.2875934e+01		8.5680073e+00		2.1186934e+01		1.4683192e+01		1.4468683e+01		2.1450939e-01
2.2500000e+02		2.2600000e+02		2.2550000e+02		2.8720078e+01		7.6051556e+00		1.8697625e+01		1.3020985e+01		1.2813990e+01		2.0699492e-01
2.2600000e+02		2.2700000e+02		2.2650000e+02		2.1037217e+01		5.6580812e+00		1.3830781e+01		9.6778164e+00		9.5107956e+00		1.6702083e-01
2.2700000e+02		2.2800000e+02		2.2750000e+02		2.0463841e+01		5.5894010e+00		1.3584657e+01		9.5504207e+00		9.3718733e+00		1.7854740e-01
2.2800000e+02		2.2900000e+02		2.2850000e+02		2.8509984e+01		7.9063946e+00		1.9106145e+01		1.3494620e+01		1.3221882e+01		2.7273724e-01
2.2900000e+02		2.3000000e+02		2.2950000e+02		2.5620938e+01		7.2127463e+00		1.7330585e+01		1.2296578e+01		1.2028474e+01		2.6810334e-01
2.3000000e+02		2.3100000e+02		2.3050000e+02		2.9055844e+01		8.3010436e+00		1.9832121e+01		1.4134936e+01		1.3803138e+01		3.3179841e-01
2.3100000e+02		2.3200000e+02		2.3150000e+02		2.7387429e+01		7.9396189e+00		1.8860991e+01		1.3502495e+01		1.3161906e+01		3.4058882e-01
2.3200000e+02		2.3300000e+02		2.3250000e+02		2.9413108e+01		8.6502604e+00		2.0432747e+01		1.4691710e+01		1.4294223e+01		3.9748698e-01
2.3300000e+02		2.3400000e+02		2.3350000e+02		2.6543685e+01		7.9179104e+00		1.8597076e+01		1.3429441e+01		1.3040422e+01		3.8901929e-01
2.3400000e+02		2.3500000e+02		2.3450000e+02		2.3194371e+01		7.0163643e+00		1.6386510e+01		1.1883360e+01		1.1515435e+01		3.6792465e-01
2.3500000e+02		2.3600000e+02		2.3550000e+02		3.1223226e+01		9.5766025e+00		2.2239730e+01		1.6195484e+01		1.5660442e+01		5.3504230e-01
2.3600000e+02		2.3700000e+02		2.3650000e+02		2.8911473e+01		8.9897190e+00		2.0759220e+01		1.5179574e+01		1.4645355e+01		5.3421933e-01
2.3700000e+02		2.3800000e+02		2.3750000e+02		3.0878004e+01		9.7310120e+00		2.2344598e+01		1.6405068e+01		1.5790986e+01		6.1408181e-01
2.3800000e+02		2.3900000e+02		2.3850000e+02		2.5598090e+01		8.1758765e+00		1.8668173e+01		1.3760593e+01		1.3213582e+01		5.4701130e-01
2.3900000e+02		2.4000000e+02		2.3950000e+02		2.7890834e+01		9.0258596e+00		2.0493278e+01		1.5165266e+01		1.4525991e+01		6.3927451e-01
2.4000000e+02		2.4100000e+02		2.4050000e+02		2.5623038e+01		8.4009841e+00		1.8967559e+01		1.4090514e+01		1.3461572e+01		6.2894168e-01
2.4100000e+02		2.4200000e+02		2.4150000e+02		3.0005079e+01		9.9661048e+00		2.2375263e+01		1.6685304e+01		1.5897797e+01		7.8750734e-01
2.4200000e+02		2.4300000e+02		2.4250000e+02		4.1301739e+01		1.3894706e+01		3.1021025e+01		2.3219181e+01		2.2061943e+01		1.1572377e+00
2.4300000e+02		2.4400000e+02		2.4350000e+02		3.8791639e+01		1.3216219e+01		2.9341413e+01		2.2043010e+01		2.0884411e+01		1.1585992e+00
2.4400000e+02		2.4500000e+02		2.4450000e+02		3.6329084e+01		1.2534983e+01		2.7673777e+01		2.0865650e+01		1.9710569e+01		1.1550812e+00
2.4500000e+02		2.4600000e+02		2.4550000e+02		2.9476122e+01		1.0294962e+01		2.2601754e+01		1.7102292e+01		1.6106316e+01		9.9597596e-01
2.4600000e+02		2.4700000e+02		2.4650000e+02		2.8685918e+01		1.0146327e+01		2.2151563e+01		1.6820552e+01		1.5791385e+01		1.0291669e+00
2.4700000e+02		2.4800000e+02		2.4750000e+02		3.1678139e+01		1.1340681e+01		2.4621505e+01		1.8760733e+01		1.7556033e+01		1.2047006e+00
2.4800000e+02		2.4900000e+02		2.4850000e+02		2.5406301e+01		9.2079186e+00		1.9880268e+01		1.5199604e+01		1.4176480e+01		1.0231238e+00
2.4900000e+02		2.5000000e+02		2.4950000e+02		3.0967514e+01		1.1356654e+01		2.4383659e+01		1.8705095e+01		1.7386598e+01		1.3184972e+00
2.5000000e+02		2.5100000e+02		2.5050000e+02		3.3448743e+01		1.2417102e+01		2.6513276e+01		2.0405687e+01		1.8901196e+01		1.5044919e+00
2.5100000e+02		2.5200000e+02		2.5150000e+02		2.7888154e+01		1.0476289e+01		2.2245832e+01		1.7176710e+01		1.5853367e+01		1.3233433e+00
2.5200000e+02		2.5300000e+02		2.5250000e+02		2.5069906e+01		9.5290361e+00		2.0122996e+01		1.5587067e+01		1.4333454e+01		1.2536123e+00
2.5300000e+02		2.5400000e+02		2.5350000e+02		3.1592540e+01		1.2150330e+01		2.5517634e+01		1.9827564e+01		1.8164531e+01		1.6630329e+00
2.5400000e+02		2.5500000e+02		2.5450000e+02		3.5730773e+01		1.3905019e+01		2.9042838e+01		2.2636138e+01		2.0658050e+01		1.9780881e+00
2.5500000e+02		2.5600000e+02		2.5550000e+02		4.8755658e+01		1.9185437e+01		3.9852648e+01		3.1155352e+01		2.8321125e+01		2.8342278e+00
2.5600000e+02		2.5700000e+02		2.5650000e+02		6.2803876e+01		2.5014745e+01		5.1678507e+01		4.0520546e+01		3.6687117e+01		3.8334285e+00
2.5700000e+02		2.5800000e+02		2.5750000e+02		7.8843355e+01		3.1761533e+01		6.5260238e+01		5.1319415e+01		4.6274446e+01		5.0449688e+00
2.5800000e+02		2.5900000e+02		2.5850000e+02		8.2991293e+01		3.3797604e+01		6.9066887e+01		5.4469030e+01		4.8909120e+01		5.5599104e+00
2.5900000e+02		2.6000000e+02		2.5950000e+02		7.0629481e+01		2.9106669e+01		5.9159874e+01		4.6787665e+01		4.1833688e+01		4.9539776e+00
2.6000000e+02		2.6100000e+02		2.6050000e+02		5.7868388e+01		2.4106870e+01		4.8733567e+01		3.8648826e+01		3.4406638e+01		4.2421878e+00
2.6100000e+02		2.6200000e+02		2.6150000e+02		5.9092703e+01		2.4898135e+01		5.0063206e+01		3.9811576e+01		3.5285581e+01		4.5259949e+00
2.6200000e+02		2.6300000e+02		2.6250000e+02		7.0528613e+01		3.0042723e+01		6.0084285e+01		4.7908671e+01		4.2271287e+01		5.6373845e+00
2.6300000e+02		2.6400000e+02		2.6350000e+02		1.0614195e+02		4.5727298e+01		9.0965750e+01		7.2723223e+01		6.3873043e+01		8.8501798e+00
2.6400000e+02		2.6500000e+02		2.6450000e+02		1.6548208e+02		7.2036161e+01		1.4254093e+02		1.1425014e+02		9.9879340e+01		1.4370798e+01
2.6500000e+02		2.6600000e+02		2.6550000e+02		1.7356948e+02		7.6393346e+01		1.5036381e+02		1.2082659e+02		1.0513018e+02		1.5696408e+01
2.6600000e+02		2.6700000e+02		2.6650000e+02		1.6826276e+02		7.4851808e+01		1.4655384e+02		1.1805897e+02		1.0222924e+02		1.5829729e+01
2.6700000e+02		2.6800000e+02		2.6750000e+02		1.6940220e+02		7.6165890e+01		1.4834481e+02		1.1979469e+02		1.0322686e+02		1.6567836e+01
2.6800000e+02		2.6900000e+02		2.6850000e+02		1.6778062e+02		7.6246578e+01		1.4772719e+02		1.1958313e+02		1.0253539e+02		1.7047742e+01
2.6900000e+02		2.7000000e+02		2.6950000e+02		1.5737310e+02		7.2247835e+01		1.3925144e+02		1.1298878e+02		9.6394109e+01		1.6594670e+01
2.7000000e+02		2.7100000e+02		2.7050000e+02		1.8181465e+02		8.4334936e+01		1.6170794e+02		1.3151462e+02		1.1162833e+02		1.9886288e+01
2.7100000e+02		2.7200000e+02		2.7150000e+02		1.5108640e+02		7.0804267e+01		1.3506493e+02		1.1009671e+02		9.2966910e+01		1.7129796e+01
2.7200000e+02		2.7300000e+02		2.7250000e+02		1.2154404e+02		5.7525194e+01		1.0917177e+02		8.9189416e+01		7.4918354e+01		1.4271062e+01
2.7300000e+02		2.7400000e+02		2.7350000e+02		1.2960124e+02		6.1955151e+01		1.1698025e+02		9.5778664e+01		8.0027291e+01		1.5751373e+01
2.7400000e+02		2.7500000e+02		2.7450000e+02		8.9183780e+01		4.3065050e+01		8.0900300e+01		6.6380944e+01		5.5165998e+01		1.1214947e+01
2.7500000e+02		2.7600000e+02		2.7550000e+02		1.1893609e+02		5.7977165e+01		1.0836451e+02		8.9104407e+01		7.3647846e+01		1.5456561e+01
2.7600000e+02		2.7700000e+02		2.7650000e+02		1.6564211e+02		8.1519945e+01		1.5160323e+02		1.2491750e+02		1.0267971e+02		2.2237785e+01
2.7700000e+02		2.7800000e+02		2.7750000e+02		1.5837296e+02		7.8678854e+01		1.4559010e+02		1.2020768e+02		9.8258263e+01		2.1949419e+01
2.7800000e+02		2.7900000e+02		2.7850000e+02		1.0921797e+02		5.4763808e+01		1.0083397e+02		8.3421294e+01		6.7804341e+01		1.5616953e+01
2.7900000e+02		2.8000000e+02		2.7950000e+02		6.1368404e+01		3.1051663e+01		5.6892078e+01		4.7160140e+01		3.8113067e+01		9.0470735e+00
2.8000000e+02		2.8100000e+02		2.8050000e+02		6.7313201e+01		3.4370143e+01		6.2663379e+01		5.2044498e+01		4.1817975e+01		1.0226524e+01
2.8100000e+02		2.8200000e+02		2.8150000e+02		1.3943196e+02		7.1823942e+01		1.3031176e+02		1.0843413e+02		8.6620633e+01		2.1813496e+01
2.8200000e+02		2.8300000e+02		2.8250000e+02		1.8983287e+02		9.8643820e+01		1.7810197e+02		1.4847705e+02		1.1790668e+02		3.0570366e+01
2.8300000e+02		2.8400000e+02		2.8350000e+02		1.9610227e+02		1.0276047e+02		1.8464309e+02		1.5421073e+02		1.2173260e+02		3.2478123e+01
2.8400000e+02		2.8500000e+02		2.8450000e+02		1.4459284e+02		7.6416417e+01		1.3665025e+02		1.1433237e+02		8.9710103e+01		2.4622265e+01
2.8500000e+02		2.8600000e+02		2.8550000e+02		9.2944992e+01		4.9527159e+01		8.8145712e+01		7.3879138e+01		5.7617399e+01		1.6261738e+01
2.8600000e+02		2.8700000e+02		2.8650000e+02		1.9045522e+02		1.0231067e+02		1.8122613e+02		1.5215633e+02		1.1793610e+02		3.4220232e+01
2.8700000e+02		2.8800000e+02		2.8750000e+02		2.2108403e+02		1.1972387e+02		2.1107730e+02		1.7751882e+02		1.3674430e+02		4.0774514e+01
2.8800000e+02		2.8900000e+02		2.8850000e+02		2.1010240e+02		1.1468125e+02		2.0124521e+02		1.6953083e+02		1.2977549e+02		3.9755337e+01
2.8900000e+02		2.9000000e+02		2.8950000e+02		3.1885068e+02		1.4769262e+02		2.6054088e+02		2.1483243e+02		1.5885450e+02		5.5977939e+01
2.9000000e+02		2.9100000e+02		2.9050000e+02		4.1860542e+02		1.6342610e+02		2.9018860e+02		2.3368319e+02		1.6623006e+02		6.7453127e+01
2.9100000e+02		2.9200000e+02		2.9150000e+02		4.0318642e+02		1.6513946e+02		2.9112069e+02		2.3611841e+02		1.6793801e+02		6.8180407e+01
2.9200000e+02		2.9300000e+02		2.9250000e+02		3.5818014e+02		1.5381980e+02		2.6923539e+02		2.1992620e+02		1.5640940e+02		6.3516795e+01
2.9300000e+02		2.9400000e+02		2.9350000e+02		3.7393440e+02		1.6840779e+02		2.9270840e+02		2.4079591e+02		1.7127213e+02		6.9523779e+01
2.9400000e+02		2.9500000e+02		2.9450000e+02		3.4819581e+02		1.6438256e+02		2.8373980e+02		2.3506214e+02		1.6722968e+02		6.7832458e+01
2.9500000e+02		2.9600000e+02		2.9550000e+02		3.7701055e+02		1.8353993e+02		3.1496304e+02		2.6214736e+02		1.8598717e+02		7.6160186e+01
2.9600000e+02		2.9700000e+02		2.9650000e+02		3.4493460e+02		1.7022015e+02		2.9069684e+02		2.4250831e+02		1.7103562e+02		7.1472692e+01
2.9700000e+02		2.9800000e+02		2.9750000e+02		3.5165811e+02		1.7595153e+02		2.9905506e+02		2.5004984e+02		1.7531848e+02		7.4731357e+01
2.9800000e+02		2.9900000e+02		2.9850000e+02		3.0223333e+02		1.5323472e+02		2.5921119e+02		2.1722197e+02		1.5139547e+02		6.5826501e+01
2.9900000e+02		3.0000000e+02		2.9950000e+02		3.4101318e+02		1.7524658e+02		2.9506194e+02		2.4781470e+02		1.7169802e+02		7.6116676e+01
3.0000000e+02		3.0100000e+02		3.0050000e+02		2.7131061e+02		1.4123225e+02		2.3668760e+02		1.9922147e+02		1.3720397e+02		6.2017508e+01
3.0100000e+02		3.0200000e+02		3.0150000e+02		3.1202593e+02		1.6457670e+02		2.7454762e+02		2.3158596e+02		1.5854562e+02		7.3040340e+01
3.0200000e+02		3.0300000e+02		3.0250000e+02		3.2846528e+02		1.7540537e+02		2.9127719e+02		2.4621816e+02		1.6754486e+02		7.8673299e+01
3.0300000e+02		3.0400000e+02		3.0350000e+02		4.2601061e+02		2.3043339e+02		3.8093624e+02		3.2268302e+02		2.1826498e+02		1.0441804e+02
3.0400000e+02		3.0500000e+02		3.0450000e+02		4.0776836e+02		2.2324527e+02		3.6740115e+02		3.1186019e+02		2.0966517e+02		1.0219502e+02
3.0500000e+02		3.0600000e+02		3.0550000e+02		4.1174793e+02		2.2804999e+02		3.7367054e+02		3.1778859e+02		2.1232379e+02		1.0546480e+02
3.0600000e+02		3.0700000e+02		3.0650000e+02		3.9053943e+02		2.1846932e+02		3.5643621e+02		3.0366177e+02		2.0156748e+02		1.0209428e+02
3.0700000e+02		3.0800000e+02		3.0750000e+02		4.3847484e+02		2.4783381e+02		4.0263177e+02		3.4361120e+02		2.2661174e+02		1.1699946e+02
3.0800000e+02		3.0900000e+02		3.0850000e+02		4.3035211e+02		2.4564679e+02		3.9739927e+02		3.3972285e+02		2.2258634e+02		1.1713651e+02
3.0900000e+02		3.1000000e+02		3.0950000e+02		3.4901328e+02		2.0121566e+02		3.2416511e+02		2.7758347e+02		1.8068817e+02		9.6895293e+01
3.1000000e+02		3.1100000e+02		3.1050000e+02		4.3927411e+02		2.4897566e+02		4.0005251e+02		3.4180060e+02		2.1962618e+02		1.2217442e+02
3.1100000e+02		3.1200000e+02		3.1150000e+02		5.2246540e+02		2.8371160e+02		4.5539070e+02		3.8670727e+02		2.4369037e+02		1.4301690e+02
3.1200000e+02		3.1300000e+02		3.1250000e+02		4.6521908e+02		2.4226972e+02		3.8850308e+02		3.2790086e+02		2.0260547e+02		1.2529539e+02
3.1300000e+02		3.1400000e+02		3.1350000e+02		4.9544367e+02		2.4765473e+02		3.9680148e+02		3.3287349e+02		2.0162974e+02		1.3124375e+02
3.1400000e+02		3.1500000e+02		3.1450000e+02		4.6729179e+02		2.2442127e+02		3.5930685e+02		2.9959744e+02		1.7786874e+02		1.2172870e+02
3.1500000e+02		3.1600000e+02		3.1550000e+02		4.5343123e+02		2.1591178e+02		3.4473200e+02		2.8708334e+02		1.6839370e+02		1.1868963e+02
3.1600000e+02		3.1700000e+02		3.1650000e+02		4.4229406e+02		2.1536845e+02		3.4222009e+02		2.8599485e+02		1.6710384e+02		1.1889101e+02
3.1700000e+02		3.1800000e+02		3.1750000e+02		5.6102832e+02		2.7930030e+02		4.4170690e+02		3.7042584e+02		2.1560534e+02		1.5482050e+02
3.1800000e+02		3.1900000e+02		3.1850000e+02		4.6340678e+02		2.3583425e+02		3.7121842e+02		3.1239181e+02		1.8113714e+02		1.3125467e+02
3.1900000e+02		3.2000000e+02		3.1950000e+02		4.9774832e+02		2.5890470e+02		4.0564272e+02		3.4253537e+02		1.9787229e+02		1.4466308e+02
3.2000000e+02		3.2100000e+02		3.2050000e+02		5.7184857e+02		3.0248623e+02		4.7189933e+02		3.9954272e+02		2.2963812e+02		1.6990460e+02
3.2100000e+02		3.2200000e+02		3.2150000e+02		4.8024660e+02		2.5704090e+02		3.9943052e+02		3.3882028e+02		1.9349210e+02		1.4532818e+02
3.2200000e+02		3.2300000e+02		3.2250000e+02		4.8228681e+02		2.6115559e+02		4.0425165e+02		3.4354630e+02		1.9493852e+02		1.4860778e+02
3.2300000e+02		3.2400000e+02		3.2350000e+02		4.6607071e+02		2.5530500e+02		3.9367709e+02		3.3517405e+02		1.8897221e+02		1.4620184e+02
3.2400000e+02		3.2500000e+02		3.2450000e+02		5.4882129e+02		3.0408443e+02		4.6711139e+02		3.9841785e+02		2.2319526e+02		1.7522258e+02
3.2500000e+02		3.2600000e+02		3.2550000e+02		6.3196128e+02		3.4565211e+02		5.2980523e+02		4.5100139e+02		2.4925907e+02		2.0174232e+02
3.2600000e+02		3.2700000e+02		3.2650000e+02		7.1301257e+02		3.7593668e+02		5.7592910e+02		4.8746377e+02		2.6387593e+02		2.2358784e+02
3.2700000e+02		3.2800000e+02		3.2750000e+02		6.8984049e+02		3.5083220e+02		5.3725154e+02		4.5213859e+02		2.3969348e+02		2.1244511e+02
3.2800000e+02		3.2900000e+02		3.2850000e+02		6.6596082e+02		3.2687511e+02		5.0041319e+02		4.1874752e+02		2.1737246e+02		2.0137506e+02
3.2900000e+02		3.3000000e+02		3.2950000e+02		7.7527139e+02		3.6745218e+02		5.6241864e+02		4.6797409e+02		2.3783740e+02		2.3013669e+02
3.3000000e+02		3.3100000e+02		3.3050000e+02		7.3029799e+02		3.5174516e+02		5.3623502e+02		4.4732242e+02		2.2613824e+02		2.2118418e+02
3.3100000e+02		3.3200000e+02		3.3150000e+02		6.9881652e+02		3.5988454e+02		5.4441770e+02		4.5903971e+02		2.3460366e+02		2.2443605e+02
3.3200000e+02		3.3300000e+02		3.3250000e+02		6.8562051e+02		3.7764794e+02		5.6698303e+02		4.8320211e+02		2.4974384e+02		2.3345827e+02
3.3300000e+02		3.3400000e+02		3.3350000e+02		6.5878216e+02		3.8824184e+02		5.7859917e+02		4.9838607e+02		2.6060404e+02		2.3778203e+02
3.3400000e+02		3.3500000e+02		3.3450000e+02		6.9405546e+02		4.3781884e+02		6.4780632e+02		5.6396469e+02		2.9846429e+02		2.6550041e+02
3.3500000e+02		3.3600000e+02		3.3550000e+02		6.8541663e+02		4.5042317e+02		6.6291640e+02		5.8080310e+02		3.0848221e+02		2.7232088e+02
3.3600000e+02		3.3700000e+02		3.3650000e+02		5.6469084e+02		3.7607949e+02		5.5152246e+02		4.8422065e+02		2.5586473e+02		2.2835592e+02
3.3700000e+02		3.3800000e+02		3.3750000e+02		5.9573781e+02		4.0205281e+02		5.8752562e+02		5.1690333e+02		2.7173924e+02		2.4516409e+02
3.3800000e+02		3.3900000e+02		3.3850000e+02		6.4448401e+02		4.4071483e+02		6.4176451e+02		5.6578732e+02		2.9592469e+02		2.6986263e+02
3.3900000e+02		3.4000000e+02		3.3950000e+02		6.7448220e+02		4.6729573e+02		6.7810804e+02		5.9905140e+02		3.1173727e+02		2.8731413e+02
3.4000000e+02		3.4100000e+02		3.4050000e+02		7.1196374e+02		4.9584727e+02		7.1740051e+02		6.3428964e+02		3.2755816e+02		3.0673148e+02
3.4100000e+02		3.4200000e+02		3.4150000e+02		6.4984945e+02		4.5143717e+02		6.5153156e+02		5.7583514e+02		2.9432874e+02		2.8150639e+02
3.4200000e+02		3.4300000e+02		3.4250000e+02		7.0477558e+02		4.8835026e+02		7.0308687e+02		6.2116253e+02		3.1423720e+02		3.0692533e+02
3.4300000e+02		3.4400000e+02		3.4350000e+02		6.9264465e+02		4.7872753e+02		6.8757529e+02		6.0722126e+02		3.0401942e+02		3.0320184e+02
3.4400000e+02		3.4500000e+02		3.4450000e+02		5.5710877e+02		3.8407528e+02		5.5032243e+02		4.8581548e+02		2.4071989e+02		2.4509559e+02
3.4500000e+02		3.4600000e+02		3.4550000e+02		6.7138909e+02		4.6474474e+02		6.6407168e+02		5.8659986e+02		2.8831232e+02		2.9828754e+02
3.4600000e+02		3.4700000e+02		3.4650000e+02		6.5194093e+02		4.5609009e+02		6.4965111e+02		5.7480833e+02		2.8089037e+02		2.9391795e+02
3.4700000e+02		3.4800000e+02		3.4750000e+02		6.4525828e+02		4.5618785e+02		6.4776151e+02		5.7407387e+02		2.7892131e+02		2.9515256e+02
3.4800000e+02		3.4900000e+02		3.4850000e+02		6.6761091e+02		4.7694424e+02		6.7513948e+02		5.9930779e+02		2.8951527e+02		3.0979252e+02
3.4900000e+02		3.5000000e+02		3.4950000e+02		6.3989005e+02		4.6190254e+02		6.5184338e+02		5.7955886e+02		2.7837783e+02		3.0118103e+02
3.5000000e+02		3.5100000e+02		3.5050000e+02		7.6650484e+02		5.6426405e+02		7.9341050e+02		7.0758367e+02		3.3909787e+02		3.6848580e+02
3.5100000e+02		3.5200000e+02		3.5150000e+02		7.1211510e+02		5.3245878e+02		7.4603915e+02		6.6699164e+02		3.1830816e+02		3.4868348e+02
3.5200000e+02		3.5300000e+02		3.5250000e+02		6.5785102e+02		4.9342736e+02		6.8959568e+02		6.1681988e+02		2.9194984e+02		3.2487004e+02
3.5300000e+02		3.5400000e+02		3.5350000e+02		7.5263834e+02		5.6627110e+02		7.8941134e+02		7.0642865e+02		3.3161633e+02		3.7481233e+02
3.5400000e+02		3.5500000e+02		3.5450000e+02		8.0329241e+02		6.0622925e+02		8.4301511e+02		7.5474033e+02		3.5138098e+02		4.0335935e+02
3.5500000e+02		3.5600000e+02		3.5550000e+02		7.5433512e+02		5.7099950e+02		7.9207346e+02		7.0944891e+02		3.2757483e+02		3.8187409e+02
3.5600000e+02		3.5700000e+02		3.5650000e+02		6.5576441e+02		4.9786394e+02		6.8894303e+02		6.1734614e+02		2.8269792e+02		3.3464822e+02
3.5700000e+02		3.5800000e+02		3.5750000e+02		5.7307986e+02		4.3636801e+02		6.0239309e+02		5.4002210e+02		2.4524821e+02		2.9477388e+02
3.5800000e+02		3.5900000e+02		3.5850000e+02		4.9194729e+02		3.7567735e+02		5.1737797e+02		4.6400435e+02		2.0898394e+02		2.5502041e+02
3.5900000e+02		3.6000000e+02		3.5950000e+02		7.1030971e+02		5.4398489e+02		7.4740658e+02		6.7057926e+02		2.9952550e+02		3.7105376e+02
3.6000000e+02		3.6100000e+02		3.6050000e+02		7.0092701e+02		5.3831781e+02		7.3789941e+02		6.6231721e+02		2.9338573e+02		3.6893148e+02
3.6100000e+02		3.6200000e+02		3.6150000e+02		6.5110481e+02		5.0145061e+02		6.8578186e+02		6.1578230e+02		2.7051167e+02		3.4527063e+02
3.6200000e+02		3.6300000e+02		3.6250000e+02		7.3500056e+02		5.6762418e+02		7.7451371e+02		6.9572782e+02		3.0309646e+02		3.9263136e+02
3.6300000e+02		3.6400000e+02		3.6350000e+02		7.1558904e+02		5.5413773e+02		7.5440960e+02		6.7792759e+02		2.9288995e+02		3.8503764e+02
3.6400000e+02		3.6500000e+02		3.6450000e+02		7.4837927e+02		5.8108774e+02		7.8933835e+02		7.0958105e+02		3.0401843e+02		4.0556262e+02
3.6500000e+02		3.6600000e+02		3.6550000e+02		8.5179486e+02		6.6314151e+02		8.9881509e+02		8.0829293e+02		3.4343195e+02		4.6486099e+02
3.6600000e+02		3.6700000e+02		3.6650000e+02		9.1042532e+02		7.1064431e+02		9.6110226e+02		8.6461872e+02		3.6430738e+02		5.0031134e+02
3.6700000e+02		3.6800000e+02		3.6750000e+02		8.7909512e+02		6.8796494e+02		9.2842585e+02		8.3551820e+02		3.4911478e+02		4.8640343e+02
3.6800000e+02		3.6900000e+02		3.6850000e+02		8.1047729e+02		6.3588662e+02		8.5631693e+02		7.7089279e+02		3.1942804e+02		4.5146475e+02
3.6900000e+02		3.7000000e+02		3.6950000e+02		8.9967825e+02		7.0765336e+02		9.5095412e+02		8.5638084e+02		3.5189300e+02		5.0448784e+02
3.7000000e+02		3.7100000e+02		3.7050000e+02		8.4427990e+02		6.6573384e+02		8.9275827e+02		8.0424137e+02		3.2771232e+02		4.7652905e+02
3.7100000e+02		3.7200000e+02		3.7150000e+02		8.7164560e+02		6.8900365e+02		9.2205958e+02		8.3090992e+02		3.3575384e+02		4.9515609e+02
3.7200000e+02		3.7300000e+02		3.7250000e+02		7.2411383e+02		5.7377618e+02		7.6629166e+02		6.9076261e+02		2.7679287e+02		4.1396974e+02
3.7300000e+02		3.7400000e+02		3.7350000e+02		6.3155746e+02		5.0163695e+02		6.6859792e+02		6.0288836e+02		2.3956341e+02		3.6332496e+02
3.7400000e+02		3.7500000e+02		3.7450000e+02		6.4642322e+02		5.1466148e+02		6.8459033e+02		6.1750039e+02		2.4331949e+02		3.7418091e+02
3.7500000e+02		3.7600000e+02		3.7550000e+02		7.4036161e+02		5.9083189e+02		7.8436138e+02		7.0770910e+02		2.7653445e+02		4.3117465e+02
3.7600000e+02		3.7700000e+02		3.7650000e+02		7.6758018e+02		6.1396920e+02		8.1348865e+02		7.3420902e+02		2.8449045e+02		4.4971856e+02
3.7700000e+02		3.7800000e+02		3.7750000e+02		9.0048278e+02		7.2191932e+02		9.5467507e+02		8.6188841e+02		3.3117042e+02		5.3071799e+02
3.7800000e+02		3.7900000e+02		3.7850000e+02		9.3786543e+02		7.5358454e+02		9.9464977e+02		8.9823615e+02		3.4224937e+02		5.5598678e+02
3.7900000e+02		3.8000000e+02		3.7950000e+02		7.6051322e+02		6.1244121e+02		8.0683190e+02		7.2882956e+02		2.7537779e+02		4.5345177e+02
3.8000000e+02		3.8100000e+02		3.8050000e+02		8.2814537e+02		6.6837245e+02		8.7887419e+02		7.9412697e+02		2.9753839e+02		4.9658858e+02
3.8100000e+02		3.8200000e+02		3.8150000e+02		7.4366886e+02		6.0149800e+02		7.8947948e+02		7.1354634e+02		2.6510923e+02		4.4843712e+02
3.8200000e+02		3.8300000e+02		3.8250000e+02		5.3336093e+02		4.3232155e+02		5.6639695e+02		5.1205684e+02		1.8865573e+02		3.2340111e+02
3.8300000e+02		3.8400000e+02		3.8350000e+02		4.7073026e+02		3.8236446e+02		5.0004337e+02		4.5218771e+02		1.6520359e+02		2.8698413e+02
3.8400000e+02		3.8500000e+02		3.8450000e+02		6.2969557e+02		5.1255984e+02		6.6911308e+02		6.0523262e+02		2.1926617e+02		3.8596646e+02
3.8500000e+02		3.8600000e+02		3.8550000e+02		6.6694888e+02		5.4400634e+02		7.0891192e+02		6.4139383e+02		2.3042126e+02		4.1097257e+02
3.8600000e+02		3.8700000e+02		3.8650000e+02		6.6977732e+02		5.4742979e+02		7.1212888e+02		6.4446418e+02		2.2958583e+02		4.1487835e+02
3.8700000e+02		3.8800000e+02		3.8750000e+02		6.6902499e+02		5.4791875e+02		7.1153550e+02		6.4408396e+02		2.2752935e+02		4.1655462e+02
3.8800000e+02		3.8900000e+02		3.8850000e+02		6.7841027e+02		5.5671312e+02		7.2172278e+02		6.5346169e+02		2.2890957e+02		4.2455212e+02
3.8900000e+02		3.9000000e+02		3.8950000e+02		8.1451188e+02		6.6971688e+02		8.6675615e+02		7.8496191e+02		2.7267268e+02		5.1228924e+02
3.9000000e+02		3.9100000e+02		3.9050000e+02		8.5560997e+02		7.0487832e+02		9.1074053e+02		8.2498567e+02		2.8417705e+02		5.4080862e+02
3.9100000e+02		3.9200000e+02		3.9150000e+02		9.2006232e+02		7.5943373e+02		9.7961006e+02		8.8757133e+02		3.0317680e+02		5.8439453e+02
3.9200000e+02		3.9300000e+02		3.9250000e+02		7.0614281e+02		5.8396858e+02		7.5204461e+02		6.8153810e+02		2.3085197e+02		4.5068613e+02
3.9300000e+02		3.9400000e+02		3.9350000e+02		4.3291589e+02		3.5868638e+02		4.6117696e+02		4.1803142e+02		1.4041187e+02		2.7761955e+02
3.9400000e+02		3.9500000e+02		3.9450000e+02		7.1565803e+02		5.9404806e+02		7.6257162e+02		6.9137718e+02		2.3028318e+02		4.6109400e+02
3.9500000e+02		3.9600000e+02		3.9550000e+02		8.7888136e+02		7.3087204e+02		9.3672993e+02		8.4945469e+02		2.8056958e+02		5.6888511e+02
3.9600000e+02		3.9700000e+02		3.9650000e+02		6.0712893e+02		5.0575224e+02		6.4724101e+02		5.8704013e+02		1.9232923e+02		3.9471090e+02
3.9700000e+02		3.9800000e+02		3.9750000e+02		6.8053003e+02		5.6787323e+02		7.2563067e+02		6.5826349e+02		2.1386565e+02		4.4439784e+02
3.9800000e+02		3.9900000e+02		3.9850000e+02		1.0480559e+03		8.7591173e+02		1.1175705e+03		1.0139788e+03		3.2667032e+02		6.8730853e+02
3.9900000e+02		4.0000000e+02		3.9950000e+02		1.1577145e+03		9.6900279e+02		1.2345114e+03		1.1202524e+03		3.5786050e+02		7.6239193e+02
4.0000000e+02		4.0100000e+02		4.0050000e+02		1.1939713e+03		1.0016315e+03		1.2740696e+03		1.1564859e+03		3.6638949e+02		7.9009640e+02
4.0100000e+02		4.0200000e+02		4.0150000e+02		1.2509583e+03		1.0513074e+03		1.3351886e+03		1.2122266e+03		3.8073873e+02		8.3148783e+02
4.0200000e+02		4.0300000e+02		4.0250000e+02		1.2664199e+03		1.0660953e+03		1.3519917e+03		1.2277102e+03		3.8238518e+02		8.4532507e+02
4.0300000e+02		4.0400000e+02		4.0350000e+02		1.2115903e+03		1.0216375e+03		1.2937399e+03		1.1750276e+03		3.6292488e+02		8.1210277e+02
4.0400000e+02		4.0500000e+02		4.0450000e+02		1.1914959e+03		1.0063473e+03		1.2725564e+03		1.1559951e+03		3.5407055e+02		8.0192458e+02
4.0500000e+02		4.0600000e+02		4.0550000e+02		1.1904731e+03		1.0071191e+03		1.2717327e+03		1.1554503e+03		3.5095541e+02		8.0449490e+02
4.0600000e+02		4.0700000e+02		4.0650000e+02		1.1388815e+03		9.6502248e+02		1.2168722e+03		1.1057975e+03		3.3307722e+02		7.7272026e+02
4.0700000e+02		4.0800000e+02		4.0750000e+02		1.1575323e+03		9.8238451e+02		1.2370529e+03		1.1243273e+03		3.3584016e+02		7.8848710e+02
4.0800000e+02		4.0900000e+02		4.0850000e+02		1.2307397e+03		1.0461550e+03		1.3155538e+03		1.1958746e+03		3.5424037e+02		8.4163428e+02
4.0900000e+02		4.1000000e+02		4.0950000e+02		1.2243097e+03		1.0423046e+03		1.3089394e+03		1.1900573e+03		3.4958660e+02		8.4047070e+02
4.1000000e+02		4.1100000e+02		4.1050000e+02		1.1216634e+03		9.5638251e+02		1.1994308e+03		1.0906707e+03		3.1772920e+02		7.7294147e+02
4.1100000e+02		4.1200000e+02		4.1150000e+02		1.3003372e+03		1.1104092e+03		1.3907584e+03		1.2648499e+03		3.6541068e+02		8.9943923e+02
4.1200000e+02		4.1300000e+02		4.1250000e+02		1.2760342e+03		1.0912889e+03		1.3650223e+03		1.2416372e+03		3.5572790e+02		8.8590932e+02
4.1300000e+02		4.1400000e+02		4.1350000e+02		1.2308584e+03		1.0542130e+03		1.3169398e+03		1.1980844e+03		3.4040339e+02		8.5768105e+02
4.1400000e+02		4.1500000e+02		4.1450000e+02		1.2488872e+03		1.0712207e+03		1.3364729e+03		1.2160377e+03		3.4264080e+02		8.7339693e+02
4.1500000e+02		4.1600000e+02		4.1550000e+02		1.2477523e+03		1.0717963e+03		1.3354978e+03		1.2153303e+03		3.3960524e+02		8.7572510e+02
4.1600000e+02		4.1700000e+02		4.1650000e+02		1.2947363e+03		1.1137447e+03		1.3860306e+03		1.2614992e+03		3.4959094e+02		9.1190828e+02
4.1700000e+02		4.1800000e+02		4.1750000e+02		1.1781342e+03		1.0148727e+03		1.2614264e+03		1.1482532e+03		3.1558153e+02		8.3267165e+02
4.1800000e+02		4.1900000e+02		4.1850000e+02		1.2217101e+03		1.0538442e+03		1.3083147e+03		1.1910855e+03		3.2471643e+02		8.6636905e+02
4.1900000e+02		4.2000000e+02		4.1950000e+02		1.2338424e+03		1.0658203e+03		1.3215208e+03		1.2032924e+03		3.2526248e+02		8.7802990e+02
4.2000000e+02		4.2100000e+02		4.2050000e+02		1.2494927e+03		1.0808164e+03		1.3385045e+03		1.2189232e+03		3.2676426e+02		8.9215897e+02
4.2100000e+02		4.2200000e+02		4.2150000e+02		1.2299982e+03		1.0653908e+03		1.3178362e+03		1.2002617e+03		3.1910810e+02		8.8115363e+02
4.2200000e+02		4.2300000e+02		4.2250000e+02		1.1657134e+03		1.0110575e+03		1.2491612e+03		1.1378632e+03		3.0002565e+02		8.3783759e+02
4.2300000e+02		4.2400000e+02		4.2350000e+02		1.2419943e+03		1.0786404e+03		1.3311132e+03		1.2126701e+03		3.1711757e+02		8.9555249e+02
4.2400000e+02		4.2500000e+02		4.2450000e+02		1.2850442e+03		1.1174850e+03		1.3774667e+03		1.2550583e+03		3.2550210e+02		9.2955624e+02
4.2500000e+02		4.2600000e+02		4.2550000e+02		1.2367256e+03		1.0768547e+03		1.3258764e+03		1.2082034e+03		3.1077432e+02		8.9742908e+02
4.2600000e+02		4.2700000e+02		4.2650000e+02		1.2316584e+03		1.0738110e+03		1.3206434e+03		1.2035827e+03		3.0704298e+02		8.9653969e+02
4.2700000e+02		4.2800000e+02		4.2750000e+02		1.1420512e+03		9.9694400e+02		1.2247446e+03		1.1163190e+03		2.8244429e+02		8.3387471e+02
4.2800000e+02		4.2900000e+02		4.2850000e+02		1.1495483e+03		1.0047404e+03		1.2329653e+03		1.1239454e+03		2.8204215e+02		8.4190328e+02
4.2900000e+02		4.3000000e+02		4.2950000e+02		1.0698649e+03		9.3624811e+02		1.1476654e+03		1.0463101e+03		2.6040940e+02		7.8590067e+02
4.3000000e+02		4.3100000e+02		4.3050000e+02		8.6065012e+02		7.5408106e+02		9.2336797e+02		8.4191803e+02		2.0782449e+02		6.3409354e+02
4.3100000e+02		4.3200000e+02		4.3150000e+02		1.0641754e+03		9.3352958e+02		1.1418848e+03		1.0412772e+03		2.5493367e+02		7.8634356e+02
4.3200000e+02		4.3300000e+02		4.3250000e+02		1.1990384e+03		1.0530903e+03		1.2867737e+03		1.1735309e+03		2.8496567e+02		8.8856525e+02
4.3300000e+02		4.3400000e+02		4.3350000e+02		1.3017454e+03		1.1446440e+03		1.3971862e+03		1.2743659e+03		3.0692525e+02		9.6744061e+02
4.3400000e+02		4.3500000e+02		4.3450000e+02		1.1054356e+03		9.7315948e+02		1.1866427e+03		1.0824467e+03		2.5857638e+02		8.2387034e+02
4.3500000e+02		4.3600000e+02		4.3550000e+02		1.2347447e+03		1.0882491e+03		1.3256265e+03		1.2093546e+03		2.8653866e+02		9.2281594e+02
4.3600000e+02		4.3700000e+02		4.3650000e+02		1.3814970e+03		1.2189787e+03		1.4833737e+03		1.3534066e+03		3.1805964e+02		1.0353469e+03
4.3700000e+02		4.3800000e+02		4.3750000e+02		1.2223713e+03		1.0797890e+03		1.3126822e+03		1.1977930e+03		2.7920049e+02		9.1859254e+02
4.3800000e+02		4.3900000e+02		4.3850000e+02		1.1905029e+03		1.0528110e+03		1.2786213e+03		1.1668308e+03		2.6977391e+02		8.9705692e+02
4.3900000e+02		4.4000000e+02		4.3950000e+02		1.3250738e+03		1.1731071e+03		1.4233313e+03		1.2990163e+03		2.9790417e+02		1.0011121e+03
4.4000000e+02		4.4100000e+02		4.4050000e+02		1.2562739e+03		1.1133949e+03		1.3495993e+03		1.2318376e+03		2.8023833e+02		9.5159926e+02
4.4100000e+02		4.4200000e+02		4.4150000e+02		1.3817384e+03		1.2251384e+03		1.4838008e+03		1.3543079e+03		3.0561829e+02		1.0486896e+03
4.4200000e+02		4.4300000e+02		4.4250000e+02		1.4526378e+03		1.2889768e+03		1.5596922e+03		1.4236396e+03		3.1861563e+02		1.1050240e+03
4.4300000e+02		4.4400000e+02		4.4350000e+02		1.4050936e+03		1.2480508e+03		1.5087630e+03		1.3772717e+03		3.0573989e+02		1.0715318e+03
4.4400000e+02		4.4500000e+02		4.4450000e+02		1.4475318e+03		1.2858125e+03		1.5531319e+03		1.4176789e+03		3.1199916e+02		1.1056797e+03
4.4500000e+02		4.4600000e+02		4.4550000e+02		1.3420773e+03		1.1934188e+03		1.4402019e+03		1.3147250e+03		2.8701360e+02		1.0277114e+03
4.4600000e+02		4.4700000e+02		4.4650000e+02		1.3689269e+03		1.2201514e+03		1.4709203e+03		1.3431712e+03		2.9106802e+02		1.0521032e+03
4.4700000e+02		4.4800000e+02		4.4750000e+02		1.4837056e+03		1.3241862e+03		1.5948461e+03		1.4565320e+03		3.1313354e+02		1.1433984e+03
4.4800000e+02		4.4900000e+02		4.4850000e+02		1.4587166e+03		1.3035276e+03		1.5685015e+03		1.4326603e+03		3.0553122e+02		1.1271291e+03
4.4900000e+02		4.5000000e+02		4.4950000e+02		1.4737837e+03		1.3183756e+03		1.5849042e+03		1.4477897e+03		3.0619716e+02		1.1415926e+03
4.5000000e+02		4.5100000e+02		4.5050000e+02		1.5636828e+03		1.4001741e+03		1.6817598e+03		1.5363983e+03		3.2230999e+02		1.2140883e+03
4.5100000e+02		4.5200000e+02		4.5150000e+02		1.5589734e+03		1.3973077e+03		1.6768723e+03		1.5320588e+03		3.1882449e+02		1.2132343e+03
4.5200000e+02		4.5300000e+02		4.5250000e+02		1.4757889e+03		1.3240155e+03		1.5875628e+03		1.4505790e+03		2.9945236e+02		1.1511266e+03
4.5300000e+02		4.5400000e+02		4.5350000e+02		1.4141855e+03		1.2699489e+03		1.5214506e+03		1.3902816e+03		2.8471034e+02		1.1055713e+03
4.5400000e+02		4.5500000e+02		4.5450000e+02		1.5096596e+03		1.3569552e+03		1.6243316e+03		1.4844090e+03		3.0155893e+02		1.1828501e+03
4.5500000e+02		4.5600000e+02		4.5550000e+02		1.4952815e+03		1.3452770e+03		1.6090229e+03		1.4705322e+03		2.9635713e+02		1.1741751e+03
4.5600000e+02		4.5700000e+02		4.5650000e+02		1.5527317e+03		1.3982446e+03		1.6710088e+03		1.5272986e+03		3.0534515e+02		1.2219535e+03
4.5700000e+02		4.5800000e+02		4.5750000e+02		1.5677329e+03		1.4130338e+03		1.6873177e+03		1.5423201e+03		3.0589465e+02		1.2364254e+03
4.5800000e+02		4.5900000e+02		4.5850000e+02		1.4734199e+03		1.3292191e+03		1.5859638e+03		1.4497824e+03		2.8525588e+02		1.1645265e+03
4.5900000e+02		4.6000000e+02		4.5950000e+02		1.5222067e+03		1.3744505e+03		1.6386332e+03		1.4980377e+03		2.9241057e+02		1.2056272e+03
4.6000000e+02		4.6100000e+02		4.6050000e+02		1.5039223e+03		1.3591338e+03		1.6191027e+03		1.4802884e+03		2.8665488e+02		1.1936335e+03
4.6100000e+02		4.6200000e+02		4.6150000e+02		1.5386000e+03		1.3916815e+03		1.6565901e+03		1.5146682e+03		2.9098955e+02		1.2236786e+03
4.6200000e+02		4.6300000e+02		4.6250000e+02		1.5538294e+03		1.4066654e+03		1.6731409e+03		1.5299068e+03		2.9159213e+02		1.2383146e+03
4.6300000e+02		4.6400000e+02		4.6350000e+02		1.5018384e+03		1.3607556e+03		1.6173042e+03		1.4789508e+03		2.7965305e+02		1.1992978e+03
4.6400000e+02		4.6500000e+02		4.6450000e+02		1.5281564e+03		1.3857672e+03		1.6457928e+03		1.5051033e+03		2.8235221e+02		1.2227511e+03
4.6500000e+02		4.6600000e+02		4.6550000e+02		1.4760608e+03		1.3396411e+03		1.5898272e+03		1.4540180e+03		2.7061875e+02		1.1833993e+03
4.6600000e+02		4.6700000e+02		4.6650000e+02		1.4854121e+03		1.3492397e+03		1.6000388e+03		1.4634525e+03		2.7023047e+02		1.1932221e+03
4.6700000e+02		4.6800000e+02		4.6750000e+02		1.4997486e+03		1.3631447e+03		1.6154582e+03		1.4775976e+03		2.7079850e+02		1.2067991e+03
4.6800000e+02		4.6900000e+02		4.6850000e+02		1.4665907e+03		1.3341637e+03		1.5799545e+03		1.4452302e+03		2.6278609e+02		1.1824441e+03
4.6900000e+02		4.7000000e+02		4.6950000e+02		1.5086728e+03		1.3733222e+03		1.6252052e+03		1.4866751e+03		2.6819585e+02		1.2184793e+03
4.7000000e+02		4.7100000e+02		4.7050000e+02		1.4256243e+03		1.2986104e+03		1.5357249e+03		1.4048837e+03		2.5144523e+02		1.1534384e+03
4.7100000e+02		4.7200000e+02		4.7150000e+02		1.4904926e+03		1.3585869e+03		1.6055533e+03		1.4688212e+03		2.6081719e+02		1.2080040e+03
4.7200000e+02		4.7300000e+02		4.7250000e+02		1.5269264e+03		1.3928831e+03		1.6449417e+03		1.5049466e+03		2.6514492e+02		1.2398017e+03
4.7300000e+02		4.7400000e+02		4.7350000e+02		1.4995420e+03		1.3684839e+03		1.6150828e+03		1.4776353e+03		2.5825502e+02		1.2193803e+03
4.7400000e+02		4.7500000e+02		4.7450000e+02		1.5448084e+03		1.4115781e+03		1.6647096e+03		1.5232504e+03		2.6421964e+02		1.2590308e+03
4.7500000e+02		4.7600000e+02		4.7550000e+02		1.5413846e+03		1.4099421e+03		1.6615629e+03		1.5205394e+03		2.6167590e+02		1.2588635e+03
4.7600000e+02		4.7700000e+02		4.7650000e+02		1.4853490e+03		1.3597266e+03		1.6012755e+03		1.4654631e+03		2.5017524e+02		1.2152878e+03
4.7700000e+02		4.7800000e+02		4.7750000e+02		1.5508368e+03		1.4207196e+03		1.6720018e+03		1.5302753e+03		2.5921160e+02		1.2710637e+03
4.7800000e+02		4.7900000e+02		4.7850000e+02		1.5358791e+03		1.4080407e+03		1.6560001e+03		1.5157126e+03		2.5475443e+02		1.2609582e+03
4.7900000e+02		4.8000000e+02		4.7950000e+02		1.5403519e+03		1.4131583e+03		1.6609462e+03		1.5203214e+03		2.5355062e+02		1.2667708e+03
4.8000000e+02		4.8100000e+02		4.8050000e+02		1.5442750e+03		1.4177675e+03		1.6652989e+03		1.5243863e+03		2.5226266e+02		1.2721236e+03
4.8100000e+02		4.8200000e+02		4.8150000e+02		1.5475498e+03		1.4217767e+03		1.6689515e+03		1.5278096e+03		2.5087661e+02		1.2769330e+03
4.8200000e+02		4.8300000e+02		4.8250000e+02		1.5416562e+03		1.4173515e+03		1.6627150e+03		1.5221788e+03		2.4802418e+02		1.2741546e+03
4.8300000e+02		4.8400000e+02		4.8350000e+02		1.5183412e+03		1.3968204e+03		1.6376744e+03		1.4993120e+03		2.4249769e+02		1.2568143e+03
4.8400000e+02		4.8500000e+02		4.8450000e+02		1.4920771e+03		1.3733747e+03		1.6092474e+03		1.4733192e+03		2.3647124e+02		1.2368480e+03
4.8500000e+02		4.8600000e+02		4.8550000e+02		1.4021236e+03		1.2909662e+03		1.5118389e+03		1.3841233e+03		2.2041207e+02		1.1637113e+03
4.8600000e+02		4.8700000e+02		4.8650000e+02		1.2173217e+03		1.1219681e+03		1.3130754e+03		1.2022783e+03		1.9001586e+02		1.0122624e+03
4.8700000e+02		4.8800000e+02		4.8750000e+02		1.3927585e+03		1.2841664e+03		1.5020586e+03		1.3753212e+03		2.1567449e+02		1.1596467e+03
4.8800000e+02		4.8900000e+02		4.8850000e+02		1.4651201e+03		1.3517896e+03		1.5802204e+03		1.4469593e+03		2.2517382e+02		1.2217854e+03
4.8900000e+02		4.9000000e+02		4.8950000e+02		1.4372192e+03		1.3269768e+03		1.5502985e+03		1.4196384e+03		2.1923980e+02		1.2003986e+03
4.9000000e+02		4.9100000e+02		4.9050000e+02		1.5307557e+03		1.4144854e+03		1.6515419e+03		1.5124591e+03		2.3180835e+02		1.2806508e+03
4.9100000e+02		4.9200000e+02		4.9150000e+02		1.4425606e+03		1.3337936e+03		1.5564420e+03		1.4254247e+03		2.1680167e+02		1.2086231e+03
4.9200000e+02		4.9300000e+02		4.9250000e+02		1.3729411e+03		1.2705658e+03		1.4817480e+03		1.3571404e+03		2.0483784e+02		1.1523026e+03
4.9300000e+02		4.9400000e+02		4.9350000e+02		1.4509629e+03		1.3436383e+03		1.5660566e+03		1.4344312e+03		2.1481847e+02		1.2196128e+03
4.9400000e+02		4.9500000e+02		4.9450000e+02		1.4929449e+03		1.3833851e+03		1.6114667e+03		1.4760940e+03		2.1935152e+02		1.2567425e+03
4.9500000e+02		4.9600000e+02		4.9550000e+02		1.4663156e+03		1.3595424e+03		1.5828212e+03		1.4499170e+03		2.1382858e+02		1.2360884e+03
4.9600000e+02		4.9700000e+02		4.9650000e+02		1.4846220e+03		1.3773507e+03		1.6026801e+03		1.4681705e+03		2.1488180e+02		1.2532887e+03
4.9700000e+02		4.9800000e+02		4.9750000e+02		1.5123203e+03		1.4038903e+03		1.6326797e+03		1.4957146e+03		2.1725865e+02		1.2784559e+03
4.9800000e+02		4.9900000e+02		4.9850000e+02		1.3744029e+03		1.2765877e+03		1.4838771e+03		1.3594401e+03		1.9603094e+02		1.1634091e+03
4.9900000e+02		5.0000000e+02		4.9950000e+02		1.4721832e+03		1.3678676e+03		1.5892127e+03		1.4559389e+03		2.0837897e+02		1.2475599e+03
