Left Bin Edge (nm)	Right Bin Edge (nm)	Bin Center (nm)		Top of Atm Intensity (erg/s/nm/cm2)		Total Surface Flux (erg/s/nm/cm2)		Total Intensity at BOA (erg/s/nm/cm2)		Total Surface Intensity (erg/s/nm/cm2)		Total Surface Diffuse Intensity (erg/s/nm/cm2)		Total Surface Direct Intensity (erg/s/nm/cm2)
1.0000000e+02		1.0100000e+02		1.0050000e+02		4.4569042e-02		2.4525372e-199		0.0000000e+00		4.2479191e-199		4.2479191e-199		0.0000000e+00
1.0100000e+02		1.0200000e+02		1.0150000e+02		1.7387199e-01		2.8780736e-197		0.0000000e+00		4.9849697e-197		4.9849697e-197		0.0000000e+00
1.0200000e+02		1.0300000e+02		1.0250000e+02		9.2286085e-01		3.0760913e-195		0.0000000e+00		5.3279465e-195		5.3279465e-195		0.0000000e+00
1.0300000e+02		1.0400000e+02		1.0350000e+02		7.0094286e-01		3.0025214e-193		0.0000000e+00		5.2005196e-193		5.2005196e-193		0.0000000e+00
1.0400000e+02		1.0500000e+02		1.0450000e+02		1.4124828e-01		2.6834649e-191		0.0000000e+00		4.6478976e-191		4.6478976e-191		0.0000000e+00
1.0500000e+02		1.0600000e+02		1.0550000e+02		4.8389941e-02		2.2015016e-189		0.0000000e+00		3.8131126e-189		3.8131126e-189		0.0000000e+00
1.0600000e+02		1.0700000e+02		1.0650000e+02		4.5487167e-02		1.6618994e-187		0.0000000e+00		2.8784943e-187		2.8784943e-187		0.0000000e+00
1.0700000e+02		1.0800000e+02		1.0750000e+02		5.0757295e-02		1.1570799e-185		0.0000000e+00		2.0041211e-185		2.0041211e-185		0.0000000e+00
1.0800000e+02		1.0900000e+02		1.0850000e+02		7.1152114e-02		7.4467718e-184		0.0000000e+00		1.2898187e-183		1.2898187e-183		0.0000000e+00
1.0900000e+02		1.1000000e+02		1.0950000e+02		5.5817450e-02		4.4397202e-182		0.0000000e+00		7.6898209e-182		7.6898209e-182		0.0000000e+00
1.1000000e+02		1.1100000e+02		1.1050000e+02		5.4043772e-02		2.4571429e-180		0.0000000e+00		4.2558963e-180		4.2558963e-180		0.0000000e+00
1.1100000e+02		1.1200000e+02		1.1150000e+02		5.0797691e-02		1.2649208e-178		0.0000000e+00		2.1909071e-178		2.1909071e-178		0.0000000e+00
1.1200000e+02		1.1300000e+02		1.1250000e+02		5.1969037e-02		6.0686751e-177		0.0000000e+00		1.0511254e-176		1.0511254e-176		0.0000000e+00
1.1300000e+02		1.1400000e+02		1.1350000e+02		4.1221387e-02		2.7185193e-175		0.0000000e+00		4.7086135e-175		4.7086135e-175		0.0000000e+00
1.1400000e+02		1.1500000e+02		1.1450000e+02		3.1562600e-02		1.1390981e-173		0.0000000e+00		1.9729758e-173		1.9729758e-173		0.0000000e+00
1.1500000e+02		1.1600000e+02		1.1550000e+02		4.3552050e-02		4.4723366e-172		0.0000000e+00		7.7463142e-172		7.7463142e-172		0.0000000e+00
1.1600000e+02		1.1700000e+02		1.1650000e+02		1.0143732e-01		1.6480939e-170		0.0000000e+00		2.8545824e-170		2.8545824e-170		0.0000000e+00
1.1700000e+02		1.1800000e+02		1.1750000e+02		3.6108525e-01		5.7096380e-169		0.0000000e+00		9.8893831e-169		9.8893831e-169		0.0000000e+00
1.1800000e+02		1.1900000e+02		1.1850000e+02		1.2283927e-01		1.8624904e-167		0.0000000e+00		3.2259281e-167		3.2259281e-167		0.0000000e+00
1.1900000e+02		1.2000000e+02		1.1950000e+02		1.7115732e-01		5.7292258e-166		0.0000000e+00		9.9233102e-166		9.9233102e-166		0.0000000e+00
1.2000000e+02		1.2100000e+02		1.2050000e+02		9.3056497e-01		1.6643701e-164		0.0000000e+00		2.8827737e-164		2.8827737e-164		0.0000000e+00
1.2100000e+02		1.2200000e+02		1.2150000e+02		3.6941242e+01		4.5726986e-163		0.0000000e+00		7.9201462e-163		7.9201462e-163		0.0000000e+00
1.2200000e+02		1.2300000e+02		1.2250000e+02		2.4773856e-01		1.1897468e-161		0.0000000e+00		2.0607019e-161		2.0607019e-161		0.0000000e+00
1.2300000e+02		1.2400000e+02		1.2350000e+02		1.3344721e-01		2.9354419e-160		3.0068923e-161		5.0843344e-160		5.0843344e-160		0.0000000e+00
1.2400000e+02		1.2500000e+02		1.2450000e+02		1.0726631e-01		6.8768131e-159		7.2365734e-160		1.1910990e-158		1.1910990e-158		0.0000000e+00
1.2500000e+02		1.2600000e+02		1.2550000e+02		1.0471361e-01		1.5315569e-157		1.6565427e-158		2.6527344e-157		2.6527344e-157		0.0000000e+00
1.2600000e+02		1.2700000e+02		1.2650000e+02		1.4644878e-01		3.2466438e-156		3.6074535e-157		5.6233521e-156		5.6233521e-156		0.0000000e+00
1.2700000e+02		1.2800000e+02		1.2750000e+02		7.6659940e-02		6.5583810e-155		7.4831956e-156		1.1359449e-154		1.1359449e-154		0.0000000e+00
1.2800000e+02		1.2900000e+02		1.2850000e+02		6.1165494e-02		1.2638895e-153		1.4803048e-154		2.1891208e-153		2.1891208e-153		0.0000000e+00
1.2900000e+02		1.3000000e+02		1.2950000e+02		8.1594975e-02		2.3261986e-152		2.7955701e-153		4.0290942e-152		4.0290942e-152		0.0000000e+00
1.3000000e+02		1.3100000e+02		1.3050000e+02		6.7007791e-01		4.0932658e-151		5.0455242e-152		7.0897443e-151		7.0897443e-151		0.0000000e+00
1.3100000e+02		1.3200000e+02		1.3150000e+02		9.0731094e-02		6.8932608e-150		8.7118537e-151		1.1939478e-149		1.1939478e-149		0.0000000e+00
1.3200000e+02		1.3300000e+02		1.3250000e+02		7.0547730e-02		1.1120998e-148		1.4405238e-149		1.9262133e-148		1.9262133e-148		0.0000000e+00
1.3300000e+02		1.3400000e+02		1.3350000e+02		9.5357088e-01		1.7204690e-147		2.2832644e-148		2.9799397e-147		2.9799397e-147		0.0000000e+00
1.3400000e+02		1.3500000e+02		1.3450000e+02		6.5246966e-02		2.5547072e-146		3.4724173e-147		4.4248826e-146		4.4248826e-146		0.0000000e+00
1.3500000e+02		1.3600000e+02		1.3550000e+02		1.3692679e-01		3.6443638e-145		5.0716508e-146		6.3122233e-145		6.3122233e-145		0.0000000e+00
1.3600000e+02		1.3700000e+02		1.3650000e+02		8.9861989e-02		4.9988771e-144		7.1200506e-145		8.6583092e-144		8.6583092e-144		0.0000000e+00
1.3700000e+02		1.3800000e+02		1.3750000e+02		9.2282630e-02		6.5988092e-143		9.6165096e-144		1.1429473e-142		1.1429473e-142		0.0000000e+00
1.3800000e+02		1.3900000e+02		1.3850000e+02		9.4180145e-02		8.3900154e-142		1.2505904e-142		1.4531933e-141		1.4531933e-141		0.0000000e+00
1.3900000e+02		1.4000000e+02		1.3950000e+02		3.1801144e-01		1.0282899e-140		1.5671718e-141		1.7810503e-140		1.7810503e-140		0.0000000e+00
1.4000000e+02		1.4100000e+02		1.4050000e+02		2.7729440e-01		1.2158083e-139		1.8939729e-140		2.1058417e-139		2.1058417e-139		0.0000000e+00
1.4100000e+02		1.4200000e+02		1.4150000e+02		1.3359910e-01		1.3878512e-138		2.2091402e-139		2.4038288e-138		2.4038288e-138		0.0000000e+00
1.4200000e+02		1.4300000e+02		1.4250000e+02		1.4479671e-01		1.5306337e-137		2.4888048e-138		2.6511353e-137		2.6511353e-137		0.0000000e+00
1.4300000e+02		1.4400000e+02		1.4350000e+02		1.6064305e-01		1.6321631e-136		2.7101190e-137		2.8269895e-136		2.8269895e-136		0.0000000e+00
1.4400000e+02		1.4500000e+02		1.4450000e+02		1.5363637e-01		1.6839307e-135		2.8545020e-136		2.9166536e-135		2.9166536e-135		0.0000000e+00
1.4500000e+02		1.4600000e+02		1.4550000e+02		1.6382583e-01		1.6820909e-134		2.9101508e-135		2.9134670e-134		2.9134670e-134		0.0000000e+00
1.4600000e+02		1.4700000e+02		1.4650000e+02		1.9977093e-01		1.6278987e-133		2.8736652e-134		2.8196032e-133		2.8196032e-133		0.0000000e+00
1.4700000e+02		1.4800000e+02		1.4750000e+02		2.4643334e-01		1.5273491e-132		2.7502444e-133		2.6454463e-132		2.6454463e-132		0.0000000e+00
1.4800000e+02		1.4900000e+02		1.4850000e+02		2.4167300e-01		1.3901291e-131		2.5526590e-132		2.4077742e-131		2.4077742e-131		0.0000000e+00
1.4900000e+02		1.5000000e+02		1.4950000e+02		2.1832777e-01		1.2281266e-130		2.2991799e-131		2.1271776e-130		2.1271776e-130		0.0000000e+00
1.5000000e+02		1.5100000e+02		1.5050000e+02		2.4023073e-01		1.0538059e-129		2.0108238e-130		1.8252454e-129		1.8252454e-129		0.0000000e+00
1.5100000e+02		1.5200000e+02		1.5150000e+02		2.5258505e-01		8.7873761e-129		1.7086291e-129		1.5220182e-128		1.5220182e-128		0.0000000e+00
1.5200000e+02		1.5300000e+02		1.5250000e+02		3.2229547e-01		7.1249827e-128		1.4113722e-128		1.2340832e-127		1.2340832e-127		0.0000000e+00
1.5300000e+02		1.5400000e+02		1.5350000e+02		3.5701286e-01		5.6204750e-127		1.1339510e-127		9.7349482e-127		9.7349482e-127		0.0000000e+00
1.5400000e+02		1.5500000e+02		1.5450000e+02		9.5486931e-01		4.3157785e-126		8.8662770e-127		7.4751477e-126		7.4751477e-126		0.0000000e+00
1.5500000e+02		1.5600000e+02		1.5550000e+02		7.8587524e-01		3.2275173e-125		6.7501125e-126		5.5902240e-125		5.5902240e-125		0.0000000e+00
1.5600000e+02		1.5700000e+02		1.5650000e+02		4.6648084e-01		2.3519162e-124		5.0064239e-125		4.0736383e-124		4.0736383e-124		0.0000000e+00
1.5700000e+02		1.5800000e+02		1.5750000e+02		4.2309893e-01		1.6708368e-123		3.6191242e-124		2.8939742e-123		2.8939742e-123		0.0000000e+00
1.5800000e+02		1.5900000e+02		1.5850000e+02		3.9008072e-01		1.1577495e-122		2.5512480e-123		2.0052810e-122		2.0052810e-122		0.0000000e+00
1.5900000e+02		1.6000000e+02		1.5950000e+02		3.8042347e-01		7.8283057e-122		1.7546214e-122		1.3559023e-121		1.3559023e-121		0.0000000e+00
1.6000000e+02		1.6100000e+02		1.6050000e+02		4.1635449e-01		5.1676468e-121		1.1778586e-121		8.9506268e-121		8.9506268e-121		0.0000000e+00
1.6100000e+02		1.6200000e+02		1.6150000e+02		4.7164413e-01		3.3318385e-120		7.7211013e-121		5.7709136e-120		5.7709136e-120		0.0000000e+00
1.6200000e+02		1.6300000e+02		1.6250000e+02		5.2241459e-01		2.0990875e-119		4.9446347e-120		3.6357261e-119		3.6357261e-119		0.0000000e+00
1.6300000e+02		1.6400000e+02		1.6350000e+02		1.1072121e+00		1.2927587e-118		3.0948696e-119		2.2391238e-118		2.2391238e-118		0.0000000e+00
1.6400000e+02		1.6500000e+02		1.6450000e+02		1.1323318e+00		7.7861914e-118		1.8940253e-118		1.3486079e-117		1.3486079e-117		0.0000000e+00
1.6500000e+02		1.6600000e+02		1.6550000e+02		1.3255566e+00		4.5880613e-117		1.1338189e-117		7.9467552e-117		7.9467552e-117		0.0000000e+00
1.6600000e+02		1.6700000e+02		1.6650000e+02		6.2522883e-01		2.6460718e-116		6.6418391e-117		4.5831308e-116		4.5831308e-116		0.0000000e+00
1.6700000e+02		1.6800000e+02		1.6750000e+02		6.6723830e-01		1.4942041e-115		3.8088038e-116		2.5880374e-115		2.5880374e-115		0.0000000e+00
1.6800000e+02		1.6900000e+02		1.6850000e+02		7.1904320e-01		8.2645217e-115		2.1389956e-115		1.4314572e-114		1.4314572e-114		0.0000000e+00
1.6900000e+02		1.7000000e+02		1.6950000e+02		9.0554889e-01		4.4790386e-114		1.1768272e-114		7.7579224e-114		7.7579224e-114		0.0000000e+00
1.7000000e+02		1.7100000e+02		1.7050000e+02		1.0161854e+00		2.3793982e-113		6.3453459e-114		4.1212385e-113		4.1212385e-113		0.0000000e+00
1.7100000e+02		1.7200000e+02		1.7150000e+02		1.0130704e+00		1.2394158e-112		3.3542214e-113		2.1467311e-112		2.1467311e-112		0.0000000e+00
1.7200000e+02		1.7300000e+02		1.7250000e+02		1.0571150e+00		6.3326185e-112		1.7388902e-112		1.0968417e-111		1.0968417e-111		0.0000000e+00
1.7300000e+02		1.7400000e+02		1.7350000e+02		1.0479596e+00		3.1747637e-111		8.8438832e-112		5.4988520e-111		5.4988520e-111		0.0000000e+00
1.7400000e+02		1.7500000e+02		1.7450000e+02		1.2530722e+00		1.5622241e-110		4.4141482e-111		2.7058516e-110		2.7058516e-110		0.0000000e+00
1.7500000e+02		1.7600000e+02		1.7550000e+02		1.4954862e+00		7.5477575e-110		2.1628387e-110		1.3073099e-109		1.3073099e-109		0.0000000e+00
1.7600000e+02		1.7700000e+02		1.7650000e+02		1.6135596e+00		3.5815477e-109		1.0406707e-109		6.2034226e-109		6.2034226e-109		0.0000000e+00
1.7700000e+02		1.7800000e+02		1.7750000e+02		1.9010195e+00		1.6696838e-108		4.9187037e-109		2.8919772e-108		2.8919772e-108		0.0000000e+00
1.7800000e+02		1.7900000e+02		1.7850000e+02		2.0776624e+00		7.6495835e-108		2.2843952e-108		1.3249467e-107		1.3249467e-107		0.0000000e+00
1.7900000e+02		1.8000000e+02		1.7950000e+02		2.0198657e+00		3.4451454e-107		1.0428311e-107		5.9671669e-107		5.9671669e-107		0.0000000e+00
1.8000000e+02		1.8100000e+02		1.8050000e+02		2.4976225e+00		1.5256908e-106		4.6808020e-107		2.6425740e-106		2.6425740e-106		0.0000000e+00
1.8100000e+02		1.8200000e+02		1.8150000e+02		3.0410490e+00		6.6456089e-106		2.0664822e-106		1.1510532e-105		1.1510532e-105		0.0000000e+00
1.8200000e+02		1.8300000e+02		1.8250000e+02		2.8073836e+00		2.8479169e-105		8.9769635e-106		4.9327368e-105		4.9327368e-105		0.0000000e+00
1.8300000e+02		1.8400000e+02		1.8350000e+02		2.9562417e+00		1.2010414e-104		3.8385005e-105		2.0802646e-104		2.0802646e-104		0.0000000e+00
1.8400000e+02		1.8500000e+02		1.8450000e+02		2.5409769e+00		4.9858847e-104		1.6158275e-104		8.6358057e-104		8.6358057e-104		0.0000000e+00
1.8500000e+02		1.8600000e+02		1.8550000e+02		2.8735562e+00		2.0378462e-103		6.7031516e-104		3.5296531e-103		3.5296531e-103		0.0000000e+00
1.8600000e+02		1.8700000e+02		1.8650000e+02		3.2604304e+00		8.2026889e-103		2.7406502e-103		1.4207474e-102		1.4207474e-102		0.0000000e+00
1.8700000e+02		1.8800000e+02		1.8750000e+02		3.6946466e+00		3.2522611e-102		1.1053220e-102		5.6330814e-102		5.6330814e-102		0.0000000e+00
1.8800000e+02		1.8900000e+02		1.8850000e+02		3.8870616e+00		1.2703749e-101		4.4028011e-102		2.2003538e-101		2.2003538e-101		0.0000000e+00
1.8900000e+02		1.9000000e+02		1.8950000e+02		4.3106081e+00		4.8893410e-101		1.7349811e-101		8.4685870e-101		8.4685870e-101		0.0000000e+00
1.9000000e+02		1.9100000e+02		1.9050000e+02		4.4384288e+00		1.8544593e-100		6.7671863e-101		3.2120177e-100		3.2120177e-100		2.0318861e-301
1.9100000e+02		1.9200000e+02		1.9150000e+02		4.8094361e+00		6.9329752e-100		2.6124034e-100		1.2008265e-99		1.2008265e-99		2.3229082e-208
1.9200000e+02		1.9300000e+02		1.9250000e+02		5.0365493e+00		2.5545076e-99		9.8032886e-99		4.4245369e-99		4.4245369e-99		2.7308655e-144
1.9300000e+02		1.9400000e+02		1.9350000e+02		3.8447944e+00		9.2950178e-99		8.7821088e-85		1.6099430e-98		1.6099411e-98		1.8285367e-104
1.9400000e+02		1.9500000e+02		1.9450000e+02		6.1679797e+00		4.2609859e-82		4.2899093e-69		4.3005697e-82		9.3656125e-84		4.2069136e-82
1.9500000e+02		1.9600000e+02		1.9550000e+02		5.9528271e+00		2.2519355e-65		9.3765583e-55		2.2770276e-65		5.9368465e-67		2.2176591e-65
1.9600000e+02		1.9700000e+02		1.9650000e+02		6.5508102e+00		1.9869115e-56		3.5657497e-47		2.0117831e-56		5.8846844e-58		1.9529362e-56
1.9700000e+02		1.9800000e+02		1.9750000e+02		6.5190955e+00		7.1602829e-50		1.5030526e-41		7.2594848e-50		2.3471426e-51		7.0247706e-50
1.9800000e+02		1.9900000e+02		1.9850000e+02		6.3883794e+00		3.6995222e-26		4.7914605e-22		3.8034298e-26		2.4584802e-27		3.5575818e-26
1.9900000e+02		2.0000000e+02		1.9950000e+02		6.7274707e+00		1.5157261e-04		5.7290593e-04		2.4738475e-04		2.2669396e-04		2.0690787e-05
2.0000000e+02		2.0100000e+02		2.0050000e+02		7.1125146e+00		2.7634510e-03		9.5046075e-03		4.6813696e-03		4.5378441e-03		1.4352554e-04
2.0100000e+02		2.0200000e+02		2.0150000e+02		7.5701275e+00		1.9755365e-01		5.9166690e-01		3.4129246e-01		3.4008967e-01		1.2027915e-03
2.0200000e+02		2.0300000e+02		2.0250000e+02		7.4828608e+00		3.4667117e-01		1.0174479e+00		5.9921047e-01		5.9751438e-01		1.6960812e-03
2.0300000e+02		2.0400000e+02		2.0350000e+02		8.0092047e+00		9.8098655e-01		2.8045744e+00		1.6970687e+00		1.6942685e+00		2.8001920e-03
2.0400000e+02		2.0500000e+02		2.0450000e+02		8.6207445e+00		1.6194775e+00		4.5688595e+00		2.8021433e+00		2.7982173e+00		3.9260057e-03
2.0500000e+02		2.0600000e+02		2.0550000e+02		8.6400754e+00		1.6354731e+00		4.5842371e+00		2.8293137e+00		2.8246572e+00		4.6565330e-03
2.0600000e+02		2.0700000e+02		2.0650000e+02		8.6510225e+00		1.6798202e+00		4.6782711e+00		2.9055005e+00		2.8999907e+00		5.5097875e-03
2.0700000e+02		2.0800000e+02		2.0750000e+02		9.3957826e+00		1.8735911e+00		5.1847226e+00		3.2400004e+00		3.2329593e+00		7.0411356e-03
2.0800000e+02		2.0900000e+02		2.0850000e+02		1.0163489e+01		2.0490661e+00		5.6348300e+00		3.5425748e+00		3.5336796e+00		8.8952794e-03
2.0900000e+02		2.1000000e+02		2.0950000e+02		1.3129215e+01		2.7280859e+00		7.4552764e+00		4.7153637e+00		4.7019497e+00		1.3413962e-02
2.1000000e+02		2.1100000e+02		2.1050000e+02		1.6183343e+01		3.3967597e+00		9.2256449e+00		5.8693458e+00		5.8502016e+00		1.9144267e-02
2.1100000e+02		2.1200000e+02		2.1150000e+02		1.8424170e+01		3.9636941e+00		1.0699641e+01		6.8468647e+00		6.8216549e+00		2.5209844e-02
2.1200000e+02		2.1300000e+02		2.1250000e+02		1.6428561e+01		3.6058842e+00		9.6748717e+00		6.2266319e+00		6.2007555e+00		2.5876389e-02
2.1300000e+02		2.1400000e+02		2.1350000e+02		1.6737981e+01		3.7318088e+00		9.9527189e+00		6.4415667e+00		6.4113561e+00		3.0210580e-02
2.1400000e+02		2.1500000e+02		2.1450000e+02		2.1432541e+01		4.8930103e+00		1.2971893e+01		8.4425558e+00		8.3983148e+00		4.4240985e-02
2.1500000e+02		2.1600000e+02		2.1550000e+02		1.8408135e+01		4.2599046e+00		1.1226769e+01		7.3467420e+00		7.3035357e+00		4.3206326e-02
2.1600000e+02		2.1700000e+02		2.1650000e+02		1.7036901e+01		4.0274782e+00		1.0551918e+01		6.9425665e+00		6.8971728e+00		4.5393655e-02
2.1700000e+02		2.1800000e+02		2.1750000e+02		1.7640866e+01		4.2372405e+00		1.1036764e+01		7.3002310e+00		7.2471133e+00		5.3117719e-02
2.1800000e+02		2.1900000e+02		2.1850000e+02		2.3730294e+01		5.8015593e+00		1.5023773e+01		9.9896475e+00		9.9091233e+00		8.0524271e-02
2.1900000e+02		2.2000000e+02		2.1950000e+02		2.5052511e+01		6.2363833e+00		1.6056733e+01		1.0731809e+01		1.0636291e+01		9.5517868e-02
2.2000000e+02		2.2100000e+02		2.2050000e+02		2.5203754e+01		6.3666746e+00		1.6298147e+01		1.0948663e+01		1.0841101e+01		1.0756188e-01
2.2100000e+02		2.2200000e+02		2.2150000e+02		2.0176768e+01		5.1908981e+00		1.3212463e+01		8.9204818e+00		8.8242897e+00		9.6192035e-02
2.2200000e+02		2.2300000e+02		2.2250000e+02		2.7154039e+01		7.0930590e+00		1.7951419e+01		1.2180049e+01		1.2035948e+01		1.4410117e-01
2.2300000e+02		2.2400000e+02		2.2350000e+02		3.5163062e+01		9.3437884e+00		2.3513888e+01		1.6032195e+01		1.5824941e+01		2.0725457e-01
2.2400000e+02		2.2500000e+02		2.2450000e+02		3.2875934e+01		8.8643360e+00		2.2181418e+01		1.5196449e+01		1.4981939e+01		2.1450939e-01
2.2500000e+02		2.2600000e+02		2.2550000e+02		2.8720078e+01		7.8676006e+00		1.9576603e+01		1.3475553e+01		1.3268558e+01		2.0699492e-01
2.2600000e+02		2.2700000e+02		2.2650000e+02		2.1037217e+01		5.8497380e+00		1.4474017e+01		1.0009776e+01		9.8427548e+00		1.6702083e-01
2.2700000e+02		2.2800000e+02		2.2750000e+02		2.0463841e+01		5.7759956e+00		1.4211628e+01		9.8736121e+00		9.6950647e+00		1.7854740e-01
2.2800000e+02		2.2900000e+02		2.2850000e+02		2.8509984e+01		8.1689089e+00		1.9987190e+01		1.3949308e+01		1.3676571e+01		2.7273724e-01
2.2900000e+02		2.3000000e+02		2.2950000e+02		2.5620938e+01		7.4488309e+00		1.8123860e+01		1.2705488e+01		1.2437385e+01		2.6810334e-01
2.3000000e+02		2.3100000e+02		2.3050000e+02		2.9055844e+01		8.5669286e+00		2.0728403e+01		1.4595462e+01		1.4263664e+01		3.3179841e-01
2.3100000e+02		2.3200000e+02		2.3150000e+02		2.7387429e+01		8.1895612e+00		1.9705338e+01		1.3935408e+01		1.3594819e+01		3.4058882e-01
2.3200000e+02		2.3300000e+02		2.3250000e+02		2.9413108e+01		8.9175802e+00		2.1338101e+01		1.5154721e+01		1.4757234e+01		3.9748698e-01
2.3300000e+02		2.3400000e+02		2.3350000e+02		2.6543685e+01		8.1583264e+00		1.9413249e+01		1.3845854e+01		1.3456835e+01		3.8901929e-01
2.3400000e+02		2.3500000e+02		2.3450000e+02		2.3194371e+01		7.2254853e+00		1.7098376e+01		1.2245568e+01		1.1877643e+01		3.6792465e-01
2.3500000e+02		2.3600000e+02		2.3550000e+02		3.1223226e+01		9.8566761e+00		2.3195892e+01		1.6680586e+01		1.6145543e+01		5.3504230e-01
2.3600000e+02		2.3700000e+02		2.3650000e+02		2.8911473e+01		9.2478571e+00		2.1642953e+01		1.5626683e+01		1.5092463e+01		5.3421933e-01
2.3700000e+02		2.3800000e+02		2.3750000e+02		3.0878004e+01		1.0005314e+01		2.3286400e+01		1.6880174e+01		1.6266092e+01		6.1408181e-01
2.3800000e+02		2.3900000e+02		2.3850000e+02		2.5598090e+01		8.4021128e+00		1.9447251e+01		1.4152446e+01		1.3605435e+01		5.4701130e-01
2.3900000e+02		2.4000000e+02		2.3950000e+02		2.7890834e+01		9.2710228e+00		2.1340103e+01		1.5589901e+01		1.4950627e+01		6.3927451e-01
2.4000000e+02		2.4100000e+02		2.4050000e+02		2.5623038e+01		8.6250130e+00		1.9743739e+01		1.4478543e+01		1.3849602e+01		6.2894168e-01
2.4100000e+02		2.4200000e+02		2.4150000e+02		3.0005079e+01		1.0227059e+01		2.3282133e+01		1.7137291e+01		1.6349783e+01		7.8750734e-01
2.4200000e+02		2.4300000e+02		2.4250000e+02		4.1301739e+01		1.4251941e+01		3.2266327e+01		2.3837929e+01		2.2680691e+01		1.1572377e+00
2.4300000e+02		2.4400000e+02		2.4350000e+02		3.8791639e+01		1.3549774e+01		3.0507903e+01		2.2620743e+01		2.1462144e+01		1.1585992e+00
2.4400000e+02		2.4500000e+02		2.4450000e+02		3.6329084e+01		1.2845326e+01		2.8762870e+01		2.1403178e+01		2.0248097e+01		1.1550812e+00
2.4500000e+02		2.4600000e+02		2.4550000e+02		2.9476122e+01		1.0544865e+01		2.3481989e+01		1.7535137e+01		1.6539161e+01		9.9597596e-01
2.4600000e+02		2.4700000e+02		2.4650000e+02		2.8685918e+01		1.0388318e+01		2.3006504e+01		1.7239693e+01		1.6210526e+01		1.0291669e+00
2.4700000e+02		2.4800000e+02		2.4750000e+02		3.1678139e+01		1.1606203e+01		2.5562708e+01		1.9220631e+01		1.8015930e+01		1.2047006e+00
2.4800000e+02		2.4900000e+02		2.4850000e+02		2.5406301e+01		9.4195653e+00		2.0633010e+01		1.5566187e+01		1.4543063e+01		1.0231238e+00
2.4900000e+02		2.5000000e+02		2.4950000e+02		3.0967514e+01		1.1612808e+01		2.5297901e+01		1.9148767e+01		1.7830270e+01		1.3184972e+00
2.5000000e+02		2.5100000e+02		2.5050000e+02		3.3448743e+01		1.2691614e+01		2.7496929e+01		2.0881155e+01		1.9376663e+01		1.5044919e+00
2.5100000e+02		2.5200000e+02		2.5150000e+02		2.7888154e+01		1.0703391e+01		2.3062732e+01		1.7570063e+01		1.6246720e+01		1.3233433e+00
2.5200000e+02		2.5300000e+02		2.5250000e+02		2.5069906e+01		9.7320085e+00		2.0855362e+01		1.5938625e+01		1.4685013e+01		1.2536123e+00
2.5300000e+02		2.5400000e+02		2.5350000e+02		3.1592540e+01		1.2404137e+01		2.6436930e+01		2.0267171e+01		1.8604138e+01		1.6630329e+00
2.5400000e+02		2.5500000e+02		2.5450000e+02		3.5730773e+01		1.4189632e+01		3.0078005e+01		2.3129103e+01		2.1151015e+01		1.9780881e+00
2.5500000e+02		2.5600000e+02		2.5550000e+02		4.8755658e+01		1.9569958e+01		4.1257401e+01		3.1821364e+01		2.8987136e+01		2.8342278e+00
2.5600000e+02		2.5700000e+02		2.5650000e+02		6.2803876e+01		2.5508491e+01		5.3486361e+01		4.1375737e+01		3.7542309e+01		3.8334285e+00
2.5700000e+02		2.5800000e+02		2.5750000e+02		7.8843355e+01		3.2374632e+01		6.7516231e+01		5.2381333e+01		4.7336365e+01		5.0449688e+00
2.5800000e+02		2.5900000e+02		2.5850000e+02		8.2991293e+01		3.4438290e+01		7.1432254e+01		5.5578731e+01		5.0018820e+01		5.5599104e+00
2.5900000e+02		2.6000000e+02		2.5950000e+02		7.0629481e+01		2.9647021e+01		6.1163696e+01		4.7723584e+01		4.2769606e+01		4.9539776e+00
2.6000000e+02		2.6100000e+02		2.6050000e+02		5.7868388e+01		2.4545518e+01		5.0366917e+01		3.9408587e+01		3.5166400e+01		4.2421878e+00
2.6100000e+02		2.6200000e+02		2.6150000e+02		5.9092703e+01		2.5341670e+01		5.1722344e+01		4.0579801e+01		3.6053806e+01		4.5259949e+00
2.6200000e+02		2.6300000e+02		2.6250000e+02		7.0528613e+01		3.0568043e+01		6.2056285e+01		4.8818551e+01		4.3181167e+01		5.6373845e+00
2.6300000e+02		2.6400000e+02		2.6350000e+02		1.0614195e+02		4.6512879e+01		9.3923987e+01		7.4083888e+01		6.5233708e+01		8.8501798e+00
2.6400000e+02		2.6500000e+02		2.6450000e+02		1.6548208e+02		7.3244647e+01		1.4711743e+02		1.1634330e+02		1.0197250e+02		1.4370798e+01
2.6500000e+02		2.6600000e+02		2.6550000e+02		1.7356948e+02		7.7649567e+01		1.5514057e+02		1.2300243e+02		1.0730602e+02		1.5696408e+01
2.6600000e+02		2.6700000e+02		2.6650000e+02		1.6826276e+02		7.6056803e+01		1.5115697e+02		1.2014608e+02		1.0431635e+02		1.5829729e+01
2.6700000e+02		2.6800000e+02		2.6750000e+02		1.6940220e+02		7.7367579e+01		1.5295437e+02		1.2187608e+02		1.0530824e+02		1.6567836e+01
2.6800000e+02		2.6900000e+02		2.6850000e+02		1.6778062e+02		7.7423680e+01		1.5226426e+02		1.2162193e+02		1.0457419e+02		1.7047742e+01
2.6900000e+02		2.7000000e+02		2.6950000e+02		1.5737310e+02		7.3342828e+01		1.4348629e+02		1.1488536e+02		9.8290693e+01		1.6594670e+01
2.7000000e+02		2.7100000e+02		2.7050000e+02		1.8181465e+02		8.5582808e+01		1.6656214e+02		1.3367600e+02		1.1378971e+02		1.9886288e+01
2.7100000e+02		2.7200000e+02		2.7150000e+02		1.5108640e+02		7.1829124e+01		1.3907132e+02		1.1187181e+02		9.4742014e+01		1.7129796e+01
2.7200000e+02		2.7300000e+02		2.7250000e+02		1.2154404e+02		5.8338742e+01		1.1236954e+02		9.0598523e+01		7.6327461e+01		1.4271062e+01
2.7300000e+02		2.7400000e+02		2.7350000e+02		1.2960124e+02		6.2809133e+01		1.2035916e+02		9.7257805e+01		8.1506432e+01		1.5751373e+01
2.7400000e+02		2.7500000e+02		2.7450000e+02		8.9183780e+01		4.3651894e+01		8.3222538e+01		6.7397387e+01		5.6182441e+01		1.1214947e+01
2.7500000e+02		2.7600000e+02		2.7550000e+02		1.1893609e+02		5.8745551e+01		1.1142817e+02		9.0435291e+01		7.4978730e+01		1.5456561e+01
2.7600000e+02		2.7700000e+02		2.7650000e+02		1.6564211e+02		8.2581215e+01		1.5584730e+02		1.2675567e+02		1.0451789e+02		2.2237785e+01
2.7700000e+02		2.7800000e+02		2.7750000e+02		1.5837296e+02		7.9677978e+01		1.4961054e+02		1.2193822e+02		9.9988796e+01		2.1949419e+01
2.7800000e+02		2.7900000e+02		2.7850000e+02		1.0921797e+02		5.5445793e+01		1.0358843e+02		8.4602528e+01		6.8985574e+01		1.5616953e+01
2.7900000e+02		2.8000000e+02		2.7950000e+02		6.1368404e+01		3.1428860e+01		5.8425005e+01		4.7813464e+01		3.8766391e+01		9.0470735e+00
2.8000000e+02		2.8100000e+02		2.8050000e+02		6.7313201e+01		3.4779218e+01		6.4332651e+01		5.2753038e+01		4.2526515e+01		1.0226524e+01
2.8100000e+02		2.8200000e+02		2.8150000e+02		1.3943196e+02		7.2652844e+01		1.3372499e+02		1.0986983e+02		8.8056333e+01		2.1813496e+01
2.8200000e+02		2.8300000e+02		2.8250000e+02		1.8983287e+02		9.9777036e+01		1.8275145e+02		1.5043984e+02		1.1986947e+02		3.0570366e+01
2.8300000e+02		2.8400000e+02		2.8350000e+02		1.9610227e+02		1.0390305e+02		1.8937774e+02		1.5618972e+02		1.2371160e+02		3.2478123e+01
2.8400000e+02		2.8500000e+02		2.8450000e+02		1.4459284e+02		7.7251543e+01		1.4011929e+02		1.1577885e+02		9.1156583e+01		2.4622265e+01
2.8500000e+02		2.8600000e+02		2.8550000e+02		9.2944992e+01		5.0053499e+01		9.0348896e+01		7.4790786e+01		5.8529047e+01		1.6261738e+01
2.8600000e+02		2.8700000e+02		2.8650000e+02		1.9045522e+02		1.0338171e+02		1.8571494e+02		1.5401142e+02		1.1979119e+02		3.4220232e+01
2.8700000e+02		2.8800000e+02		2.8750000e+02		2.2108403e+02		1.2094646e+02		2.1623251e+02		1.7963639e+02		1.3886188e+02		4.0774514e+01
2.8800000e+02		2.8900000e+02		2.8850000e+02		2.1010240e+02		1.1583041e+02		2.0610577e+02		1.7152123e+02		1.3176589e+02		3.9755337e+01
2.8900000e+02		2.9000000e+02		2.8950000e+02		3.1885068e+02		1.7711445e+02		3.1367176e+02		2.6148388e+02		1.9962022e+02		6.1863665e+01
2.9000000e+02		2.9100000e+02		2.9050000e+02		4.1860542e+02		2.3420358e+02		4.1283390e+02		3.4472565e+02		2.6149802e+02		8.3227626e+01
2.9100000e+02		2.9200000e+02		2.9150000e+02		4.0318642e+02		2.2726205e+02		3.9874274e+02		3.3350929e+02		2.5138368e+02		8.2125615e+01
2.9200000e+02		2.9300000e+02		2.9250000e+02		3.5818014e+02		2.0328418e+02		3.5502085e+02		2.9742186e+02		2.2273215e+02		7.4689710e+01
2.9300000e+02		2.9400000e+02		2.9350000e+02		3.7393440e+02		2.1375603e+02		3.7160366e+02		3.1181121e+02		2.3200104e+02		7.9810174e+01
2.9400000e+02		2.9500000e+02		2.9450000e+02		3.4819581e+02		2.0039307e+02		3.4678503e+02		2.9144217e+02		2.1542448e+02		7.6017692e+01
2.9500000e+02		2.9600000e+02		2.9550000e+02		3.7701055e+02		2.1849583e+02		3.7640932e+02		3.1682666e+02		2.3265324e+02		8.4173418e+01
2.9600000e+02		2.9700000e+02		2.9650000e+02		3.4493460e+02		2.0118670e+02		3.4502903e+02		2.9085322e+02		2.1215325e+02		7.8699969e+01
2.9700000e+02		2.9800000e+02		2.9750000e+02		3.5165811e+02		2.0649861e+02		3.5256681e+02		2.9765029e+02		2.1566719e+02		8.1983097e+01
2.9800000e+02		2.9900000e+02		2.9850000e+02		3.0223333e+02		1.7857662e+02		3.0354078e+02		2.5663538e+02		1.8468902e+02		7.1946362e+01
2.9900000e+02		3.0000000e+02		2.9950000e+02		3.4101318e+02		2.0282500e+02		3.4325138e+02		2.9062743e+02		2.0774279e+02		8.2884648e+01
3.0000000e+02		3.0100000e+02		3.0050000e+02		2.7131061e+02		1.6234359e+02		2.7354216e+02		2.3193255e+02		1.6464923e+02		6.7283317e+01
3.0100000e+02		3.0200000e+02		3.0150000e+02		3.1202593e+02		1.8792449e+02		3.1528462e+02		2.6769733e+02		1.8874458e+02		7.8952751e+01
3.0200000e+02		3.0300000e+02		3.0250000e+02		3.2846528e+02		1.9895601e+02		3.3235307e+02		2.8257444e+02		1.9784334e+02		8.4731103e+01
3.0300000e+02		3.0400000e+02		3.0350000e+02		4.2601061e+02		2.5967854e+02		4.3195505e+02		3.6775205e+02		2.5570468e+02		1.1204737e+02
3.0400000e+02		3.0500000e+02		3.0450000e+02		4.0776836e+02		2.4993547e+02		4.1398367e+02		3.5291614e+02		2.4365489e+02		1.0926125e+02
3.0500000e+02		3.0600000e+02		3.0550000e+02		4.1174793e+02		2.5392600e+02		4.1884282e+02		3.5752210e+02		2.4511100e+02		1.1241110e+02
3.0600000e+02		3.0700000e+02		3.0650000e+02		3.9053943e+02		2.4214011e+02		3.9773440e+02		3.3993606e+02		2.3138769e+02		1.0854836e+02
3.0700000e+02		3.0800000e+02		3.0750000e+02		4.3847484e+02		2.7346750e+02		4.4735093e+02		3.8282177e+02		2.5873497e+02		1.2408680e+02
3.0800000e+02		3.0900000e+02		3.0850000e+02		4.3035211e+02		2.6984140e+02		4.3961075e+02		3.7666076e+02		2.5273730e+02		1.2392346e+02
3.0900000e+02		3.1000000e+02		3.0950000e+02		3.4901328e+02		2.2006822e+02		3.5707461e+02		3.0631372e+02		2.0405906e+02		1.0225466e+02
3.1000000e+02		3.1100000e+02		3.1050000e+02		4.3927411e+02		2.7845238e+02		4.4998963e+02		3.8647893e+02		2.5559356e+02		1.3088537e+02
3.1100000e+02		3.1200000e+02		3.1150000e+02		5.2246540e+02		3.3296643e+02		5.3594653e+02		4.6084211e+02		3.0255711e+02		1.5828500e+02
3.1200000e+02		3.1300000e+02		3.1250000e+02		4.6521908e+02		2.9804028e+02		4.7783561e+02		4.1134639e+02		2.6808514e+02		1.4326126e+02
3.1300000e+02		3.1400000e+02		3.1350000e+02		4.9544367e+02		3.1902883e+02		5.0948281e+02		4.3908496e+02		2.8405586e+02		1.5502910e+02
3.1400000e+02		3.1500000e+02		3.1450000e+02		4.6729179e+02		3.0245220e+02		4.8113876e+02		4.1511752e+02		2.6656901e+02		1.4854851e+02
3.1500000e+02		3.1600000e+02		3.1550000e+02		4.5343123e+02		2.9493995e+02		4.6738298e+02		4.0368887e+02		2.5730270e+02		1.4638617e+02
3.1600000e+02		3.1700000e+02		3.1650000e+02		4.4229406e+02		2.8912961e+02		4.5643065e+02		3.9465167e+02		2.4966787e+02		1.4498380e+02
3.1700000e+02		3.1800000e+02		3.1750000e+02		5.6102832e+02		3.6852886e+02		5.7957560e+02		5.0165647e+02		3.1498329e+02		1.8667317e+02
3.1800000e+02		3.1900000e+02		3.1850000e+02		4.6340678e+02		3.0587317e+02		4.7923886e+02		4.1523865e+02		2.5876151e+02		1.5647714e+02
3.1900000e+02		3.2000000e+02		3.1950000e+02		4.9774832e+02		3.3010035e+02		5.1528002e+02		4.4692101e+02		2.7640064e+02		1.7052037e+02
3.2000000e+02		3.2100000e+02		3.2050000e+02		5.7184857e+02		3.8101935e+02		5.9257847e+02		5.1447883e+02		3.1576853e+02		1.9871030e+02
3.2100000e+02		3.2200000e+02		3.2150000e+02		4.8024660e+02		3.2146600e+02		4.9813848e+02		4.3291086e+02		2.6368138e+02		1.6922948e+02
3.2200000e+02		3.2300000e+02		3.2250000e+02		4.8228681e+02		3.2429727e+02		5.0071323e+02		4.3556898e+02		2.6327170e+02		1.7229728e+02
3.2300000e+02		3.2400000e+02		3.2350000e+02		4.6607071e+02		3.1480751e+02		4.8432486e+02		4.2171299e+02		2.5294108e+02		1.6877191e+02
3.2400000e+02		3.2500000e+02		3.2450000e+02		5.4882129e+02		3.7234168e+02		5.7081233e+02		4.9748369e+02		2.9608918e+02		2.0139451e+02
3.2500000e+02		3.2600000e+02		3.2550000e+02		6.3196128e+02		4.3061922e+02		6.5783933e+02		5.7385708e+02		3.3890442e+02		2.3495266e+02
3.2600000e+02		3.2700000e+02		3.2650000e+02		7.1301257e+02		4.8794773e+02		7.4282947e+02		6.4858166e+02		3.8006396e+02		2.6851771e+02
3.2700000e+02		3.2800000e+02		3.2750000e+02		6.8984049e+02		4.7409593e+02		7.1925972e+02		6.2855930e+02		3.6546425e+02		2.6309505e+02
3.2800000e+02		3.2900000e+02		3.2850000e+02		6.6596082e+02		4.5960488e+02		6.9490003e+02		6.0780085e+02		3.5063542e+02		2.5716543e+02
3.2900000e+02		3.3000000e+02		3.2950000e+02		7.7527139e+02		5.3726401e+02		8.0957672e+02		7.0871075e+02		4.0564733e+02		3.0306341e+02
3.3000000e+02		3.3100000e+02		3.3050000e+02		7.3029799e+02		5.0816387e+02		7.6316922e+02		6.6864807e+02		3.7970971e+02		2.8893836e+02
3.3100000e+02		3.3200000e+02		3.3150000e+02		6.9881652e+02		4.8821818e+02		7.3078908e+02		6.4080865e+02		3.6103293e+02		2.7977572e+02
3.3200000e+02		3.3300000e+02		3.3250000e+02		6.8562051e+02		4.8090770e+02		7.1748866e+02		6.2965818e+02		3.5194740e+02		2.7771078e+02
3.3300000e+02		3.3400000e+02		3.3350000e+02		6.5878216e+02		4.6389614e+02		6.8986374e+02		6.0589958e+02		3.3598375e+02		2.6991583e+02
3.3400000e+02		3.3500000e+02		3.3450000e+02		6.9405546e+02		4.9062898e+02		7.2727559e+02		6.3926073e+02		3.5166648e+02		2.8759424e+02
3.3500000e+02		3.3600000e+02		3.3550000e+02		6.8541663e+02		4.8637699e+02		7.1868076e+02		6.3219487e+02		3.4500880e+02		2.8718607e+02
3.3600000e+02		3.3700000e+02		3.3650000e+02		5.6469084e+02		4.0222114e+02		5.9245979e+02		5.2155981e+02		2.8235832e+02		2.3920149e+02
3.3700000e+02		3.3800000e+02		3.3750000e+02		5.9573781e+02		4.2591554e+02		6.2540624e+02		5.5097539e+02		2.9589477e+02		2.5508062e+02
3.3800000e+02		3.3900000e+02		3.3850000e+02		6.4448401e+02		4.6246179e+02		6.7697557e+02		5.9684603e+02		3.1795652e+02		2.7888951e+02
3.3900000e+02		3.4000000e+02		3.3950000e+02		6.7448220e+02		4.8574441e+02		7.0888689e+02		6.2543219e+02		3.3050484e+02		2.9492735e+02
3.4000000e+02		3.4100000e+02		3.4050000e+02		7.1196374e+02		5.1457405e+02		7.4869076e+02		6.6101983e+02		3.4649445e+02		3.1452538e+02
3.4100000e+02		3.4200000e+02		3.4150000e+02		6.4984945e+02		4.7134242e+02		6.8373843e+02		6.0409549e+02		3.1409713e+02		2.8999836e+02
3.4200000e+02		3.4300000e+02		3.4250000e+02		7.0477558e+02		5.1296516e+02		7.4191386e+02		6.5594529e+02		3.3829462e+02		3.1765067e+02
3.4300000e+02		3.4400000e+02		3.4350000e+02		6.9264465e+02		5.0587243e+02		7.2951123e+02		6.4541594e+02		3.3016348e+02		3.1525245e+02
3.4400000e+02		3.4500000e+02		3.4450000e+02		5.5710877e+02		4.0826761e+02		5.8704902e+02		5.1972160e+02		2.6370297e+02		2.5601863e+02
3.4500000e+02		3.4600000e+02		3.4550000e+02		6.7138909e+02		4.9366822e+02		7.0780902e+02		6.2704168e+02		3.1556500e+02		3.1147669e+02
3.4600000e+02		3.4700000e+02		3.4650000e+02		6.5194093e+02		4.8095696e+02		6.8762480e+02		6.0955243e+02		3.0426016e+02		3.0529227e+02
3.4700000e+02		3.4800000e+02		3.4750000e+02		6.4525828e+02		4.7758441e+02		6.8088328e+02		6.0395811e+02		2.9900339e+02		3.0495472e+02
3.4800000e+02		3.4900000e+02		3.4850000e+02		6.6761091e+02		4.9572474e+02		7.0477916e+02		6.2554317e+02		3.0715371e+02		3.1838946e+02
3.4900000e+02		3.5000000e+02		3.4950000e+02		6.3989005e+02		4.7665603e+02		6.7580297e+02		6.0019168e+02		2.9228849e+02		3.0790319e+02
3.5000000e+02		3.5100000e+02		3.5050000e+02		7.6650484e+02		5.7276922e+02		8.0985960e+02		7.1968241e+02		3.4760034e+02		3.7208206e+02
3.5100000e+02		3.5200000e+02		3.5150000e+02		7.1211510e+02		5.3378032e+02		7.5269685e+02		6.6928061e+02		3.2059713e+02		3.4868348e+02
3.5200000e+02		3.5300000e+02		3.5250000e+02		6.5785102e+02		4.9461870e+02		6.9561328e+02		6.1888335e+02		2.9401331e+02		3.2487004e+02
3.5300000e+02		3.5400000e+02		3.5350000e+02		7.5263834e+02		5.6760088e+02		7.9614538e+02		7.0873189e+02		3.3391956e+02		3.7481233e+02
3.5400000e+02		3.5500000e+02		3.5450000e+02		8.0329241e+02		6.0761365e+02		8.5004310e+02		7.5713818e+02		3.5377883e+02		4.0335935e+02
3.5500000e+02		3.5600000e+02		3.5550000e+02		7.5433512e+02		5.7226729e+02		7.9852488e+02		7.1164479e+02		3.2977071e+02		3.8187409e+02
3.5600000e+02		3.5700000e+02		3.5650000e+02		6.5576441e+02		4.9893848e+02		6.9442369e+02		6.1920730e+02		2.8455909e+02		3.3464822e+02
3.5700000e+02		3.5800000e+02		3.5750000e+02		5.7307986e+02		4.3728334e+02		6.0707207e+02		5.4160751e+02		2.4683362e+02		2.9477388e+02
3.5800000e+02		3.5900000e+02		3.5850000e+02		4.9194729e+02		3.7644308e+02		5.2130047e+02		4.6533064e+02		2.1031023e+02		2.5502041e+02
3.5900000e+02		3.6000000e+02		3.5950000e+02		7.1030971e+02		5.4506210e+02		7.5293563e+02		6.7244505e+02		3.0139128e+02		3.7105376e+02
3.6000000e+02		3.6100000e+02		3.6050000e+02		7.0092701e+02		5.3935323e+02		7.4322395e+02		6.6411062e+02		2.9517915e+02		3.6893148e+02
3.6100000e+02		3.6200000e+02		3.6150000e+02		6.5110481e+02		5.0238732e+02		6.9060703e+02		6.1740471e+02		2.7213409e+02		3.4527063e+02
3.6200000e+02		3.6300000e+02		3.6250000e+02		7.3500056e+02		5.6865366e+02		7.7982535e+02		6.9751092e+02		3.0487956e+02		3.9263136e+02
3.6300000e+02		3.6400000e+02		3.6350000e+02		7.1558904e+02		5.5511328e+02		7.5945051e+02		6.7961729e+02		2.9457965e+02		3.8503764e+02
3.6400000e+02		3.6500000e+02		3.6450000e+02		7.4837927e+02		5.8208055e+02		7.9447522e+02		7.1130064e+02		3.0573802e+02		4.0556262e+02
3.6500000e+02		3.6600000e+02		3.6550000e+02		8.5179486e+02		6.6424083e+02		9.0450965e+02		8.1019700e+02		3.4533602e+02		4.6486099e+02
3.6600000e+02		3.6700000e+02		3.6650000e+02		9.1042532e+02		7.1178707e+02		9.6702777e+02		8.6659804e+02		3.6628670e+02		5.0031134e+02
3.6700000e+02		3.6800000e+02		3.6750000e+02		8.7909512e+02		6.8903783e+02		9.3399356e+02		8.3737651e+02		3.5097309e+02		4.8640343e+02
3.6800000e+02		3.6900000e+02		3.6850000e+02		8.1047729e+02		6.3684808e+02		8.6130954e+02		7.7255810e+02		3.2109334e+02		4.5146475e+02
3.6900000e+02		3.7000000e+02		3.6950000e+02		8.9967825e+02		7.0869043e+02		9.5634175e+02		8.5817710e+02		3.5368926e+02		5.0448784e+02
3.7000000e+02		3.7100000e+02		3.7050000e+02		8.4427990e+02		6.6667920e+02		8.9767064e+02		8.0587876e+02		3.2934971e+02		4.7652905e+02
3.7100000e+02		3.7200000e+02		3.7150000e+02		8.7164560e+02		6.8995154e+02		9.2698479e+02		8.3255171e+02		3.3739562e+02		4.9515609e+02
3.7200000e+02		3.7300000e+02		3.7250000e+02		7.2411383e+02		5.7454066e+02		7.7026279e+02		6.9208673e+02		2.7811699e+02		4.1396974e+02
3.7300000e+02		3.7400000e+02		3.7350000e+02		6.3155746e+02		5.0228403e+02		6.7195745e+02		6.0400913e+02		2.4068418e+02		3.6332496e+02
3.7400000e+02		3.7500000e+02		3.7450000e+02		6.4642322e+02		5.1530400e+02		6.8792357e+02		6.1861327e+02		2.4443237e+02		3.7418091e+02
3.7500000e+02		3.7600000e+02		3.7550000e+02		7.4036161e+02		5.9154552e+02		7.8805955e+02		7.0894514e+02		2.7777049e+02		4.3117465e+02
3.7600000e+02		3.7700000e+02		3.7650000e+02		7.6758018e+02		6.1468650e+02		8.1720038e+02		7.3545142e+02		2.8573286e+02		4.4971856e+02
3.7700000e+02		3.7800000e+02		3.7750000e+02		9.0048278e+02		7.2273481e+02		9.5888734e+02		8.6330087e+02		3.3258289e+02		5.3071799e+02
3.7800000e+02		3.7900000e+02		3.7850000e+02		9.3786543e+02		7.5440728e+02		9.9889038e+02		8.9966117e+02		3.4367439e+02		5.5598678e+02
3.7900000e+02		3.8000000e+02		3.7950000e+02		7.6051322e+02		6.1308723e+02		8.1015310e+02		7.2994849e+02		2.7649672e+02		4.5345177e+02
3.8000000e+02		3.8100000e+02		3.8050000e+02		8.2814537e+02		6.6905333e+02		8.8236414e+02		7.9530629e+02		2.9871771e+02		4.9658858e+02
3.8100000e+02		3.8200000e+02		3.8150000e+02		7.4366886e+02		6.0208952e+02		7.9250094e+02		7.1457089e+02		2.6613377e+02		4.4843712e+02
3.8200000e+02		3.8300000e+02		3.8250000e+02		5.3336093e+02		4.3273179e+02		5.6848412e+02		5.1276739e+02		1.8936628e+02		3.2340111e+02
3.8300000e+02		3.8400000e+02		3.8350000e+02		4.7073026e+02		3.8271438e+02		5.0181573e+02		4.5279379e+02		1.6580967e+02		2.8698413e+02
3.8400000e+02		3.8500000e+02		3.8450000e+02		6.2969557e+02		5.1301206e+02		6.7139181e+02		6.0601589e+02		2.2004944e+02		3.8596646e+02
3.8500000e+02		3.8600000e+02		3.8550000e+02		6.6694888e+02		5.4446884e+02		7.1122892e+02		6.4219490e+02		2.3122233e+02		4.1097257e+02
3.8600000e+02		3.8700000e+02		3.8650000e+02		6.6977732e+02		5.4787801e+02		7.1435977e+02		6.4524052e+02		2.3036217e+02		4.1487835e+02
3.8700000e+02		3.8800000e+02		3.8750000e+02		6.6902499e+02		5.4835056e+02		7.1366910e+02		6.4483188e+02		2.2827727e+02		4.1655462e+02
3.8800000e+02		3.8900000e+02		3.8850000e+02		6.7841027e+02		5.5713517e+02		7.2379121e+02		6.5419270e+02		2.2964058e+02		4.2455212e+02
3.8900000e+02		3.9000000e+02		3.8950000e+02		8.1451188e+02		6.7020497e+02		8.6912662e+02		7.8580731e+02		2.7351808e+02		5.1228924e+02
3.9000000e+02		3.9100000e+02		3.9050000e+02		8.5560997e+02		7.0537193e+02		9.1311340e+02		8.2584063e+02		2.8503200e+02		5.4080862e+02
3.9100000e+02		3.9200000e+02		3.9150000e+02		9.2006232e+02		7.5994437e+02		9.8203701e+02		8.8845577e+02		3.0406125e+02		5.8439453e+02
3.9200000e+02		3.9300000e+02		3.9250000e+02		7.0614281e+02		5.8434532e+02		7.5381263e+02		6.8219064e+02		2.3150451e+02		4.5068613e+02
3.9300000e+02		3.9400000e+02		3.9350000e+02		4.3291589e+02		3.5890824e+02		4.6220350e+02		4.1841569e+02		1.4079615e+02		2.7761955e+02
3.9400000e+02		3.9500000e+02		3.9450000e+02		7.1565803e+02		5.9440006e+02		7.6417480e+02		6.9198688e+02		2.3089288e+02		4.6109400e+02
3.9500000e+02		3.9600000e+02		3.9550000e+02		8.7888136e+02		7.3128658e+02		9.3858483e+02		8.5017271e+02		2.8128760e+02		5.6888511e+02
3.9600000e+02		3.9700000e+02		3.9650000e+02		6.0712893e+02		5.0596187e+02		6.4832211e+02		5.8740323e+02		1.9269233e+02		3.9471090e+02
3.9700000e+02		3.9800000e+02		3.9750000e+02		6.8053003e+02		5.6808448e+02		7.2673590e+02		6.5862938e+02		2.1423154e+02		4.4439784e+02
3.9800000e+02		3.9900000e+02		3.9850000e+02		1.0480559e+03		8.7619548e+02		1.1190986e+03		1.0144703e+03		3.2716179e+02		6.8730853e+02
3.9900000e+02		4.0000000e+02		3.9950000e+02		1.1577145e+03		9.6928452e+02		1.2360348e+03		1.1207404e+03		3.5834847e+02		7.6239193e+02
4.0000000e+02		4.0100000e+02		4.0050000e+02		1.1939713e+03		1.0019663e+03		1.2756241e+03		1.1570658e+03		3.6696945e+02		7.9009640e+02
4.0100000e+02		4.0200000e+02		4.0150000e+02		1.2509583e+03		1.0517566e+03		1.3368933e+03		1.2130045e+03		3.8151671e+02		8.3148783e+02
4.0200000e+02		4.0300000e+02		4.0250000e+02		1.2664199e+03		1.0665279e+03		1.3535659e+03		1.2284597e+03		3.8313458e+02		8.4532507e+02
4.0300000e+02		4.0400000e+02		4.0350000e+02		1.2115903e+03		1.0220308e+03		1.2951025e+03		1.1757088e+03		3.6360608e+02		8.1210277e+02
4.0400000e+02		4.0500000e+02		4.0450000e+02		1.1914959e+03		1.0067142e+03		1.2737569e+03		1.1566306e+03		3.5470604e+02		8.0192458e+02
4.0500000e+02		4.0600000e+02		4.0550000e+02		1.1904731e+03		1.0074663e+03		1.2727943e+03		1.1560516e+03		3.5155671e+02		8.0449490e+02
4.0600000e+02		4.0700000e+02		4.0650000e+02		1.1388815e+03		9.6533641e+02		1.2177576e+03		1.1063412e+03		3.3362097e+02		7.7272026e+02
4.0700000e+02		4.0800000e+02		4.0750000e+02		1.1575323e+03		9.8268551e+02		1.2378218e+03		1.1248486e+03		3.3636150e+02		7.8848710e+02
4.0800000e+02		4.0900000e+02		4.0850000e+02		1.2307397e+03		1.0464563e+03		1.3162337e+03		1.1963964e+03		3.5476210e+02		8.4163428e+02
4.0900000e+02		4.1000000e+02		4.0950000e+02		1.2243097e+03		1.0425860e+03		1.3094803e+03		1.1905446e+03		3.5007391e+02		8.4047070e+02
4.1000000e+02		4.1100000e+02		4.1050000e+02		1.1216634e+03		9.5662388e+02		1.1998038e+03		1.0910887e+03		3.1814726e+02		7.7294147e+02
4.1100000e+02		4.1200000e+02		4.1150000e+02		1.3003372e+03		1.1106704e+03		1.3910503e+03		1.2653024e+03		3.6586315e+02		8.9943923e+02
4.1200000e+02		4.1300000e+02		4.1250000e+02		1.2760342e+03		1.0915274e+03		1.3651724e+03		1.2420504e+03		3.5614103e+02		8.8590932e+02
4.1300000e+02		4.1400000e+02		4.1350000e+02		1.2308584e+03		1.0544263e+03		1.3169546e+03		1.1984538e+03		3.4077277e+02		8.5768105e+02
4.1400000e+02		4.1500000e+02		4.1450000e+02		1.2488872e+03		1.0714204e+03		1.3363575e+03		1.2163836e+03		3.4298670e+02		8.7339693e+02
4.1500000e+02		4.1600000e+02		4.1550000e+02		1.2477523e+03		1.0719795e+03		1.3352538e+03		1.2156477e+03		3.3992259e+02		8.7572510e+02
4.1600000e+02		4.1700000e+02		4.1650000e+02		1.2947363e+03		1.1139161e+03		1.3856412e+03		1.2617961e+03		3.4988786e+02		9.1190828e+02
4.1700000e+02		4.1800000e+02		4.1750000e+02		1.1781342e+03		1.0150084e+03		1.2609427e+03		1.1484882e+03		3.1581654e+02		8.3267165e+02
4.1800000e+02		4.1900000e+02		4.1850000e+02		1.2217101e+03		1.0539017e+03		1.3075635e+03		1.1911851e+03		3.2481604e+02		8.6636905e+02
4.1900000e+02		4.2000000e+02		4.1950000e+02		1.2338424e+03		1.0659365e+03		1.3207769e+03		1.2034937e+03		3.2546376e+02		8.7802990e+02
4.2000000e+02		4.2100000e+02		4.2050000e+02		1.2494927e+03		1.0809237e+03		1.3376371e+03		1.2191091e+03		3.2695011e+02		8.9215897e+02
4.2100000e+02		4.2200000e+02		4.2150000e+02		1.2299982e+03		1.0654824e+03		1.3168639e+03		1.2004205e+03		3.1926683e+02		8.8115363e+02
4.2200000e+02		4.2300000e+02		4.2250000e+02		1.1657134e+03		1.0111314e+03		1.2481287e+03		1.1379912e+03		3.0015365e+02		8.3783759e+02
4.2300000e+02		4.2400000e+02		4.2350000e+02		1.2419943e+03		1.0787057e+03		1.3298962e+03		1.2127831e+03		3.1723061e+02		8.9555249e+02
4.2400000e+02		4.2500000e+02		4.2450000e+02		1.2850442e+03		1.1175389e+03		1.3760879e+03		1.2551517e+03		3.2559548e+02		9.2955624e+02
4.2500000e+02		4.2600000e+02		4.2550000e+02		1.2367256e+03		1.0768938e+03		1.3244356e+03		1.2082711e+03		3.1084203e+02		8.9742908e+02
4.2600000e+02		4.2700000e+02		4.2650000e+02		1.2316584e+03		1.0738375e+03		1.3190966e+03		1.2036286e+03		3.0708888e+02		8.9653969e+02
4.2700000e+02		4.2800000e+02		4.2750000e+02		1.1420512e+03		9.9695732e+02		1.2232076e+03		1.1163421e+03		2.8246737e+02		8.3387471e+02
4.2800000e+02		4.2900000e+02		4.2850000e+02		1.1495483e+03		1.0047428e+03		1.2313161e+03		1.1239495e+03		2.8204624e+02		8.4190328e+02
4.2900000e+02		4.3000000e+02		4.2950000e+02		1.0698649e+03		9.3624027e+02		1.1460366e+03		1.0462965e+03		2.6039582e+02		7.8590067e+02
4.3000000e+02		4.3100000e+02		4.3050000e+02		8.6065012e+02		7.5406687e+02		9.2198292e+02		8.4189345e+02		2.0779991e+02		6.3409354e+02
4.3100000e+02		4.3200000e+02		4.3150000e+02		1.0641754e+03		9.3350252e+02		1.1400809e+03		1.0412304e+03		2.5488680e+02		7.8634356e+02
4.3200000e+02		4.3300000e+02		4.3250000e+02		1.1990384e+03		1.0530493e+03		1.2846394e+03		1.1734600e+03		2.8489474e+02		8.8856525e+02
4.3300000e+02		4.3400000e+02		4.3350000e+02		1.3017454e+03		1.1445885e+03		1.3947599e+03		1.2742697e+03		3.0682906e+02		9.6744061e+02
4.3400000e+02		4.3500000e+02		4.3450000e+02		1.1054356e+03		9.7310316e+02		1.1844906e+03		1.0823492e+03		2.5847882e+02		8.2387034e+02
4.3500000e+02		4.3600000e+02		4.3550000e+02		1.2347447e+03		1.0881762e+03		1.3231213e+03		1.2092283e+03		2.8641240e+02		9.2281594e+02
4.3600000e+02		4.3700000e+02		4.3650000e+02		1.3814970e+03		1.2188863e+03		1.4804589e+03		1.3532464e+03		3.1789951e+02		1.0353469e+03
4.3700000e+02		4.3800000e+02		4.3750000e+02		1.2223713e+03		1.0796978e+03		1.3100052e+03		1.1976351e+03		2.7904251e+02		9.1859254e+02
4.3800000e+02		4.3900000e+02		4.3850000e+02		1.1905029e+03		1.0527132e+03		1.2759198e+03		1.1666615e+03		2.6960458e+02		8.9705692e+02
4.3900000e+02		4.4000000e+02		4.3950000e+02		1.3250738e+03		1.1729832e+03		1.4202105e+03		1.2988016e+03		2.9768952e+02		1.0011121e+03
4.4000000e+02		4.4100000e+02		4.4050000e+02		1.2562739e+03		1.1132411e+03		1.3464923e+03		1.2315711e+03		2.7997180e+02		9.5159926e+02
4.4100000e+02		4.4200000e+02		4.4150000e+02		1.3817384e+03		1.2248564e+03		1.4800839e+03		1.3538194e+03		3.0512982e+02		1.0486896e+03
4.4200000e+02		4.4300000e+02		4.4250000e+02		1.4526378e+03		1.2886656e+03		1.5556651e+03		1.4231006e+03		3.1807661e+02		1.1050240e+03
4.4300000e+02		4.4400000e+02		4.4350000e+02		1.4050936e+03		1.2477415e+03		1.5047645e+03		1.3767359e+03		3.0520411e+02		1.0715318e+03
4.4400000e+02		4.4500000e+02		4.4450000e+02		1.4475318e+03		1.2854789e+03		1.5488936e+03		1.4171011e+03		3.1142136e+02		1.1056797e+03
4.4500000e+02		4.4600000e+02		4.4550000e+02		1.3420773e+03		1.1931028e+03		1.4361778e+03		1.3141777e+03		2.8646632e+02		1.0277114e+03
4.4600000e+02		4.4700000e+02		4.4650000e+02		1.3689269e+03		1.2198349e+03		1.4667451e+03		1.3426231e+03		2.9051988e+02		1.0521032e+03
4.4700000e+02		4.4800000e+02		4.4750000e+02		1.4837056e+03		1.3238471e+03		1.5902390e+03		1.4559447e+03		3.1254631e+02		1.1433984e+03
4.4800000e+02		4.4900000e+02		4.4850000e+02		1.4587166e+03		1.3032206e+03		1.5639342e+03		1.4321285e+03		3.0499938e+02		1.1271291e+03
4.4900000e+02		4.5000000e+02		4.4950000e+02		1.4737837e+03		1.3181331e+03		1.5803281e+03		1.4473697e+03		3.0577717e+02		1.1415926e+03
4.5000000e+02		4.5100000e+02		4.5050000e+02		1.5636828e+03		1.3999266e+03		1.6768305e+03		1.5359696e+03		3.2188133e+02		1.2140883e+03
4.5100000e+02		4.5200000e+02		4.5150000e+02		1.5589734e+03		1.3970527e+03		1.6718514e+03		1.5316171e+03		3.1838281e+02		1.2132343e+03
4.5200000e+02		4.5300000e+02		4.5250000e+02		1.4757889e+03		1.3237665e+03		1.5827102e+03		1.4501477e+03		2.9902110e+02		1.1511266e+03
4.5300000e+02		4.5400000e+02		4.5350000e+02		1.4141855e+03		1.2697032e+03		1.5167061e+03		1.3898561e+03		2.8428485e+02		1.1055713e+03
4.5400000e+02		4.5500000e+02		4.5450000e+02		1.5096596e+03		1.3566856e+03		1.6191672e+03		1.4839421e+03		3.0109199e+02		1.1828501e+03
4.5500000e+02		4.5600000e+02		4.5550000e+02		1.4952815e+03		1.3450029e+03		1.6038101e+03		1.4700575e+03		2.9588237e+02		1.1741751e+03
4.5600000e+02		4.5700000e+02		4.5650000e+02		1.5527317e+03		1.3979528e+03		1.6654955e+03		1.5267932e+03		3.0483975e+02		1.2219535e+03
4.5700000e+02		4.5800000e+02		4.5750000e+02		1.5677329e+03		1.4127321e+03		1.6816511e+03		1.5417976e+03		3.0537216e+02		1.2364254e+03
4.5800000e+02		4.5900000e+02		4.5850000e+02		1.4734199e+03		1.3289292e+03		1.5805450e+03		1.4492802e+03		2.8475369e+02		1.1645265e+03
4.5900000e+02		4.6000000e+02		4.5950000e+02		1.5222067e+03		1.3741445e+03		1.6329400e+03		1.4975077e+03		2.9188058e+02		1.2056272e+03
4.6000000e+02		4.6100000e+02		4.6050000e+02		1.5039223e+03		1.3588253e+03		1.6133850e+03		1.4797541e+03		2.8612054e+02		1.1936335e+03
4.6100000e+02		4.6200000e+02		4.6150000e+02		1.5386000e+03		1.3913598e+03		1.6506468e+03		1.5141109e+03		2.9043230e+02		1.2236786e+03
4.6200000e+02		4.6300000e+02		4.6250000e+02		1.5538294e+03		1.4063345e+03		1.6670450e+03		1.5293337e+03		2.9101905e+02		1.2383146e+03
4.6300000e+02		4.6400000e+02		4.6350000e+02		1.5018384e+03		1.3604302e+03		1.6113228e+03		1.4783873e+03		2.7908951e+02		1.1992978e+03
4.6400000e+02		4.6500000e+02		4.6450000e+02		1.5281564e+03		1.3854307e+03		1.6396166e+03		1.5045204e+03		2.8176931e+02		1.2227511e+03
4.6500000e+02		4.6600000e+02		4.6550000e+02		1.4760608e+03		1.3393109e+03		1.5837756e+03		1.4534461e+03		2.7004684e+02		1.1833993e+03
4.6600000e+02		4.6700000e+02		4.6650000e+02		1.4854121e+03		1.3489024e+03		1.5938632e+03		1.4628683e+03		2.6964626e+02		1.1932221e+03
4.6700000e+02		4.6800000e+02		4.6750000e+02		1.4997486e+03		1.3626998e+03		1.6089535e+03		1.4768271e+03		2.7002791e+02		1.2067991e+03
4.6800000e+02		4.6900000e+02		4.6850000e+02		1.4665907e+03		1.3337328e+03		1.5735273e+03		1.4444838e+03		2.6203969e+02		1.1824441e+03
4.6900000e+02		4.7000000e+02		4.6950000e+02		1.5086728e+03		1.3728598e+03		1.6184829e+03		1.4858742e+03		2.6739496e+02		1.2184793e+03
4.7000000e+02		4.7100000e+02		4.7050000e+02		1.4256243e+03		1.2981654e+03		1.5292873e+03		1.4041130e+03		2.5067453e+02		1.1534384e+03
4.7100000e+02		4.7200000e+02		4.7150000e+02		1.4904926e+03		1.3581143e+03		1.5987360e+03		1.4680026e+03		2.5999852e+02		1.2080040e+03
4.7200000e+02		4.7300000e+02		4.7250000e+02		1.5269264e+03		1.3923958e+03		1.6378776e+03		1.5041025e+03		2.6430084e+02		1.2398017e+03
4.7300000e+02		4.7400000e+02		4.7350000e+02		1.4995420e+03		1.3679969e+03		1.6080583e+03		1.4767918e+03		2.5741154e+02		1.2193803e+03
4.7400000e+02		4.7500000e+02		4.7450000e+02		1.5448084e+03		1.4110846e+03		1.6574130e+03		1.5223956e+03		2.6336487e+02		1.2590308e+03
4.7500000e+02		4.7600000e+02		4.7550000e+02		1.5413846e+03		1.4094999e+03		1.6543016e+03		1.5197735e+03		2.6091002e+02		1.2588635e+03
4.7600000e+02		4.7700000e+02		4.7650000e+02		1.4853490e+03		1.3593469e+03		1.5942939e+03		1.4648055e+03		2.4951765e+02		1.2152878e+03
4.7700000e+02		4.7800000e+02		4.7750000e+02		1.5508368e+03		1.4203196e+03		1.6646332e+03		1.5295824e+03		2.5851872e+02		1.2710637e+03
4.7800000e+02		4.7900000e+02		4.7850000e+02		1.5358791e+03		1.4076410e+03		1.6486249e+03		1.5150203e+03		2.5406210e+02		1.2609582e+03
4.7900000e+02		4.8000000e+02		4.7950000e+02		1.5403519e+03		1.4127540e+03		1.6534725e+03		1.5196211e+03		2.5285032e+02		1.2667708e+03
4.8000000e+02		4.8100000e+02		4.8050000e+02		1.5442750e+03		1.4173589e+03		1.6577297e+03		1.5236785e+03		2.5155485e+02		1.2721236e+03
4.8100000e+02		4.8200000e+02		4.8150000e+02		1.5475498e+03		1.4213640e+03		1.6612906e+03		1.5270948e+03		2.5016180e+02		1.2769330e+03
4.8200000e+02		4.8300000e+02		4.8250000e+02		1.5416562e+03		1.4169373e+03		1.6550087e+03		1.5214615e+03		2.4730689e+02		1.2741546e+03
4.8300000e+02		4.8400000e+02		4.8350000e+02		1.5183412e+03		1.3963444e+03		1.6298918e+03		1.4984876e+03		2.4167328e+02		1.2568143e+03
4.8400000e+02		4.8500000e+02		4.8450000e+02		1.4920771e+03		1.3728793e+03		1.6014832e+03		1.4724612e+03		2.3561320e+02		1.2368480e+03
4.8500000e+02		4.8600000e+02		4.8550000e+02		1.4021236e+03		1.2904879e+03		1.5044593e+03		1.3832948e+03		2.1958354e+02		1.1637113e+03
4.8600000e+02		4.8700000e+02		4.8650000e+02		1.2173217e+03		1.1215605e+03		1.3066290e+03		1.2015722e+03		1.8930982e+02		1.0122624e+03
4.8700000e+02		4.8800000e+02		4.8750000e+02		1.3927585e+03		1.2836900e+03		1.4946060e+03		1.3744960e+03		2.1484931e+02		1.1596467e+03
4.8800000e+02		4.8900000e+02		4.8850000e+02		1.4651201e+03		1.3512873e+03		1.5723162e+03		1.4460892e+03		2.2430371e+02		1.2217854e+03
4.8900000e+02		4.9000000e+02		4.8950000e+02		1.4372192e+03		1.3264836e+03		1.5424836e+03		1.4187842e+03		2.1838564e+02		1.2003986e+03
4.9000000e+02		4.9100000e+02		4.9050000e+02		1.5307557e+03		1.4139647e+03		1.6431622e+03		1.5115573e+03		2.3090656e+02		1.2806508e+03
4.9100000e+02		4.9200000e+02		4.9150000e+02		1.4425606e+03		1.3333002e+03		1.5484806e+03		1.4245702e+03		2.1594709e+02		1.2086231e+03
4.9200000e+02		4.9300000e+02		4.9250000e+02		1.3729411e+03		1.2701257e+03		1.4741680e+03		1.3563781e+03		2.0407555e+02		1.1523026e+03
4.9300000e+02		4.9400000e+02		4.9350000e+02		1.4509629e+03		1.3432030e+03		1.5580418e+03		1.4336774e+03		2.1406461e+02		1.2196128e+03
4.9400000e+02		4.9500000e+02		4.9450000e+02		1.4929449e+03		1.3829577e+03		1.6031973e+03		1.4753537e+03		2.1861119e+02		1.2567425e+03
4.9500000e+02		4.9600000e+02		4.9550000e+02		1.4663156e+03		1.3591210e+03		1.5746378e+03		1.4491871e+03		2.1309871e+02		1.2360884e+03
4.9600000e+02		4.9700000e+02		4.9650000e+02		1.4846220e+03		1.3769225e+03		1.5943329e+03		1.4674288e+03		2.1414012e+02		1.2532887e+03
4.9700000e+02		4.9800000e+02		4.9750000e+02		1.5123203e+03		1.4034526e+03		1.6241145e+03		1.4949564e+03		2.1650049e+02		1.2784559e+03
4.9800000e+02		4.9900000e+02		4.9850000e+02		1.3744029e+03		1.2761451e+03		1.4759572e+03		1.3586735e+03		1.9526437e+02		1.1634091e+03
4.9900000e+02		5.0000000e+02		4.9950000e+02		1.4721832e+03		1.3673575e+03		1.5806072e+03		1.4550554e+03		2.0749550e+02		1.2475599e+03
