Left Bin Edge (nm)	Right Bin Edge (nm)	Bin Center (nm)		Top of Atm Intensity (erg/s/nm/cm2)		Total Surface Flux (erg/s/nm/cm2)		Total Intensity at BOA (erg/s/nm/cm2)		Total Surface Intensity (erg/s/nm/cm2)		Total Surface Diffuse Intensity (erg/s/nm/cm2)		Total Surface Direct Intensity (erg/s/nm/cm2)
1.0000000e+02		1.0100000e+02		1.0050000e+02		4.4569042e-02		2.4525372e-199		0.0000000e+00		4.2479191e-199		4.2479191e-199		0.0000000e+00
1.0100000e+02		1.0200000e+02		1.0150000e+02		1.7387199e-01		2.8780736e-197		0.0000000e+00		4.9849697e-197		4.9849697e-197		0.0000000e+00
1.0200000e+02		1.0300000e+02		1.0250000e+02		9.2286085e-01		3.0760914e-195		0.0000000e+00		5.3279466e-195		5.3279466e-195		0.0000000e+00
1.0300000e+02		1.0400000e+02		1.0350000e+02		7.0094286e-01		3.0025215e-193		0.0000000e+00		5.2005197e-193		5.2005197e-193		0.0000000e+00
1.0400000e+02		1.0500000e+02		1.0450000e+02		1.4124828e-01		2.6834650e-191		0.0000000e+00		4.6478978e-191		4.6478978e-191		0.0000000e+00
1.0500000e+02		1.0600000e+02		1.0550000e+02		4.8389941e-02		2.2015017e-189		0.0000000e+00		3.8131128e-189		3.8131128e-189		0.0000000e+00
1.0600000e+02		1.0700000e+02		1.0650000e+02		4.5487167e-02		1.6618995e-187		0.0000000e+00		2.8784944e-187		2.8784944e-187		0.0000000e+00
1.0700000e+02		1.0800000e+02		1.0750000e+02		5.0757295e-02		1.1570799e-185		0.0000000e+00		2.0041212e-185		2.0041212e-185		0.0000000e+00
1.0800000e+02		1.0900000e+02		1.0850000e+02		7.1152114e-02		7.4467720e-184		0.0000000e+00		1.2898187e-183		1.2898187e-183		0.0000000e+00
1.0900000e+02		1.1000000e+02		1.0950000e+02		5.5817450e-02		4.4397208e-182		0.0000000e+00		7.6898219e-182		7.6898219e-182		0.0000000e+00
1.1000000e+02		1.1100000e+02		1.1050000e+02		5.4043772e-02		2.4571432e-180		0.0000000e+00		4.2558968e-180		4.2558968e-180		0.0000000e+00
1.1100000e+02		1.1200000e+02		1.1150000e+02		5.0797691e-02		1.2649209e-178		0.0000000e+00		2.1909072e-178		2.1909072e-178		0.0000000e+00
1.1200000e+02		1.1300000e+02		1.1250000e+02		5.1969037e-02		6.0686751e-177		0.0000000e+00		1.0511254e-176		1.0511254e-176		0.0000000e+00
1.1300000e+02		1.1400000e+02		1.1350000e+02		4.1221387e-02		2.7185194e-175		0.0000000e+00		4.7086138e-175		4.7086138e-175		0.0000000e+00
1.1400000e+02		1.1500000e+02		1.1450000e+02		3.1562600e-02		1.1390983e-173		0.0000000e+00		1.9729761e-173		1.9729761e-173		0.0000000e+00
1.1500000e+02		1.1600000e+02		1.1550000e+02		4.3552050e-02		4.4723381e-172		0.0000000e+00		7.7463168e-172		7.7463168e-172		0.0000000e+00
1.1600000e+02		1.1700000e+02		1.1650000e+02		1.0143732e-01		1.6480949e-170		0.0000000e+00		2.8545841e-170		2.8545841e-170		0.0000000e+00
1.1700000e+02		1.1800000e+02		1.1750000e+02		3.6108525e-01		5.7096417e-169		0.0000000e+00		9.8893895e-169		9.8893895e-169		0.0000000e+00
1.1800000e+02		1.1900000e+02		1.1850000e+02		1.2283927e-01		1.8624917e-167		0.0000000e+00		3.2259303e-167		3.2259303e-167		0.0000000e+00
1.1900000e+02		1.2000000e+02		1.1950000e+02		1.7115732e-01		5.7292299e-166		0.0000000e+00		9.9233173e-166		9.9233173e-166		0.0000000e+00
1.2000000e+02		1.2100000e+02		1.2050000e+02		9.3056497e-01		1.6643714e-164		0.0000000e+00		2.8827758e-164		2.8827758e-164		0.0000000e+00
1.2100000e+02		1.2200000e+02		1.2150000e+02		3.6941242e+01		4.5727003e-163		0.0000000e+00		7.9201492e-163		7.9201492e-163		0.0000000e+00
1.2200000e+02		1.2300000e+02		1.2250000e+02		2.4773856e-01		1.1897473e-161		0.0000000e+00		2.0607029e-161		2.0607029e-161		0.0000000e+00
1.2300000e+02		1.2400000e+02		1.2350000e+02		1.3344721e-01		2.9354435e-160		3.0638615e-161		5.0843373e-160		5.0843373e-160		0.0000000e+00
1.2400000e+02		1.2500000e+02		1.2450000e+02		1.0726631e-01		6.8768162e-159		7.3864183e-160		1.1910995e-158		1.1910995e-158		0.0000000e+00
1.2500000e+02		1.2600000e+02		1.2550000e+02		1.0471361e-01		1.5315577e-157		1.6906493e-158		2.6527357e-157		2.6527357e-157		0.0000000e+00
1.2600000e+02		1.2700000e+02		1.2650000e+02		1.4644878e-01		3.2466451e-156		3.6813105e-157		5.6233543e-156		5.6233543e-156		0.0000000e+00
1.2700000e+02		1.2800000e+02		1.2750000e+02		7.6659940e-02		6.5583833e-155		7.6355493e-156		1.1359453e-154		1.1359453e-154		0.0000000e+00
1.2800000e+02		1.2900000e+02		1.2850000e+02		6.1165494e-02		1.2638899e-153		1.5102765e-154		2.1891215e-153		2.1891215e-153		0.0000000e+00
1.2900000e+02		1.3000000e+02		1.2950000e+02		8.1594975e-02		2.3261993e-152		2.8518619e-153		4.0290953e-152		4.0290953e-152		0.0000000e+00
1.3000000e+02		1.3100000e+02		1.3050000e+02		6.7007791e-01		4.0932669e-151		5.1465689e-152		7.0897462e-151		7.0897462e-151		0.0000000e+00
1.3100000e+02		1.3200000e+02		1.3150000e+02		9.0731094e-02		6.8932626e-150		8.8853818e-151		1.1939481e-149		1.1939481e-149		0.0000000e+00
1.3200000e+02		1.3300000e+02		1.3250000e+02		7.0547730e-02		1.1121001e-148		1.4690635e-149		1.9262138e-148		1.9262138e-148		0.0000000e+00
1.3300000e+02		1.3400000e+02		1.3350000e+02		9.5357088e-01		1.7204695e-147		2.3282604e-148		2.9799405e-147		2.9799405e-147		0.0000000e+00
1.3400000e+02		1.3500000e+02		1.3450000e+02		6.5246966e-02		2.5547080e-146		3.5404873e-147		4.4248840e-146		4.4248840e-146		0.0000000e+00
1.3500000e+02		1.3600000e+02		1.3550000e+02		1.3692679e-01		3.6443651e-145		5.1705512e-146		6.3122256e-145		6.3122256e-145		0.0000000e+00
1.3600000e+02		1.3700000e+02		1.3650000e+02		8.9861989e-02		4.9988791e-144		7.2581761e-145		8.6583126e-144		8.6583126e-144		0.0000000e+00
1.3700000e+02		1.3800000e+02		1.3750000e+02		9.2282630e-02		6.5988122e-143		9.8021052e-144		1.1429478e-142		1.1429478e-142		0.0000000e+00
1.3800000e+02		1.3900000e+02		1.3850000e+02		9.4180145e-02		8.3900195e-142		1.2746032e-142		1.4531940e-141		1.4531940e-141		0.0000000e+00
1.3900000e+02		1.4000000e+02		1.3950000e+02		3.1801144e-01		1.0282904e-140		1.5971108e-141		1.7810512e-140		1.7810512e-140		0.0000000e+00
1.4000000e+02		1.4100000e+02		1.4050000e+02		2.7729440e-01		1.2158089e-139		1.9299731e-140		2.1058428e-139		2.1058428e-139		0.0000000e+00
1.4100000e+02		1.4200000e+02		1.4150000e+02		1.3359910e-01		1.3878519e-138		2.2509214e-139		2.4038300e-138		2.4038300e-138		0.0000000e+00
1.4200000e+02		1.4300000e+02		1.4250000e+02		1.4479671e-01		1.5306345e-137		2.5356421e-138		2.6511366e-137		2.6511366e-137		0.0000000e+00
1.4300000e+02		1.4400000e+02		1.4350000e+02		1.6064305e-01		1.6321639e-136		2.7608704e-137		2.8269908e-136		2.8269908e-136		0.0000000e+00
1.4400000e+02		1.4500000e+02		1.4450000e+02		1.5363637e-01		1.6839315e-135		2.9076964e-136		2.9166549e-135		2.9166549e-135		0.0000000e+00
1.4500000e+02		1.4600000e+02		1.4550000e+02		1.6382583e-01		1.6820916e-134		2.9641195e-135		2.9134682e-134		2.9134682e-134		0.0000000e+00
1.4600000e+02		1.4700000e+02		1.4650000e+02		1.9977093e-01		1.6278993e-133		2.9267010e-134		2.8196044e-133		2.8196044e-133		0.0000000e+00
1.4700000e+02		1.4800000e+02		1.4750000e+02		2.4643334e-01		1.5273497e-132		2.8007602e-133		2.6454473e-132		2.6454473e-132		0.0000000e+00
1.4800000e+02		1.4900000e+02		1.4850000e+02		2.4167300e-01		1.3901296e-131		2.5993234e-132		2.4077751e-131		2.4077751e-131		0.0000000e+00
1.4900000e+02		1.5000000e+02		1.4950000e+02		2.1832777e-01		1.2281270e-130		2.3410129e-131		2.1271783e-130		2.1271783e-130		0.0000000e+00
1.5000000e+02		1.5100000e+02		1.5050000e+02		2.4023073e-01		1.0538062e-129		2.0472393e-130		1.8252460e-129		1.8252460e-129		0.0000000e+00
1.5100000e+02		1.5200000e+02		1.5150000e+02		2.5258505e-01		8.7873789e-129		1.7394285e-129		1.5220187e-128		1.5220187e-128		0.0000000e+00
1.5200000e+02		1.5300000e+02		1.5250000e+02		3.2229547e-01		7.1249849e-128		1.4366962e-128		1.2340836e-127		1.2340836e-127		0.0000000e+00
1.5300000e+02		1.5400000e+02		1.5350000e+02		3.5701286e-01		5.6204766e-127		1.1542043e-127		9.7349511e-127		9.7349511e-127		0.0000000e+00
1.5400000e+02		1.5500000e+02		1.5450000e+02		9.5486931e-01		4.3157797e-126		9.0239181e-127		7.4751498e-126		7.4751498e-126		0.0000000e+00
1.5500000e+02		1.5600000e+02		1.5550000e+02		7.8587524e-01		3.2275182e-125		6.8695878e-126		5.5902255e-125		5.5902255e-125		0.0000000e+00
1.5600000e+02		1.5700000e+02		1.5650000e+02		4.6648084e-01		2.3519168e-124		5.0946401e-125		4.0736394e-124		4.0736394e-124		0.0000000e+00
1.5700000e+02		1.5800000e+02		1.5750000e+02		4.2309893e-01		1.6708372e-123		3.6826121e-124		2.8939749e-123		2.8939749e-123		0.0000000e+00
1.5800000e+02		1.5900000e+02		1.5850000e+02		3.9008072e-01		1.1577498e-122		2.5958055e-123		2.0052814e-122		2.0052814e-122		0.0000000e+00
1.5900000e+02		1.6000000e+02		1.5950000e+02		3.8042347e-01		7.8283074e-122		1.7851316e-122		1.3559026e-121		1.3559026e-121		0.0000000e+00
1.6000000e+02		1.6100000e+02		1.6050000e+02		4.1635449e-01		5.1676479e-121		1.1982508e-121		8.9506286e-121		8.9506286e-121		0.0000000e+00
1.6100000e+02		1.6200000e+02		1.6150000e+02		4.7164413e-01		3.3318391e-120		7.8541985e-121		5.7709147e-120		5.7709147e-120		0.0000000e+00
1.6200000e+02		1.6300000e+02		1.6250000e+02		5.2241459e-01		2.0990879e-119		5.0295053e-120		3.6357268e-119		3.6357268e-119		0.0000000e+00
1.6300000e+02		1.6400000e+02		1.6350000e+02		1.1072121e+00		1.2927590e-118		3.1477642e-119		2.2391242e-118		2.2391242e-118		0.0000000e+00
1.6400000e+02		1.6500000e+02		1.6450000e+02		1.1323318e+00		7.7861927e-118		1.9262593e-118		1.3486081e-117		1.3486081e-117		0.0000000e+00
1.6500000e+02		1.6600000e+02		1.6550000e+02		1.3255566e+00		4.5880620e-117		1.1530340e-117		7.9467565e-117		7.9467565e-117		0.0000000e+00
1.6600000e+02		1.6700000e+02		1.6650000e+02		6.2522883e-01		2.6460722e-116		6.7539304e-117		4.5831315e-116		4.5831315e-116		0.0000000e+00
1.6700000e+02		1.6800000e+02		1.6750000e+02		6.6723830e-01		1.4942043e-115		3.8728169e-116		2.5880378e-115		2.5880378e-115		0.0000000e+00
1.6800000e+02		1.6900000e+02		1.6850000e+02		7.1904320e-01		8.2645229e-115		2.1747969e-115		1.4314574e-114		1.4314574e-114		0.0000000e+00
1.6900000e+02		1.7000000e+02		1.6950000e+02		9.0554889e-01		4.4790393e-114		1.1964436e-114		7.7579236e-114		7.7579236e-114		0.0000000e+00
1.7000000e+02		1.7100000e+02		1.7050000e+02		1.0161854e+00		2.3793985e-113		6.4506865e-114		4.1212391e-113		4.1212391e-113		0.0000000e+00
1.7100000e+02		1.7200000e+02		1.7150000e+02		1.0130704e+00		1.2394160e-112		3.4096809e-113		2.1467315e-112		2.1467315e-112		0.0000000e+00
1.7200000e+02		1.7300000e+02		1.7250000e+02		1.0571150e+00		6.3326195e-112		1.7675262e-112		1.0968419e-111		1.0968419e-111		0.0000000e+00
1.7300000e+02		1.7400000e+02		1.7350000e+02		1.0479596e+00		3.1747643e-111		8.9889441e-112		5.4988530e-111		5.4988530e-111		0.0000000e+00
1.7400000e+02		1.7500000e+02		1.7450000e+02		1.2530722e+00		1.5622244e-110		4.4862643e-111		2.7058521e-110		2.7058521e-110		0.0000000e+00
1.7500000e+02		1.7600000e+02		1.7550000e+02		1.4954862e+00		7.5477590e-110		2.1980352e-110		1.3073102e-109		1.3073102e-109		0.0000000e+00
1.7600000e+02		1.7700000e+02		1.7650000e+02		1.6135596e+00		3.5815485e-109		1.0575397e-109		6.2034240e-109		6.2034240e-109		0.0000000e+00
1.7700000e+02		1.7800000e+02		1.7750000e+02		1.9010195e+00		1.6696842e-108		4.9981252e-109		2.8919779e-108		2.8919779e-108		0.0000000e+00
1.7800000e+02		1.7900000e+02		1.7850000e+02		2.0776624e+00		7.6495861e-108		2.3211387e-108		1.3249472e-107		1.3249472e-107		0.0000000e+00
1.7900000e+02		1.8000000e+02		1.7950000e+02		2.0198657e+00		3.4451470e-107		1.0595403e-107		5.9671697e-107		5.9671697e-107		0.0000000e+00
1.8000000e+02		1.8100000e+02		1.8050000e+02		2.4976225e+00		1.5256919e-106		4.7555158e-107		2.6425760e-106		2.6425760e-106		0.0000000e+00
1.8100000e+02		1.8200000e+02		1.8150000e+02		3.0410490e+00		6.6456167e-106		2.0993416e-106		1.1510546e-105		1.1510546e-105		0.0000000e+00
1.8200000e+02		1.8300000e+02		1.8250000e+02		2.8073836e+00		2.8479225e-105		9.1191664e-106		4.9327465e-105		4.9327465e-105		0.0000000e+00
1.8300000e+02		1.8400000e+02		1.8350000e+02		2.9562417e+00		1.2010453e-104		3.8990753e-105		2.0802715e-104		2.0802715e-104		0.0000000e+00
1.8400000e+02		1.8500000e+02		1.8450000e+02		2.5409769e+00		4.9859091e-104		1.6412301e-104		8.6358480e-104		8.6358480e-104		0.0000000e+00
1.8500000e+02		1.8600000e+02		1.8550000e+02		2.8735562e+00		2.0378624e-103		6.8081293e-104		3.5296811e-103		3.5296811e-103		0.0000000e+00
1.8600000e+02		1.8700000e+02		1.8650000e+02		3.2604304e+00		8.2027887e-103		2.7834051e-103		1.4207647e-102		1.4207647e-102		0.0000000e+00
1.8700000e+02		1.8800000e+02		1.8750000e+02		3.6946466e+00		3.2523211e-102		1.1224970e-102		5.6331854e-102		5.6331854e-102		0.0000000e+00
1.8800000e+02		1.8900000e+02		1.8850000e+02		3.8870616e+00		1.2704108e-101		4.4709301e-102		2.2004161e-101		2.2004161e-101		0.0000000e+00
1.8900000e+02		1.9000000e+02		1.8950000e+02		4.3106081e+00		4.8895555e-101		1.7617084e-101		8.4689586e-101		8.4689586e-101		0.0000000e+00
1.9000000e+02		1.9100000e+02		1.9050000e+02		4.4384288e+00		1.8545815e-100		6.8709273e-101		3.2122294e-100		3.2122294e-100		0.0000000e+00
1.9100000e+02		1.9200000e+02		1.9150000e+02		4.8094361e+00		6.9336295e-100		2.6522388e-100		1.2009398e-99		1.2009398e-99		0.0000000e+00
1.9200000e+02		1.9300000e+02		1.9250000e+02		5.0365493e+00		2.5548541e-99		1.0171294e-99		4.4251371e-99		4.4251371e-99		0.0000000e+00
1.9300000e+02		1.9400000e+02		1.9350000e+02		3.8447944e+00		9.2831829e-99		3.8546286e-99		1.6078944e-98		1.6078944e-98		9.1151138e-262
1.9400000e+02		1.9500000e+02		1.9450000e+02		6.1679797e+00		3.3281822e-98		1.4370041e-98		5.7645807e-98		5.7645807e-98		5.3737548e-206
1.9500000e+02		1.9600000e+02		1.9550000e+02		5.9528271e+00		1.1774199e-97		4.4390525e-98		2.0393511e-97		2.0393511e-97		4.8921958e-164
1.9600000e+02		1.9700000e+02		1.9650000e+02		6.5508102e+00		4.1135843e-97		5.5207536e-96		7.1249371e-97		7.1249371e-97		1.1453968e-141
1.9700000e+02		1.9800000e+02		1.9750000e+02		6.5190955e+00		1.4192142e-96		7.2376080e-90		2.4581511e-96		2.4581511e-96		3.1872159e-125
1.9800000e+02		1.9900000e+02		1.9850000e+02		6.3883794e+00		2.2504853e-42		3.1837740e-35		3.8979549e-42		3.8979549e-42		9.2022335e-66
1.9900000e+02		2.0000000e+02		1.9950000e+02		6.7274707e+00		6.9551466e-06		3.0301845e-05		1.2046667e-05		1.2046667e-05		1.0102630e-13
2.0000000e+02		2.0100000e+02		2.0050000e+02		7.1125146e+00		2.9522492e-04		1.0937111e-03		5.1134457e-04		5.1134456e-04		1.1952681e-11
2.0100000e+02		2.0200000e+02		2.0150000e+02		7.5701275e+00		4.4772625e-02		1.3983885e-01		7.7548462e-02		7.7548459e-02		2.2491934e-09
2.0200000e+02		2.0300000e+02		2.0250000e+02		7.4828608e+00		8.3500697e-02		2.5553215e-01		1.4462745e-01		1.4462745e-01		5.4191469e-09
2.0300000e+02		2.0400000e+02		2.0350000e+02		8.0092047e+00		2.6124188e-01		7.7835497e-01		4.5248421e-01		4.5248420e-01		1.7197979e-08
2.0400000e+02		2.0500000e+02		2.0450000e+02		8.6207445e+00		4.4033534e-01		1.2956699e+00		7.6268318e-01		7.6268315e-01		3.5921342e-08
2.0500000e+02		2.0600000e+02		2.0550000e+02		8.6400754e+00		4.4809442e-01		1.3111615e+00		7.7612232e-01		7.7612227e-01		5.4922010e-08
2.0600000e+02		2.0700000e+02		2.0650000e+02		8.6510225e+00		4.5925184e-01		1.3364159e+00		7.9544754e-01		7.9544746e-01		8.3593163e-08
2.0700000e+02		2.0800000e+02		2.0750000e+02		9.3957826e+00		5.0966231e-01		1.4750854e+00		8.8276106e-01		8.8276092e-01		1.3651996e-07
2.0800000e+02		2.0900000e+02		2.0850000e+02		1.0163489e+01		5.6073650e-01		1.6143221e+00		9.7122417e-01		9.7122396e-01		2.1794768e-07
2.0900000e+02		2.1000000e+02		2.0950000e+02		1.3129215e+01		7.4034049e-01		2.1202318e+00		1.2823075e+00		1.2823071e+00		4.1502964e-07
2.1000000e+02		2.1100000e+02		2.1050000e+02		1.6183343e+01		9.2862269e-01		2.6458644e+00		1.6084219e+00		1.6084212e+00		7.3881935e-07
2.1100000e+02		2.1200000e+02		2.1150000e+02		1.8424170e+01		1.0786335e+00		3.0577664e+00		1.8682484e+00		1.8682472e+00		1.2116662e-06
2.1200000e+02		2.1300000e+02		2.1250000e+02		1.6428561e+01		9.7968817e-01		2.7635165e+00		1.6968702e+00		1.6968686e+00		1.5377253e-06
2.1300000e+02		2.1400000e+02		2.1350000e+02		1.6737981e+01		1.0167591e+00		2.8541547e+00		1.7610792e+00		1.7610770e+00		2.2045800e-06
2.1400000e+02		2.1500000e+02		2.1450000e+02		2.1432541e+01		1.3257932e+00		3.7038125e+00		2.2963425e+00		2.2963385e+00		3.9526783e-06
2.1500000e+02		2.1600000e+02		2.1550000e+02		1.8408135e+01		1.1586250e+00		3.2216284e+00		2.0067988e+00		2.0067941e+00		4.6852330e-06
2.1600000e+02		2.1700000e+02		2.1650000e+02		1.7036901e+01		1.0911114e+00		3.0198718e+00		1.8898623e+00		1.8898563e+00		5.9595217e-06
2.1700000e+02		2.1800000e+02		2.1750000e+02		1.7640866e+01		1.1490148e+00		3.1657163e+00		1.9901546e+00		1.9901462e+00		8.3858033e-06
2.1800000e+02		2.1900000e+02		2.1850000e+02		2.3730294e+01		1.5716035e+00		4.3107075e+00		2.7221018e+00		2.7220866e+00		1.5222830e-05
2.1900000e+02		2.2000000e+02		2.1950000e+02		2.5052511e+01		1.6866280e+00		4.6059279e+00		2.9213321e+00		2.9213105e+00		2.1526065e-05
2.2000000e+02		2.2100000e+02		2.2050000e+02		2.5203754e+01		1.7240673e+00		4.6879298e+00		2.9861811e+00		2.9861524e+00		2.8731749e-05
2.2100000e+02		2.2200000e+02		2.2150000e+02		2.0176768e+01		1.4023988e+00		3.7971322e+00		2.4290354e+00		2.4290050e+00		3.0364179e-05
2.2200000e+02		2.2300000e+02		2.2250000e+02		2.7154039e+01		1.9167915e+00		5.1683491e+00		3.3199968e+00		3.3199433e+00		5.3465462e-05
2.2300000e+02		2.2400000e+02		2.2350000e+02		3.5163062e+01		2.5207116e+00		6.7689605e+00		4.3660284e+00		4.3659383e+00		9.0083239e-05
2.2400000e+02		2.2500000e+02		2.2450000e+02		3.2875934e+01		2.3921799e+00		6.3980626e+00		4.1434108e+00		4.1433021e+00		1.0868225e-04
2.2500000e+02		2.2600000e+02		2.2550000e+02		2.8720078e+01		2.1212134e+00		5.6509790e+00		3.6740871e+00		3.6739652e+00		1.2184835e-04
2.2600000e+02		2.2700000e+02		2.2650000e+02		2.1037217e+01		1.5763118e+00		4.1830890e+00		2.7302873e+00		2.7301736e+00		1.1375552e-04
2.2700000e+02		2.2800000e+02		2.2750000e+02		2.0463841e+01		1.5554429e+00		4.1120107e+00		2.6941496e+00		2.6940094e+00		1.4020156e-04
2.2800000e+02		2.2900000e+02		2.2850000e+02		2.8509984e+01		2.1976527e+00		5.7880628e+00		3.8065223e+00		3.8062763e+00		2.4605316e-04
2.2900000e+02		2.3000000e+02		2.2950000e+02		2.5620938e+01		2.0025478e+00		5.2548503e+00		3.4686003e+00		3.4683234e+00		2.7690570e-04
2.3000000e+02		2.3100000e+02		2.3050000e+02		2.9055844e+01		2.3018127e+00		6.0183786e+00		3.9869775e+00		3.9865866e+00		3.9093261e-04
2.3100000e+02		2.3200000e+02		2.3150000e+02		2.7387429e+01		2.1989950e+00		5.7291959e+00		3.8089123e+00		3.8084559e+00		4.5635828e-04
2.3200000e+02		2.3300000e+02		2.3250000e+02		2.9413108e+01		2.3928145e+00		6.2124953e+00		4.1446631e+00		4.1440593e+00		6.0372048e-04
2.3300000e+02		2.3400000e+02		2.3350000e+02		2.6543685e+01		2.1875114e+00		5.6600760e+00		3.7890874e+00		3.7884197e+00		6.6773220e-04
2.3400000e+02		2.3500000e+02		2.3450000e+02		2.3194371e+01		1.9360218e+00		4.9925692e+00		3.3535083e+00		3.3527967e+00		7.1155612e-04
2.3500000e+02		2.3600000e+02		2.3550000e+02		3.1223226e+01		2.6391849e+00		6.7834745e+00		4.5715619e+00		4.5703994e+00		1.1625255e-03
2.3600000e+02		2.3700000e+02		2.3650000e+02		2.8911473e+01		2.4744601e+00		6.3395388e+00		4.2862930e+00		4.2849925e+00		1.3004668e-03
2.3700000e+02		2.3800000e+02		2.3750000e+02		3.0878004e+01		2.6750524e+00		6.8317243e+00		4.6338433e+00		4.6321732e+00		1.6701203e-03
2.3800000e+02		2.3900000e+02		2.3850000e+02		2.5598090e+01		2.2450054e+00		5.7156023e+00		3.8889762e+00		3.8873183e+00		1.6579834e-03
2.3900000e+02		2.4000000e+02		2.3950000e+02		2.7890834e+01		2.4753345e+00		6.2827616e+00		4.2880713e+00		4.2859177e+00		2.1536034e-03
2.4000000e+02		2.4100000e+02		2.4050000e+02		2.5623038e+01		2.3014001e+00		5.8237956e+00		3.9868687e+00		3.9845193e+00		2.3493779e-03
2.4100000e+02		2.4200000e+02		2.4150000e+02		3.0005079e+01		2.7273668e+00		6.8814486e+00		4.7249445e+00		4.7216903e+00		3.2542078e-03
2.4200000e+02		2.4300000e+02		2.4250000e+02		4.1301739e+01		3.7985588e+00		9.5565762e+00		6.5809294e+00		6.5756519e+00		5.2774911e-03
2.4300000e+02		2.4400000e+02		2.4350000e+02		3.8791639e+01		3.6094769e+00		9.0552315e+00		6.2535971e+00		6.2477792e+00		5.8179102e-03
2.4400000e+02		2.4500000e+02		2.4450000e+02		3.6329084e+01		3.4208209e+00		8.5581905e+00		5.9270073e+00		5.9206334e+00		6.3738798e-03
2.4500000e+02		2.4600000e+02		2.4550000e+02		2.9476122e+01		2.8063213e+00		7.0017997e+00		4.8625545e+00		4.8565306e+00		6.0239041e-03
2.4600000e+02		2.4700000e+02		2.4650000e+02		2.8685918e+01		2.7647034e+00		6.8796382e+00		4.7907145e+00		4.7839009e+00		6.8136067e-03
2.4700000e+02		2.4800000e+02		2.4750000e+02		3.1678139e+01		3.0874871e+00		7.6628635e+00		5.3503783e+00		5.3416702e+00		8.7080794e-03
2.4800000e+02		2.4900000e+02		2.4850000e+02		2.5406301e+01		2.5058943e+00		6.2035681e+00		4.3428304e+00		4.3347680e+00		8.0624569e-03
2.4900000e+02		2.5000000e+02		2.4950000e+02		3.0967514e+01		3.0882895e+00		7.6262947e+00		5.3525701e+00		5.3412699e+00		1.1300232e-02
2.5000000e+02		2.5100000e+02		2.5050000e+02		3.3448743e+01		3.3763849e+00		8.3174108e+00		5.8524031e+00		5.8383963e+00		1.4006857e-02
2.5100000e+02		2.5200000e+02		2.5150000e+02		2.7888154e+01		2.8478215e+00		6.9986349e+00		4.9367032e+00		4.9233474e+00		1.3355794e-02
2.5200000e+02		2.5300000e+02		2.5250000e+02		2.5069906e+01		2.5898071e+00		6.3497403e+00		4.4899132e+00		4.4762209e+00		1.3692273e-02
2.5300000e+02		2.5400000e+02		2.5350000e+02		3.1592540e+01		3.3022547e+00		8.0781299e+00		5.7257444e+00		5.7061177e+00		1.9626676e-02
2.5400000e+02		2.5500000e+02		2.5450000e+02		3.5730773e+01		3.7801755e+00		9.2267260e+00		6.5552479e+00		6.5300599e+00		2.5187995e-02
2.5500000e+02		2.5600000e+02		2.5550000e+02		4.8755658e+01		5.2136448e+00		1.2698025e+01		9.0423149e+00		9.0034678e+00		3.8847117e-02
2.5600000e+02		2.5700000e+02		2.5650000e+02		6.2803876e+01		6.8049714e+00		1.6538776e+01		1.1804051e+01		1.1747497e+01		5.6554139e-02
2.5700000e+02		2.5800000e+02		2.5750000e+02		7.8843355e+01		8.6432390e+00		2.0963312e+01		1.4995251e+01		1.4915335e+01		7.9916220e-02
2.5800000e+02		2.5900000e+02		2.5850000e+02		8.2991293e+01		9.1965954e+00		2.2260771e+01		1.5958169e+01		1.5863782e+01		9.4387278e-02
2.5900000e+02		2.6000000e+02		2.5950000e+02		7.0629481e+01		7.9311801e+00		1.9160388e+01		1.3765087e+01		1.3674960e+01		9.0127053e-02
2.6000000e+02		2.6100000e+02		2.6050000e+02		5.7868388e+01		6.5705468e+00		1.5843278e+01		1.1406040e+01		1.1323548e+01		8.2492065e-02
2.6100000e+02		2.6200000e+02		2.6150000e+02		5.9092703e+01		6.7941587e+00		1.6352338e+01		1.1796914e+01		1.1702891e+01		9.4022799e-02
2.6200000e+02		2.6300000e+02		2.6250000e+02		7.0528613e+01		8.2046098e+00		1.9711802e+01		1.4249436e+01		1.4124543e+01		1.2489362e-01
2.6300000e+02		2.6400000e+02		2.6350000e+02		1.0614195e+02		1.2506938e+01		2.9996265e+01		2.1727297e+01		2.1518326e+01		2.0897182e-01
2.6400000e+02		2.6500000e+02		2.6450000e+02		1.6548208e+02		1.9713589e+01		4.7201261e+01		3.4256546e+01		3.3895758e+01		3.6078823e-01
2.6500000e+02		2.6600000e+02		2.6550000e+02		1.7356948e+02		2.0938138e+01		5.0051966e+01		3.6395503e+01		3.5976607e+01		4.1889509e-01
2.6600000e+02		2.6700000e+02		2.6650000e+02		1.6826276e+02		2.0542260e+01		4.9028681e+01		3.5718944e+01		3.5270559e+01		4.4838482e-01
2.6700000e+02		2.6800000e+02		2.6750000e+02		1.6940220e+02		2.0933797e+01		4.9887593e+01		3.6412326e+01		3.5914741e+01		4.9758509e-01
2.6800000e+02		2.6900000e+02		2.6850000e+02		1.6778062e+02		2.0991828e+01		4.9952935e+01		3.6526681e+01		3.5984348e+01		5.4233287e-01
2.6900000e+02		2.7000000e+02		2.6950000e+02		1.5737310e+02		1.9915491e+01		4.7325116e+01		3.4667348e+01		3.4109053e+01		5.5829485e-01
2.7000000e+02		2.7100000e+02		2.7050000e+02		1.8181465e+02		2.3285767e+01		5.5259224e+01		4.0550831e+01		3.9843857e+01		7.0697400e-01
2.7100000e+02		2.7200000e+02		2.7150000e+02		1.5108640e+02		1.9584052e+01		4.6414526e+01		3.4119444e+01		3.3476568e+01		6.4287603e-01
2.7200000e+02		2.7300000e+02		2.7250000e+02		1.2154404e+02		1.5934196e+01		3.7717450e+01		2.7773496e+01		2.7208891e+01		5.6460430e-01
2.7300000e+02		2.7400000e+02		2.7350000e+02		1.2960124e+02		1.7192284e+01		4.0647140e+01		2.9980981e+01		2.9324528e+01		6.5645325e-01
2.7400000e+02		2.7500000e+02		2.7450000e+02		8.9183780e+01		1.1974649e+01		2.8279191e+01		2.0892912e+01		2.0400871e+01		4.9204161e-01
2.7500000e+02		2.7600000e+02		2.7550000e+02		1.1893609e+02		1.6144647e+01		3.8085878e+01		2.8183798e+01		2.7471172e+01		7.1262550e-01
2.7600000e+02		2.7700000e+02		2.7650000e+02		1.6564211e+02		2.2740239e+01		5.3590164e+01		3.9720353e+01		3.8643558e+01		1.0767952e+00
2.7700000e+02		2.7800000e+02		2.7750000e+02		1.5837296e+02		2.1986177e+01		5.1762780e+01		3.8426120e+01		3.7311043e+01		1.1150770e+00
2.7800000e+02		2.7900000e+02		2.7850000e+02		1.0921797e+02		1.5329755e+01		3.6058214e+01		2.6809173e+01		2.5977553e+01		8.3161975e-01
2.7900000e+02		2.8000000e+02		2.7950000e+02		6.1368404e+01		8.7066532e+00		2.0461824e+01		1.5236421e+01		1.4731954e+01		5.0446638e-01
2.8000000e+02		2.8100000e+02		2.8050000e+02		6.7313201e+01		9.6548052e+00		2.2671682e+01		1.6907198e+01		1.6310505e+01		5.9669353e-01
2.8100000e+02		2.8200000e+02		2.8150000e+02		1.3943196e+02		2.0209805e+01		4.7421143e+01		3.5415934e+01		3.4085629e+01		1.3303049e+00
2.8200000e+02		2.8300000e+02		2.8250000e+02		1.8983287e+02		2.7802762e+01		6.5191527e+01		4.8758244e+01		4.6810757e+01		1.9474869e+00
2.8300000e+02		2.8400000e+02		2.8350000e+02		1.9610227e+02		2.9005628e+01		6.7967349e+01		5.0906910e+01		4.8748525e+01		2.1583852e+00
2.8400000e+02		2.8500000e+02		2.8450000e+02		1.4459284e+02		2.1607410e+01		5.0600934e+01		3.7952987e+01		3.6246629e+01		1.7063578e+00
2.8500000e+02		2.8600000e+02		2.8550000e+02		9.2944992e+01		1.4026342e+01		3.2829156e+01		2.4657486e+01		2.3483560e+01		1.1739265e+00
2.8600000e+02		2.8700000e+02		2.8650000e+02		1.9045522e+02		2.9018232e+01		6.7884163e+01		5.1056508e+01		4.8485099e+01		2.5714088e+00
2.8700000e+02		2.8800000e+02		2.8750000e+02		2.2108403e+02		3.4012708e+01		7.9532038e+01		5.9897615e+01		5.6710646e+01		3.1869699e+00
2.8800000e+02		2.8900000e+02		2.8850000e+02		2.1010240e+02		3.2632275e+01		7.6273486e+01		5.7519875e+01		5.4290106e+01		3.2297687e+00
2.8900000e+02		2.9000000e+02		2.8950000e+02		3.1885068e+02		3.9167521e+01		9.3753994e+01		6.9096688e+01		6.5034730e+01		4.0619578e+00
2.9000000e+02		2.9100000e+02		2.9050000e+02		4.1860542e+02		4.0275680e+01		9.9061343e+01		7.1090055e+01		6.6788950e+01		4.3011057e+00
2.9100000e+02		2.9200000e+02		2.9150000e+02		4.0318642e+02		4.1364701e+01		1.0110332e+02		7.3092142e+01		6.8416549e+01		4.6755926e+00
2.9200000e+02		2.9300000e+02		2.9250000e+02		3.5818014e+02		3.9167848e+01		9.5142698e+01		6.9288217e+01		6.4608953e+01		4.6792638e+00
2.9300000e+02		2.9400000e+02		2.9350000e+02		3.7393440e+02		4.3625873e+01		1.0532475e+02		7.7263818e+01		7.1763221e+01		5.5005970e+00
2.9400000e+02		2.9500000e+02		2.9450000e+02		3.4819581e+02		4.3335657e+01		1.0399334e+02		7.6840840e+01		7.1082635e+01		5.7582050e+00
2.9500000e+02		2.9600000e+02		2.9550000e+02		3.7701055e+02		4.8914460e+01		1.1697387e+02		8.6834782e+01		8.0006021e+01		6.8287606e+00
2.9600000e+02		2.9700000e+02		2.9650000e+02		3.4493460e+02		4.5515926e+01		1.0874750e+02		8.0895715e+01		7.4237101e+01		6.6586145e+00
2.9700000e+02		2.9800000e+02		2.9750000e+02		3.5165811e+02		4.7220137e+01		1.1272083e+02		8.4025088e+01		7.6792380e+01		7.2327089e+00
2.9800000e+02		2.9900000e+02		2.9850000e+02		3.0223333e+02		4.1263877e+01		9.8421152e+01		7.3516359e+01		6.6904907e+01		6.6114525e+00
2.9900000e+02		3.0000000e+02		2.9950000e+02		3.4101318e+02		4.7369059e+01		1.1289395e+02		8.4499646e+01		7.6566694e+01		7.9329517e+00
3.0000000e+02		3.0100000e+02		3.0050000e+02		2.7131061e+02		3.8308666e+01		9.1233246e+01		6.8425100e+01		6.1725348e+01		6.6997519e+00
3.0100000e+02		3.0200000e+02		3.0150000e+02		3.1202593e+02		4.4813349e+01		1.0665032e+02		8.0148994e+01		7.1970469e+01		8.1785256e+00
3.0200000e+02		3.0300000e+02		3.0250000e+02		3.2846528e+02		4.7928684e+01		1.1399032e+02		8.5835971e+01		7.6716567e+01		9.1194037e+00
3.0300000e+02		3.0400000e+02		3.0350000e+02		4.2601061e+02		6.3214425e+01		1.5025228e+02		1.1336731e+02		1.0083535e+02		1.2531961e+01
3.0400000e+02		3.0500000e+02		3.0450000e+02		4.0776836e+02		6.1462619e+01		1.4600437e+02		1.1037999e+02		9.7696443e+01		1.2683545e+01
3.0500000e+02		3.0600000e+02		3.0550000e+02		4.1174793e+02		6.3010032e+01		1.4962087e+02		1.1332092e+02		9.9794516e+01		1.3526406e+01
3.0600000e+02		3.0700000e+02		3.0650000e+02		3.9053943e+02		6.0528729e+01		1.4369804e+02		1.0901600e+02		9.5512804e+01		1.3503193e+01
3.0700000e+02		3.0800000e+02		3.0750000e+02		4.3847484e+02		6.8879989e+01		1.6349477e+02		1.2424092e+02		1.0828056e+02		1.5960362e+01
3.0800000e+02		3.0900000e+02		3.0850000e+02		4.3035211e+02		6.8470688e+01		1.6249936e+02		1.2368811e+02		1.0722308e+02		1.6465030e+01
3.0900000e+02		3.1000000e+02		3.0950000e+02		3.4901328e+02		5.6261910e+01		1.3350937e+02		1.0178933e+02		8.7757025e+01		1.4032302e+01
3.1000000e+02		3.1100000e+02		3.1050000e+02		4.3927411e+02		6.8819071e+01		1.6400912e+02		1.2468637e+02		1.0694494e+02		1.7741430e+01
3.1100000e+02		3.1200000e+02		3.1150000e+02		5.2246540e+02		7.6424274e+01		1.8373287e+02		1.3864284e+02		1.1836745e+02		2.0275387e+01
3.1200000e+02		3.1300000e+02		3.1250000e+02		4.6521908e+02		6.3610045e+01		1.5428433e+02		1.1553785e+02		9.8204469e+01		1.7333379e+01
3.1300000e+02		3.1400000e+02		3.1350000e+02		4.9544367e+02		6.3384594e+01		1.5511814e+02		1.1526338e+02		9.7554934e+01		1.7708446e+01
3.1400000e+02		3.1500000e+02		3.1450000e+02		4.6729179e+02		5.5997703e+01		1.3828448e+02		1.0194495e+02		8.5930264e+01		1.6014689e+01
3.1500000e+02		3.1600000e+02		3.1550000e+02		4.5343123e+02		5.3435623e+01		1.3241638e+02		9.7418905e+01		8.1689962e+01		1.5728942e+01
3.1600000e+02		3.1700000e+02		3.1650000e+02		4.4229406e+02		5.3797998e+01		1.3302923e+02		9.8253996e+01		8.1854481e+01		1.6399515e+01
3.1700000e+02		3.1800000e+02		3.1750000e+02		5.6102832e+02		7.0428300e+01		1.7378378e+02		1.2885851e+02		1.0664032e+02		2.2218187e+01
3.1800000e+02		3.1900000e+02		3.1850000e+02		4.6340678e+02		6.0042811e+01		1.4784797e+02		1.1005746e+02		9.0466913e+01		1.9590551e+01
3.1900000e+02		3.2000000e+02		3.1950000e+02		4.9774832e+02		6.6565221e+01		1.6357004e+02		1.2223844e+02		9.9790801e+01		2.2447639e+01
3.2000000e+02		3.2100000e+02		3.2050000e+02		5.7184857e+02		7.8320924e+01		1.9223592e+02		1.4408727e+02		1.1683156e+02		2.7255710e+01
3.2100000e+02		3.2200000e+02		3.2150000e+02		4.8024660e+02		6.6836237e+01		1.6400899e+02		1.2317774e+02		9.9211124e+01		2.3966620e+01
3.2200000e+02		3.2300000e+02		3.2250000e+02		4.8228681e+02		6.8198000e+01		1.6731468e+02		1.2591318e+02		1.0072853e+02		2.5184656e+01
3.2300000e+02		3.2400000e+02		3.2350000e+02		4.6607071e+02		6.6961826e+01		1.6425025e+02		1.2385538e+02		9.8401407e+01		2.5453971e+01
3.2400000e+02		3.2500000e+02		3.2450000e+02		5.4882129e+02		8.0108768e+01		1.9646375e+02		1.4844382e+02		1.1711529e+02		3.1328527e+01
3.2500000e+02		3.2600000e+02		3.2550000e+02		6.3196128e+02		9.0086765e+01		2.2190257e+02		1.6719096e+02		1.3112748e+02		3.6063478e+01
3.2600000e+02		3.2700000e+02		3.2650000e+02		7.1301257e+02		9.5475059e+01		2.3729295e+02		1.7740331e+02		1.3849659e+02		3.8906719e+01
3.2700000e+02		3.2800000e+02		3.2750000e+02		6.8984049e+02		8.6823884e+01		2.1775017e+02		1.6151164e+02		1.2553818e+02		3.5973458e+01
3.2800000e+02		3.2900000e+02		3.2850000e+02		6.6596082e+02		7.8828739e+01		1.9950748e+02		1.4679692e+02		1.1362525e+02		3.3171666e+01
3.2900000e+02		3.3000000e+02		3.2950000e+02		7.7527139e+02		8.6347801e+01		2.2055251e+02		1.6096370e+02		1.2409590e+02		3.6867796e+01
3.3000000e+02		3.3100000e+02		3.3050000e+02		7.3029799e+02		8.3229569e+01		2.1237098e+02		1.5545610e+02		1.1893309e+02		3.6523009e+01
3.3100000e+02		3.3200000e+02		3.3150000e+02		6.9881652e+02		8.8681733e+01		2.2375557e+02		1.6612585e+02		1.2563861e+02		4.0487238e+01
3.3200000e+02		3.3300000e+02		3.3250000e+02		6.8562051e+02		9.7025488e+01		2.4208416e+02		1.8228203e+02		1.3628519e+02		4.5996840e+01
3.3300000e+02		3.3400000e+02		3.3350000e+02		6.5878216e+02		1.0413207e+02		2.5693265e+02		1.9618577e+02		1.4503362e+02		5.1152147e+01
3.3400000e+02		3.3500000e+02		3.3450000e+02		6.9405546e+02		1.2276394e+02		2.9955029e+02		2.3191944e+02		1.6957487e+02		6.2344574e+01
3.3500000e+02		3.3600000e+02		3.3550000e+02		6.8541663e+02		1.2970507e+02		3.1462525e+02		2.4560034e+02		1.7789445e+02		6.7705885e+01
3.3600000e+02		3.3700000e+02		3.3650000e+02		5.6469084e+02		1.0913753e+02		2.6455666e+02		2.0706922e+02		1.4876087e+02		5.8308354e+01
3.3700000e+02		3.3800000e+02		3.3750000e+02		5.9573781e+02		1.1759149e+02		2.8485912e+02		2.2355735e+02		1.5928337e+02		6.4273981e+01
3.3800000e+02		3.3900000e+02		3.3850000e+02		6.4448401e+02		1.2992411e+02		3.1452509e+02		2.4750079e+02		1.7487790e+02		7.2622889e+01
3.3900000e+02		3.4000000e+02		3.3950000e+02		6.7448220e+02		1.3886846e+02		3.3595501e+02		2.6507291e+02		1.8572599e+02		7.9346916e+01
3.4000000e+02		3.4100000e+02		3.4050000e+02		7.1196374e+02		1.4770874e+02		3.5764004e+02		2.8249449e+02		1.9632749e+02		8.6166992e+01
3.4100000e+02		3.4200000e+02		3.4150000e+02		6.4984945e+02		1.3403879e+02		3.2530262e+02		2.5682791e+02		1.7709235e+02		7.9735556e+01
3.4200000e+02		3.4300000e+02		3.4250000e+02		7.0477558e+02		1.4452009e+02		3.5156677e+02		2.7742549e+02		1.8979118e+02		8.7634306e+01
3.4300000e+02		3.4400000e+02		3.4350000e+02		6.9264465e+02		1.4120088e+02		3.4430617e+02		2.7155661e+02		1.8430971e+02		8.7246899e+01
3.4400000e+02		3.4500000e+02		3.4450000e+02		5.5710877e+02		1.1290317e+02		2.7596017e+02		2.1753651e+02		1.4647541e+02		7.1061102e+01
3.4500000e+02		3.4600000e+02		3.4550000e+02		6.7138909e+02		1.3683913e+02		3.3482233e+02		2.6416471e+02		1.7639129e+02		8.7773420e+01
3.4600000e+02		3.4700000e+02		3.4650000e+02		6.5194093e+02		1.3519091e+02		3.3070611e+02		2.6150923e+02		1.7309149e+02		8.8417745e+01
3.4700000e+02		3.4800000e+02		3.4750000e+02		6.4525828e+02		1.3613490e+02		3.3293086e+02		2.6386608e+02		1.7311498e+02		9.0751097e+01
3.4800000e+02		3.4900000e+02		3.4850000e+02		6.6761091e+02		1.4330121e+02		3.5036711e+02		2.7831576e+02		1.8097899e+02		9.7336774e+01
3.4900000e+02		3.5000000e+02		3.4950000e+02		6.3989005e+02		1.3973860e+02		3.4156819e+02		2.7194248e+02		1.7526080e+02		9.6681686e+01
3.5000000e+02		3.5100000e+02		3.5050000e+02		7.6650484e+02		1.7317211e+02		4.2237679e+02		3.3772009e+02		2.1560066e+02		1.2211943e+02
3.5100000e+02		3.5200000e+02		3.5150000e+02		7.1211510e+02		1.6525948e+02		4.0253145e+02		3.2298854e+02		2.0418732e+02		1.1880122e+02
3.5200000e+02		3.5300000e+02		3.5250000e+02		6.5785102e+02		1.5337300e+02		3.7401016e+02		3.0033346e+02		1.8821435e+02		1.1211911e+02
3.5300000e+02		3.5400000e+02		3.5350000e+02		7.5263834e+02		1.7627678e+02		4.3035937e+02		3.4584558e+02		2.1484278e+02		1.3100280e+02
3.5400000e+02		3.5500000e+02		3.5450000e+02		8.0329241e+02		1.8899586e+02		4.6194524e+02		3.7150934e+02		2.2876024e+02		1.4274910e+02
3.5500000e+02		3.5600000e+02		3.5550000e+02		7.5433512e+02		1.7827702e+02		4.3625040e+02		3.5110822e+02		2.1429273e+02		1.3681550e+02
3.5600000e+02		3.5700000e+02		3.5650000e+02		6.5576441e+02		1.5567325e+02		3.8137900e+02		3.0717474e+02		1.8581961e+02		1.2135514e+02
3.5700000e+02		3.5800000e+02		3.5750000e+02		5.7307986e+02		1.3664674e+02		3.3515387e+02		2.7014329e+02		1.6196618e+02		1.0817711e+02
3.5800000e+02		3.5900000e+02		3.5850000e+02		4.9194729e+02		1.1781585e+02		2.8930143e+02		2.3335622e+02		1.3866241e+02		9.4693812e+01
3.5900000e+02		3.6000000e+02		3.5950000e+02		7.1030971e+02		1.7085082e+02		4.2001555e+02		3.3903981e+02		1.9965716e+02		1.3938265e+02
3.6000000e+02		3.6100000e+02		3.6050000e+02		7.0092701e+02		1.6932051e+02		4.1673383e+02		3.3663421e+02		1.9645969e+02		1.4017452e+02
3.6100000e+02		3.6200000e+02		3.6150000e+02		6.5110481e+02		1.5795691e+02		3.8921353e+02		3.1462937e+02		1.8196262e+02		1.3266675e+02
3.6200000e+02		3.6300000e+02		3.6250000e+02		7.3500056e+02		1.7906467e+02		4.4173158e+02		3.5733806e+02		2.0479400e+02		1.5254407e+02
3.6300000e+02		3.6400000e+02		3.6350000e+02		7.1558904e+02		1.7506694e+02		4.3236536e+02		3.5000874e+02		1.9877404e+02		1.5123470e+02
3.6400000e+02		3.6500000e+02		3.6450000e+02		7.4837927e+02		1.8385029e+02		4.5457770e+02		3.6824849e+02		2.0723010e+02		1.6101839e+02
3.6500000e+02		3.6600000e+02		3.6550000e+02		8.5179486e+02		2.1011820e+02		5.2011970e+02		4.2163695e+02		2.3510963e+02		1.8652732e+02
3.6600000e+02		3.6700000e+02		3.6650000e+02		9.1042532e+02		2.2549828e+02		5.5882685e+02		4.5332830e+02		2.5046886e+02		2.0285943e+02
3.6700000e+02		3.6800000e+02		3.6750000e+02		8.7909512e+02		2.1861969e+02		5.4239570e+02		4.4030101e+02		2.4104022e+02		1.9926079e+02
3.6800000e+02		3.6900000e+02		3.6850000e+02		8.1047729e+02		2.0236395e+02		5.0263347e+02		4.0830098e+02		2.2146722e+02		1.8683376e+02
3.6900000e+02		3.7000000e+02		3.6950000e+02		8.9967825e+02		2.2552927e+02		5.6080355e+02		4.5586162e+02		2.4498642e+02		2.1087521e+02
3.7000000e+02		3.7100000e+02		3.7050000e+02		8.4427990e+02		2.1247614e+02		5.2893924e+02		4.3024817e+02		2.2908631e+02		2.0116186e+02
3.7100000e+02		3.7200000e+02		3.7150000e+02		8.7164560e+02		2.2021990e+02		5.4883026e+02		4.4672469e+02		2.3565824e+02		2.1106645e+02
3.7200000e+02		3.7300000e+02		3.7250000e+02		7.2411383e+02		1.8365436e+02		4.5821214e+02		3.7321138e+02		1.9505282e+02		1.7815856e+02
3.7300000e+02		3.7400000e+02		3.7350000e+02		6.3155746e+02		1.6079408e+02		4.0162171e+02		3.2733282e+02		1.6948610e+02		1.5784672e+02
3.7400000e+02		3.7500000e+02		3.7450000e+02		6.4642322e+02		1.6520458e+02		4.1309393e+02		3.3690154e+02		1.7281746e+02		1.6408409e+02
3.7500000e+02		3.7600000e+02		3.7550000e+02		7.4036161e+02		1.8992505e+02		4.7542972e+02		3.8798957e+02		1.9716874e+02		1.9082083e+02
3.7600000e+02		3.7700000e+02		3.7650000e+02		7.6758018e+02		1.9764271e+02		4.9529040e+02		4.0445565e+02		2.0361786e+02		2.0083779e+02
3.7700000e+02		3.7800000e+02		3.7750000e+02		9.0048278e+02		2.3272157e+02		5.8383269e+02		4.7706155e+02		2.3792520e+02		2.3913634e+02
3.7800000e+02		3.7900000e+02		3.7850000e+02		9.3786543e+02		2.4327170e+02		6.1096106e+02		4.9954232e+02		2.4680497e+02		2.5273736e+02
3.7900000e+02		3.8000000e+02		3.7950000e+02		7.6051322e+02		1.9798553e+02		4.9776349e+02		4.0724177e+02		1.9931697e+02		2.0792480e+02
3.8000000e+02		3.8100000e+02		3.8050000e+02		8.2814537e+02		2.1636886e+02		5.4456462e+02		4.4580709e+02		2.1614465e+02		2.2966244e+02
3.8100000e+02		3.8200000e+02		3.8150000e+02		7.4366886e+02		1.9499132e+02		4.9128373e+02		4.0243521e+02		1.9328342e+02		2.0915179e+02
3.8200000e+02		3.8300000e+02		3.8250000e+02		5.3336093e+02		1.4034291e+02		3.5397072e+02		2.9013141e+02		1.3803538e+02		1.5209603e+02
3.8300000e+02		3.8400000e+02		3.8350000e+02		4.7073026e+02		1.2429717e+02		3.1383045e+02		2.5738552e+02		1.2130342e+02		1.3608209e+02
3.8400000e+02		3.8500000e+02		3.8450000e+02		6.2969557e+02		1.6684992e+02		4.2171015e+02		3.4606883e+02		1.6156273e+02		1.8450609e+02
3.8500000e+02		3.8600000e+02		3.8550000e+02		6.6694888e+02		1.7732935e+02		4.4866280e+02		3.6840515e+02		1.7036918e+02		1.9803596e+02
3.8600000e+02		3.8700000e+02		3.8650000e+02		6.6977732e+02		1.7868899e+02		4.5256997e+02		3.7183167e+02		1.7033174e+02		2.0149993e+02
3.8700000e+02		3.8800000e+02		3.8750000e+02		6.6902499e+02		1.7909178e+02		4.5405577e+02		3.7326966e+02		1.6937655e+02		2.0389311e+02
3.8800000e+02		3.8900000e+02		3.8850000e+02		6.7841027e+02		1.8221264e+02		4.6243925e+02		3.8038103e+02		1.7097344e+02		2.0940759e+02
3.8900000e+02		3.9000000e+02		3.8950000e+02		8.1451188e+02		2.1949428e+02		5.5762090e+02		4.5893557e+02		2.0433315e+02		2.5460242e+02
3.9000000e+02		3.9100000e+02		3.9050000e+02		8.5560997e+02		2.3132809e+02		5.8827565e+02		4.8443992e+02		2.1364986e+02		2.7079006e+02
3.9100000e+02		3.9200000e+02		3.9150000e+02		9.2006232e+02		2.4956499e+02		6.3528674e+02		5.2344743e+02		2.2867044e+02		2.9477698e+02
3.9200000e+02		3.9300000e+02		3.9250000e+02		7.0614281e+02		1.9215871e+02		4.8963986e+02		4.0366599e+02		1.7467564e+02		2.2899035e+02
3.9300000e+02		3.9400000e+02		3.9350000e+02		4.3291589e+02		1.1818424e+02		3.0144196e+02		2.4865035e+02		1.0657901e+02		1.4207135e+02
3.9400000e+02		3.9500000e+02		3.9450000e+02		7.1565803e+02		1.9599163e+02		5.0038703e+02		4.1298027e+02		1.7534110e+02		2.3763917e+02
3.9500000e+02		3.9600000e+02		3.9550000e+02		8.7888136e+02		2.4144919e+02		6.1704311e+02		5.0953563e+02		2.1428932e+02		2.9524631e+02
3.9600000e+02		3.9700000e+02		3.9650000e+02		6.0712893e+02		1.6728466e+02		4.2792448e+02		3.5353586e+02		1.4732583e+02		2.0621003e+02
3.9700000e+02		3.9800000e+02		3.9750000e+02		6.8053003e+02		1.8806359e+02		4.8154500e+02		3.9803805e+02		1.6431185e+02		2.3372620e+02
3.9800000e+02		3.9900000e+02		3.9850000e+02		1.0480559e+03		2.9038810e+02		7.4429515e+02		6.1550790e+02		2.5170547e+02		3.6380243e+02
3.9900000e+02		4.0000000e+02		3.9950000e+02		1.1577145e+03		3.2157902e+02		8.2506828e+02		6.8261318e+02		2.7652472e+02		4.0608846e+02
4.0000000e+02		4.0100000e+02		4.0050000e+02		1.1939713e+03		3.3301631e+02		8.5509797e+02		7.0794505e+02		2.8400637e+02		4.2393868e+02
4.0100000e+02		4.0200000e+02		4.0150000e+02		1.2509583e+03		3.4999706e+02		8.9952898e+02		7.4515332e+02		2.9601069e+02		4.4914263e+02
4.0200000e+02		4.0300000e+02		4.0250000e+02		1.2664199e+03		3.5536836e+02		9.1417328e+02		7.5767066e+02		2.9813847e+02		4.5953219e+02
4.0300000e+02		4.0400000e+02		4.0350000e+02		1.2115903e+03		3.4097669e+02		8.7795093e+02		7.2801723e+02		2.8376345e+02		4.4425379e+02
4.0400000e+02		4.0500000e+02		4.0450000e+02		1.1914959e+03		3.3629300e+02		8.6667439e+02		7.1902644e+02		2.7761220e+02		4.4141424e+02
4.0500000e+02		4.0600000e+02		4.0550000e+02		1.1904731e+03		3.3696891e+02		8.6919525e+02		7.2147578e+02		2.7592825e+02		4.4554753e+02
4.0600000e+02		4.0700000e+02		4.0650000e+02		1.1388815e+03		3.2328270e+02		8.3463411e+02		6.9312904e+02		2.6258582e+02		4.3054322e+02
4.0700000e+02		4.0800000e+02		4.0750000e+02		1.1575323e+03		3.2950312e+02		8.5144408e+02		7.0743364e+02		2.6547757e+02		4.4195607e+02
4.0800000e+02		4.0900000e+02		4.0850000e+02		1.2307397e+03		3.5132091e+02		9.0861590e+02		7.5530017e+02		2.8076892e+02		4.7453125e+02
4.0900000e+02		4.1000000e+02		4.0950000e+02		1.2243097e+03		3.5045273e+02		9.0715670e+02		7.5444802e+02		2.7781049e+02		4.7663753e+02
4.1000000e+02		4.1100000e+02		4.1050000e+02		1.1216634e+03		3.2195130e+02		8.3409663e+02		6.9401560e+02		2.5315185e+02		4.4086374e+02
4.1100000e+02		4.1200000e+02		4.1150000e+02		1.3003372e+03		3.7425040e+02		9.7041744e+02		8.0782152e+02		2.9189236e+02		5.1592916e+02
4.1200000e+02		4.1300000e+02		4.1250000e+02		1.2760342e+03		3.6824474e+02		9.5565208e+02		7.9590038e+02		2.8488164e+02		5.1101874e+02
4.1300000e+02		4.1400000e+02		4.1350000e+02		1.2308584e+03		3.5615550e+02		9.2505311e+02		7.7077176e+02		2.7329591e+02		4.9747584e+02
4.1400000e+02		4.1500000e+02		4.1450000e+02		1.2488872e+03		3.6232773e+02		9.4186612e+02		7.8513920e+02		2.7577756e+02		5.0936165e+02
4.1500000e+02		4.1600000e+02		4.1550000e+02		1.2477523e+03		3.6294690e+02		9.4425245e+02		7.8748472e+02		2.7400770e+02		5.1347702e+02
4.1600000e+02		4.1700000e+02		4.1650000e+02		1.2947363e+03		3.7759065e+02		9.8315165e+02		8.2029269e+02		2.8275120e+02		5.3754149e+02
4.1700000e+02		4.1800000e+02		4.1750000e+02		1.1781342e+03		3.4446735e+02		8.9763222e+02		7.4927033e+02		2.5585775e+02		4.9341258e+02
4.1800000e+02		4.1900000e+02		4.1850000e+02		1.2217101e+03		3.5809565e+02		9.3389270e+02		7.7985697e+02		2.6387513e+02		5.1598183e+02
4.1900000e+02		4.2000000e+02		4.1950000e+02		1.2338424e+03		3.6258990e+02		9.4636566e+02		7.9064262e+02		2.6495840e+02		5.2568422e+02
4.2000000e+02		4.2100000e+02		4.2050000e+02		1.2494927e+03		3.6810946e+02		9.6152826e+02		8.0365868e+02		2.6680283e+02		5.3685585e+02
4.2100000e+02		4.2200000e+02		4.2150000e+02		1.2299982e+03		3.6326488e+02		9.4961415e+02		7.9404033e+02		2.6115187e+02		5.3288846e+02
4.2200000e+02		4.2300000e+02		4.2250000e+02		1.1657134e+03		3.4512516e+02		9.0289241e+02		7.5529297e+02		2.4609460e+02		5.0919838e+02
4.2300000e+02		4.2400000e+02		4.2350000e+02		1.2419943e+03		3.6860448e+02		9.6505607e+02		8.0763349e+02		2.6070026e+02		5.4693322e+02
4.2400000e+02		4.2500000e+02		4.2450000e+02		1.2850442e+03		3.8230117e+02		1.0016756e+03		8.3862821e+02		2.6818944e+02		5.7043877e+02
4.2500000e+02		4.2600000e+02		4.2550000e+02		1.2367256e+03		3.6880597e+02		9.6704318e+02		8.0996674e+02		2.5661914e+02		5.5334759e+02
4.2600000e+02		4.2700000e+02		4.2650000e+02		1.2316584e+03		3.6816495e+02		9.6608167e+02		8.0949169e+02		2.5409063e+02		5.5540106e+02
4.2700000e+02		4.2800000e+02		4.2750000e+02		1.1420512e+03		3.4218105e+02		8.9856158e+02		7.5322021e+02		2.3423804e+02		5.1898217e+02
4.2800000e+02		4.2900000e+02		4.2850000e+02		1.1495483e+03		3.4522843e+02		9.0722696e+02		7.6078858e+02		2.3440321e+02		5.2638537e+02
4.2900000e+02		4.3000000e+02		4.2950000e+02		1.0698649e+03		3.2203867e+02		8.4689967e+02		7.1048068e+02		2.1688073e+02		4.9359995e+02
4.3000000e+02		4.3100000e+02		4.3050000e+02		8.6065012e+02		2.5965480e+02		6.8333223e+02		5.7348605e+02		1.7344659e+02		4.0003946e+02
4.3100000e+02		4.3200000e+02		4.3150000e+02		1.0641754e+03		3.2178407e+02		8.4743966e+02		7.1148995e+02		2.1320191e+02		4.9828803e+02
4.3200000e+02		4.3300000e+02		4.3250000e+02		1.1990384e+03		3.6337671e+02		9.5765066e+02		8.0433048e+02		2.3880396e+02		5.6552652e+02
4.3300000e+02		4.3400000e+02		4.3350000e+02		1.3017454e+03		3.9537923e+02		1.0427178e+03		8.7611286e+02		2.5772528e+02		6.1838757e+02
4.3400000e+02		4.3500000e+02		4.3450000e+02		1.1054356e+03		3.3649319e+02		8.8803333e+02		7.4642607e+02		2.1756005e+02		5.2886602e+02
4.3500000e+02		4.3600000e+02		4.3550000e+02		1.2347447e+03		3.7667460e+02		9.9475591e+02		8.3644382e+02		2.4156277e+02		5.9488105e+02
4.3600000e+02		4.3700000e+02		4.3650000e+02		1.3814970e+03		4.2235419e+02		1.1161470e+03		9.3886426e+02		2.6865967e+02		6.7020458e+02
4.3700000e+02		4.3800000e+02		4.3750000e+02		1.2223713e+03		3.7450635e+02		9.9036517e+02		8.3336724e+02		2.3629149e+02		5.9707575e+02
4.3800000e+02		4.3900000e+02		4.3850000e+02		1.1905029e+03		3.6551669e+02		9.6723542e+02		8.1420053e+02		2.2874980e+02		5.8545073e+02
4.3900000e+02		4.4000000e+02		4.3950000e+02		1.3250738e+03		4.0768704e+02		1.0795379e+03		9.0906022e+02		2.5307851e+02		6.5598172e+02
4.4000000e+02		4.4100000e+02		4.4050000e+02		1.2562739e+03		3.8731398e+02		1.0262595e+03		8.6449310e+02		2.3850995e+02		6.2598316e+02
4.4100000e+02		4.4200000e+02		4.4150000e+02		1.3817384e+03		4.2629814e+02		1.1304702e+03		9.5240475e+02		2.6051128e+02		6.9189348e+02
4.4200000e+02		4.4300000e+02		4.4250000e+02		1.4526378e+03		4.4878572e+02		1.1909708e+03		1.0036312e+03		2.7205151e+02		7.3157967e+02
4.4300000e+02		4.4400000e+02		4.4350000e+02		1.4050936e+03		4.3493465e+02		1.1549603e+03		9.7360973e+02		2.6152498e+02		7.1208475e+02
4.4400000e+02		4.4500000e+02		4.4450000e+02		1.4475318e+03		4.4800026e+02		1.1907432e+03		1.0038142e+03		2.6724500e+02		7.3656921e+02
4.4500000e+02		4.4600000e+02		4.4550000e+02		1.3420773e+03		4.1622403e+02		1.1069615e+03		9.3351352e+02		2.4628269e+02		6.8723083e+02
4.4600000e+02		4.4700000e+02		4.4650000e+02		1.3689269e+03		4.2661745e+02		1.1348703e+03		9.5776166e+02		2.5033920e+02		7.0742246e+02
4.4700000e+02		4.4800000e+02		4.4750000e+02		1.4837056e+03		4.6359100e+02		1.2338742e+03		1.0417608e+03		2.6981826e+02		7.7194251e+02
4.4800000e+02		4.4900000e+02		4.4850000e+02		1.4587166e+03		4.5692517e+02		1.2167812e+03		1.0277615e+03		2.6375089e+02		7.6401061e+02
4.4900000e+02		4.5000000e+02		4.4950000e+02		1.4737837e+03		4.6258900e+02		1.2325928e+03		1.0414991e+03		2.6479208e+02		7.7670706e+02
4.5000000e+02		4.5100000e+02		4.5050000e+02		1.5636828e+03		4.9174730e+02		1.3110631e+03		1.1081713e+03		2.7919755e+02		8.2897379e+02
4.5100000e+02		4.5200000e+02		4.5150000e+02		1.5589734e+03		4.9119017e+02		1.3103458e+03		1.1079211e+03		2.7663674e+02		8.3128437e+02
4.5200000e+02		4.5300000e+02		4.5250000e+02		1.4757889e+03		4.6584929e+02		1.2434658e+03		1.0517077e+03		2.6025474e+02		7.9145299e+02
4.5300000e+02		4.5400000e+02		4.5350000e+02		1.4141855e+03		4.4722952e+02		1.1944516e+03		1.0105709e+03		2.4784452e+02		7.6272635e+02
4.5400000e+02		4.5500000e+02		4.5450000e+02		1.5096596e+03		4.7829816e+02		1.2781566e+03		1.0817277e+03		2.6293352e+02		8.1879420e+02
4.5500000e+02		4.5600000e+02		4.5550000e+02		1.4952815e+03		4.7460358e+02		1.2689988e+03		1.0743097e+03		2.5880903e+02		8.1550063e+02
4.5600000e+02		4.5700000e+02		4.5650000e+02		1.5527317e+03		4.9372567e+02		1.3208648e+03		1.1185612e+03		2.6707797e+02		8.5148319e+02
4.5700000e+02		4.5800000e+02		4.5750000e+02		1.5677329e+03		4.9938503e+02		1.3367441e+03		1.1323520e+03		2.6797525e+02		8.6437679e+02
4.5800000e+02		4.5900000e+02		4.5850000e+02		1.4734199e+03		4.7017238e+02		1.2592374e+03		1.0670171e+03		2.5027996e+02		8.1673716e+02
4.5900000e+02		4.6000000e+02		4.5950000e+02		1.5222067e+03		4.8659138e+02		1.3039181e+03		1.1052065e+03		2.5694854e+02		8.4825796e+02
4.6000000e+02		4.6100000e+02		4.6050000e+02		1.5039223e+03		4.8158118e+02		1.2911851e+03		1.0947368e+03		2.5227086e+02		8.4246599e+02
4.6100000e+02		4.6200000e+02		4.6150000e+02		1.5386000e+03		4.9353315e+02		1.3239335e+03		1.1228307e+03		2.5646785e+02		8.6636282e+02
4.6200000e+02		4.6300000e+02		4.6250000e+02		1.5538294e+03		4.9926797e+02		1.3400227e+03		1.1368048e+03		2.5737856e+02		8.7942623e+02
4.6300000e+02		4.6400000e+02		4.6350000e+02		1.5018384e+03		4.8337780e+02		1.2980502e+03		1.1015132e+03		2.4720114e+02		8.5431211e+02
4.6400000e+02		4.6500000e+02		4.6450000e+02		1.5281564e+03		4.9267195e+02		1.3236915e+03		1.1235911e+03		2.4994810e+02		8.7364303e+02
4.6500000e+02		4.6600000e+02		4.6550000e+02		1.4760608e+03		4.7666610e+02		1.2813423e+03		1.0879497e+03		2.3990414e+02		8.4804557e+02
4.6600000e+02		4.6700000e+02		4.6650000e+02		1.4854121e+03		4.8047461e+02		1.2922338e+03		1.0975030e+03		2.3989926e+02		8.5760378e+02
4.6700000e+02		4.6800000e+02		4.6750000e+02		1.4997486e+03		4.8572656e+02		1.3070583e+03		1.1103107e+03		2.4071065e+02		8.6960004e+02
4.6800000e+02		4.6900000e+02		4.6850000e+02		1.4665907e+03		4.7581784e+02		1.2810086e+03		1.0885030e+03		2.3391927e+02		8.5458377e+02
4.6900000e+02		4.7000000e+02		4.6950000e+02		1.5086728e+03		4.9007919e+02		1.3201127e+03		1.1219725e+03		2.3904484e+02		8.8292768e+02
4.7000000e+02		4.7100000e+02		4.7050000e+02		1.4256243e+03		4.6372391e+02		1.2497682e+03		1.0624332e+03		2.2440858e+02		8.3802465e+02
4.7100000e+02		4.7200000e+02		4.7150000e+02		1.4904926e+03		4.8544570e+02		1.3089911e+03		1.1130275e+03		2.3307246e+02		8.7995505e+02
4.7200000e+02		4.7300000e+02		4.7250000e+02		1.5269264e+03		4.9809306e+02		1.3437331e+03		1.1428713e+03		2.3725581e+02		9.0561554e+02
4.7300000e+02		4.7400000e+02		4.7350000e+02		1.4995420e+03		4.8953899e+02		1.3214175e+03		1.1240599e+03		2.3135987e+02		8.9270002e+02
4.7400000e+02		4.7500000e+02		4.7450000e+02		1.5448084e+03		5.0566208e+02		1.3653687e+03		1.1619386e+03		2.3706537e+02		9.2487318e+02
4.7500000e+02		4.7600000e+02		4.7550000e+02		1.5413846e+03		5.0565303e+02		1.3658600e+03		1.1627860e+03		2.3512263e+02		9.2766339e+02
4.7600000e+02		4.7700000e+02		4.7650000e+02		1.4853490e+03		4.8802572e+02		1.3188518e+03		1.1230753e+03		2.2508514e+02		8.9799020e+02
4.7700000e+02		4.7800000e+02		4.7750000e+02		1.5508368e+03		5.1030085e+02		1.3796749e+03		1.1751643e+03		2.3350995e+02		9.4165440e+02
4.7800000e+02		4.7900000e+02		4.7850000e+02		1.5358791e+03		5.0612453e+02		1.3689990e+03		1.1663607e+03		2.2978175e+02		9.3657892e+02
4.7900000e+02		4.8000000e+02		4.7950000e+02		1.5403519e+03		5.0834055e+02		1.3756054e+03		1.1722776e+03		2.2897905e+02		9.4329858e+02
4.8000000e+02		4.8100000e+02		4.8050000e+02		1.5442750e+03		5.1037364e+02		1.3817161e+03		1.1777723e+03		2.2809507e+02		9.4967719e+02
4.8100000e+02		4.8200000e+02		4.8150000e+02		1.5475498e+03		5.1219040e+02		1.3872401e+03		1.1827665e+03		2.2711695e+02		9.5564956e+02
4.8200000e+02		4.8300000e+02		4.8250000e+02		1.5416562e+03		5.1096597e+02		1.3845223e+03		1.1807317e+03		2.2480425e+02		9.5592744e+02
4.8300000e+02		4.8400000e+02		4.8350000e+02		1.5183412e+03		5.0390192e+02		1.3659694e+03		1.1651483e+03		2.2004389e+02		9.4510446e+02
4.8400000e+02		4.8500000e+02		4.8450000e+02		1.4920771e+03		4.9569699e+02		1.3443593e+03		1.1469157e+03		2.1481057e+02		9.3210514e+02
4.8500000e+02		4.8600000e+02		4.8550000e+02		1.4021236e+03		4.6606041e+02		1.2646598e+03		1.0790368e+03		2.0042134e+02		8.7861545e+02
4.8600000e+02		4.8700000e+02		4.8650000e+02		1.2173217e+03		4.0551710e+02		1.1007121e+03		9.3948162e+02		1.7300936e+02		7.6647226e+02
4.8700000e+02		4.8800000e+02		4.8750000e+02		1.3927585e+03		4.6430402e+02		1.2609040e+03		1.0763565e+03		1.9657133e+02		8.7978515e+02
4.8800000e+02		4.8900000e+02		4.8850000e+02		1.4651201e+03		4.8909839e+02		1.3287751e+03		1.1345546e+03		2.0546222e+02		9.2909238e+02
4.8900000e+02		4.9000000e+02		4.8950000e+02		1.4372192e+03		4.8048045e+02		1.3058690e+03		1.1152651e+03		2.0027602e+02		9.1498906e+02
4.9000000e+02		4.9100000e+02		4.9050000e+02		1.5307557e+03		5.1262339e+02		1.3937141e+03		1.1906197e+03		2.1200814e+02		9.7861152e+02
4.9100000e+02		4.9200000e+02		4.9150000e+02		1.4425606e+03		4.8368480e+02		1.3155710e+03		1.1240977e+03		1.9849752e+02		9.2560018e+02
4.9200000e+02		4.9300000e+02		4.9250000e+02		1.3729411e+03		4.6122076e+02		1.2548650e+03		1.0725653e+03		1.8777215e+02		8.8479318e+02
4.9300000e+02		4.9400000e+02		4.9350000e+02		1.4509629e+03		4.8808235e+02		1.3284628e+03		1.1357348e+03		1.9713850e+02		9.3859626e+02
4.9400000e+02		4.9500000e+02		4.9450000e+02		1.4929449e+03		5.0285761e+02		1.3692053e+03		1.1708280e+03		2.0151626e+02		9.6931170e+02
4.9500000e+02		4.9600000e+02		4.9550000e+02		1.4663156e+03		4.9451412e+02		1.3470000e+03		1.1520838e+03		1.9664926e+02		9.5543449e+02
4.9600000e+02		4.9700000e+02		4.9650000e+02		1.4846220e+03		5.0131681e+02		1.3660448e+03		1.1686177e+03		1.9782390e+02		9.7079381e+02
4.9700000e+02		4.9800000e+02		4.9750000e+02		1.5123203e+03		5.1130550e+02		1.3937834e+03		1.1925952e+03		2.0021853e+02		9.9237667e+02
4.9800000e+02		4.9900000e+02		4.9850000e+02		1.3744029e+03		4.6522531e+02		1.2686404e+03		1.0857161e+03		1.8083316e+02		9.0488296e+02
4.9900000e+02		5.0000000e+02		4.9950000e+02		1.4721832e+03		4.9864539e+02		1.3603737e+03		1.1643504e+03		1.9239382e+02		9.7195654e+02
