Left Bin Edge (nm)	Right Bin Edge (nm)	Bin Center (nm)		Top of Atm Intensity (erg/s/nm/cm2)		Total Surface Flux (erg/s/nm/cm2)		Total Intensity at BOA (erg/s/nm/cm2)		Total Surface Intensity (erg/s/nm/cm2)		Total Surface Diffuse Intensity (erg/s/nm/cm2)		Total Surface Direct Intensity (erg/s/nm/cm2)
1.0000000e+02		1.0100000e+02		1.0050000e+02		4.4569042e-02		2.4525372e-199		0.0000000e+00		4.2479191e-199		4.2479191e-199		0.0000000e+00
1.0100000e+02		1.0200000e+02		1.0150000e+02		1.7387199e-01		2.8780736e-197		0.0000000e+00		4.9849697e-197		4.9849697e-197		0.0000000e+00
1.0200000e+02		1.0300000e+02		1.0250000e+02		9.2286085e-01		3.0760914e-195		0.0000000e+00		5.3279466e-195		5.3279466e-195		0.0000000e+00
1.0300000e+02		1.0400000e+02		1.0350000e+02		7.0094286e-01		3.0025215e-193		0.0000000e+00		5.2005197e-193		5.2005197e-193		0.0000000e+00
1.0400000e+02		1.0500000e+02		1.0450000e+02		1.4124828e-01		2.6834650e-191		0.0000000e+00		4.6478978e-191		4.6478978e-191		0.0000000e+00
1.0500000e+02		1.0600000e+02		1.0550000e+02		4.8389941e-02		2.2015017e-189		0.0000000e+00		3.8131128e-189		3.8131128e-189		0.0000000e+00
1.0600000e+02		1.0700000e+02		1.0650000e+02		4.5487167e-02		1.6618995e-187		0.0000000e+00		2.8784944e-187		2.8784944e-187		0.0000000e+00
1.0700000e+02		1.0800000e+02		1.0750000e+02		5.0757295e-02		1.1570799e-185		0.0000000e+00		2.0041212e-185		2.0041212e-185		0.0000000e+00
1.0800000e+02		1.0900000e+02		1.0850000e+02		7.1152114e-02		7.4467720e-184		0.0000000e+00		1.2898187e-183		1.2898187e-183		0.0000000e+00
1.0900000e+02		1.1000000e+02		1.0950000e+02		5.5817450e-02		4.4397208e-182		0.0000000e+00		7.6898219e-182		7.6898219e-182		0.0000000e+00
1.1000000e+02		1.1100000e+02		1.1050000e+02		5.4043772e-02		2.4571432e-180		0.0000000e+00		4.2558968e-180		4.2558968e-180		0.0000000e+00
1.1100000e+02		1.1200000e+02		1.1150000e+02		5.0797691e-02		1.2649209e-178		0.0000000e+00		2.1909072e-178		2.1909072e-178		0.0000000e+00
1.1200000e+02		1.1300000e+02		1.1250000e+02		5.1969037e-02		6.0686751e-177		0.0000000e+00		1.0511254e-176		1.0511254e-176		0.0000000e+00
1.1300000e+02		1.1400000e+02		1.1350000e+02		4.1221387e-02		2.7185194e-175		0.0000000e+00		4.7086138e-175		4.7086138e-175		0.0000000e+00
1.1400000e+02		1.1500000e+02		1.1450000e+02		3.1562600e-02		1.1390983e-173		0.0000000e+00		1.9729761e-173		1.9729761e-173		0.0000000e+00
1.1500000e+02		1.1600000e+02		1.1550000e+02		4.3552050e-02		4.4723381e-172		0.0000000e+00		7.7463168e-172		7.7463168e-172		0.0000000e+00
1.1600000e+02		1.1700000e+02		1.1650000e+02		1.0143732e-01		1.6480949e-170		0.0000000e+00		2.8545841e-170		2.8545841e-170		0.0000000e+00
1.1700000e+02		1.1800000e+02		1.1750000e+02		3.6108525e-01		5.7096417e-169		0.0000000e+00		9.8893895e-169		9.8893895e-169		0.0000000e+00
1.1800000e+02		1.1900000e+02		1.1850000e+02		1.2283927e-01		1.8624917e-167		0.0000000e+00		3.2259303e-167		3.2259303e-167		0.0000000e+00
1.1900000e+02		1.2000000e+02		1.1950000e+02		1.7115732e-01		5.7292299e-166		0.0000000e+00		9.9233173e-166		9.9233173e-166		0.0000000e+00
1.2000000e+02		1.2100000e+02		1.2050000e+02		9.3056497e-01		1.6643714e-164		0.0000000e+00		2.8827758e-164		2.8827758e-164		0.0000000e+00
1.2100000e+02		1.2200000e+02		1.2150000e+02		3.6941242e+01		4.5727003e-163		0.0000000e+00		7.9201492e-163		7.9201492e-163		0.0000000e+00
1.2200000e+02		1.2300000e+02		1.2250000e+02		2.4773856e-01		1.1897473e-161		0.0000000e+00		2.0607029e-161		2.0607029e-161		0.0000000e+00
1.2300000e+02		1.2400000e+02		1.2350000e+02		1.3344721e-01		2.9354435e-160		3.0638615e-161		5.0843373e-160		5.0843373e-160		0.0000000e+00
1.2400000e+02		1.2500000e+02		1.2450000e+02		1.0726631e-01		6.8768162e-159		7.3864183e-160		1.1910995e-158		1.1910995e-158		0.0000000e+00
1.2500000e+02		1.2600000e+02		1.2550000e+02		1.0471361e-01		1.5315577e-157		1.6906493e-158		2.6527357e-157		2.6527357e-157		0.0000000e+00
1.2600000e+02		1.2700000e+02		1.2650000e+02		1.4644878e-01		3.2466451e-156		3.6813105e-157		5.6233543e-156		5.6233543e-156		0.0000000e+00
1.2700000e+02		1.2800000e+02		1.2750000e+02		7.6659940e-02		6.5583833e-155		7.6355493e-156		1.1359453e-154		1.1359453e-154		0.0000000e+00
1.2800000e+02		1.2900000e+02		1.2850000e+02		6.1165494e-02		1.2638899e-153		1.5102765e-154		2.1891215e-153		2.1891215e-153		0.0000000e+00
1.2900000e+02		1.3000000e+02		1.2950000e+02		8.1594975e-02		2.3261993e-152		2.8518619e-153		4.0290953e-152		4.0290953e-152		0.0000000e+00
1.3000000e+02		1.3100000e+02		1.3050000e+02		6.7007791e-01		4.0932669e-151		5.1465689e-152		7.0897462e-151		7.0897462e-151		0.0000000e+00
1.3100000e+02		1.3200000e+02		1.3150000e+02		9.0731094e-02		6.8932626e-150		8.8853818e-151		1.1939481e-149		1.1939481e-149		0.0000000e+00
1.3200000e+02		1.3300000e+02		1.3250000e+02		7.0547730e-02		1.1121001e-148		1.4690635e-149		1.9262138e-148		1.9262138e-148		0.0000000e+00
1.3300000e+02		1.3400000e+02		1.3350000e+02		9.5357088e-01		1.7204695e-147		2.3282604e-148		2.9799405e-147		2.9799405e-147		0.0000000e+00
1.3400000e+02		1.3500000e+02		1.3450000e+02		6.5246966e-02		2.5547080e-146		3.5404873e-147		4.4248840e-146		4.4248840e-146		0.0000000e+00
1.3500000e+02		1.3600000e+02		1.3550000e+02		1.3692679e-01		3.6443651e-145		5.1705512e-146		6.3122256e-145		6.3122256e-145		0.0000000e+00
1.3600000e+02		1.3700000e+02		1.3650000e+02		8.9861989e-02		4.9988791e-144		7.2581761e-145		8.6583126e-144		8.6583126e-144		0.0000000e+00
1.3700000e+02		1.3800000e+02		1.3750000e+02		9.2282630e-02		6.5988122e-143		9.8021052e-144		1.1429478e-142		1.1429478e-142		0.0000000e+00
1.3800000e+02		1.3900000e+02		1.3850000e+02		9.4180145e-02		8.3900195e-142		1.2746032e-142		1.4531940e-141		1.4531940e-141		0.0000000e+00
1.3900000e+02		1.4000000e+02		1.3950000e+02		3.1801144e-01		1.0282904e-140		1.5971108e-141		1.7810512e-140		1.7810512e-140		0.0000000e+00
1.4000000e+02		1.4100000e+02		1.4050000e+02		2.7729440e-01		1.2158089e-139		1.9299731e-140		2.1058428e-139		2.1058428e-139		0.0000000e+00
1.4100000e+02		1.4200000e+02		1.4150000e+02		1.3359910e-01		1.3878519e-138		2.2509214e-139		2.4038300e-138		2.4038300e-138		0.0000000e+00
1.4200000e+02		1.4300000e+02		1.4250000e+02		1.4479671e-01		1.5306345e-137		2.5356421e-138		2.6511366e-137		2.6511366e-137		0.0000000e+00
1.4300000e+02		1.4400000e+02		1.4350000e+02		1.6064305e-01		1.6321639e-136		2.7608704e-137		2.8269908e-136		2.8269908e-136		0.0000000e+00
1.4400000e+02		1.4500000e+02		1.4450000e+02		1.5363637e-01		1.6839315e-135		2.9076964e-136		2.9166549e-135		2.9166549e-135		0.0000000e+00
1.4500000e+02		1.4600000e+02		1.4550000e+02		1.6382583e-01		1.6820916e-134		2.9641195e-135		2.9134682e-134		2.9134682e-134		0.0000000e+00
1.4600000e+02		1.4700000e+02		1.4650000e+02		1.9977093e-01		1.6278993e-133		2.9267010e-134		2.8196044e-133		2.8196044e-133		0.0000000e+00
1.4700000e+02		1.4800000e+02		1.4750000e+02		2.4643334e-01		1.5273497e-132		2.8007602e-133		2.6454473e-132		2.6454473e-132		0.0000000e+00
1.4800000e+02		1.4900000e+02		1.4850000e+02		2.4167300e-01		1.3901296e-131		2.5993234e-132		2.4077751e-131		2.4077751e-131		0.0000000e+00
1.4900000e+02		1.5000000e+02		1.4950000e+02		2.1832777e-01		1.2281270e-130		2.3410129e-131		2.1271783e-130		2.1271783e-130		0.0000000e+00
1.5000000e+02		1.5100000e+02		1.5050000e+02		2.4023073e-01		1.0538062e-129		2.0472393e-130		1.8252460e-129		1.8252460e-129		0.0000000e+00
1.5100000e+02		1.5200000e+02		1.5150000e+02		2.5258505e-01		8.7873789e-129		1.7394285e-129		1.5220187e-128		1.5220187e-128		0.0000000e+00
1.5200000e+02		1.5300000e+02		1.5250000e+02		3.2229547e-01		7.1249849e-128		1.4366962e-128		1.2340836e-127		1.2340836e-127		0.0000000e+00
1.5300000e+02		1.5400000e+02		1.5350000e+02		3.5701286e-01		5.6204766e-127		1.1542043e-127		9.7349511e-127		9.7349511e-127		0.0000000e+00
1.5400000e+02		1.5500000e+02		1.5450000e+02		9.5486931e-01		4.3157797e-126		9.0239181e-127		7.4751498e-126		7.4751498e-126		0.0000000e+00
1.5500000e+02		1.5600000e+02		1.5550000e+02		7.8587524e-01		3.2275182e-125		6.8695878e-126		5.5902255e-125		5.5902255e-125		0.0000000e+00
1.5600000e+02		1.5700000e+02		1.5650000e+02		4.6648084e-01		2.3519168e-124		5.0946401e-125		4.0736394e-124		4.0736394e-124		0.0000000e+00
1.5700000e+02		1.5800000e+02		1.5750000e+02		4.2309893e-01		1.6708372e-123		3.6826121e-124		2.8939749e-123		2.8939749e-123		0.0000000e+00
1.5800000e+02		1.5900000e+02		1.5850000e+02		3.9008072e-01		1.1577498e-122		2.5958055e-123		2.0052814e-122		2.0052814e-122		0.0000000e+00
1.5900000e+02		1.6000000e+02		1.5950000e+02		3.8042347e-01		7.8283074e-122		1.7851316e-122		1.3559026e-121		1.3559026e-121		0.0000000e+00
1.6000000e+02		1.6100000e+02		1.6050000e+02		4.1635449e-01		5.1676479e-121		1.1982508e-121		8.9506286e-121		8.9506286e-121		0.0000000e+00
1.6100000e+02		1.6200000e+02		1.6150000e+02		4.7164413e-01		3.3318391e-120		7.8541985e-121		5.7709147e-120		5.7709147e-120		0.0000000e+00
1.6200000e+02		1.6300000e+02		1.6250000e+02		5.2241459e-01		2.0990879e-119		5.0295053e-120		3.6357268e-119		3.6357268e-119		0.0000000e+00
1.6300000e+02		1.6400000e+02		1.6350000e+02		1.1072121e+00		1.2927590e-118		3.1477642e-119		2.2391242e-118		2.2391242e-118		0.0000000e+00
1.6400000e+02		1.6500000e+02		1.6450000e+02		1.1323318e+00		7.7861927e-118		1.9262593e-118		1.3486081e-117		1.3486081e-117		0.0000000e+00
1.6500000e+02		1.6600000e+02		1.6550000e+02		1.3255566e+00		4.5880620e-117		1.1530340e-117		7.9467565e-117		7.9467565e-117		0.0000000e+00
1.6600000e+02		1.6700000e+02		1.6650000e+02		6.2522883e-01		2.6460722e-116		6.7539304e-117		4.5831315e-116		4.5831315e-116		0.0000000e+00
1.6700000e+02		1.6800000e+02		1.6750000e+02		6.6723830e-01		1.4942043e-115		3.8728169e-116		2.5880378e-115		2.5880378e-115		0.0000000e+00
1.6800000e+02		1.6900000e+02		1.6850000e+02		7.1904320e-01		8.2645229e-115		2.1747969e-115		1.4314574e-114		1.4314574e-114		0.0000000e+00
1.6900000e+02		1.7000000e+02		1.6950000e+02		9.0554889e-01		4.4790393e-114		1.1964436e-114		7.7579236e-114		7.7579236e-114		0.0000000e+00
1.7000000e+02		1.7100000e+02		1.7050000e+02		1.0161854e+00		2.3793985e-113		6.4506865e-114		4.1212391e-113		4.1212391e-113		0.0000000e+00
1.7100000e+02		1.7200000e+02		1.7150000e+02		1.0130704e+00		1.2394160e-112		3.4096809e-113		2.1467315e-112		2.1467315e-112		0.0000000e+00
1.7200000e+02		1.7300000e+02		1.7250000e+02		1.0571150e+00		6.3326195e-112		1.7675262e-112		1.0968419e-111		1.0968419e-111		0.0000000e+00
1.7300000e+02		1.7400000e+02		1.7350000e+02		1.0479596e+00		3.1747643e-111		8.9889441e-112		5.4988530e-111		5.4988530e-111		0.0000000e+00
1.7400000e+02		1.7500000e+02		1.7450000e+02		1.2530722e+00		1.5622244e-110		4.4862643e-111		2.7058521e-110		2.7058521e-110		0.0000000e+00
1.7500000e+02		1.7600000e+02		1.7550000e+02		1.4954862e+00		7.5477590e-110		2.1980352e-110		1.3073102e-109		1.3073102e-109		0.0000000e+00
1.7600000e+02		1.7700000e+02		1.7650000e+02		1.6135596e+00		3.5815485e-109		1.0575397e-109		6.2034240e-109		6.2034240e-109		0.0000000e+00
1.7700000e+02		1.7800000e+02		1.7750000e+02		1.9010195e+00		1.6696842e-108		4.9981252e-109		2.8919779e-108		2.8919779e-108		0.0000000e+00
1.7800000e+02		1.7900000e+02		1.7850000e+02		2.0776624e+00		7.6495861e-108		2.3211387e-108		1.3249472e-107		1.3249472e-107		0.0000000e+00
1.7900000e+02		1.8000000e+02		1.7950000e+02		2.0198657e+00		3.4451470e-107		1.0595403e-107		5.9671697e-107		5.9671697e-107		0.0000000e+00
1.8000000e+02		1.8100000e+02		1.8050000e+02		2.4976225e+00		1.5256919e-106		4.7555158e-107		2.6425760e-106		2.6425760e-106		0.0000000e+00
1.8100000e+02		1.8200000e+02		1.8150000e+02		3.0410490e+00		6.6456167e-106		2.0993416e-106		1.1510546e-105		1.1510546e-105		0.0000000e+00
1.8200000e+02		1.8300000e+02		1.8250000e+02		2.8073836e+00		2.8479225e-105		9.1191664e-106		4.9327465e-105		4.9327465e-105		0.0000000e+00
1.8300000e+02		1.8400000e+02		1.8350000e+02		2.9562417e+00		1.2010453e-104		3.8990753e-105		2.0802715e-104		2.0802715e-104		0.0000000e+00
1.8400000e+02		1.8500000e+02		1.8450000e+02		2.5409769e+00		4.9859091e-104		1.6412301e-104		8.6358480e-104		8.6358480e-104		0.0000000e+00
1.8500000e+02		1.8600000e+02		1.8550000e+02		2.8735562e+00		2.0378624e-103		6.8081293e-104		3.5296811e-103		3.5296811e-103		0.0000000e+00
1.8600000e+02		1.8700000e+02		1.8650000e+02		3.2604304e+00		8.2027887e-103		2.7834051e-103		1.4207647e-102		1.4207647e-102		0.0000000e+00
1.8700000e+02		1.8800000e+02		1.8750000e+02		3.6946466e+00		3.2523211e-102		1.1224970e-102		5.6331854e-102		5.6331854e-102		0.0000000e+00
1.8800000e+02		1.8900000e+02		1.8850000e+02		3.8870616e+00		1.2704108e-101		4.4709301e-102		2.2004161e-101		2.2004161e-101		0.0000000e+00
1.8900000e+02		1.9000000e+02		1.8950000e+02		4.3106081e+00		4.8895555e-101		1.7617084e-101		8.4689586e-101		8.4689586e-101		0.0000000e+00
1.9000000e+02		1.9100000e+02		1.9050000e+02		4.4384288e+00		1.8545815e-100		6.8709273e-101		3.2122294e-100		3.2122294e-100		0.0000000e+00
1.9100000e+02		1.9200000e+02		1.9150000e+02		4.8094361e+00		6.9336295e-100		2.6522388e-100		1.2009398e-99		1.2009398e-99		1.3966544e-312
1.9200000e+02		1.9300000e+02		1.9250000e+02		5.0365493e+00		2.5548541e-99		1.0171294e-99		4.4251371e-99		4.4251371e-99		1.8189269e-216
1.9300000e+02		1.9400000e+02		1.9350000e+02		3.8447944e+00		9.2831829e-99		3.4108335e-99		1.6078944e-98		1.6078944e-98		1.1727710e-156
1.9400000e+02		1.9500000e+02		1.9450000e+02		6.1679797e+00		3.3281820e-98		5.8637661e-91		5.7645803e-98		5.7645803e-98		3.2814025e-123
1.9500000e+02		1.9600000e+02		1.9550000e+02		5.9528271e+00		1.4734677e-97		1.2057228e-81		2.4889438e-97		2.0799461e-97		4.0899771e-98
1.9600000e+02		1.9700000e+02		1.9650000e+02		6.5508102e+00		7.4351592e-85		8.5328449e-71		1.1294448e-84		1.0423275e-85		1.0252120e-84
1.9700000e+02		1.9800000e+02		1.9750000e+02		6.5190955e+00		-1.7386852e-69		nan		-3.0114923e-69		-3.0114993e-69		7.0431057e-75
1.9800000e+02		1.9900000e+02		1.9850000e+02		6.3883794e+00		2.1375751e-39		5.3568137e-33		3.2997209e-39		6.9291829e-40		2.6068026e-39
1.9900000e+02		2.0000000e+02		1.9950000e+02		6.7274707e+00		2.1950480e-05		9.5598334e-05		3.8013763e-05		3.7977615e-05		3.6147224e-08
2.0000000e+02		2.0100000e+02		2.0050000e+02		7.1125146e+00		7.9826238e-04		2.9568233e-03		1.3825317e-03		1.3818891e-03		6.4263485e-07
2.0100000e+02		2.0200000e+02		2.0150000e+02		7.5701275e+00		1.0065894e-01		3.1438082e-01		1.7434406e-01		1.7432894e-01		1.5121213e-05
2.0200000e+02		2.0300000e+02		2.0250000e+02		7.4828608e+00		1.8460025e-01		5.6490755e-01		3.1973308e-01		3.1970761e-01		2.5470382e-05
2.0300000e+02		2.0400000e+02		2.0350000e+02		8.0092047e+00		5.6242633e-01		1.6756905e+00		9.7414291e-01		9.7409068e-01		5.2232784e-05
2.0400000e+02		2.0500000e+02		2.0450000e+02		8.6207445e+00		9.5720974e-01		2.8155810e+00		1.6579230e+00		1.6578394e+00		8.3588173e-05
2.0500000e+02		2.0600000e+02		2.0550000e+02		8.6400754e+00		9.6548522e-01		2.8242287e+00		1.6722528e+00		1.6721449e+00		1.0785696e-04
2.0600000e+02		2.0700000e+02		2.0650000e+02		8.6510225e+00		9.9165490e-01		2.8848020e+00		1.7175752e+00		1.7174365e+00		1.3874054e-04
2.0700000e+02		2.0800000e+02		2.0750000e+02		9.3957826e+00		1.1061650e+00		3.2004742e+00		1.9159043e+00		1.9157119e+00		1.9233297e-04
2.0800000e+02		2.0900000e+02		2.0850000e+02		1.0163489e+01		1.2085258e+00		3.4782304e+00		2.0931876e+00		2.0929250e+00		2.6259986e-04
2.0900000e+02		2.1000000e+02		2.0950000e+02		1.3129215e+01		1.6097394e+00		4.6085866e+00		2.7880844e+00		2.7876565e+00		4.2787120e-04
2.1000000e+02		2.1100000e+02		2.1050000e+02		1.6183343e+01		2.0020714e+00		5.7026732e+00		3.4675878e+00		3.4669307e+00		6.5711295e-04
2.1100000e+02		2.1200000e+02		2.1150000e+02		1.8424170e+01		2.3364277e+00		6.6213514e+00		4.0466678e+00		4.0457371e+00		9.3067142e-04
2.1200000e+02		2.1300000e+02		2.1250000e+02		1.6428561e+01		2.1249351e+00		5.9921260e+00		3.6803373e+00		3.6793123e+00		1.0249657e-03
2.1300000e+02		2.1400000e+02		2.1350000e+02		1.6737981e+01		2.1979242e+00		6.1678568e+00		3.8067186e+00		3.8054375e+00		1.2810276e-03
2.1400000e+02		2.1500000e+02		2.1450000e+02		2.1432541e+01		2.8822122e+00		8.0491876e+00		4.9918280e+00		4.9898217e+00		2.0062701e-03
2.1500000e+02		2.1600000e+02		2.1550000e+02		1.8408135e+01		2.5072087e+00		6.9690920e+00		4.3422902e+00		4.3402008e+00		2.0894020e-03
2.1600000e+02		2.1700000e+02		2.1650000e+02		1.7036901e+01		2.3702573e+00		6.5578027e+00		4.1050448e+00		4.1027058e+00		2.3389447e-03
2.1700000e+02		2.1800000e+02		2.1750000e+02		1.7640866e+01		2.4922789e+00		6.8640584e+00		4.3163042e+00		4.3133945e+00		2.9096298e-03
2.1800000e+02		2.1900000e+02		2.1850000e+02		2.3730294e+01		3.4110724e+00		9.3524485e+00		5.9074274e+00		5.9027448e+00		4.6826628e-03
2.1900000e+02		2.2000000e+02		2.1950000e+02		2.5052511e+01		3.6655587e+00		1.0005883e+01		6.3480244e+00		6.3421363e+00		5.8880410e-03
2.2000000e+02		2.2100000e+02		2.2050000e+02		2.5203754e+01		3.7396259e+00		1.0163951e+01		6.4761384e+00		6.4691232e+00		7.0151872e-03
2.2100000e+02		2.2200000e+02		2.2150000e+02		2.0176768e+01		3.0482762e+00		8.2495492e+00		5.2787450e+00		5.2721140e+00		6.6310409e-03
2.2200000e+02		2.2300000e+02		2.2250000e+02		2.7154039e+01		4.1628980e+00		1.1218879e+01		7.2087319e+00		7.1982510e+00		1.0480860e-02
2.2300000e+02		2.2400000e+02		2.2350000e+02		3.5163062e+01		5.4821152e+00		1.4713105e+01		9.4928480e+00		9.4769611e+00		1.5886912e-02
2.2400000e+02		2.2500000e+02		2.2450000e+02		3.2875934e+01		5.1976135e+00		1.3893014e+01		8.9998581e+00		8.9825572e+00		1.7300968e-02
2.2500000e+02		2.2600000e+02		2.2550000e+02		2.8720078e+01		4.6112906e+00		1.2276543e+01		7.9842791e+00		7.9667322e+00		1.7546874e-02
2.2600000e+02		2.2700000e+02		2.2650000e+02		2.1037217e+01		3.4267819e+00		9.0871957e+00		5.9330649e+00		5.9182046e+00		1.4860299e-02
2.2700000e+02		2.2800000e+02		2.2750000e+02		2.0463841e+01		3.3819496e+00		8.9336053e+00		5.8551361e+00		5.8384822e+00		1.6653857e-02
2.2800000e+02		2.2900000e+02		2.2850000e+02		2.8509984e+01		4.7808849e+00		1.2580833e+01		8.2766207e+00		8.2499823e+00		2.6638413e-02
2.2900000e+02		2.3000000e+02		2.2950000e+02		2.5620938e+01		4.3574018e+00		1.1423424e+01		7.5430108e+00		7.5156229e+00		2.7387839e-02
2.3000000e+02		2.3100000e+02		2.3050000e+02		2.9055844e+01		5.0087739e+00		1.3082569e+01		8.6699814e+00		8.6345728e+00		3.5408548e-02
2.3100000e+02		2.3200000e+02		2.3150000e+02		2.7387429e+01		4.7858640e+00		1.2454853e+01		8.2835005e+00		8.2455695e+00		3.7931021e-02
2.3200000e+02		2.3300000e+02		2.3250000e+02		2.9413108e+01		5.2087123e+00		1.3506687e+01		9.0146260e+00		8.9684783e+00		4.6147630e-02
2.3300000e+02		2.3400000e+02		2.3350000e+02		2.6543685e+01		4.7629633e+00		1.2307186e+01		8.2424290e+00		8.1953939e+00		4.7035117e-02
2.3400000e+02		2.3500000e+02		2.3450000e+02		2.3194371e+01		4.2163706e+00		1.0856897e+01		7.2958191e+00		7.2495380e+00		4.6281086e-02
2.3500000e+02		2.3600000e+02		2.3550000e+02		3.1223226e+01		5.7491441e+00		1.4752894e+01		9.9470041e+00		9.8770506e+00		6.9953578e-02
2.3600000e+02		2.3700000e+02		2.3650000e+02		2.8911473e+01		5.3917243e+00		1.3788907e+01		9.3275367e+00		9.2550062e+00		7.2530524e-02
2.3700000e+02		2.3800000e+02		2.3750000e+02		3.0878004e+01		5.8307231e+00		1.4861862e+01		1.0085748e+01		9.9992507e+00		8.6496973e-02
2.3800000e+02		2.3900000e+02		2.3850000e+02		2.5598090e+01		4.8946007e+00		1.2434739e+01		8.4653597e+00		8.3854892e+00		7.9870473e-02
2.3900000e+02		2.4000000e+02		2.3950000e+02		2.7890834e+01		5.3986000e+00		1.3670631e+01		9.3357165e+00		9.2390435e+00		9.6672983e-02
2.4000000e+02		2.4100000e+02		2.4050000e+02		2.5623038e+01		5.0207052e+00		1.2672988e+01		8.6809126e+00		8.5824857e+00		9.8426950e-02
2.4100000e+02		2.4200000e+02		2.4150000e+02		3.0005079e+01		5.9515225e+00		1.4975028e+01		1.0288654e+01		1.0161213e+01		1.2744039e-01
2.4200000e+02		2.4300000e+02		2.4250000e+02		4.1301739e+01		8.2913872e+00		2.0797440e+01		1.4331214e+01		1.4137714e+01		1.9349992e-01
2.4300000e+02		2.4400000e+02		2.4350000e+02		3.8791639e+01		7.8808318e+00		1.9706762e+01		1.3619105e+01		1.3419086e+01		2.0001854e-01
2.4400000e+02		2.4500000e+02		2.4450000e+02		3.6329084e+01		7.4698978e+00		1.8622389e+01		1.2906461e+01		1.2700711e+01		2.0574973e-01
2.4500000e+02		2.4600000e+02		2.4550000e+02		2.9476122e+01		6.1303116e+00		1.5236920e+01		1.0589760e+01		1.0406869e+01		1.8289162e-01
2.4600000e+02		2.4700000e+02		2.4650000e+02		2.8685918e+01		6.0393456e+00		1.4966301e+01		1.0430372e+01		1.0235631e+01		1.9474122e-01
2.4700000e+02		2.4800000e+02		2.4750000e+02		3.1678139e+01		6.7462964e+00		1.6669228e+01		1.1648675e+01		1.1413976e+01		2.3469834e-01
2.4800000e+02		2.4900000e+02		2.4850000e+02		2.5406301e+01		5.4754576e+00		1.3489978e+01		9.4520868e+00		9.2469705e+00		2.0511633e-01
2.4900000e+02		2.5000000e+02		2.4950000e+02		3.0967514e+01		6.7496567e+00		1.6581658e+01		1.1648764e+01		1.1376962e+01		2.7180138e-01
2.5000000e+02		2.5100000e+02		2.5050000e+02		3.3448743e+01		7.3778480e+00		1.8073658e+01		1.2729567e+01		1.2410789e+01		3.1877781e-01
2.5100000e+02		2.5200000e+02		2.5150000e+02		2.7888154e+01		6.2226362e+00		1.5201092e+01		1.0733434e+01		1.0445430e+01		2.8800440e-01
2.5200000e+02		2.5300000e+02		2.5250000e+02		2.5069906e+01		5.6587379e+00		1.3785342e+01		9.7579589e+00		9.4778830e+00		2.8007581e-01
2.5300000e+02		2.5400000e+02		2.5350000e+02		3.1592540e+01		7.2140891e+00		1.7526312e+01		1.2436283e+01		1.2055065e+01		3.8121749e-01
2.5400000e+02		2.5500000e+02		2.5450000e+02		3.5730773e+01		8.2552160e+00		2.0001460e+01		1.4226623e+01		1.3761608e+01		4.6501577e-01
2.5500000e+02		2.5600000e+02		2.5550000e+02		4.8755658e+01		1.1386367e+01		2.7514085e+01		1.9616302e+01		1.8933544e+01		6.8275747e-01
2.5600000e+02		2.5700000e+02		2.5650000e+02		6.2803876e+01		1.4851431e+01		3.5792134e+01		2.5577262e+01		2.4630979e+01		9.4628307e-01
2.5700000e+02		2.5800000e+02		2.5750000e+02		7.8843355e+01		1.8855922e+01		4.5324034e+01		3.2462452e+01		3.1187351e+01		1.2751011e+00
2.5800000e+02		2.5900000e+02		2.5850000e+02		8.2991293e+01		2.0062780e+01		4.8099973e+01		3.4527643e+01		3.3089736e+01		1.4379073e+00
2.5900000e+02		2.6000000e+02		2.5950000e+02		7.0629481e+01		1.7284989e+01		4.1334068e+01		2.9735978e+01		2.8425018e+01		1.3109603e+00
2.6000000e+02		2.6100000e+02		2.6050000e+02		5.7868388e+01		1.4316083e+01		3.4147529e+01		2.4618902e+01		2.3471221e+01		1.1476816e+00
2.6100000e+02		2.6200000e+02		2.6150000e+02		5.9092703e+01		1.4790938e+01		3.5191552e+01		2.5425323e+01		2.4173718e+01		1.2516047e+00
2.6200000e+02		2.6300000e+02		2.6250000e+02		7.0528613e+01		1.7852014e+01		4.2368993e+01		3.0674592e+01		2.9082008e+01		1.5925843e+00
2.6300000e+02		2.6400000e+02		2.6350000e+02		1.0614195e+02		2.7187472e+01		6.4366358e+01		4.6695627e+01		4.4141993e+01		2.5536347e+00
2.6400000e+02		2.6500000e+02		2.6450000e+02		1.6548208e+02		4.2833573e+01		1.0116115e+02		7.3536247e+01		6.9304445e+01		4.2318018e+00
2.6500000e+02		2.6600000e+02		2.6550000e+02		1.7356948e+02		4.5449268e+01		1.0707950e+02		7.7991844e+01		7.3275032e+01		4.7168116e+00
2.6600000e+02		2.6700000e+02		2.6650000e+02		1.6826276e+02		4.4551966e+01		1.0471437e+02		7.6416815e+01		7.1564978e+01		4.8518371e+00
2.6700000e+02		2.6800000e+02		2.6750000e+02		1.6940220e+02		4.5358800e+01		1.0635818e+02		7.7763961e+01		7.2586293e+01		5.1776686e+00
2.6800000e+02		2.6900000e+02		2.6850000e+02		1.6778062e+02		4.5434429e+01		1.0628556e+02		7.7855920e+01		7.2425549e+01		5.4303708e+00
2.6900000e+02		2.7000000e+02		2.6950000e+02		1.5737310e+02		4.3073651e+01		1.0052868e+02		7.3773928e+01		6.8388842e+01		5.3850858e+00
2.7000000e+02		2.7100000e+02		2.7050000e+02		1.8181465e+02		5.0308161e+01		1.1714280e+02		8.6121060e+01		7.9548631e+01		6.5724290e+00
2.7100000e+02		2.7200000e+02		2.7150000e+02		1.5108640e+02		4.2264097e+01		9.8187670e+01		7.2313197e+01		6.6549116e+01		5.7640810e+00
2.7200000e+02		2.7300000e+02		2.7250000e+02		1.2154404e+02		3.4355694e+01		7.9634501e+01		5.8750932e+01		5.3863997e+01		4.8869359e+00
2.7300000e+02		2.7400000e+02		2.7350000e+02		1.2960124e+02		3.7024325e+01		8.5628073e+01		6.3280326e+01		5.7792547e+01		5.4877790e+00
2.7400000e+02		2.7500000e+02		2.7450000e+02		8.9183780e+01		2.5760553e+01		5.9445571e+01		4.4004655e+01		4.0030169e+01		3.9744857e+00
2.7500000e+02		2.7600000e+02		2.7550000e+02		1.1893609e+02		3.4697105e+01		7.9891680e+01		5.9236980e+01		5.3668395e+01		5.5685849e+00
2.7600000e+02		2.7700000e+02		2.7650000e+02		1.6564211e+02		4.8823813e+01		1.1217414e+02		8.3307478e+01		7.5164401e+01		8.1430771e+00
2.7700000e+02		2.7800000e+02		2.7750000e+02		1.5837296e+02		4.7152838e+01		1.0810115e+02		8.0409651e+01		7.2243172e+01		8.1664789e+00
2.7800000e+02		2.7900000e+02		2.7850000e+02		1.0921797e+02		3.2844638e+01		7.5137508e+01		5.5976926e+01		5.0075020e+01		5.9019064e+00
2.7900000e+02		2.8000000e+02		2.7950000e+02		6.1368404e+01		1.8635104e+01		4.2540479e+01		3.1740684e+01		2.8269012e+01		3.4716719e+00
2.8000000e+02		2.8100000e+02		2.8050000e+02		6.7313201e+01		2.0642607e+01		4.7024237e+01		3.5138679e+01		3.1154904e+01		3.9837747e+00
2.8100000e+02		2.8200000e+02		2.8150000e+02		1.3943196e+02		4.3161449e+01		9.8117865e+01		7.3425829e+01		6.4802728e+01		8.6231004e+00
2.8200000e+02		2.8300000e+02		2.8250000e+02		1.8983287e+02		5.9336265e+01		1.3460931e+02		1.0087949e+02		8.8618497e+01		1.2260996e+01
2.8300000e+02		2.8400000e+02		2.8350000e+02		1.9610227e+02		6.1841522e+01		1.4000579e+02		1.0507210e+02		9.1861909e+01		1.3210195e+01
2.8400000e+02		2.8500000e+02		2.8450000e+02		1.4459284e+02		4.6024933e+01		1.0398677e+02		7.8148876e+01		6.7993724e+01		1.0155152e+01
2.8500000e+02		2.8600000e+02		2.8550000e+02		9.2944992e+01		2.9847504e+01		6.7300744e+01		5.0647253e+01		4.3848820e+01		6.7984329e+00
2.8600000e+02		2.8700000e+02		2.8650000e+02		1.9045522e+02		6.1704245e+01		1.3885502e+02		1.0463544e+02		9.0137612e+01		1.4497824e+01
2.8700000e+02		2.8800000e+02		2.8750000e+02		2.2108403e+02		7.2254661e+01		1.6227630e+02		1.2244527e+02		1.0494347e+02		1.7501803e+01
2.8800000e+02		2.8900000e+02		2.8850000e+02		2.1010240e+02		6.9262932e+01		1.5525318e+02		1.1729700e+02		1.0001240e+02		1.7284599e+01
2.8900000e+02		2.9000000e+02		2.8950000e+02		3.1885068e+02		1.0600291e+02		2.3714576e+02		1.7939532e+02		1.5215924e+02		2.7236088e+01
2.9000000e+02		2.9100000e+02		2.9050000e+02		4.1860542e+02		1.4028274e+02		3.1323292e+02		2.3724721e+02		2.0015464e+02		3.7092574e+01
2.9100000e+02		2.9200000e+02		2.9150000e+02		4.0318642e+02		1.3625122e+02		3.0365245e+02		2.3027142e+02		1.9322414e+02		3.7047279e+01
2.9200000e+02		2.9300000e+02		2.9250000e+02		3.5818014e+02		1.2196749e+02		2.7130711e+02		2.0598799e+02		1.7189737e+02		3.4090611e+01
2.9300000e+02		2.9400000e+02		2.9350000e+02		3.7393440e+02		1.2836603e+02		2.8500694e+02		2.1664369e+02		1.7978948e+02		3.6854211e+01
2.9400000e+02		2.9500000e+02		2.9450000e+02		3.4819581e+02		1.2043510e+02		2.6690333e+02		2.0311568e+02		1.6761304e+02		3.5502640e+01
2.9500000e+02		2.9600000e+02		2.9550000e+02		3.7701055e+02		1.3143211e+02		2.9074049e+02		2.2150625e+02		1.8175150e+02		3.9754750e+01
2.9600000e+02		2.9700000e+02		2.9650000e+02		3.4493460e+02		1.2110582e+02		2.6741107e+02		2.0395729e+02		1.6638224e+02		3.7575057e+01
2.9700000e+02		2.9800000e+02		2.9750000e+02		3.5165811e+02		1.2441230e+02		2.7421766e+02		2.0937655e+02		1.6980936e+02		3.9567187e+01
2.9800000e+02		2.9900000e+02		2.9850000e+02		3.0223333e+02		1.0766449e+02		2.3688058e+02		1.8106045e+02		1.4597284e+02		3.5087614e+01
2.9900000e+02		3.0000000e+02		2.9950000e+02		3.4101318e+02		1.2239204e+02		2.6880816e+02		2.0567997e+02		1.6483486e+02		4.0845108e+01
3.0000000e+02		3.0100000e+02		3.0050000e+02		2.7131061e+02		9.8032485e+01		2.1493074e+02		1.6462375e+02		1.3113147e+02		3.3492289e+01
3.0100000e+02		3.0200000e+02		3.0150000e+02		3.1202593e+02		1.1358299e+02		2.4859278e+02		1.9059933e+02		1.5090072e+02		3.9698611e+01
3.0200000e+02		3.0300000e+02		3.0250000e+02		3.2846528e+02		1.2032665e+02		2.6289993e+02		2.0176709e+02		1.5874992e+02		4.3017171e+01
3.0300000e+02		3.0400000e+02		3.0350000e+02		4.2601061e+02		1.5719330e+02		3.4286534e+02		2.6339408e+02		2.0595372e+02		5.7440360e+01
3.0400000e+02		3.0500000e+02		3.0450000e+02		4.0776836e+02		1.5138985e+02		3.2965055e+02		2.5348201e+02		1.9694671e+02		5.6535310e+01
3.0500000e+02		3.0600000e+02		3.0550000e+02		4.1174793e+02		1.5394387e+02		3.3465273e+02		2.5756946e+02		1.9885733e+02		5.8712125e+01
3.0600000e+02		3.0700000e+02		3.0650000e+02		3.9053943e+02		1.4688909e+02		3.1878869e+02		2.4558300e+02		1.8837793e+02		5.7205075e+01
3.0700000e+02		3.0800000e+02		3.0750000e+02		4.3847484e+02		1.6603537e+02		3.5975160e+02		2.7738899e+02		2.1140319e+02		6.5985800e+01
3.0800000e+02		3.0900000e+02		3.0850000e+02		4.3035211e+02		1.6394362e+02		3.5464344e+02		2.7369050e+02		2.0721600e+02		6.6474491e+01
3.0900000e+02		3.1000000e+02		3.0950000e+02		3.4901328e+02		1.3381020e+02		2.8899410e+02		2.2321969e+02		1.6789198e+02		5.5327710e+01
3.1000000e+02		3.1100000e+02		3.1050000e+02		4.3927411e+02		1.6942938e+02		3.6534020e+02		2.8242843e+02		2.1101003e+02		7.1418392e+01
3.1100000e+02		3.1200000e+02		3.1150000e+02		5.2246540e+02		2.0275265e+02		4.3650690e+02		3.3772508e+02		2.5063389e+02		8.7091192e+01
3.1200000e+02		3.1300000e+02		3.1250000e+02		4.6521908e+02		1.8161861e+02		3.9039787e+02		3.0229689e+02		2.2282567e+02		7.9471223e+01
3.1300000e+02		3.1400000e+02		3.1350000e+02		4.9544367e+02		1.9454618e+02		4.1754080e+02		3.2357298e+02		2.3688272e+02		8.6690265e+01
3.1400000e+02		3.1500000e+02		3.1450000e+02		4.6729179e+02		1.8457573e+02		3.9553657e+02		3.0676161e+02		2.2303605e+02		8.3725556e+01
3.1500000e+02		3.1600000e+02		3.1550000e+02		4.5343123e+02		1.8011708e+02		3.8539784e+02		2.9912838e+02		2.1598149e+02		8.3146899e+01
3.1600000e+02		3.1700000e+02		3.1650000e+02		4.4229406e+02		1.7669767e+02		3.7751496e+02		2.9323146e+02		2.1025070e+02		8.2980755e+01
3.1700000e+02		3.1800000e+02		3.1750000e+02		5.6102832e+02		2.2537971e+02		4.8081009e+02		3.7374169e+02		2.6609861e+02		1.0764309e+02
3.1800000e+02		3.1900000e+02		3.1850000e+02		4.6340678e+02		1.8719548e+02		3.9876407e+02		3.1019129e+02		2.1929362e+02		9.0897670e+01
3.1900000e+02		3.2000000e+02		3.1950000e+02		4.9774832e+02		2.0216509e+02		4.3002640e+02		3.3474824e+02		2.3497387e+02		9.9774369e+01
3.2000000e+02		3.2100000e+02		3.2050000e+02		5.7184857e+02		2.3351360e+02		4.9599331e+02		3.8636942e+02		2.6927090e+02		1.1709852e+02
3.2100000e+02		3.2200000e+02		3.2150000e+02		4.8024660e+02		1.9715375e+02		4.1816697e+02		3.2596774e+02		2.2554199e+02		1.0042575e+02
3.2200000e+02		3.2300000e+02		3.2250000e+02		4.8228681e+02		1.9902679e+02		4.2154459e+02		3.2882189e+02		2.2587104e+02		1.0295085e+02
3.2300000e+02		3.2400000e+02		3.2350000e+02		4.6607071e+02		1.9333792e+02		4.0892399e+02		3.1918807e+02		2.1765883e+02		1.0152924e+02
3.2400000e+02		3.2500000e+02		3.2450000e+02		5.4882129e+02		2.2882864e+02		4.8332104e+02		3.7750360e+02		2.5554162e+02		1.2196198e+02
3.2500000e+02		3.2600000e+02		3.2550000e+02		6.3196128e+02		2.6482409e+02		5.5858430e+02		4.3656627e+02		2.9334896e+02		1.4321732e+02
3.2600000e+02		3.2700000e+02		3.2650000e+02		7.1301257e+02		3.0028538e+02		6.3252469e+02		4.9466342e+02		3.2992963e+02		1.6473380e+02
3.2700000e+02		3.2800000e+02		3.2750000e+02		6.8984049e+02		2.9195711e+02		6.1415847e+02		4.8059417e+02		3.1816343e+02		1.6243074e+02
3.2800000e+02		3.2900000e+02		3.2850000e+02		6.6596082e+02		2.8322294e+02		5.9499588e+02		4.6587860e+02		3.0611798e+02		1.5976062e+02
3.2900000e+02		3.3000000e+02		3.2950000e+02		7.7527139e+02		3.3130100e+02		6.9508578e+02		5.4456917e+02		3.5513854e+02		1.8943063e+02
3.3000000e+02		3.3100000e+02		3.3050000e+02		7.3029799e+02		3.1356387e+02		6.5701872e+02		5.1504292e+02		3.3335078e+02		1.8169214e+02
3.3100000e+02		3.3200000e+02		3.3150000e+02		6.9881652e+02		3.0145475e+02		6.3083503e+02		4.9479786e+02		3.1782226e+02		1.7697560e+02
3.3200000e+02		3.3300000e+02		3.3250000e+02		6.8562051e+02		2.9713627e+02		6.2100794e+02		4.8736111e+02		3.1066431e+02		1.7669680e+02
3.3300000e+02		3.3400000e+02		3.3350000e+02		6.5878216e+02		2.8681178e+02		5.9867629e+02		4.7009212e+02		2.9736736e+02		1.7272476e+02
3.3400000e+02		3.3500000e+02		3.3450000e+02		6.9405546e+02		3.0353633e+02		6.3279800e+02		4.9715150e+02		3.1207229e+02		1.8507921e+02
3.3500000e+02		3.3600000e+02		3.3550000e+02		6.8541663e+02		3.0109988e+02		6.2694591e+02		4.9281298e+02		3.0696680e+02		1.8584618e+02
3.3600000e+02		3.3700000e+02		3.3650000e+02		5.6469084e+02		2.4916085e+02		5.1816731e+02		4.0751747e+02		2.5187512e+02		1.5564235e+02
3.3700000e+02		3.3800000e+02		3.3750000e+02		5.9573781e+02		2.6400601e+02		5.4837841e+02		4.3149578e+02		2.6462613e+02		1.6686965e+02
3.3800000e+02		3.3900000e+02		3.3850000e+02		6.4448401e+02		2.8684075e+02		5.9509911e+02		4.6849115e+02		2.8507722e+02		1.8341393e+02
3.3900000e+02		3.4000000e+02		3.3950000e+02		6.7448220e+02		3.0147070e+02		6.2471364e+02		4.9204516e+02		2.9707021e+02		1.9497495e+02
3.4000000e+02		3.4100000e+02		3.4050000e+02		7.1196374e+02		3.1956219e+02		6.6143041e+02		5.2121403e+02		3.1221346e+02		2.0900056e+02
3.4100000e+02		3.4200000e+02		3.4150000e+02		6.4984945e+02		2.9289568e+02		6.0553613e+02		4.7739307e+02		2.8371471e+02		1.9367837e+02
3.4200000e+02		3.4300000e+02		3.4250000e+02		7.0477558e+02		3.1895617e+02		6.5866077e+02		5.1951512e+02		3.0631143e+02		2.1320369e+02
3.4300000e+02		3.4400000e+02		3.4350000e+02		6.9264465e+02		3.1473775e+02		6.4921517e+02		5.1229686e+02		2.9966457e+02		2.1263229e+02
3.4400000e+02		3.4500000e+02		3.4450000e+02		5.5710877e+02		2.5416492e+02		5.2368455e+02		4.1342412e+02		2.3990978e+02		1.7351435e+02
3.4500000e+02		3.4600000e+02		3.4550000e+02		6.7138909e+02		3.0751552e+02		6.3290824e+02		4.9986909e+02		2.8776431e+02		2.1210477e+02
3.4600000e+02		3.4700000e+02		3.4650000e+02		6.5194093e+02		2.9977627e+02		6.1630502e+02		4.8696442e+02		2.7809730e+02		2.0886712e+02
3.4700000e+02		3.4800000e+02		3.4750000e+02		6.4525828e+02		2.9785053e+02		6.1168343e+02		4.8351599e+02		2.7391760e+02		2.0959839e+02
3.4800000e+02		3.4900000e+02		3.4850000e+02		6.6761091e+02		3.0934577e+02		6.3461087e+02		5.0184648e+02		2.8202041e+02		2.1982607e+02
3.4900000e+02		3.5000000e+02		3.4950000e+02		6.3989005e+02		2.9761993e+02		6.0990945e+02		4.8250823e+02		2.6897146e+02		2.1353677e+02
3.5000000e+02		3.5100000e+02		3.5050000e+02		7.6650484e+02		3.5783928e+02		7.3254851e+02		5.7976037e+02		3.2057776e+02		2.5918261e+02
3.5100000e+02		3.5200000e+02		3.5150000e+02		7.1211510e+02		3.3367244e+02		6.8236807e+02		5.4025708e+02		2.9631973e+02		2.4393735e+02
3.5200000e+02		3.5300000e+02		3.5250000e+02		6.5785102e+02		3.0936834e+02		6.3201752e+02		5.0058455e+02		2.7233592e+02		2.2824863e+02
3.5300000e+02		3.5400000e+02		3.5350000e+02		7.5263834e+02		3.5521720e+02		7.2494820e+02		5.7440583e+02		3.0996033e+02		2.6444551e+02
3.5400000e+02		3.5500000e+02		3.5450000e+02		8.0329241e+02		3.8047147e+02		7.7571046e+02		6.1485414e+02		3.2908784e+02		2.8576630e+02
3.5500000e+02		3.5600000e+02		3.5550000e+02		7.5433512e+02		3.5853799e+02		7.3026763e+02		5.7904483e+02		3.0739538e+02		2.7164945e+02
3.5600000e+02		3.5700000e+02		3.5650000e+02		6.5576441e+02		3.1276847e+02		6.3642009e+02		5.0481107e+02		2.6579857e+02		2.3901250e+02
3.5700000e+02		3.5800000e+02		3.5750000e+02		5.7307986e+02		2.7426895e+02		5.5754031e+02		4.4239818e+02		2.3103042e+02		2.1136776e+02
3.5800000e+02		3.5900000e+02		3.5850000e+02		4.9194729e+02		2.3623750e+02		4.7976857e+02		3.8081864e+02		1.9724219e+02		1.8357645e+02
3.5900000e+02		3.6000000e+02		3.5950000e+02		7.1030971e+02		3.4223888e+02		6.9438483e+02		5.5135751e+02		2.8322701e+02		2.6813050e+02
3.6000000e+02		3.6100000e+02		3.6050000e+02		7.0092701e+02		3.3883522e+02		6.8683415e+02		5.4554302e+02		2.7793570e+02		2.6760732e+02
3.6100000e+02		3.6200000e+02		3.6150000e+02		6.5110481e+02		3.1577948e+02		6.3950533e+02		5.0811590e+02		2.5673585e+02		2.5138005e+02
3.6200000e+02		3.6300000e+02		3.6250000e+02		7.3500056e+02		3.5761940e+02		7.2357361e+02		5.7509595e+02		2.8818217e+02		2.8691378e+02
3.6300000e+02		3.6400000e+02		3.6350000e+02		7.1558904e+02		3.4928578e+02		7.0607092e+02		5.6136124e+02		2.7897623e+02		2.8238502e+02
3.6400000e+02		3.6500000e+02		3.6450000e+02		7.4837927e+02		3.6644306e+02		7.4008916e+02		5.8858914e+02		2.9008823e+02		2.9850090e+02
3.6500000e+02		3.6600000e+02		3.6550000e+02		8.5179486e+02		4.1838026e+02		8.4423461e+02		6.7161917e+02		3.2826865e+02		3.4335052e+02
3.6600000e+02		3.6700000e+02		3.6650000e+02		9.1042532e+02		4.4855530e+02		9.0432938e+02		7.1964114e+02		3.4882397e+02		3.7081717e+02
3.6700000e+02		3.6800000e+02		3.6750000e+02		8.7909512e+02		4.3443753e+02		8.7510644e+02		6.9659021e+02		3.3484784e+02		3.6174237e+02
3.6800000e+02		3.6900000e+02		3.6850000e+02		8.1047729e+02		4.0173211e+02		8.0853191e+02		6.4378160e+02		3.0689123e+02		3.3689038e+02
3.6900000e+02		3.7000000e+02		3.6950000e+02		8.9967825e+02		4.4727207e+02		8.9942219e+02		7.1635406e+02		3.3864572e+02		3.7770834e+02
3.7000000e+02		3.7100000e+02		3.7050000e+02		8.4427990e+02		4.2096377e+02		8.4580806e+02		6.7383961e+02		3.1589500e+02		3.5794461e+02
3.7100000e+02		3.7200000e+02		3.7150000e+02		8.7164560e+02		4.3587020e+02		8.7503132e+02		6.9731146e+02		3.2417384e+02		3.7313762e+02
3.7200000e+02		3.7300000e+02		3.7250000e+02		7.2411383e+02		3.6313509e+02		7.2841345e+02		5.8062750e+02		2.6767665e+02		3.1295085e+02
3.7300000e+02		3.7400000e+02		3.7350000e+02		6.3155746e+02		3.1761704e+02		6.3659145e+02		5.0756874e+02		2.3204191e+02		2.7552683e+02
3.7400000e+02		3.7500000e+02		3.7450000e+02		6.4642322e+02		3.2600408e+02		6.5287678e+02		5.2068820e+02		2.3605061e+02		2.8463759e+02
3.7500000e+02		3.7600000e+02		3.7550000e+02		7.4036161e+02		3.7441300e+02		7.4922828e+02		5.9768338e+02		2.6869014e+02		3.2899324e+02
3.7600000e+02		3.7700000e+02		3.7650000e+02		7.6758018e+02		3.8924036e+02		7.7828735e+02		6.2102002e+02		2.7684510e+02		3.4417492e+02
3.7700000e+02		3.7800000e+02		3.7750000e+02		9.0048278e+02		4.5787057e+02		9.1480282e+02		7.3012947e+02		3.2275983e+02		4.0736964e+02
3.7800000e+02		3.7900000e+02		3.7850000e+02		9.3786543e+02		4.7815352e+02		9.5459361e+02		7.6207170e+02		3.3405782e+02		4.2801388e+02
3.7900000e+02		3.8000000e+02		3.7950000e+02		7.6051322e+02		3.8875831e+02		7.7553419e+02		6.1927193e+02		2.6918537e+02		3.5008657e+02
3.8000000e+02		3.8100000e+02		3.8050000e+02		8.2814537e+02		4.2443605e+02		8.4607194e+02		6.7575478e+02		2.9127392e+02		3.8448086e+02
3.8100000e+02		3.8200000e+02		3.8150000e+02		7.4366886e+02		3.8212453e+02		7.6116238e+02		6.0807734e+02		2.5990346e+02		3.4817388e+02
3.8200000e+02		3.8300000e+02		3.8250000e+02		5.3336093e+02		2.7475978e+02		5.4689824e+02		4.3700460e+02		1.8521601e+02		2.5178859e+02
3.8300000e+02		3.8400000e+02		3.8350000e+02		4.7073026e+02		2.4310723e+02		4.8354371e+02		3.8646623e+02		1.6242092e+02		2.2404531e+02
3.8400000e+02		3.8500000e+02		3.8450000e+02		6.2969557e+02		3.2601507e+02		6.4798287e+02		5.1800511e+02		2.1587443e+02		3.0213068e+02
3.8500000e+02		3.8600000e+02		3.8550000e+02		6.6694888e+02		3.4615323e+02		6.8752056e+02		5.4972986e+02		2.2717064e+02		3.2255923e+02
3.8600000e+02		3.8700000e+02		3.8650000e+02		6.6977732e+02		3.4846786e+02		6.9163172e+02		5.5313369e+02		2.2665629e+02		3.2647740e+02
3.8700000e+02		3.8800000e+02		3.8750000e+02		6.6902499e+02		3.4891442e+02		6.9203705e+02		5.5357261e+02		2.2492943e+02		3.2864317e+02
3.8800000e+02		3.8900000e+02		3.8850000e+02		6.7841027e+02		3.5465104e+02		7.0293194e+02		5.6240226e+02		2.2659596e+02		3.3580630e+02
3.8900000e+02		3.9000000e+02		3.8950000e+02		8.1451188e+02		4.2680220e+02		8.4536370e+02		6.7649477e+02		2.7027289e+02		4.0622188e+02
3.9000000e+02		3.9100000e+02		3.9050000e+02		8.5560997e+02		4.4938011e+02		8.8948569e+02		7.1194336e+02		2.8204348e+02		4.2989988e+02
3.9100000e+02		3.9200000e+02		3.9150000e+02		9.2006232e+02		4.8434237e+02		9.5805179e+02		7.6697231e+02		3.0128858e+02		4.6568372e+02
3.9200000e+02		3.9300000e+02		3.9250000e+02		7.0614281e+02		3.7257486e+02		7.3648630e+02		5.8970960e+02		2.2970659e+02		3.6000301e+02
3.9300000e+02		3.9400000e+02		3.9350000e+02		4.3291589e+02		2.2892807e+02		4.5223892e+02		3.6217873e+02		1.3989124e+02		2.2228749e+02
3.9400000e+02		3.9500000e+02		3.9450000e+02		7.1565803e+02		3.7928397e+02		7.4878002e+02		5.9977642e+02		2.2971503e+02		3.7006139e+02
3.9500000e+02		3.9600000e+02		3.9550000e+02		8.7888136e+02		4.6681158e+02		9.2099093e+02		7.3785211e+02		2.8022191e+02		4.5763020e+02
3.9600000e+02		3.9700000e+02		3.9650000e+02		6.0712893e+02		3.2306784e+02		6.3701244e+02		5.1041571e+02		1.9219991e+02		3.1821580e+02
3.9700000e+02		3.9800000e+02		3.9750000e+02		6.8053003e+02		3.6285787e+02		7.1503288e+02		5.7302351e+02		2.1395413e+02		3.5906938e+02
3.9800000e+02		3.9900000e+02		3.9850000e+02		1.0480559e+03		5.5980687e+02		1.1024926e+03		8.8364950e+02		3.2713044e+02		5.5651905e+02
3.9900000e+02		4.0000000e+02		3.9950000e+02		1.1577145e+03		6.1943569e+02		1.2192309e+03		9.7733968e+02		3.5873684e+02		6.1860285e+02
4.0000000e+02		4.0100000e+02		4.0050000e+02		1.1939713e+03		6.4074617e+02		1.2603070e+03		1.0105372e+03		3.6789537e+02		6.4264188e+02
4.0100000e+02		4.0200000e+02		4.0150000e+02		1.2509583e+03		6.7289308e+02		1.3227154e+03		1.0607848e+03		3.8297339e+02		6.7781138e+02
4.0200000e+02		4.0300000e+02		4.0250000e+02		1.2664199e+03		6.8259072e+02		1.3409893e+03		1.0756142e+03		3.8506642e+02		6.9054779e+02
4.0300000e+02		4.0400000e+02		4.0350000e+02		1.2115903e+03		6.5434677e+02		1.2847549e+03		1.0306726e+03		3.6588010e+02		6.6479251e+02
4.0400000e+02		4.0500000e+02		4.0450000e+02		1.1914959e+03		6.4476946e+02		1.2652226e+03		1.0151624e+03		3.5734999e+02		6.5781244e+02
4.0500000e+02		4.0600000e+02		4.0550000e+02		1.1904731e+03		6.4547818e+02		1.2658929e+03		1.0158571e+03		3.5459480e+02		6.6126228e+02
4.0600000e+02		4.0700000e+02		4.0650000e+02		1.1388815e+03		6.1870134e+02		1.2126964e+03		9.7331568e+02		3.3689644e+02		6.3641924e+02
4.0700000e+02		4.0800000e+02		4.0750000e+02		1.1575323e+03		6.3003801e+02		1.2342300e+03		9.9074680e+02		3.4005553e+02		6.5069126e+02
4.0800000e+02		4.0900000e+02		4.0850000e+02		1.2307397e+03		6.7115319e+02		1.3140502e+03		1.0549757e+03		3.5906720e+02		6.9590855e+02
4.0900000e+02		4.1000000e+02		4.0950000e+02		1.2243097e+03		6.6889719e+02		1.3089205e+03		1.0510096e+03		3.5472168e+02		6.9628796e+02
4.1000000e+02		4.1100000e+02		4.1050000e+02		1.1216634e+03		6.1395170e+02		1.2007546e+03		9.6429440e+02		3.2273068e+02		6.4156372e+02
4.1100000e+02		4.1200000e+02		4.1150000e+02		1.3003372e+03		7.1305374e+02		1.3938340e+03		1.1195085e+03		3.7154332e+02		7.4796522e+02
4.1200000e+02		4.1300000e+02		4.1250000e+02		1.2760342e+03		7.0099412e+02		1.3695390e+03		1.1001472e+03		3.6206476e+02		7.3808247e+02
4.1300000e+02		4.1400000e+02		4.1350000e+02		1.2308584e+03		6.7738754e+02		1.3227294e+03		1.0626898e+03		3.4681460e+02		7.1587517e+02
4.1400000e+02		4.1500000e+02		4.1450000e+02		1.2488872e+03		6.8852666e+02		1.3437880e+03		1.0797531e+03		3.4944020e+02		7.3031291e+02
4.1500000e+02		4.1600000e+02		4.1550000e+02		1.2477523e+03		6.8910570e+02		1.3442328e+03		1.0802530e+03		3.4668387e+02		7.3356918e+02
4.1600000e+02		4.1700000e+02		4.1650000e+02		1.2947363e+03		7.1628915e+02		1.3965558e+03		1.1224461e+03		3.5721941e+02		7.6522668e+02
4.1700000e+02		4.1800000e+02		4.1750000e+02		1.1781342e+03		6.5288929e+02		1.2723115e+03		1.0227173e+03		3.2276608e+02		6.9995121e+02
4.1800000e+02		4.1900000e+02		4.1850000e+02		1.2217101e+03		6.7808410e+02		1.3207773e+03		1.0617916e+03		3.3229175e+02		7.2949989e+02
4.1900000e+02		4.2000000e+02		4.1950000e+02		1.2338424e+03		6.8607249e+02		1.3356648e+03		1.0739118e+03		3.3330196e+02		7.4060986e+02
4.2000000e+02		4.2100000e+02		4.2050000e+02		1.2494927e+03		6.9593200e+02		1.3542048e+03		1.0889525e+03		3.3515915e+02		7.5379339e+02
4.2100000e+02		4.2200000e+02		4.2150000e+02		1.2299982e+03		6.8619665e+02		1.3346237e+03		1.0733360e+03		3.2760626e+02		7.4572975e+02
4.2200000e+02		4.2300000e+02		4.2250000e+02		1.1657134e+03		6.5138710e+02		1.2663225e+03		1.0185273e+03		3.0829477e+02		7.1023252e+02
4.2300000e+02		4.2400000e+02		4.2350000e+02		1.2419943e+03		6.9512437e+02		1.3507185e+03		1.0865354e+03		3.2614982e+02		7.6038559e+02
4.2400000e+02		4.2500000e+02		4.2450000e+02		1.2850442e+03		7.2035889e+02		1.3991059e+03		1.1255883e+03		3.3506989e+02		7.9051842e+02
4.2500000e+02		4.2600000e+02		4.2550000e+02		1.2367256e+03		6.9435992e+02		1.3479936e+03		1.0845910e+03		3.2018963e+02		7.6440140e+02
4.2600000e+02		4.2700000e+02		4.2650000e+02		1.2316584e+03		6.9258742e+02		1.3439448e+03		1.0814541e+03		3.1661952e+02		7.6483455e+02
4.2700000e+02		4.2800000e+02		4.2750000e+02		1.1420512e+03		6.4318457e+02		1.2475220e+03		1.0039743e+03		2.9150334e+02		7.1247097e+02
4.2800000e+02		4.2900000e+02		4.2850000e+02		1.1495483e+03		6.4838917e+02		1.2570606e+03		1.0117603e+03		2.9133517e+02		7.2042511e+02
4.2900000e+02		4.3000000e+02		4.2950000e+02		1.0698649e+03		6.0435039e+02		1.1711680e+03		9.4272917e+02		2.6921526e+02		6.7351390e+02
4.3000000e+02		4.3100000e+02		4.3050000e+02		8.6065012e+02		4.8688992e+02		9.4313341e+02		7.5925304e+02		2.1503040e+02		5.4422264e+02
4.3100000e+02		4.3200000e+02		4.3150000e+02		1.0641754e+03		6.0291303e+02		1.1673766e+03		9.3987347e+02		2.6398940e+02		6.7588407e+02
4.3200000e+02		4.3300000e+02		4.3250000e+02		1.1990384e+03		6.8030705e+02		1.3166710e+03		1.0601809e+03		2.9532766e+02		7.6485329e+02
4.3300000e+02		4.3400000e+02		4.3350000e+02		1.3017454e+03		7.3964201e+02		1.4309083e+03		1.1522805e+03		3.1834105e+02		8.3393945e+02
4.3400000e+02		4.3500000e+02		4.3450000e+02		1.1054356e+03		6.2899312e+02		1.2163428e+03		9.7959254e+02		2.6840683e+02		7.1118571e+02
4.3500000e+02		4.3600000e+02		4.3550000e+02		1.2347447e+03		7.0355802e+02		1.3599778e+03		1.0953773e+03		2.9766576e+02		7.9771150e+02
4.3600000e+02		4.3700000e+02		4.3650000e+02		1.3814970e+03		7.8827261e+02		1.5231127e+03		1.2268904e+03		3.3066745e+02		8.9622291e+02
4.3700000e+02		4.3800000e+02		4.3750000e+02		1.2223713e+03		6.9843649e+02		1.3489880e+03		1.0867334e+03		2.9049096e+02		7.9624245e+02
4.3800000e+02		4.3900000e+02		4.3850000e+02		1.1905029e+03		6.8115369e+02		1.3150847e+03		1.0595203e+03		2.8089650e+02		7.7862376e+02
4.3900000e+02		4.4000000e+02		4.3950000e+02		1.3250738e+03		7.5916218e+02		1.4651190e+03		1.1805054e+03		3.1040920e+02		8.7009616e+02
4.4000000e+02		4.4100000e+02		4.4050000e+02		1.2562739e+03		7.2066245e+02		1.3902850e+03		1.1203031e+03		2.9216544e+02		8.2813768e+02
4.4100000e+02		4.4200000e+02		4.4150000e+02		1.3817384e+03		7.9283633e+02		1.5290958e+03		1.2321220e+03		3.1859513e+02		9.1352691e+02
4.4200000e+02		4.4300000e+02		4.4250000e+02		1.4526378e+03		8.3421512e+02		1.6083637e+03		1.2960417e+03		3.3233912e+02		9.6370255e+02
4.4300000e+02		4.4400000e+02		4.4350000e+02		1.4050936e+03		8.0790129e+02		1.5570542e+03		1.2547960e+03		3.1913307e+02		9.3566294e+02
4.4400000e+02		4.4500000e+02		4.4450000e+02		1.4475318e+03		8.3213032e+02		1.6033922e+03		1.2920354e+03		3.2577408e+02		9.6626135e+02
4.4500000e+02		4.4600000e+02		4.4550000e+02		1.3420773e+03		7.7253105e+02		1.4879954e+03		1.1991568e+03		2.9990146e+02		8.9925531e+02
4.4600000e+02		4.4700000e+02		4.4650000e+02		1.3689269e+03		7.9054077e+02		1.5218243e+03		1.2267939e+03		3.0451379e+02		9.2228013e+02
4.4700000e+02		4.4800000e+02		4.4750000e+02		1.4837056e+03		8.5827653e+02		1.6515459e+03		1.3315445e+03		3.2788047e+02		1.0036640e+03
4.4800000e+02		4.4900000e+02		4.4850000e+02		1.4587166e+03		8.4521813e+02		1.6257664e+03		1.3109295e+03		3.2023171e+02		9.9069782e+02
4.4900000e+02		4.5000000e+02		4.4950000e+02		1.4737837e+03		8.5513482e+02		1.6442300e+03		1.3259500e+03		3.2129648e+02		1.0046535e+03
4.5000000e+02		4.5100000e+02		4.5050000e+02		1.5636828e+03		9.0841250e+02		1.7460543e+03		1.4081798e+03		3.3846528e+02		1.0697145e+03
4.5100000e+02		4.5200000e+02		4.5150000e+02		1.5589734e+03		9.0675034e+02		1.7422561e+03		1.4052260e+03		3.3502635e+02		1.0701996e+03
4.5200000e+02		4.5300000e+02		4.5250000e+02		1.4757889e+03		8.5937454e+02		1.6506612e+03		1.3314518e+03		3.1487557e+02		1.0165762e+03
4.5300000e+02		4.5400000e+02		4.5350000e+02		1.4141855e+03		8.2445797e+02		1.5830576e+03		1.2770182e+03		2.9956801e+02		9.7745021e+02
4.5400000e+02		4.5500000e+02		4.5450000e+02		1.5096596e+03		8.8112963e+02		1.6913064e+03		1.3644420e+03		3.1749898e+02		1.0469430e+03
4.5500000e+02		4.5600000e+02		4.5550000e+02		1.4952815e+03		8.7372981e+02		1.6765458e+03		1.3526337e+03		3.1221986e+02		1.0404138e+03
4.5600000e+02		4.5700000e+02		4.5650000e+02		1.5527317e+03		9.0832005e+02		1.7423462e+03		1.4058234e+03		3.2189056e+02		1.0839329e+03
4.5700000e+02		4.5800000e+02		4.5750000e+02		1.5677329e+03		9.1811644e+02		1.7605651e+03		1.4206252e+03		3.2266975e+02		1.0979555e+03
4.5800000e+02		4.5900000e+02		4.5850000e+02		1.4734199e+03		8.6383425e+02		1.6559415e+03		1.3362973e+03		3.0108375e+02		1.0352136e+03
4.5900000e+02		4.6000000e+02		4.5950000e+02		1.5222067e+03		8.9340990e+02		1.7120916e+03		1.3817052e+03		3.0882278e+02		1.0728824e+03
4.6000000e+02		4.6100000e+02		4.6050000e+02		1.5039223e+03		8.8363089e+02		1.6928178e+03		1.3662447e+03		3.0292588e+02		1.0633189e+03
4.6100000e+02		4.6200000e+02		4.6150000e+02		1.5386000e+03		9.0497118e+02		1.7331598e+03		1.3988990e+03		3.0768943e+02		1.0912096e+03
4.6200000e+02		4.6300000e+02		4.6250000e+02		1.5538294e+03		9.1489476e+02		1.7516241e+03		1.4138969e+03		3.0850808e+02		1.1053888e+03
4.6300000e+02		4.6400000e+02		4.6350000e+02		1.5018384e+03		8.8520757e+02		1.6942683e+03		1.3676901e+03		2.9604878e+02		1.0716413e+03
4.6400000e+02		4.6500000e+02		4.6450000e+02		1.5281564e+03		9.0165249e+02		1.7252216e+03		1.3927678e+03		2.9907857e+02		1.0936892e+03
4.6500000e+02		4.6600000e+02		4.6550000e+02		1.4760608e+03		8.7180729e+02		1.6676165e+03		1.3463500e+03		2.8681363e+02		1.0595363e+03
4.6600000e+02		4.6700000e+02		4.6650000e+02		1.4854121e+03		8.7822035e+02		1.6793859e+03		1.3559381e+03		2.8656386e+02		1.0693742e+03
4.6700000e+02		4.6800000e+02		4.6750000e+02		1.4997486e+03		8.8726783e+02		1.6962519e+03		1.3695863e+03		2.8711908e+02		1.0824672e+03
4.6800000e+02		4.6900000e+02		4.6850000e+02		1.4665907e+03		8.6860025e+02		1.6600649e+03		1.3404661e+03		2.7879933e+02		1.0616668e+03
4.6900000e+02		4.7000000e+02		4.6950000e+02		1.5086728e+03		8.9417428e+02		1.7084956e+03		1.3796176e+03		2.8464896e+02		1.0949686e+03
4.7000000e+02		4.7100000e+02		4.7050000e+02		1.4256243e+03		8.4563506e+02		1.6153199e+03		1.3044321e+03		2.6699615e+02		1.0374360e+03
4.7100000e+02		4.7200000e+02		4.7150000e+02		1.4904926e+03		8.8479177e+02		1.6896748e+03		1.3645276e+03		2.7707561e+02		1.0874520e+03
4.7200000e+02		4.7300000e+02		4.7250000e+02		1.5269264e+03		9.0729424e+02		1.7321629e+03		1.3989234e+03		2.8182371e+02		1.1170997e+03
4.7300000e+02		4.7400000e+02		4.7350000e+02		1.4995420e+03		8.9140503e+02		1.7014487e+03		1.3741184e+03		2.7460041e+02		1.0995179e+03
4.7400000e+02		4.7500000e+02		4.7450000e+02		1.5448084e+03		9.1987970e+02		1.7551810e+03		1.4177169e+03		2.8116212e+02		1.1365548e+03
4.7500000e+02		4.7600000e+02		4.7550000e+02		1.5413846e+03		9.1916696e+02		1.7532535e+03		1.4163225e+03		2.7873214e+02		1.1375903e+03
4.7600000e+02		4.7700000e+02		4.7650000e+02		1.4853490e+03		8.8664295e+02		1.6907479e+03		1.3659187e+03		2.6671514e+02		1.0992036e+03
4.7700000e+02		4.7800000e+02		4.7750000e+02		1.5508368e+03		9.2657365e+02		1.7664242e+03		1.4271345e+03		2.7648821e+02		1.1506463e+03
4.7800000e+02		4.7900000e+02		4.7850000e+02		1.5358791e+03		9.1846044e+02		1.7504981e+03		1.4143442e+03		2.7186939e+02		1.1424748e+03
4.7900000e+02		4.8000000e+02		4.7950000e+02		1.5403519e+03		9.2195359e+02		1.7566997e+03		1.4194310e+03		2.7071817e+02		1.1487128e+03
4.8000000e+02		4.8100000e+02		4.8050000e+02		1.5442750e+03		9.2511472e+02		1.7622700e+03		1.4240072e+03		2.6947455e+02		1.1545327e+03
4.8100000e+02		4.8200000e+02		4.8150000e+02		1.5475498e+03		9.2788391e+02		1.7670955e+03		1.4279811e+03		2.6812353e+02		1.1598576e+03
4.8200000e+02		4.8300000e+02		4.8250000e+02		1.5416562e+03		9.2514724e+02		1.7614400e+03		1.4234843e+03		2.6520198e+02		1.1582824e+03
4.8300000e+02		4.8400000e+02		4.8350000e+02		1.5183412e+03		9.1181034e+02		1.7356386e+03		1.4026834e+03		2.5928609e+02		1.1433973e+03
4.8400000e+02		4.8500000e+02		4.8450000e+02		1.4920771e+03		8.9655311e+02		1.7062228e+03		1.3789381e+03		2.5289701e+02		1.1260411e+03
4.8500000e+02		4.8600000e+02		4.8550000e+02		1.4021236e+03		8.4272301e+02		1.6034827e+03		1.2958861e+03		2.3577777e+02		1.0601084e+03
4.8600000e+02		4.8700000e+02		4.8650000e+02		1.2173217e+03		7.3265854e+02		1.3936423e+03		1.1264241e+03		2.0340052e+02		9.2302359e+02
4.8700000e+02		4.8800000e+02		4.8750000e+02		1.3927585e+03		8.3858657e+02		1.5948222e+03		1.2890319e+03		2.3093212e+02		1.0580998e+03
4.8800000e+02		4.8900000e+02		4.8850000e+02		1.4651201e+03		8.8288870e+02		1.6786745e+03		1.3568742e+03		2.4121383e+02		1.1156603e+03
4.8900000e+02		4.9000000e+02		4.8950000e+02		1.4372192e+03		8.6683924e+02		1.6477588e+03		1.3319595e+03		2.3496838e+02		1.0969911e+03
4.9000000e+02		4.9100000e+02		4.9050000e+02		1.5307557e+03		9.2422746e+02		1.7563916e+03		1.4198798e+03		2.4857550e+02		1.1713043e+03
4.9100000e+02		4.9200000e+02		4.9150000e+02		1.4425606e+03		8.7161905e+02		1.6560428e+03		1.3388110e+03		2.3257932e+02		1.1062316e+03
4.9200000e+02		4.9300000e+02		4.9250000e+02		1.3729411e+03		8.3056559e+02		1.5776112e+03		1.2755247e+03		2.1992106e+02		1.0556036e+03
4.9300000e+02		4.9400000e+02		4.9350000e+02		1.4509629e+03		8.7850333e+02		1.6682778e+03		1.3489011e+03		2.3079758e+02		1.1181035e+03
4.9400000e+02		4.9500000e+02		4.9450000e+02		1.4929449e+03		9.0464989e+02		1.7175390e+03		1.3887996e+03		2.3581115e+02		1.1529885e+03
4.9500000e+02		4.9600000e+02		4.9550000e+02		1.4663156e+03		8.8918742e+02		1.6878088e+03		1.3648198e+03		2.2997049e+02		1.1348493e+03
4.9600000e+02		4.9700000e+02		4.9650000e+02		1.4846220e+03		9.0096439e+02		1.7097885e+03		1.3826532e+03		2.3119943e+02		1.1514538e+03
4.9700000e+02		4.9800000e+02		4.9750000e+02		1.5123203e+03		9.1845567e+02		1.7426039e+03		1.4092505e+03		2.3385307e+02		1.1753974e+03
4.9800000e+02		4.9900000e+02		4.9850000e+02		1.3744029e+03		8.3523655e+02		1.5843848e+03		1.2813395e+03		2.1100426e+02		1.0703352e+03
4.9900000e+02		5.0000000e+02		4.9950000e+02		1.4721832e+03		8.9493736e+02		1.6973456e+03		1.3726873e+03		2.2429711e+02		1.1483902e+03
