Left Bin Edge (nm)	Right Bin Edge (nm)	Bin Center (nm)		Top of Atm Intensity (erg/s/nm/cm2)		Total Surface Flux (erg/s/nm/cm2)		Total Intensity at BOA (erg/s/nm/cm2)		Total Surface Intensity (erg/s/nm/cm2)		Total Surface Diffuse Intensity (erg/s/nm/cm2)		Total Surface Direct Intensity (erg/s/nm/cm2)
1.0000000e+02		1.0100000e+02		1.0050000e+02		4.4569042e-02		2.4525374e-199		0.0000000e+00		4.2479193e-199		4.2479193e-199		0.0000000e+00
1.0100000e+02		1.0200000e+02		1.0150000e+02		1.7387199e-01		2.8780738e-197		0.0000000e+00		4.9849700e-197		4.9849700e-197		0.0000000e+00
1.0200000e+02		1.0300000e+02		1.0250000e+02		9.2286085e-01		3.0760916e-195		0.0000000e+00		5.3279470e-195		5.3279470e-195		0.0000000e+00
1.0300000e+02		1.0400000e+02		1.0350000e+02		7.0094286e-01		3.0025218e-193		0.0000000e+00		5.2005204e-193		5.2005204e-193		0.0000000e+00
1.0400000e+02		1.0500000e+02		1.0450000e+02		1.4124828e-01		2.6834654e-191		0.0000000e+00		4.6478985e-191		4.6478985e-191		0.0000000e+00
1.0500000e+02		1.0600000e+02		1.0550000e+02		4.8389941e-02		2.2015021e-189		0.0000000e+00		3.8131135e-189		3.8131135e-189		0.0000000e+00
1.0600000e+02		1.0700000e+02		1.0650000e+02		4.5487167e-02		1.6618999e-187		0.0000000e+00		2.8784950e-187		2.8784950e-187		0.0000000e+00
1.0700000e+02		1.0800000e+02		1.0750000e+02		5.0757295e-02		1.1570803e-185		0.0000000e+00		2.0041218e-185		2.0041218e-185		0.0000000e+00
1.0800000e+02		1.0900000e+02		1.0850000e+02		7.1152114e-02		7.4467732e-184		0.0000000e+00		1.2898190e-183		1.2898190e-183		0.0000000e+00
1.0900000e+02		1.1000000e+02		1.0950000e+02		5.5817450e-02		4.4397234e-182		0.0000000e+00		7.6898266e-182		7.6898266e-182		0.0000000e+00
1.1000000e+02		1.1100000e+02		1.1050000e+02		5.4043772e-02		2.4571445e-180		0.0000000e+00		4.2558991e-180		4.2558991e-180		0.0000000e+00
1.1100000e+02		1.1200000e+02		1.1150000e+02		5.0797691e-02		1.2649211e-178		0.0000000e+00		2.1909076e-178		2.1909076e-178		0.0000000e+00
1.1200000e+02		1.1300000e+02		1.1250000e+02		5.1969037e-02		6.0686755e-177		0.0000000e+00		1.0511254e-176		1.0511254e-176		0.0000000e+00
1.1300000e+02		1.1400000e+02		1.1350000e+02		4.1221387e-02		2.7185201e-175		0.0000000e+00		4.7086150e-175		4.7086150e-175		0.0000000e+00
1.1400000e+02		1.1500000e+02		1.1450000e+02		3.1562600e-02		1.1390989e-173		0.0000000e+00		1.9729772e-173		1.9729772e-173		0.0000000e+00
1.1500000e+02		1.1600000e+02		1.1550000e+02		4.3552050e-02		4.4723452e-172		0.0000000e+00		7.7463290e-172		7.7463290e-172		0.0000000e+00
1.1600000e+02		1.1700000e+02		1.1650000e+02		1.0143732e-01		1.6480993e-170		0.0000000e+00		2.8545917e-170		2.8545917e-170		0.0000000e+00
1.1700000e+02		1.1800000e+02		1.1750000e+02		3.6108525e-01		5.7096587e-169		0.0000000e+00		9.8894190e-169		9.8894190e-169		0.0000000e+00
1.1800000e+02		1.1900000e+02		1.1850000e+02		1.2283927e-01		1.8624977e-167		0.0000000e+00		3.2259406e-167		3.2259406e-167		0.0000000e+00
1.1900000e+02		1.2000000e+02		1.1950000e+02		1.7115732e-01		5.7292491e-166		0.0000000e+00		9.9233505e-166		9.9233505e-166		0.0000000e+00
1.2000000e+02		1.2100000e+02		1.2050000e+02		9.3056497e-01		1.6643771e-164		0.0000000e+00		2.8827858e-164		2.8827858e-164		0.0000000e+00
1.2100000e+02		1.2200000e+02		1.2150000e+02		3.6941242e+01		4.5727083e-163		0.0000000e+00		7.9201630e-163		7.9201630e-163		0.0000000e+00
1.2200000e+02		1.2300000e+02		1.2250000e+02		2.4773856e-01		1.1897500e-161		0.0000000e+00		2.0607075e-161		2.0607075e-161		0.0000000e+00
1.2300000e+02		1.2400000e+02		1.2350000e+02		1.3344721e-01		2.9354513e-160		3.3415391e-161		5.0843508e-160		5.0843508e-160		0.0000000e+00
1.2400000e+02		1.2500000e+02		1.2450000e+02		1.0726631e-01		6.8768307e-159		8.0489038e-160		1.1911020e-158		1.1911020e-158		0.0000000e+00
1.2500000e+02		1.2600000e+02		1.2550000e+02		1.0471361e-01		1.5315611e-157		1.8414804e-158		2.6527417e-157		2.6527417e-157		0.0000000e+00
1.2600000e+02		1.2700000e+02		1.2650000e+02		1.4644878e-01		3.2466512e-156		4.0080227e-157		5.6233648e-156		5.6233648e-156		0.0000000e+00
1.2700000e+02		1.2800000e+02		1.2750000e+02		7.6659940e-02		6.5583939e-155		8.3096834e-156		1.1359471e-154		1.1359471e-154		0.0000000e+00
1.2800000e+02		1.2900000e+02		1.2850000e+02		6.1165494e-02		1.2638917e-153		1.6429314e-154		2.1891246e-153		2.1891246e-153		0.0000000e+00
1.2900000e+02		1.3000000e+02		1.2950000e+02		8.1594975e-02		2.3262024e-152		3.1010761e-153		4.0291007e-152		4.0291007e-152		0.0000000e+00
1.3000000e+02		1.3100000e+02		1.3050000e+02		6.7007791e-01		4.0932721e-151		5.5940314e-152		7.0897552e-151		7.0897552e-151		0.0000000e+00
1.3100000e+02		1.3200000e+02		1.3150000e+02		9.0731094e-02		6.8932711e-150		9.6540277e-151		1.1939496e-149		1.1939496e-149		0.0000000e+00
1.3200000e+02		1.3300000e+02		1.3250000e+02		7.0547730e-02		1.1121015e-148		1.5955135e-149		1.9262163e-148		1.9262163e-148		0.0000000e+00
1.3300000e+02		1.3400000e+02		1.3350000e+02		9.5357088e-01		1.7204717e-147		2.5276736e-148		2.9799444e-147		2.9799444e-147		0.0000000e+00
1.3400000e+02		1.3500000e+02		1.3450000e+02		6.5246966e-02		2.5547117e-146		3.8422364e-147		4.4248904e-146		4.4248904e-146		0.0000000e+00
1.3500000e+02		1.3600000e+02		1.3550000e+02		1.3692679e-01		3.6443713e-145		5.6090781e-146		6.3122362e-145		6.3122362e-145		0.0000000e+00
1.3600000e+02		1.3700000e+02		1.3650000e+02		8.9861989e-02		4.9988883e-144		7.8707790e-145		8.6583285e-144		8.6583285e-144		0.0000000e+00
1.3700000e+02		1.3800000e+02		1.3750000e+02		9.2282630e-02		6.5988258e-143		1.0625444e-143		1.1429502e-142		1.1429502e-142		0.0000000e+00
1.3800000e+02		1.3900000e+02		1.3850000e+02		9.4180145e-02		8.3900390e-142		1.3811542e-142		1.4531974e-141		1.4531974e-141		0.0000000e+00
1.3900000e+02		1.4000000e+02		1.3950000e+02		3.1801144e-01		1.0282929e-140		1.7299895e-141		1.7810555e-140		1.7810555e-140		0.0000000e+00
1.4000000e+02		1.4100000e+02		1.4050000e+02		2.7729440e-01		1.2158118e-139		2.0897908e-140		2.1058478e-139		2.1058478e-139		0.0000000e+00
1.4100000e+02		1.4200000e+02		1.4150000e+02		1.3359910e-01		1.3878552e-138		2.4364461e-139		2.4038357e-138		2.4038357e-138		0.0000000e+00
1.4200000e+02		1.4300000e+02		1.4250000e+02		1.4479671e-01		1.5306380e-137		2.7436653e-138		2.6511427e-137		2.6511427e-137		0.0000000e+00
1.4300000e+02		1.4400000e+02		1.4350000e+02		1.6064305e-01		1.6321674e-136		2.9863291e-137		2.8269969e-136		2.8269969e-136		0.0000000e+00
1.4400000e+02		1.4500000e+02		1.4450000e+02		1.5363637e-01		1.6839349e-135		3.1440604e-136		2.9166608e-135		2.9166608e-135		0.0000000e+00
1.4500000e+02		1.4600000e+02		1.4550000e+02		1.6382583e-01		1.6820949e-134		3.2039772e-135		2.9134738e-134		2.9134738e-134		0.0000000e+00
1.4600000e+02		1.4700000e+02		1.4650000e+02		1.9977093e-01		1.6279024e-133		3.1624641e-134		2.8196097e-133		2.8196097e-133		0.0000000e+00
1.4700000e+02		1.4800000e+02		1.4750000e+02		2.4643334e-01		1.5273525e-132		3.0253691e-133		2.6454521e-132		2.6454521e-132		0.0000000e+00
1.4800000e+02		1.4900000e+02		1.4850000e+02		2.4167300e-01		1.3901320e-131		2.8068523e-132		2.4077792e-131		2.4077792e-131		0.0000000e+00
1.4900000e+02		1.5000000e+02		1.4950000e+02		2.1832777e-01		1.2281290e-130		2.5270942e-131		2.1271817e-130		2.1271817e-130		0.0000000e+00
1.5000000e+02		1.5100000e+02		1.5050000e+02		2.4023073e-01		1.0538079e-129		2.2092568e-130		1.8252488e-129		1.8252488e-129		0.0000000e+00
1.5100000e+02		1.5200000e+02		1.5150000e+02		2.5258505e-01		8.7873918e-129		1.8764874e-129		1.5220209e-128		1.5220209e-128		0.0000000e+00
1.5200000e+02		1.5300000e+02		1.5250000e+02		3.2229547e-01		7.1249951e-128		1.5494124e-128		1.2340853e-127		1.2340853e-127		0.0000000e+00
1.5300000e+02		1.5400000e+02		1.5350000e+02		3.5701286e-01		5.6204843e-127		1.2443693e-127		9.7349643e-127		9.7349643e-127		0.0000000e+00
1.5400000e+02		1.5500000e+02		1.5450000e+02		9.5486931e-01		4.3157853e-126		9.7258526e-127		7.4751595e-126		7.4751595e-126		0.0000000e+00
1.5500000e+02		1.5600000e+02		1.5550000e+02		7.8587524e-01		3.2275222e-125		7.4016855e-126		5.5902324e-125		5.5902324e-125		0.0000000e+00
1.5600000e+02		1.5700000e+02		1.5650000e+02		4.6648084e-01		2.3519196e-124		5.4875979e-125		4.0736443e-124		4.0736443e-124		0.0000000e+00
1.5700000e+02		1.5800000e+02		1.5750000e+02		4.2309893e-01		1.6708391e-123		3.9654727e-124		2.8939782e-123		2.8939782e-123		0.0000000e+00
1.5800000e+02		1.5900000e+02		1.5850000e+02		3.9008072e-01		1.1577510e-122		2.7943624e-123		2.0052835e-122		2.0052835e-122		0.0000000e+00
1.5900000e+02		1.6000000e+02		1.5950000e+02		3.8042347e-01		7.8283152e-122		1.9211169e-122		1.3559040e-121		1.3559040e-121		0.0000000e+00
1.6000000e+02		1.6100000e+02		1.6050000e+02		4.1635449e-01		5.1676527e-121		1.2891562e-121		8.9506371e-121		8.9506371e-121		0.0000000e+00
1.6100000e+02		1.6200000e+02		1.6150000e+02		4.7164413e-01		3.3318421e-120		8.4476383e-121		5.7709198e-120		5.7709198e-120		0.0000000e+00
1.6200000e+02		1.6300000e+02		1.6250000e+02		5.2241459e-01		2.0990896e-119		5.4079866e-120		3.6357299e-119		3.6357299e-119		0.0000000e+00
1.6300000e+02		1.6400000e+02		1.6350000e+02		1.1072121e+00		1.2927600e-118		3.3836911e-119		2.2391260e-118		2.2391260e-118		0.0000000e+00
1.6400000e+02		1.6500000e+02		1.6450000e+02		1.1323318e+00		7.7861986e-118		2.0700588e-118		1.3486092e-117		1.3486092e-117		0.0000000e+00
1.6500000e+02		1.6600000e+02		1.6550000e+02		1.3255566e+00		4.5880653e-117		1.2387701e-117		7.9467623e-117		7.9467623e-117		0.0000000e+00
1.6600000e+02		1.6700000e+02		1.6650000e+02		6.2522883e-01		2.6460741e-116		7.2541589e-117		4.5831347e-116		4.5831347e-116		0.0000000e+00
1.6700000e+02		1.6800000e+02		1.6750000e+02		6.6723830e-01		1.4942054e-115		4.1585366e-116		2.5880396e-115		2.5880396e-115		0.0000000e+00
1.6800000e+02		1.6900000e+02		1.6850000e+02		7.1904320e-01		8.2645286e-115		2.3346217e-115		1.4314583e-114		1.4314583e-114		0.0000000e+00
1.6900000e+02		1.7000000e+02		1.6950000e+02		9.0554889e-01		4.4790423e-114		1.2840310e-114		7.7579288e-114		7.7579288e-114		0.0000000e+00
1.7000000e+02		1.7100000e+02		1.7050000e+02		1.0161854e+00		2.3794001e-113		6.9211102e-114		4.1212419e-113		4.1212419e-113		0.0000000e+00
1.7100000e+02		1.7200000e+02		1.7150000e+02		1.0130704e+00		1.2394169e-112		3.6573900e-113		2.1467330e-112		2.1467330e-112		0.0000000e+00
1.7200000e+02		1.7300000e+02		1.7250000e+02		1.0571150e+00		6.3326242e-112		1.8954495e-112		1.0968427e-111		1.0968427e-111		0.0000000e+00
1.7300000e+02		1.7400000e+02		1.7350000e+02		1.0479596e+00		3.1747668e-111		9.6370682e-112		5.4988574e-111		5.4988574e-111		0.0000000e+00
1.7400000e+02		1.7500000e+02		1.7450000e+02		1.2530722e+00		1.5622258e-110		4.8085275e-111		2.7058545e-110		2.7058545e-110		0.0000000e+00
1.7500000e+02		1.7600000e+02		1.7550000e+02		1.4954862e+00		7.5477661e-110		2.3553418e-110		1.3073114e-109		1.3073114e-109		0.0000000e+00
1.7600000e+02		1.7700000e+02		1.7650000e+02		1.6135596e+00		3.5815523e-109		1.1329457e-109		6.2034306e-109		6.2034306e-109		0.0000000e+00
1.7700000e+02		1.7800000e+02		1.7750000e+02		1.9010195e+00		1.6696863e-108		5.3532024e-109		2.8919815e-108		2.8919815e-108		0.0000000e+00
1.7800000e+02		1.7900000e+02		1.7850000e+02		2.0776624e+00		7.6495980e-108		2.4854370e-108		1.3249492e-107		1.3249492e-107		0.0000000e+00
1.7900000e+02		1.8000000e+02		1.7950000e+02		2.0198657e+00		3.4451546e-107		1.1342668e-107		5.9671828e-107		5.9671828e-107		0.0000000e+00
1.8000000e+02		1.8100000e+02		1.8050000e+02		2.4976225e+00		1.5256971e-106		5.0897025e-107		2.6425849e-106		2.6425849e-106		0.0000000e+00
1.8100000e+02		1.8200000e+02		1.8150000e+02		3.0410490e+00		6.6456527e-106		2.2463412e-106		1.1510608e-105		1.1510608e-105		0.0000000e+00
1.8200000e+02		1.8300000e+02		1.8250000e+02		2.8073836e+00		2.8479488e-105		9.7554265e-106		4.9327921e-105		4.9327921e-105		0.0000000e+00
1.8300000e+02		1.8400000e+02		1.8350000e+02		2.9562417e+00		1.2010636e-104		4.1701510e-105		2.0803033e-104		2.0803033e-104		0.0000000e+00
1.8400000e+02		1.8500000e+02		1.8450000e+02		2.5409769e+00		4.9860230e-104		1.7549279e-104		8.6360452e-104		8.6360452e-104		0.0000000e+00
1.8500000e+02		1.8600000e+02		1.8550000e+02		2.8735562e+00		2.0379378e-103		7.2780800e-104		3.5298118e-103		3.5298118e-103		0.0000000e+00
1.8600000e+02		1.8700000e+02		1.8650000e+02		3.2604304e+00		8.2032544e-103		2.9748447e-103		1.4208453e-102		1.4208453e-102		0.0000000e+00
1.8700000e+02		1.8800000e+02		1.8750000e+02		3.6946466e+00		3.2526013e-102		1.1994179e-102		5.6336708e-102		5.6336708e-102		0.0000000e+00
1.8800000e+02		1.8900000e+02		1.8850000e+02		3.8870616e+00		1.2705787e-101		4.7761457e-102		2.2007069e-101		2.2007069e-101		0.0000000e+00
1.8900000e+02		1.9000000e+02		1.8950000e+02		4.3106081e+00		4.8905573e-101		1.8814910e-101		8.4706938e-101		8.4706938e-101		0.0000000e+00
1.9000000e+02		1.9100000e+02		1.9050000e+02		4.4384288e+00		1.8551523e-100		7.3360838e-101		3.2132181e-100		3.2132181e-100		0.0000000e+00
1.9100000e+02		1.9200000e+02		1.9150000e+02		4.8094361e+00		6.9366865e-100		2.8309584e-100		1.2014693e-99		1.2014693e-99		0.0000000e+00
1.9200000e+02		1.9300000e+02		1.9250000e+02		5.0365493e+00		2.5564743e-99		1.0853036e-99		4.4279433e-99		4.4279433e-99		0.0000000e+00
1.9300000e+02		1.9400000e+02		1.9350000e+02		3.8447944e+00		9.2910828e-99		4.1115063e-99		1.6092627e-98		1.6092627e-98		9.1151138e-262
1.9400000e+02		1.9500000e+02		1.9450000e+02		6.1679797e+00		3.3316903e-98		1.5322104e-98		5.7706568e-98		5.7706568e-98		5.3737548e-206
1.9500000e+02		1.9600000e+02		1.9550000e+02		5.9528271e+00		1.1788980e-97		4.7313808e-98		2.0419113e-97		2.0419113e-97		4.8921958e-164
1.9600000e+02		1.9700000e+02		1.9650000e+02		6.5508102e+00		4.1193499e-97		5.8822741e-96		7.1349233e-97		7.1349233e-97		1.1453968e-141
1.9700000e+02		1.9800000e+02		1.9750000e+02		6.5190955e+00		1.4213699e-96		7.7089861e-90		2.4618849e-96		2.4618849e-96		3.1872159e-125
1.9800000e+02		1.9900000e+02		1.9850000e+02		6.3883794e+00		2.2680016e-42		3.8706429e-35		3.9282939e-42		3.9282939e-42		9.2022335e-66
1.9900000e+02		2.0000000e+02		1.9950000e+02		6.7274707e+00		8.3277268e-06		4.0999069e-05		1.4424046e-05		1.4424046e-05		1.0102630e-13
2.0000000e+02		2.0100000e+02		2.0050000e+02		7.1125146e+00		3.7778125e-04		1.5733753e-03		6.5433632e-04		6.5433631e-04		1.1952681e-11
2.0100000e+02		2.0200000e+02		2.0150000e+02		7.5701275e+00		7.3358694e-02		2.5749488e-01		1.2706099e-01		1.2706098e-01		2.2491934e-09
2.0200000e+02		2.0300000e+02		2.0250000e+02		7.4828608e+00		1.4609170e-01		5.0433537e-01		2.5303826e-01		2.5303825e-01		5.4191469e-09
2.0300000e+02		2.0400000e+02		2.0350000e+02		8.0092047e+00		5.5260033e-01		1.8655263e+00		9.5713185e-01		9.5713184e-01		1.7197979e-08
2.0400000e+02		2.0500000e+02		2.0450000e+02		8.6207445e+00		1.0552304e+00		3.5330397e+00		1.8277127e+00		1.8277126e+00		3.5921342e-08
2.0500000e+02		2.0600000e+02		2.0550000e+02		8.6400754e+00		1.0682479e+00		3.5698119e+00		1.8502596e+00		1.8502595e+00		5.4922010e-08
2.0600000e+02		2.0700000e+02		2.0650000e+02		8.6510225e+00		1.0901502e+00		3.6361977e+00		1.8881955e+00		1.8881954e+00		8.3593163e-08
2.0700000e+02		2.0800000e+02		2.0750000e+02		9.3957826e+00		1.2043140e+00		4.0096660e+00		2.0859331e+00		2.0859330e+00		1.3651996e-07
2.0800000e+02		2.0900000e+02		2.0850000e+02		1.0163489e+01		1.3183871e+00		4.3816945e+00		2.2835135e+00		2.2835133e+00		2.1794768e-07
2.0900000e+02		2.1000000e+02		2.0950000e+02		1.3129215e+01		1.7327617e+00		5.7488647e+00		3.0012314e+00		3.0012310e+00		4.1502964e-07
2.1000000e+02		2.1100000e+02		2.1050000e+02		1.6183343e+01		2.1627684e+00		7.1634324e+00		3.7460250e+00		3.7460242e+00		7.3881935e-07
2.1100000e+02		2.1200000e+02		2.1150000e+02		1.8424170e+01		2.5003118e+00		8.2677382e+00		4.3306675e+00		4.3306663e+00		1.2116662e-06
2.1200000e+02		2.1300000e+02		2.1250000e+02		1.6428561e+01		2.2598906e+00		7.4607044e+00		3.9142457e+00		3.9142442e+00		1.5377253e-06
2.1300000e+02		2.1400000e+02		2.1350000e+02		1.6737981e+01		2.3340023e+00		7.6932829e+00		4.0426112e+00		4.0426090e+00		2.2045800e-06
2.1400000e+02		2.1500000e+02		2.1450000e+02		2.1432541e+01		3.0283223e+00		9.9665359e+00		5.2452093e+00		5.2452053e+00		3.9526783e-06
2.1500000e+02		2.1600000e+02		2.1550000e+02		1.8408135e+01		2.6335104e+00		8.6542178e+00		4.5613753e+00		4.5613706e+00		4.6852330e-06
2.1600000e+02		2.1700000e+02		2.1650000e+02		1.7036901e+01		2.4676768e+00		8.0973815e+00		4.2741434e+00		4.2741374e+00		5.9595217e-06
2.1700000e+02		2.1800000e+02		2.1750000e+02		1.7640866e+01		2.5857166e+00		8.4726153e+00		4.4785951e+00		4.4785867e+00		8.3858033e-06
2.1800000e+02		2.1900000e+02		2.1850000e+02		2.3730294e+01		3.5189901e+00		1.1514600e+01		6.0950744e+00		6.0950592e+00		1.5222830e-05
2.1900000e+02		2.2000000e+02		2.1950000e+02		2.5052511e+01		3.7575329e+00		1.2278402e+01		6.5082445e+00		6.5082230e+00		2.1526065e-05
2.2000000e+02		2.2100000e+02		2.2050000e+02		2.5203754e+01		3.8216472e+00		1.2471333e+01		6.6192960e+00		6.6192672e+00		2.8731749e-05
2.2100000e+02		2.2200000e+02		2.2150000e+02		2.0176768e+01		3.0928466e+00		1.0079897e+01		5.3569769e+00		5.3569465e+00		3.0364179e-05
2.2200000e+02		2.2300000e+02		2.2250000e+02		2.7154039e+01		4.2058839e+00		1.3690035e+01		7.2848212e+00		7.2847677e+00		5.3465462e-05
2.2300000e+02		2.2400000e+02		2.2350000e+02		3.5163062e+01		5.5028286e+00		1.7889364e+01		9.5312066e+00		9.5311165e+00		9.0083239e-05
2.2400000e+02		2.2500000e+02		2.2450000e+02		3.2875934e+01		5.1956722e+00		1.6870411e+01		8.9992018e+00		8.9990931e+00		1.0868225e-04
2.2500000e+02		2.2600000e+02		2.2550000e+02		2.8720078e+01		4.5835983e+00		1.4865419e+01		7.9390628e+00		7.9389409e+00		1.2184835e-04
2.2600000e+02		2.2700000e+02		2.2650000e+02		2.1037217e+01		3.3887137e+00		1.0977521e+01		5.8694594e+00		5.8693457e+00		1.1375552e-04
2.2700000e+02		2.2800000e+02		2.2750000e+02		2.0463841e+01		3.3266976e+00		1.0764481e+01		5.7620526e+00		5.7619124e+00		1.4020156e-04
2.2800000e+02		2.2900000e+02		2.2850000e+02		2.8509984e+01		4.6760518e+00		1.5114044e+01		8.0992354e+00		8.0989893e+00		2.4605316e-04
2.2900000e+02		2.3000000e+02		2.2950000e+02		2.5620938e+01		4.2390001e+00		1.3686664e+01		7.3422492e+00		7.3419723e+00		2.7690570e-04
2.3000000e+02		2.3100000e+02		2.3050000e+02		2.9055844e+01		4.8473972e+00		1.5634591e+01		8.3960591e+00		8.3956682e+00		3.9093261e-04
2.3100000e+02		2.3200000e+02		2.3150000e+02		2.7387429e+01		4.6070143e+00		1.4844028e+01		7.9797240e+00		7.9792677e+00		4.5635828e-04
2.3200000e+02		2.3300000e+02		2.3250000e+02		2.9413108e+01		4.9872266e+00		1.6052992e+01		8.6383166e+00		8.6377129e+00		6.0372048e-04
2.3300000e+02		2.3400000e+02		2.3350000e+02		2.6543685e+01		4.5357938e+00		1.4585625e+01		7.8564318e+00		7.8557641e+00		6.6773220e-04
2.3400000e+02		2.3500000e+02		2.3450000e+02		2.3194371e+01		3.9936116e+00		1.2829874e+01		6.9173583e+00		6.9166468e+00		7.1155612e-04
2.3500000e+02		2.3600000e+02		2.3550000e+02		3.1223226e+01		5.4159955e+00		1.7383189e+01		9.3811391e+00		9.3799765e+00		1.1625255e-03
2.3600000e+02		2.3700000e+02		2.3650000e+02		2.8911473e+01		5.0517620e+00		1.6199374e+01		8.7503107e+00		8.7490102e+00		1.3004668e-03
2.3700000e+02		2.3800000e+02		2.3750000e+02		3.0878004e+01		5.4331097e+00		1.7406741e+01		9.4109386e+00		9.4092685e+00		1.6701203e-03
2.3800000e+02		2.3900000e+02		2.3850000e+02		2.5598090e+01		4.5361884e+00		1.4520548e+01		7.8574217e+00		7.8557638e+00		1.6579834e-03
2.3900000e+02		2.4000000e+02		2.3950000e+02		2.7890834e+01		4.9758285e+00		1.5914368e+01		8.6190539e+00		8.6169003e+00		2.1536034e-03
2.4000000e+02		2.4100000e+02		2.4050000e+02		2.5623038e+01		4.6024116e+00		1.4707896e+01		7.9723376e+00		7.9699882e+00		2.3493779e-03
2.4100000e+02		2.4200000e+02		2.4150000e+02		3.0005079e+01		5.4262851e+00		1.7326774e+01		9.3996082e+00		9.3963540e+00		3.2542078e-03
2.4200000e+02		2.4300000e+02		2.4250000e+02		4.1301739e+01		7.5187624e+00		2.3989447e+01		1.3024511e+01		1.3019234e+01		5.2774911e-03
2.4300000e+02		2.4400000e+02		2.4350000e+02		3.8791639e+01		7.1079457e+00		2.2661335e+01		1.2313123e+01		1.2307305e+01		5.8179102e-03
2.4400000e+02		2.4500000e+02		2.4450000e+02		3.6329084e+01		6.7020849e+00		2.1351454e+01		1.1610323e+01		1.1603949e+01		6.3738798e-03
2.4500000e+02		2.4600000e+02		2.4550000e+02		2.9476122e+01		5.4701042e+00		1.7413972e+01		9.4763618e+00		9.4703379e+00		6.0239041e-03
2.4600000e+02		2.4700000e+02		2.4650000e+02		2.8685918e+01		5.3616682e+00		1.7056713e+01		9.2887894e+00		9.2819758e+00		6.8136067e-03
2.4700000e+02		2.4800000e+02		2.4750000e+02		3.1678139e+01		5.9572801e+00		1.8938478e+01		1.0321006e+01		1.0312298e+01		8.7080794e-03
2.4800000e+02		2.4900000e+02		2.4850000e+02		2.5406301e+01		4.8107089e+00		1.5283265e+01		8.3348864e+00		8.3268239e+00		8.0624569e-03
2.4900000e+02		2.5000000e+02		2.4950000e+02		3.0967514e+01		5.8988552e+00		1.8728078e+01		1.0220613e+01		1.0209312e+01		1.1300232e-02
2.5000000e+02		2.5100000e+02		2.5050000e+02		3.3448743e+01		6.4168354e+00		2.0359783e+01		1.1118618e+01		1.1104611e+01		1.4006857e-02
2.5100000e+02		2.5200000e+02		2.5150000e+02		2.7888154e+01		5.3852253e+00		1.7076200e+01		9.3316153e+00		9.3182596e+00		1.3355794e-02
2.5200000e+02		2.5300000e+02		2.5250000e+02		2.5069906e+01		4.8729021e+00		1.5442531e+01		8.4443498e+00		8.4306575e+00		1.3692273e-02
2.5300000e+02		2.5400000e+02		2.5350000e+02		3.1592540e+01		6.1825854e+00		1.9581803e+01		1.0714623e+01		1.0694997e+01		1.9626676e-02
2.5400000e+02		2.5500000e+02		2.5450000e+02		3.5730773e+01		7.0424155e+00		2.2292785e+01		1.2205613e+01		1.2180425e+01		2.5187995e-02
2.5500000e+02		2.5600000e+02		2.5550000e+02		4.8755658e+01		9.6649421e+00		3.0578098e+01		1.6752188e+01		1.6713341e+01		3.8847117e-02
2.5600000e+02		2.5700000e+02		2.5650000e+02		6.2803876e+01		1.2553312e+01		3.9695964e+01		2.1760468e+01		2.1703914e+01		5.6554139e-02
2.5700000e+02		2.5800000e+02		2.5750000e+02		7.8843355e+01		1.5866545e+01		5.0148246e+01		2.7506384e+01		2.7426468e+01		7.9916220e-02
2.5800000e+02		2.5900000e+02		2.5850000e+02		8.2991293e+01		1.6799935e+01		5.3073139e+01		2.9127540e+01		2.9033153e+01		9.4387278e-02
2.5900000e+02		2.6000000e+02		2.5950000e+02		7.0629481e+01		1.4418584e+01		4.5529410e+01		2.5001601e+01		2.4911474e+01		9.0127053e-02
2.6000000e+02		2.6100000e+02		2.6050000e+02		5.7868388e+01		1.1887294e+01		3.7520038e+01		2.0614916e+01		2.0532424e+01		8.2492065e-02
2.6100000e+02		2.6200000e+02		2.6150000e+02		5.9092703e+01		1.2233070e+01		3.8595363e+01		2.1217385e+01		2.1123362e+01		9.4022799e-02
2.6200000e+02		2.6300000e+02		2.6250000e+02		7.0528613e+01		1.4702083e+01		4.6366744e+01		2.5503390e+01		2.5378497e+01		1.2489362e-01
2.6300000e+02		2.6400000e+02		2.6350000e+02		1.0614195e+02		2.2305481e+01		7.0319544e+01		3.8698871e+01		3.8489899e+01		2.0897182e-01
2.6400000e+02		2.6500000e+02		2.6450000e+02		1.6548208e+02		3.4991622e+01		1.1027425e+02		6.0718875e+01		6.0358087e+01		3.6078823e-01
2.6500000e+02		2.6600000e+02		2.6550000e+02		1.7356948e+02		3.6990985e+01		1.1653604e+02		6.4199850e+01		6.3780955e+01		4.1889509e-01
2.6600000e+02		2.6700000e+02		2.6650000e+02		1.6826276e+02		3.6122045e+01		1.1376271e+02		6.2703923e+01		6.2255538e+01		4.4838482e-01
2.6700000e+02		2.6800000e+02		2.6750000e+02		1.6940220e+02		3.6639560e+01		1.1535861e+02		6.3615506e+01		6.3117921e+01		4.9758509e-01
2.6800000e+02		2.6900000e+02		2.6850000e+02		1.6778062e+02		3.6571638e+01		1.1511325e+02		6.3511704e+01		6.2969371e+01		5.4233287e-01
2.6900000e+02		2.7000000e+02		2.6950000e+02		1.5737310e+02		3.4536591e+01		1.0868025e+02		5.9991836e+01		5.9433541e+01		5.5829485e-01
2.7000000e+02		2.7100000e+02		2.7050000e+02		1.8181465e+02		4.0196797e+01		1.2646256e+02		6.9841595e+01		6.9134621e+01		7.0697400e-01
2.7100000e+02		2.7200000e+02		2.7150000e+02		1.5108640e+02		3.3653247e+01		1.0585369e+02		5.8488004e+01		5.7845128e+01		6.4287603e-01
2.7200000e+02		2.7300000e+02		2.7250000e+02		1.2154404e+02		2.7257441e+01		8.5719945e+01		4.7385932e+01		4.6821328e+01		5.6460430e-01
2.7300000e+02		2.7400000e+02		2.7350000e+02		1.2960124e+02		2.9277611e+01		9.2057549e+01		5.0913381e+01		5.0256928e+01		6.5645325e-01
2.7400000e+02		2.7500000e+02		2.7450000e+02		8.9183780e+01		2.0301128e+01		6.3823476e+01		3.5314797e+01		3.4822755e+01		4.9204161e-01
2.7500000e+02		2.7600000e+02		2.7550000e+02		1.1893609e+02		2.7249038e+01		8.5655883e+01		4.7417167e+01		4.6704542e+01		7.1262550e-01
2.7600000e+02		2.7700000e+02		2.7650000e+02		1.6564211e+02		3.8211484e+01		1.2010338e+02		6.6517334e+01		6.5440539e+01		1.0767952e+00
2.7700000e+02		2.7800000e+02		2.7750000e+02		1.5837296e+02		3.6782311e+01		1.1560190e+02		6.4053777e+01		6.2938700e+01		1.1150770e+00
2.7800000e+02		2.7900000e+02		2.7850000e+02		1.0921797e+02		2.5534289e+01		8.0246113e+01		4.4483945e+01		4.3652325e+01		8.3161975e-01
2.7900000e+02		2.8000000e+02		2.7950000e+02		6.1368404e+01		1.4439496e+01		4.5377018e+01		2.5165995e+01		2.4661528e+01		5.0446638e-01
2.8000000e+02		2.8100000e+02		2.8050000e+02		6.7313201e+01		1.5942939e+01		5.0100917e+01		2.7798565e+01		2.7201872e+01		5.9669353e-01
2.8100000e+02		2.8200000e+02		2.8150000e+02		1.3943196e+02		3.3229606e+01		1.0442516e+02		5.7966891e+01		5.6636586e+01		1.3303049e+00
2.8200000e+02		2.8300000e+02		2.8250000e+02		1.8983287e+02		4.5518675e+01		1.4304830e+02		7.9443107e+01		7.7495620e+01		1.9474869e+00
2.8300000e+02		2.8400000e+02		2.8350000e+02		1.9610227e+02		4.7287224e+01		1.4861367e+02		8.2571562e+01		8.0413177e+01		2.1583852e+00
2.8400000e+02		2.8500000e+02		2.8450000e+02		1.4459284e+02		3.5077860e+01		1.1025035e+02		6.1284491e+01		5.9578133e+01		1.7063578e+00
2.8500000e+02		2.8600000e+02		2.8550000e+02		9.2944992e+01		2.2675559e+01		7.1276456e+01		3.9638370e+01		3.8464443e+01		1.1739265e+00
2.8600000e+02		2.8700000e+02		2.8650000e+02		1.9045522e+02		4.6716806e+01		1.4686308e+02		8.1711337e+01		7.9139928e+01		2.5714088e+00
2.8700000e+02		2.8800000e+02		2.8750000e+02		2.2108403e+02		5.4531851e+01		1.7145504e+02		9.5437814e+01		9.2250844e+01		3.1869699e+00
2.8800000e+02		2.8900000e+02		2.8850000e+02		2.1010240e+02		5.2104151e+01		1.6384860e+02		9.1246154e+01		8.8016386e+01		3.2297687e+00
2.8900000e+02		2.9000000e+02		2.8950000e+02		3.1885068e+02		5.4701458e+01		1.7420768e+02		9.6002256e+01		9.1940298e+01		4.0619578e+00
2.9000000e+02		2.9100000e+02		2.9050000e+02		4.1860542e+02		5.1386115e+01		1.6623963e+02		9.0333893e+01		8.6032787e+01		4.3011057e+00
2.9100000e+02		2.9200000e+02		2.9150000e+02		4.0318642e+02		5.3504167e+01		1.7252565e+02		9.4118314e+01		8.9442721e+01		4.6755926e+00
2.9200000e+02		2.9300000e+02		2.9250000e+02		3.5818014e+02		5.1428477e+01		1.6530865e+02		9.0524248e+01		8.5844984e+01		4.6792638e+00
2.9300000e+02		2.9400000e+02		2.9350000e+02		3.7393440e+02		5.8241756e+01		1.8663608e+02		1.0257927e+02		9.7078673e+01		5.5005970e+00
2.9400000e+02		2.9500000e+02		2.9450000e+02		3.4819581e+02		5.8922835e+01		1.8826013e+02		1.0383862e+02		9.8080419e+01		5.7582050e+00
2.9500000e+02		2.9600000e+02		2.9550000e+02		3.7701055e+02		6.7201878e+01		2.1438581e+02		1.1850952e+02		1.1168076e+02		6.8287606e+00
2.9600000e+02		2.9700000e+02		2.9650000e+02		3.4493460e+02		6.2584634e+01		1.9963109e+02		1.1045958e+02		1.0380097e+02		6.6586145e+00
2.9700000e+02		2.9800000e+02		2.9750000e+02		3.5165811e+02		6.4989829e+01		2.0728121e+02		1.1480310e+02		1.0757039e+02		7.2327089e+00
2.9800000e+02		2.9900000e+02		2.9850000e+02		3.0223333e+02		5.6840949e+01		1.8127642e+02		1.0049664e+02		9.3885188e+01		6.6114525e+00
2.9900000e+02		3.0000000e+02		2.9950000e+02		3.4101318e+02		6.5315692e+01		2.0829106e+02		1.1558413e+02		1.0765117e+02		7.9329517e+00
3.0000000e+02		3.0100000e+02		3.0050000e+02		2.7131061e+02		5.2868423e+01		1.6859126e+02		9.3643338e+01		8.6943586e+01		6.6997519e+00
3.0100000e+02		3.0200000e+02		3.0150000e+02		3.1202593e+02		6.1906387e+01		1.9740970e+02		1.0975501e+02		1.0157648e+02		8.1785256e+00
3.0200000e+02		3.0300000e+02		3.0250000e+02		3.2846528e+02		6.6265045e+01		2.1131132e+02		1.1759548e+02		1.0847608e+02		9.1194037e+00
3.0300000e+02		3.0400000e+02		3.0350000e+02		4.2601061e+02		8.7487286e+01		2.7899399e+02		1.5540914e+02		1.4287718e+02		1.2531961e+01
3.0400000e+02		3.0500000e+02		3.0450000e+02		4.0776836e+02		8.5135686e+01		2.7150837e+02		1.5138294e+02		1.3869940e+02		1.2683545e+01
3.0500000e+02		3.0600000e+02		3.0550000e+02		4.1174793e+02		8.7316177e+01		2.7850182e+02		1.5542040e+02		1.4189399e+02		1.3526406e+01
3.0600000e+02		3.0700000e+02		3.0650000e+02		3.9053943e+02		8.3849417e+01		2.6750880e+02		1.4940861e+02		1.3590542e+02		1.3503193e+01
3.0700000e+02		3.0800000e+02		3.0750000e+02		4.3847484e+02		9.5399856e+01		3.0443661e+02		1.7017468e+02		1.5421431e+02		1.5960362e+01
3.0800000e+02		3.0900000e+02		3.0850000e+02		4.3035211e+02		9.4804502e+01		3.0261986e+02		1.6929961e+02		1.5283458e+02		1.6465030e+01
3.0900000e+02		3.1000000e+02		3.0950000e+02		3.4901328e+02		7.7882830e+01		2.4867727e+02		1.3923786e+02		1.2520556e+02		1.4032302e+01
3.1000000e+02		3.1100000e+02		3.1050000e+02		4.3927411e+02		9.3586762e+01		2.9961819e+02		1.6758527e+02		1.4984384e+02		1.7741430e+01
3.1100000e+02		3.1200000e+02		3.1150000e+02		5.2246540e+02		1.0071366e+02		3.2410250e+02		1.8071329e+02		1.6043790e+02		2.0275387e+01
3.1200000e+02		3.1300000e+02		3.1250000e+02		4.6521908e+02		8.1582364e+01		2.6393815e+02		1.4666682e+02		1.2933344e+02		1.7333379e+01
3.1300000e+02		3.1400000e+02		3.1350000e+02		4.9544367e+02		7.9397557e+01		2.5828287e+02		1.4299865e+02		1.2529020e+02		1.7708446e+01
3.1400000e+02		3.1500000e+02		3.1450000e+02		4.6729179e+02		6.8712787e+01		2.2479113e+02		1.2396812e+02		1.0795343e+02		1.6014689e+01
3.1500000e+02		3.1600000e+02		3.1550000e+02		4.5343123e+02		6.5090733e+01		2.1345736e+02		1.1760615e+02		1.0187721e+02		1.5728942e+01
3.1600000e+02		3.1700000e+02		3.1650000e+02		4.4229406e+02		6.5808524e+01		2.1561389e+02		1.1905684e+02		1.0265732e+02		1.6399515e+01
3.1700000e+02		3.1800000e+02		3.1750000e+02		5.6102832e+02		8.6529230e+01		2.8324949e+02		1.5674614e+02		1.3452795e+02		2.2218187e+01
3.1800000e+02		3.1900000e+02		3.1850000e+02		4.6340678e+02		7.4106214e+01		2.4237154e+02		1.3441599e+02		1.1482544e+02		1.9590551e+01
3.1900000e+02		3.2000000e+02		3.1950000e+02		4.9774832e+02		8.2546679e+01		2.6974607e+02		1.4991914e+02		1.2747150e+02		2.2447639e+01
3.2000000e+02		3.2100000e+02		3.2050000e+02		5.7184857e+02		9.7398617e+01		3.1817854e+02		1.7713081e+02		1.4987510e+02		2.7255710e+01
3.2100000e+02		3.2200000e+02		3.2150000e+02		4.8024660e+02		8.3179191e+01		2.7178652e+02		1.5148457e+02		1.2751795e+02		2.3966620e+01
3.2200000e+02		3.2300000e+02		3.2250000e+02		4.8228681e+02		8.4939289e+01		2.7760106e+02		1.5490995e+02		1.2972529e+02		2.5184656e+01
3.2300000e+02		3.2400000e+02		3.2350000e+02		4.6607071e+02		8.3464957e+01		2.7284833e+02		1.5243964e+02		1.2698567e+02		2.5453971e+01
3.2400000e+02		3.2500000e+02		3.2450000e+02		5.4882129e+02		9.9931468e+01		3.2675923e+02		1.8277775e+02		1.5144922e+02		3.1328527e+01
3.2500000e+02		3.2600000e+02		3.2550000e+02		6.3196128e+02		1.1127666e+02		3.6491682e+02		2.0389293e+02		1.6782945e+02		3.6063478e+01
3.2600000e+02		3.2700000e+02		3.2650000e+02		7.1301257e+02		1.1574971e+02		3.8174225e+02		2.1252002e+02		1.7361330e+02		3.8906719e+01
3.2700000e+02		3.2800000e+02		3.2750000e+02		6.8984049e+02		1.0353477e+02		3.4344245e+02		1.9045575e+02		1.5448229e+02		3.5973458e+01
3.2800000e+02		3.2900000e+02		3.2850000e+02		6.6596082e+02		9.2628863e+01		3.0909285e+02		1.7069943e+02		1.3752776e+02		3.3171666e+01
3.2900000e+02		3.3000000e+02		3.2950000e+02		7.7527139e+02		1.0014190e+02		3.3619495e+02		1.8485578e+02		1.4798798e+02		3.6867796e+01
3.3000000e+02		3.3100000e+02		3.3050000e+02		7.3029799e+02		9.6684203e+01		3.2448951e+02		1.7876021e+02		1.4223720e+02		3.6523009e+01
3.3100000e+02		3.3200000e+02		3.3150000e+02		6.9881652e+02		1.0481735e+02		3.4946422e+02		1.9407356e+02		1.5358632e+02		4.0487238e+01
3.3200000e+02		3.3300000e+02		3.3250000e+02		6.8562051e+02		1.1704561e+02		3.8772424e+02		2.1695790e+02		1.7096106e+02		4.5996840e+01
3.3300000e+02		3.3400000e+02		3.3350000e+02		6.5878216e+02		1.2870251e+02		4.2365954e+02		2.3874301e+02		1.8759087e+02		5.1152147e+01
3.3400000e+02		3.3500000e+02		3.3450000e+02		6.9405546e+02		1.5619897e+02		5.1100350e+02		2.8983062e+02		2.2748604e+02		6.2344574e+01
3.3500000e+02		3.3600000e+02		3.3550000e+02		6.8541663e+02		1.6806679e+02		5.4813753e+02		3.1204479e+02		2.4433890e+02		6.7705885e+01
3.3600000e+02		3.3700000e+02		3.3650000e+02		5.6469084e+02		1.4186368e+02		4.6265234e+02		2.6375257e+02		2.0544422e+02		5.8308354e+01
3.3700000e+02		3.3800000e+02		3.3750000e+02		5.9573781e+02		1.5334723e+02		5.0007537e+02		2.8548811e+02		2.2121413e+02		6.4273981e+01
3.3800000e+02		3.3900000e+02		3.3850000e+02		6.4448401e+02		1.6999028e+02		5.5431877e+02		3.1689743e+02		2.4427454e+02		7.2622889e+01
3.3900000e+02		3.4000000e+02		3.3950000e+02		6.7448220e+02		1.8230768e+02		5.9445062e+02		3.4031185e+02		2.6096493e+02		7.9346916e+01
3.4000000e+02		3.4100000e+02		3.4050000e+02		7.1196374e+02		1.9361940e+02		6.3184558e+02		3.6201408e+02		2.7584709e+02		8.6166992e+01
3.4100000e+02		3.4200000e+02		3.4150000e+02		6.4984945e+02		1.7459174e+02		5.7071322e+02		3.2706767e+02		2.4733211e+02		7.9735556e+01
3.4200000e+02		3.4300000e+02		3.4250000e+02		7.0477558e+02		1.8708958e+02		6.1260616e+02		3.5115801e+02		2.6352370e+02		8.7634306e+01
3.4300000e+02		3.4400000e+02		3.4350000e+02		6.9264465e+02		1.8170286e+02		5.9598630e+02		3.4170809e+02		2.5446119e+02		8.7246899e+01
3.4400000e+02		3.4500000e+02		3.4450000e+02		5.5710877e+02		1.4444597e+02		4.7460005e+02		2.7217025e+02		2.0110915e+02		7.1061102e+01
3.4500000e+02		3.4600000e+02		3.4550000e+02		6.7138909e+02		1.7473176e+02		5.7465685e+02		3.2979667e+02		2.4202325e+02		8.7773420e+01
3.4600000e+02		3.4700000e+02		3.4650000e+02		6.5194093e+02		1.7294817e+02		5.6889109e+02		3.2690673e+02		2.3848898e+02		8.8417745e+01
3.4700000e+02		3.4800000e+02		3.4750000e+02		6.4525828e+02		1.7448496e+02		5.7404565e+02		3.3029034e+02		2.3953924e+02		9.0751097e+01
3.4800000e+02		3.4900000e+02		3.4850000e+02		6.6761091e+02		1.8402282e+02		6.0552783e+02		3.4884765e+02		2.5151088e+02		9.7336774e+01
3.4900000e+02		3.5000000e+02		3.4950000e+02		6.3989005e+02		1.7979803e+02		5.9172495e+02		3.4132745e+02		2.4464576e+02		9.6681686e+01
3.5000000e+02		3.5100000e+02		3.5050000e+02		7.6650484e+02		2.2455467e+02		7.3831220e+02		4.2671731e+02		3.0459787e+02		1.2211943e+02
3.5100000e+02		3.5200000e+02		3.5150000e+02		7.1211510e+02		2.1545144e+02		7.0805947e+02		4.0992356e+02		2.9112234e+02		1.1880122e+02
3.5200000e+02		3.5300000e+02		3.5250000e+02		6.5785102e+02		1.9947833e+02		6.5621938e+02		3.8019024e+02		2.6807113e+02		1.1211911e+02
3.5300000e+02		3.5400000e+02		3.5350000e+02		7.5263834e+02		2.2872599e+02		7.5318661e+02		4.3669028e+02		3.0568748e+02		1.3100280e+02
3.5400000e+02		3.5500000e+02		3.5450000e+02		8.0329241e+02		2.4465606e+02		8.0644996e+02		4.6791564e+02		3.2516654e+02		1.4274910e+02
3.5500000e+02		3.5600000e+02		3.5550000e+02		7.5433512e+02		2.3024593e+02		7.5971078e+02		4.4112102e+02		3.0430552e+02		1.3681550e+02
3.5600000e+02		3.5700000e+02		3.5650000e+02		6.5576441e+02		2.0059174e+02		6.6252864e+02		3.8497585e+02		2.6362071e+02		1.2135514e+02
3.5700000e+02		3.5800000e+02		3.5750000e+02		5.7307986e+02		1.7567511e+02		5.8081447e+02		3.3774241e+02		2.2956531e+02		1.0817711e+02
3.5800000e+02		3.5900000e+02		3.5850000e+02		4.9194729e+02		1.5112488e+02		5.0014843e+02		2.9104916e+02		1.9635534e+02		9.4693812e+01
3.5900000e+02		3.6000000e+02		3.5950000e+02		7.1030971e+02		2.1866532e+02		7.2440039e+02		4.2185696e+02		2.8247432e+02		1.3938265e+02
3.6000000e+02		3.6100000e+02		3.6050000e+02		7.0092701e+02		2.1622817e+02		7.1704566e+02		4.1788065e+02		2.7770613e+02		1.4017452e+02
3.6100000e+02		3.6200000e+02		3.6150000e+02		6.5110481e+02		2.0127521e+02		6.6812925e+02		3.8965887e+02		2.5699211e+02		1.3266675e+02
3.6200000e+02		3.6300000e+02		3.6250000e+02		7.3500056e+02		2.2767724e+02		7.5652837e+02		4.4153750e+02		2.8899343e+02		1.5254407e+02
3.6300000e+02		3.6400000e+02		3.6350000e+02		7.1558904e+02		2.2211654e+02		7.3879097e+02		4.3150104e+02		2.8026634e+02		1.5123470e+02
3.6400000e+02		3.6500000e+02		3.6450000e+02		7.4837927e+02		2.3276466e+02		7.7498333e+02		4.5297066e+02		2.9195228e+02		1.6101839e+02
3.6500000e+02		3.6600000e+02		3.6550000e+02		8.5179486e+02		2.6546130e+02		8.8472982e+02		5.1749400e+02		3.3096668e+02		1.8652732e+02
3.6600000e+02		3.6700000e+02		3.6650000e+02		9.1042532e+02		2.8429834e+02		9.4845626e+02		5.5517300e+02		3.5231357e+02		2.0285943e+02
3.6700000e+02		3.6800000e+02		3.6750000e+02		8.7909512e+02		2.7505696e+02		9.1854080e+02		5.3805323e+02		3.3879244e+02		1.9926079e+02
3.6800000e+02		3.6900000e+02		3.6850000e+02		8.1047729e+02		2.5408404e+02		8.4934720e+02		4.9788281e+02		3.1104905e+02		1.8683376e+02
3.6900000e+02		3.7000000e+02		3.6950000e+02		8.9967825e+02		2.8259637e+02		9.4559606e+02		5.5470475e+02		3.4382955e+02		2.1087521e+02
3.7000000e+02		3.7100000e+02		3.7050000e+02		8.4427990e+02		2.6570624e+02		8.8996122e+02		5.2244540e+02		3.2128354e+02		2.0116186e+02
3.7100000e+02		3.7200000e+02		3.7150000e+02		8.7164560e+02		2.7484282e+02		9.2147380e+02		5.4133437e+02		3.3026792e+02		2.1106645e+02
3.7200000e+02		3.7300000e+02		3.7250000e+02		7.2411383e+02		2.2875661e+02		7.6771571e+02		4.5133078e+02		2.7317222e+02		1.7815856e+02
3.7300000e+02		3.7400000e+02		3.7350000e+02		6.3155746e+02		1.9989195e+02		6.7150478e+02		3.9505233e+02		2.3720561e+02		1.5784672e+02
3.7400000e+02		3.7500000e+02		3.7450000e+02		6.4642322e+02		2.0497852e+02		6.8926773e+02		4.0579202e+02		2.4170794e+02		1.6408409e+02
3.7500000e+02		3.7600000e+02		3.7550000e+02		7.4036161e+02		2.3520017e+02		7.9166552e+02		4.6640837e+02		2.7558753e+02		1.9082083e+02
3.7600000e+02		3.7700000e+02		3.7650000e+02		7.6758018e+02		2.4429426e+02		8.2307716e+02		4.8525851e+02		2.8442072e+02		2.0083779e+02
3.7700000e+02		3.7800000e+02		3.7750000e+02		9.0048278e+02		2.8711387e+02		9.6828505e+02		5.7127177e+02		3.3213543e+02		2.3913634e+02
3.7800000e+02		3.7900000e+02		3.7850000e+02		9.3786543e+02		2.9957258e+02		1.0112800e+03		5.9705831e+02		3.4432095e+02		2.5273736e+02
3.7900000e+02		3.8000000e+02		3.7950000e+02		7.6051322e+02		2.4335745e+02		8.2230468e+02		4.8582825e+02		2.7790345e+02		2.0792480e+02
3.8000000e+02		3.8100000e+02		3.8050000e+02		8.2814537e+02		2.6546938e+02		8.9788297e+02		5.3085169e+02		3.0118925e+02		2.2966244e+02
3.8100000e+02		3.8200000e+02		3.8150000e+02		7.4366886e+02		2.3880922e+02		8.0848497e+02		4.7833004e+02		2.6917825e+02		2.0915179e+02
3.8200000e+02		3.8300000e+02		3.8250000e+02		5.3336093e+02		1.7157343e+02		5.8141305e+02		3.4422425e+02		1.9212822e+02		1.5209603e+02
3.8300000e+02		3.8400000e+02		3.8350000e+02		4.7073026e+02		1.5168829e+02		5.1451606e+02		3.0482832e+02		1.6874623e+02		1.3608209e+02
3.8400000e+02		3.8500000e+02		3.8450000e+02		6.2969557e+02		2.0326167e+02		6.9010117e+02		4.0913583e+02		2.2462974e+02		1.8450609e+02
3.8500000e+02		3.8600000e+02		3.8550000e+02		6.6694888e+02		2.1565333e+02		7.3286168e+02		4.3478423e+02		2.3674827e+02		1.9803596e+02
3.8600000e+02		3.8700000e+02		3.8650000e+02		6.6977732e+02		2.1693355e+02		7.3790299e+02		4.3807320e+02		2.3657327e+02		2.0149993e+02
3.8700000e+02		3.8800000e+02		3.8750000e+02		6.6902499e+02		2.1705272e+02		7.3899684e+02		4.3901992e+02		2.3512682e+02		2.0389311e+02
3.8800000e+02		3.8900000e+02		3.8850000e+02		6.7841027e+02		2.2046309e+02		7.5130469e+02		4.4663274e+02		2.3722515e+02		2.0940759e+02
3.8900000e+02		3.9000000e+02		3.8950000e+02		8.1451188e+02		2.6512794e+02		9.0435012e+02		5.3797539e+02		2.8337297e+02		2.5460242e+02
3.9000000e+02		3.9100000e+02		3.9050000e+02		8.5560997e+02		2.7896043e+02		9.5240705e+02		5.6694155e+02		2.9615149e+02		2.7079006e+02
3.9100000e+02		3.9200000e+02		3.9150000e+02		9.2006232e+02		3.0046010e+02		1.0267475e+03		6.1160034e+02		3.1682336e+02		2.9477698e+02
3.9200000e+02		3.9300000e+02		3.9250000e+02		7.0614281e+02		2.3097185e+02		7.9000654e+02		4.7089231e+02		2.4190196e+02		2.2899035e+02
3.9300000e+02		3.9400000e+02		3.9350000e+02		4.3291589e+02		1.4182774e+02		4.8554055e+02		2.8960211e+02		1.4753076e+02		1.4207135e+02
3.9400000e+02		3.9500000e+02		3.9450000e+02		7.1565803e+02		2.3482731e+02		8.0464342e+02		4.8024564e+02		2.4260647e+02		2.3763917e+02
3.9500000e+02		3.9600000e+02		3.9550000e+02		8.7888136e+02		2.8883710e+02		9.9059524e+02		5.9161390e+02		2.9636759e+02		2.9524631e+02
3.9600000e+02		3.9700000e+02		3.9650000e+02		6.0712893e+02		1.9981287e+02		6.8587872e+02		4.0987636e+02		2.0366633e+02		2.0621003e+02
3.9700000e+02		3.9800000e+02		3.9750000e+02		6.8053003e+02		2.2428098e+02		7.7055411e+02		4.6076840e+02		2.2704220e+02		2.3372620e+02
3.9800000e+02		3.9900000e+02		3.9850000e+02		1.0480559e+03		3.4575171e+02		1.1889657e+03		7.1140048e+02		3.4759805e+02		3.6380243e+02
3.9900000e+02		4.0000000e+02		3.9950000e+02		1.1577145e+03		3.8226840e+02		1.3157369e+03		7.8773027e+02		3.8164181e+02		4.0608846e+02
4.0000000e+02		4.0100000e+02		4.0050000e+02		1.1939713e+03		3.9535748e+02		1.3618715e+03		8.1592312e+02		3.9198444e+02		4.2393868e+02
4.0100000e+02		4.0200000e+02		4.0150000e+02		1.2509583e+03		4.1488318e+02		1.4303850e+03		8.5753939e+02		4.0839676e+02		4.4914263e+02
4.0200000e+02		4.0300000e+02		4.0250000e+02		1.2664199e+03		4.2063124e+02		1.4514476e+03		8.7070929e+02		4.1117710e+02		4.5953219e+02
4.0300000e+02		4.0400000e+02		4.0350000e+02		1.2115903e+03		4.0300924e+02		1.3918269e+03		8.3546076e+02		3.9120698e+02		4.4425379e+02
4.0400000e+02		4.0500000e+02		4.0450000e+02		1.1914959e+03		3.9690066e+02		1.3718926e+03		8.2400200e+02		3.8258776e+02		4.4141424e+02
4.0500000e+02		4.0600000e+02		4.0550000e+02		1.1904731e+03		3.9713083e+02		1.3738447e+03		8.2567928e+02		3.8013175e+02		4.4554753e+02
4.0600000e+02		4.0700000e+02		4.0650000e+02		1.1388815e+03		3.8046265e+02		1.3172841e+03		7.9216762e+02		3.6162440e+02		4.3054322e+02
4.0700000e+02		4.0800000e+02		4.0750000e+02		1.1575323e+03		3.8724057e+02		1.3418664e+03		8.0743785e+02		3.6548178e+02		4.4195607e+02
4.0800000e+02		4.0900000e+02		4.0850000e+02		1.2307397e+03		4.1230917e+02		1.4299145e+03		8.6093494e+02		3.8640370e+02		4.7453125e+02
4.0900000e+02		4.1000000e+02		4.0950000e+02		1.2243097e+03		4.1072579e+02		1.4255922e+03		8.5884401e+02		3.8220648e+02		4.7663753e+02
4.1000000e+02		4.1100000e+02		4.1050000e+02		1.1216634e+03		3.7680964e+02		1.3089385e+03		7.8903303e+02		3.4816929e+02		4.4086374e+02
4.1100000e+02		4.1200000e+02		4.1150000e+02		1.3003372e+03		4.3743059e+02		1.5207501e+03		9.1725280e+02		4.0132365e+02		5.1592916e+02
4.1200000e+02		4.1300000e+02		4.1250000e+02		1.2760342e+03		4.2983734e+02		1.4955535e+03		9.0258189e+02		3.9156315e+02		5.1101874e+02
4.1300000e+02		4.1400000e+02		4.1350000e+02		1.2308584e+03		4.1517728e+02		1.4456996e+03		8.7300048e+02		3.7552464e+02		4.9747584e+02
4.1400000e+02		4.1500000e+02		4.1450000e+02		1.2488872e+03		4.2182023e+02		1.4699961e+03		8.8818323e+02		3.7882158e+02		5.0936165e+02
4.1500000e+02		4.1600000e+02		4.1550000e+02		1.2477523e+03		4.2199406e+02		1.4717600e+03		8.8975739e+02		3.7628038e+02		5.1347702e+02
4.1600000e+02		4.1700000e+02		4.1650000e+02		1.2947363e+03		4.3845775e+02		1.5303745e+03		9.2571760e+02		3.8817611e+02		5.3754149e+02
4.1700000e+02		4.1800000e+02		4.1750000e+02		1.1781342e+03		3.9948826e+02		1.3954382e+03		8.4456935e+02		3.5115677e+02		4.9341258e+02
4.1800000e+02		4.1900000e+02		4.1850000e+02		1.2217101e+03		4.1478445e+02		1.4499691e+03		8.7804484e+02		3.6206301e+02		5.1598183e+02
4.1900000e+02		4.2000000e+02		4.1950000e+02		1.2338424e+03		4.1945310e+02		1.4674291e+03		8.8913257e+02		3.6344835e+02		5.2568422e+02
4.2000000e+02		4.2100000e+02		4.2050000e+02		1.2494927e+03		4.2531235e+02		1.4890587e+03		9.0273700e+02		3.6588116e+02		5.3685585e+02
4.2100000e+02		4.2200000e+02		4.2150000e+02		1.2299982e+03		4.1920240e+02		1.4687740e+03		8.9092696e+02		3.5803850e+02		5.3288846e+02
4.2200000e+02		4.2300000e+02		4.2250000e+02		1.1657134e+03		3.9778777e+02		1.3947862e+03		8.4650729e+02		3.3730891e+02		5.0919838e+02
4.2300000e+02		4.2400000e+02		4.2350000e+02		1.2419943e+03		4.2434097e+02		1.4889968e+03		9.0417191e+02		3.5723869e+02		5.4693322e+02
4.2400000e+02		4.2500000e+02		4.2450000e+02		1.2850442e+03		4.3958671e+02		1.5436312e+03		9.3784967e+02		3.6741089e+02		5.7043877e+02
4.2500000e+02		4.2600000e+02		4.2550000e+02		1.2367256e+03		4.2357119e+02		1.4884806e+03		9.0482288e+02		3.5147529e+02		5.5334759e+02
4.2600000e+02		4.2700000e+02		4.2650000e+02		1.2316584e+03		4.2234309e+02		1.4852431e+03		9.0333098e+02		3.4792992e+02		5.5540106e+02
4.2700000e+02		4.2800000e+02		4.2750000e+02		1.1420512e+03		3.9208323e+02		1.3798232e+03		8.3965332e+02		3.2067115e+02		5.1898217e+02
4.2800000e+02		4.2900000e+02		4.2850000e+02		1.1495483e+03		3.9512367e+02		1.3915180e+03		8.4720967e+02		3.2082430e+02		5.2638537e+02
4.2900000e+02		4.3000000e+02		4.2950000e+02		1.0698649e+03		3.6816583e+02		1.2975005e+03		7.9037528e+02		2.9677533e+02		4.9359995e+02
4.3000000e+02		4.3100000e+02		4.3050000e+02		8.6065012e+02		2.9651421e+02		1.0457200e+03		6.3732843e+02		2.3728898e+02		4.0003946e+02
4.3100000e+02		4.3200000e+02		4.3150000e+02		1.0641754e+03		3.6705581e+02		1.2954049e+03		7.8990289e+02		2.9161486e+02		4.9828803e+02
4.3200000e+02		4.3300000e+02		4.3250000e+02		1.1990384e+03		4.1404512e+02		1.4622521e+03		8.9209074e+02		3.2656422e+02		5.6552652e+02
4.3300000e+02		4.3400000e+02		4.3350000e+02		1.3017454e+03		4.5002024e+02		1.5903966e+03		9.7075386e+02		3.5236629e+02		6.1838757e+02
4.3400000e+02		4.3500000e+02		4.3450000e+02		1.1054356e+03		3.8258385e+02		1.3529960e+03		8.2625744e+02		2.9739142e+02		5.2886602e+02
4.3500000e+02		4.3600000e+02		4.3550000e+02		1.2347447e+03		4.2781237e+02		1.5139703e+03		9.2501704e+02		3.3013599e+02		5.9488105e+02
4.3600000e+02		4.3700000e+02		4.3650000e+02		1.3814970e+03		4.7918689e+02		1.6969177e+03		1.0373014e+03		3.6709679e+02		6.7020458e+02
4.3700000e+02		4.3800000e+02		4.3750000e+02		1.2223713e+03		4.2445613e+02		1.5041051e+03		9.1988279e+02		3.2280704e+02		5.9707575e+02
4.3800000e+02		4.3900000e+02		4.3850000e+02		1.1905029e+03		4.1383833e+02		1.4674499e+03		8.9789605e+02		3.1244533e+02		5.8545073e+02
4.3900000e+02		4.4000000e+02		4.3950000e+02		1.3250738e+03		4.6111122e+02		1.6361487e+03		1.0015936e+03		3.4561189e+02		6.5598172e+02
4.4000000e+02		4.4100000e+02		4.4050000e+02		1.2562739e+03		4.3762919e+02		1.5538310e+03		9.5164161e+02		3.2565845e+02		6.2598316e+02
4.4100000e+02		4.4200000e+02		4.4150000e+02		1.3817384e+03		4.8112170e+02		1.7094989e+03		1.0473619e+03		3.5546847e+02		6.9189348e+02
4.4200000e+02		4.4300000e+02		4.4250000e+02		1.4526378e+03		5.0594798e+02		1.7989562e+03		1.1026391e+03		3.7105944e+02		7.3157967e+02
4.4300000e+02		4.4400000e+02		4.4350000e+02		1.4050936e+03		4.8984276e+02		1.7428127e+03		1.0687134e+03		3.5662862e+02		7.1208475e+02
4.4400000e+02		4.4500000e+02		4.4450000e+02		1.4475318e+03		5.0390981e+02		1.7942974e+03		1.1006524e+03		3.6408318e+02		7.3656921e+02
4.4500000e+02		4.4600000e+02		4.4550000e+02		1.3420773e+03		4.6772234e+02		1.6664736e+03		1.0227112e+03		3.3548038e+02		6.8723083e+02
4.4600000e+02		4.4700000e+02		4.4650000e+02		1.3689269e+03		4.7913730e+02		1.7078177e+03		1.0487287e+03		3.4130625e+02		7.0742246e+02
4.4700000e+02		4.4800000e+02		4.4750000e+02		1.4837056e+03		5.2021350e+02		1.8552780e+03		1.1398338e+03		3.6789130e+02		7.7194251e+02
4.4800000e+02		4.4900000e+02		4.4850000e+02		1.4587166e+03		5.1228411e+02		1.8280446e+03		1.1236460e+03		3.5963539e+02		7.6401061e+02
4.4900000e+02		4.5000000e+02		4.4950000e+02		1.4737837e+03		5.1813863e+02		1.8500686e+03		1.1377139e+03		3.6100688e+02		7.7670706e+02
4.5000000e+02		4.5100000e+02		4.5050000e+02		1.5636828e+03		5.5028576e+02		1.9660377e+03		1.2095629e+03		3.8058913e+02		8.2897379e+02
4.5100000e+02		4.5200000e+02		4.5150000e+02		1.5589734e+03		5.4915965e+02		1.9631817e+03		1.2083272e+03		3.7704283e+02		8.3128437e+02
4.5200000e+02		4.5300000e+02		4.5250000e+02		1.4757889e+03		5.2035630e+02		1.8613107e+03		1.1461166e+03		3.5466365e+02		7.9145299e+02
4.5300000e+02		4.5400000e+02		4.5350000e+02		1.4141855e+03		4.9910970e+02		1.7863565e+03		1.1004300e+03		3.3770362e+02		7.6272635e+02
4.5400000e+02		4.5500000e+02		4.5450000e+02		1.5096596e+03		5.3330803e+02		1.9098629e+03		1.1770076e+03		3.5821340e+02		8.1879420e+02
4.5500000e+02		4.5600000e+02		4.5550000e+02		1.4952815e+03		5.2872270e+02		1.8945316e+03		1.1680467e+03		3.5254609e+02		8.1550063e+02
4.5600000e+02		4.5700000e+02		4.5650000e+02		1.5527317e+03		5.4954569e+02		1.9702687e+03		1.2152443e+03		3.6376108e+02		8.5148319e+02
4.5700000e+02		4.5800000e+02		4.5750000e+02		1.5677329e+03		5.5536481e+02		1.9922585e+03		1.2293119e+03		3.6493508e+02		8.6437679e+02
4.5800000e+02		4.5900000e+02		4.5850000e+02		1.4734199e+03		5.2243017e+02		1.8751638e+03		1.1575303e+03		3.4079310e+02		8.1673716e+02
4.5900000e+02		4.6000000e+02		4.5950000e+02		1.5222067e+03		5.4021589e+02		1.9400811e+03		1.1980869e+03		3.4982891e+02		8.4825796e+02
4.6000000e+02		4.6100000e+02		4.6050000e+02		1.5039223e+03		5.3420472e+02		1.9195517e+03		1.1858835e+03		3.4341751e+02		8.4246599e+02
4.6100000e+02		4.6200000e+02		4.6150000e+02		1.5386000e+03		5.4700749e+02		1.9666311e+03		1.2154509e+03		3.4908813e+02		8.6636282e+02
4.6200000e+02		4.6300000e+02		4.6250000e+02		1.5538294e+03		5.5290788e+02		1.9889229e+03		1.2297118e+03		3.5028560e+02		8.7942623e+02
4.6300000e+02		4.6400000e+02		4.6350000e+02		1.5018384e+03		5.3487371e+02		1.9250853e+03		1.1907068e+03		3.3639466e+02		8.5431211e+02
4.6400000e+02		4.6500000e+02		4.6450000e+02		1.5281564e+03		5.4471732e+02		1.9615595e+03		1.2137364e+03		3.4009332e+02		8.7364303e+02
4.6500000e+02		4.6600000e+02		4.6550000e+02		1.4760608e+03		5.2659861e+02		1.8973160e+03		1.1744354e+03		3.2638978e+02		8.4804557e+02
4.6600000e+02		4.6700000e+02		4.6650000e+02		1.4854121e+03		5.3038504e+02		1.9119604e+03		1.1839504e+03		3.2634665e+02		8.5760378e+02
4.6700000e+02		4.6800000e+02		4.6750000e+02		1.4997486e+03		5.3576658e+02		1.9323727e+03		1.1969825e+03		3.2738251e+02		8.6960004e+02
4.6800000e+02		4.6900000e+02		4.6850000e+02		1.4665907e+03		5.2443471e+02		1.8924605e+03		1.1727099e+03		3.1812617e+02		8.5458377e+02
4.6900000e+02		4.7000000e+02		4.6950000e+02		1.5086728e+03		5.3971802e+02		1.9486555e+03		1.2079495e+03		3.2502182e+02		8.8292768e+02
4.7000000e+02		4.7100000e+02		4.7050000e+02		1.4256243e+03		5.1029017e+02		1.8433733e+03		1.1430884e+03		3.0506372e+02		8.3802465e+02
4.7100000e+02		4.7200000e+02		4.7150000e+02		1.4904926e+03		5.3377258e+02		1.9292129e+03		1.1967321e+03		3.1677706e+02		8.7995505e+02
4.7200000e+02		4.7300000e+02		4.7250000e+02		1.5269264e+03		5.4726955e+02		1.9789787e+03		1.2280475e+03		3.2243200e+02		9.0561554e+02
4.7300000e+02		4.7400000e+02		4.7350000e+02		1.4995420e+03		5.3742687e+02		1.9444634e+03		1.2070041e+03		3.1430412e+02		8.9270002e+02
4.7400000e+02		4.7500000e+02		4.7450000e+02		1.5448084e+03		5.5478678e+02		2.0080799e+03		1.2470250e+03		3.2215186e+02		9.2487318e+02
4.7500000e+02		4.7600000e+02		4.7550000e+02		1.5413846e+03		5.5440033e+02		2.0075714e+03		1.2472188e+03		3.1955544e+02		9.2766339e+02
4.7600000e+02		4.7700000e+02		4.7650000e+02		1.4853490e+03		5.3467496e+02		1.9370925e+03		1.2038742e+03		3.0588400e+02		8.9799020e+02
4.7700000e+02		4.7800000e+02		4.7750000e+02		1.5508368e+03		5.5867934e+02		2.0250248e+03		1.2589584e+03		3.1730395e+02		9.4165440e+02
4.7800000e+02		4.7900000e+02		4.7850000e+02		1.5358791e+03		5.5371437e+02		2.0079780e+03		1.2487887e+03		3.1220977e+02		9.3657892e+02
4.7900000e+02		4.8000000e+02		4.7950000e+02		1.5403519e+03		5.5574824e+02		2.0162989e+03		1.2543902e+03		3.1109159e+02		9.4329858e+02
4.8000000e+02		4.8100000e+02		4.8050000e+02		1.5442750e+03		5.5758276e+02		2.0238955e+03		1.2595409e+03		3.0986366e+02		9.4967719e+02
4.8100000e+02		4.8200000e+02		4.8150000e+02		1.5475498e+03		5.5918186e+02		2.0306357e+03		1.2641581e+03		3.0850855e+02		9.5564956e+02
4.8200000e+02		4.8300000e+02		4.8250000e+02		1.5416562e+03		5.5746413e+02		2.0253233e+03		1.2612689e+03		3.0534142e+02		9.5592744e+02
4.8300000e+02		4.8400000e+02		4.8350000e+02		1.5183412e+03		5.4939977e+02		1.9969102e+03		1.2439529e+03		2.9884848e+02		9.4510446e+02
4.8400000e+02		4.8500000e+02		4.8450000e+02		1.4920771e+03		5.4007829e+02		1.9639559e+03		1.2237864e+03		2.9168123e+02		9.3210514e+02
4.8500000e+02		4.8600000e+02		4.8550000e+02		1.4021236e+03		5.0740995e+02		1.8461022e+03		1.1506563e+03		2.7204085e+02		8.7861545e+02
4.8600000e+02		4.8700000e+02		4.8650000e+02		1.2173217e+03		4.4123858e+02		1.6059616e+03		1.0013530e+03		2.3488077e+02		7.6647226e+02
4.8700000e+02		4.8800000e+02		4.8750000e+02		1.3927585e+03		5.0484572e+02		1.8383614e+03		1.1465768e+03		2.6679162e+02		8.7978515e+02
4.8800000e+02		4.8900000e+02		4.8850000e+02		1.4651201e+03		5.3146307e+02		1.9361232e+03		1.2079324e+03		2.7883999e+02		9.2909238e+02
4.8900000e+02		4.9000000e+02		4.8950000e+02		1.4372192e+03		5.2177031e+02		1.9016138e+03		1.1867812e+03		2.7179216e+02		9.1498906e+02
4.9000000e+02		4.9100000e+02		4.9050000e+02		1.5307557e+03		5.5634162e+02		2.0284173e+03		1.2663418e+03		2.8773033e+02		9.7861152e+02
4.9100000e+02		4.9200000e+02		4.9150000e+02		1.4425606e+03		5.2460166e+02		1.9135140e+03		1.1949678e+03		2.6936758e+02		9.2560018e+02
4.9200000e+02		4.9300000e+02		4.9250000e+02		1.3729411e+03		4.9994658e+02		1.8242756e+03		1.1396404e+03		2.5484724e+02		8.8479318e+02
4.9300000e+02		4.9400000e+02		4.9350000e+02		1.4509629e+03		5.2872979e+02		1.9301156e+03		1.2061382e+03		2.6754192e+02		9.3859626e+02
4.9400000e+02		4.9500000e+02		4.9450000e+02		1.4929449e+03		5.4439676e+02		1.9881351e+03		1.2427759e+03		2.7346419e+02		9.6931170e+02
4.9500000e+02		4.9600000e+02		4.9550000e+02		1.4663156e+03		5.3503972e+02		1.9547616e+03		1.2222762e+03		2.6684167e+02		9.5543449e+02
4.9600000e+02		4.9700000e+02		4.9650000e+02		1.4846220e+03		5.4207431e+02		1.9812645e+03		1.2392118e+03		2.6841796e+02		9.7079381e+02
4.9700000e+02		4.9800000e+02		4.9750000e+02		1.5123203e+03		5.5254624e+02		2.0203500e+03		1.2640263e+03		2.7164959e+02		9.9237667e+02
4.9800000e+02		4.9900000e+02		4.9850000e+02		1.3744029e+03		5.0246413e+02		1.8379432e+03		1.1502156e+03		2.4533268e+02		9.0488296e+02
4.9900000e+02		5.0000000e+02		4.9950000e+02		1.4721832e+03		5.3822653e+02		1.9696060e+03		1.2329069e+03		2.6095037e+02		9.7195654e+02
