Left Bin Edge (nm)	Right Bin Edge (nm)	Bin Center (nm)		Top of Atm Intensity (erg/s/nm/cm2)		Total Surface Flux (erg/s/nm/cm2)		Total Intensity at BOA (erg/s/nm/cm2)		Total Surface Intensity (erg/s/nm/cm2)		Total Surface Diffuse Intensity (erg/s/nm/cm2)		Total Surface Direct Intensity (erg/s/nm/cm2)
1.0000000e+02		1.0100000e+02		1.0050000e+02		4.4569042e-02		2.4525372e-199		0.0000000e+00		4.2479191e-199		4.2479191e-199		0.0000000e+00
1.0100000e+02		1.0200000e+02		1.0150000e+02		1.7387199e-01		2.8780735e-197		0.0000000e+00		4.9849696e-197		4.9849696e-197		0.0000000e+00
1.0200000e+02		1.0300000e+02		1.0250000e+02		9.2286085e-01		3.0760913e-195		0.0000000e+00		5.3279464e-195		5.3279464e-195		0.0000000e+00
1.0300000e+02		1.0400000e+02		1.0350000e+02		7.0094286e-01		3.0025213e-193		0.0000000e+00		5.2005195e-193		5.2005195e-193		0.0000000e+00
1.0400000e+02		1.0500000e+02		1.0450000e+02		1.4124828e-01		2.6834649e-191		0.0000000e+00		4.6478975e-191		4.6478975e-191		0.0000000e+00
1.0500000e+02		1.0600000e+02		1.0550000e+02		4.8389941e-02		2.2015015e-189		0.0000000e+00		3.8131125e-189		3.8131125e-189		0.0000000e+00
1.0600000e+02		1.0700000e+02		1.0650000e+02		4.5487167e-02		1.6618994e-187		0.0000000e+00		2.8784942e-187		2.8784942e-187		0.0000000e+00
1.0700000e+02		1.0800000e+02		1.0750000e+02		5.0757295e-02		1.1570798e-185		0.0000000e+00		2.0041210e-185		2.0041210e-185		0.0000000e+00
1.0800000e+02		1.0900000e+02		1.0850000e+02		7.1152114e-02		7.4467716e-184		0.0000000e+00		1.2898187e-183		1.2898187e-183		0.0000000e+00
1.0900000e+02		1.1000000e+02		1.0950000e+02		5.5817450e-02		4.4397198e-182		0.0000000e+00		7.6898203e-182		7.6898203e-182		0.0000000e+00
1.1000000e+02		1.1100000e+02		1.1050000e+02		5.4043772e-02		2.4571427e-180		0.0000000e+00		4.2558960e-180		4.2558960e-180		0.0000000e+00
1.1100000e+02		1.1200000e+02		1.1150000e+02		5.0797691e-02		1.2649208e-178		0.0000000e+00		2.1909071e-178		2.1909071e-178		0.0000000e+00
1.1200000e+02		1.1300000e+02		1.1250000e+02		5.1969037e-02		6.0686750e-177		0.0000000e+00		1.0511253e-176		1.0511253e-176		0.0000000e+00
1.1300000e+02		1.1400000e+02		1.1350000e+02		4.1221387e-02		2.7185192e-175		0.0000000e+00		4.7086133e-175		4.7086133e-175		0.0000000e+00
1.1400000e+02		1.1500000e+02		1.1450000e+02		3.1562600e-02		1.1390980e-173		0.0000000e+00		1.9729756e-173		1.9729756e-173		0.0000000e+00
1.1500000e+02		1.1600000e+02		1.1550000e+02		4.3552050e-02		4.4723356e-172		0.0000000e+00		7.7463124e-172		7.7463124e-172		0.0000000e+00
1.1600000e+02		1.1700000e+02		1.1650000e+02		1.0143732e-01		1.6480933e-170		0.0000000e+00		2.8545814e-170		2.8545814e-170		0.0000000e+00
1.1700000e+02		1.1800000e+02		1.1750000e+02		3.6108525e-01		5.7096356e-169		0.0000000e+00		9.8893789e-169		9.8893789e-169		0.0000000e+00
1.1800000e+02		1.1900000e+02		1.1850000e+02		1.2283927e-01		1.8624896e-167		0.0000000e+00		3.2259266e-167		3.2259266e-167		0.0000000e+00
1.1900000e+02		1.2000000e+02		1.1950000e+02		1.7115732e-01		5.7292231e-166		0.0000000e+00		9.9233055e-166		9.9233055e-166		0.0000000e+00
1.2000000e+02		1.2100000e+02		1.2050000e+02		9.3056497e-01		1.6643693e-164		0.0000000e+00		2.8827722e-164		2.8827722e-164		0.0000000e+00
1.2100000e+02		1.2200000e+02		1.2150000e+02		3.6941242e+01		4.5726974e-163		0.0000000e+00		7.9201443e-163		7.9201443e-163		0.0000000e+00
1.2200000e+02		1.2300000e+02		1.2250000e+02		2.4773856e-01		1.1897464e-161		0.0000000e+00		2.0607012e-161		2.0607012e-161		0.0000000e+00
1.2300000e+02		1.2400000e+02		1.2350000e+02		1.3344721e-01		2.9354407e-160		2.9655301e-161		5.0843325e-160		5.0843325e-160		0.0000000e+00
1.2400000e+02		1.2500000e+02		1.2450000e+02		1.0726631e-01		6.8768110e-159		7.1349517e-160		1.1910986e-158		1.1910986e-158		0.0000000e+00
1.2500000e+02		1.2600000e+02		1.2550000e+02		1.0471361e-01		1.5315564e-157		1.6334095e-158		2.6527335e-157		2.6527335e-157		0.0000000e+00
1.2600000e+02		1.2700000e+02		1.2650000e+02		1.4644878e-01		3.2466430e-156		3.5573638e-157		5.6233506e-156		5.6233506e-156		0.0000000e+00
1.2700000e+02		1.2800000e+02		1.2750000e+02		7.6659940e-02		6.5583795e-155		7.3798794e-156		1.1359447e-154		1.1359447e-154		0.0000000e+00
1.2800000e+02		1.2900000e+02		1.2850000e+02		6.1165494e-02		1.2638892e-153		1.4599819e-154		2.1891203e-153		2.1891203e-153		0.0000000e+00
1.2900000e+02		1.3000000e+02		1.2950000e+02		8.1594975e-02		2.3261981e-152		2.7574040e-153		4.0290934e-152		4.0290934e-152		0.0000000e+00
1.3000000e+02		1.3100000e+02		1.3050000e+02		6.7007791e-01		4.0932650e-151		4.9770215e-152		7.0897430e-151		7.0897430e-151		0.0000000e+00
1.3100000e+02		1.3200000e+02		1.3150000e+02		9.0731094e-02		6.8932595e-150		8.5942221e-151		1.1939476e-149		1.1939476e-149		0.0000000e+00
1.3200000e+02		1.3300000e+02		1.3250000e+02		7.0547730e-02		1.1120996e-148		1.4211789e-149		1.9262130e-148		1.9262130e-148		0.0000000e+00
1.3300000e+02		1.3400000e+02		1.3350000e+02		9.5357088e-01		1.7204686e-147		2.2527678e-148		2.9799391e-147		2.9799391e-147		0.0000000e+00
1.3400000e+02		1.3500000e+02		1.3450000e+02		6.5246966e-02		2.5547067e-146		3.4262860e-147		4.4248817e-146		4.4248817e-146		0.0000000e+00
1.3500000e+02		1.3600000e+02		1.3550000e+02		1.3692679e-01		3.6443630e-145		5.0046315e-146		6.3122218e-145		6.3122218e-145		0.0000000e+00
1.3600000e+02		1.3700000e+02		1.3650000e+02		8.9861989e-02		4.9988758e-144		7.0264587e-145		8.6583069e-144		8.6583069e-144		0.0000000e+00
1.3700000e+02		1.3800000e+02		1.3750000e+02		9.2282630e-02		6.5988073e-143		9.4907632e-144		1.1429470e-142		1.1429470e-142		0.0000000e+00
1.3800000e+02		1.3900000e+02		1.3850000e+02		9.4180145e-02		8.3900126e-142		1.2343225e-142		1.4531928e-141		1.4531928e-141		0.0000000e+00
1.3900000e+02		1.4000000e+02		1.3950000e+02		3.1801144e-01		1.0282895e-140		1.5468906e-141		1.7810497e-140		1.7810497e-140		0.0000000e+00
1.4000000e+02		1.4100000e+02		1.4050000e+02		2.7729440e-01		1.2158079e-139		1.8695878e-140		2.1058410e-139		2.1058410e-139		0.0000000e+00
1.4100000e+02		1.4200000e+02		1.4150000e+02		1.3359910e-01		1.3878507e-138		2.1808415e-139		2.4038280e-138		2.4038280e-138		0.0000000e+00
1.4200000e+02		1.4300000e+02		1.4250000e+02		1.4479671e-01		1.5306332e-137		2.4570841e-138		2.6511345e-137		2.6511345e-137		0.0000000e+00
1.4300000e+02		1.4400000e+02		1.4350000e+02		1.6064305e-01		1.6321626e-136		2.6757500e-137		2.8269886e-136		2.8269886e-136		0.0000000e+00
1.4400000e+02		1.4500000e+02		1.4450000e+02		1.5363637e-01		1.6839302e-135		2.8184814e-136		2.9166527e-135		2.9166527e-135		0.0000000e+00
1.4500000e+02		1.4600000e+02		1.4550000e+02		1.6382583e-01		1.6820905e-134		2.8736087e-135		2.9134662e-134		2.9134662e-134		0.0000000e+00
1.4600000e+02		1.4700000e+02		1.4650000e+02		1.9977093e-01		1.6278982e-133		2.8377574e-134		2.8196025e-133		2.8196025e-133		0.0000000e+00
1.4700000e+02		1.4800000e+02		1.4750000e+02		2.4643334e-01		1.5273487e-132		2.7160454e-133		2.6454456e-132		2.6454456e-132		0.0000000e+00
1.4800000e+02		1.4900000e+02		1.4850000e+02		2.4167300e-01		1.3901288e-131		2.5210697e-132		2.4077736e-131		2.4077736e-131		0.0000000e+00
1.4900000e+02		1.5000000e+02		1.4950000e+02		2.1832777e-01		1.2281263e-130		2.2708633e-131		2.1271771e-130		2.1271771e-130		0.0000000e+00
1.5000000e+02		1.5100000e+02		1.5050000e+02		2.4023073e-01		1.0538057e-129		1.9861759e-130		1.8252450e-129		1.8252450e-129		0.0000000e+00
1.5100000e+02		1.5200000e+02		1.5150000e+02		2.5258505e-01		8.7873742e-129		1.6877839e-129		1.5220179e-128		1.5220179e-128		0.0000000e+00
1.5200000e+02		1.5300000e+02		1.5250000e+02		3.2229547e-01		7.1249813e-128		1.3942340e-128		1.2340830e-127		1.2340830e-127		0.0000000e+00
1.5300000e+02		1.5400000e+02		1.5350000e+02		3.5701286e-01		5.6204739e-127		1.1202453e-127		9.7349463e-127		9.7349463e-127		0.0000000e+00
1.5400000e+02		1.5500000e+02		1.5450000e+02		9.5486931e-01		4.3157777e-126		8.7596072e-127		7.4751463e-126		7.4751463e-126		0.0000000e+00
1.5500000e+02		1.5600000e+02		1.5550000e+02		7.8587524e-01		3.2275168e-125		6.6692734e-126		5.5902230e-125		5.5902230e-125		0.0000000e+00
1.5600000e+02		1.5700000e+02		1.5650000e+02		4.6648084e-01		2.3519158e-124		4.9467393e-125		4.0736376e-124		4.0736376e-124		0.0000000e+00
1.5700000e+02		1.5800000e+02		1.5750000e+02		4.2309893e-01		1.6708365e-123		3.5761728e-124		2.8939738e-123		2.8939738e-123		0.0000000e+00
1.5800000e+02		1.5900000e+02		1.5850000e+02		3.9008072e-01		1.1577493e-122		2.5211055e-123		2.0052807e-122		2.0052807e-122		0.0000000e+00
1.5900000e+02		1.6000000e+02		1.5950000e+02		3.8042347e-01		7.8283046e-122		1.7339830e-122		1.3559021e-121		1.3559021e-121		0.0000000e+00
1.6000000e+02		1.6100000e+02		1.6050000e+02		4.1635449e-01		5.1676461e-121		1.1640655e-121		8.9506256e-121		8.9506256e-121		0.0000000e+00
1.6100000e+02		1.6200000e+02		1.6150000e+02		4.7164413e-01		3.3318381e-120		7.6310803e-121		5.7709129e-120		5.7709129e-120		0.0000000e+00
1.6200000e+02		1.6300000e+02		1.6250000e+02		5.2241459e-01		2.0990872e-119		4.8872356e-120		3.6357257e-119		3.6357257e-119		0.0000000e+00
1.6300000e+02		1.6400000e+02		1.6350000e+02		1.1072121e+00		1.2927586e-118		3.0590984e-119		2.2391235e-118		2.2391235e-118		0.0000000e+00
1.6400000e+02		1.6500000e+02		1.6450000e+02		1.1323318e+00		7.7861906e-118		1.8722277e-118		1.3486078e-117		1.3486078e-117		0.0000000e+00
1.6500000e+02		1.6600000e+02		1.6550000e+02		1.3255566e+00		4.5880608e-117		1.1208258e-117		7.9467544e-117		7.9467544e-117		0.0000000e+00
1.6600000e+02		1.6700000e+02		1.6650000e+02		6.2522883e-01		2.6460715e-116		6.5660486e-117		4.5831303e-116		4.5831303e-116		0.0000000e+00
1.6700000e+02		1.6800000e+02		1.6750000e+02		6.6723830e-01		1.4942040e-115		3.7655240e-116		2.5880372e-115		2.5880372e-115		0.0000000e+00
1.6800000e+02		1.6900000e+02		1.6850000e+02		7.1904320e-01		8.2645209e-115		2.1147915e-115		1.4314570e-114		1.4314570e-114		0.0000000e+00
1.6900000e+02		1.7000000e+02		1.6950000e+02		9.0554889e-01		4.4790382e-114		1.1635658e-114		7.7579217e-114		7.7579217e-114		0.0000000e+00
1.7000000e+02		1.7100000e+02		1.7050000e+02		1.0161854e+00		2.3793980e-113		6.2741363e-114		4.1212381e-113		4.1212381e-113		0.0000000e+00
1.7100000e+02		1.7200000e+02		1.7150000e+02		1.0130704e+00		1.2394157e-112		3.3167332e-113		2.1467309e-112		2.1467309e-112		0.0000000e+00
1.7200000e+02		1.7300000e+02		1.7250000e+02		1.0571150e+00		6.3326178e-112		1.7195346e-112		1.0968416e-111		1.0968416e-111		0.0000000e+00
1.7300000e+02		1.7400000e+02		1.7350000e+02		1.0479596e+00		3.1747633e-111		8.7458395e-112		5.4988514e-111		5.4988514e-111		0.0000000e+00
1.7400000e+02		1.7500000e+02		1.7450000e+02		1.2530722e+00		1.5622240e-110		4.3654090e-111		2.7058513e-110		2.7058513e-110		0.0000000e+00
1.7500000e+02		1.7600000e+02		1.7550000e+02		1.4954862e+00		7.5477565e-110		2.1390527e-110		1.3073098e-109		1.3073098e-109		0.0000000e+00
1.7600000e+02		1.7700000e+02		1.7650000e+02		1.6135596e+00		3.5815472e-109		1.0292712e-109		6.2034217e-109		6.2034217e-109		0.0000000e+00
1.7700000e+02		1.7800000e+02		1.7750000e+02		1.9010195e+00		1.6696835e-108		4.8650359e-109		2.8919766e-108		2.8919766e-108		0.0000000e+00
1.7800000e+02		1.7900000e+02		1.7850000e+02		2.0776624e+00		7.6495818e-108		2.2595677e-108		1.3249464e-107		1.3249464e-107		0.0000000e+00
1.7900000e+02		1.8000000e+02		1.7950000e+02		2.0198657e+00		3.4451443e-107		1.0315413e-107		5.9671650e-107		5.9671650e-107		0.0000000e+00
1.8000000e+02		1.8100000e+02		1.8050000e+02		2.4976225e+00		1.5256901e-106		4.6303232e-107		2.6425728e-106		2.6425728e-106		0.0000000e+00
1.8100000e+02		1.8200000e+02		1.8150000e+02		3.0410490e+00		6.6456038e-106		2.0442826e-106		1.1510523e-105		1.1510523e-105		0.0000000e+00
1.8200000e+02		1.8300000e+02		1.8250000e+02		2.8073836e+00		2.8479132e-105		8.8808974e-106		4.9327303e-105		4.9327303e-105		0.0000000e+00
1.8300000e+02		1.8400000e+02		1.8350000e+02		2.9562417e+00		1.2010387e-104		3.7975810e-105		2.0802601e-104		2.0802601e-104		0.0000000e+00
1.8400000e+02		1.8500000e+02		1.8450000e+02		2.5409769e+00		4.9858685e-104		1.5986685e-104		8.6357775e-104		8.6357775e-104		0.0000000e+00
1.8500000e+02		1.8600000e+02		1.8550000e+02		2.8735562e+00		2.0378354e-103		6.6322456e-104		3.5296345e-103		3.5296345e-103		0.0000000e+00
1.8600000e+02		1.8700000e+02		1.8650000e+02		3.2604304e+00		8.2026224e-103		2.7117738e-103		1.4207359e-102		1.4207359e-102		0.0000000e+00
1.8700000e+02		1.8800000e+02		1.8750000e+02		3.6946466e+00		3.2522210e-102		1.0937230e-102		5.6330121e-102		5.6330121e-102		0.0000000e+00
1.8800000e+02		1.8900000e+02		1.8850000e+02		3.8870616e+00		1.2703509e-101		4.3567951e-102		2.2003123e-101		2.2003123e-101		0.0000000e+00
1.8900000e+02		1.9000000e+02		1.8950000e+02		4.3106081e+00		4.8891980e-101		1.7169350e-101		8.4683393e-101		8.4683393e-101		0.0000000e+00
1.9000000e+02		1.9100000e+02		1.9050000e+02		4.4384288e+00		1.8543778e-100		6.6971515e-101		3.2118767e-100		3.2118767e-100		0.0000000e+00
1.9100000e+02		1.9200000e+02		1.9150000e+02		4.8094361e+00		6.9325392e-100		2.5855158e-100		1.2007510e-99		1.2007510e-99		0.0000000e+00
1.9200000e+02		1.9300000e+02		1.9250000e+02		5.0365493e+00		2.5542767e-99		9.9170021e-100		4.4241370e-99		4.4241370e-99		0.0000000e+00
1.9300000e+02		1.9400000e+02		1.9350000e+02		3.8447944e+00		9.2803695e-99		3.7589082e-99		1.6074071e-98		1.6074071e-98		9.1151138e-262
1.9400000e+02		1.9500000e+02		1.9450000e+02		6.1679797e+00		3.3269338e-98		1.4015616e-98		5.7624183e-98		5.7624183e-98		5.3737548e-206
1.9500000e+02		1.9600000e+02		1.9550000e+02		5.9528271e+00		1.1768942e-97		4.3303340e-98		2.0384406e-97		2.0384406e-97		4.8921958e-164
1.9600000e+02		1.9700000e+02		1.9650000e+02		6.5508102e+00		4.1115349e-97		5.3864063e-96		7.1213874e-97		7.1213874e-97		1.1453968e-141
1.9700000e+02		1.9800000e+02		1.9750000e+02		6.5190955e+00		1.4184482e-96		7.0625524e-90		2.4568244e-96		2.4568244e-96		3.1872159e-125
1.9800000e+02		1.9900000e+02		1.9850000e+02		6.3883794e+00		2.2443547e-42		2.8973064e-35		3.8873363e-42		3.8873363e-42		9.2022335e-66
1.9900000e+02		2.0000000e+02		1.9950000e+02		6.7274707e+00		6.5684956e-06		2.6720557e-05		1.1376968e-05		1.1376968e-05		1.0102630e-13
2.0000000e+02		2.0100000e+02		2.0050000e+02		7.1125146e+00		2.7385182e-04		9.4873318e-04		4.7432527e-04		4.7432526e-04		1.1952681e-11
2.0100000e+02		2.0200000e+02		2.0150000e+02		7.5701275e+00		3.9302856e-02		1.1480465e-01		6.8074545e-02		6.8074543e-02		2.2491934e-09
2.0200000e+02		2.0300000e+02		2.0250000e+02		7.4828608e+00		7.2419562e-02		2.0703773e-01		1.2543436e-01		1.2543436e-01		5.4191469e-09
2.0300000e+02		2.0400000e+02		2.0350000e+02		8.0092047e+00		2.1984440e-01		6.1110804e-01		3.8078168e-01		3.8078166e-01		1.7197979e-08
2.0400000e+02		2.0500000e+02		2.0450000e+02		8.6207445e+00		3.6448242e-01		9.9931604e-01		6.3130208e-01		6.3130205e-01		3.5921342e-08
2.0500000e+02		2.0600000e+02		2.0550000e+02		8.6400754e+00		3.7114392e-01		1.0107856e+00		6.4284015e-01		6.4284009e-01		5.4922010e-08
2.0600000e+02		2.0700000e+02		2.0650000e+02		8.6510225e+00		3.8058875e-01		1.0296522e+00		6.5919908e-01		6.5919900e-01		8.3593163e-08
2.0700000e+02		2.0800000e+02		2.0750000e+02		9.3957826e+00		4.2260521e-01		1.1358706e+00		7.3197374e-01		7.3197360e-01		1.3651996e-07
2.0800000e+02		2.0900000e+02		2.0850000e+02		1.0163489e+01		4.6524774e-01		1.2424964e+00		8.0583279e-01		8.0583257e-01		2.1794768e-07
2.0900000e+02		2.1000000e+02		2.0950000e+02		1.3129215e+01		6.1462005e-01		1.6310115e+00		1.0645533e+00		1.0645529e+00		4.1502964e-07
2.1000000e+02		2.1100000e+02		2.1050000e+02		1.6183343e+01		7.7141119e-01		2.0344053e+00		1.3361236e+00		1.3361229e+00		7.3881935e-07
2.1100000e+02		2.1200000e+02		2.1150000e+02		1.8424170e+01		8.9656634e-01		2.3499601e+00		1.5528988e+00		1.5528976e+00		1.2116662e-06
2.1200000e+02		2.1300000e+02		2.1250000e+02		1.6428561e+01		8.1483324e-01		2.1228447e+00		1.4113331e+00		1.4113315e+00		1.5377253e-06
2.1300000e+02		2.1400000e+02		2.1350000e+02		1.6737981e+01		8.4619847e-01		2.1914827e+00		1.4656594e+00		1.4656572e+00		2.2045800e-06
2.1400000e+02		2.1500000e+02		2.1450000e+02		2.1432541e+01		1.1041041e+00		2.8426374e+00		1.9123656e+00		1.9123617e+00		3.9526783e-06
2.1500000e+02		2.1600000e+02		2.1550000e+02		1.8408135e+01		9.6550778e-01		2.4715152e+00		1.6723100e+00		1.6723053e+00		4.6852330e-06
2.1600000e+02		2.1700000e+02		2.1650000e+02		1.7036901e+01		9.0984483e-01		2.3157908e+00		1.5758993e+00		1.5758934e+00		5.9595217e-06
2.1700000e+02		2.1800000e+02		2.1750000e+02		1.7640866e+01		9.5875929e-01		2.4266673e+00		1.6606224e+00		1.6606140e+00		8.3858033e-06
2.1800000e+02		2.1900000e+02		2.1850000e+02		2.3730294e+01		1.3122497e+00		3.3030904e+00		2.2728879e+00		2.2728727e+00		1.5222830e-05
2.1900000e+02		2.2000000e+02		2.1950000e+02		2.5052511e+01		1.4092418e+00		3.5280006e+00		2.4408851e+00		2.4408636e+00		2.1526065e-05
2.2000000e+02		2.2100000e+02		2.2050000e+02		2.5203754e+01		1.4414986e+00		3.5895269e+00		2.4967577e+00		2.4967290e+00		2.8731749e-05
2.2100000e+02		2.2200000e+02		2.2150000e+02		2.0176768e+01		1.1733567e+00		2.9064521e+00		2.0323228e+00		2.0322924e+00		3.0364179e-05
2.2200000e+02		2.2300000e+02		2.2250000e+02		2.7154039e+01		1.6048445e+00		3.9547192e+00		2.7796887e+00		2.7796352e+00		5.3465462e-05
2.2300000e+02		2.2400000e+02		2.2350000e+02		3.5163062e+01		2.1119546e+00		5.1778392e+00		3.6580406e+00		3.6579505e+00		9.0083239e-05
2.2400000e+02		2.2500000e+02		2.2450000e+02		3.2875934e+01		2.0056713e+00		4.8926364e+00		3.4739582e+00		3.4738495e+00		1.0868225e-04
2.2500000e+02		2.2600000e+02		2.2550000e+02		2.8720078e+01		1.7797460e+00		4.3200840e+00		3.0826482e+00		3.0825264e+00		1.2184835e-04
2.2600000e+02		2.2700000e+02		2.2650000e+02		2.1037217e+01		1.3235059e+00		3.1970216e+00		2.2924146e+00		2.2923009e+00		1.1375552e-04
2.2700000e+02		2.2800000e+02		2.2750000e+02		2.0463841e+01		1.3069239e+00		3.1418719e+00		2.2637020e+00		2.2635617e+00		1.4020156e-04
2.2800000e+02		2.2900000e+02		2.2850000e+02		2.8509984e+01		1.8478655e+00		4.4213944e+00		3.2006731e+00		3.2004270e+00		2.4605316e-04
2.2900000e+02		2.3000000e+02		2.2950000e+02		2.5620938e+01		1.6850440e+00		4.0131353e+00		2.9186674e+00		2.9183905e+00		2.7690570e-04
2.3000000e+02		2.3100000e+02		2.3050000e+02		2.9055844e+01		1.9382846e+00		4.5952199e+00		3.3573284e+00		3.3569375e+00		3.9093261e-04
2.3100000e+02		2.3200000e+02		2.3150000e+02		2.7387429e+01		1.8530756e+00		4.3735040e+00		3.2097623e+00		3.2093059e+00		4.5635828e-04
2.3200000e+02		2.3300000e+02		2.3250000e+02		2.9413108e+01		2.0179084e+00		4.7415129e+00		3.4953066e+00		3.4947028e+00		6.0372048e-04
2.3300000e+02		2.3400000e+02		2.3350000e+02		2.6543685e+01		1.8461562e+00		4.3191086e+00		3.1978428e+00		3.1971751e+00		6.6773220e-04
2.3400000e+02		2.3500000e+02		2.3450000e+02		2.3194371e+01		1.6351441e+00		3.8091037e+00		2.8323728e+00		2.8316613e+00		7.1155612e-04
2.3500000e+02		2.3600000e+02		2.3550000e+02		3.1223226e+01		2.2307208e+00		5.1746809e+00		3.8640813e+00		3.8629188e+00		1.1625255e-03
2.3600000e+02		2.3700000e+02		2.3650000e+02		2.8911473e+01		2.0930870e+00		4.8353453e+00		3.6257353e+00		3.6244348e+00		1.3004668e-03
2.3700000e+02		2.3800000e+02		2.3750000e+02		3.0878004e+01		2.2645010e+00		5.2100832e+00		3.9227475e+00		3.9210774e+00		1.6701203e-03
2.3800000e+02		2.3900000e+02		2.3850000e+02		2.5598090e+01		1.9019209e+00		4.3583925e+00		3.2947366e+00		3.2930786e+00		1.6579834e-03
2.3900000e+02		2.4000000e+02		2.3950000e+02		2.7890834e+01		2.0986778e+00		4.7903920e+00		3.6356828e+00		3.6335292e+00		2.1536034e-03
2.4000000e+02		2.4100000e+02		2.4050000e+02		2.5623038e+01		1.9527301e+00		4.4400551e+00		3.3829545e+00		3.3806052e+00		2.3493779e-03
2.4100000e+02		2.4200000e+02		2.4150000e+02		3.0005079e+01		2.3159719e+00		5.2460157e+00		4.0123876e+00		4.0091334e+00		3.2542078e-03
2.4200000e+02		2.4300000e+02		2.4250000e+02		4.1301739e+01		3.2281213e+00		7.2849318e+00		5.5929026e+00		5.5876251e+00		5.2774911e-03
2.4300000e+02		2.4400000e+02		2.4350000e+02		3.8791639e+01		3.0698556e+00		6.9024304e+00		5.3189456e+00		5.3131277e+00		5.8179102e-03
2.4400000e+02		2.4500000e+02		2.4450000e+02		3.6329084e+01		2.9117066e+00		6.5233270e+00		5.0451954e+00		5.0388216e+00		6.3738798e-03
2.4500000e+02		2.4600000e+02		2.4550000e+02		2.9476122e+01		2.3905645e+00		5.3368920e+00		4.1424427e+00		4.1364188e+00		6.0239041e-03
2.4600000e+02		2.4700000e+02		2.4650000e+02		2.8685918e+01		2.3569872e+00		5.2437291e+00		4.0845293e+00		4.0777157e+00		6.8136067e-03
2.4700000e+02		2.4800000e+02		2.4750000e+02		3.1678139e+01		2.6342788e+00		5.8407513e+00		4.5653986e+00		4.5566905e+00		8.7080794e-03
2.4800000e+02		2.4900000e+02		2.4850000e+02		2.5406301e+01		2.1397717e+00		4.7285405e+00		3.7086874e+00		3.7006249e+00		8.0624569e-03
2.4900000e+02		2.5000000e+02		2.4950000e+02		3.0967514e+01		2.6392033e+00		5.8131836e+00		4.5747300e+00		4.5634297e+00		1.1300232e-02
2.5000000e+02		2.5100000e+02		2.5050000e+02		3.3448743e+01		2.8877293e+00		6.3402736e+00		5.0060269e+00		4.9920200e+00		1.4006857e-02
2.5100000e+02		2.5200000e+02		2.5150000e+02		2.7888154e+01		2.4376345e+00		5.3353044e+00		4.2262384e+00		4.2128826e+00		1.3355794e-02
2.5200000e+02		2.5300000e+02		2.5250000e+02		2.5069906e+01		2.2185819e+00		4.8409863e+00		3.8469323e+00		3.8332400e+00		1.3692273e-02
2.5300000e+02		2.5400000e+02		2.5350000e+02		3.1592540e+01		2.8312046e+00		6.1592296e+00		4.9098617e+00		4.8902350e+00		1.9626676e-02
2.5400000e+02		2.5500000e+02		2.5450000e+02		3.5730773e+01		3.2435874e+00		7.0356855e+00		5.6258499e+00		5.6006619e+00		2.5187995e-02
2.5500000e+02		2.5600000e+02		2.5550000e+02		4.8755658e+01		4.4772403e+00		9.6838032e+00		7.7668249e+00		7.7279778e+00		3.8847117e-02
2.5600000e+02		2.5700000e+02		2.5650000e+02		6.2803876e+01		5.8485519e+00		1.2614419e+01		1.0147484e+01		1.0090930e+01		5.6554139e-02
2.5700000e+02		2.5800000e+02		2.5750000e+02		7.8843355e+01		7.4345343e+00		1.5991365e+01		1.2901713e+01		1.2821797e+01		7.9916220e-02
2.5800000e+02		2.5900000e+02		2.5850000e+02		8.2991293e+01		7.9170147e+00		1.6983809e+01		1.3741870e+01		1.3647483e+01		9.4387278e-02
2.5900000e+02		2.6000000e+02		2.5950000e+02		7.0629481e+01		6.8332353e+00		1.4620801e+01		1.1863391e+01		1.1773264e+01		9.0127053e-02
2.6000000e+02		2.6100000e+02		2.6050000e+02		5.7868388e+01		5.6656222e+00		1.2091856e+01		9.8386642e+00		9.7561721e+00		8.2492065e-02
2.6100000e+02		2.6200000e+02		2.6150000e+02		5.9092703e+01		5.8632401e+00		1.2482827e+01		1.0184515e+01		1.0090493e+01		9.4022799e-02
2.6200000e+02		2.6300000e+02		2.6250000e+02		7.0528613e+01		7.0862648e+00		1.5050537e+01		1.2312406e+01		1.2187512e+01		1.2489362e-01
2.6300000e+02		2.6400000e+02		2.6350000e+02		1.0614195e+02		1.0811022e+01		2.2908159e+01		1.8789885e+01		1.8580913e+01		2.0897182e-01
2.6400000e+02		2.6500000e+02		2.6450000e+02		1.6548208e+02		1.7054544e+01		3.6056397e+01		2.9650945e+01		2.9290157e+01		3.6078823e-01
2.6500000e+02		2.6600000e+02		2.6550000e+02		1.7356948e+02		1.8128813e+01		3.8243693e+01		3.1529609e+01		3.1110714e+01		4.1889509e-01
2.6600000e+02		2.6700000e+02		2.6650000e+02		1.6826276e+02		1.7800708e+01		3.7471906e+01		3.0970436e+01		3.0522051e+01		4.4838482e-01
2.6700000e+02		2.6800000e+02		2.6750000e+02		1.6940220e+02		1.8154936e+01		3.8139153e+01		3.1599197e+01		3.1101612e+01		4.9758509e-01
2.6800000e+02		2.6900000e+02		2.6850000e+02		1.6778062e+02		1.8220244e+01		3.8200424e+01		3.1726157e+01		3.1183824e+01		5.4233287e-01
2.6900000e+02		2.7000000e+02		2.6950000e+02		1.5737310e+02		1.7300304e+01		3.6202228e+01		3.0137712e+01		2.9579417e+01		5.5829485e-01
2.7000000e+02		2.7100000e+02		2.7050000e+02		1.8181465e+02		2.0244675e+01		4.2285342e+01		3.5283506e+01		3.4576532e+01		7.0697400e-01
2.7100000e+02		2.7200000e+02		2.7150000e+02		1.5108640e+02		1.7040422e+01		3.5529303e+01		2.9713748e+01		2.9070872e+01		6.4287603e-01
2.7200000e+02		2.7300000e+02		2.7250000e+02		1.2154404e+02		1.3876060e+01		2.8882169e+01		2.4208700e+01		2.3644096e+01		5.6460430e-01
2.7300000e+02		2.7400000e+02		2.7350000e+02		1.2960124e+02		1.4983966e+01		3.1137049e+01		2.6156062e+01		2.5499608e+01		6.5645325e-01
2.7400000e+02		2.7500000e+02		2.7450000e+02		8.9183780e+01		1.0445125e+01		2.1671109e+01		1.8243698e+01		1.7751657e+01		4.9204161e-01
2.7500000e+02		2.7600000e+02		2.7550000e+02		1.1893609e+02		1.4094093e+01		2.9197882e+01		2.4632134e+01		2.3919508e+01		7.1262550e-01
2.7600000e+02		2.7700000e+02		2.7650000e+02		1.6564211e+02		1.9868326e+01		4.1100953e+01		3.4746052e+01		3.3669257e+01		1.0767952e+00
2.7700000e+02		2.7800000e+02		2.7750000e+02		1.5837296e+02		1.9225290e+01		3.9716360e+01		3.3644124e+01		3.2529047e+01		1.1150770e+00
2.7800000e+02		2.7900000e+02		2.7850000e+02		1.0921797e+02		1.3415771e+01		2.7678828e+01		2.3494055e+01		2.2662435e+01		8.3161975e-01
2.7900000e+02		2.8000000e+02		2.7950000e+02		6.1368404e+01		7.6258516e+00		1.5713945e+01		1.3364417e+01		1.2859951e+01		5.0446638e-01
2.8000000e+02		2.8100000e+02		2.8050000e+02		6.7313201e+01		8.4632460e+00		1.7419190e+01		1.4843357e+01		1.4246663e+01		5.9669353e-01
2.8100000e+02		2.8200000e+02		2.8150000e+02		1.3943196e+02		1.7730098e+01		3.6452301e+01		3.1120955e+01		2.9790650e+01		1.3303049e+00
2.8200000e+02		2.8300000e+02		2.8250000e+02		1.8983287e+02		2.4411491e+01		5.0137304e+01		4.2884390e+01		4.0936903e+01		1.9474869e+00
2.8300000e+02		2.8400000e+02		2.8350000e+02		1.9610227e+02		2.5488471e+01		5.2298691e+01		4.4815016e+01		4.2656630e+01		2.1583852e+00
2.8400000e+02		2.8500000e+02		2.8450000e+02		1.4459284e+02		1.9002883e+01		3.8956151e+01		3.3441814e+01		3.1735457e+01		1.7063578e+00
2.8500000e+02		2.8600000e+02		2.8550000e+02		9.2944992e+01		1.2345694e+01		2.5287696e+01		2.1746520e+01		2.0572593e+01		1.1739265e+00
2.8600000e+02		2.8700000e+02		2.8650000e+02		1.9045522e+02		2.5562138e+01		5.2318703e+01		4.5070377e+01		4.2498968e+01		2.5714088e+00
2.8700000e+02		2.8800000e+02		2.8750000e+02		2.2108403e+02		2.9986155e+01		6.1330096e+01		5.2923422e+01		4.9736452e+01		3.1869699e+00
2.8800000e+02		2.8900000e+02		2.8850000e+02		2.1010240e+02		2.8792561e+01		5.8851036e+01		5.0869295e+01		4.7639526e+01		3.2297687e+00
2.8900000e+02		2.9000000e+02		2.8950000e+02		3.1885068e+02		3.5564163e+01		7.4839285e+01		6.2855490e+01		5.8793532e+01		4.0619578e+00
2.9000000e+02		2.9100000e+02		2.9050000e+02		4.1860542e+02		3.7391541e+01		8.1278709e+01		6.6094581e+01		6.1793475e+01		4.3011057e+00
2.9100000e+02		2.9200000e+02		2.9150000e+02		4.0318642e+02		3.8267442e+01		8.2553236e+01		6.7727531e+01		6.3051939e+01		4.6755926e+00
2.9200000e+02		2.9300000e+02		2.9250000e+02		3.5818014e+02		3.6098061e+01		7.7288513e+01		6.3971189e+01		5.9291925e+01		4.6792638e+00
2.9300000e+02		2.9400000e+02		2.9350000e+02		3.7393440e+02		4.0041628e+01		8.5091899e+01		7.1055724e+01		6.5555127e+01		5.5005970e+00
2.9400000e+02		2.9500000e+02		2.9450000e+02		3.4819581e+02		3.9599305e+01		8.3527984e+01		7.0369288e+01		6.4611083e+01		5.7582050e+00
2.9500000e+02		2.9600000e+02		2.9550000e+02		3.7701055e+02		4.4586999e+01		9.3640427e+01		7.9339401e+01		7.2510640e+01		6.8287606e+00
2.9600000e+02		2.9700000e+02		2.9650000e+02		3.4493460e+02		4.1481231e+01		8.7009552e+01		7.3907417e+01		6.7248803e+01		6.6586145e+00
2.9700000e+02		2.9800000e+02		2.9750000e+02		3.5165811e+02		4.3024937e+01		9.0139761e+01		7.6758789e+01		6.9526080e+01		7.2327089e+00
2.9800000e+02		2.9900000e+02		2.9850000e+02		3.0223333e+02		3.7590454e+01		7.8664566e+01		6.7153804e+01		6.0542352e+01		6.6114525e+00
2.9900000e+02		3.0000000e+02		2.9950000e+02		3.4101318e+02		4.3142296e+01		9.0184145e+01		7.7178679e+01		6.9245727e+01		7.9329517e+00
3.0000000e+02		3.0100000e+02		3.0050000e+02		2.7131061e+02		3.4883466e+01		7.2844920e+01		6.2492479e+01		5.5792727e+01		6.6997519e+00
3.0100000e+02		3.0200000e+02		3.0150000e+02		3.1202593e+02		4.0797353e+01		8.5111347e+01		7.3193085e+01		6.5014559e+01		8.1785256e+00
3.0200000e+02		3.0300000e+02		3.0250000e+02		3.2846528e+02		4.3625277e+01		9.0926871e+01		7.8382250e+01		6.9262846e+01		9.1194037e+00
3.0300000e+02		3.0400000e+02		3.0350000e+02		4.2601061e+02		5.7525269e+01		1.1979259e+02		1.0351340e+02		9.0981444e+01		1.2531961e+01
3.0400000e+02		3.0500000e+02		3.0450000e+02		4.0776836e+02		5.5920291e+01		1.1635333e+02		1.0078039e+02		8.8096848e+01		1.2683545e+01
3.0500000e+02		3.0600000e+02		3.0550000e+02		4.1174793e+02		5.7322878e+01		1.1919868e+02		1.0347048e+02		8.9944075e+01		1.3526406e+01
3.0600000e+02		3.0700000e+02		3.0650000e+02		3.9053943e+02		5.5070284e+01		1.1446986e+02		9.9561693e+01		8.6058500e+01		1.3503193e+01
3.0700000e+02		3.0800000e+02		3.0750000e+02		4.3847484e+02		6.2671735e+01		1.3022514e+02		1.1348791e+02		9.7527547e+01		1.5960362e+01
3.0800000e+02		3.0900000e+02		3.0850000e+02		4.3035211e+02		6.2304180e+01		1.2942174e+02		1.1300740e+02		9.6542373e+01		1.6465030e+01
3.0900000e+02		3.1000000e+02		3.0950000e+02		3.4901328e+02		5.1198008e+01		1.0632318e+02		9.3018393e+01		7.8986091e+01		1.4032302e+01
3.1000000e+02		3.1100000e+02		3.1050000e+02		4.3927411e+02		6.2889857e+01		1.3127326e+02		1.1441667e+02		9.6675245e+01		1.7741430e+01
3.1100000e+02		3.1200000e+02		3.1150000e+02		5.2246540e+02		7.0378579e+01		1.4845580e+02		1.2817139e+02		1.0789600e+02		2.0275387e+01
3.1200000e+02		3.1300000e+02		3.1250000e+02		4.6521908e+02		5.8982564e+01		1.2573721e+02		1.0752282e+02		9.0189436e+01		1.7333379e+01
3.1300000e+02		3.1400000e+02		3.1350000e+02		4.9544367e+02		5.9137611e+01		1.2741130e+02		1.0790739e+02		9.0198945e+01		1.7708446e+01
3.1400000e+02		3.1500000e+02		3.1450000e+02		4.6729179e+02		5.2536426e+01		1.1440080e+02		9.5949845e+01		7.9935156e+01		1.6014689e+01
3.1500000e+02		3.1600000e+02		3.1550000e+02		4.5343123e+02		5.0233518e+01		1.0982478e+02		9.1872697e+01		7.6143754e+01		1.5728942e+01
3.1600000e+02		3.1700000e+02		3.1650000e+02		4.4229406e+02		5.0516201e+01		1.1015008e+02		9.2569758e+01		7.6170242e+01		1.6399515e+01
3.1700000e+02		3.1800000e+02		3.1750000e+02		5.6102832e+02		6.6053659e+01		1.4365121e+02		1.2128141e+02		9.9063222e+01		2.2218187e+01
3.1800000e+02		3.1900000e+02		3.1850000e+02		4.6340678e+02		5.6244181e+01		1.2199992e+02		1.0347804e+02		8.3887493e+01		1.9590551e+01
3.1900000e+02		3.2000000e+02		3.1950000e+02		4.9774832e+02		6.2274808e+01		1.3473284e+02		1.1480723e+02		9.2359588e+01		2.2447639e+01
3.2000000e+02		3.2100000e+02		3.2050000e+02		5.7184857e+02		7.3218042e+01		1.5817297e+02		1.3524882e+02		1.0799311e+02		2.7255710e+01
3.2100000e+02		3.2200000e+02		3.2150000e+02		4.8024660e+02		6.2469469e+01		1.3489968e+02		1.1561428e+02		9.1647660e+01		2.3966620e+01
3.2200000e+02		3.2300000e+02		3.2250000e+02		4.8228681e+02		6.3729624e+01		1.3756970e+02		1.1817373e+02		9.2989072e+01		2.5184656e+01
3.2300000e+02		3.2400000e+02		3.2350000e+02		4.6607071e+02		6.2561842e+01		1.3500218e+02		1.1623438e+02		9.0780412e+01		2.5453971e+01
3.2400000e+02		3.2500000e+02		3.2450000e+02		5.4882129e+02		7.4829616e+01		1.6142222e+02		1.3930006e+02		1.0797154e+02		3.1328527e+01
3.2500000e+02		3.2600000e+02		3.2550000e+02		6.3196128e+02		8.4373311e+01		1.8294215e+02		1.5729497e+02		1.2123149e+02		3.6063478e+01
3.2600000e+02		3.2700000e+02		3.2650000e+02		7.1301257e+02		8.9877679e+01		1.9694430e+02		1.6770836e+02		1.2880164e+02		3.8906719e+01
3.2700000e+02		3.2800000e+02		3.2750000e+02		6.8984049e+02		8.2112414e+01		1.8184213e+02		1.5335113e+02		1.1737767e+02		3.5973458e+01
3.2800000e+02		3.2900000e+02		3.2850000e+02		6.6596082e+02		7.4864278e+01		1.6755838e+02		1.3993027e+02		1.0675860e+02		3.3171666e+01
3.2900000e+02		3.3000000e+02		3.2950000e+02		7.7527139e+02		8.2317967e+01		1.8621035e+02		1.5398382e+02		1.1711602e+02		3.6867796e+01
3.3000000e+02		3.3100000e+02		3.3050000e+02		7.3029799e+02		7.9307714e+01		1.7916954e+02		1.4866325e+02		1.1214024e+02		3.6523009e+01
3.3100000e+02		3.3200000e+02		3.3150000e+02		6.9881652e+02		8.4082669e+01		1.8745384e+02		1.5816003e+02		1.1767280e+02		4.0487238e+01
3.3200000e+02		3.3300000e+02		3.3250000e+02		6.8562051e+02		9.1467105e+01		2.0121887e+02		1.7265463e+02		1.2665779e+02		4.5996840e+01
3.3300000e+02		3.3400000e+02		3.3350000e+02		6.5878216e+02		9.7518171e+01		2.1167835e+02		1.8473016e+02		1.3357801e+02		5.1152147e+01
3.3400000e+02		3.3500000e+02		3.3450000e+02		6.9405546e+02		1.1408830e+02		2.4433599e+02		2.1689280e+02		1.5454823e+02		6.2344574e+01
3.3500000e+02		3.3600000e+02		3.3550000e+02		6.8541663e+02		1.1997694e+02		2.5509773e+02		2.2875073e+02		1.6104485e+02		6.7705885e+01
3.3600000e+02		3.3700000e+02		3.3650000e+02		5.6469084e+02		1.0087215e+02		2.1427768e+02		1.9275316e+02		1.3444481e+02		5.8308354e+01
3.3700000e+02		3.3800000e+02		3.3750000e+02		5.9573781e+02		1.0859829e+02		2.3047687e+02		2.0798068e+02		1.4370670e+02		6.4273981e+01
3.3800000e+02		3.3900000e+02		3.3850000e+02		6.4448401e+02		1.1988931e+02		2.5420568e+02		2.3012000e+02		1.5749711e+02		7.2622889e+01
3.3900000e+02		3.4000000e+02		3.3950000e+02		6.7448220e+02		1.2803576e+02		2.7122962e+02		2.4631011e+02		1.6696320e+02		7.9346916e+01
3.4000000e+02		3.4100000e+02		3.4050000e+02		7.1196374e+02		1.3623937e+02		2.8886572e+02		2.6262896e+02		1.7646197e+02		8.6166992e+01
3.4100000e+02		3.4200000e+02		3.4150000e+02		6.4984945e+02		1.2382880e+02		2.6326508e+02		2.3914368e+02		1.5940813e+02		7.9735556e+01
3.4200000e+02		3.4300000e+02		3.4250000e+02		7.0477558e+02		1.3372102e+02		2.8507206e+02		2.5872096e+02		1.7108665e+02		8.7634306e+01
3.4300000e+02		3.4400000e+02		3.4350000e+02		6.9264465e+02		1.3085043e+02		2.7971674e+02		2.5362909e+02		1.6638220e+02		8.7246899e+01
3.4400000e+02		3.4500000e+02		3.4450000e+02		5.5710877e+02		1.0478434e+02		2.2461195e+02		2.0347429e+02		1.3241319e+02		7.1061102e+01
3.4500000e+02		3.4600000e+02		3.4550000e+02		6.7138909e+02		1.2706347e+02		2.7268724e+02		2.4723278e+02		1.5945936e+02		8.7773420e+01
3.4600000e+02		3.4700000e+02		3.4650000e+02		6.5194093e+02		1.2547397e+02		2.6916319e+02		2.4467900e+02		1.5626126e+02		8.8417745e+01
3.4700000e+02		3.4800000e+02		3.4750000e+02		6.4525828e+02		1.2628987e+02		2.7079919e+02		2.4681400e+02		1.5606290e+02		9.0751097e+01
3.4800000e+02		3.4900000e+02		3.4850000e+02		6.6761091e+02		1.3287368e+02		2.8479558e+02		2.6025475e+02		1.6291797e+02		9.7336774e+01
3.4900000e+02		3.5000000e+02		3.4950000e+02		6.3989005e+02		1.2950682e+02		2.7746010e+02		2.5422052e+02		1.5753883e+02		9.6681686e+01
3.5000000e+02		3.5100000e+02		3.5050000e+02		7.6650484e+02		1.6017651e+02		3.4223470e+02		3.1521106e+02		1.9309163e+02		1.2211943e+02
3.5100000e+02		3.5200000e+02		3.5150000e+02		7.1211510e+02		1.5265149e+02		3.2558067e+02		3.0115086e+02		1.8234964e+02		1.1880122e+02
3.5200000e+02		3.5300000e+02		3.5250000e+02		6.5785102e+02		1.4175843e+02		3.0273264e+02		2.8021643e+02		1.6809732e+02		1.1211911e+02
3.5300000e+02		3.5400000e+02		3.5350000e+02		7.5263834e+02		1.6302667e+02		3.4859583e+02		3.2289571e+02		1.9189291e+02		1.3100280e+02
3.5400000e+02		3.5500000e+02		3.5450000e+02		8.0329241e+02		1.7489510e+02		3.7445057e+02		3.4708612e+02		2.0433702e+02		1.4274910e+02
3.5500000e+02		3.5600000e+02		3.5550000e+02		7.5433512e+02		1.6507481e+02		3.5387581e+02		3.2824133e+02		1.9142584e+02		1.3681550e+02
3.5600000e+02		3.5700000e+02		3.5650000e+02		6.5576441e+02		1.4423072e+02		3.0958562e+02		2.8735570e+02		1.6600057e+02		1.2135514e+02
3.5700000e+02		3.5800000e+02		3.5750000e+02		5.7307986e+02		1.2667755e+02		2.7225453e+02		2.5287614e+02		1.4469903e+02		1.0817711e+02
3.5800000e+02		3.5900000e+02		3.5850000e+02		4.9194729e+02		1.0928459e+02		2.3517232e+02		2.1857965e+02		1.2388583e+02		9.4693812e+01
3.5900000e+02		3.6000000e+02		3.5950000e+02		7.1030971e+02		1.5857159e+02		3.4166744e+02		3.1777156e+02		1.7838892e+02		1.3938265e+02
3.6000000e+02		3.6100000e+02		3.6050000e+02		7.0092701e+02		1.5724226e+02		3.3923247e+02		3.1571405e+02		1.7553954e+02		1.4017452e+02
3.6100000e+02		3.6200000e+02		3.6150000e+02		6.5110481e+02		1.4677361e+02		3.1704787e+02		2.9525932e+02		1.6259257e+02		1.3266675e+02
3.6200000e+02		3.6300000e+02		3.6250000e+02		7.3500056e+02		1.6648194e+02		3.6007370e+02		3.3554414e+02		1.8300007e+02		1.5254407e+02
3.6300000e+02		3.6400000e+02		3.6350000e+02		7.1558904e+02		1.6285741e+02		3.5267742e+02		3.2886122e+02		1.7762651e+02		1.5123470e+02
3.6400000e+02		3.6500000e+02		3.6450000e+02		7.4837927e+02		1.7112448e+02		3.7104490e+02		3.4620674e+02		1.8518835e+02		1.6101839e+02
3.6500000e+02		3.6600000e+02		3.6550000e+02		8.5179486e+02		1.9568350e+02		4.2482588e+02		3.9663532e+02		2.1010799e+02		1.8652732e+02
3.6600000e+02		3.6700000e+02		3.6650000e+02		9.1042532e+02		2.1012356e+02		4.5674309e+02		4.2669850e+02		2.2383907e+02		2.0285943e+02
3.6700000e+02		3.6800000e+02		3.6750000e+02		8.7909512e+02		2.0382623e+02		4.4360429e+02		4.1467798e+02		2.1541719e+02		1.9926079e+02
3.6800000e+02		3.6900000e+02		3.6850000e+02		8.1047729e+02		1.8877370e+02		4.1135180e+02		3.8476198e+02		1.9792822e+02		1.8683376e+02
3.6900000e+02		3.7000000e+02		3.6950000e+02		8.9967825e+02		2.1049757e+02		4.5925401e+02		4.2982596e+02		2.1895076e+02		2.1087521e+02
3.7000000e+02		3.7100000e+02		3.7050000e+02		8.4427990e+02		1.9842139e+02		4.3343690e+02		4.0590462e+02		2.0474276e+02		2.0116186e+02
3.7100000e+02		3.7200000e+02		3.7150000e+02		8.7164560e+02		2.0576301e+02		4.5002200e+02		4.2168463e+02		2.1061818e+02		2.1106645e+02
3.7200000e+02		3.7300000e+02		3.7250000e+02		7.2411383e+02		1.7168910e+02		3.7595475e+02		3.5248695e+02		1.7432839e+02		1.7815856e+02
3.7300000e+02		3.7400000e+02		3.7350000e+02		6.3155746e+02		1.5039749e+02		3.2972901e+02		3.0932540e+02		1.5147868e+02		1.5784672e+02
3.7400000e+02		3.7500000e+02		3.7450000e+02		6.4642322e+02		1.5460373e+02		3.3935750e+02		3.1854034e+02		1.5445625e+02		1.6408409e+02
3.7500000e+02		3.7600000e+02		3.7550000e+02		7.4036161e+02		1.7783032e+02		3.9080608e+02		3.6704088e+02		1.7622005e+02		1.9082083e+02
3.7600000e+02		3.7700000e+02		3.7650000e+02		7.6758018e+02		1.8515198e+02		4.0737928e+02		3.8282107e+02		1.8198328e+02		2.0083779e+02
3.7700000e+02		3.7800000e+02		3.7750000e+02		9.0048278e+02		2.1812555e+02		4.8049532e+02		4.5178049e+02		2.1264415e+02		2.3913634e+02
3.7800000e+02		3.7900000e+02		3.7850000e+02		9.3786543e+02		2.2812987e+02		5.0312246e+02		4.7331590e+02		2.2057855e+02		2.5273736e+02
3.7900000e+02		3.8000000e+02		3.7950000e+02		7.6051322e+02		1.8575607e+02		4.1014775e+02		3.8605973e+02		1.7813493e+02		2.0792480e+02
3.8000000e+02		3.8100000e+02		3.8050000e+02		8.2814537e+02		2.0310550e+02		4.4897435e+02		4.2283428e+02		1.9317184e+02		2.2966244e+02
3.8100000e+02		3.8200000e+02		3.8150000e+02		7.4366886e+02		1.8312933e+02		4.0528171e+02		3.8188965e+02		1.7273786e+02		2.0915179e+02
3.8200000e+02		3.8300000e+02		3.8250000e+02		5.3336093e+02		1.3187036e+02		2.9217442e+02		2.7545652e+02		1.2336049e+02		1.5209603e+02
3.8300000e+02		3.8400000e+02		3.8350000e+02		4.7073026e+02		1.1685045e+02		2.5918979e+02		2.4448742e+02		1.0840532e+02		1.3608209e+02
3.8400000e+02		3.8500000e+02		3.8450000e+02		6.2969557e+02		1.5693000e+02		3.4848375e+02		3.2888701e+02		1.4438092e+02		1.8450609e+02
3.8500000e+02		3.8600000e+02		3.8550000e+02		6.6694888e+02		1.6686674e+02		3.7096415e+02		3.5028337e+02		1.5224741e+02		1.9803596e+02
3.8600000e+02		3.8700000e+02		3.8650000e+02		6.6977732e+02		1.6822655e+02		3.7440252e+02		3.5371020e+02		1.5221027e+02		2.0149993e+02
3.8700000e+02		3.8800000e+02		3.8750000e+02		6.6902499e+02		1.6868575e+02		3.7583838e+02		3.5524587e+02		1.5135277e+02		2.0389311e+02
3.8800000e+02		3.8900000e+02		3.8850000e+02		6.7841027e+02		1.7170606e+02		3.8298633e+02		3.6218309e+02		1.5277550e+02		2.0940759e+02
3.8900000e+02		3.9000000e+02		3.8950000e+02		8.1451188e+02		2.0693460e+02		4.6206392e+02		4.3718157e+02		1.8257915e+02		2.5460242e+02
3.9000000e+02		3.9100000e+02		3.9050000e+02		8.5560997e+02		2.1819234e+02		4.8772622e+02		4.6168813e+02		1.9089808e+02		2.7079006e+02
3.9100000e+02		3.9200000e+02		3.9150000e+02		9.2006232e+02		2.3550191e+02		5.2698109e+02		4.9908946e+02		2.0431248e+02		2.9477698e+02
3.9200000e+02		3.9300000e+02		3.9250000e+02		7.0614281e+02		1.8141322e+02		4.0637766e+02		3.8505425e+02		1.5606390e+02		2.2899035e+02
3.9300000e+02		3.9400000e+02		3.9350000e+02		4.3291589e+02		1.1162589e+02		2.5031242e+02		2.3729096e+02		9.5219615e+01		1.4207135e+02
3.9400000e+02		3.9500000e+02		3.9450000e+02		7.1565803e+02		1.8519867e+02		4.1572696e+02		3.9428632e+02		1.5664715e+02		2.3763917e+02
3.9500000e+02		3.9600000e+02		3.9550000e+02		8.7888136e+02		2.2825460e+02		5.1290740e+02		4.8668193e+02		1.9143561e+02		2.9524631e+02
3.9600000e+02		3.9700000e+02		3.9650000e+02		6.0712893e+02		1.5821107e+02		3.5588442e+02		3.3781994e+02		1.3160991e+02		2.0621003e+02
3.9700000e+02		3.9800000e+02		3.9750000e+02		6.8053003e+02		1.7794195e+02		4.0068210e+02		3.8050685e+02		1.4678065e+02		2.3372620e+02
3.9800000e+02		3.9900000e+02		3.9850000e+02		1.0480559e+03		2.7488558e+02		6.1963920e+02		5.8865675e+02		2.2485432e+02		3.6380243e+02
3.9900000e+02		4.0000000e+02		3.9950000e+02		1.1577145e+03		3.0455201e+02		6.8725098e+02		6.5312154e+02		2.4703308e+02		4.0608846e+02
4.0000000e+02		4.0100000e+02		4.0050000e+02		1.1939713e+03		3.1549934e+02		7.1254535e+02		6.7760476e+02		2.5366608e+02		4.2393868e+02
4.0100000e+02		4.0200000e+02		4.0150000e+02		1.2509583e+03		3.3173163e+02		7.4993215e+02		7.1351667e+02		2.6437404e+02		4.4914263e+02
4.0200000e+02		4.0300000e+02		4.0250000e+02		1.2664199e+03		3.3696448e+02		7.6250369e+02		7.2579421e+02		2.6626202e+02		4.5953219e+02
4.0300000e+02		4.0400000e+02		4.0350000e+02		1.2115903e+03		3.2345321e+02		7.3263598e+02		6.9766569e+02		2.5341190e+02		4.4425379e+02
4.0400000e+02		4.0500000e+02		4.0450000e+02		1.1914959e+03		3.1914243e+02		7.2356327e+02		6.8932080e+02		2.4790655e+02		4.4141424e+02
4.0500000e+02		4.0600000e+02		4.0550000e+02		1.1904731e+03		3.1991533e+02		7.2600303e+02		6.9193811e+02		2.4639059e+02		4.4554753e+02
4.0600000e+02		4.0700000e+02		4.0650000e+02		1.1388815e+03		3.0704691e+02		6.9745432e+02		6.6500783e+02		2.3446460e+02		4.3054322e+02
4.0700000e+02		4.0800000e+02		4.0750000e+02		1.1575323e+03		3.1308150e+02		7.1182354e+02		6.7899056e+02		2.3703448e+02		4.4195607e+02
4.0800000e+02		4.0900000e+02		4.0850000e+02		1.2307397e+03		3.3394585e+02		7.5996074e+02		7.2520569e+02		2.5067444e+02		4.7453125e+02
4.0900000e+02		4.1000000e+02		4.0950000e+02		1.2243097e+03		3.3325315e+02		7.5907696e+02		7.2465747e+02		2.4801994e+02		4.7663753e+02
4.1000000e+02		4.1100000e+02		4.1050000e+02		1.1216634e+03		3.0627133e+02		6.9824945e+02		6.6685709e+02		2.2599335e+02		4.4086374e+02
4.1100000e+02		4.1200000e+02		4.1150000e+02		1.3003372e+03		3.5616266e+02		8.1272133e+02		7.7649263e+02		2.6056347e+02		5.1592916e+02
4.1200000e+02		4.1300000e+02		4.1250000e+02		1.2760342e+03		3.5058330e+02		8.0069996e+02		7.6530987e+02		2.5429112e+02		5.1101874e+02
4.1300000e+02		4.1400000e+02		4.1350000e+02		1.2308584e+03		3.3920442e+02		7.7539273e+02		7.4141162e+02		2.4393578e+02		4.9747584e+02
4.1400000e+02		4.1500000e+02		4.1450000e+02		1.2488872e+03		3.4521465e+02		7.8981873e+02		7.5549848e+02		2.4613684e+02		5.0936165e+02
4.1500000e+02		4.1600000e+02		4.1550000e+02		1.2477523e+03		3.4593554e+02		7.9215054e+02		7.5802017e+02		2.4454315e+02		5.1347702e+02
4.1600000e+02		4.1700000e+02		4.1650000e+02		1.2947363e+03		3.6002800e+02		8.2512468e+02		7.8987328e+02		2.5233179e+02		5.3754149e+02
4.1700000e+02		4.1800000e+02		4.1750000e+02		1.1781342e+03		3.2856742e+02		7.5365927e+02		7.2173085e+02		2.2831827e+02		4.9341258e+02
4.1800000e+02		4.1900000e+02		4.1850000e+02		1.2217101e+03		3.4168964e+02		7.8441802e+02		7.5144092e+02		2.3545909e+02		5.1598183e+02
4.1900000e+02		4.2000000e+02		4.1950000e+02		1.2338424e+03		3.4610815e+02		7.9521716e+02		7.6209539e+02		2.3641117e+02		5.2568422e+02
4.2000000e+02		4.2100000e+02		4.2050000e+02		1.2494927e+03		3.5150466e+02		8.0827903e+02		7.7489834e+02		2.3804249e+02		5.3685585e+02
4.2100000e+02		4.2200000e+02		4.2150000e+02		1.2299982e+03		3.4700359e+02		7.9857750e+02		7.6587496e+02		2.3298650e+02		5.3288846e+02
4.2200000e+02		4.2300000e+02		4.2250000e+02		1.1657134e+03		3.2979368e+02		7.5958222e+02		7.2873807e+02		2.1953969e+02		5.0919838e+02
4.2300000e+02		4.2400000e+02		4.2350000e+02		1.2419943e+03		3.5235478e+02		8.1219166e+02		7.7948818e+02		2.3255496e+02		5.4693322e+02
4.2400000e+02		4.2500000e+02		4.2450000e+02		1.2850442e+03		3.6557607e+02		8.4333194e+02		8.0965948e+02		2.3922071e+02		5.7043877e+02
4.2500000e+02		4.2600000e+02		4.2550000e+02		1.2367256e+03		3.5279414e+02		8.1448137e+02		7.8223344e+02		2.2888585e+02		5.5334759e+02
4.2600000e+02		4.2700000e+02		4.2650000e+02		1.2316584e+03		3.5230264e+02		8.1397541e+02		7.8201737e+02		2.2661631e+02		5.5540106e+02
4.2700000e+02		4.2800000e+02		4.2750000e+02		1.1420512e+03		3.2755045e+02		7.5736598e+02		7.2787927e+02		2.0889710e+02		5.1898217e+02
4.2800000e+02		4.2900000e+02		4.2850000e+02		1.1495483e+03		3.3057982e+02		7.6494951e+02		7.3541643e+02		2.0903107e+02		5.2638537e+02
4.2900000e+02		4.3000000e+02		4.2950000e+02		1.0698649e+03		3.0847793e+02		7.1434178e+02		6.8699280e+02		1.9339285e+02		4.9359995e+02
4.3000000e+02		4.3100000e+02		4.3050000e+02		8.6065012e+02		2.4880409e+02		5.7658277e+02		5.5469207e+02		1.5465261e+02		4.0003946e+02
4.3100000e+02		4.3200000e+02		4.3150000e+02		1.0641754e+03		3.0843919e+02		7.1530725e+02		6.8837594e+02		1.9008790e+02		4.9828803e+02
4.3200000e+02		4.3300000e+02		4.3250000e+02		1.1990384e+03		3.4842134e+02		8.0861813e+02		7.7842703e+02		2.1290051e+02		5.6552652e+02
4.3300000e+02		4.3400000e+02		4.3350000e+02		1.3017454e+03		3.7923025e+02		8.8075298e+02		8.4814200e+02		2.2975442e+02		6.1838757e+02
4.3400000e+02		4.3500000e+02		4.3450000e+02		1.1054356e+03		3.2285362e+02		7.5035371e+02		7.2280164e+02		1.9393562e+02		5.2886602e+02
4.3500000e+02		4.3600000e+02		4.3550000e+02		1.2347447e+03		3.6152205e+02		8.4081648e+02		8.1019884e+02		2.1531779e+02		5.9488105e+02
4.3600000e+02		4.3700000e+02		4.3650000e+02		1.3814970e+03		4.0549282e+02		9.4374029e+02		9.0965951e+02		2.3945493e+02		6.7020458e+02
4.3700000e+02		4.3800000e+02		4.3750000e+02		1.2223713e+03		3.5966841e+02		8.3766698e+02		8.0766717e+02		2.1059143e+02		5.9707575e+02
4.3800000e+02		4.3900000e+02		4.3850000e+02		1.1905029e+03		3.5114454e+02		8.1837374e+02		7.8930723e+02		2.0385651e+02		5.8545073e+02
4.3900000e+02		4.4000000e+02		4.3950000e+02		1.3250738e+03		3.9177772e+02		9.1369073e+02		8.8150446e+02		2.2552275e+02		6.5598172e+02
4.4000000e+02		4.4100000e+02		4.4050000e+02		1.2562739e+03		3.7231243e+02		8.6887684e+02		8.3850965e+02		2.1252649e+02		6.2598316e+02
4.4100000e+02		4.4200000e+02		4.4150000e+02		1.3817384e+03		4.0992946e+02		9.5749474e+02		9.2405338e+02		2.3215990e+02		6.9189348e+02
4.4200000e+02		4.4300000e+02		4.4250000e+02		1.4526378e+03		4.3169624e+02		1.0091060e+03		9.7403132e+02		2.4245165e+02		7.3157967e+02
4.4300000e+02		4.4400000e+02		4.4350000e+02		1.4050936e+03		4.1849934e+02		9.7890801e+02		9.4514294e+02		2.3305819e+02		7.1208475e+02
4.4400000e+02		4.4500000e+02		4.4450000e+02		1.4475318e+03		4.3123891e+02		1.0097040e+03		9.7478270e+02		2.3821349e+02		7.3656921e+02
4.4500000e+02		4.4600000e+02		4.4550000e+02		1.3420773e+03		4.0076750e+02		9.3894270e+02		9.0674202e+02		2.1951119e+02		6.8723083e+02
4.4600000e+02		4.4700000e+02		4.4650000e+02		1.3689269e+03		4.1084443e+02		9.6271312e+02		9.3044198e+02		2.2301952e+02		7.0742246e+02
4.4700000e+02		4.4800000e+02		4.4750000e+02		1.4837056e+03		4.4656836e+02		1.0469671e+03		1.0122767e+03		2.4033417e+02		7.7194251e+02
4.4800000e+02		4.4900000e+02		4.4850000e+02		1.4587166e+03		4.4026496e+02		1.0327337e+03		9.9890518e+02		2.3489457e+02		7.6401061e+02
4.4900000e+02		4.5000000e+02		4.4950000e+02		1.4737837e+03		4.4585222e+02		1.0464631e+03		1.0125102e+03		2.3580313e+02		7.7670706e+02
4.5000000e+02		4.5100000e+02		4.5050000e+02		1.5636828e+03		4.7409027e+02		1.1134106e+03		1.0775885e+03		2.4861466e+02		8.2897379e+02
4.5100000e+02		4.5200000e+02		4.5150000e+02		1.5589734e+03		4.7368553e+02		1.1131235e+03		1.0776022e+03		2.4631782e+02		8.3128437e+02
4.5200000e+02		4.5300000e+02		4.5250000e+02		1.4757889e+03		4.4937226e+02		1.0566124e+03		1.0231687e+03		2.3171569e+02		7.9145299e+02
4.5300000e+02		4.5400000e+02		4.5350000e+02		1.4141855e+03		4.3152964e+02		1.0152514e+03		9.8337788e+02		2.2065153e+02		7.6272635e+02
4.5400000e+02		4.5500000e+02		4.5450000e+02		1.5096596e+03		4.6163338e+02		1.0867034e+03		1.0528635e+03		2.3406927e+02		8.1879420e+02
4.5500000e+02		4.5600000e+02		4.5550000e+02		1.4952815e+03		4.5819129e+02		1.0792172e+03		1.0458827e+03		2.3038211e+02		8.1550063e+02
4.5600000e+02		4.5700000e+02		4.5650000e+02		1.5527317e+03		4.7677980e+02		1.1236357e+03		1.0892101e+03		2.3772687e+02		8.5148319e+02
4.5700000e+02		4.5800000e+02		4.5750000e+02		1.5677329e+03		4.8237300e+02		1.1374536e+03		1.1028864e+03		2.3850957e+02		8.6437679e+02
4.5800000e+02		4.5900000e+02		4.5850000e+02		1.4734199e+03		4.5427512e+02		1.0717911e+03		1.0394822e+03		2.2274508e+02		8.1673716e+02
4.5900000e+02		4.6000000e+02		4.5950000e+02		1.5222067e+03		4.7026172e+02		1.1101171e+03		1.0769227e+03		2.2866473e+02		8.4825796e+02
4.6000000e+02		4.6100000e+02		4.6050000e+02		1.5039223e+03		4.6554014e+02		1.0995671e+03		1.0669530e+03		2.2448696e+02		8.4246599e+02
4.6100000e+02		4.6200000e+02		4.6150000e+02		1.5386000e+03		4.7721645e+02		1.1277505e+03		1.0945693e+03		2.2820650e+02		8.6636282e+02
4.6200000e+02		4.6300000e+02		4.6250000e+02		1.5538294e+03		4.8288453e+02		1.1417512e+03		1.1084278e+03		2.2900161e+02		8.7942623e+02
4.6300000e+02		4.6400000e+02		4.6350000e+02		1.5018384e+03		4.6763377e+02		1.1062727e+03		1.0742438e+03		2.1993168e+02		8.5431211e+02
4.6400000e+02		4.6500000e+02		4.6450000e+02		1.5281564e+03		4.7674445e+02		1.1284121e+03		1.0960039e+03		2.2236086e+02		8.7364303e+02
4.6500000e+02		4.6600000e+02		4.6550000e+02		1.4760608e+03		4.6137048e+02		1.0925851e+03		1.0614569e+03		2.1341134e+02		8.4804557e+02
4.6600000e+02		4.6700000e+02		4.6650000e+02		1.4854121e+03		4.6517116e+02		1.1021464e+03		1.0709967e+03		2.1339290e+02		8.5760378e+02
4.6700000e+02		4.6800000e+02		4.6750000e+02		1.4997486e+03		4.7036899e+02		1.1150779e+03		1.0837106e+03		2.1411056e+02		8.6960004e+02
4.6800000e+02		4.6900000e+02		4.6850000e+02		1.4665907e+03		4.6088329e+02		1.0931125e+03		1.0626357e+03		2.0805188e+02		8.5458377e+02
4.6900000e+02		4.7000000e+02		4.6950000e+02		1.5086728e+03		4.7481587e+02		1.1267773e+03		1.0955357e+03		2.1260799e+02		8.8292768e+02
4.7000000e+02		4.7100000e+02		4.7050000e+02		1.4256243e+03		4.4939171e+02		1.0670062e+03		1.0376092e+03		1.9958450e+02		8.3802465e+02
4.7100000e+02		4.7200000e+02		4.7150000e+02		1.4904926e+03		4.7055748e+02		1.1178535e+03		1.0872404e+03		2.0728531e+02		8.7995505e+02
4.7200000e+02		4.7300000e+02		4.7250000e+02		1.5269264e+03		4.8292946e+02		1.1477903e+03		1.1166072e+03		2.1099168e+02		9.0561554e+02
4.7300000e+02		4.7400000e+02		4.7350000e+02		1.4995420e+03		4.7475794e+02		1.1290455e+03		1.0984584e+03		2.0575834e+02		8.9270002e+02
4.7400000e+02		4.7500000e+02		4.7450000e+02		1.5448084e+03		4.9048825e+02		1.1667826e+03		1.1356567e+03		2.1078353e+02		9.2487318e+02
4.7500000e+02		4.7600000e+02		4.7550000e+02		1.5413846e+03		4.9058357e+02		1.1674237e+03		1.1366850e+03		2.0902156e+02		9.2766339e+02
4.7600000e+02		4.7700000e+02		4.7650000e+02		1.4853490e+03		4.7359190e+02		1.1275028e+03		1.0980752e+03		2.0008503e+02		8.9799020e+02
4.7700000e+02		4.7800000e+02		4.7750000e+02		1.5508368e+03		4.9531908e+02		1.1797644e+03		1.1492152e+03		2.0756076e+02		9.4165440e+02
4.7800000e+02		4.7900000e+02		4.7850000e+02		1.5358791e+03		4.9137440e+02		1.1708940e+03		1.1408127e+03		2.0423379e+02		9.3657892e+02
4.7900000e+02		4.8000000e+02		4.7950000e+02		1.5403519e+03		4.9363445e+02		1.1768017e+03		1.1468059e+03		2.0350734e+02		9.4329858e+02
4.8000000e+02		4.8100000e+02		4.8050000e+02		1.5442750e+03		4.9571687e+02		1.1822853e+03		1.1523860e+03		2.0270880e+02		9.4967719e+02
4.8100000e+02		4.8200000e+02		4.8150000e+02		1.5475498e+03		4.9758909e+02		1.1872665e+03		1.1574763e+03		2.0182674e+02		9.5564956e+02
4.8200000e+02		4.8300000e+02		4.8250000e+02		1.5416562e+03		4.9650605e+02		1.1851921e+03		1.1556864e+03		1.9975894e+02		9.5592744e+02
4.8300000e+02		4.8400000e+02		4.8350000e+02		1.5183412e+03		4.8974198e+02		1.1695532e+03		1.1406226e+03		1.9551816e+02		9.4510446e+02
4.8400000e+02		4.8500000e+02		4.8450000e+02		1.4920771e+03		4.8187294e+02		1.1513130e+03		1.1229717e+03		1.9086660e+02		9.3210514e+02
4.8500000e+02		4.8600000e+02		4.8550000e+02		1.4021236e+03		4.5316903e+02		1.0833371e+03		1.0567083e+03		1.7809282e+02		8.7861545e+02
4.8600000e+02		4.8700000e+02		4.8650000e+02		1.2173217e+03		3.9437264e+02		9.4304212e+02		9.2017885e+02		1.5370660e+02		7.6647226e+02
4.8700000e+02		4.8800000e+02		4.8750000e+02		1.3927585e+03		4.5164485e+02		1.0805459e+03		1.0544302e+03		1.7464502e+02		8.7978515e+02
4.8800000e+02		4.8900000e+02		4.8850000e+02		1.4651201e+03		4.7585976e+02		1.1389349e+03		1.1116246e+03		1.8253224e+02		9.2909238e+02
4.8900000e+02		4.9000000e+02		4.8950000e+02		1.4372192e+03		4.6756792e+02		1.1195156e+03		1.0928999e+03		1.7791086e+02		9.1498906e+02
4.9000000e+02		4.9100000e+02		4.9050000e+02		1.5307557e+03		4.9894160e+02		1.1950325e+03		1.1669221e+03		1.8831059e+02		9.7861152e+02
4.9100000e+02		4.9200000e+02		4.9150000e+02		1.4425606e+03		4.7086990e+02		1.1282537e+03		1.1019016e+03		1.7630146e+02		9.2560018e+02
4.9200000e+02		4.9300000e+02		4.9250000e+02		1.3729411e+03		4.4908365e+02		1.0763630e+03		1.0515432e+03		1.6675005e+02		8.8479318e+02
4.9300000e+02		4.9400000e+02		4.9350000e+02		1.4509629e+03		4.7533329e+02		1.1397107e+03		1.1136527e+03		1.7505648e+02		9.3859626e+02
4.9400000e+02		4.9500000e+02		4.9450000e+02		1.4929449e+03		4.8981909e+02		1.1748881e+03		1.1482446e+03		1.7893289e+02		9.6931170e+02
4.9500000e+02		4.9600000e+02		4.9550000e+02		1.4663156e+03		4.8178444e+02		1.1560505e+03		1.1300353e+03		1.7460082e+02		9.5543449e+02
4.9600000e+02		4.9700000e+02		4.9650000e+02		1.4846220e+03		4.8850503e+02		1.1726127e+03		1.1464271e+03		1.7563324e+02		9.7079381e+02
4.9700000e+02		4.9800000e+02		4.9750000e+02		1.5123203e+03		4.9833251e+02		1.1966432e+03		1.1701253e+03		1.7774867e+02		9.9237667e+02
4.9800000e+02		4.9900000e+02		4.9850000e+02		1.3744029e+03		4.5350319e+02		1.0893954e+03		1.0654128e+03		1.6052984e+02		9.0488296e+02
4.9900000e+02		5.0000000e+02		4.9950000e+02		1.4721832e+03		4.8617660e+02		1.1684131e+03		1.1427538e+03		1.7079724e+02		9.7195654e+02
