Left Bin Edge (nm)	Right Bin Edge (nm)	Bin Center (nm)		Top of Atm Intensity (erg/s/nm/cm2)		Total Surface Flux (erg/s/nm/cm2)		Total Intensity at BOA (erg/s/nm/cm2)		Total Surface Intensity (erg/s/nm/cm2)		Total Surface Diffuse Intensity (erg/s/nm/cm2)		Total Surface Direct Intensity (erg/s/nm/cm2)
1.0000000e+02		1.0100000e+02		1.0050000e+02		4.4569042e-02		2.4525372e-199		0.0000000e+00		4.2479191e-199		4.2479191e-199		0.0000000e+00
1.0100000e+02		1.0200000e+02		1.0150000e+02		1.7387199e-01		2.8780736e-197		0.0000000e+00		4.9849697e-197		4.9849697e-197		0.0000000e+00
1.0200000e+02		1.0300000e+02		1.0250000e+02		9.2286085e-01		3.0760914e-195		0.0000000e+00		5.3279466e-195		5.3279466e-195		0.0000000e+00
1.0300000e+02		1.0400000e+02		1.0350000e+02		7.0094286e-01		3.0025215e-193		0.0000000e+00		5.2005197e-193		5.2005197e-193		0.0000000e+00
1.0400000e+02		1.0500000e+02		1.0450000e+02		1.4124828e-01		2.6834650e-191		0.0000000e+00		4.6478978e-191		4.6478978e-191		0.0000000e+00
1.0500000e+02		1.0600000e+02		1.0550000e+02		4.8389941e-02		2.2015017e-189		0.0000000e+00		3.8131128e-189		3.8131128e-189		0.0000000e+00
1.0600000e+02		1.0700000e+02		1.0650000e+02		4.5487167e-02		1.6618995e-187		0.0000000e+00		2.8784944e-187		2.8784944e-187		0.0000000e+00
1.0700000e+02		1.0800000e+02		1.0750000e+02		5.0757295e-02		1.1570799e-185		0.0000000e+00		2.0041212e-185		2.0041212e-185		0.0000000e+00
1.0800000e+02		1.0900000e+02		1.0850000e+02		7.1152114e-02		7.4467720e-184		0.0000000e+00		1.2898187e-183		1.2898187e-183		0.0000000e+00
1.0900000e+02		1.1000000e+02		1.0950000e+02		5.5817450e-02		4.4397208e-182		0.0000000e+00		7.6898219e-182		7.6898219e-182		0.0000000e+00
1.1000000e+02		1.1100000e+02		1.1050000e+02		5.4043772e-02		2.4571432e-180		0.0000000e+00		4.2558968e-180		4.2558968e-180		0.0000000e+00
1.1100000e+02		1.1200000e+02		1.1150000e+02		5.0797691e-02		1.2649209e-178		0.0000000e+00		2.1909072e-178		2.1909072e-178		0.0000000e+00
1.1200000e+02		1.1300000e+02		1.1250000e+02		5.1969037e-02		6.0686751e-177		0.0000000e+00		1.0511254e-176		1.0511254e-176		0.0000000e+00
1.1300000e+02		1.1400000e+02		1.1350000e+02		4.1221387e-02		2.7185194e-175		0.0000000e+00		4.7086138e-175		4.7086138e-175		0.0000000e+00
1.1400000e+02		1.1500000e+02		1.1450000e+02		3.1562600e-02		1.1390983e-173		0.0000000e+00		1.9729761e-173		1.9729761e-173		0.0000000e+00
1.1500000e+02		1.1600000e+02		1.1550000e+02		4.3552050e-02		4.4723381e-172		0.0000000e+00		7.7463168e-172		7.7463168e-172		0.0000000e+00
1.1600000e+02		1.1700000e+02		1.1650000e+02		1.0143732e-01		1.6480949e-170		0.0000000e+00		2.8545841e-170		2.8545841e-170		0.0000000e+00
1.1700000e+02		1.1800000e+02		1.1750000e+02		3.6108525e-01		5.7096417e-169		0.0000000e+00		9.8893895e-169		9.8893895e-169		0.0000000e+00
1.1800000e+02		1.1900000e+02		1.1850000e+02		1.2283927e-01		1.8624917e-167		0.0000000e+00		3.2259303e-167		3.2259303e-167		0.0000000e+00
1.1900000e+02		1.2000000e+02		1.1950000e+02		1.7115732e-01		5.7292299e-166		0.0000000e+00		9.9233173e-166		9.9233173e-166		0.0000000e+00
1.2000000e+02		1.2100000e+02		1.2050000e+02		9.3056497e-01		1.6643714e-164		0.0000000e+00		2.8827758e-164		2.8827758e-164		0.0000000e+00
1.2100000e+02		1.2200000e+02		1.2150000e+02		3.6941242e+01		4.5727003e-163		0.0000000e+00		7.9201492e-163		7.9201492e-163		0.0000000e+00
1.2200000e+02		1.2300000e+02		1.2250000e+02		2.4773856e-01		1.1897473e-161		0.0000000e+00		2.0607029e-161		2.0607029e-161		0.0000000e+00
1.2300000e+02		1.2400000e+02		1.2350000e+02		1.3344721e-01		2.9354435e-160		3.0638615e-161		5.0843373e-160		5.0843373e-160		0.0000000e+00
1.2400000e+02		1.2500000e+02		1.2450000e+02		1.0726631e-01		6.8768162e-159		7.3864183e-160		1.1910995e-158		1.1910995e-158		0.0000000e+00
1.2500000e+02		1.2600000e+02		1.2550000e+02		1.0471361e-01		1.5315577e-157		1.6906493e-158		2.6527357e-157		2.6527357e-157		0.0000000e+00
1.2600000e+02		1.2700000e+02		1.2650000e+02		1.4644878e-01		3.2466451e-156		3.6813105e-157		5.6233543e-156		5.6233543e-156		0.0000000e+00
1.2700000e+02		1.2800000e+02		1.2750000e+02		7.6659940e-02		6.5583833e-155		7.6355493e-156		1.1359453e-154		1.1359453e-154		0.0000000e+00
1.2800000e+02		1.2900000e+02		1.2850000e+02		6.1165494e-02		1.2638899e-153		1.5102765e-154		2.1891215e-153		2.1891215e-153		0.0000000e+00
1.2900000e+02		1.3000000e+02		1.2950000e+02		8.1594975e-02		2.3261993e-152		2.8518619e-153		4.0290953e-152		4.0290953e-152		0.0000000e+00
1.3000000e+02		1.3100000e+02		1.3050000e+02		6.7007791e-01		4.0932669e-151		5.1465689e-152		7.0897462e-151		7.0897462e-151		0.0000000e+00
1.3100000e+02		1.3200000e+02		1.3150000e+02		9.0731094e-02		6.8932626e-150		8.8853818e-151		1.1939481e-149		1.1939481e-149		0.0000000e+00
1.3200000e+02		1.3300000e+02		1.3250000e+02		7.0547730e-02		1.1121001e-148		1.4690635e-149		1.9262138e-148		1.9262138e-148		0.0000000e+00
1.3300000e+02		1.3400000e+02		1.3350000e+02		9.5357088e-01		1.7204695e-147		2.3282604e-148		2.9799405e-147		2.9799405e-147		0.0000000e+00
1.3400000e+02		1.3500000e+02		1.3450000e+02		6.5246966e-02		2.5547080e-146		3.5404873e-147		4.4248840e-146		4.4248840e-146		0.0000000e+00
1.3500000e+02		1.3600000e+02		1.3550000e+02		1.3692679e-01		3.6443651e-145		5.1705512e-146		6.3122256e-145		6.3122256e-145		0.0000000e+00
1.3600000e+02		1.3700000e+02		1.3650000e+02		8.9861989e-02		4.9988791e-144		7.2581761e-145		8.6583126e-144		8.6583126e-144		0.0000000e+00
1.3700000e+02		1.3800000e+02		1.3750000e+02		9.2282630e-02		6.5988122e-143		9.8021052e-144		1.1429478e-142		1.1429478e-142		0.0000000e+00
1.3800000e+02		1.3900000e+02		1.3850000e+02		9.4180145e-02		8.3900195e-142		1.2746032e-142		1.4531940e-141		1.4531940e-141		0.0000000e+00
1.3900000e+02		1.4000000e+02		1.3950000e+02		3.1801144e-01		1.0282904e-140		1.5971108e-141		1.7810512e-140		1.7810512e-140		0.0000000e+00
1.4000000e+02		1.4100000e+02		1.4050000e+02		2.7729440e-01		1.2158089e-139		1.9299731e-140		2.1058428e-139		2.1058428e-139		0.0000000e+00
1.4100000e+02		1.4200000e+02		1.4150000e+02		1.3359910e-01		1.3878519e-138		2.2509214e-139		2.4038300e-138		2.4038300e-138		0.0000000e+00
1.4200000e+02		1.4300000e+02		1.4250000e+02		1.4479671e-01		1.5306345e-137		2.5356421e-138		2.6511366e-137		2.6511366e-137		0.0000000e+00
1.4300000e+02		1.4400000e+02		1.4350000e+02		1.6064305e-01		1.6321639e-136		2.7608704e-137		2.8269908e-136		2.8269908e-136		0.0000000e+00
1.4400000e+02		1.4500000e+02		1.4450000e+02		1.5363637e-01		1.6839315e-135		2.9076964e-136		2.9166549e-135		2.9166549e-135		0.0000000e+00
1.4500000e+02		1.4600000e+02		1.4550000e+02		1.6382583e-01		1.6820916e-134		2.9641195e-135		2.9134682e-134		2.9134682e-134		0.0000000e+00
1.4600000e+02		1.4700000e+02		1.4650000e+02		1.9977093e-01		1.6278993e-133		2.9267010e-134		2.8196044e-133		2.8196044e-133		0.0000000e+00
1.4700000e+02		1.4800000e+02		1.4750000e+02		2.4643334e-01		1.5273497e-132		2.8007602e-133		2.6454473e-132		2.6454473e-132		0.0000000e+00
1.4800000e+02		1.4900000e+02		1.4850000e+02		2.4167300e-01		1.3901296e-131		2.5993234e-132		2.4077751e-131		2.4077751e-131		0.0000000e+00
1.4900000e+02		1.5000000e+02		1.4950000e+02		2.1832777e-01		1.2281270e-130		2.3410129e-131		2.1271783e-130		2.1271783e-130		0.0000000e+00
1.5000000e+02		1.5100000e+02		1.5050000e+02		2.4023073e-01		1.0538062e-129		2.0472393e-130		1.8252460e-129		1.8252460e-129		0.0000000e+00
1.5100000e+02		1.5200000e+02		1.5150000e+02		2.5258505e-01		8.7873789e-129		1.7394285e-129		1.5220187e-128		1.5220187e-128		0.0000000e+00
1.5200000e+02		1.5300000e+02		1.5250000e+02		3.2229547e-01		7.1249849e-128		1.4366962e-128		1.2340836e-127		1.2340836e-127		0.0000000e+00
1.5300000e+02		1.5400000e+02		1.5350000e+02		3.5701286e-01		5.6204766e-127		1.1542043e-127		9.7349511e-127		9.7349511e-127		0.0000000e+00
1.5400000e+02		1.5500000e+02		1.5450000e+02		9.5486931e-01		4.3157797e-126		9.0239181e-127		7.4751498e-126		7.4751498e-126		0.0000000e+00
1.5500000e+02		1.5600000e+02		1.5550000e+02		7.8587524e-01		3.2275182e-125		6.8695878e-126		5.5902255e-125		5.5902255e-125		0.0000000e+00
1.5600000e+02		1.5700000e+02		1.5650000e+02		4.6648084e-01		2.3519168e-124		5.0946401e-125		4.0736394e-124		4.0736394e-124		0.0000000e+00
1.5700000e+02		1.5800000e+02		1.5750000e+02		4.2309893e-01		1.6708372e-123		3.6826121e-124		2.8939749e-123		2.8939749e-123		0.0000000e+00
1.5800000e+02		1.5900000e+02		1.5850000e+02		3.9008072e-01		1.1577498e-122		2.5958055e-123		2.0052814e-122		2.0052814e-122		0.0000000e+00
1.5900000e+02		1.6000000e+02		1.5950000e+02		3.8042347e-01		7.8283074e-122		1.7851316e-122		1.3559026e-121		1.3559026e-121		0.0000000e+00
1.6000000e+02		1.6100000e+02		1.6050000e+02		4.1635449e-01		5.1676479e-121		1.1982508e-121		8.9506286e-121		8.9506286e-121		0.0000000e+00
1.6100000e+02		1.6200000e+02		1.6150000e+02		4.7164413e-01		3.3318391e-120		7.8541985e-121		5.7709147e-120		5.7709147e-120		0.0000000e+00
1.6200000e+02		1.6300000e+02		1.6250000e+02		5.2241459e-01		2.0990879e-119		5.0295053e-120		3.6357268e-119		3.6357268e-119		0.0000000e+00
1.6300000e+02		1.6400000e+02		1.6350000e+02		1.1072121e+00		1.2927590e-118		3.1477642e-119		2.2391242e-118		2.2391242e-118		0.0000000e+00
1.6400000e+02		1.6500000e+02		1.6450000e+02		1.1323318e+00		7.7861927e-118		1.9262593e-118		1.3486081e-117		1.3486081e-117		0.0000000e+00
1.6500000e+02		1.6600000e+02		1.6550000e+02		1.3255566e+00		4.5880620e-117		1.1530340e-117		7.9467565e-117		7.9467565e-117		0.0000000e+00
1.6600000e+02		1.6700000e+02		1.6650000e+02		6.2522883e-01		2.6460722e-116		6.7539304e-117		4.5831315e-116		4.5831315e-116		0.0000000e+00
1.6700000e+02		1.6800000e+02		1.6750000e+02		6.6723830e-01		1.4942043e-115		3.8728169e-116		2.5880378e-115		2.5880378e-115		0.0000000e+00
1.6800000e+02		1.6900000e+02		1.6850000e+02		7.1904320e-01		8.2645229e-115		2.1747969e-115		1.4314574e-114		1.4314574e-114		0.0000000e+00
1.6900000e+02		1.7000000e+02		1.6950000e+02		9.0554889e-01		4.4790393e-114		1.1964436e-114		7.7579236e-114		7.7579236e-114		0.0000000e+00
1.7000000e+02		1.7100000e+02		1.7050000e+02		1.0161854e+00		2.3793985e-113		6.4506865e-114		4.1212391e-113		4.1212391e-113		0.0000000e+00
1.7100000e+02		1.7200000e+02		1.7150000e+02		1.0130704e+00		1.2394160e-112		3.4096809e-113		2.1467315e-112		2.1467315e-112		0.0000000e+00
1.7200000e+02		1.7300000e+02		1.7250000e+02		1.0571150e+00		6.3326195e-112		1.7675262e-112		1.0968419e-111		1.0968419e-111		0.0000000e+00
1.7300000e+02		1.7400000e+02		1.7350000e+02		1.0479596e+00		3.1747643e-111		8.9889441e-112		5.4988530e-111		5.4988530e-111		0.0000000e+00
1.7400000e+02		1.7500000e+02		1.7450000e+02		1.2530722e+00		1.5622244e-110		4.4862643e-111		2.7058521e-110		2.7058521e-110		0.0000000e+00
1.7500000e+02		1.7600000e+02		1.7550000e+02		1.4954862e+00		7.5477590e-110		2.1980352e-110		1.3073102e-109		1.3073102e-109		0.0000000e+00
1.7600000e+02		1.7700000e+02		1.7650000e+02		1.6135596e+00		3.5815485e-109		1.0575397e-109		6.2034240e-109		6.2034240e-109		0.0000000e+00
1.7700000e+02		1.7800000e+02		1.7750000e+02		1.9010195e+00		1.6696842e-108		4.9981252e-109		2.8919779e-108		2.8919779e-108		0.0000000e+00
1.7800000e+02		1.7900000e+02		1.7850000e+02		2.0776624e+00		7.6495861e-108		2.3211387e-108		1.3249472e-107		1.3249472e-107		0.0000000e+00
1.7900000e+02		1.8000000e+02		1.7950000e+02		2.0198657e+00		3.4451470e-107		1.0595403e-107		5.9671697e-107		5.9671697e-107		0.0000000e+00
1.8000000e+02		1.8100000e+02		1.8050000e+02		2.4976225e+00		1.5256919e-106		4.7555158e-107		2.6425760e-106		2.6425760e-106		0.0000000e+00
1.8100000e+02		1.8200000e+02		1.8150000e+02		3.0410490e+00		6.6456167e-106		2.0993416e-106		1.1510546e-105		1.1510546e-105		0.0000000e+00
1.8200000e+02		1.8300000e+02		1.8250000e+02		2.8073836e+00		2.8479225e-105		9.1191664e-106		4.9327465e-105		4.9327465e-105		0.0000000e+00
1.8300000e+02		1.8400000e+02		1.8350000e+02		2.9562417e+00		1.2010453e-104		3.8990753e-105		2.0802715e-104		2.0802715e-104		0.0000000e+00
1.8400000e+02		1.8500000e+02		1.8450000e+02		2.5409769e+00		4.9859091e-104		1.6412301e-104		8.6358480e-104		8.6358480e-104		0.0000000e+00
1.8500000e+02		1.8600000e+02		1.8550000e+02		2.8735562e+00		2.0378624e-103		6.8081293e-104		3.5296811e-103		3.5296811e-103		0.0000000e+00
1.8600000e+02		1.8700000e+02		1.8650000e+02		3.2604304e+00		8.2027887e-103		2.7834051e-103		1.4207647e-102		1.4207647e-102		0.0000000e+00
1.8700000e+02		1.8800000e+02		1.8750000e+02		3.6946466e+00		3.2523211e-102		1.1224970e-102		5.6331854e-102		5.6331854e-102		0.0000000e+00
1.8800000e+02		1.8900000e+02		1.8850000e+02		3.8870616e+00		1.2704108e-101		4.4709301e-102		2.2004161e-101		2.2004161e-101		0.0000000e+00
1.8900000e+02		1.9000000e+02		1.8950000e+02		4.3106081e+00		4.8895555e-101		1.7617084e-101		8.4689586e-101		8.4689586e-101		0.0000000e+00
1.9000000e+02		1.9100000e+02		1.9050000e+02		4.4384288e+00		1.8545815e-100		6.8709273e-101		3.2122294e-100		3.2122294e-100		2.0318861e-301
1.9100000e+02		1.9200000e+02		1.9150000e+02		4.8094361e+00		6.9336295e-100		2.6522388e-100		1.2009398e-99		1.2009398e-99		2.3229082e-208
1.9200000e+02		1.9300000e+02		1.9250000e+02		5.0365493e+00		2.5548541e-99		9.9518472e-99		4.4251371e-99		4.4251371e-99		2.7308655e-144
1.9300000e+02		1.9400000e+02		1.9350000e+02		3.8447944e+00		-6.1363659e-92		nan		-1.0628498e-91		-1.0628498e-91		1.8285367e-104
1.9400000e+02		1.9500000e+02		1.9450000e+02		6.1679797e+00		-2.0726762e-76		nan		-3.5899836e-76		-3.5899878e-76		4.2069136e-82
1.9500000e+02		1.9600000e+02		1.9550000e+02		5.9528271e+00		2.2519355e-65		9.3765583e-55		2.2770276e-65		5.9368465e-67		2.2176591e-65
1.9600000e+02		1.9700000e+02		1.9650000e+02		6.5508102e+00		1.9869115e-56		3.5657497e-47		2.0117831e-56		5.8846844e-58		1.9529362e-56
1.9700000e+02		1.9800000e+02		1.9750000e+02		6.5190955e+00		7.1675913e-50		1.6733957e-41		7.2721433e-50		2.4737268e-51		7.0247706e-50
1.9800000e+02		1.9900000e+02		1.9850000e+02		6.3883794e+00		3.7073229e-26		5.3466681e-22		3.8169410e-26		2.5935921e-27		3.5575818e-26
1.9900000e+02		2.0000000e+02		1.9950000e+02		6.7274707e+00		1.5714267e-04		6.2139666e-04		2.5703238e-04		2.3634159e-04		2.0690787e-05
2.0000000e+02		2.0100000e+02		2.0050000e+02		7.1125146e+00		2.8948504e-03		1.0369313e-02		4.9089599e-03		4.7654344e-03		1.4352554e-04
2.0100000e+02		2.0200000e+02		2.0150000e+02		7.5701275e+00		2.1407953e-01		6.6628019e-01		3.6991612e-01		3.6871333e-01		1.2027915e-03
2.0200000e+02		2.0300000e+02		2.0250000e+02		7.4828608e+00		3.7854447e-01		1.1552347e+00		6.5441664e-01		6.5272055e-01		1.6960812e-03
2.0300000e+02		2.0400000e+02		2.0350000e+02		8.0092047e+00		1.0919143e+00		3.2482491e+00		1.8892012e+00		1.8864010e+00		2.8001920e-03
2.0400000e+02		2.0500000e+02		2.0450000e+02		8.6207445e+00		1.7899659e+00		5.2600184e+00		3.0974379e+00		3.0935119e+00		3.9260057e-03
2.0500000e+02		2.0600000e+02		2.0550000e+02		8.6400754e+00		1.8221281e+00		5.3236597e+00		3.1526097e+00		3.1479532e+00		4.6565330e-03
2.0600000e+02		2.0700000e+02		2.0650000e+02		8.6510225e+00		1.8671518e+00		5.4240218e+00		3.2299684e+00		3.2244586e+00		5.5097875e-03
2.0700000e+02		2.0800000e+02		2.0750000e+02		9.3957826e+00		2.0719306e+00		5.9848861e+00		3.5835347e+00		3.5764935e+00		7.0411356e-03
2.0800000e+02		2.0900000e+02		2.0850000e+02		1.0163489e+01		2.2801101e+00		6.5496218e+00		3.9427548e+00		3.9338595e+00		8.8952794e-03
2.0900000e+02		2.1000000e+02		2.0950000e+02		1.3129215e+01		3.0100421e+00		8.5985580e+00		5.2037261e+00		5.1903121e+00		1.3413962e-02
2.1000000e+02		2.1100000e+02		2.1050000e+02		1.6183343e+01		3.7763259e+00		1.0728995e+01		6.5267738e+00		6.5076296e+00		1.9144267e-02
2.1100000e+02		2.1200000e+02		2.1150000e+02		1.8424170e+01		4.3863081e+00		1.2394743e+01		7.5788537e+00		7.5536438e+00		2.5209844e-02
2.1200000e+02		2.1300000e+02		2.1250000e+02		1.6428561e+01		3.9844576e+00		1.1199119e+01		6.8823402e+00		6.8564638e+00		2.5876389e-02
2.1300000e+02		2.1400000e+02		2.1350000e+02		1.6737981e+01		4.1348796e+00		1.1560649e+01		7.1397059e+00		7.1094953e+00		3.0210580e-02
2.1400000e+02		2.1500000e+02		2.1450000e+02		2.1432541e+01		5.3921528e+00		1.4996745e+01		9.3070960e+00		9.2628551e+00		4.4240985e-02
2.1500000e+02		2.1600000e+02		2.1550000e+02		1.8408135e+01		4.7133994e+00		1.3041211e+01		8.1322180e+00		8.0890117e+00		4.3206326e-02
2.1600000e+02		2.1700000e+02		2.1650000e+02		1.7036901e+01		4.4398332e+00		1.2221017e+01		7.6567863e+00		7.6113926e+00		4.5393655e-02
2.1700000e+02		2.1800000e+02		2.1750000e+02		1.7640866e+01		4.6768312e+00		1.2807811e+01		8.0616245e+00		8.0085067e+00		5.3117719e-02
2.1800000e+02		2.1900000e+02		2.1850000e+02		2.3730294e+01		6.3990290e+00		1.7435479e+01		1.1024495e+01		1.0943971e+01		8.0524271e-02
2.1900000e+02		2.2000000e+02		2.1950000e+02		2.5052511e+01		6.8698436e+00		1.8624219e+01		1.1828994e+01		1.1733476e+01		9.5517868e-02
2.2000000e+02		2.2100000e+02		2.2050000e+02		2.5203754e+01		7.0253149e+00		1.8950856e+01		1.2089462e+01		1.1981900e+01		1.0756188e-01
2.2100000e+02		2.2200000e+02		2.2150000e+02		2.0176768e+01		5.7168337e+00		1.5344670e+01		9.8314290e+00		9.7352370e+00		9.6192035e-02
2.2200000e+02		2.2300000e+02		2.2250000e+02		2.7154039e+01		7.8174422e+00		2.0879686e+01		1.3434718e+01		1.3290616e+01		1.4410117e-01
2.2300000e+02		2.2400000e+02		2.2350000e+02		3.5163062e+01		1.0285110e+01		2.7335910e+01		1.7662612e+01		1.7455357e+01		2.0725457e-01
2.2400000e+02		2.2500000e+02		2.2450000e+02		3.2875934e+01		9.7660184e+00		2.5829951e+01		1.6758208e+01		1.6543699e+01		2.1450939e-01
2.2500000e+02		2.2600000e+02		2.2550000e+02		2.8720078e+01		8.6639480e+00		2.2803997e+01		1.4854867e+01		1.4647872e+01		2.0699492e-01
2.2600000e+02		2.2700000e+02		2.2650000e+02		2.1037217e+01		6.4423657e+00		1.6874877e+01		1.1036237e+01		1.0869216e+01		1.6702083e-01
2.2700000e+02		2.2800000e+02		2.2750000e+02		2.0463841e+01		6.3607500e+00		1.6581074e+01		1.0886436e+01		1.0707889e+01		1.7854740e-01
2.2800000e+02		2.2900000e+02		2.2850000e+02		2.8509984e+01		8.9926285e+00		2.3329623e+01		1.5376032e+01		1.5103295e+01		2.7273724e-01
2.2900000e+02		2.3000000e+02		2.2950000e+02		2.5620938e+01		8.1992221e+00		2.1169927e+01		1.4005204e+01		1.3737101e+01		2.6810334e-01
2.3000000e+02		2.3100000e+02		2.3050000e+02		2.9055844e+01		9.4312024e+00		2.4235249e+01		1.6092428e+01		1.5760630e+01		3.3179841e-01
2.3100000e+02		2.3200000e+02		2.3150000e+02		2.7387429e+01		9.0156082e+00		2.3057698e+01		1.5366163e+01		1.5025574e+01		3.4058882e-01
2.3200000e+02		2.3300000e+02		2.3250000e+02		2.9413108e+01		9.8171201e+00		2.4989187e+01		1.6712770e+01		1.6315283e+01		3.9748698e-01
2.3300000e+02		2.3400000e+02		2.3350000e+02		2.6543685e+01		8.9809774e+00		2.2753322e+01		1.5270727e+01		1.4881708e+01		3.8901929e-01
2.3400000e+02		2.3500000e+02		2.3450000e+02		2.3194371e+01		7.9539334e+00		2.0056832e+01		1.3507277e+01		1.3139353e+01		3.6792465e-01
2.3500000e+02		2.3600000e+02		2.3550000e+02		3.1223226e+01		1.0850177e+01		2.7232158e+01		1.8401380e+01		1.7866338e+01		5.3504230e-01
2.3600000e+02		2.3700000e+02		2.3650000e+02		2.8911473e+01		1.0179486e+01		2.5429702e+01		1.7240312e+01		1.6706092e+01		5.3421933e-01
2.3700000e+02		2.3800000e+02		2.3750000e+02		3.0878004e+01		1.1012624e+01		2.7383021e+01		1.8624884e+01		1.8010803e+01		6.1408181e-01
2.3800000e+02		2.3900000e+02		2.3850000e+02		2.5598090e+01		9.2473918e+00		2.2887076e+01		1.5616512e+01		1.5069501e+01		5.4701130e-01
2.3900000e+02		2.4000000e+02		2.3950000e+02		2.7890834e+01		1.0202917e+01		2.5135091e+01		1.7203989e+01		1.6564715e+01		6.3927451e-01
2.4000000e+02		2.4100000e+02		2.4050000e+02		2.5623038e+01		9.4910858e+00		2.3273520e+01		1.5978626e+01		1.5349684e+01		6.2894168e-01
2.4100000e+02		2.4200000e+02		2.4150000e+02		3.0005079e+01		1.1252791e+01		2.7466376e+01		1.8913910e+01		1.8126402e+01		7.8750734e-01
2.4200000e+02		2.4300000e+02		2.4250000e+02		4.1301739e+01		1.5679498e+01		3.8095421e+01		2.6310530e+01		2.5153293e+01		1.1572377e+00
2.4300000e+02		2.4400000e+02		2.4350000e+02		3.8791639e+01		1.4905175e+01		3.6048062e+01		2.4968366e+01		2.3809767e+01		1.1585992e+00
2.4400000e+02		2.4500000e+02		2.4450000e+02		3.6329084e+01		1.4128632e+01		3.4013759e+01		2.3625931e+01		2.2470849e+01		1.1550812e+00
2.4500000e+02		2.4600000e+02		2.4550000e+02		2.9476122e+01		1.1597012e+01		2.7791625e+01		1.9357509e+01		1.8361533e+01		9.9597596e-01
2.4600000e+02		2.4700000e+02		2.4650000e+02		2.8685918e+01		1.1422877e+01		2.7249796e+01		1.9031601e+01		1.8002434e+01		1.0291669e+00
2.4700000e+02		2.4800000e+02		2.4750000e+02		3.1678139e+01		1.2759964e+01		3.0301258e+01		2.1219004e+01		2.0014303e+01		1.2047006e+00
2.4800000e+02		2.4900000e+02		2.4850000e+02		2.5406301e+01		1.0354174e+01		2.4476906e+01		1.7184976e+01		1.6161853e+01		1.0231238e+00
2.4900000e+02		2.5000000e+02		2.4950000e+02		3.0967514e+01		1.2762818e+01		3.0034571e+01		2.1140643e+01		1.9822146e+01		1.3184972e+00
2.5000000e+02		2.5100000e+02		2.5050000e+02		3.3448743e+01		1.3946304e+01		3.2671972e+01		2.3054342e+01		2.1549850e+01		1.5044919e+00
2.5100000e+02		2.5200000e+02		2.5150000e+02		2.7888154e+01		1.1759474e+01		2.7425219e+01		1.9399252e+01		1.8075909e+01		1.3233433e+00
2.5200000e+02		2.5300000e+02		2.5250000e+02		2.5069906e+01		1.0689819e+01		2.4818982e+01		1.7597603e+01		1.6343990e+01		1.2536123e+00
2.5300000e+02		2.5400000e+02		2.5350000e+02		3.1592540e+01		1.3622292e+01		3.1486323e+01		2.2377078e+01		2.0714045e+01		1.6630329e+00
2.5400000e+02		2.5500000e+02		2.5450000e+02		3.5730773e+01		1.5580246e+01		3.5851818e+01		2.5537716e+01		2.3559628e+01		1.9780881e+00
2.5500000e+02		2.5600000e+02		2.5550000e+02		4.8755658e+01		2.1483907e+01		4.9217459e+01		3.5136420e+01		3.2302193e+01		2.8342278e+00
2.5600000e+02		2.5700000e+02		2.5650000e+02		6.2803876e+01		2.7994859e+01		6.3850362e+01		4.5682253e+01		4.1848825e+01		3.8334285e+00
2.5700000e+02		2.5800000e+02		2.5750000e+02		7.8843355e+01		3.5524071e+01		8.0666360e+01		5.7836323e+01		5.2791354e+01		5.0449688e+00
2.5800000e+02		2.5900000e+02		2.5850000e+02		8.2991293e+01		3.7778516e+01		8.5408970e+01		6.1364172e+01		5.5804262e+01		5.5599104e+00
2.5900000e+02		2.6000000e+02		2.5950000e+02		7.0629481e+01		3.2515573e+01		7.3190008e+01		5.2692061e+01		4.7738083e+01		4.9539776e+00
2.6000000e+02		2.6100000e+02		2.6050000e+02		5.7868388e+01		2.6913936e+01		6.0317336e+01		4.3510807e+01		3.9268620e+01		4.2421878e+00
2.6100000e+02		2.6200000e+02		2.6150000e+02		5.9092703e+01		2.7780620e+01		6.1990114e+01		4.4804187e+01		4.0278192e+01		4.5259949e+00
2.6200000e+02		2.6300000e+02		2.6250000e+02		7.0528613e+01		3.3500556e+01		7.4430955e+01		5.3897814e+01		4.8260430e+01		5.6373845e+00
2.6300000e+02		2.6400000e+02		2.6350000e+02		1.0614195e+02		5.0959687e+01		1.1273522e+02		8.1785985e+01		7.2935805e+01		8.8501798e+00
2.6400000e+02		2.6500000e+02		2.6450000e+02		1.6548208e+02		8.0230317e+01		1.7672927e+02		1.2844283e+02		1.1407203e+02		1.4370798e+01
2.6500000e+02		2.6600000e+02		2.6550000e+02		1.7356948e+02		8.5031832e+01		1.8650895e+02		1.3578888e+02		1.2009248e+02		1.5696408e+01
2.6600000e+02		2.6700000e+02		2.6650000e+02		1.6826276e+02		8.3265624e+01		1.8186111e+02		1.3263213e+02		1.1680240e+02		1.5829729e+01
2.6700000e+02		2.6800000e+02		2.6750000e+02		1.6940220e+02		8.4676223e+01		1.8416221e+02		1.3453502e+02		1.1796719e+02		1.6567836e+01
2.6800000e+02		2.6900000e+02		2.6850000e+02		1.6778062e+02		8.4714771e+01		1.8347347e+02		1.3425047e+02		1.1720273e+02		1.7047742e+01
2.6900000e+02		2.7000000e+02		2.6950000e+02		1.5737310e+02		8.0223254e+01		1.7301974e+02		1.2680261e+02		1.1020794e+02		1.6594670e+01
2.7000000e+02		2.7100000e+02		2.7050000e+02		1.8181465e+02		9.3588079e+01		2.0100628e+02		1.4754153e+02		1.2765525e+02		1.9886288e+01
2.7100000e+02		2.7200000e+02		2.7150000e+02		1.5108640e+02		7.8525374e+01		1.6795850e+02		1.2347006e+02		1.0634026e+02		1.7129796e+01
2.7200000e+02		2.7300000e+02		2.7250000e+02		1.2154404e+02		6.3759617e+01		1.3581547e+02		9.9987754e+01		8.5716692e+01		1.4271062e+01
2.7300000e+02		2.7400000e+02		2.7350000e+02		1.2960124e+02		6.8628233e+01		1.4558942e+02		1.0733678e+02		9.1585409e+01		1.5751373e+01
2.7400000e+02		2.7500000e+02		2.7450000e+02		8.9183780e+01		4.7674681e+01		1.0072675e+02		7.4365058e+01		6.3150112e+01		1.1214947e+01
2.7500000e+02		2.7600000e+02		2.7550000e+02		1.1893609e+02		6.4144159e+01		1.3497606e+02		9.9785954e+01		8.4329393e+01		1.5456561e+01
2.7600000e+02		2.7700000e+02		2.7650000e+02		1.6564211e+02		9.0136640e+01		1.8890871e+02		1.3984205e+02		1.1760427e+02		2.2237785e+01
2.7700000e+02		2.7800000e+02		2.7750000e+02		1.5837296e+02		8.6942745e+01		1.8148781e+02		1.3452116e+02		1.1257174e+02		2.1949419e+01
2.7800000e+02		2.7900000e+02		2.7850000e+02		1.0921797e+02		6.0479274e+01		1.2574562e+02		9.3320771e+01		7.7703818e+01		1.5616953e+01
2.7900000e+02		2.8000000e+02		2.7950000e+02		6.1368404e+01		3.4271707e+01		7.0975152e+01		5.2737421e+01		4.3690347e+01		9.0470735e+00
2.8000000e+02		2.8100000e+02		2.8050000e+02		6.7313201e+01		3.7911449e+01		7.8205136e+01		5.8178220e+01		4.7951697e+01		1.0226524e+01
2.8100000e+02		2.8200000e+02		2.8150000e+02		1.3943196e+02		7.9176626e+01		1.6269335e+02		1.2116935e+02		9.9355856e+01		2.1813496e+01
2.8200000e+02		2.8300000e+02		2.8250000e+02		1.8983287e+02		1.0867633e+02		2.2244266e+02		1.6585387e+02		1.3528350e+02		3.0570366e+01
2.8300000e+02		2.8400000e+02		2.8350000e+02		1.9610227e+02		1.1314363e+02		2.3069755e+02		1.7219487e+02		1.3971675e+02		3.2478123e+01
2.8400000e+02		2.8500000e+02		2.8450000e+02		1.4459284e+02		8.4087115e+01		1.7079668e+02		1.2761841e+02		1.0299614e+02		2.4622265e+01
2.8500000e+02		2.8600000e+02		2.8550000e+02		9.2944992e+01		5.4466018e+01		1.1021147e+02		8.2433492e+01		6.6171754e+01		1.6261738e+01
2.8600000e+02		2.8700000e+02		2.8650000e+02		1.9045522e+02		1.1244546e+02		2.2667367e+02		1.6971031e+02		1.3549007e+02		3.4220232e+01
2.8700000e+02		2.8800000e+02		2.8750000e+02		2.2108403e+02		1.3150486e+02		2.6410359e+02		1.9792408e+02		1.5714957e+02		4.0774514e+01
2.8800000e+02		2.8900000e+02		2.8850000e+02		2.1010240e+02		1.2589064e+02		2.5188871e+02		1.8894606e+02		1.4919072e+02		3.9755337e+01
2.8900000e+02		2.9000000e+02		2.8950000e+02		3.1885068e+02		1.5867165e+02		3.1775969e+02		2.3384866e+02		1.7787072e+02		5.5977939e+01
2.9000000e+02		2.9100000e+02		2.9050000e+02		4.1860542e+02		1.7268440e+02		3.4661949e+02		2.4971904e+02		1.8226592e+02		6.7453127e+01
2.9100000e+02		2.9200000e+02		2.9150000e+02		4.0318642e+02		1.7495622e+02		3.4930209e+02		2.5312153e+02		1.8494113e+02		6.8180407e+01
2.9200000e+02		2.9300000e+02		2.9250000e+02		3.5818014e+02		1.6342722e+02		3.2458439e+02		2.3656673e+02		1.7304993e+02		6.3516795e+01
2.9300000e+02		2.9400000e+02		2.9350000e+02		3.7393440e+02		1.7947955e+02		3.5467442e+02		2.5997276e+02		1.9044898e+02		6.9523779e+01
2.9400000e+02		2.9500000e+02		2.9450000e+02		3.4819581e+02		1.7577409e+02		3.4565786e+02		2.5479285e+02		1.8696039e+02		6.7832458e+01
2.9500000e+02		2.9600000e+02		2.9550000e+02		3.7701055e+02		1.9662429e+02		3.8500797e+02		2.8481014e+02		2.0864996e+02		7.6160186e+01
2.9600000e+02		2.9700000e+02		2.9650000e+02		3.4493460e+02		1.8238297e+02		3.5576618e+02		2.6357493e+02		1.9210224e+02		7.1472692e+01
2.9700000e+02		2.9800000e+02		2.9750000e+02		3.5165811e+02		1.8855689e+02		3.6643630e+02		2.7188296e+02		1.9715160e+02		7.4731357e+01
2.9800000e+02		2.9900000e+02		2.9850000e+02		3.0223333e+02		1.6423860e+02		3.1799205e+02		2.3628126e+02		1.7045476e+02		6.5826501e+01
2.9900000e+02		3.0000000e+02		2.9950000e+02		3.4101318e+02		1.8786526e+02		3.6241026e+02		2.6967090e+02		1.9355423e+02		7.6116676e+01
3.0000000e+02		3.0100000e+02		3.0050000e+02		2.7131061e+02		1.5142579e+02		2.9105587e+02		2.1687720e+02		1.5485969e+02		6.2017508e+01
3.0100000e+02		3.0200000e+02		3.0150000e+02		3.1202593e+02		1.7648686e+02		3.3801813e+02		2.5221497e+02		1.7917463e+02		7.3040340e+01
3.0200000e+02		3.0300000e+02		3.0250000e+02		3.2846528e+02		1.8812777e+02		3.5903521e+02		2.6825401e+02		1.8958071e+02		7.8673299e+01
3.0300000e+02		3.0400000e+02		3.0350000e+02		4.2601061e+02		2.4719242e+02		4.7011571e+02		3.5171052e+02		2.4729248e+02		1.0441804e+02
3.0400000e+02		3.0500000e+02		3.0450000e+02		4.0776836e+02		2.3951881e+02		4.5394292e+02		3.4004680e+02		2.3785178e+02		1.0219502e+02
3.0500000e+02		3.0600000e+02		3.0550000e+02		4.1174793e+02		2.4469323e+02		4.6217791e+02		3.4661551e+02		2.4115072e+02		1.0546480e+02
3.0600000e+02		3.0700000e+02		3.0650000e+02		3.9053943e+02		2.3440052e+02		4.4125041e+02		3.3125540e+02		2.2916112e+02		1.0209428e+02
3.0700000e+02		3.0800000e+02		3.0750000e+02		4.3847484e+02		2.6589844e+02		4.9888991e+02		3.7490006e+02		2.5790060e+02		1.1699946e+02
3.0800000e+02		3.0900000e+02		3.0850000e+02		4.3035211e+02		2.6353918e+02		4.9284033e+02		3.7071338e+02		2.5357688e+02		1.1713651e+02
3.0900000e+02		3.1000000e+02		3.0950000e+02		3.4901328e+02		2.1586414e+02		4.0237659e+02		3.0295539e+02		2.0606009e+02		9.6895293e+01
3.1000000e+02		3.1100000e+02		3.1050000e+02		4.3927411e+02		2.6625774e+02		4.9489964e+02		3.7173404e+02		2.4955962e+02		1.2217442e+02
3.1100000e+02		3.1200000e+02		3.1150000e+02		5.2246540e+02		3.0166250e+02		5.5938767e+02		4.1779914e+02		2.7478224e+02		1.4301690e+02
3.1200000e+02		3.1300000e+02		3.1250000e+02		4.6521908e+02		2.5627527e+02		4.7417333e+02		3.5215920e+02		2.2686380e+02		1.2529539e+02
3.1300000e+02		3.1400000e+02		3.1350000e+02		4.9544367e+02		2.6076514e+02		4.8148395e+02		3.5558137e+02		2.2433763e+02		1.3124375e+02
3.1400000e+02		3.1500000e+02		3.1450000e+02		4.6729179e+02		2.3532464e+02		4.3367527e+02		3.1848263e+02		1.9675393e+02		1.2172870e+02
3.1500000e+02		3.1600000e+02		3.1550000e+02		4.5343123e+02		2.2606346e+02		4.1548757e+02		3.0466656e+02		1.8597692e+02		1.1868963e+02
3.1600000e+02		3.1700000e+02		3.1650000e+02		4.4229406e+02		2.2568927e+02		4.1334270e+02		3.0387102e+02		1.8498001e+02		1.1889101e+02
3.1700000e+02		3.1800000e+02		3.1750000e+02		5.6102832e+02		2.9294609e+02		5.3466959e+02		3.9406103e+02		2.3924053e+02		1.5482050e+02
3.1800000e+02		3.1900000e+02		3.1850000e+02		4.6340678e+02		2.4758506e+02		4.5034673e+02		3.3274482e+02		2.0149015e+02		1.3125467e+02
3.1900000e+02		3.2000000e+02		3.1950000e+02		4.9774832e+02		2.7206506e+02		4.9322729e+02		3.6532979e+02		2.2066671e+02		1.4466308e+02
3.2000000e+02		3.2100000e+02		3.2050000e+02		5.7184857e+02		3.1804173e+02		5.7475345e+02		4.2648564e+02		2.5658104e+02		1.6990460e+02
3.2100000e+02		3.2200000e+02		3.2150000e+02		4.8024660e+02		2.7030035e+02		4.8700145e+02		3.6178632e+02		2.1645814e+02		1.4532818e+02
3.2200000e+02		3.2300000e+02		3.2250000e+02		4.8228681e+02		2.7466971e+02		4.9339861e+02		3.6695345e+02		2.1834567e+02		1.4860778e+02
3.2300000e+02		3.2400000e+02		3.2350000e+02		4.6607071e+02		2.6855847e+02		4.8099888e+02		3.5812974e+02		2.1192790e+02		1.4620184e+02
3.2400000e+02		3.2500000e+02		3.2450000e+02		5.4882129e+02		3.1992103e+02		5.7132384e+02		4.2584764e+02		2.5062506e+02		1.7522258e+02
3.2500000e+02		3.2600000e+02		3.2550000e+02		6.3196128e+02		3.6293475e+02		6.4656766e+02		4.8093581e+02		2.7919348e+02		2.0174232e+02
3.2600000e+02		3.2700000e+02		3.2650000e+02		7.1301257e+02		3.9322984e+02		6.9924064e+02		5.1741640e+02		2.9382857e+02		2.2358784e+02
3.2700000e+02		3.2800000e+02		3.2750000e+02		6.8984049e+02		3.6570591e+02		6.4919242e+02		4.7790061e+02		2.6545550e+02		2.1244511e+02
3.2800000e+02		3.2900000e+02		3.2850000e+02		6.6596082e+02		3.3966907e+02		6.0203651e+02		4.4090731e+02		2.3953225e+02		2.0137506e+02
3.2900000e+02		3.3000000e+02		3.2950000e+02		7.7527139e+02		3.8075197e+02		6.7390136e+02		4.9101002e+02		2.6087332e+02		2.3013669e+02
3.3000000e+02		3.3100000e+02		3.3050000e+02		7.3029799e+02		3.6460660e+02		6.4338750e+02		4.6959910e+02		2.4841492e+02		2.2118418e+02
3.3100000e+02		3.3200000e+02		3.3150000e+02		6.9881652e+02		3.7443718e+02		6.5780013e+02		4.8424563e+02		2.5980958e+02		2.2443605e+02
3.3200000e+02		3.3300000e+02		3.3250000e+02		6.8562051e+02		3.9461135e+02		6.9041604e+02		5.1258360e+02		2.7912533e+02		2.3345827e+02
3.3300000e+02		3.3400000e+02		3.3350000e+02		6.5878216e+02		4.0770170e+02		7.1069318e+02		5.3209154e+02		2.9430951e+02		2.3778203e+02
3.3400000e+02		3.3500000e+02		3.3450000e+02		6.9405546e+02		4.6241903e+02		8.0344571e+02		6.0657347e+02		3.4107306e+02		2.6550041e+02
3.3500000e+02		3.3600000e+02		3.3550000e+02		6.8541663e+02		4.7740748e+02		8.2723311e+02		6.2754129e+02		3.5522041e+02		2.7232088e+02
3.3600000e+02		3.3700000e+02		3.3650000e+02		5.6469084e+02		3.9884964e+02		6.8939786e+02		5.2365970e+02		2.9530378e+02		2.2835592e+02
3.3700000e+02		3.3800000e+02		3.3750000e+02		5.9573781e+02		4.2665668e+02		7.3566043e+02		5.5951848e+02		3.1435439e+02		2.4516409e+02
3.3800000e+02		3.3900000e+02		3.3850000e+02		6.4448401e+02		4.6797633e+02		8.0496411e+02		6.1300562e+02		3.4314299e+02		2.6986263e+02
3.3900000e+02		3.4000000e+02		3.3950000e+02		6.7448220e+02		4.9651671e+02		8.5203301e+02		6.4966363e+02		3.6234950e+02		2.8731413e+02
3.4000000e+02		3.4100000e+02		3.4050000e+02		7.1196374e+02		5.2670278e+02		9.0172225e+02		6.8773295e+02		3.8100147e+02		3.0673148e+02
3.4100000e+02		3.4200000e+02		3.4150000e+02		6.4984945e+02		4.7895512e+02		8.1808380e+02		6.2349762e+02		3.4199122e+02		2.8150639e+02
3.4200000e+02		3.4300000e+02		3.4250000e+02		7.0477558e+02		5.1751104e+02		8.8192162e+02		6.7167047e+02		3.6474514e+02		3.0692533e+02
3.4300000e+02		3.4400000e+02		3.4350000e+02		6.9264465e+02		5.0673148e+02		8.6160293e+02		6.5572553e+02		3.5252369e+02		3.0320184e+02
3.4400000e+02		3.4500000e+02		3.4450000e+02		5.5710877e+02		4.0608550e+02		6.8893318e+02		5.2393830e+02		2.7884271e+02		2.4509559e+02
3.4500000e+02		3.4600000e+02		3.4550000e+02		6.7138909e+02		4.9119320e+02		8.3146951e+02		6.3240994e+02		3.3412240e+02		2.9828754e+02
3.4600000e+02		3.4700000e+02		3.4650000e+02		6.5194093e+02		4.8221904e+02		8.1447552e+02		6.2006499e+02		3.2614704e+02		2.9391795e+02
3.4700000e+02		3.4800000e+02		3.4750000e+02		6.4525828e+02		4.8249793e+02		8.1317077e+02		6.1964426e+02		3.2449170e+02		2.9515256e+02
3.4800000e+02		3.4900000e+02		3.4850000e+02		6.6761091e+02		5.0463752e+02		8.4865505e+02		6.4727396e+02		3.3748145e+02		3.0979252e+02
3.4900000e+02		3.5000000e+02		3.4950000e+02		6.3989005e+02		4.8890524e+02		8.2045425e+02		6.2632889e+02		3.2514786e+02		3.0118103e+02
3.5000000e+02		3.5100000e+02		3.5050000e+02		7.6650484e+02		5.9813997e+02		1.0016916e+03		7.6625850e+02		3.9777270e+02		3.6848580e+02
3.5100000e+02		3.5200000e+02		3.5150000e+02		7.1211510e+02		5.6500247e+02		9.4412842e+02		7.2335896e+02		3.7467548e+02		3.4868348e+02
3.5200000e+02		3.5300000e+02		3.5250000e+02		6.5785102e+02		5.2334732e+02		8.7272194e+02		6.6864277e+02		3.4377273e+02		3.2487004e+02
3.5300000e+02		3.5400000e+02		3.5350000e+02		7.5263834e+02		6.0033669e+02		9.9906828e+02		7.6543198e+02		3.9061965e+02		3.7481233e+02
3.5400000e+02		3.5500000e+02		3.5450000e+02		8.0329241e+02		6.4241009e+02		1.0669306e+03		8.1740738e+02		4.1404803e+02		4.0335935e+02
3.5500000e+02		3.5600000e+02		3.5550000e+02		7.5433512e+02		6.0480790e+02		1.0024758e+03		7.6800678e+02		3.8613269e+02		3.8187409e+02
3.5600000e+02		3.5700000e+02		3.5650000e+02		6.5576441e+02		5.2710840e+02		8.7196284e+02		6.6799903e+02		3.3335081e+02		3.3464822e+02
3.5700000e+02		3.5800000e+02		3.5750000e+02		5.7307986e+02		4.6179687e+02		7.6242921e+02		5.8406618e+02		2.8929230e+02		2.9477388e+02
3.5800000e+02		3.5900000e+02		3.5850000e+02		4.9194729e+02		3.9739572e+02		6.5483372e+02		5.0162168e+02		2.4660127e+02		2.5502041e+02
3.5900000e+02		3.6000000e+02		3.5950000e+02		7.1030971e+02		5.7518346e+02		9.4598070e+02		7.2461677e+02		3.5356301e+02		3.7105376e+02
3.6000000e+02		3.6100000e+02		3.6050000e+02		7.0092701e+02		5.6894587e+02		9.3394975e+02		7.1536656e+02		3.4643509e+02		3.6893148e+02
3.6100000e+02		3.6200000e+02		3.6150000e+02		6.5110481e+02		5.2975405e+02		8.6798474e+02		6.6480529e+02		3.1953466e+02		3.4527063e+02
3.6200000e+02		3.6300000e+02		3.6250000e+02		7.3500056e+02		5.9940755e+02		9.8028811e+02		7.5077822e+02		3.5814687e+02		3.9263136e+02
3.6300000e+02		3.6400000e+02		3.6350000e+02		7.1558904e+02		5.8491871e+02		9.5483685e+02		7.3124181e+02		3.4620417e+02		3.8503764e+02
3.6400000e+02		3.6500000e+02		3.6450000e+02		7.4837927e+02		6.1310838e+02		9.9903649e+02		7.6504242e+02		3.5947980e+02		4.0556262e+02
3.6500000e+02		3.6600000e+02		3.6550000e+02		8.5179486e+02		6.9939217e+02		1.1375842e+03		8.7108091e+02		4.0621993e+02		4.6486099e+02
3.6600000e+02		3.6700000e+02		3.6650000e+02		9.1042532e+02		7.4918162e+02		1.2164008e+03		9.3136730e+02		4.3105596e+02		5.0031134e+02
3.6700000e+02		3.6800000e+02		3.6750000e+02		8.7909512e+02		7.2497442e+02		1.1750252e+03		8.9962050e+02		4.1321708e+02		4.8640343e+02
3.6800000e+02		3.6900000e+02		3.6850000e+02		8.1047729e+02		6.6982118e+02		1.0837429e+03		8.2966917e+02		3.7820442e+02		4.5146475e+02
3.6900000e+02		3.7000000e+02		3.6950000e+02		8.9967825e+02		7.4511591e+02		1.2034888e+03		9.2126788e+02		4.1678004e+02		5.0448784e+02
3.7000000e+02		3.7100000e+02		3.7050000e+02		8.4427990e+02		7.0069535e+02		1.1298118e+03		8.6479646e+02		3.8826741e+02		4.7652905e+02
3.7100000e+02		3.7200000e+02		3.7150000e+02		8.7164560e+02		7.2489767e+02		1.1668632e+03		8.9308018e+02		3.9792410e+02		4.9515609e+02
3.7200000e+02		3.7300000e+02		3.7250000e+02		7.2411383e+02		6.0342810e+02		9.6971214e+02		7.4212125e+02		3.2815151e+02		4.1396974e+02
3.7300000e+02		3.7400000e+02		3.7350000e+02		6.3155746e+02		5.2735325e+02		8.4605890e+02		6.4743029e+02		2.8410534e+02		3.6332496e+02
3.7400000e+02		3.7500000e+02		3.7450000e+02		6.4642322e+02		5.4083414e+02		8.6626798e+02		6.6283278e+02		2.8865187e+02		3.7418091e+02
3.7500000e+02		3.7600000e+02		3.7550000e+02		7.4036161e+02		6.2063740e+02		9.9248223e+02		7.5933376e+02		3.2815911e+02		4.3117465e+02
3.7600000e+02		3.7700000e+02		3.7650000e+02		7.6758018e+02		6.4469368e+02		1.0293005e+03		7.8742538e+02		3.3770682e+02		4.4971856e+02
3.7700000e+02		3.7800000e+02		3.7750000e+02		9.0048278e+02		7.5775627e+02		1.2078961e+03		9.2395983e+02		3.9324184e+02		5.3071799e+02
3.7800000e+02		3.7900000e+02		3.7850000e+02		9.3786543e+02		7.9069344e+02		1.2584231e+03		9.6251065e+02		4.0652387e+02		5.5598678e+02
3.7900000e+02		3.8000000e+02		3.7950000e+02		7.6051322e+02		6.4235790e+02		1.0207544e+03		7.8064678e+02		3.2719501e+02		4.5345177e+02
3.8000000e+02		3.8100000e+02		3.8050000e+02		8.2814537e+02		7.0075939e+02		1.1118490e+03		8.5022280e+02		3.5363422e+02		4.9658858e+02
3.8100000e+02		3.8200000e+02		3.8150000e+02		7.4366886e+02		6.3041062e+02		9.9871159e+02		7.6362447e+02		3.1518735e+02		4.4843712e+02
3.8200000e+02		3.8300000e+02		3.8250000e+02		5.3336093e+02		4.5293552e+02		7.1647255e+02		5.4776128e+02		2.2436016e+02		3.2340111e+02
3.8300000e+02		3.8400000e+02		3.8350000e+02		4.7073026e+02		4.0045008e+02		6.3250653e+02		4.8351291e+02		1.9652879e+02		2.8698413e+02
3.8400000e+02		3.8500000e+02		3.8450000e+02		6.2969557e+02		5.3660906e+02		8.4632048e+02		6.4688710e+02		2.6092064e+02		3.8596646e+02
3.8500000e+02		3.8600000e+02		3.8550000e+02		6.6694888e+02		5.6932619e+02		8.9661277e+02		6.8524908e+02		2.7427652e+02		4.1097257e+02
3.8600000e+02		3.8700000e+02		3.8650000e+02		6.6977732e+02		5.7270449e+02		9.0063308e+02		6.8824124e+02		2.7336289e+02		4.1487835e+02
3.8700000e+02		3.8800000e+02		3.8750000e+02		6.6902499e+02		5.7301299e+02		8.9983293e+02		6.8754847e+02		2.7099386e+02		4.1655462e+02
3.8800000e+02		3.8900000e+02		3.8850000e+02		6.7841027e+02		5.8200552e+02		9.1266441e+02		6.9726941e+02		2.7271729e+02		4.2455212e+02
3.8900000e+02		3.9000000e+02		3.8950000e+02		8.1451188e+02		6.9989905e+02		1.0960047e+03		8.3723897e+02		3.2494973e+02		5.1228924e+02
3.9000000e+02		3.9100000e+02		3.9050000e+02		8.5560997e+02		7.3639019e+02		1.1515542e+03		8.7956583e+02		3.3875721e+02		5.4080862e+02
3.9100000e+02		3.9200000e+02		3.9150000e+02		9.2006232e+02		7.9311211e+02		1.2385587e+03		9.4590398e+02		3.6150945e+02		5.8439453e+02
3.9200000e+02		3.9300000e+02		3.9250000e+02		7.0614281e+02		6.0965788e+02		9.5078005e+02		7.2603327e+02		2.7534714e+02		4.5068613e+02
3.9300000e+02		3.9400000e+02		3.9350000e+02		4.3291589e+02		3.7433873e+02		5.8301085e+02		4.4514209e+02		1.6752254e+02		2.7761955e+02
3.9400000e+02		3.9500000e+02		3.9450000e+02		7.1565803e+02		6.1976319e+02		9.6396603e+02		7.3591710e+02		2.7482310e+02		4.6109400e+02
3.9500000e+02		3.9600000e+02		3.9550000e+02		8.7888136e+02		7.6225627e+02		1.1840419e+03		9.0381379e+02		3.3492868e+02		5.6888511e+02
3.9600000e+02		3.9700000e+02		3.9650000e+02		6.0712893e+02		5.2729998e+02		8.1805912e+02		6.2436192e+02		2.2965102e+02		3.9471090e+02
3.9700000e+02		3.9800000e+02		3.9750000e+02		6.8053003e+02		5.9187119e+02		9.1706422e+02		6.9982916e+02		2.5543132e+02		4.4439784e+02
3.9800000e+02		3.9900000e+02		3.9850000e+02		1.0480559e+03		9.1261367e+02		1.4122515e+03		1.0775485e+03		3.9023996e+02		6.8730853e+02
3.9900000e+02		4.0000000e+02		3.9950000e+02		1.1577145e+03		1.0092567e+03		1.5598479e+03		1.1899743e+03		4.2758239e+02		7.6239193e+02
4.0000000e+02		4.0100000e+02		4.0050000e+02		1.1939713e+03		1.0429555e+03		1.6098781e+03		1.2280612e+03		4.3796475e+02		7.9009640e+02
4.0100000e+02		4.0200000e+02		4.0150000e+02		1.2509583e+03		1.0943239e+03		1.6870004e+03		1.2867332e+03		4.5524540e+02		8.3148783e+02
4.0200000e+02		4.0300000e+02		4.0250000e+02		1.2664199e+03		1.1093675e+03		1.7081074e+03		1.3026601e+03		4.5733499e+02		8.4532507e+02
4.0300000e+02		4.0400000e+02		4.0350000e+02		1.2115903e+03		1.0627734e+03		1.6343924e+03		1.2462771e+03		4.3417434e+02		8.1210277e+02
4.0400000e+02		4.0500000e+02		4.0450000e+02		1.1914959e+03		1.0465434e+03		1.6075120e+03		1.2256167e+03		4.2369215e+02		8.0192458e+02
4.0500000e+02		4.0600000e+02		4.0550000e+02		1.1904731e+03		1.0470243e+03		1.6063511e+03		1.2245681e+03		4.2007316e+02		8.0449490e+02
4.0600000e+02		4.0700000e+02		4.0650000e+02		1.1388815e+03		1.0029539e+03		1.5369396e+03		1.1714967e+03		3.9877643e+02		7.7272026e+02
4.0700000e+02		4.0800000e+02		4.0750000e+02		1.1575323e+03		1.0206898e+03		1.5623091e+03		1.1906740e+03		4.0218689e+02		7.8848710e+02
4.0800000e+02		4.0900000e+02		4.0850000e+02		1.2307397e+03		1.0866210e+03		1.6613221e+03		1.2659638e+03		4.2432952e+02		8.4163428e+02
4.0900000e+02		4.1000000e+02		4.0950000e+02		1.2243097e+03		1.0822997e+03		1.6528408e+03		1.2593309e+03		4.1886018e+02		8.4047070e+02
4.1000000e+02		4.1100000e+02		4.1050000e+02		1.1216634e+03		9.9278774e+02		1.5144421e+03		1.1537264e+03		3.8078491e+02		7.7294147e+02
4.1100000e+02		4.1200000e+02		4.1150000e+02		1.3003372e+03		1.1523403e+03		1.7558803e+03		1.3374768e+03		4.3803753e+02		8.9943923e+02
4.1200000e+02		4.1300000e+02		4.1250000e+02		1.2760342e+03		1.1321694e+03		1.7232505e+03		1.3124443e+03		4.2653501e+02		8.8590932e+02
4.1300000e+02		4.1400000e+02		4.1350000e+02		1.2308584e+03		1.0933899e+03		1.6624164e+03		1.2659407e+03		4.0825970e+02		8.5768105e+02
4.1400000e+02		4.1500000e+02		4.1450000e+02		1.2488872e+03		1.1107125e+03		1.6869378e+03		1.2844395e+03		4.1104257e+02		8.7339693e+02
4.1500000e+02		4.1600000e+02		4.1550000e+02		1.2477523e+03		1.1109947e+03		1.6855703e+03		1.2832240e+03		4.0749885e+02		8.7572510e+02
4.1600000e+02		4.1700000e+02		4.1650000e+02		1.2947363e+03		1.1541534e+03		1.7492065e+03		1.3314891e+03		4.1958079e+02		9.1190828e+02
4.1700000e+02		4.1800000e+02		4.1750000e+02		1.1781342e+03		1.0514019e+03		1.5918218e+03		1.2115236e+03		3.7885192e+02		8.3267165e+02
4.1800000e+02		4.1900000e+02		4.1850000e+02		1.2217101e+03		1.0914822e+03		1.6508508e+03		1.2562765e+03		3.8990744e+02		8.6636905e+02
4.1900000e+02		4.2000000e+02		4.1950000e+02		1.2338424e+03		1.1035756e+03		1.6673811e+03		1.2686864e+03		3.9065654e+02		8.7802990e+02
4.2000000e+02		4.2100000e+02		4.2050000e+02		1.2494927e+03		1.1187985e+03		1.6886694e+03		1.2847101e+03		3.9255111e+02		8.9215897e+02
4.2100000e+02		4.2200000e+02		4.2150000e+02		1.2299982e+03		1.1025337e+03		1.6624552e+03		1.2645951e+03		3.8344148e+02		8.8115363e+02
4.2200000e+02		4.2300000e+02		4.2250000e+02		1.1657134e+03		1.0460266e+03		1.5756893e+03		1.1984316e+03		3.6059398e+02		8.3783759e+02
4.2300000e+02		4.2400000e+02		4.2350000e+02		1.2419943e+03		1.1156514e+03		1.6789221e+03		1.2767749e+03		3.8122245e+02		8.9555249e+02
4.2400000e+02		4.2500000e+02		4.2450000e+02		1.2850442e+03		1.1555251e+03		1.7372406e+03		1.3209458e+03		3.9138959e+02		9.2955624e+02
4.2500000e+02		4.2600000e+02		4.2550000e+02		1.2367256e+03		1.1132217e+03		1.6720339e+03		1.2711928e+03		3.7376372e+02		8.9742908e+02
4.2600000e+02		4.2700000e+02		4.2650000e+02		1.2316584e+03		1.1097884e+03		1.6652933e+03		1.2658973e+03		3.6935757e+02		8.9653969e+02
4.2700000e+02		4.2800000e+02		4.2750000e+02		1.1420512e+03		1.0300820e+03		1.5442360e+03		1.1737156e+03		3.3984093e+02		8.3387471e+02
4.2800000e+02		4.2900000e+02		4.2850000e+02		1.1495483e+03		1.0378737e+03		1.5544684e+03		1.1813341e+03		3.3943078e+02		8.4190328e+02
4.2900000e+02		4.3000000e+02		4.2950000e+02		1.0698649e+03		9.6687910e+02		1.4468023e+03		1.0993645e+03		3.1346383e+02		7.8590067e+02
4.3000000e+02		4.3100000e+02		4.3050000e+02		8.6065012e+02		7.7855756e+02		1.1639423e+03		8.8431257e+02		2.5021903e+02		6.3409354e+02
4.3100000e+02		4.3200000e+02		4.3150000e+02		1.0641754e+03		9.6359195e+02		1.4392679e+03		1.0933468e+03		3.0700322e+02		7.8634356e+02
4.3200000e+02		4.3300000e+02		4.3250000e+02		1.1990384e+03		1.0867358e+03		1.6217510e+03		1.2318067e+03		3.4324140e+02		8.8856525e+02
4.3300000e+02		4.3400000e+02		4.3350000e+02		1.3017454e+03		1.1809268e+03		1.7607547e+03		1.3372095e+03		3.6976892e+02		9.6744061e+02
4.3400000e+02		4.3500000e+02		4.3450000e+02		1.1054356e+03		1.0037640e+03		1.4952957e+03		1.1354554e+03		3.1158503e+02		8.2387034e+02
4.3500000e+02		4.3600000e+02		4.3550000e+02		1.2347447e+03		1.1222042e+03		1.6702857e+03		1.2681665e+03		3.4535059e+02		9.2281594e+02
4.3600000e+02		4.3700000e+02		4.3650000e+02		1.3814970e+03		1.2567142e+03		1.8688853e+03		1.4187663e+03		3.8341938e+02		1.0353469e+03
4.3700000e+02		4.3800000e+02		4.3750000e+02		1.2223713e+03		1.1129534e+03		1.6536900e+03		1.2552355e+03		3.3664293e+02		9.1859254e+02
4.3800000e+02		4.3900000e+02		4.3850000e+02		1.1905029e+03		1.0848933e+03		1.6106415e+03		1.2223991e+03		3.2534219e+02		8.9705692e+02
4.3900000e+02		4.4000000e+02		4.3950000e+02		1.3250738e+03		1.2085760e+03		1.7927731e+03		1.3604502e+03		3.5933808e+02		1.0011121e+03
4.4000000e+02		4.4100000e+02		4.4050000e+02		1.2562739e+03		1.1467985e+03		1.6997546e+03		1.2896943e+03		3.3809504e+02		9.5159926e+02
4.4100000e+02		4.4200000e+02		4.4150000e+02		1.3817384e+03		1.2615653e+03		1.8684277e+03		1.4174011e+03		3.6871148e+02		1.0486896e+03
4.4200000e+02		4.4300000e+02		4.4250000e+02		1.4526378e+03		1.3269735e+03		1.9637233e+03		1.4894518e+03		3.8442784e+02		1.1050240e+03
4.4300000e+02		4.4400000e+02		4.4350000e+02		1.4050936e+03		1.2845499e+03		1.8994242e+03		1.4404900e+03		3.6895821e+02		1.0715318e+03
4.4400000e+02		4.4500000e+02		4.4450000e+02		1.4475318e+03		1.3230305e+03		1.9548009e+03		1.4821424e+03		3.7646271e+02		1.1056797e+03
4.4500000e+02		4.4600000e+02		4.4550000e+02		1.3420773e+03		1.2276967e+03		1.8125217e+03		1.3740961e+03		3.4638463e+02		1.0277114e+03
4.4600000e+02		4.4700000e+02		4.4650000e+02		1.3689269e+03		1.2550387e+03		1.8514158e+03		1.4035979e+03		3.5149466e+02		1.0521032e+03
4.4700000e+02		4.4800000e+02		4.4750000e+02		1.4837056e+03		1.3617804e+03		2.0073214e+03		1.5216470e+03		3.7824860e+02		1.1433984e+03
4.4800000e+02		4.4900000e+02		4.4850000e+02		1.4587166e+03		1.3402673e+03		1.9740753e+03		1.4962953e+03		3.6916617e+02		1.1271291e+03
4.4900000e+02		4.5000000e+02		4.4950000e+02		1.4737837e+03		1.3552381e+03		1.9945604e+03		1.5116375e+03		3.7004497e+02		1.1415926e+03
4.5000000e+02		4.5100000e+02		4.5050000e+02		1.5636828e+03		1.4390177e+03		2.1162696e+03		1.6036775e+03		3.8958913e+02		1.2140883e+03
4.5100000e+02		4.5200000e+02		4.5150000e+02		1.5589734e+03		1.4357715e+03		2.1099384e+03		1.5986800e+03		3.8544568e+02		1.2132343e+03
4.5200000e+02		4.5300000e+02		4.5250000e+02		1.4757889e+03		1.3601796e+03		1.9973928e+03		1.5132171e+03		3.6209044e+02		1.1511266e+03
4.5300000e+02		4.5400000e+02		4.5350000e+02		1.4141855e+03		1.3043680e+03		1.9140500e+03		1.4498972e+03		3.4432595e+02		1.1055713e+03
4.5400000e+02		4.5500000e+02		4.5450000e+02		1.5096596e+03		1.3934483e+03		2.0433043e+03		1.5476168e+03		3.6476676e+02		1.1828501e+03
4.5500000e+02		4.5600000e+02		4.5550000e+02		1.4952815e+03		1.3811767e+03		2.0238745e+03		1.5327124e+03		3.5853734e+02		1.1741751e+03
4.5600000e+02		4.5700000e+02		4.5650000e+02		1.5527317e+03		1.4352701e+03		2.1016634e+03		1.5914287e+03		3.6947525e+02		1.2219535e+03
4.5700000e+02		4.5800000e+02		4.5750000e+02		1.5677329e+03		1.4501627e+03		2.1219955e+03		1.6066293e+03		3.7020383e+02		1.2364254e+03
4.5800000e+02		4.5900000e+02		4.5850000e+02		1.4734199e+03		1.3638769e+03		1.9943624e+03		1.5098115e+03		3.4528501e+02		1.1645265e+03
4.5900000e+02		4.6000000e+02		4.5950000e+02		1.5222067e+03		1.4100122e+03		2.0604206e+03		1.5596324e+03		3.5400523e+02		1.2056272e+03
4.6000000e+02		4.6100000e+02		4.6050000e+02		1.5039223e+03		1.3940292e+03		2.0356914e+03		1.5407289e+03		3.4709538e+02		1.1936335e+03
4.6100000e+02		4.6200000e+02		4.6150000e+02		1.5386000e+03		1.4271384e+03		2.0826491e+03		1.5760813e+03		3.5240266e+02		1.2236786e+03
4.6200000e+02		4.6300000e+02		4.6250000e+02		1.5538294e+03		1.4422294e+03		2.1032802e+03		1.5915054e+03		3.5319073e+02		1.2383146e+03
4.6300000e+02		4.6400000e+02		4.6350000e+02		1.5018384e+03		1.3948954e+03		2.0329188e+03		1.5380828e+03		3.3878500e+02		1.1992978e+03
4.6400000e+02		4.6500000e+02		4.6450000e+02		1.5281564e+03		1.4202687e+03		2.0685559e+03		1.5648615e+03		3.4211046e+02		1.2227511e+03
4.6500000e+02		4.6600000e+02		4.6550000e+02		1.4760608e+03		1.3727393e+03		1.9980481e+03		1.5113458e+03		3.2794651e+02		1.1833993e+03
4.6600000e+02		4.6700000e+02		4.6650000e+02		1.4854121e+03		1.3823206e+03		2.0107150e+03		1.5207504e+03		3.2752831e+02		1.1932221e+03
4.6700000e+02		4.6800000e+02		4.6750000e+02		1.4997486e+03		1.3963151e+03		2.0298817e+03		1.5350504e+03		3.2825123e+02		1.2067991e+03
4.6800000e+02		4.6900000e+02		4.6850000e+02		1.4665907e+03		1.3663854e+03		1.9851246e+03		1.5010397e+03		3.1859558e+02		1.1824441e+03
4.6900000e+02		4.7000000e+02		4.6950000e+02		1.5086728e+03		1.4062261e+03		2.0417628e+03		1.5436662e+03		3.2518698e+02		1.2184793e+03
4.7000000e+02		4.7100000e+02		4.7050000e+02		1.4256243e+03		1.3294799e+03		1.9291586e+03		1.4583512e+03		3.0491276e+02		1.1534384e+03
4.7100000e+02		4.7200000e+02		4.7150000e+02		1.4904926e+03		1.3906270e+03		2.0166727e+03		1.5243162e+03		3.1631219e+02		1.2080040e+03
4.7200000e+02		4.7300000e+02		4.7250000e+02		1.5269264e+03		1.4254834e+03		2.0659814e+03		1.5614119e+03		3.2161029e+02		1.2398017e+03
4.7300000e+02		4.7400000e+02		4.7350000e+02		1.4995420e+03		1.4002434e+03		2.0282117e+03		1.5326444e+03		3.1326409e+02		1.2193803e+03
4.7400000e+02		4.7500000e+02		4.7450000e+02		1.5448084e+03		1.4441305e+03		2.0905234e+03		1.5796330e+03		3.2060220e+02		1.2590308e+03
4.7500000e+02		4.7600000e+02		4.7550000e+02		1.5413846e+03		1.4422279e+03		2.0864970e+03		1.5764599e+03		3.1759647e+02		1.2588635e+03
4.7600000e+02		4.7700000e+02		4.7650000e+02		1.4853490e+03		1.3906200e+03		2.0106318e+03		1.5189720e+03		3.0368420e+02		1.2152878e+03
4.7700000e+02		4.7800000e+02		4.7750000e+02		1.5508368e+03		1.4527554e+03		2.0992712e+03		1.5857629e+03		3.1469923e+02		1.2710637e+03
4.7800000e+02		4.7900000e+02		4.7850000e+02		1.5358791e+03		1.4395515e+03		2.0790151e+03		1.5702909e+03		3.0933272e+02		1.2609582e+03
4.7900000e+02		4.8000000e+02		4.7950000e+02		1.5403519e+03		1.4445457e+03		2.0850596e+03		1.5746860e+03		3.0791519e+02		1.2667708e+03
4.8000000e+02		4.8100000e+02		4.8050000e+02		1.5442750e+03		1.4490207e+03		2.0903588e+03		1.5785183e+03		3.0639469e+02		1.2721236e+03
4.8100000e+02		4.8200000e+02		4.8150000e+02		1.5475498e+03		1.4528830e+03		2.0947792e+03		1.5816873e+03		3.0475423e+02		1.2769330e+03
4.8200000e+02		4.8300000e+02		4.8250000e+02		1.5416562e+03		1.4481284e+03		2.0867881e+03		1.5754860e+03		3.0133141e+02		1.2741546e+03
4.8300000e+02		4.8400000e+02		4.8350000e+02		1.5183412e+03		1.4269332e+03		2.0551951e+03		1.5514689e+03		2.9465467e+02		1.2568143e+03
4.8400000e+02		4.8500000e+02		4.8450000e+02		1.4920771e+03		1.4027526e+03		2.0193175e+03		1.5242032e+03		2.8735521e+02		1.2368480e+03
4.8500000e+02		4.8600000e+02		4.8550000e+02		1.4021236e+03		1.3183500e+03		1.8968366e+03		1.4315534e+03		2.6784218e+02		1.1637113e+03
4.8600000e+02		4.8700000e+02		4.8650000e+02		1.2173217e+03		1.1456101e+03		1.6474164e+03		1.2432273e+03		2.3096486e+02		1.0122624e+03
4.8700000e+02		4.8800000e+02		4.8750000e+02		1.3927585e+03		1.3110069e+03		1.8843008e+03		1.4218103e+03		2.6216355e+02		1.1596467e+03
4.8800000e+02		4.8900000e+02		4.8850000e+02		1.4651201e+03		1.3798339e+03		1.9822057e+03		1.4955334e+03		2.7374800e+02		1.2217854e+03
4.8900000e+02		4.9000000e+02		4.8950000e+02		1.4372192e+03		1.3543050e+03		1.9445390e+03		1.4669723e+03		2.6657374e+02		1.2003986e+03
4.9000000e+02		4.9100000e+02		4.9050000e+02		1.5307557e+03		1.4434111e+03		2.0714222e+03		1.5625599e+03		2.8190913e+02		1.2806508e+03
4.9100000e+02		4.9200000e+02		4.9150000e+02		1.4425606e+03		1.3608646e+03		1.9519882e+03		1.4723132e+03		2.6369014e+02		1.2086231e+03
4.9200000e+02		4.9300000e+02		4.9250000e+02		1.3729411e+03		1.2961751e+03		1.8582427e+03		1.4014971e+03		2.4919450e+02		1.1523026e+03
4.9300000e+02		4.9400000e+02		4.9350000e+02		1.4509629e+03		1.3705156e+03		1.9638292e+03		1.4809841e+03		2.6137130e+02		1.2196128e+03
4.9400000e+02		4.9500000e+02		4.9450000e+02		1.4929449e+03		1.4108495e+03		2.0206238e+03		1.5236636e+03		2.6692112e+02		1.2567425e+03
4.9500000e+02		4.9600000e+02		4.9550000e+02		1.4663156e+03		1.3863341e+03		1.9845586e+03		1.4963216e+03		2.6023318e+02		1.2360884e+03
4.9600000e+02		4.9700000e+02		4.9650000e+02		1.4846220e+03		1.4042932e+03		2.0093103e+03		1.5148363e+03		2.6154759e+02		1.2532887e+03
4.9700000e+02		4.9800000e+02		4.9750000e+02		1.5123203e+03		1.4311497e+03		2.0467717e+03		1.5429293e+03		2.6447333e+02		1.2784559e+03
4.9800000e+02		4.9900000e+02		4.9850000e+02		1.3744029e+03		1.3011997e+03		1.8600922e+03		1.4020695e+03		2.3866032e+02		1.1634091e+03
4.9900000e+02		5.0000000e+02		4.9950000e+02		1.4721832e+03		1.3940347e+03		1.9919210e+03		1.5012616e+03		2.5370172e+02		1.2475599e+03
