Left Bin Edge (nm)	Right Bin Edge (nm)	Bin Center (nm)		Top of Atm Intensity (erg/s/nm/cm2)		Total Surface Flux (erg/s/nm/cm2)		Total Intensity at BOA (erg/s/nm/cm2)		Total Surface Intensity (erg/s/nm/cm2)		Total Surface Diffuse Intensity (erg/s/nm/cm2)		Total Surface Direct Intensity (erg/s/nm/cm2)
1.0000000e+02		1.0100000e+02		1.0050000e+02		4.4569042e-02		2.4525372e-199		0.0000000e+00		4.2479191e-199		4.2479191e-199		0.0000000e+00
1.0100000e+02		1.0200000e+02		1.0150000e+02		1.7387199e-01		2.8780736e-197		0.0000000e+00		4.9849697e-197		4.9849697e-197		0.0000000e+00
1.0200000e+02		1.0300000e+02		1.0250000e+02		9.2286085e-01		3.0760914e-195		0.0000000e+00		5.3279466e-195		5.3279466e-195		0.0000000e+00
1.0300000e+02		1.0400000e+02		1.0350000e+02		7.0094286e-01		3.0025215e-193		0.0000000e+00		5.2005197e-193		5.2005197e-193		0.0000000e+00
1.0400000e+02		1.0500000e+02		1.0450000e+02		1.4124828e-01		2.6834650e-191		0.0000000e+00		4.6478978e-191		4.6478978e-191		0.0000000e+00
1.0500000e+02		1.0600000e+02		1.0550000e+02		4.8389941e-02		2.2015017e-189		0.0000000e+00		3.8131128e-189		3.8131128e-189		0.0000000e+00
1.0600000e+02		1.0700000e+02		1.0650000e+02		4.5487167e-02		1.6618995e-187		0.0000000e+00		2.8784944e-187		2.8784944e-187		0.0000000e+00
1.0700000e+02		1.0800000e+02		1.0750000e+02		5.0757295e-02		1.1570799e-185		0.0000000e+00		2.0041212e-185		2.0041212e-185		0.0000000e+00
1.0800000e+02		1.0900000e+02		1.0850000e+02		7.1152114e-02		7.4467720e-184		0.0000000e+00		1.2898187e-183		1.2898187e-183		0.0000000e+00
1.0900000e+02		1.1000000e+02		1.0950000e+02		5.5817450e-02		4.4397208e-182		0.0000000e+00		7.6898219e-182		7.6898219e-182		0.0000000e+00
1.1000000e+02		1.1100000e+02		1.1050000e+02		5.4043772e-02		2.4571432e-180		0.0000000e+00		4.2558968e-180		4.2558968e-180		0.0000000e+00
1.1100000e+02		1.1200000e+02		1.1150000e+02		5.0797691e-02		1.2649209e-178		0.0000000e+00		2.1909072e-178		2.1909072e-178		0.0000000e+00
1.1200000e+02		1.1300000e+02		1.1250000e+02		5.1969037e-02		6.0686751e-177		0.0000000e+00		1.0511254e-176		1.0511254e-176		0.0000000e+00
1.1300000e+02		1.1400000e+02		1.1350000e+02		4.1221387e-02		2.7185194e-175		0.0000000e+00		4.7086138e-175		4.7086138e-175		0.0000000e+00
1.1400000e+02		1.1500000e+02		1.1450000e+02		3.1562600e-02		1.1390983e-173		0.0000000e+00		1.9729761e-173		1.9729761e-173		0.0000000e+00
1.1500000e+02		1.1600000e+02		1.1550000e+02		4.3552050e-02		4.4723381e-172		0.0000000e+00		7.7463168e-172		7.7463168e-172		0.0000000e+00
1.1600000e+02		1.1700000e+02		1.1650000e+02		1.0143732e-01		1.6480949e-170		0.0000000e+00		2.8545841e-170		2.8545841e-170		0.0000000e+00
1.1700000e+02		1.1800000e+02		1.1750000e+02		3.6108525e-01		5.7096417e-169		0.0000000e+00		9.8893895e-169		9.8893895e-169		0.0000000e+00
1.1800000e+02		1.1900000e+02		1.1850000e+02		1.2283927e-01		1.8624917e-167		0.0000000e+00		3.2259303e-167		3.2259303e-167		0.0000000e+00
1.1900000e+02		1.2000000e+02		1.1950000e+02		1.7115732e-01		5.7292299e-166		0.0000000e+00		9.9233173e-166		9.9233173e-166		0.0000000e+00
1.2000000e+02		1.2100000e+02		1.2050000e+02		9.3056497e-01		1.6643714e-164		0.0000000e+00		2.8827758e-164		2.8827758e-164		0.0000000e+00
1.2100000e+02		1.2200000e+02		1.2150000e+02		3.6941242e+01		4.5727003e-163		0.0000000e+00		7.9201492e-163		7.9201492e-163		0.0000000e+00
1.2200000e+02		1.2300000e+02		1.2250000e+02		2.4773856e-01		1.1897473e-161		0.0000000e+00		2.0607029e-161		2.0607029e-161		0.0000000e+00
1.2300000e+02		1.2400000e+02		1.2350000e+02		1.3344721e-01		2.9354435e-160		3.0638615e-161		5.0843373e-160		5.0843373e-160		0.0000000e+00
1.2400000e+02		1.2500000e+02		1.2450000e+02		1.0726631e-01		6.8768162e-159		7.3864183e-160		1.1910995e-158		1.1910995e-158		0.0000000e+00
1.2500000e+02		1.2600000e+02		1.2550000e+02		1.0471361e-01		1.5315577e-157		1.6906493e-158		2.6527357e-157		2.6527357e-157		0.0000000e+00
1.2600000e+02		1.2700000e+02		1.2650000e+02		1.4644878e-01		3.2466451e-156		3.6813105e-157		5.6233543e-156		5.6233543e-156		0.0000000e+00
1.2700000e+02		1.2800000e+02		1.2750000e+02		7.6659940e-02		6.5583833e-155		7.6355493e-156		1.1359453e-154		1.1359453e-154		0.0000000e+00
1.2800000e+02		1.2900000e+02		1.2850000e+02		6.1165494e-02		1.2638899e-153		1.5102765e-154		2.1891215e-153		2.1891215e-153		0.0000000e+00
1.2900000e+02		1.3000000e+02		1.2950000e+02		8.1594975e-02		2.3261993e-152		2.8518619e-153		4.0290953e-152		4.0290953e-152		0.0000000e+00
1.3000000e+02		1.3100000e+02		1.3050000e+02		6.7007791e-01		4.0932669e-151		5.1465689e-152		7.0897462e-151		7.0897462e-151		0.0000000e+00
1.3100000e+02		1.3200000e+02		1.3150000e+02		9.0731094e-02		6.8932626e-150		8.8853818e-151		1.1939481e-149		1.1939481e-149		0.0000000e+00
1.3200000e+02		1.3300000e+02		1.3250000e+02		7.0547730e-02		1.1121001e-148		1.4690635e-149		1.9262138e-148		1.9262138e-148		0.0000000e+00
1.3300000e+02		1.3400000e+02		1.3350000e+02		9.5357088e-01		1.7204695e-147		2.3282604e-148		2.9799405e-147		2.9799405e-147		0.0000000e+00
1.3400000e+02		1.3500000e+02		1.3450000e+02		6.5246966e-02		2.5547080e-146		3.5404873e-147		4.4248840e-146		4.4248840e-146		0.0000000e+00
1.3500000e+02		1.3600000e+02		1.3550000e+02		1.3692679e-01		3.6443651e-145		5.1705512e-146		6.3122256e-145		6.3122256e-145		0.0000000e+00
1.3600000e+02		1.3700000e+02		1.3650000e+02		8.9861989e-02		4.9988791e-144		7.2581761e-145		8.6583126e-144		8.6583126e-144		0.0000000e+00
1.3700000e+02		1.3800000e+02		1.3750000e+02		9.2282630e-02		6.5988122e-143		9.8021052e-144		1.1429478e-142		1.1429478e-142		0.0000000e+00
1.3800000e+02		1.3900000e+02		1.3850000e+02		9.4180145e-02		8.3900195e-142		1.2746032e-142		1.4531940e-141		1.4531940e-141		0.0000000e+00
1.3900000e+02		1.4000000e+02		1.3950000e+02		3.1801144e-01		1.0282904e-140		1.5971108e-141		1.7810512e-140		1.7810512e-140		0.0000000e+00
1.4000000e+02		1.4100000e+02		1.4050000e+02		2.7729440e-01		1.2158089e-139		1.9299731e-140		2.1058428e-139		2.1058428e-139		0.0000000e+00
1.4100000e+02		1.4200000e+02		1.4150000e+02		1.3359910e-01		1.3878519e-138		2.2509214e-139		2.4038300e-138		2.4038300e-138		0.0000000e+00
1.4200000e+02		1.4300000e+02		1.4250000e+02		1.4479671e-01		1.5306345e-137		2.5356421e-138		2.6511366e-137		2.6511366e-137		0.0000000e+00
1.4300000e+02		1.4400000e+02		1.4350000e+02		1.6064305e-01		1.6321639e-136		2.7608704e-137		2.8269908e-136		2.8269908e-136		0.0000000e+00
1.4400000e+02		1.4500000e+02		1.4450000e+02		1.5363637e-01		1.6839315e-135		2.9076964e-136		2.9166549e-135		2.9166549e-135		0.0000000e+00
1.4500000e+02		1.4600000e+02		1.4550000e+02		1.6382583e-01		1.6820916e-134		2.9641195e-135		2.9134682e-134		2.9134682e-134		0.0000000e+00
1.4600000e+02		1.4700000e+02		1.4650000e+02		1.9977093e-01		1.6278993e-133		2.9267010e-134		2.8196044e-133		2.8196044e-133		0.0000000e+00
1.4700000e+02		1.4800000e+02		1.4750000e+02		2.4643334e-01		1.5273497e-132		2.8007602e-133		2.6454473e-132		2.6454473e-132		0.0000000e+00
1.4800000e+02		1.4900000e+02		1.4850000e+02		2.4167300e-01		1.3901296e-131		2.5993234e-132		2.4077751e-131		2.4077751e-131		0.0000000e+00
1.4900000e+02		1.5000000e+02		1.4950000e+02		2.1832777e-01		1.2281270e-130		2.3410129e-131		2.1271783e-130		2.1271783e-130		0.0000000e+00
1.5000000e+02		1.5100000e+02		1.5050000e+02		2.4023073e-01		1.0538062e-129		2.0472393e-130		1.8252460e-129		1.8252460e-129		0.0000000e+00
1.5100000e+02		1.5200000e+02		1.5150000e+02		2.5258505e-01		8.7873789e-129		1.7394285e-129		1.5220187e-128		1.5220187e-128		0.0000000e+00
1.5200000e+02		1.5300000e+02		1.5250000e+02		3.2229547e-01		7.1249849e-128		1.4366962e-128		1.2340836e-127		1.2340836e-127		0.0000000e+00
1.5300000e+02		1.5400000e+02		1.5350000e+02		3.5701286e-01		5.6204766e-127		1.1542043e-127		9.7349511e-127		9.7349511e-127		0.0000000e+00
1.5400000e+02		1.5500000e+02		1.5450000e+02		9.5486931e-01		4.3157797e-126		9.0239181e-127		7.4751498e-126		7.4751498e-126		0.0000000e+00
1.5500000e+02		1.5600000e+02		1.5550000e+02		7.8587524e-01		3.2275182e-125		6.8695878e-126		5.5902255e-125		5.5902255e-125		0.0000000e+00
1.5600000e+02		1.5700000e+02		1.5650000e+02		4.6648084e-01		2.3519168e-124		5.0946401e-125		4.0736394e-124		4.0736394e-124		0.0000000e+00
1.5700000e+02		1.5800000e+02		1.5750000e+02		4.2309893e-01		1.6708372e-123		3.6826121e-124		2.8939749e-123		2.8939749e-123		0.0000000e+00
1.5800000e+02		1.5900000e+02		1.5850000e+02		3.9008072e-01		1.1577498e-122		2.5958055e-123		2.0052814e-122		2.0052814e-122		0.0000000e+00
1.5900000e+02		1.6000000e+02		1.5950000e+02		3.8042347e-01		7.8283074e-122		1.7851316e-122		1.3559026e-121		1.3559026e-121		0.0000000e+00
1.6000000e+02		1.6100000e+02		1.6050000e+02		4.1635449e-01		5.1676479e-121		1.1982508e-121		8.9506286e-121		8.9506286e-121		0.0000000e+00
1.6100000e+02		1.6200000e+02		1.6150000e+02		4.7164413e-01		3.3318391e-120		7.8541985e-121		5.7709147e-120		5.7709147e-120		0.0000000e+00
1.6200000e+02		1.6300000e+02		1.6250000e+02		5.2241459e-01		2.0990879e-119		5.0295053e-120		3.6357268e-119		3.6357268e-119		0.0000000e+00
1.6300000e+02		1.6400000e+02		1.6350000e+02		1.1072121e+00		1.2927590e-118		3.1477642e-119		2.2391242e-118		2.2391242e-118		0.0000000e+00
1.6400000e+02		1.6500000e+02		1.6450000e+02		1.1323318e+00		7.7861927e-118		1.9262593e-118		1.3486081e-117		1.3486081e-117		0.0000000e+00
1.6500000e+02		1.6600000e+02		1.6550000e+02		1.3255566e+00		4.5880620e-117		1.1530340e-117		7.9467565e-117		7.9467565e-117		0.0000000e+00
1.6600000e+02		1.6700000e+02		1.6650000e+02		6.2522883e-01		2.6460722e-116		6.7539304e-117		4.5831315e-116		4.5831315e-116		0.0000000e+00
1.6700000e+02		1.6800000e+02		1.6750000e+02		6.6723830e-01		1.4942043e-115		3.8728169e-116		2.5880378e-115		2.5880378e-115		0.0000000e+00
1.6800000e+02		1.6900000e+02		1.6850000e+02		7.1904320e-01		8.2645229e-115		2.1747969e-115		1.4314574e-114		1.4314574e-114		0.0000000e+00
1.6900000e+02		1.7000000e+02		1.6950000e+02		9.0554889e-01		4.4790393e-114		1.1964436e-114		7.7579236e-114		7.7579236e-114		0.0000000e+00
1.7000000e+02		1.7100000e+02		1.7050000e+02		1.0161854e+00		2.3793985e-113		6.4506865e-114		4.1212391e-113		4.1212391e-113		0.0000000e+00
1.7100000e+02		1.7200000e+02		1.7150000e+02		1.0130704e+00		1.2394160e-112		3.4096809e-113		2.1467315e-112		2.1467315e-112		0.0000000e+00
1.7200000e+02		1.7300000e+02		1.7250000e+02		1.0571150e+00		6.3326195e-112		1.7675262e-112		1.0968419e-111		1.0968419e-111		0.0000000e+00
1.7300000e+02		1.7400000e+02		1.7350000e+02		1.0479596e+00		3.1747643e-111		8.9889441e-112		5.4988530e-111		5.4988530e-111		0.0000000e+00
1.7400000e+02		1.7500000e+02		1.7450000e+02		1.2530722e+00		1.5622244e-110		4.4862643e-111		2.7058521e-110		2.7058521e-110		0.0000000e+00
1.7500000e+02		1.7600000e+02		1.7550000e+02		1.4954862e+00		7.5477590e-110		2.1980352e-110		1.3073102e-109		1.3073102e-109		0.0000000e+00
1.7600000e+02		1.7700000e+02		1.7650000e+02		1.6135596e+00		3.5815485e-109		1.0575397e-109		6.2034240e-109		6.2034240e-109		0.0000000e+00
1.7700000e+02		1.7800000e+02		1.7750000e+02		1.9010195e+00		1.6696842e-108		4.9981252e-109		2.8919779e-108		2.8919779e-108		0.0000000e+00
1.7800000e+02		1.7900000e+02		1.7850000e+02		2.0776624e+00		7.6495861e-108		2.3211387e-108		1.3249472e-107		1.3249472e-107		0.0000000e+00
1.7900000e+02		1.8000000e+02		1.7950000e+02		2.0198657e+00		3.4451470e-107		1.0595403e-107		5.9671697e-107		5.9671697e-107		0.0000000e+00
1.8000000e+02		1.8100000e+02		1.8050000e+02		2.4976225e+00		1.5256919e-106		4.7555158e-107		2.6425760e-106		2.6425760e-106		0.0000000e+00
1.8100000e+02		1.8200000e+02		1.8150000e+02		3.0410490e+00		6.6456167e-106		2.0993416e-106		1.1510546e-105		1.1510546e-105		0.0000000e+00
1.8200000e+02		1.8300000e+02		1.8250000e+02		2.8073836e+00		2.8479225e-105		9.1191664e-106		4.9327465e-105		4.9327465e-105		0.0000000e+00
1.8300000e+02		1.8400000e+02		1.8350000e+02		2.9562417e+00		1.2010453e-104		3.8990753e-105		2.0802715e-104		2.0802715e-104		0.0000000e+00
1.8400000e+02		1.8500000e+02		1.8450000e+02		2.5409769e+00		4.9859091e-104		1.6412301e-104		8.6358480e-104		8.6358480e-104		0.0000000e+00
1.8500000e+02		1.8600000e+02		1.8550000e+02		2.8735562e+00		2.0378624e-103		6.8081293e-104		3.5296811e-103		3.5296811e-103		0.0000000e+00
1.8600000e+02		1.8700000e+02		1.8650000e+02		3.2604304e+00		8.2027887e-103		2.7834051e-103		1.4207647e-102		1.4207647e-102		0.0000000e+00
1.8700000e+02		1.8800000e+02		1.8750000e+02		3.6946466e+00		3.2523211e-102		1.1224970e-102		5.6331854e-102		5.6331854e-102		0.0000000e+00
1.8800000e+02		1.8900000e+02		1.8850000e+02		3.8870616e+00		1.2704108e-101		4.4709301e-102		2.2004161e-101		2.2004161e-101		0.0000000e+00
1.8900000e+02		1.9000000e+02		1.8950000e+02		4.3106081e+00		4.8895555e-101		1.7617084e-101		8.4689586e-101		8.4689586e-101		0.0000000e+00
1.9000000e+02		1.9100000e+02		1.9050000e+02		4.4384288e+00		1.8545815e-100		6.8709273e-101		3.2122294e-100		3.2122294e-100		0.0000000e+00
1.9100000e+02		1.9200000e+02		1.9150000e+02		4.8094361e+00		6.9336295e-100		2.6522388e-100		1.2009398e-99		1.2009398e-99		0.0000000e+00
1.9200000e+02		1.9300000e+02		1.9250000e+02		5.0365493e+00		2.5548541e-99		1.0171294e-99		4.4251371e-99		4.4251371e-99		1.4807015e-288
1.9300000e+02		1.9400000e+02		1.9350000e+02		3.8447944e+00		9.2831829e-99		3.8546286e-99		1.6078944e-98		1.6078944e-98		8.6962950e-209
1.9400000e+02		1.9500000e+02		1.9450000e+02		6.1679797e+00		3.3281822e-98		1.2387356e-98		5.7645807e-98		5.7645807e-98		2.8693547e-164
1.9500000e+02		1.9600000e+02		1.9550000e+02		5.9528271e+00		1.1774199e-97		8.4467284e-93		2.0393511e-97		2.0393511e-97		8.2616410e-131
1.9600000e+02		1.9700000e+02		1.9650000e+02		6.5508102e+00		4.1225314e-97		2.6810259e-86		7.1404338e-97		7.1404338e-97		5.8221194e-113
1.9700000e+02		1.9800000e+02		1.9750000e+02		6.5190955e+00		1.4229353e-96		2.2928393e-81		2.4646976e-96		2.4639406e-96		7.5696700e-100
1.9800000e+02		1.9900000e+02		1.9850000e+02		6.3883794e+00		3.6594909e-42		5.1597716e-35		6.3384242e-42		6.3384242e-42		1.9811579e-52
1.9900000e+02		2.0000000e+02		1.9950000e+02		6.7274707e+00		1.0742099e-05		4.6800739e-05		1.8605870e-05		1.8605806e-05		6.3635904e-11
2.0000000e+02		2.0100000e+02		2.0050000e+02		7.1125146e+00		4.3833328e-04		1.6238832e-03		7.5921590e-04		7.5921300e-04		2.8962445e-09
2.0100000e+02		2.0200000e+02		2.0150000e+02		7.5701275e+00		6.3026846e-02		1.9685260e-01		1.0916573e-01		1.0916553e-01		1.9110740e-07
2.0200000e+02		2.0300000e+02		2.0250000e+02		7.4828608e+00		1.1693165e-01		3.5783912e-01		2.0253162e-01		2.0253123e-01		3.8443740e-07
2.0300000e+02		2.0400000e+02		2.0350000e+02		8.0092047e+00		3.6280382e-01		1.0809534e+00		6.2839478e-01		6.2839380e-01		9.7900798e-07
2.0400000e+02		2.0500000e+02		2.0450000e+02		8.6207445e+00		6.0971669e-01		1.7940690e+00		1.0560605e+00		1.0560587e+00		1.7879570e-06
2.0500000e+02		2.0600000e+02		2.0550000e+02		8.6400754e+00		6.2046836e-01		1.8155432e+00		1.0746831e+00		1.0746805e+00		2.5096192e-06
2.0600000e+02		2.0700000e+02		2.0650000e+02		8.6510225e+00		6.3592695e-01		1.8505394e+00		1.1014583e+00		1.1014547e+00		3.5091527e-06
2.0700000e+02		2.0800000e+02		2.0750000e+02		9.3957826e+00		7.0574513e-01		2.0425986e+00		1.2223871e+00		1.2223818e+00		5.2765792e-06
2.0800000e+02		2.0900000e+02		2.0850000e+02		1.0163489e+01		7.7649097e-01		2.2354679e+00		1.3449229e+00		1.3449151e+00		7.7853182e-06
2.0900000e+02		2.1000000e+02		2.0950000e+02		1.3129215e+01		1.0252302e+00		2.9361218e+00		1.7757526e+00		1.7757389e+00		1.3704885e-05
2.1000000e+02		2.1100000e+02		2.1050000e+02		1.6183343e+01		1.2860189e+00		3.6641794e+00		2.2274531e+00		2.2274305e+00		2.2646926e-05
2.1100000e+02		2.1200000e+02		2.1150000e+02		1.8424170e+01		1.4938283e+00		4.2347957e+00		2.5873911e+00		2.5873566e+00		3.4494700e-05
2.1200000e+02		2.1300000e+02		2.1250000e+02		1.6428561e+01		1.3568703e+00		3.8274918e+00		2.3501738e+00		2.3501330e+00		4.0757526e-05
2.1300000e+02		2.1400000e+02		2.1350000e+02		1.6737981e+01		1.4082062e+00		3.9530094e+00		2.4390920e+00		2.4390375e+00		5.4527433e-05
2.1400000e+02		2.1500000e+02		2.1450000e+02		2.1432541e+01		1.8363085e+00		5.1300492e+00		3.1805919e+00		3.1805005e+00		9.1322103e-05
2.1500000e+02		2.1600000e+02		2.1550000e+02		1.8408135e+01		1.6049153e+00		4.4626001e+00		2.7798084e+00		2.7797070e+00		1.0141096e-04
2.1600000e+02		2.1700000e+02		2.1650000e+02		1.7036901e+01		1.5115419e+00		4.1835373e+00		2.6180836e+00		2.6179627e+00		1.2094828e-04
2.1700000e+02		2.1800000e+02		2.1750000e+02		1.7640866e+01		1.5919326e+00		4.3860742e+00		2.7573296e+00		2.7571696e+00		1.5994068e-04
2.1800000e+02		2.1900000e+02		2.1850000e+02		2.3730294e+01		2.1776932e+00		5.9732161e+00		3.7719119e+00		3.7716386e+00		2.7324391e-04
2.1900000e+02		2.2000000e+02		2.1950000e+02		2.5052511e+01		2.3373961e+00		6.3831833e+00		4.0485376e+00		4.0481734e+00		3.6418158e-04
2.2000000e+02		2.2100000e+02		2.2050000e+02		2.5203754e+01		2.3896480e+00		6.4978453e+00		4.1390532e+00		4.1385942e+00		4.5904105e-04
2.2100000e+02		2.2200000e+02		2.2150000e+02		2.0176768e+01		1.9441012e+00		5.2639678e+00		3.3673434e+00		3.3668848e+00		4.5859216e-04
2.2200000e+02		2.2300000e+02		2.2250000e+02		2.7154039e+01		2.6576599e+00		7.1661907e+00		4.6033044e+00		4.6025397e+00		7.6471669e-04
2.2300000e+02		2.2400000e+02		2.2350000e+02		3.5163062e+01		3.4956301e+00		9.3872499e+00		6.0547726e+00		6.0535510e+00		1.2215790e-03
2.2400000e+02		2.2500000e+02		2.2450000e+02		3.2875934e+01		3.3180771e+00		8.8747791e+00		5.7472656e+00		5.7458660e+00		1.3996341e-03
2.2500000e+02		2.2600000e+02		2.2550000e+02		2.8720078e+01		2.9428084e+00		7.8400784e+00		5.0972935e+00		5.0958016e+00		1.4918795e-03
2.2600000e+02		2.2700000e+02		2.2650000e+02		2.1037217e+01		2.1873798e+00		5.8049864e+00		3.7888306e+00		3.7875045e+00		1.3260289e-03
2.2700000e+02		2.2800000e+02		2.2750000e+02		2.0463841e+01		2.1589227e+00		5.7077187e+00		3.7395725e+00		3.7380146e+00		1.5578294e-03
2.2800000e+02		2.2900000e+02		2.2850000e+02		2.8509984e+01		3.0510712e+00		8.0362873e+00		5.2849599e+00		5.2823508e+00		2.6091070e-03
2.2900000e+02		2.3000000e+02		2.2950000e+02		2.5620938e+01		2.7809014e+00		7.2978672e+00		4.8170383e+00		4.8142328e+00		2.8054945e-03
2.3000000e+02		2.3100000e+02		2.3050000e+02		2.9055844e+01		3.1974027e+00		8.3607281e+00		5.5385715e+00		5.5347826e+00		3.7889172e-03
2.3100000e+02		2.3200000e+02		2.3150000e+02		2.7387429e+01		3.0554120e+00		7.9612480e+00		5.2926963e+00		5.2884608e+00		4.2355471e-03
2.3200000e+02		2.3300000e+02		2.3250000e+02		2.9413108e+01		3.3257101e+00		8.6355187e+00		5.7610185e+00		5.7556468e+00		5.3716153e-03
2.3300000e+02		2.3400000e+02		2.3350000e+02		2.6543685e+01		3.0412778e+00		7.8701038e+00		5.2684116e+00		5.2627102e+00		5.7013941e-03
2.3400000e+02		2.3500000e+02		2.3450000e+02		2.3194371e+01		2.6924611e+00		6.9441880e+00		4.6642613e+00		4.6584251e+00		5.8362674e-03
2.3500000e+02		2.3600000e+02		2.3550000e+02		3.1223226e+01		3.6715097e+00		9.4382472e+00		6.3604696e+00		6.3513011e+00		9.1685038e-03
2.3600000e+02		2.3700000e+02		2.3650000e+02		2.8911473e+01		3.4434153e+00		8.8234269e+00		5.9654927e+00		5.9556215e+00		9.8711780e-03
2.3700000e+02		2.3800000e+02		2.3750000e+02		3.0878004e+01		3.7238193e+00		9.5118284e+00		6.4514804e+00		6.4392679e+00		1.2212463e-02
2.3800000e+02		2.3900000e+02		2.3850000e+02		2.5598090e+01		3.1261100e+00		7.9603682e+00		5.4161474e+00		5.4044582e+00		1.1689206e-02
2.3900000e+02		2.4000000e+02		2.3950000e+02		2.7890834e+01		3.4480042e+00		8.7533814e+00		5.9740816e+00		5.9594290e+00		1.4652552e-02
2.4000000e+02		2.4100000e+02		2.4050000e+02		2.5623038e+01		3.2067155e+00		8.1165790e+00		5.5562624e+00		5.5408244e+00		1.5437968e-02
2.4100000e+02		2.4200000e+02		2.4150000e+02		3.0005079e+01		3.8013503e+00		9.5935666e+00		6.5869010e+00		6.5662322e+00		2.0668761e-02
2.4200000e+02		2.4300000e+02		2.4250000e+02		4.1301739e+01		5.2959467e+00		1.3327240e+01		9.1771928e+00		9.1447681e+00		3.2424761e-02
2.4300000e+02		2.4400000e+02		2.4350000e+02		3.8791639e+01		5.0338209e+00		1.2632036e+01		8.7234697e+00		8.6888655e+00		3.4604158e-02
2.4400000e+02		2.4500000e+02		2.4450000e+02		3.6329084e+01		4.7718419e+00		1.1941665e+01		8.2699929e+00		8.2332671e+00		3.6725744e-02
2.4500000e+02		2.4600000e+02		2.4550000e+02		2.9476122e+01		3.9160339e+00		9.7735566e+00		6.7872784e+00		6.7536252e+00		3.3653277e-02
2.4600000e+02		2.4700000e+02		2.4650000e+02		2.8685918e+01		3.8585137e+00		9.6045535e+00		6.6880886e+00		6.6511651e+00		3.6923501e-02
2.4700000e+02		2.4800000e+02		2.4750000e+02		3.1678139e+01		4.3102371e+00		1.0701208e+01		7.4716875e+00		7.4258735e+00		4.5814037e-02
2.4800000e+02		2.4900000e+02		2.4850000e+02		2.5406301e+01		3.4988458e+00		8.6647141e+00		6.0656986e+00		6.0244969e+00		4.1201679e-02
2.4900000e+02		2.5000000e+02		2.4950000e+02		3.0967514e+01		4.3131951e+00		1.0654901e+01		7.4781940e+00		7.4220566e+00		5.6137374e-02
2.5000000e+02		2.5100000e+02		2.5050000e+02		3.3448743e+01		4.7159251e+00		1.1621465e+01		8.1772880e+00		8.1096174e+00		6.7670581e-02
2.5100000e+02		2.5200000e+02		2.5150000e+02		2.7888154e+01		3.9782440e+00		9.7802872e+00		6.8989337e+00		6.8361386e+00		6.2795030e-02
2.5200000e+02		2.5300000e+02		2.5250000e+02		2.5069906e+01		3.6182715e+00		8.8746209e+00		6.2754285e+00		6.2127421e+00		6.2686462e-02
2.5300000e+02		2.5400000e+02		2.5350000e+02		3.1592540e+01		4.6139737e+00		1.1291052e+01		8.0033653e+00		7.9158232e+00		8.7542133e-02
2.5400000e+02		2.5500000e+02		2.5450000e+02		3.5730773e+01		5.2817290e+00		1.2896384e+01		9.1628943e+00		9.0533856e+00		1.0950876e-01
2.5500000e+02		2.5600000e+02		2.5550000e+02		4.8755658e+01		7.2860886e+00		1.7751726e+01		1.2641949e+01		1.2477192e+01		1.6475723e-01
2.5600000e+02		2.5700000e+02		2.5650000e+02		6.2803876e+01		9.5078436e+00		2.3115510e+01		1.6499416e+01		1.6265431e+01		2.3398514e-01
2.5700000e+02		2.5800000e+02		2.5750000e+02		7.8843355e+01		1.2076246e+01		2.9298832e+01		2.0959920e+01		2.0637106e+01		3.2281363e-01
2.5800000e+02		2.5900000e+02		2.5850000e+02		8.2991293e+01		1.2851065e+01		3.1115392e+01		2.2308601e+01		2.1936121e+01		3.7248008e-01
2.5900000e+02		2.6000000e+02		2.5950000e+02		7.0629481e+01		1.1079405e+01		2.6772630e+01		1.9236646e+01		1.8889172e+01		3.4747379e-01
2.6000000e+02		2.6100000e+02		2.6050000e+02		5.7868388e+01		9.1790348e+00		2.2137609e+01		1.5940219e+01		1.5629234e+01		3.1098425e-01
2.6100000e+02		2.6200000e+02		2.6150000e+02		5.9092703e+01		9.4892436e+00		2.2842551e+01		1.6482295e+01		1.6135642e+01		3.4665245e-01
2.6200000e+02		2.6300000e+02		2.6250000e+02		7.0528613e+01		1.1457896e+01		2.7530698e+01		1.9906027e+01		1.9455428e+01		4.5059874e-01
2.6300000e+02		2.6400000e+02		2.6350000e+02		1.0614195e+02		1.7460555e+01		4.1878338e+01		3.0341433e+01		2.9603500e+01		7.3793332e-01
2.6400000e+02		2.6500000e+02		2.6450000e+02		1.6548208e+02		2.7520846e+01		6.5891927e+01		4.7834703e+01		4.6586714e+01		1.2479891e+00
2.6500000e+02		2.6600000e+02		2.6550000e+02		1.7356948e+02		2.9221017e+01		6.9843154e+01		5.0802459e+01		4.9382986e+01		1.4194731e+00
2.6600000e+02		2.6700000e+02		2.6650000e+02		1.6826276e+02		2.8661603e+01		6.8392158e+01		4.9842870e+01		4.8353649e+01		1.4892204e+00
2.6700000e+02		2.6800000e+02		2.6750000e+02		1.6940220e+02		2.9199372e+01		6.9562551e+01		5.0791883e+01		4.9171520e+01		1.6203638e+00
2.6800000e+02		2.6900000e+02		2.6850000e+02		1.6778062e+02		2.9269816e+01		6.9620443e+01		5.0928876e+01		4.9196701e+01		1.7321757e+00
2.6900000e+02		2.7000000e+02		2.6950000e+02		1.5737310e+02		2.7763260e+01		6.5935678e+01		4.8321815e+01		4.6571941e+01		1.7498738e+00
2.7000000e+02		2.7100000e+02		2.7050000e+02		1.8181465e+02		3.2450831e+01		7.6953307e+01		5.6497895e+01		5.4322798e+01		2.1750967e+00
2.7100000e+02		2.7200000e+02		2.7150000e+02		1.5108640e+02		2.7282381e+01		6.4603053e+01		4.7514667e+01		4.5572534e+01		1.9421332e+00
2.7200000e+02		2.7300000e+02		2.7250000e+02		1.2154404e+02		2.2192004e+01		5.2475230e+01		3.8662171e+01		3.6986538e+01		1.6756330e+00
2.7300000e+02		2.7400000e+02		2.7350000e+02		1.2960124e+02		2.3935377e+01		5.6520049e+01		4.1713767e+01		3.9799389e+01		1.9143778e+00
2.7400000e+02		2.7500000e+02		2.7450000e+02		8.9183780e+01		1.6664109e+01		3.9297565e+01		2.9052027e+01		2.7641737e+01		1.4102904e+00
2.7500000e+02		2.7600000e+02		2.7550000e+02		1.1893609e+02		2.2461454e+01		5.2900531e+01		3.9173492e+01		3.7164806e+01		2.0086862e+00
2.7600000e+02		2.7700000e+02		2.7650000e+02		1.6564211e+02		3.1626964e+01		7.4393455e+01		5.5179486e+01		5.2194019e+01		2.9854672e+00
2.7700000e+02		2.7800000e+02		2.7750000e+02		1.5837296e+02		3.0567937e+01		7.1814952e+01		5.3352776e+01		5.0310736e+01		3.0420409e+00
2.7800000e+02		2.7900000e+02		2.7850000e+02		1.0921797e+02		2.1306427e+01		4.9997349e+01		3.7202986e+01		3.4969936e+01		2.2330504e+00
2.7900000e+02		2.8000000e+02		2.7950000e+02		6.1368404e+01		1.2097469e+01		2.8355310e+01		2.1132118e+01		1.9798378e+01		1.3337407e+00
2.8000000e+02		2.8100000e+02		2.8050000e+02		6.7313201e+01		1.3410163e+01		3.1397351e+01		2.3435235e+01		2.1881576e+01		1.5536594e+00
2.8100000e+02		2.8200000e+02		2.8150000e+02		1.3943196e+02		2.8062146e+01		6.5631797e+01		4.9062268e+01		4.5649646e+01		3.4126223e+00
2.8200000e+02		2.8300000e+02		2.8250000e+02		1.8983287e+02		3.8593962e+01		9.0170044e+01		6.7506261e+01		6.2583261e+01		4.9230003e+00
2.8300000e+02		2.8400000e+02		2.8350000e+02		1.9610227e+02		4.0254376e+01		9.3955110e+01		7.0443270e+01		6.5064299e+01		5.3789713e+00
2.8400000e+02		2.8500000e+02		2.8450000e+02		1.4459284e+02		2.9977592e+01		6.9900921e+01		5.2484448e+01		4.8291599e+01		4.1928490e+00
2.8500000e+02		2.8600000e+02		2.8550000e+02		9.2944992e+01		1.9454743e+01		4.5321552e+01		3.4077784e+01		3.1232616e+01		2.8451681e+00
2.8600000e+02		2.8700000e+02		2.8650000e+02		1.9045522e+02		4.0239453e+01		9.3656639e+01		7.0520527e+01		6.4371972e+01		6.1485543e+00
2.8700000e+02		2.8800000e+02		2.8750000e+02		2.2108403e+02		4.7152347e+01		1.0965051e+02		8.2677755e+01		7.5157714e+01		7.5200413e+00
2.8800000e+02		2.8900000e+02		2.8850000e+02		2.1010240e+02		4.5226874e+01		1.0508440e+02		7.9343062e+01		7.1820602e+01		7.5224597e+00
2.8900000e+02		2.9000000e+02		2.8950000e+02		3.1885068e+02		5.4466037e+01		1.2956893e+02		9.5654588e+01		8.5827011e+01		9.8275770e+00
2.9000000e+02		2.9100000e+02		2.9050000e+02		4.1860542e+02		5.6215500e+01		1.3740323e+02		9.8824305e+01		8.7955061e+01		1.0869244e+01
2.9100000e+02		2.9200000e+02		2.9150000e+02		4.0318642e+02		5.7695929e+01		1.4005568e+02		1.0147695e+02		8.9947377e+01		1.1529575e+01
2.9200000e+02		2.9300000e+02		2.9250000e+02		3.5818014e+02		5.4592516e+01		1.3162349e+02		9.6066041e+01		8.4802482e+01		1.1263559e+01
2.9300000e+02		2.9400000e+02		2.9350000e+02		3.7393440e+02		6.0754729e+01		1.4549530e+02		1.0696206e+02		9.4035847e+01		1.2926214e+01
2.9400000e+02		2.9500000e+02		2.9450000e+02		3.4819581e+02		6.0295886e+01		1.4343461e+02		1.0620595e+02		9.2991424e+01		1.3214525e+01
2.9500000e+02		2.9600000e+02		2.9550000e+02		3.7701055e+02		6.8017983e+01		1.6114354e+02		1.1987182e+02		1.0448665e+02		1.5385177e+01
2.9600000e+02		2.9700000e+02		2.9650000e+02		3.4493460e+02		6.3284765e+01		1.4970295e+02		1.1159654e+02		9.6786933e+01		1.4809607e+01
2.9700000e+02		2.9800000e+02		2.9750000e+02		3.5165811e+02		6.5643256e+01		1.5504974e+02		1.1582514e+02		9.9943876e+01		1.5881265e+01
2.9800000e+02		2.9900000e+02		2.9850000e+02		3.0223333e+02		5.7355741e+01		1.3527610e+02		1.0126385e+02		8.6926825e+01		1.4337030e+01
2.9900000e+02		3.0000000e+02		2.9950000e+02		3.4101318e+02		6.5829160e+01		1.5503605e+02		1.1629565e+02		9.9305846e+01		1.6989808e+01
3.0000000e+02		3.0100000e+02		3.0050000e+02		2.7131061e+02		5.3229769e+01		1.2518587e+02		9.4095924e+01		7.9919658e+01		1.4176266e+01
3.0100000e+02		3.0200000e+02		3.0150000e+02		3.1202593e+02		6.2254236e+01		1.4620604e+02		1.1011814e+02		9.3020553e+01		1.7097589e+01
3.0200000e+02		3.0300000e+02		3.0250000e+02		3.2846528e+02		6.6571299e+01		1.5613233e+02		1.1782944e+02		9.8985784e+01		1.8843660e+01
3.0300000e+02		3.0400000e+02		3.0350000e+02		4.2601061e+02		8.7780776e+01		2.0559837e+02		1.5546965e+02		1.2987609e+02		2.5593558e+01
3.0400000e+02		3.0500000e+02		3.0450000e+02		4.0776836e+02		8.5331916e+01		1.9959931e+02		1.5123059e+02		1.2561845e+02		2.5612146e+01
3.0500000e+02		3.0600000e+02		3.0550000e+02		4.1174793e+02		8.7459282e+01		2.0433808e+02		1.5510307e+02		1.2808940e+02		2.7013671e+01
3.0600000e+02		3.0700000e+02		3.0650000e+02		3.9053943e+02		8.4003144e+01		1.9606962e+02		1.4907341e+02		1.2238406e+02		2.6689347e+01
3.0700000e+02		3.0800000e+02		3.0750000e+02		4.3847484e+02		9.5572236e+01		2.2285531e+02		1.6971856e+02		1.3849927e+02		3.1219293e+01
3.0800000e+02		3.0900000e+02		3.0850000e+02		4.3035211e+02		9.4986854e+01		2.2127961e+02		1.6879358e+02		1.3691048e+02		3.1883105e+01
3.0900000e+02		3.1000000e+02		3.0950000e+02		3.4901328e+02		7.8031984e+01		1.8161149e+02		1.3875937e+02		1.1185868e+02		2.6900690e+01
3.1000000e+02		3.1100000e+02		3.1050000e+02		4.3927411e+02		9.5556701e+01		2.2317124e+02		1.7006153e+02		1.3608141e+02		3.3980126e+01
3.1100000e+02		3.1200000e+02		3.1150000e+02		5.2246540e+02		1.0638659e+02		2.5044617e+02		1.8951191e+02		1.5036323e+02		3.9148686e+01
3.1200000e+02		3.1300000e+02		3.1250000e+02		4.6521908e+02		8.8780847e+01		2.1069175e+02		1.5829394e+02		1.2454869e+02		3.3745253e+01
3.1300000e+02		3.1400000e+02		3.1350000e+02		4.9544367e+02		8.8705588e+01		2.1224074e+02		1.5830043e+02		1.2353378e+02		3.4766659e+01
3.1400000e+02		3.1500000e+02		3.1450000e+02		4.6729179e+02		7.8584425e+01		1.8958805e+02		1.4036057e+02		1.0865045e+02		3.1710116e+01
3.1500000e+02		3.1600000e+02		3.1550000e+02		4.5343123e+02		7.5073760e+01		1.8159166e+02		1.3419390e+02		1.0312584e+02		3.1068061e+01
3.1600000e+02		3.1700000e+02		3.1650000e+02		4.4229406e+02		7.5535907e+01		1.8213827e+02		1.3511366e+02		1.0315512e+02		3.1958537e+01
3.1700000e+02		3.1800000e+02		3.1750000e+02		5.6102832e+02		9.8819136e+01		2.3753995e+02		1.7688370e+02		1.3415967e+02		4.2724024e+01
3.1800000e+02		3.1900000e+02		3.1850000e+02		4.6340678e+02		8.4184521e+01		2.0173598e+02		1.5079256e+02		1.1361618e+02		3.7176383e+01
3.1900000e+02		3.2000000e+02		3.1950000e+02		4.9774832e+02		9.3254317e+01		2.2278341e+02		1.6715406e+02		1.2510991e+02		4.2044152e+01
3.2000000e+02		3.2100000e+02		3.2050000e+02		5.7184857e+02		1.0966398e+02		2.6142171e+02		1.9670678e+02		1.4622563e+02		5.0481148e+01
3.2100000e+02		3.2200000e+02		3.2150000e+02		4.8024660e+02		9.3560007e+01		2.2275695e+02		1.6794262e+02		1.2396463e+02		4.3977989e+01
3.2200000e+02		3.2300000e+02		3.2250000e+02		4.8228681e+02		9.5440249e+01		2.2695539e+02		1.7144216e+02		1.2565141e+02		4.5790744e+01
3.2300000e+02		3.2400000e+02		3.2350000e+02		4.6607071e+02		9.3682072e+01		2.2250437e+02		1.6840646e+02		1.2254437e+02		4.5862095e+01
3.2400000e+02		3.2500000e+02		3.2450000e+02		5.4882129e+02		1.1203875e+02		2.6578338e+02		2.0155180e+02		1.4560836e+02		5.5943446e+01
3.2500000e+02		3.2600000e+02		3.2550000e+02		6.3196128e+02		1.2618654e+02		3.0035745e+02		2.2718982e+02		1.6278720e+02		6.4402622e+01
3.2600000e+02		3.2700000e+02		3.2650000e+02		7.1301257e+02		1.3419640e+02		3.2199421e+02		2.4182836e+02		1.7171526e+02		7.0113098e+01
3.2700000e+02		3.2800000e+02		3.2750000e+02		6.8984049e+02		1.2246652e+02		2.9624183e+02		2.2088355e+02		1.5545839e+02		6.5425159e+01
3.2800000e+02		3.2900000e+02		3.2850000e+02		6.6596082e+02		1.1158796e+02		2.7214953e+02		2.0143405e+02		1.4054171e+02		6.0892344e+01
3.2900000e+02		3.3000000e+02		3.2950000e+02		7.7527139e+02		1.2267773e+02		3.0168665e+02		2.2163658e+02		1.5332128e+02		6.8315298e+01
3.3000000e+02		3.3100000e+02		3.3050000e+02		7.3029799e+02		1.1819454e+02		2.9003548e+02		2.1369386e+02		1.4670416e+02		6.6989698e+01
3.3100000e+02		3.3200000e+02		3.3150000e+02		6.9881652e+02		1.2532256e+02		3.0368591e+02		2.2672209e+02		1.5464088e+02		7.2081211e+01
3.3200000e+02		3.3300000e+02		3.3250000e+02		6.8562051e+02		1.3638702e+02		3.2641455e+02		2.4687943e+02		1.6738536e+02		7.9494070e+01
3.3300000e+02		3.3400000e+02		3.3350000e+02		6.5878216e+02		1.4553752e+02		3.4405936e+02		2.6357682e+02		1.7775134e+02		8.5825476e+01
3.3400000e+02		3.3500000e+02		3.3450000e+02		6.9405546e+02		1.7051851e+02		3.9824923e+02		3.0895360e+02		2.0739045e+02		1.0156316e+02
3.3500000e+02		3.3600000e+02		3.3550000e+02		6.8541663e+02		1.7947491e+02		4.1629447e+02		3.2535504e+02		2.1716002e+02		1.0819502e+02
3.3600000e+02		3.3700000e+02		3.3650000e+02		5.6469084e+02		1.5084666e+02		3.4929177e+02		2.7364597e+02		1.8130088e+02		9.2345090e+01
3.3700000e+02		3.3800000e+02		3.3750000e+02		5.9573781e+02		1.6234288e+02		3.7527086e+02		2.9470315e+02		1.9381072e+02		1.0089242e+02
3.3800000e+02		3.3900000e+02		3.3850000e+02		6.4448401e+02		1.7915281e+02		4.1342554e+02		3.2544073e+02		2.1244205e+02		1.1299868e+02
3.3900000e+02		3.4000000e+02		3.3950000e+02		6.7448220e+02		1.9124704e+02		4.4058866e+02		3.4764665e+02		2.2525734e+02		1.2238931e+02
3.4000000e+02		3.4100000e+02		3.4050000e+02		7.1196374e+02		2.0333975e+02		4.6833744e+02		3.6989918e+02		2.3775172e+02		1.3214746e+02
3.4100000e+02		3.4200000e+02		3.4150000e+02		6.4984945e+02		1.8461184e+02		4.2572424e+02		3.3609461e+02		2.1414967e+02		1.2194494e+02
3.4200000e+02		3.4300000e+02		3.4250000e+02		7.0477558e+02		1.9914888e+02		4.5981491e+02		3.6284357e+02		2.2917952e+02		1.3366405e+02
3.4300000e+02		3.4400000e+02		3.4350000e+02		6.9264465e+02		1.9467731e+02		4.5005014e+02		3.5497279e+02		2.2224765e+02		1.3272513e+02
3.4400000e+02		3.4500000e+02		3.4450000e+02		5.5710877e+02		1.5574710e+02		3.6050379e+02		2.8420808e+02		1.7638022e+02		1.0782786e+02
3.4500000e+02		3.4600000e+02		3.4550000e+02		6.7138909e+02		1.8871544e+02		4.3680673e+02		3.4461964e+02		2.1209521e+02		1.3252443e+02
3.4600000e+02		3.4700000e+02		3.4650000e+02		6.5194093e+02		1.8623375e+02		4.3050531e+02		3.4031910e+02		2.0781052e+02		1.3250858e+02
3.4700000e+02		3.4800000e+02		3.4750000e+02		6.4525828e+02		1.8731788e+02		4.3245357e+02		3.4253174e+02		2.0752373e+02		1.3500800e+02
3.4800000e+02		3.4900000e+02		3.4850000e+02		6.6761091e+02		1.9694442e+02		4.5409409e+02		3.6037706e+02		2.1662357e+02		1.4375350e+02
3.4900000e+02		3.5000000e+02		3.4950000e+02		6.3989005e+02		1.9181363e+02		4.4169784e+02		3.5122303e+02		2.0946428e+02		1.4175875e+02
3.5000000e+02		3.5100000e+02		3.5050000e+02		7.6650484e+02		2.3710076e+02		5.4429815e+02		4.3440337e+02		2.5725930e+02		1.7714407e+02
3.5100000e+02		3.5200000e+02		3.5150000e+02		7.1211510e+02		2.2580551e+02		5.1714913e+02		4.1398025e+02		2.4324919e+02		1.7073106e+02
3.5200000e+02		3.5300000e+02		3.5250000e+02		6.5785102e+02		2.0949076e+02		4.7982661e+02		3.8434249e+02		2.2391020e+02		1.6043229e+02
3.5300000e+02		3.5400000e+02		3.5350000e+02		7.5263834e+02		2.4068973e+02		5.5133653e+02		4.4189397e+02		2.5523821e+02		1.8665576e+02
3.5400000e+02		3.5500000e+02		3.5450000e+02		8.0329241e+02		2.5796449e+02		5.9096309e+02		4.7394280e+02		2.7140290e+02		2.0253990e+02
3.5500000e+02		3.5600000e+02		3.5550000e+02		7.5433512e+02		2.4324670e+02		5.5730122e+02		4.4721557e+02		2.5389589e+02		1.9331967e+02
3.5600000e+02		3.5700000e+02		3.5650000e+02		6.5576441e+02		2.1232853e+02		4.8651397e+02		3.9064356e+02		2.1986664e+02		1.7077692e+02
3.5700000e+02		3.5800000e+02		3.5750000e+02		5.7307986e+02		1.8630960e+02		4.2694052e+02		3.4301122e+02		1.9138899e+02		1.5162222e+02
3.5800000e+02		3.5900000e+02		3.5850000e+02		4.9194729e+02		1.6057582e+02		3.6800919e+02		2.9583692e+02		1.6363696e+02		1.3219996e+02
3.5900000e+02		3.6000000e+02		3.5950000e+02		7.1030971e+02		2.3277317e+02		5.3353009e+02		4.2914355e+02		2.3531134e+02		1.9383220e+02
3.6000000e+02		3.6100000e+02		3.6050000e+02		7.0092701e+02		2.3060240e+02		5.2861365e+02		4.2543111e+02		2.3124480e+02		1.9418632e+02
3.6100000e+02		3.6200000e+02		3.6150000e+02		6.5110481e+02		2.1504546e+02		4.9300847e+02		3.9699929e+02		2.1390771e+02		1.8309158e+02
3.6200000e+02		3.6300000e+02		3.6250000e+02		7.3500056e+02		2.4369018e+02		5.5874365e+02		4.5018367e+02		2.4044317e+02		2.0974050e+02
3.6300000e+02		3.6400000e+02		3.6350000e+02		7.1558904e+02		2.3815945e+02		5.4612715e+02		4.4026079e+02		2.3308324e+02		2.0717755e+02
3.6400000e+02		3.6500000e+02		3.6450000e+02		7.4837927e+02		2.5001305e+02		5.7337774e+02		4.6248063e+02		2.4269764e+02		2.1978299e+02
3.6500000e+02		3.6600000e+02		3.6550000e+02		8.5179486e+02		2.8562480e+02		6.5512935e+02		5.2870529e+02		2.7501071e+02		2.5369458e+02
3.6600000e+02		3.6700000e+02		3.6650000e+02		9.1042532e+02		3.0641396e+02		7.0289978e+02		5.6755939e+02		2.9262038e+02		2.7493901e+02
3.6700000e+02		3.6800000e+02		3.6750000e+02		8.7909512e+02		2.9695247e+02		6.8128089e+02		5.5039296e+02		2.8126589e+02		2.6912707e+02
3.6800000e+02		3.6900000e+02		3.6850000e+02		8.1047729e+02		2.7476567e+02		6.3045887e+02		5.0960029e+02		2.5811832e+02		2.5148197e+02
3.6900000e+02		3.7000000e+02		3.6950000e+02		8.9967825e+02		3.0609993e+02		7.0244632e+02		5.6808040e+02		2.8519262e+02		2.8288778e+02
3.7000000e+02		3.7100000e+02		3.7050000e+02		8.4427990e+02		2.8827094e+02		6.6161745e+02		5.3533411e+02		2.6637125e+02		2.6896286e+02
3.7100000e+02		3.7200000e+02		3.7150000e+02		8.7164560e+02		2.9865998e+02		6.8555104e+02		5.5497911e+02		2.7369559e+02		2.8128353e+02
3.7200000e+02		3.7300000e+02		3.7250000e+02		7.2411383e+02		2.4897226e+02		5.7157187e+02		4.6293943e+02		2.2627643e+02		2.3666299e+02
3.7300000e+02		3.7400000e+02		3.7350000e+02		6.3155746e+02		2.1789563e+02		5.0029478e+02		4.0540901e+02		1.9639394e+02		2.0901507e+02
3.7400000e+02		3.7500000e+02		3.7450000e+02		6.4642322e+02		2.2378389e+02		5.1388296e+02		4.1662315e+02		2.0002921e+02		2.1659394e+02
3.7500000e+02		3.7600000e+02		3.7550000e+02		7.4036161e+02		2.5716793e+02		5.9062322e+02		4.7907018e+02		2.2796102e+02		2.5110916e+02
3.7600000e+02		3.7700000e+02		3.7650000e+02		7.6758018e+02		2.6751171e+02		6.1446212e+02		4.9864433e+02		2.3515812e+02		2.6348620e+02
3.7700000e+02		3.7800000e+02		3.7750000e+02		9.0048278e+02		3.1486597e+02		7.2333079e+02		5.8726970e+02		2.7448018e+02		3.1278952e+02
3.7800000e+02		3.7900000e+02		3.7850000e+02		9.3786543e+02		3.2900872e+02		7.5592342e+02		6.1401797e+02		2.8441707e+02		3.2960091e+02
3.7900000e+02		3.8000000e+02		3.7950000e+02		7.6051322e+02		2.6765522e+02		6.1504301e+02		4.9981490e+02		2.2944681e+02		2.7036809e+02
3.8000000e+02		3.8100000e+02		3.8050000e+02		8.2814537e+02		2.9239048e+02		6.7197415e+02		5.4632933e+02		2.4855526e+02		2.9777407e+02
3.8100000e+02		3.8200000e+02		3.8150000e+02		7.4366886e+02		2.6339633e+02		6.0542284e+02		4.9244397e+02		2.2203349e+02		2.7041047e+02
3.8200000e+02		3.8300000e+02		3.8250000e+02		5.3336093e+02		1.8950066e+02		4.3563190e+02		3.5449624e+02		1.5840336e+02		1.9609288e+02
3.8300000e+02		3.8400000e+02		3.8350000e+02		4.7073026e+02		1.6776722e+02		3.8572344e+02		3.1402181e+02		1.3905985e+02		1.7496196e+02
3.8400000e+02		3.8500000e+02		3.8450000e+02		6.2969557e+02		2.2511133e+02		5.1763824e+02		4.2159928e+02		1.8502448e+02		2.3657480e+02
3.8500000e+02		3.8600000e+02		3.8550000e+02		6.6694888e+02		2.3915385e+02		5.5000483e+02		4.4815440e+02		1.9491393e+02		2.5324047e+02
3.8600000e+02		3.8700000e+02		3.8650000e+02		6.6977732e+02		2.4089061e+02		5.5407578e+02		4.5166450e+02		1.9467752e+02		2.5698698e+02
3.8700000e+02		3.8800000e+02		3.8750000e+02		6.6902499e+02		2.4133651e+02		5.5517835e+02		4.5275464e+02		1.9339550e+02		2.5935914e+02
3.8800000e+02		3.8900000e+02		3.8850000e+02		6.7841027e+02		2.4544329e+02		5.6470396e+02		4.6071550e+02		1.9502892e+02		2.6568658e+02
3.8900000e+02		3.9000000e+02		3.8950000e+02		8.1451188e+02		2.9554333e+02		6.8006588e+02		5.5506343e+02		2.3285786e+02		3.2220557e+02
3.9000000e+02		3.9100000e+02		3.9050000e+02		8.5560997e+02		3.1135202e+02		7.1654195e+02		5.8507417e+02		2.4324323e+02		3.4183095e+02
3.9100000e+02		3.9200000e+02		3.9150000e+02		9.2006232e+02		3.3576266e+02		7.7282719e+02		6.3128788e+02		2.6009894e+02		3.7118895e+02
3.9200000e+02		3.9300000e+02		3.9250000e+02		7.0614281e+02		2.5842490e+02		5.9490048e+02		4.8614209e+02		1.9849774e+02		2.8764435e+02
3.9300000e+02		3.9400000e+02		3.9350000e+02		4.3291589e+02		1.5887643e+02		3.6578789e+02		2.9903373e+02		1.2100236e+02		1.7803138e+02
3.9400000e+02		3.9500000e+02		3.9450000e+02		7.1565803e+02		2.6336816e+02		6.0644702e+02		4.9596820e+02		1.9888821e+02		2.9707998e+02
3.9500000e+02		3.9600000e+02		3.9550000e+02		8.7888136e+02		3.2432280e+02		7.4690732e+02		6.1107700e+02		2.4284724e+02		3.6822976e+02
3.9600000e+02		3.9700000e+02		3.9650000e+02		6.0712893e+02		2.2461709e+02		5.1737344e+02		4.2342773e+02		1.6681552e+02		2.5661221e+02
3.9700000e+02		3.9800000e+02		3.9750000e+02		6.8053003e+02		2.5242039e+02		5.8150327e+02		4.7608430e+02		1.8588484e+02		2.9019945e+02
3.9800000e+02		3.9900000e+02		3.9850000e+02		1.0480559e+03		3.8962582e+02		8.9775245e+02		7.3523845e+02		2.8450580e+02		4.5073265e+02
3.9900000e+02		4.0000000e+02		3.9950000e+02		1.1577145e+03		4.3133104e+02		9.9403919e+02		8.1435049e+02		3.1229108e+02		5.0205941e+02
4.0000000e+02		4.0100000e+02		4.0050000e+02		1.1939713e+03		4.4643496e+02		1.0288542e+03		8.4329491e+02		3.2045795e+02		5.2283695e+02
4.0100000e+02		4.0200000e+02		4.0150000e+02		1.2509583e+03		4.6900464e+02		1.0809876e+03		8.8638413e+02		3.3371022e+02		5.5267391e+02
4.0200000e+02		4.0300000e+02		4.0250000e+02		1.2664199e+03		4.7601363e+02		1.0972898e+03		9.0007465e+02		3.3582698e+02		5.6424766e+02
4.0300000e+02		4.0400000e+02		4.0350000e+02		1.2115903e+03		4.5655549e+02		1.0525764e+03		8.6370435e+02		3.1936944e+02		5.4433491e+02
4.0400000e+02		4.0500000e+02		4.0450000e+02		1.1914959e+03		4.5010654e+02		1.0378469e+03		8.5191717e+02		3.1218973e+02		5.3972744e+02
4.0500000e+02		4.0600000e+02		4.0550000e+02		1.1904731e+03		4.5083369e+02		1.0396616e+03		8.5370342e+02		3.1004389e+02		5.4365953e+02
4.0600000e+02		4.0700000e+02		4.0650000e+02		1.1388815e+03		4.3235295e+02		9.9717516e+02		8.1909792e+02		2.9481458e+02		5.2428334e+02
4.0700000e+02		4.0800000e+02		4.0750000e+02		1.1575323e+03		4.4049943e+02		1.0160978e+03		8.3492530e+02		2.9782416e+02		5.3710113e+02
4.0800000e+02		4.0900000e+02		4.0850000e+02		1.2307397e+03		4.6948328e+02		1.0830965e+03		8.9027755e+02		3.1473078e+02		5.7554677e+02
4.0900000e+02		4.1000000e+02		4.0950000e+02		1.2243097e+03		4.6814067e+02		1.0801398e+03		8.8814286e+02		3.1117202e+02		5.7697084e+02
4.1000000e+02		4.1100000e+02		4.1050000e+02		1.1216634e+03		4.2990091e+02		9.9203791e+02		8.1596994e+02		2.8333376e+02		5.3263618e+02
4.1100000e+02		4.1200000e+02		4.1150000e+02		1.3003372e+03		4.9954225e+02		1.1528907e+03		9.4858343e+02		3.2644409e+02		6.2213934e+02
4.1200000e+02		4.1300000e+02		4.1250000e+02		1.2760342e+03		4.9133622e+02		1.1340975e+03		9.3342148e+02		3.1836325e+02		6.1505822e+02
4.1300000e+02		4.1400000e+02		4.1350000e+02		1.2308584e+03		4.7502306e+02		1.0965835e+03		9.0283337e+02		3.0518803e+02		5.9764534e+02
4.1400000e+02		4.1500000e+02		4.1450000e+02		1.2488872e+03		4.8306989e+02		1.1153010e+03		9.1853348e+02		3.0773197e+02		6.1080151e+02
4.1500000e+02		4.1600000e+02		4.1550000e+02		1.2477523e+03		4.8371038e+02		1.1169206e+03		9.2015452e+02		3.0553377e+02		6.1462075e+02
4.1600000e+02		4.1700000e+02		4.1650000e+02		1.2947363e+03		5.0303494e+02		1.1616884e+03		9.5733060e+02		3.1505564e+02		6.4227496e+02
4.1700000e+02		4.1800000e+02		4.1750000e+02		1.1781342e+03		4.5873345e+02		1.0595135e+03		8.7339484e+02		2.8488627e+02		5.8850857e+02
4.1800000e+02		4.1900000e+02		4.1850000e+02		1.2217101e+03		4.7670668e+02		1.1011750e+03		9.0799163e+02		2.9361075e+02		6.1438088e+02
4.1900000e+02		4.2000000e+02		4.1950000e+02		1.2338424e+03		4.8250271e+02		1.1146867e+03		9.1942999e+02		2.9460425e+02		6.2482575e+02
4.2000000e+02		4.2100000e+02		4.2050000e+02		1.2494927e+03		4.8966345e+02		1.1313672e+03		9.3346601e+02		2.9644939e+02		6.3701663e+02
4.2100000e+02		4.2200000e+02		4.2150000e+02		1.2299982e+03		4.8303840e+02		1.1161957e+03		9.2121800e+02		2.8997178e+02		6.3124622e+02
4.2200000e+02		4.2300000e+02		4.2250000e+02		1.1657134e+03		4.5874679e+02		1.0601912e+03		8.7524986e+02		2.7306769e+02		6.0218218e+02
4.2300000e+02		4.2400000e+02		4.2350000e+02		1.2419943e+03		4.8977415e+02		1.1320331e+03		9.3482743e+02		2.8908028e+02		6.4574714e+02
4.2400000e+02		4.2500000e+02		4.2450000e+02		1.2850442e+03		5.0778559e+02		1.1738035e+03		9.6959612e+02		2.9718750e+02		6.7240862e+02
4.2500000e+02		4.2600000e+02		4.2550000e+02		1.2367256e+03		4.8968055e+02		1.1320857e+03		9.3539836e+02		2.8417956e+02		6.5121880e+02
4.2600000e+02		4.2700000e+02		4.2650000e+02		1.2316584e+03		4.8865034e+02		1.1298368e+03		9.3379937e+02		2.8119681e+02		6.5260256e+02
4.2700000e+02		4.2800000e+02		4.2750000e+02		1.1420512e+03		4.5399729e+02		1.0498360e+03		8.6791788e+02		2.5905985e+02		6.0885803e+02
4.2800000e+02		4.2900000e+02		4.2850000e+02		1.1495483e+03		4.5787412e+02		1.0589237e+03		8.7566877e+02		2.5907777e+02		6.1659100e+02
4.2900000e+02		4.3000000e+02		4.2950000e+02		1.0698649e+03		4.2696326e+02		9.8754999e+02		8.1686646e+02		2.3956005e+02		5.7730642e+02
4.3000000e+02		4.3100000e+02		4.3050000e+02		8.6065012e+02		3.4412998e+02		7.9605070e+02		6.5864025e+02		1.9146479e+02		4.6717546e+02
4.3100000e+02		4.3200000e+02		4.3150000e+02		1.0641754e+03		4.2631939e+02		9.8628539e+02		8.1625242e+02		2.3520516e+02		5.8104726e+02
4.3200000e+02		4.3300000e+02		4.3250000e+02		1.1990384e+03		4.8125222e+02		1.1134974e+03		9.2177350e+02		2.6328899e+02		6.5848451e+02
4.3300000e+02		4.3400000e+02		4.3350000e+02		1.3017454e+03		5.2345020e+02		1.2112684e+03		1.0029687e+03		2.8397913e+02		7.1898955e+02
4.3400000e+02		4.3500000e+02		4.3450000e+02		1.1054356e+03		4.4533251e+02		1.0306178e+03		8.5360194e+02		2.3957944e+02		6.1402250e+02
4.3500000e+02		4.3600000e+02		4.3550000e+02		1.2347447e+03		4.9833547e+02		1.1534078e+03		9.5554309e+02		2.6585456e+02		6.8968853e+02
4.3600000e+02		4.3700000e+02		4.3650000e+02		1.3814970e+03		5.5857356e+02		1.2929715e+03		1.0714325e+03		2.9550378e+02		7.7592875e+02
4.3700000e+02		4.3800000e+02		4.3750000e+02		1.2223713e+03		4.9512131e+02		1.1462182e+03		9.5005896e+02		2.5975131e+02		6.9030765e+02
4.3800000e+02		4.3900000e+02		4.3850000e+02		1.1905029e+03		4.8306912e+02		1.1184375e+03		9.2725934e+02		2.5131716e+02		6.7594217e+02
4.3900000e+02		4.4000000e+02		4.3950000e+02		1.3250738e+03		5.3861660e+02		1.2471796e+03		1.0342436e+03		2.7788920e+02		7.5635440e+02
4.4000000e+02		4.4100000e+02		4.4050000e+02		1.2562739e+03		5.1152771e+02		1.1845859e+03		9.8256289e+02		2.6174782e+02		7.2081506e+02
4.4100000e+02		4.4200000e+02		4.4150000e+02		1.3817384e+03		5.6293446e+02		1.3039730e+03		1.0816638e+03		2.8574626e+02		7.9591755e+02
4.4200000e+02		4.4300000e+02		4.4250000e+02		1.4526378e+03		5.9248849e+02		1.3726775e+03		1.1388384e+03		2.9824479e+02		8.4059357e+02
4.4300000e+02		4.4400000e+02		4.4350000e+02		1.4050936e+03		5.7401757e+02		1.3300360e+03		1.1037057e+03		2.8654989e+02		8.1715583e+02
4.4400000e+02		4.4500000e+02		4.4450000e+02		1.4475318e+03		5.9125462e+02		1.3704435e+03		1.1372326e+03		2.9267255e+02		8.4456009e+02
4.4500000e+02		4.4600000e+02		4.4550000e+02		1.3420773e+03		5.4912862e+02		1.2729194e+03		1.0565543e+03		2.6957219e+02		7.8698208e+02
4.4600000e+02		4.4700000e+02		4.4650000e+02		1.3689269e+03		5.6241154e+02		1.3034262e+03		1.0824579e+03		2.7385290e+02		8.0860499e+02
4.4700000e+02		4.4800000e+02		4.4750000e+02		1.4837056e+03		6.1089340e+02		1.4158260e+03		1.1761495e+03		2.9500433e+02		8.8114514e+02
4.4800000e+02		4.4900000e+02		4.4850000e+02		1.4587166e+03		6.0186099e+02		1.3949404e+03		1.1591345e+03		2.8821821e+02		8.7091626e+02
4.4900000e+02		4.5000000e+02		4.4950000e+02		1.4737837e+03		6.0911048e+02		1.4118563e+03		1.1734810e+03		2.8920363e+02		8.8427737e+02
4.5000000e+02		4.5100000e+02		4.5050000e+02		1.5636828e+03		6.4729273e+02		1.5005018e+03		1.2474355e+03		3.0478235e+02		9.4265310e+02
4.5100000e+02		4.5200000e+02		4.5150000e+02		1.5589734e+03		6.4635084e+02		1.4984638e+03		1.2460074e+03		3.0183640e+02		9.4417102e+02
4.5200000e+02		4.5300000e+02		4.5250000e+02		1.4757889e+03		6.1280853e+02		1.4208379e+03		1.1817096e+03		2.8382209e+02		8.9788755e+02
4.5300000e+02		4.5400000e+02		4.5350000e+02		1.4141855e+03		5.8812732e+02		1.3637430e+03		1.1344613e+03		2.7015615e+02		8.6430519e+02
4.5400000e+02		4.5500000e+02		4.5450000e+02		1.5096596e+03		6.2878466e+02		1.4581568e+03		1.2132530e+03		2.8646508e+02		9.2678793e+02
4.5500000e+02		4.5600000e+02		4.5550000e+02		1.4952815e+03		6.2373108e+02		1.4465733e+03		1.2038619e+03		2.8183671e+02		9.2202515e+02
4.5600000e+02		4.5700000e+02		4.5650000e+02		1.5527317e+03		6.4865839e+02		1.5045254e+03		1.2523447e+03		2.9070382e+02		9.6164092e+02
4.5700000e+02		4.5800000e+02		4.5750000e+02		1.5677329e+03		6.5588942e+02		1.5214378e+03		1.2666768e+03		2.9154395e+02		9.7513287e+02
4.5800000e+02		4.5900000e+02		4.5850000e+02		1.4734199e+03		6.1733061e+02		1.4321256e+03		1.1925570e+03		2.7216620e+02		9.2039075e+02
4.5900000e+02		4.6000000e+02		4.5950000e+02		1.5222067e+03		6.3869204e+02		1.4818158e+03		1.2341778e+03		2.7928984e+02		9.5488796e+02
4.6000000e+02		4.6100000e+02		4.6050000e+02		1.5039223e+03		6.3192249e+02		1.4662418e+03		1.2214445e+03		2.7408102e+02		9.4736347e+02
4.6100000e+02		4.6200000e+02		4.6150000e+02		1.5386000e+03		6.4740889e+02		1.5023088e+03		1.2517312e+03		2.7851574e+02		9.7321550e+02
4.6200000e+02		4.6300000e+02		4.6250000e+02		1.5538294e+03		6.5473397e+02		1.5194410e+03		1.2662476e+03		2.7938053e+02		9.8686710e+02
4.6300000e+02		4.6400000e+02		4.6350000e+02		1.5018384e+03		6.3370555e+02		1.4707693e+03		1.2259181e+03		2.6821505e+02		9.5770303e+02
4.6400000e+02		4.6500000e+02		4.6450000e+02		1.5281564e+03		6.4569748e+02		1.4987317e+03		1.2494591e+03		2.7107745e+02		9.7838168e+02
4.6500000e+02		4.6600000e+02		4.6550000e+02		1.4760608e+03		6.2453500e+02		1.4497363e+03		1.2088367e+03		2.6007231e+02		9.4876436e+02
4.6600000e+02		4.6700000e+02		4.6650000e+02		1.4854121e+03		6.2933956e+02		1.4610140e+03		1.2184638e+03		2.5995611e+02		9.5850766e+02
4.6700000e+02		4.6800000e+02		4.6750000e+02		1.4997486e+03		6.3606976e+02		1.4768299e+03		1.2318042e+03		2.6073196e+02		9.7107220e+02
4.6800000e+02		4.6900000e+02		4.6850000e+02		1.4665907e+03		6.2289983e+02		1.4463513e+03		1.2066188e+03		2.5326894e+02		9.5334989e+02
4.6900000e+02		4.7000000e+02		4.6950000e+02		1.5086728e+03		6.4142064e+02		1.4895398e+03		1.2428181e+03		2.5871362e+02		9.8410452e+02
4.7000000e+02		4.7100000e+02		4.7050000e+02		1.4256243e+03		6.0677585e+02		1.4092400e+03		1.1759943e+03		2.4277491e+02		9.3321939e+02
4.7100000e+02		4.7200000e+02		4.7150000e+02		1.4904926e+03		6.3504689e+02		1.4750675e+03		1.2311019e+03		2.5204724e+02		9.7905469e+02
4.7200000e+02		4.7300000e+02		4.7250000e+02		1.5269264e+03		6.5140603e+02		1.5131864e+03		1.2631363e+03		2.5646816e+02		1.0066681e+03
4.7300000e+02		4.7400000e+02		4.7350000e+02		1.4995420e+03		6.4011814e+02		1.4872109e+03		1.2415612e+03		2.4999957e+02		9.9156164e+02
4.7400000e+02		4.7500000e+02		4.7450000e+02		1.5448084e+03		6.6089495e+02		1.5354115e+03		1.2821776e+03		2.5605782e+02		1.0261198e+03
4.7500000e+02		4.7600000e+02		4.7550000e+02		1.5413846e+03		6.6062633e+02		1.5347880e+03		1.2819811e+03		2.5385532e+02		1.0281258e+03
4.7600000e+02		4.7700000e+02		4.7650000e+02		1.4853490e+03		6.3741496e+02		1.4809672e+03		1.2372498e+03		2.4292157e+02		9.9432825e+02
4.7700000e+02		4.7800000e+02		4.7750000e+02		1.5508368e+03		6.6632592e+02		1.5482590e+03		1.2936800e+03		2.5191792e+02		1.0417621e+03
4.7800000e+02		4.7900000e+02		4.7850000e+02		1.5358791e+03		6.6069265e+02		1.5352877e+03		1.2830502e+03		2.4780229e+02		1.0352479e+03
4.7900000e+02		4.8000000e+02		4.7950000e+02		1.5403519e+03		6.6340586e+02		1.5417101e+03		1.2886248e+03		2.4684441e+02		1.0417803e+03
4.8000000e+02		4.8100000e+02		4.8050000e+02		1.5442750e+03		6.6588009e+02		1.5475770e+03		1.2937347e+03		2.4580054e+02		1.0479342e+03
4.8100000e+02		4.8200000e+02		4.8150000e+02		1.5475498e+03		6.6807196e+02		1.5527874e+03		1.2982954e+03		2.4465691e+02		1.0536385e+03
4.8200000e+02		4.8300000e+02		4.8250000e+02		1.5416562e+03		6.6629810e+02		1.5487795e+03		1.2951466e+03		2.4207784e+02		1.0530688e+03
4.8300000e+02		4.8400000e+02		4.8350000e+02		1.5183412e+03		6.5692425e+02		1.5271229e+03		1.2772045e+03		2.3687042e+02		1.0403341e+03
4.8400000e+02		4.8500000e+02		4.8450000e+02		1.4920771e+03		6.4609734e+02		1.5021261e+03		1.2564345e+03		2.3115717e+02		1.0252774e+03
4.8500000e+02		4.8600000e+02		4.8550000e+02		1.4021236e+03		6.0739627e+02		1.4123849e+03		1.1814389e+03		2.1560117e+02		9.6583775e+02
4.8600000e+02		4.8700000e+02		4.8650000e+02		1.2173217e+03		5.2828586e+02		1.2284061e+03		1.0277905e+03		1.8604486e+02		8.4174563e+02
4.8700000e+02		4.8800000e+02		4.8750000e+02		1.3927585e+03		6.0477703e+02		1.4064647e+03		1.1768640e+03		2.1131214e+02		9.6555181e+02
4.8800000e+02		4.8900000e+02		4.8850000e+02		1.4651201e+03		6.3690815e+02		1.4812886e+03		1.2396593e+03		2.2079425e+02		1.0188651e+03
4.8900000e+02		4.9000000e+02		4.8950000e+02		1.4372192e+03		6.2551592e+02		1.4548762e+03		1.2177484e+03		2.1514777e+02		1.0026006e+03
4.9000000e+02		4.9100000e+02		4.9050000e+02		1.5307557e+03		6.6715183e+02		1.5517582e+03		1.2990825e+03		2.2767294e+02		1.0714096e+03
4.9100000e+02		4.9200000e+02		4.9150000e+02		1.4425606e+03		6.2934115e+02		1.4639257e+03		1.2257166e+03		2.1309380e+02		1.0126228e+03
4.9200000e+02		4.9300000e+02		4.9250000e+02		1.3729411e+03		5.9990292e+02		1.3954476e+03		1.1686321e+03		2.0151028e+02		9.6712181e+02
4.9300000e+02		4.9400000e+02		4.9350000e+02		1.4509629e+03		6.3467991e+02		1.4764328e+03		1.2366420e+03		2.1149151e+02		1.0251505e+03
4.9400000e+02		4.9500000e+02		4.9450000e+02		1.4929449e+03		6.5373050e+02		1.5208458e+03		1.2740275e+03		2.1611731e+02		1.0579102e+03
4.9500000e+02		4.9600000e+02		4.9550000e+02		1.4663156e+03		6.4272776e+02		1.4953478e+03		1.2528399e+03		2.1083053e+02		1.0420094e+03
4.9600000e+02		4.9700000e+02		4.9650000e+02		1.4846220e+03		6.5141237e+02		1.5156525e+03		1.2700247e+03		2.1202303e+02		1.0580016e+03
4.9700000e+02		4.9800000e+02		4.9750000e+02		1.5123203e+03		6.6423278e+02		1.5455823e+03		1.2952788e+03		2.1452257e+02		1.0807562e+03
4.9800000e+02		4.9900000e+02		4.9850000e+02		1.3744029e+03		6.0423290e+02		1.4060721e+03		1.1785011e+03		1.9369468e+02		9.8480645e+02
4.9900000e+02		5.0000000e+02		4.9950000e+02		1.4721832e+03		6.4754917e+02		1.5070652e+03		1.2632273e+03		2.0601796e+02		1.0572093e+03
