Left Bin Edge (nm)	Right Bin Edge (nm)	Bin Center (nm)		Top of Atm Intensity (erg/s/nm/cm2)		Total Surface Flux (erg/s/nm/cm2)		Total Intensity at BOA (erg/s/nm/cm2)		Total Surface Intensity (erg/s/nm/cm2)		Total Surface Diffuse Intensity (erg/s/nm/cm2)		Total Surface Direct Intensity (erg/s/nm/cm2)
1.0000000e+02		1.0100000e+02		1.0050000e+02		4.4569042e-02		2.4525374e-199		0.0000000e+00		4.2479194e-199		4.2479194e-199		0.0000000e+00
1.0100000e+02		1.0200000e+02		1.0150000e+02		1.7387199e-01		2.8780739e-197		0.0000000e+00		4.9849701e-197		4.9849701e-197		0.0000000e+00
1.0200000e+02		1.0300000e+02		1.0250000e+02		9.2286085e-01		3.0760918e-195		0.0000000e+00		5.3279472e-195		5.3279472e-195		0.0000000e+00
1.0300000e+02		1.0400000e+02		1.0350000e+02		7.0094286e-01		3.0025220e-193		0.0000000e+00		5.2005207e-193		5.2005207e-193		0.0000000e+00
1.0400000e+02		1.0500000e+02		1.0450000e+02		1.4124828e-01		2.6834656e-191		0.0000000e+00		4.6478988e-191		4.6478988e-191		0.0000000e+00
1.0500000e+02		1.0600000e+02		1.0550000e+02		4.8389941e-02		2.2015023e-189		0.0000000e+00		3.8131138e-189		3.8131138e-189		0.0000000e+00
1.0600000e+02		1.0700000e+02		1.0650000e+02		4.5487167e-02		1.6619000e-187		0.0000000e+00		2.8784953e-187		2.8784953e-187		0.0000000e+00
1.0700000e+02		1.0800000e+02		1.0750000e+02		5.0757295e-02		1.1570804e-185		0.0000000e+00		2.0041221e-185		2.0041221e-185		0.0000000e+00
1.0800000e+02		1.0900000e+02		1.0850000e+02		7.1152114e-02		7.4467737e-184		0.0000000e+00		1.2898190e-183		1.2898190e-183		0.0000000e+00
1.0900000e+02		1.1000000e+02		1.0950000e+02		5.5817450e-02		4.4397246e-182		0.0000000e+00		7.6898286e-182		7.6898286e-182		0.0000000e+00
1.1000000e+02		1.1100000e+02		1.1050000e+02		5.4043772e-02		2.4571451e-180		0.0000000e+00		4.2559001e-180		4.2559001e-180		0.0000000e+00
1.1100000e+02		1.1200000e+02		1.1150000e+02		5.0797691e-02		1.2649211e-178		0.0000000e+00		2.1909077e-178		2.1909077e-178		0.0000000e+00
1.1200000e+02		1.1300000e+02		1.1250000e+02		5.1969037e-02		6.0686757e-177		0.0000000e+00		1.0511255e-176		1.0511255e-176		0.0000000e+00
1.1300000e+02		1.1400000e+02		1.1350000e+02		4.1221387e-02		2.7185204e-175		0.0000000e+00		4.7086155e-175		4.7086155e-175		0.0000000e+00
1.1400000e+02		1.1500000e+02		1.1450000e+02		3.1562600e-02		1.1390992e-173		0.0000000e+00		1.9729777e-173		1.9729777e-173		0.0000000e+00
1.1500000e+02		1.1600000e+02		1.1550000e+02		4.3552050e-02		4.4723482e-172		0.0000000e+00		7.7463343e-172		7.7463343e-172		0.0000000e+00
1.1600000e+02		1.1700000e+02		1.1650000e+02		1.0143732e-01		1.6481012e-170		0.0000000e+00		2.8545950e-170		2.8545950e-170		0.0000000e+00
1.1700000e+02		1.1800000e+02		1.1750000e+02		3.6108525e-01		5.7096660e-169		0.0000000e+00		9.8894316e-169		9.8894316e-169		0.0000000e+00
1.1800000e+02		1.1900000e+02		1.1850000e+02		1.2283927e-01		1.8625002e-167		0.0000000e+00		3.2259450e-167		3.2259450e-167		0.0000000e+00
1.1900000e+02		1.2000000e+02		1.1950000e+02		1.7115732e-01		5.7292573e-166		0.0000000e+00		9.9233647e-166		9.9233647e-166		0.0000000e+00
1.2000000e+02		1.2100000e+02		1.2050000e+02		9.3056497e-01		1.6643796e-164		0.0000000e+00		2.8827900e-164		2.8827900e-164		0.0000000e+00
1.2100000e+02		1.2200000e+02		1.2150000e+02		3.6941242e+01		4.5727117e-163		0.0000000e+00		7.9201689e-163		7.9201689e-163		0.0000000e+00
1.2200000e+02		1.2300000e+02		1.2250000e+02		2.4773856e-01		1.1897512e-161		0.0000000e+00		2.0607094e-161		2.0607094e-161		0.0000000e+00
1.2300000e+02		1.2400000e+02		1.2350000e+02		1.3344721e-01		2.9354546e-160		3.4578011e-161		5.0843566e-160		5.0843566e-160		0.0000000e+00
1.2400000e+02		1.2500000e+02		1.2450000e+02		1.0726631e-01		6.8768369e-159		8.3166829e-160		1.1911031e-158		1.1911031e-158		0.0000000e+00
1.2500000e+02		1.2600000e+02		1.2550000e+02		1.0471361e-01		1.5315626e-157		1.9024656e-158		2.6527443e-157		2.6527443e-157		0.0000000e+00
1.2600000e+02		1.2700000e+02		1.2650000e+02		1.4644878e-01		3.2466538e-156		4.1401579e-157		5.6233693e-156		5.6233693e-156		0.0000000e+00
1.2700000e+02		1.2800000e+02		1.2750000e+02		7.6659940e-02		6.5583984e-155		8.5824046e-156		1.1359479e-154		1.1359479e-154		0.0000000e+00
1.2800000e+02		1.2900000e+02		1.2850000e+02		6.1165494e-02		1.2638925e-153		1.6966115e-154		2.1891260e-153		2.1891260e-153		0.0000000e+00
1.2900000e+02		1.3000000e+02		1.2950000e+02		8.1594975e-02		2.3262037e-152		3.2019502e-153		4.0291031e-152		4.0291031e-152		0.0000000e+00
1.3000000e+02		1.3100000e+02		1.3050000e+02		6.7007791e-01		4.0932743e-151		5.7751984e-152		7.0897590e-151		7.0897590e-151		0.0000000e+00
1.3100000e+02		1.3200000e+02		1.3150000e+02		9.0731094e-02		6.8932748e-150		9.9653158e-151		1.1939502e-149		1.1939502e-149		0.0000000e+00
1.3200000e+02		1.3300000e+02		1.3250000e+02		7.0547730e-02		1.1121021e-148		1.6467367e-149		1.9262173e-148		1.9262173e-148		0.0000000e+00
1.3300000e+02		1.3400000e+02		1.3350000e+02		9.5357088e-01		1.7204727e-147		2.6084741e-148		2.9799461e-147		2.9799461e-147		0.0000000e+00
1.3400000e+02		1.3500000e+02		1.3450000e+02		6.5246966e-02		2.5547132e-146		3.9645335e-147		4.4248931e-146		4.4248931e-146		0.0000000e+00
1.3500000e+02		1.3600000e+02		1.3550000e+02		1.3692679e-01		3.6443739e-145		5.7868550e-146		6.3122407e-145		6.3122407e-145		0.0000000e+00
1.3600000e+02		1.3700000e+02		1.3650000e+02		8.9861989e-02		4.9988923e-144		8.1191872e-145		8.6583354e-144		8.6583354e-144		0.0000000e+00
1.3700000e+02		1.3800000e+02		1.3750000e+02		9.2282630e-02		6.5988317e-143		1.0959387e-143		1.1429512e-142		1.1429512e-142		0.0000000e+00
1.3800000e+02		1.3900000e+02		1.3850000e+02		9.4180145e-02		8.3900474e-142		1.4243813e-142		1.4531988e-141		1.4531988e-141		0.0000000e+00
1.3900000e+02		1.4000000e+02		1.3950000e+02		3.1801144e-01		1.0282939e-140		1.7839106e-141		1.7810573e-140		1.7810573e-140		0.0000000e+00
1.4000000e+02		1.4100000e+02		1.4050000e+02		2.7729440e-01		1.2158130e-139		2.1546588e-140		2.1058500e-139		2.1058500e-139		0.0000000e+00
1.4100000e+02		1.4200000e+02		1.4150000e+02		1.3359910e-01		1.3878566e-138		2.5117659e-139		2.4038381e-138		2.4038381e-138		0.0000000e+00
1.4200000e+02		1.4300000e+02		1.4250000e+02		1.4479671e-01		1.5306395e-137		2.8281386e-138		2.6511454e-137		2.6511454e-137		0.0000000e+00
1.4300000e+02		1.4400000e+02		1.4350000e+02		1.6064305e-01		1.6321689e-136		3.0779034e-137		2.8269995e-136		2.8269995e-136		0.0000000e+00
1.4400000e+02		1.4500000e+02		1.4450000e+02		1.5363637e-01		1.6839364e-135		3.2400857e-136		2.9166633e-135		2.9166633e-135		0.0000000e+00
1.4500000e+02		1.4600000e+02		1.4550000e+02		1.6382583e-01		1.6820963e-134		3.3014436e-135		2.9134762e-134		2.9134762e-134		0.0000000e+00
1.4600000e+02		1.4700000e+02		1.4650000e+02		1.9977093e-01		1.6279037e-133		3.2582879e-134		2.8196119e-133		2.8196119e-133		0.0000000e+00
1.4700000e+02		1.4800000e+02		1.4750000e+02		2.4643334e-01		1.5273537e-132		3.1166793e-133		2.6454542e-132		2.6454542e-132		0.0000000e+00
1.4800000e+02		1.4900000e+02		1.4850000e+02		2.4167300e-01		1.3901330e-131		2.8912373e-132		2.4077810e-131		2.4077810e-131		0.0000000e+00
1.4900000e+02		1.5000000e+02		1.4950000e+02		2.1832777e-01		1.2281298e-130		2.6027744e-131		2.1271832e-130		2.1271832e-130		0.0000000e+00
1.5000000e+02		1.5100000e+02		1.5050000e+02		2.4023073e-01		1.0538086e-129		2.2751640e-130		1.8252500e-129		1.8252500e-129		0.0000000e+00
1.5100000e+02		1.5200000e+02		1.5150000e+02		2.5258505e-01		8.7873974e-129		1.9322534e-129		1.5220219e-128		1.5220219e-128		0.0000000e+00
1.5200000e+02		1.5300000e+02		1.5250000e+02		3.2229547e-01		7.1249994e-128		1.5952834e-128		1.2340861e-127		1.2340861e-127		0.0000000e+00
1.5300000e+02		1.5400000e+02		1.5350000e+02		3.5701286e-01		5.6204875e-127		1.2810703e-127		9.7349700e-127		9.7349700e-127		0.0000000e+00
1.5400000e+02		1.5500000e+02		1.5450000e+02		9.5486931e-01		4.3157877e-126		1.0011629e-126		7.4751636e-126		7.4751636e-126		0.0000000e+00
1.5500000e+02		1.5600000e+02		1.5550000e+02		7.8587524e-01		3.2275239e-125		7.6183599e-126		5.5902353e-125		5.5902353e-125		0.0000000e+00
1.5600000e+02		1.5700000e+02		1.5650000e+02		4.6648084e-01		2.3519208e-124		5.6476452e-125		4.0736464e-124		4.0736464e-124		0.0000000e+00
1.5700000e+02		1.5800000e+02		1.5750000e+02		4.2309893e-01		1.6708399e-123		4.0807014e-124		2.8939796e-123		2.8939796e-123		0.0000000e+00
1.5800000e+02		1.5900000e+02		1.5850000e+02		3.9008072e-01		1.1577515e-122		2.8752641e-123		2.0052844e-122		2.0052844e-122		0.0000000e+00
1.5900000e+02		1.6000000e+02		1.5950000e+02		3.8042347e-01		7.8283186e-122		1.9765345e-122		1.3559046e-121		1.3559046e-121		0.0000000e+00
1.6000000e+02		1.6100000e+02		1.6050000e+02		4.1635449e-01		5.1676548e-121		1.3262097e-121		8.9506407e-121		8.9506407e-121		0.0000000e+00
1.6100000e+02		1.6200000e+02		1.6150000e+02		4.7164413e-01		3.3318434e-120		8.6895727e-121		5.7709220e-120		5.7709220e-120		0.0000000e+00
1.6200000e+02		1.6300000e+02		1.6250000e+02		5.2241459e-01		2.0990904e-119		5.5623152e-120		3.6357312e-119		3.6357312e-119		0.0000000e+00
1.6300000e+02		1.6400000e+02		1.6350000e+02		1.1072121e+00		1.2927604e-118		3.4799098e-119		2.2391268e-118		2.2391268e-118		0.0000000e+00
1.6400000e+02		1.6500000e+02		1.6450000e+02		1.1323318e+00		7.7862011e-118		2.1287157e-118		1.3486096e-117		1.3486096e-117		0.0000000e+00
1.6500000e+02		1.6600000e+02		1.6550000e+02		1.3255566e+00		4.5880668e-117		1.2737488e-117		7.9467647e-117		7.9467647e-117		0.0000000e+00
1.6600000e+02		1.6700000e+02		1.6650000e+02		6.2522883e-01		2.6460749e-116		7.4582795e-117		4.5831361e-116		4.5831361e-116		0.0000000e+00
1.6700000e+02		1.6800000e+02		1.6750000e+02		6.6723830e-01		1.4942058e-115		4.2751466e-116		2.5880404e-115		2.5880404e-115		0.0000000e+00
1.6800000e+02		1.6900000e+02		1.6850000e+02		7.1904320e-01		8.2645310e-115		2.3998621e-115		1.4314588e-114		1.4314588e-114		0.0000000e+00
1.6900000e+02		1.7000000e+02		1.6950000e+02		9.0554889e-01		4.4790436e-114		1.3197903e-114		7.7579310e-114		7.7579310e-114		0.0000000e+00
1.7000000e+02		1.7100000e+02		1.7050000e+02		1.0161854e+00		2.3794008e-113		7.1132034e-114		4.1212431e-113		4.1212431e-113		0.0000000e+00
1.7100000e+02		1.7200000e+02		1.7150000e+02		1.0130704e+00		1.2394172e-112		3.7585570e-113		2.1467336e-112		2.1467336e-112		0.0000000e+00
1.7200000e+02		1.7300000e+02		1.7250000e+02		1.0571150e+00		6.3326263e-112		1.9477035e-112		1.0968430e-111		1.0968430e-111		0.0000000e+00
1.7300000e+02		1.7400000e+02		1.7350000e+02		1.0479596e+00		3.1747679e-111		9.9018583e-112		5.4988593e-111		5.4988593e-111		0.0000000e+00
1.7400000e+02		1.7500000e+02		1.7450000e+02		1.2530722e+00		1.5622264e-110		4.9402095e-111		2.7058555e-110		2.7058555e-110		0.0000000e+00
1.7500000e+02		1.7600000e+02		1.7550000e+02		1.4954862e+00		7.5477692e-110		2.4196305e-110		1.3073120e-109		1.3073120e-109		0.0000000e+00
1.7600000e+02		1.7700000e+02		1.7650000e+02		1.6135596e+00		3.5815539e-109		1.1637679e-109		6.2034334e-109		6.2034334e-109		0.0000000e+00
1.7700000e+02		1.7800000e+02		1.7750000e+02		1.9010195e+00		1.6696872e-108		5.4983639e-109		2.8919830e-108		2.8919830e-108		0.0000000e+00
1.7800000e+02		1.7900000e+02		1.7850000e+02		2.0776624e+00		7.6496032e-108		2.5526157e-108		1.3249501e-107		1.3249501e-107		0.0000000e+00
1.7900000e+02		1.8000000e+02		1.7950000e+02		2.0198657e+00		3.4451578e-107		1.1648261e-107		5.9671884e-107		5.9671884e-107		0.0000000e+00
1.8000000e+02		1.8100000e+02		1.8050000e+02		2.4976225e+00		1.5256993e-106		5.2263895e-107		2.6425888e-106		2.6425888e-106		0.0000000e+00
1.8100000e+02		1.8200000e+02		1.8150000e+02		3.0410490e+00		6.6456681e-106		2.3064759e-106		1.1510635e-105		1.1510635e-105		0.0000000e+00
1.8200000e+02		1.8300000e+02		1.8250000e+02		2.8073836e+00		2.8479601e-105		1.0015752e-105		4.9328116e-105		4.9328116e-105		0.0000000e+00
1.8300000e+02		1.8400000e+02		1.8350000e+02		2.9562417e+00		1.2010715e-104		4.2810808e-105		2.0803169e-104		2.0803169e-104		0.0000000e+00
1.8400000e+02		1.8500000e+02		1.8450000e+02		2.5409769e+00		4.9860718e-104		1.8014636e-104		8.6361297e-104		8.6361297e-104		0.0000000e+00
1.8500000e+02		1.8600000e+02		1.8550000e+02		2.8735562e+00		2.0379701e-103		7.4704666e-104		3.5298678e-103		3.5298678e-103		0.0000000e+00
1.8600000e+02		1.8700000e+02		1.8650000e+02		3.2604304e+00		8.2034541e-103		3.0532328e-103		1.4208799e-102		1.4208799e-102		0.0000000e+00
1.8700000e+02		1.8800000e+02		1.8750000e+02		3.6946466e+00		3.2527215e-102		1.2309225e-102		5.6338789e-102		5.6338789e-102		0.0000000e+00
1.8800000e+02		1.8900000e+02		1.8850000e+02		3.8870616e+00		1.2706507e-101		4.9011929e-102		2.2008316e-101		2.2008316e-101		0.0000000e+00
1.8900000e+02		1.9000000e+02		1.8950000e+02		4.3106081e+00		4.8909870e-101		1.9305867e-101		8.4714380e-101		8.4714380e-101		0.0000000e+00
1.9000000e+02		1.9100000e+02		1.9050000e+02		4.4384288e+00		1.8553972e-100		7.5268405e-101		3.2136422e-100		3.2136422e-100		0.0000000e+00
1.9100000e+02		1.9200000e+02		1.9150000e+02		4.8094361e+00		6.9379987e-100		2.9042978e-100		1.2016966e-99		1.2016966e-99		0.0000000e+00
1.9200000e+02		1.9300000e+02		1.9250000e+02		5.0365493e+00		2.5571701e-99		1.1133045e-99		4.4291486e-99		4.4291486e-99		0.0000000e+00
1.9300000e+02		1.9400000e+02		1.9350000e+02		3.8447944e+00		9.2944785e-99		4.2171186e-99		1.6098509e-98		1.6098509e-98		9.1151138e-262
1.9400000e+02		1.9500000e+02		1.9450000e+02		6.1679797e+00		3.3331993e-98		1.5713912e-98		5.7732705e-98		5.7732705e-98		5.3737548e-206
1.9500000e+02		1.9600000e+02		1.9550000e+02		5.9528271e+00		1.1795343e-97		4.8518019e-98		2.0430134e-97		2.0430134e-97		4.8921958e-164
1.9600000e+02		1.9700000e+02		1.9650000e+02		6.5508102e+00		4.1218332e-97		6.0313129e-96		7.1392245e-97		7.1392245e-97		1.1453968e-141
1.9700000e+02		1.9800000e+02		1.9750000e+02		6.5190955e+00		1.4222988e-96		7.9034473e-90		2.4634939e-96		2.4634939e-96		3.1872159e-125
1.9800000e+02		1.9900000e+02		1.9850000e+02		6.3883794e+00		2.2753584e-42		4.1257727e-35		3.9410363e-42		3.9410363e-42		9.2022335e-66
1.9900000e+02		2.0000000e+02		1.9950000e+02		6.7274707e+00		9.0971398e-06		4.6198055e-05		1.5756708e-05		1.5756708e-05		1.0102630e-13
2.0000000e+02		2.0100000e+02		2.0050000e+02		7.1125146e+00		4.2922136e-04		1.8388923e-03		7.4343320e-04		7.4343319e-04		1.1952681e-11
2.0100000e+02		2.0200000e+02		2.0150000e+02		7.5701275e+00		1.0099368e-01		3.6460206e-01		1.7492619e-01		1.7492619e-01		2.2491934e-09
2.0200000e+02		2.0300000e+02		2.0250000e+02		7.4828608e+00		2.1523685e-01		7.6575246e-01		3.7280116e-01		3.7280115e-01		5.4191469e-09
2.0300000e+02		2.0400000e+02		2.0350000e+02		8.0092047e+00		1.0585770e+00		3.6914491e+00		1.8335091e+00		1.8335091e+00		1.7197979e-08
2.0400000e+02		2.0500000e+02		2.0450000e+02		8.6207445e+00		2.6280085e+00		9.1088362e+00		4.5518442e+00		4.5518441e+00		3.5921342e-08
2.0500000e+02		2.0600000e+02		2.0550000e+02		8.6400754e+00		2.6255521e+00		9.1000973e+00		4.5475896e+00		4.5475895e+00		5.4922010e-08
2.0600000e+02		2.0700000e+02		2.0650000e+02		8.6510225e+00		2.6508276e+00		9.1874848e+00		4.5913682e+00		4.5913681e+00		8.3593163e-08
2.0700000e+02		2.0800000e+02		2.0750000e+02		9.3957826e+00		2.8958748e+00		1.0036566e+01		5.0158023e+00		5.0158021e+00		1.3651996e-07
2.0800000e+02		2.0900000e+02		2.0850000e+02		1.0163489e+01		3.1321042e+00		1.0855063e+01		5.4249638e+00		5.4249635e+00		2.1794768e-07
2.0900000e+02		2.1000000e+02		2.0950000e+02		1.3129215e+01		4.0722663e+00		1.4113134e+01		7.0533723e+00		7.0533719e+00		4.1502964e-07
2.1000000e+02		2.1100000e+02		2.1050000e+02		1.6183343e+01		5.0247190e+00		1.7413687e+01		8.7030688e+00		8.7030681e+00		7.3881935e-07
2.1100000e+02		2.1200000e+02		2.1150000e+02		1.8424170e+01		5.7461629e+00		1.9913559e+01		9.9526465e+00		9.9526453e+00		1.2116662e-06
2.1200000e+02		2.1300000e+02		2.1250000e+02		1.6428561e+01		5.1365054e+00		1.7800456e+01		8.8966889e+00		8.8966873e+00		1.5377253e-06
2.1300000e+02		2.1400000e+02		2.1350000e+02		1.6737981e+01		5.2476329e+00		1.8185264e+01		9.0891675e+00		9.0891653e+00		2.2045800e-06
2.1400000e+02		2.1500000e+02		2.1450000e+02		2.1432541e+01		6.7348993e+00		2.3338900e+01		1.1665189e+01		1.1665185e+01		3.9526783e-06
2.1500000e+02		2.1600000e+02		2.1550000e+02		1.8408135e+01		5.7950041e+00		2.0081516e+01		1.0037243e+01		1.0037238e+01		4.6852330e-06
2.1600000e+02		2.1700000e+02		2.1650000e+02		1.7036901e+01		5.3726105e+00		1.8617522e+01		9.3056363e+00		9.3056303e+00		5.9595217e-06
2.1700000e+02		2.1800000e+02		2.1750000e+02		1.7640866e+01		5.5711739e+00		1.9305334e+01		9.6495589e+00		9.6495505e+00		8.3858033e-06
2.1800000e+02		2.1900000e+02		2.1850000e+02		2.3730294e+01		7.5039166e+00		2.6002373e+01		1.2997170e+01		1.2997154e+01		1.5222830e-05
2.1900000e+02		2.2000000e+02		2.1950000e+02		2.5052511e+01		7.9308966e+00		2.7481594e+01		1.3736723e+01		1.3736701e+01		2.1526065e-05
2.2000000e+02		2.2100000e+02		2.2050000e+02		2.5203754e+01		7.9853816e+00		2.7670070e+01		1.3831095e+01		1.3831067e+01		2.8731749e-05
2.2100000e+02		2.2200000e+02		2.2150000e+02		2.0176768e+01		6.3980927e+00		2.2169725e+01		1.1081831e+01		1.1081801e+01		3.0364179e-05
2.2200000e+02		2.2300000e+02		2.2250000e+02		2.7154039e+01		8.6153154e+00		2.9852206e+01		1.4922181e+01		1.4922127e+01		5.3465462e-05
2.2300000e+02		2.2400000e+02		2.2350000e+02		3.5163062e+01		1.1162359e+01		3.8677373e+01		1.9333801e+01		1.9333711e+01		9.0083239e-05
2.2400000e+02		2.2500000e+02		2.2450000e+02		3.2875934e+01		1.0438520e+01		3.6168949e+01		1.8080080e+01		1.8079972e+01		1.0868225e-04
2.2500000e+02		2.2600000e+02		2.2550000e+02		2.8720078e+01		9.1216134e+00		3.1605660e+01		1.5799136e+01		1.5799014e+01		1.2184835e-04
2.2600000e+02		2.2700000e+02		2.2650000e+02		2.1037217e+01		6.6806832e+00		2.3147846e+01		1.1571318e+01		1.1571204e+01		1.1375552e-04
2.2700000e+02		2.2800000e+02		2.2750000e+02		2.0463841e+01		6.4978768e+00		2.2514275e+01		1.1254696e+01		1.1254556e+01		1.4020156e-04
2.2800000e+02		2.2900000e+02		2.2850000e+02		2.8509984e+01		9.0501814e+00		3.1357456e+01		1.5675450e+01		1.5675204e+01		2.4605316e-04
2.2900000e+02		2.3000000e+02		2.2950000e+02		2.5620938e+01		8.1304815e+00		2.8170667e+01		1.4082493e+01		1.4082216e+01		2.7690570e-04
2.3000000e+02		2.3100000e+02		2.3050000e+02		2.9055844e+01		9.2148352e+00		3.1927584e+01		1.5960684e+01		1.5960293e+01		3.9093261e-04
2.3100000e+02		2.3200000e+02		2.3150000e+02		2.7387429e+01		8.6811285e+00		3.0078253e+01		1.5036297e+01		1.5035841e+01		4.5635828e-04
2.3200000e+02		2.3300000e+02		2.3250000e+02		2.9413108e+01		9.3162873e+00		3.2278814e+01		1.6136470e+01		1.6135866e+01		6.0372048e-04
2.3300000e+02		2.3400000e+02		2.3350000e+02		2.6543685e+01		8.4006487e+00		2.9106242e+01		1.4550557e+01		1.4549889e+01		6.6773220e-04
2.3400000e+02		2.3500000e+02		2.3450000e+02		2.3194371e+01		7.3341733e+00		2.5411101e+01		1.2703381e+01		1.2702669e+01		7.1155612e-04
2.3500000e+02		2.3600000e+02		2.3550000e+02		3.1223226e+01		9.8636899e+00		3.4175206e+01		1.7084772e+01		1.7083609e+01		1.1625255e-03
2.3600000e+02		2.3700000e+02		2.3650000e+02		2.8911473e+01		9.1249346e+00		3.1615593e+01		1.5805253e+01		1.5803952e+01		1.3004668e-03
2.3700000e+02		2.3800000e+02		2.3750000e+02		3.0878004e+01		9.7343768e+00		3.3727181e+01		1.6860952e+01		1.6859282e+01		1.6701203e-03
2.3800000e+02		2.3900000e+02		2.3850000e+02		2.5598090e+01		8.0626099e+00		2.7934981e+01		1.3965363e+01		1.3963705e+01		1.6579834e-03
2.3900000e+02		2.4000000e+02		2.3950000e+02		2.7890834e+01		8.7744601e+00		3.0401466e+01		1.5198477e+01		1.5196323e+01		2.1536034e-03
2.4000000e+02		2.4100000e+02		2.4050000e+02		2.5623038e+01		8.0530636e+00		2.7902123e+01		1.3949042e+01		1.3946693e+01		2.3493779e-03
2.4100000e+02		2.4200000e+02		2.4150000e+02		3.0005079e+01		9.4221030e+00		3.2645748e+01		1.6320568e+01		1.6317314e+01		3.2542078e-03
2.4200000e+02		2.4300000e+02		2.4250000e+02		4.1301739e+01		1.2957082e+01		4.4894109e+01		2.2443957e+01		2.2438679e+01		5.2774911e-03
2.4300000e+02		2.4400000e+02		2.4350000e+02		3.8791639e+01		1.2158144e+01		4.2126326e+01		2.1060323e+01		2.1054505e+01		5.8179102e-03
2.4400000e+02		2.4500000e+02		2.4450000e+02		3.6329084e+01		1.1380103e+01		3.9430972e+01		1.9712888e+01		1.9706514e+01		6.3738798e-03
2.4500000e+02		2.4600000e+02		2.4550000e+02		2.9476122e+01		9.2210933e+00		3.1950645e+01		1.5973266e+01		1.5967242e+01		6.0239041e-03
2.4600000e+02		2.4700000e+02		2.4650000e+02		2.8685918e+01		8.9742037e+00		3.1095677e+01		1.5545884e+01		1.5539071e+01		6.8136067e-03
2.4700000e+02		2.4800000e+02		2.4750000e+02		3.1678139e+01		9.9012027e+00		3.4308364e+01		1.7152080e+01		1.7143372e+01		8.7080794e-03
2.4800000e+02		2.4900000e+02		2.4850000e+02		2.5406301e+01		7.9404595e+00		2.7514828e+01		1.3755773e+01		1.3747711e+01		8.0624569e-03
2.4900000e+02		2.5000000e+02		2.4950000e+02		3.0967514e+01		9.6702166e+00		3.3509481e+01		1.6752802e+01		1.6741502e+01		1.1300232e-02
2.5000000e+02		2.5100000e+02		2.5050000e+02		3.3448743e+01		1.0449053e+01		3.6209298e+01		1.8102624e+01		1.8088618e+01		1.4006857e-02
2.5100000e+02		2.5200000e+02		2.5150000e+02		2.7888154e+01		8.7113385e+00		3.0188471e+01		1.5092612e+01		1.5079257e+01		1.3355794e-02
2.5200000e+02		2.5300000e+02		2.5250000e+02		2.5069906e+01		7.8313308e+00		2.7139785e+01		1.3568498e+01		1.3554806e+01		1.3692273e-02
2.5300000e+02		2.5400000e+02		2.5350000e+02		3.1592540e+01		9.8725616e+00		3.4215028e+01		1.7105850e+01		1.7086223e+01		1.9626676e-02
2.5400000e+02		2.5500000e+02		2.5450000e+02		3.5730773e+01		1.1174757e+01		3.8729604e+01		1.9363038e+01		1.9337850e+01		2.5187995e-02
2.5500000e+02		2.5600000e+02		2.5550000e+02		4.8755658e+01		1.5240533e+01		5.2823228e+01		2.6409395e+01		2.6370548e+01		3.8847117e-02
2.5600000e+02		2.5700000e+02		2.5650000e+02		6.2803876e+01		1.9674593e+01		6.8194955e+01		3.4094890e+01		3.4038336e+01		5.6554139e-02
2.5700000e+02		2.5800000e+02		2.5750000e+02		7.8843355e+01		2.4717497e+01		8.5679071e+01		4.2836683e+01		4.2756766e+01		7.9916220e-02
2.5800000e+02		2.5900000e+02		2.5850000e+02		8.2991293e+01		2.6015575e+01		9.0184040e+01		4.5089497e+01		4.4995109e+01		9.4387278e-02
2.5900000e+02		2.6000000e+02		2.5950000e+02		7.0629481e+01		2.2198070e+01		7.6955506e+01		3.8476066e+01		3.8385939e+01		9.0127053e-02
2.6000000e+02		2.6100000e+02		2.6050000e+02		5.7868388e+01		1.8195319e+01		6.3083366e+01		3.1540736e+01		3.1458244e+01		8.2492065e-02
2.6100000e+02		2.6200000e+02		2.6150000e+02		5.9092703e+01		1.8618628e+01		6.4555918e+01		3.2277496e+01		3.2183473e+01		9.4022799e-02
2.6200000e+02		2.6300000e+02		2.6250000e+02		7.0528613e+01		2.2251281e+01		7.7157706e+01		3.8578985e+01		3.8454091e+01		1.2489362e-01
2.6300000e+02		2.6400000e+02		2.6350000e+02		1.0614195e+02		3.3573572e+01		1.1642883e+02		5.8215777e+01		5.8006805e+01		2.0897182e-01
2.6400000e+02		2.6500000e+02		2.6450000e+02		1.6548208e+02		5.2381935e+01		1.8167122e+02		9.0839781e+01		9.0478993e+01		3.6078823e-01
2.6500000e+02		2.6600000e+02		2.6550000e+02		1.7356948e+02		5.5079852e+01		1.9104778e+02		9.5530686e+01		9.5111791e+01		4.1889509e-01
2.6600000e+02		2.6700000e+02		2.6650000e+02		1.6826276e+02		5.3503076e+01		1.8559907e+02		9.2808752e+01		9.2360367e+01		4.4838482e-01
2.6700000e+02		2.6800000e+02		2.6750000e+02		1.6940220e+02		5.3988523e+01		1.8730511e+02		9.3664791e+01		9.3167206e+01		4.9758509e-01
2.6800000e+02		2.6900000e+02		2.6850000e+02		1.6778062e+02		5.3613840e+01		1.8602856e+02		9.3029664e+01		9.2487331e+01		5.4233287e-01
2.6900000e+02		2.7000000e+02		2.6950000e+02		1.5737310e+02		5.0375193e+01		1.7481457e+02		8.7425099e+01		8.6866805e+01		5.5829485e-01
2.7000000e+02		2.7100000e+02		2.7050000e+02		1.8181465e+02		5.8340947e+01		2.0248652e+02		1.0126818e+02		1.0056121e+02		7.0697400e-01
2.7100000e+02		2.7200000e+02		2.7150000e+02		1.5108640e+02		4.8605491e+01		1.6872272e+02		8.4386051e+01		8.3743175e+01		6.4287603e-01
2.7200000e+02		2.7300000e+02		2.7250000e+02		1.2154404e+02		3.9178381e+01		1.3602046e+02		6.8033605e+01		6.7469001e+01		5.6460430e-01
2.7300000e+02		2.7400000e+02		2.7350000e+02		1.2960124e+02		4.1882859e+01		1.4543454e+02		7.2746311e+01		7.2089858e+01		6.5645325e-01
2.7400000e+02		2.7500000e+02		2.7450000e+02		8.9183780e+01		2.8905926e+01		1.0039128e+02		5.0218743e+01		4.9726702e+01		4.9204161e-01
2.7500000e+02		2.7600000e+02		2.7550000e+02		1.1893609e+02		3.8619981e+01		1.3415384e+02		6.7112217e+01		6.6399591e+01		7.1262550e-01
2.7600000e+02		2.7700000e+02		2.7650000e+02		1.6564211e+02		5.3911019e+01		1.8730746e+02		9.3709727e+01		9.2632932e+01		1.0767952e+00
2.7700000e+02		2.7800000e+02		2.7750000e+02		1.5837296e+02		5.1662660e+01		1.7953335e+02		8.9827298e+01		8.8712221e+01		1.1150770e+00
2.7800000e+02		2.7900000e+02		2.7850000e+02		1.0921797e+02		3.5705982e+01		1.2410947e+02		6.2101834e+01		6.1270214e+01		8.3161975e-01
2.7900000e+02		2.8000000e+02		2.7950000e+02		6.1368404e+01		2.0103779e+01		6.9894308e+01		3.4976822e+01		3.4472355e+01		5.0446638e-01
2.8000000e+02		2.8100000e+02		2.8050000e+02		6.7313201e+01		2.2101917e+01		7.6859771e+01		3.8466227e+01		3.7869534e+01		5.9669353e-01
2.8100000e+02		2.8200000e+02		2.8150000e+02		1.3943196e+02		4.5872428e+01		1.5956239e+02		7.9864901e+01		7.8534596e+01		1.3303049e+00
2.8200000e+02		2.8300000e+02		2.8250000e+02		1.8983287e+02		6.2574350e+01		2.1771614e+02		1.0898440e+02		1.0703691e+02		1.9474869e+00
2.8300000e+02		2.8400000e+02		2.8350000e+02		1.9610227e+02		6.4738991e+01		2.2530969e+02		1.1279891e+02		1.1064053e+02		2.1583852e+00
2.8400000e+02		2.8500000e+02		2.8450000e+02		1.4459284e+02		4.7829215e+01		1.6650699e+02		8.3370486e+01		8.1664128e+01		1.7063578e+00
2.8500000e+02		2.8600000e+02		2.8550000e+02		9.2944992e+01		3.0795248e+01		1.0723908e+02		5.3702084e+01		5.2528158e+01		1.1739265e+00
2.8600000e+02		2.8700000e+02		2.8650000e+02		1.9045522e+02		6.3195025e+01		2.2013455e+02		1.1025245e+02		1.0768104e+02		2.5714088e+00
2.8700000e+02		2.8800000e+02		2.8750000e+02		2.2108403e+02		7.3480867e+01		2.5604746e+02		1.2825847e+02		1.2507150e+02		3.1869699e+00
2.8800000e+02		2.8900000e+02		2.8850000e+02		2.1010240e+02		6.9941002e+01		2.4379489e+02		1.2214049e+02		1.1891072e+02		3.2297687e+00
2.8900000e+02		2.9000000e+02		2.8950000e+02		3.1885068e+02		6.5858714e+01		2.3164148e+02		1.1532719e+02		1.1126523e+02		4.0619578e+00
2.9000000e+02		2.9100000e+02		2.9050000e+02		4.1860542e+02		5.8246780e+01		2.0730967e+02		1.0221691e+02		9.7915807e+01		4.3011057e+00
2.9100000e+02		2.9200000e+02		2.9150000e+02		4.0318642e+02		6.1167653e+01		2.1721303e+02		1.0739186e+02		1.0271627e+02		4.6755926e+00
2.9200000e+02		2.9300000e+02		2.9250000e+02		3.5818014e+02		5.9359696e+01		2.1033975e+02		1.0426152e+02		9.9582260e+01		4.6792638e+00
2.9300000e+02		2.9400000e+02		2.9350000e+02		3.7393440e+02		6.7958561e+01		2.4031652e+02		1.1940927e+02		1.1390867e+02		5.5005970e+00
2.9400000e+02		2.9500000e+02		2.9450000e+02		3.4819581e+02		6.9606111e+01		2.4566372e+02		1.2234260e+02		1.1658439e+02		5.7582050e+00
2.9500000e+02		2.9600000e+02		2.9550000e+02		3.7701055e+02		7.9955138e+01		2.8193928e+02		1.4059881e+02		1.3377005e+02		6.8287606e+00
2.9600000e+02		2.9700000e+02		2.9650000e+02		3.4493460e+02		7.4501745e+01		2.6274187e+02		1.3110063e+02		1.2444201e+02		6.6586145e+00
2.9700000e+02		2.9800000e+02		2.9750000e+02		3.5165811e+02		7.7413227e+01		2.7304655e+02		1.3632106e+02		1.2908835e+02		7.2327089e+00
2.9800000e+02		2.9900000e+02		2.9850000e+02		3.0223333e+02		6.7744419e+01		2.3898006e+02		1.1938200e+02		1.1277055e+02		6.6114525e+00
2.9900000e+02		3.0000000e+02		2.9950000e+02		3.4101318e+02		7.7895587e+01		2.7483507e+02		1.3737314e+02		1.2944019e+02		7.9329517e+00
3.0000000e+02		3.0100000e+02		3.0050000e+02		2.7131061e+02		6.3086453e+01		2.2262571e+02		1.1134149e+02		1.0464173e+02		6.6997519e+00
3.0100000e+02		3.0200000e+02		3.0150000e+02		3.1202593e+02		7.3919008e+01		2.6090381e+02		1.3056147e+02		1.2238295e+02		8.1785256e+00
3.0200000e+02		3.0300000e+02		3.0250000e+02		3.2846528e+02		7.9165916e+01		2.7948302e+02		1.3994044e+02		1.3082104e+02		9.1194037e+00
3.0300000e+02		3.0400000e+02		3.0350000e+02		4.2601061e+02		1.0458926e+02		3.6931806e+02		1.8503062e+02		1.7249866e+02		1.2531961e+01
3.0400000e+02		3.0500000e+02		3.0450000e+02		4.0776836e+02		1.0183432e+02		3.5967572e+02		1.8030582e+02		1.6762227e+02		1.2683545e+01
3.0500000e+02		3.0600000e+02		3.0550000e+02		4.1174793e+02		1.0446837e+02		3.6909045e+02		1.8512887e+02		1.7160246e+02		1.3526406e+01
3.0600000e+02		3.0700000e+02		3.0650000e+02		3.9053943e+02		1.0029136e+02		3.5446507e+02		1.7788689e+02		1.6438370e+02		1.3503193e+01
3.0700000e+02		3.0800000e+02		3.0750000e+02		4.3847484e+02		1.1408495e+02		4.0337011e+02		2.0253820e+02		1.8657784e+02		1.5960362e+01
3.0800000e+02		3.0900000e+02		3.0850000e+02		4.3035211e+02		1.1334271e+02		4.0090380e+02		2.0140874e+02		1.8494371e+02		1.6465030e+01
3.0900000e+02		3.1000000e+02		3.0950000e+02		3.4901328e+02		9.3092246e+01		3.2940878e+02		1.6558134e+02		1.5154904e+02		1.4032302e+01
3.1000000e+02		3.1100000e+02		3.1050000e+02		4.3927411e+02		1.1048481e+02		3.9178633e+02		1.9685355e+02		1.7911212e+02		1.7741430e+01
3.1100000e+02		3.1200000e+02		3.1150000e+02		5.2246540e+02		1.1643119e+02		4.1451876e+02		2.0793685e+02		1.8766146e+02		2.0275387e+01
3.1200000e+02		3.1300000e+02		3.1250000e+02		4.6521908e+02		9.2701727e+01		3.3141198e+02		1.6592612e+02		1.4859274e+02		1.7333379e+01
3.1300000e+02		3.1400000e+02		3.1350000e+02		4.9544367e+02		8.8931005e+01		3.1931254e+02		1.5951106e+02		1.4180262e+02		1.7708446e+01
3.1400000e+02		3.1500000e+02		3.1450000e+02		4.6729179e+02		7.6035645e+01		2.7424543e+02		1.3665169e+02		1.2063700e+02		1.6014689e+01
3.1500000e+02		3.1600000e+02		3.1550000e+02		4.5343123e+02		7.1723505e+01		2.5922370e+02		1.2909445e+02		1.1336550e+02		1.5728942e+01
3.1600000e+02		3.1700000e+02		3.1650000e+02		4.4229406e+02		7.2686335e+01		2.6256525e+02		1.3096956e+02		1.1457004e+02		1.6399515e+01
3.1700000e+02		3.1800000e+02		3.1750000e+02		5.6102832e+02		9.5809653e+01		3.4591760e+02		1.7282030e+02		1.5060212e+02		2.2218187e+01
3.1800000e+02		3.1900000e+02		3.1850000e+02		4.6340678e+02		8.2267640e+01		2.9687850e+02		1.4855200e+02		1.2896145e+02		1.9590551e+01
3.1900000e+02		3.2000000e+02		3.1950000e+02		4.9774832e+02		9.1887524e+01		3.3143547e+02		1.6609795e+02		1.4365032e+02		2.2447639e+01
3.2000000e+02		3.2100000e+02		3.2050000e+02		5.7184857e+02		1.0859464e+02		3.9167249e+02		1.9652289e+02		1.6926718e+02		2.7255710e+01
3.2100000e+02		3.2200000e+02		3.2150000e+02		4.8024660e+02		9.2777818e+01		3.3474097e+02		1.6810988e+02		1.4414326e+02		2.3966620e+01
3.2200000e+02		3.2300000e+02		3.2250000e+02		4.8228681e+02		9.4779782e+01		3.4208428e+02		1.7195418e+02		1.4676952e+02		2.5184656e+01
3.2300000e+02		3.2400000e+02		3.2350000e+02		4.6607071e+02		9.3173427e+01		3.3640760e+02		1.6925520e+02		1.4380123e+02		2.5453971e+01
3.2400000e+02		3.2500000e+02		3.2450000e+02		5.4882129e+02		1.1160254e+02		4.0309423e+02		2.0299264e+02		1.7166411e+02		3.1328527e+01
3.2500000e+02		3.2600000e+02		3.2550000e+02		6.3196128e+02		1.2355301e+02		4.4733532e+02		2.2515620e+02		1.8909272e+02		3.6063478e+01
3.2600000e+02		3.2700000e+02		3.2650000e+02		7.1301257e+02		1.2714937e+02		4.6246187e+02		2.3226482e+02		1.9335810e+02		3.8906719e+01
3.2700000e+02		3.2800000e+02		3.2750000e+02		6.8984049e+02		1.1268705e+02		4.1179456e+02		2.0630795e+02		1.7033449e+02		3.5973458e+01
3.2800000e+02		3.2900000e+02		3.2850000e+02		6.6596082e+02		1.0001378e+02		3.6726133e+02		1.8349049e+02		1.5031882e+02		3.3171666e+01
3.2900000e+02		3.3000000e+02		3.2950000e+02		7.7527139e+02		1.0737345e+02		3.9626476e+02		1.9738119e+02		1.6051339e+02		3.6867796e+01
3.3000000e+02		3.3100000e+02		3.3050000e+02		7.3029799e+02		1.0375222e+02		3.8286915e+02		1.9100237e+02		1.5447936e+02		3.6523009e+01
3.3100000e+02		3.3200000e+02		3.3150000e+02		6.9881652e+02		1.1351811e+02		4.1676874e+02		2.0914371e+02		1.6865647e+02		4.0487238e+01
3.3200000e+02		3.3300000e+02		3.3250000e+02		6.8562051e+02		1.2818406e+02		4.6830186e+02		2.3625026e+02		1.9025342e+02		4.5996840e+01
3.3300000e+02		3.3400000e+02		3.3350000e+02		6.5878216e+02		1.4289898e+02		5.1958474e+02		2.6333203e+02		2.1217988e+02		5.1152147e+01
3.3400000e+02		3.3500000e+02		3.3450000e+02		6.9405546e+02		1.7642871e+02		6.3854776e+02		3.2486956e+02		2.6252498e+02		6.2344574e+01
3.3500000e+02		3.3600000e+02		3.3550000e+02		6.8541663e+02		1.9196599e+02		6.9325026e+02		3.5343941e+02		2.8573353e+02		6.7705885e+01
3.3600000e+02		3.3700000e+02		3.3650000e+02		5.6469084e+02		1.6234828e+02		5.8635721e+02		2.9923294e+02		2.4092459e+02		5.8308354e+01
3.3700000e+02		3.3800000e+02		3.3750000e+02		5.9573781e+02		1.7583678e+02		6.3514424e+02		3.2444115e+02		2.6016717e+02		6.4273981e+01
3.3800000e+02		3.3900000e+02		3.3850000e+02		6.4448401e+02		1.9531654e+02		7.0558428e+02		3.6076379e+02		2.8814090e+02		7.2622889e+01
3.3900000e+02		3.4000000e+02		3.3950000e+02		6.7448220e+02		2.0990663e+02		7.5837136e+02		3.8811463e+02		3.0876771e+02		7.9346916e+01
3.4000000e+02		3.4100000e+02		3.4050000e+02		7.1196374e+02		2.2270165e+02		8.0521790e+02		4.1238602e+02		3.2621903e+02		8.6166992e+01
3.4100000e+02		3.4200000e+02		3.4150000e+02		6.4984945e+02		2.0000115e+02		7.2418632e+02		3.7107806e+02		2.9134250e+02		7.9735556e+01
3.4200000e+02		3.4300000e+02		3.4250000e+02		7.0477558e+02		2.1348162e+02		7.7412546e+02		3.9687036e+02		3.0923606e+02		8.7634306e+01
3.4300000e+02		3.4400000e+02		3.4350000e+02		6.9264465e+02		2.0655656e+02		7.5011527e+02		3.8475597e+02		2.9750908e+02		8.7246899e+01
3.4400000e+02		3.4500000e+02		3.4450000e+02		5.5710877e+02		1.6361004e+02		5.9503440e+02		3.0536340e+02		2.3430230e+02		7.1061102e+01
3.4500000e+02		3.4600000e+02		3.4550000e+02		6.7138909e+02		1.9767040e+02		7.1954557e+02		3.6952756e+02		2.8175414e+02		8.7773420e+01
3.4600000e+02		3.4700000e+02		3.4650000e+02		6.5194093e+02		1.9586281e+02		7.1316487e+02		3.6659605e+02		2.7817831e+02		8.8417745e+01
3.4700000e+02		3.4800000e+02		3.4750000e+02		6.4525828e+02		1.9781961e+02		7.2048855e+02		3.7070713e+02		2.7995603e+02		9.0751097e+01
3.4800000e+02		3.4900000e+02		3.4850000e+02		6.6761091e+02		2.0886592e+02		7.6092795e+02		3.9187715e+02		2.9454038e+02		9.7336774e+01
3.4900000e+02		3.5000000e+02		3.4950000e+02		6.3989005e+02		2.0430305e+02		7.4450443e+02		3.8377139e+02		2.8708971e+02		9.6681686e+01
3.5000000e+02		3.5100000e+02		3.5050000e+02		7.6650484e+02		2.5637347e+02		9.3368208e+02		4.8182908e+02		3.5970965e+02		1.2211943e+02
3.5100000e+02		3.5200000e+02		3.5150000e+02		7.1211510e+02		2.4679342e+02		8.9860605e+02		4.6420946e+02		3.4540824e+02		1.1880122e+02
3.5200000e+02		3.5300000e+02		3.5250000e+02		6.5785102e+02		2.2814148e+02		8.3145003e+02		4.2983627e+02		3.1771716e+02		1.1211911e+02
3.5300000e+02		3.5400000e+02		3.5350000e+02		7.5263834e+02		2.6119061e+02		9.5276613e+02		4.9292065e+02		3.6191785e+02		1.3100280e+02
3.5400000e+02		3.5500000e+02		3.5450000e+02		8.0329241e+02		2.7895912e+02		1.0185134e+03		5.2733028e+02		3.8458117e+02		1.4274910e+02
3.5500000e+02		3.5600000e+02		3.5550000e+02		7.5433512e+02		2.6213679e+02		9.5797052e+02		4.9635762e+02		3.5954212e+02		1.3681550e+02
3.5600000e+02		3.5700000e+02		3.5650000e+02		6.5576441e+02		2.2803908e+02		8.3412630e+02		4.3251604e+02		3.1116090e+02		1.2135514e+02
3.5700000e+02		3.5800000e+02		3.5750000e+02		5.7307986e+02		1.9942304e+02		7.3012389e+02		3.7887503e+02		2.7069792e+02		1.0817711e+02
3.5800000e+02		3.5900000e+02		3.5850000e+02		4.9194729e+02		1.7130830e+02		6.2776714e+02		3.2600787e+02		2.3131405e+02		9.4693812e+01
3.5900000e+02		3.6000000e+02		3.5950000e+02		7.1030971e+02		2.4751874e+02		9.0787769e+02		4.7183255e+02		3.3244990e+02		1.3938265e+02
3.6000000e+02		3.6100000e+02		3.6050000e+02		7.0092701e+02		2.4441870e+02		8.9733133e+02		4.6670807e+02		3.2653356e+02		1.4017452e+02
3.6100000e+02		3.6200000e+02		3.6150000e+02		6.5110481e+02		2.2720326e+02		8.3489545e+02		4.3456756e+02		3.0190081e+02		1.3266675e+02
3.6200000e+02		3.6300000e+02		3.6250000e+02		7.3500056e+02		2.5665753e+02		9.4399691e+02		4.9173284e+02		3.3918877e+02		1.5254407e+02
3.6300000e+02		3.6400000e+02		3.6350000e+02		7.1558904e+02		2.5005373e+02		9.2055284e+02		4.7988966e+02		3.2865496e+02		1.5123470e+02
3.6400000e+02		3.6500000e+02		3.6450000e+02		7.4837927e+02		2.6169490e+02		9.6429347e+02		5.0307932e+02		3.4206093e+02		1.6101839e+02
3.6500000e+02		3.6600000e+02		3.6550000e+02		8.5179486e+02		2.9806632e+02		1.0993224e+03		5.7396755e+02		3.8744023e+02		1.8652732e+02
3.6600000e+02		3.6700000e+02		3.6650000e+02		9.1042532e+02		3.1880640e+02		1.1768932e+03		6.1494271e+02		4.1208327e+02		2.0285943e+02
3.6700000e+02		3.6800000e+02		3.6750000e+02		8.7909512e+02		3.0805182e+02		1.1382329e+03		5.9520201e+02		3.9594122e+02		1.9926079e+02
3.6800000e+02		3.6900000e+02		3.6850000e+02		8.1047729e+02		2.8420670e+02		1.0510864e+03		5.5005679e+02		3.6322303e+02		1.8683376e+02
3.6900000e+02		3.7000000e+02		3.6950000e+02		8.9967825e+02		3.1570867e+02		1.1686561e+03		6.1205694e+02		4.0118173e+02		2.1087521e+02
3.7000000e+02		3.7100000e+02		3.7050000e+02		8.4427990e+02		2.9647754e+02		1.0984681e+03		5.7574286e+02		3.7458100e+02		2.0116186e+02
3.7100000e+02		3.7200000e+02		3.7150000e+02		8.7164560e+02		3.0630321e+02		1.1359047e+03		5.9582536e+02		3.8475891e+02		2.1106645e+02
3.7200000e+02		3.7300000e+02		3.7250000e+02		7.2411383e+02		2.5463895e+02		9.4516802e+02		4.9616030e+02		3.1800174e+02		1.7815856e+02
3.7300000e+02		3.7400000e+02		3.7350000e+02		6.3155746e+02		2.2224772e+02		8.2568512e+02		4.3377365e+02		2.7592693e+02		1.5784672e+02
3.7400000e+02		3.7500000e+02		3.7450000e+02		6.4642322e+02		2.2763964e+02		8.4648065e+02		4.4504223e+02		2.8095814e+02		1.6408409e+02
3.7500000e+02		3.7600000e+02		3.7550000e+02		7.4036161e+02		2.6090434e+02		9.7104966e+02		5.1092930e+02		3.2010846e+02		1.9082083e+02
3.7600000e+02		3.7700000e+02		3.7650000e+02		7.6758018e+02		2.7068711e+02		1.0083648e+03		5.3097226e+02		3.3013447e+02		2.0083779e+02
3.7700000e+02		3.7800000e+02		3.7750000e+02		9.0048278e+02		3.1777925e+02		1.1848529e+03		6.2438576e+02		3.8524941e+02		2.3913634e+02
3.7800000e+02		3.7900000e+02		3.7850000e+02		9.3786543e+02		3.3120493e+02		1.2360139e+03		6.5184714e+02		3.9910978e+02		2.5273736e+02
3.7900000e+02		3.8000000e+02		3.7950000e+02		7.6051322e+02		2.6876269e+02		1.0038804e+03		5.2983140e+02		3.2190661e+02		2.0792480e+02
3.8000000e+02		3.8100000e+02		3.8050000e+02		8.2814537e+02		2.9286972e+02		1.0948954e+03		5.7831048e+02		3.4864804e+02		2.2966244e+02
3.8100000e+02		3.8200000e+02		3.8150000e+02		7.4366886e+02		2.6318001e+02		9.8477020e+02		5.2054150e+02		3.1138971e+02		2.0915179e+02
3.8200000e+02		3.8300000e+02		3.8250000e+02		5.3336093e+02		1.8888592e+02		7.0739836e+02		3.7421036e+02		2.2211432e+02		1.5209603e+02
3.8300000e+02		3.8400000e+02		3.8350000e+02		4.7073026e+02		1.6682272e+02		6.2531770e+02		3.3104192e+02		1.9495983e+02		1.3608209e+02
3.8400000e+02		3.8500000e+02		3.8450000e+02		6.2969557e+02		2.2331506e+02		8.3780541e+02		4.4386932e+02		2.5936322e+02		1.8450609e+02
3.8500000e+02		3.8600000e+02		3.8550000e+02		6.6694888e+02		2.3669210e+02		8.8876520e+02		4.7122445e+02		2.7318848e+02		1.9803596e+02
3.8600000e+02		3.8700000e+02		3.8650000e+02		6.6977732e+02		2.3786197e+02		8.9393280e+02		4.7432228e+02		2.7282235e+02		2.0149993e+02
3.8700000e+02		3.8800000e+02		3.8750000e+02		6.6902499e+02		2.3776051e+02		8.9432345e+02		4.7488688e+02		2.7099377e+02		2.0389311e+02
3.8800000e+02		3.8900000e+02		3.8850000e+02		6.7841027e+02		2.4126374e+02		9.0828127e+02		4.8266053e+02		2.7325294e+02		2.0940759e+02
3.8900000e+02		3.9000000e+02		3.8950000e+02		8.1451188e+02		2.8986696e+02		1.0921915e+03		5.8082463e+02		3.2622221e+02		2.5460242e+02
3.9000000e+02		3.9100000e+02		3.9050000e+02		8.5560997e+02		3.0470400e+02		1.1490749e+03		6.1153073e+02		3.4074067e+02		2.7079006e+02
3.9100000e+02		3.9200000e+02		3.9150000e+02		9.2006232e+02		3.2788377e+02		1.2375379e+03		6.5909953e+02		3.6432255e+02		2.9477698e+02
3.9200000e+02		3.9300000e+02		3.9250000e+02		7.0614281e+02		2.5182269e+02		9.5126191e+02		5.0700703e+02		2.7801668e+02		2.2899035e+02
3.9300000e+02		3.9400000e+02		3.9350000e+02		4.3291589e+02		1.5449156e+02		5.8408345e+02		3.1153649e+02		1.6946514e+02		1.4207135e+02
3.9400000e+02		3.9500000e+02		3.9450000e+02		7.1565803e+02		2.5556709e+02		9.6702604e+02		5.1616800e+02		2.7852883e+02		2.3763917e+02
3.9500000e+02		3.9600000e+02		3.9550000e+02		8.7888136e+02		3.1407039e+02		1.1893824e+03		6.3531923e+02		3.4007292e+02		2.9524631e+02
3.9600000e+02		3.9700000e+02		3.9650000e+02		6.0712893e+02		2.1708498e+02		8.2276580e+02		4.3979254e+02		2.3358251e+02		2.0621003e+02
3.9700000e+02		3.9800000e+02		3.9750000e+02		6.8053003e+02		2.4345648e+02		9.2347947e+02		4.9398134e+02		2.6025514e+02		2.3372620e+02
3.9800000e+02		3.9900000e+02		3.9850000e+02		1.0480559e+03		3.7497741e+02		1.4235617e+03		7.6202088e+02		3.9821845e+02		3.6380243e+02
3.9900000e+02		4.0000000e+02		3.9950000e+02		1.1577145e+03		4.1421034e+02		1.5738332e+03		8.4305534e+02		4.3696687e+02		4.0608846e+02
4.0000000e+02		4.0100000e+02		4.0050000e+02		1.1939713e+03		4.2808869e+02		1.6277922e+03		8.7261525e+02		4.4867657e+02		4.2393868e+02
4.0100000e+02		4.0200000e+02		4.0150000e+02		1.2509583e+03		4.4885425e+02		1.7081579e+03		9.1637901e+02		4.6723638e+02		4.4914263e+02
4.0200000e+02		4.0300000e+02		4.0250000e+02		1.2664199e+03		4.5470657e+02		1.7318163e+03		9.2972949e+02		4.7019731e+02		4.5953219e+02
4.0300000e+02		4.0400000e+02		4.0350000e+02		1.2115903e+03		4.3531063e+02		1.6592651e+03		8.9140842e+02		4.4715464e+02		4.4425379e+02
4.0400000e+02		4.0500000e+02		4.0450000e+02		1.1914959e+03		4.2837586e+02		1.6341255e+03		8.7851864e+02		4.3710440e+02		4.4141424e+02
4.0500000e+02		4.0600000e+02		4.0550000e+02		1.1904731e+03		4.2829196e+02		1.6350922e+03		8.7965193e+02		4.3410441e+02		4.4554753e+02
4.0600000e+02		4.0700000e+02		4.0650000e+02		1.1388815e+03		4.1000173e+02		1.5664909e+03		8.4333080e+02		4.1278758e+02		4.3054322e+02
4.0700000e+02		4.0800000e+02		4.0750000e+02		1.1575323e+03		4.1699033e+02		1.5944320e+03		8.5896594e+02		4.1700987e+02		4.4195607e+02
4.0800000e+02		4.0900000e+02		4.0850000e+02		1.2307397e+03		4.4365326e+02		1.6976943e+03		9.1522450e+02		4.4069326e+02		4.7453125e+02
4.0900000e+02		4.1000000e+02		4.0950000e+02		1.2243097e+03		4.4162355e+02		1.6912263e+03		9.1236051e+02		4.3572298e+02		4.7663753e+02
4.1000000e+02		4.1100000e+02		4.1050000e+02		1.1216634e+03		4.0486086e+02		1.5516256e+03		8.3761917e+02		3.9675543e+02		4.4086374e+02
4.1100000e+02		4.1200000e+02		4.1150000e+02		1.3003372e+03		4.6965653e+02		1.8013208e+03		9.7306978e+02		4.5714063e+02		5.1592916e+02
4.1200000e+02		4.1300000e+02		4.1250000e+02		1.2760342e+03		4.6117594e+02		1.7701285e+03		9.5686195e+02		4.4584320e+02		5.1101874e+02
4.1300000e+02		4.1400000e+02		4.1350000e+02		1.2308584e+03		4.4513440e+02		1.7098368e+03		9.2488774e+02		4.2741190e+02		4.9747584e+02
4.1400000e+02		4.1500000e+02		4.1450000e+02		1.2488872e+03		4.5194314e+02		1.7372829e+03		9.4035765e+02		4.3099600e+02		5.0936165e+02
4.1500000e+02		4.1600000e+02		4.1550000e+02		1.2477523e+03		4.5181978e+02		1.7380934e+03		9.4141706e+02		4.2794005e+02		5.1347702e+02
4.1600000e+02		4.1700000e+02		4.1650000e+02		1.2947363e+03		4.6912979e+02		1.8060083e+03		9.7884313e+02		4.4130164e+02		5.3754149e+02
4.1700000e+02		4.1800000e+02		4.1750000e+02		1.1781342e+03		4.2714923e+02		1.6455942e+03		8.9247955e+02		3.9906697e+02		4.9341258e+02
4.1800000e+02		4.1900000e+02		4.1850000e+02		1.2217101e+03		4.4321922e+02		1.7087191e+03		9.2729530e+02		4.1131347e+02		5.1598183e+02
4.1900000e+02		4.2000000e+02		4.1950000e+02		1.2338424e+03		4.4790777e+02		1.7280625e+03		9.3841752e+02		4.1273330e+02		5.2568422e+02
4.2000000e+02		4.2100000e+02		4.2050000e+02		1.2494927e+03		4.5387152e+02		1.7523250e+03		9.5220294e+02		4.1534709e+02		5.3685585e+02
4.2100000e+02		4.2200000e+02		4.2150000e+02		1.2299982e+03		4.4706663e+02		1.7272785e+03		9.3918923e+02		4.0630077e+02		5.3288846e+02
4.2200000e+02		4.2300000e+02		4.2250000e+02		1.1657134e+03		4.2396189e+02		1.6391669e+03		8.9184219e+02		3.8264382e+02		5.0919838e+02
4.2300000e+02		4.2400000e+02		4.2350000e+02		1.2419943e+03		4.5198138e+02		1.7487230e+03		9.5204651e+02		4.0511329e+02		5.4693322e+02
4.2400000e+02		4.2500000e+02		4.2450000e+02		1.2850442e+03		4.6793289e+02		1.8116989e+03		9.8694669e+02		4.1650791e+02		5.7043877e+02
4.2500000e+02		4.2600000e+02		4.2550000e+02		1.2367256e+03		4.5061128e+02		1.7458397e+03		9.5165770e+02		3.9831011e+02		5.5334759e+02
4.2600000e+02		4.2700000e+02		4.2650000e+02		1.2316584e+03		4.4903566e+02		1.7409282e+03		9.4956387e+02		3.9416281e+02		5.5540106e+02
4.2700000e+02		4.2800000e+02		4.2750000e+02		1.1420512e+03		4.1661664e+02		1.6163382e+03		8.8214642e+02		3.6316425e+02		5.1898217e+02
4.2800000e+02		4.2900000e+02		4.2850000e+02		1.1495483e+03		4.1960181e+02		1.6290202e+03		8.8960705e+02		3.6322168e+02		5.2638537e+02
4.2900000e+02		4.3000000e+02		4.2950000e+02		1.0698649e+03		3.9074802e+02		1.5180191e+03		8.2948876e+02		3.3588881e+02		4.9359995e+02
4.3000000e+02		4.3100000e+02		4.3050000e+02		8.6065012e+02		3.1452183e+02		1.2227016e+03		6.6851853e+02		2.6847908e+02		4.0003946e+02
4.3100000e+02		4.3200000e+02		4.3150000e+02		1.0641754e+03		3.8912783e+02		1.5137324e+03		8.2813276e+02		3.2984472e+02		4.9828803e+02
4.3200000e+02		4.3300000e+02		4.3250000e+02		1.1990384e+03		4.3869802e+02		1.7076840e+03		9.3479083e+02		3.6926431e+02		5.6552652e+02
4.3300000e+02		4.3400000e+02		4.3350000e+02		1.3017454e+03		4.7655249e+02		1.8562458e+03		1.0167091e+03		3.9832149e+02		6.1838757e+02
4.3400000e+02		4.3500000e+02		4.3450000e+02		1.1054356e+03		4.0491962e+02		1.5782448e+03		8.6494414e+02		3.3607811e+02		5.2886602e+02
4.3500000e+02		4.3600000e+02		4.3550000e+02		1.2347447e+03		4.5254505e+02		1.7650055e+03		9.6785530e+02		3.7297425e+02		5.9488105e+02
4.3600000e+02		4.3700000e+02		4.3650000e+02		1.3814970e+03		5.0662012e+02		1.9771668e+03		1.0848171e+03		4.1461255e+02		6.7020458e+02
4.3700000e+02		4.3800000e+02		4.3750000e+02		1.2223713e+03		4.4852025e+02		1.7515295e+03		9.6156307e+02		3.6448732e+02		5.9707575e+02
4.3800000e+02		4.3900000e+02		4.3850000e+02		1.1905029e+03		4.3707338e+02		1.7078992e+03		9.3814035e+02		3.5268963e+02		5.8545073e+02
4.3900000e+02		4.4000000e+02		4.3950000e+02		1.3250738e+03		4.8675108e+02		1.9032013e+03		1.0460032e+03		3.9002144e+02		6.5598172e+02
4.4000000e+02		4.4100000e+02		4.4050000e+02		1.2562739e+03		4.6173212e+02		1.8064819e+03		9.9338910e+02		3.6740594e+02		6.2598316e+02
4.4100000e+02		4.4200000e+02		4.4150000e+02		1.3817384e+03		5.0732978e+02		1.9862169e+03		1.0927557e+03		4.0086220e+02		6.9189348e+02
4.4200000e+02		4.4300000e+02		4.4250000e+02		1.4526378e+03		5.3321962e+02		2.0889346e+03		1.1498750e+03		4.1829532e+02		7.3157967e+02
4.4300000e+02		4.4400000e+02		4.4350000e+02		1.4050936e+03		5.1599059e+02		2.0226719e+03		1.1140027e+03		4.0191799e+02		7.1208475e+02
4.4400000e+02		4.4500000e+02		4.4450000e+02		1.4475318e+03		5.3047385e+02		2.0809764e+03		1.1466627e+03		4.1009346e+02		7.3656921e+02
4.4500000e+02		4.4600000e+02		4.4550000e+02		1.3420773e+03		4.9214723e+02		1.9317646e+03		1.0650164e+03		3.7778552e+02		6.8723083e+02
4.4600000e+02		4.4700000e+02		4.4650000e+02		1.3689269e+03		5.0401790e+02		1.9791686e+03		1.0918232e+03		3.8440072e+02		7.0742246e+02
4.4700000e+02		4.4800000e+02		4.4750000e+02		1.4837056e+03		5.4699401e+02		2.1491009e+03		1.1862190e+03		4.1427651e+02		7.7194251e+02
4.4800000e+02		4.4900000e+02		4.4850000e+02		1.4587166e+03		5.3842381e+02		2.1165978e+03		1.1689213e+03		4.0491069e+02		7.6401061e+02
4.4900000e+02		4.5000000e+02		4.4950000e+02		1.4737837e+03		5.4432188e+02		2.1410391e+03		1.1830646e+03		4.0635759e+02		7.7670706e+02
4.5000000e+02		4.5100000e+02		4.5050000e+02		1.5636828e+03		5.7783022e+02		2.2741478e+03		1.2572713e+03		4.2829753e+02		8.2897379e+02
4.5100000e+02		4.5200000e+02		4.5150000e+02		1.5589734e+03		5.7639017e+02		2.2697668e+03		1.2554919e+03		4.2420748e+02		8.3128437e+02
4.5200000e+02		4.5300000e+02		4.5250000e+02		1.4757889e+03		5.4591741e+02		2.1509776e+03		1.1903898e+03		3.9893680e+02		7.9145299e+02
4.5300000e+02		4.5400000e+02		4.5350000e+02		1.4141855e+03		5.2339852e+02		2.0634017e+03		1.1424994e+03		3.7977310e+02		7.6272635e+02
4.5400000e+02		4.5500000e+02		4.5450000e+02		1.5096596e+03		5.5901970e+02		2.2050518e+03		1.2215415e+03		4.0274732e+02		8.1879420e+02
4.5500000e+02		4.5600000e+02		4.5550000e+02		1.4952815e+03		5.5397679e+02		2.1863603e+03		1.2117881e+03		3.9628746e+02		8.1550063e+02
4.5600000e+02		4.5700000e+02		4.5650000e+02		1.5527317e+03		5.7555142e+02		2.2727458e+03		1.2602875e+03		4.0880434e+02		8.5148319e+02
4.5700000e+02		4.5800000e+02		4.5750000e+02		1.5677329e+03		5.8140326e+02		2.2970945e+03		1.2744118e+03		4.1003500e+02		8.6437679e+02
4.5800000e+02		4.5900000e+02		4.5850000e+02		1.4734199e+03		5.4669886e+02		2.1611373e+03		1.1995649e+03		3.8282770e+02		8.1673716e+02
4.5900000e+02		4.6000000e+02		4.5950000e+02		1.5222067e+03		5.6508020e+02		2.2349879e+03		1.2411531e+03		3.9289516e+02		8.4825796e+02
4.6000000e+02		4.6100000e+02		4.6050000e+02		1.5039223e+03		5.5856699e+02		2.2103925e+03		1.2280802e+03		3.8561419e+02		8.4246599e+02
4.6100000e+02		4.6200000e+02		4.6150000e+02		1.5386000e+03		5.7172552e+02		2.2636479e+03		1.2582638e+03		3.9190101e+02		8.6636282e+02
4.6200000e+02		4.6300000e+02		4.6250000e+02		1.5538294e+03		5.7766462e+02		2.2883498e+03		1.2725918e+03		3.9316553e+02		8.7942623e+02
4.6300000e+02		4.6400000e+02		4.6350000e+02		1.5018384e+03		5.5860500e+02		2.2139866e+03		1.2318106e+03		3.7749847e+02		8.5431211e+02
4.6400000e+02		4.6500000e+02		4.6450000e+02		1.5281564e+03		5.6866592e+02		2.2550132e+03		1.2552166e+03		3.8157353e+02		8.7364303e+02
4.6500000e+02		4.6600000e+02		4.6550000e+02		1.4760608e+03		5.4954092e+02		2.1802777e+03		1.2141726e+03		3.6612703e+02		8.4804557e+02
4.6600000e+02		4.6700000e+02		4.6650000e+02		1.4854121e+03		5.5328352e+02		2.1962289e+03		1.2236118e+03		3.6600798e+02		8.5760378e+02
4.6700000e+02		4.6800000e+02		4.6750000e+02		1.4997486e+03		5.5869182e+02		2.2187962e+03		1.2366902e+03		3.6709017e+02		8.6960004e+02
4.6800000e+02		4.6900000e+02		4.6850000e+02		1.4665907e+03		5.4667621e+02		2.1721362e+03		1.2112334e+03		3.5664958e+02		8.5458377e+02
4.6900000e+02		4.7000000e+02		4.6950000e+02		1.5086728e+03		5.6239350e+02		2.2357243e+03		1.2472246e+03		3.6429689e+02		8.8292768e+02
4.7000000e+02		4.7100000e+02		4.7050000e+02		1.4256243e+03		5.3153118e+02		2.1140923e+03		1.1798789e+03		3.4185423e+02		8.3802465e+02
4.7100000e+02		4.7200000e+02		4.7150000e+02		1.4904926e+03		5.5578478e+02		2.2116620e+03		1.2348584e+03		3.5490332e+02		8.7995505e+02
4.7200000e+02		4.7300000e+02		4.7250000e+02		1.5269264e+03		5.6963774e+02		2.2678699e+03		1.2667904e+03		3.6117482e+02		9.0561554e+02
4.7300000e+02		4.7400000e+02		4.7350000e+02		1.4995420e+03		5.5917626e+02		2.2273819e+03		1.2446752e+03		3.5197516e+02		8.9270002e+02
4.7400000e+02		4.7500000e+02		4.7450000e+02		1.5448084e+03		5.7707161e+02		2.2995859e+03		1.2856235e+03		3.6075032e+02		9.2487318e+02
4.7500000e+02		4.7600000e+02		4.7550000e+02		1.5413846e+03		5.7648563e+02		2.2982524e+03		1.2854717e+03		3.5780829e+02		9.2766339e+02
4.7600000e+02		4.7700000e+02		4.7650000e+02		1.4853490e+03		5.5578056e+02		2.2167564e+03		1.2404302e+03		3.4243997e+02		8.9799020e+02
4.7700000e+02		4.7800000e+02		4.7750000e+02		1.5508368e+03		5.8053832e+02		2.3165657e+03		1.2968192e+03		3.5516482e+02		9.4165440e+02
4.7800000e+02		4.7900000e+02		4.7850000e+02		1.5358791e+03		5.7518881e+02		2.2962630e+03		1.2859835e+03		3.4940459e+02		9.3657892e+02
4.7900000e+02		4.8000000e+02		4.7950000e+02		1.5403519e+03		5.7711269e+02		2.3049825e+03		1.2913945e+03		3.4809589e+02		9.4329858e+02
4.8000000e+02		4.8100000e+02		4.8050000e+02		1.5442750e+03		5.7883033e+02		2.3128768e+03		1.2963427e+03		3.4666552e+02		9.4967719e+02
4.8100000e+02		4.8200000e+02		4.8150000e+02		1.5475498e+03		5.8030449e+02		2.3197957e+03		1.3007436e+03		3.4509400e+02		9.5564956e+02
4.8200000e+02		4.8300000e+02		4.8250000e+02		1.5416562e+03		5.7833860e+02		2.3129539e+03		1.2974245e+03		3.4149706e+02		9.5592744e+02
4.8300000e+02		4.8400000e+02		4.8350000e+02		1.5183412e+03		5.6980062e+02		2.2797750e+03		1.2792882e+03		3.3418378e+02		9.4510446e+02
4.8400000e+02		4.8500000e+02		4.8450000e+02		1.4920771e+03		5.5995313e+02		2.2413813e+03		1.2582106e+03		3.2610547e+02		9.3210514e+02
4.8500000e+02		4.8600000e+02		4.8550000e+02		1.4021236e+03		5.2590213e+02		2.1060928e+03		1.1826857e+03		3.0407024e+02		8.7861545e+02
4.8600000e+02		4.8700000e+02		4.8650000e+02		1.2173217e+03		4.5719617e+02		1.8316345e+03		1.0289924e+03		2.6252013e+02		7.6647226e+02
4.8700000e+02		4.8800000e+02		4.8750000e+02		1.3927585e+03		5.2293323e+02		2.0959536e+03		1.1779052e+03		2.9812010e+02		8.7978515e+02
4.8800000e+02		4.8900000e+02		4.8850000e+02		1.4651201e+03		5.5034138e+02		2.2067270e+03		1.2406306e+03		3.1153818e+02		9.2909238e+02
4.8900000e+02		4.9000000e+02		4.8950000e+02		1.4372192e+03		5.4014819e+02		2.1667385e+03		1.2186126e+03		3.0362357e+02		9.1498906e+02
4.9000000e+02		4.9100000e+02		4.9050000e+02		1.5307557e+03		5.7577850e+02		2.3105634e+03		1.3000075e+03		3.2139601e+02		9.7861152e+02
4.9100000e+02		4.9200000e+02		4.9150000e+02		1.4425606e+03		5.4277174e+02		2.1790079e+03		1.2264393e+03		3.0083909e+02		9.2560018e+02
4.9200000e+02		4.9300000e+02		4.9250000e+02		1.3729411e+03		5.1712485e+02		2.0768248e+03		1.1693941e+03		2.8460088e+02		8.8479318e+02
4.9300000e+02		4.9400000e+02		4.9350000e+02		1.4509629e+03		5.4673941e+02		2.1966542e+03		1.2373318e+03		2.9873551e+02		9.3859626e+02
4.9400000e+02		4.9500000e+02		4.9450000e+02		1.4929449e+03		5.6278031e+02		2.2620127e+03		1.2746171e+03		3.0530542e+02		9.6931170e+02
4.9500000e+02		4.9600000e+02		4.9550000e+02		1.4663156e+03		5.5295462e+02		2.2233963e+03		1.2533057e+03		2.9787118e+02		9.5543449e+02
4.9600000e+02		4.9700000e+02		4.9650000e+02		1.4846220e+03		5.6007171e+02		2.2528945e+03		1.2703842e+03		2.9959038e+02		9.7079381e+02
4.9700000e+02		4.9800000e+02		4.9750000e+02		1.5123203e+03		5.7073699e+02		2.2966860e+03		1.2955336e+03		3.0315690e+02		9.9237667e+02
4.9800000e+02		4.9900000e+02		4.9850000e+02		1.3744029e+03		5.1887246e+02		2.0887610e+03		1.1786357e+03		2.7375274e+02		9.0488296e+02
4.9900000e+02		5.0000000e+02		4.9950000e+02		1.4721832e+03		5.5564732e+02		2.2377137e+03		1.2630806e+03		2.9112406e+02		9.7195654e+02
