Left Bin Edge (nm)	Right Bin Edge (nm)	Bin Center (nm)		Top of Atm Intensity (erg/s/nm/cm2)		Total Surface Flux (erg/s/nm/cm2)		Total Intensity at BOA (erg/s/nm/cm2)		Total Surface Intensity (erg/s/nm/cm2)		Total Surface Diffuse Intensity (erg/s/nm/cm2)		Total Surface Direct Intensity (erg/s/nm/cm2)
1.0000000e+02		1.0100000e+02		1.0050000e+02		4.4569042e-02		2.4525373e-199		0.0000000e+00		4.2479191e-199		4.2479191e-199		0.0000000e+00
1.0100000e+02		1.0200000e+02		1.0150000e+02		1.7387199e-01		2.8780736e-197		0.0000000e+00		4.9849697e-197		4.9849697e-197		0.0000000e+00
1.0200000e+02		1.0300000e+02		1.0250000e+02		9.2286085e-01		3.0760914e-195		0.0000000e+00		5.3279466e-195		5.3279466e-195		0.0000000e+00
1.0300000e+02		1.0400000e+02		1.0350000e+02		7.0094286e-01		3.0025215e-193		0.0000000e+00		5.2005198e-193		5.2005198e-193		0.0000000e+00
1.0400000e+02		1.0500000e+02		1.0450000e+02		1.4124828e-01		2.6834650e-191		0.0000000e+00		4.6478978e-191		4.6478978e-191		0.0000000e+00
1.0500000e+02		1.0600000e+02		1.0550000e+02		4.8389941e-02		2.2015017e-189		0.0000000e+00		3.8131128e-189		3.8131128e-189		0.0000000e+00
1.0600000e+02		1.0700000e+02		1.0650000e+02		4.5487167e-02		1.6618995e-187		0.0000000e+00		2.8784944e-187		2.8784944e-187		0.0000000e+00
1.0700000e+02		1.0800000e+02		1.0750000e+02		5.0757295e-02		1.1570799e-185		0.0000000e+00		2.0041212e-185		2.0041212e-185		0.0000000e+00
1.0800000e+02		1.0900000e+02		1.0850000e+02		7.1152114e-02		7.4467721e-184		0.0000000e+00		1.2898188e-183		1.2898188e-183		0.0000000e+00
1.0900000e+02		1.1000000e+02		1.0950000e+02		5.5817450e-02		4.4397208e-182		0.0000000e+00		7.6898221e-182		7.6898221e-182		0.0000000e+00
1.1000000e+02		1.1100000e+02		1.1050000e+02		5.4043772e-02		2.4571432e-180		0.0000000e+00		4.2558968e-180		4.2558968e-180		0.0000000e+00
1.1100000e+02		1.1200000e+02		1.1150000e+02		5.0797691e-02		1.2649209e-178		0.0000000e+00		2.1909072e-178		2.1909072e-178		0.0000000e+00
1.1200000e+02		1.1300000e+02		1.1250000e+02		5.1969037e-02		6.0686752e-177		0.0000000e+00		1.0511254e-176		1.0511254e-176		0.0000000e+00
1.1300000e+02		1.1400000e+02		1.1350000e+02		4.1221387e-02		2.7185195e-175		0.0000000e+00		4.7086138e-175		4.7086138e-175		0.0000000e+00
1.1400000e+02		1.1500000e+02		1.1450000e+02		3.1562600e-02		1.1390983e-173		0.0000000e+00		1.9729761e-173		1.9729761e-173		0.0000000e+00
1.1500000e+02		1.1600000e+02		1.1550000e+02		4.3552050e-02		4.4723383e-172		0.0000000e+00		7.7463171e-172		7.7463171e-172		0.0000000e+00
1.1600000e+02		1.1700000e+02		1.1650000e+02		1.0143732e-01		1.6480950e-170		0.0000000e+00		2.8545843e-170		2.8545843e-170		0.0000000e+00
1.1700000e+02		1.1800000e+02		1.1750000e+02		3.6108525e-01		5.7096421e-169		0.0000000e+00		9.8893902e-169		9.8893902e-169		0.0000000e+00
1.1800000e+02		1.1900000e+02		1.1850000e+02		1.2283927e-01		1.8624919e-167		0.0000000e+00		3.2259305e-167		3.2259305e-167		0.0000000e+00
1.1900000e+02		1.2000000e+02		1.1950000e+02		1.7115732e-01		5.7292304e-166		0.0000000e+00		9.9233182e-166		9.9233182e-166		0.0000000e+00
1.2000000e+02		1.2100000e+02		1.2050000e+02		9.3056497e-01		1.6643715e-164		0.0000000e+00		2.8827761e-164		2.8827761e-164		0.0000000e+00
1.2100000e+02		1.2200000e+02		1.2150000e+02		3.6941242e+01		4.5727005e-163		0.0000000e+00		7.9201496e-163		7.9201496e-163		0.0000000e+00
1.2200000e+02		1.2300000e+02		1.2250000e+02		2.4773856e-01		1.1897474e-161		0.0000000e+00		2.0607030e-161		2.0607030e-161		0.0000000e+00
1.2300000e+02		1.2400000e+02		1.2350000e+02		1.3344721e-01		2.9354437e-160		3.0719137e-161		5.0843377e-160		5.0843377e-160		0.0000000e+00
1.2400000e+02		1.2500000e+02		1.2450000e+02		1.0726631e-01		6.8768166e-159		7.4049566e-160		1.1910996e-158		1.1910996e-158		0.0000000e+00
1.2500000e+02		1.2600000e+02		1.2550000e+02		1.0471361e-01		1.5315578e-157		1.6948644e-158		2.6527359e-157		2.6527359e-157		0.0000000e+00
1.2600000e+02		1.2700000e+02		1.2650000e+02		1.4644878e-01		3.2466453e-156		3.6904387e-157		5.6233546e-156		5.6233546e-156		0.0000000e+00
1.2700000e+02		1.2800000e+02		1.2750000e+02		7.6659940e-02		6.5583836e-155		7.6543803e-156		1.1359454e-154		1.1359454e-154		0.0000000e+00
1.2800000e+02		1.2900000e+02		1.2850000e+02		6.1165494e-02		1.2638899e-153		1.5139813e-154		2.1891216e-153		2.1891216e-153		0.0000000e+00
1.2900000e+02		1.3000000e+02		1.2950000e+02		8.1594975e-02		2.3261993e-152		2.8588205e-153		4.0290955e-152		4.0290955e-152		0.0000000e+00
1.3000000e+02		1.3100000e+02		1.3050000e+02		6.7007791e-01		4.0932670e-151		5.1590604e-152		7.0897464e-151		7.0897464e-151		0.0000000e+00
1.3100000e+02		1.3200000e+02		1.3150000e+02		9.0731094e-02		6.8932628e-150		8.9068351e-151		1.1939481e-149		1.1939481e-149		0.0000000e+00
1.3200000e+02		1.3300000e+02		1.3250000e+02		7.0547730e-02		1.1121001e-148		1.4725921e-149		1.9262139e-148		1.9262139e-148		0.0000000e+00
1.3300000e+02		1.3400000e+02		1.3350000e+02		9.5357088e-01		1.7204695e-147		2.3338239e-148		2.9799406e-147		2.9799406e-147		0.0000000e+00
1.3400000e+02		1.3500000e+02		1.3450000e+02		6.5246966e-02		2.5547081e-146		3.5489043e-147		4.4248842e-146		4.4248842e-146		0.0000000e+00
1.3500000e+02		1.3600000e+02		1.3550000e+02		1.3692679e-01		3.6443653e-145		5.1827811e-146		6.3122259e-145		6.3122259e-145		0.0000000e+00
1.3600000e+02		1.3700000e+02		1.3650000e+02		8.9861989e-02		4.9988793e-144		7.2752574e-145		8.6583130e-144		8.6583130e-144		0.0000000e+00
1.3700000e+02		1.3800000e+02		1.3750000e+02		9.2282630e-02		6.5988125e-143		9.8250581e-144		1.1429479e-142		1.1429479e-142		0.0000000e+00
1.3800000e+02		1.3900000e+02		1.3850000e+02		9.4180145e-02		8.3900201e-142		1.2775730e-142		1.4531941e-141		1.4531941e-141		0.0000000e+00
1.3900000e+02		1.4000000e+02		1.3950000e+02		3.1801144e-01		1.0282905e-140		1.6008138e-141		1.7810513e-140		1.7810513e-140		0.0000000e+00
1.4000000e+02		1.4100000e+02		1.4050000e+02		2.7729440e-01		1.2158090e-139		1.9344260e-140		2.1058429e-139		2.1058429e-139		0.0000000e+00
1.4100000e+02		1.4200000e+02		1.4150000e+02		1.3359910e-01		1.3878520e-138		2.2560896e-139		2.4038302e-138		2.4038302e-138		0.0000000e+00
1.4200000e+02		1.4300000e+02		1.4250000e+02		1.4479671e-01		1.5306345e-137		2.5414360e-138		2.6511368e-137		2.6511368e-137		0.0000000e+00
1.4300000e+02		1.4400000e+02		1.4350000e+02		1.6064305e-01		1.6321640e-136		2.7671489e-137		2.8269909e-136		2.8269909e-136		0.0000000e+00
1.4400000e+02		1.4500000e+02		1.4450000e+02		1.5363637e-01		1.6839316e-135		2.9142774e-136		2.9166550e-135		2.9166550e-135		0.0000000e+00
1.4500000e+02		1.4600000e+02		1.4550000e+02		1.6382583e-01		1.6820917e-134		2.9707967e-135		2.9134683e-134		2.9134683e-134		0.0000000e+00
1.4600000e+02		1.4700000e+02		1.4650000e+02		1.9977093e-01		1.6278994e-133		2.9332631e-134		2.8196045e-133		2.8196045e-133		0.0000000e+00
1.4700000e+02		1.4800000e+02		1.4750000e+02		2.4643334e-01		1.5273498e-132		2.8070107e-133		2.6454474e-132		2.6454474e-132		0.0000000e+00
1.4800000e+02		1.4900000e+02		1.4850000e+02		2.4167300e-01		1.3901297e-131		2.6050977e-132		2.4077752e-131		2.4077752e-131		0.0000000e+00
1.4900000e+02		1.5000000e+02		1.4950000e+02		2.1832777e-01		1.2281270e-130		2.3461896e-131		2.1271784e-130		2.1271784e-130		0.0000000e+00
1.5000000e+02		1.5100000e+02		1.5050000e+02		2.4023073e-01		1.0538063e-129		2.0517458e-130		1.8252460e-129		1.8252460e-129		0.0000000e+00
1.5100000e+02		1.5200000e+02		1.5150000e+02		2.5258505e-01		8.7873792e-129		1.7432402e-129		1.5220187e-128		1.5220187e-128		0.0000000e+00
1.5200000e+02		1.5300000e+02		1.5250000e+02		3.2229547e-01		7.1249852e-128		1.4398304e-128		1.2340836e-127		1.2340836e-127		0.0000000e+00
1.5300000e+02		1.5400000e+02		1.5350000e+02		3.5701286e-01		5.6204768e-127		1.1567111e-127		9.7349514e-127		9.7349514e-127		0.0000000e+00
1.5400000e+02		1.5500000e+02		1.5450000e+02		9.5486931e-01		4.3157799e-126		9.0434300e-127		7.4751500e-126		7.4751500e-126		0.0000000e+00
1.5500000e+02		1.5600000e+02		1.5550000e+02		7.8587524e-01		3.2275183e-125		6.8843765e-126		5.5902257e-125		5.5902257e-125		0.0000000e+00
1.5600000e+02		1.5700000e+02		1.5650000e+02		4.6648084e-01		2.3519169e-124		5.1055600e-125		4.0736395e-124		4.0736395e-124		0.0000000e+00
1.5700000e+02		1.5800000e+02		1.5750000e+02		4.2309893e-01		1.6708372e-123		3.6904713e-124		2.8939750e-123		2.8939750e-123		0.0000000e+00
1.5800000e+02		1.5900000e+02		1.5850000e+02		3.9008072e-01		1.1577498e-122		2.6013215e-123		2.0052815e-122		2.0052815e-122		0.0000000e+00
1.5900000e+02		1.6000000e+02		1.5950000e+02		3.8042347e-01		7.8283076e-122		1.7889088e-122		1.3559026e-121		1.3559026e-121		0.0000000e+00
1.6000000e+02		1.6100000e+02		1.6050000e+02		4.1635449e-01		5.1676480e-121		1.2007754e-121		8.9506289e-121		8.9506289e-121		0.0000000e+00
1.6100000e+02		1.6200000e+02		1.6150000e+02		4.7164413e-01		3.3318392e-120		7.8706774e-121		5.7709148e-120		5.7709148e-120		0.0000000e+00
1.6200000e+02		1.6300000e+02		1.6250000e+02		5.2241459e-01		2.0990879e-119		5.0400137e-120		3.6357269e-119		3.6357269e-119		0.0000000e+00
1.6300000e+02		1.6400000e+02		1.6350000e+02		1.1072121e+00		1.2927590e-118		3.1543137e-119		2.2391242e-118		2.2391242e-118		0.0000000e+00
1.6400000e+02		1.6500000e+02		1.6450000e+02		1.1323318e+00		7.7861929e-118		1.9302507e-118		1.3486082e-117		1.3486082e-117		0.0000000e+00
1.6500000e+02		1.6600000e+02		1.6550000e+02		1.3255566e+00		4.5880621e-117		1.1554134e-117		7.9467566e-117		7.9467566e-117		0.0000000e+00
1.6600000e+02		1.6700000e+02		1.6650000e+02		6.2522883e-01		2.6460722e-116		6.7678113e-117		4.5831315e-116		4.5831315e-116		0.0000000e+00
1.6700000e+02		1.6800000e+02		1.6750000e+02		6.6723830e-01		1.4942044e-115		3.8807443e-116		2.5880379e-115		2.5880379e-115		0.0000000e+00
1.6800000e+02		1.6900000e+02		1.6850000e+02		7.1904320e-01		8.2645231e-115		2.1792307e-115		1.4314574e-114		1.4314574e-114		0.0000000e+00
1.6900000e+02		1.7000000e+02		1.6950000e+02		9.0554889e-01		4.4790393e-114		1.1988731e-114		7.7579237e-114		7.7579237e-114		0.0000000e+00
1.7000000e+02		1.7100000e+02		1.7050000e+02		1.0161854e+00		2.3793986e-113		6.4637334e-114		4.1212392e-113		4.1212392e-113		0.0000000e+00
1.7100000e+02		1.7200000e+02		1.7150000e+02		1.0130704e+00		1.2394160e-112		3.4165501e-113		2.1467315e-112		2.1467315e-112		0.0000000e+00
1.7200000e+02		1.7300000e+02		1.7250000e+02		1.0571150e+00		6.3326196e-112		1.7710732e-112		1.0968419e-111		1.0968419e-111		0.0000000e+00
1.7300000e+02		1.7400000e+02		1.7350000e+02		1.0479596e+00		3.1747643e-111		9.0069124e-112		5.4988531e-111		5.4988531e-111		0.0000000e+00
1.7400000e+02		1.7500000e+02		1.7450000e+02		1.2530722e+00		1.5622245e-110		4.4951975e-111		2.7058522e-110		2.7058522e-110		0.0000000e+00
1.7500000e+02		1.7600000e+02		1.7550000e+02		1.4954862e+00		7.5477592e-110		2.2023952e-110		1.3073102e-109		1.3073102e-109		0.0000000e+00
1.7600000e+02		1.7700000e+02		1.7650000e+02		1.6135596e+00		3.5815486e-109		1.0596295e-109		6.2034242e-109		6.2034242e-109		0.0000000e+00
1.7700000e+02		1.7800000e+02		1.7750000e+02		1.9010195e+00		1.6696843e-108		5.0079643e-109		2.8919780e-108		2.8919780e-108		0.0000000e+00
1.7800000e+02		1.7900000e+02		1.7850000e+02		2.0776624e+00		7.6495864e-108		2.3256908e-108		1.3249472e-107		1.3249472e-107		0.0000000e+00
1.7900000e+02		1.8000000e+02		1.7950000e+02		2.0198657e+00		3.4451472e-107		1.0616104e-107		5.9671700e-107		5.9671700e-107		0.0000000e+00
1.8000000e+02		1.8100000e+02		1.8050000e+02		2.4976225e+00		1.5256921e-106		4.7647727e-107		2.6425762e-106		2.6425762e-106		0.0000000e+00
1.8100000e+02		1.8200000e+02		1.8150000e+02		3.0410490e+00		6.6456176e-106		2.1034130e-106		1.1510547e-105		1.1510547e-105		0.0000000e+00
1.8200000e+02		1.8300000e+02		1.8250000e+02		2.8073836e+00		2.8479233e-105		9.1367862e-106		4.9327478e-105		4.9327478e-105		0.0000000e+00
1.8300000e+02		1.8400000e+02		1.8350000e+02		2.9562417e+00		1.2010458e-104		3.9065811e-105		2.0802723e-104		2.0802723e-104		0.0000000e+00
1.8400000e+02		1.8500000e+02		1.8450000e+02		2.5409769e+00		4.9859122e-104		1.6443779e-104		8.6358532e-104		8.6358532e-104		0.0000000e+00
1.8500000e+02		1.8600000e+02		1.8550000e+02		2.8735562e+00		2.0378644e-103		6.8211382e-104		3.5296846e-103		3.5296846e-103		0.0000000e+00
1.8600000e+02		1.8700000e+02		1.8650000e+02		3.2604304e+00		8.2028012e-103		2.7887036e-103		1.4207668e-102		1.4207668e-102		0.0000000e+00
1.8700000e+02		1.8800000e+02		1.8750000e+02		3.6946466e+00		3.2523286e-102		1.1246255e-102		5.6331984e-102		5.6331984e-102		0.0000000e+00
1.8800000e+02		1.8900000e+02		1.8850000e+02		3.8870616e+00		1.2704153e-101		4.4793740e-102		2.2004239e-101		2.2004239e-101		0.0000000e+00
1.8900000e+02		1.9000000e+02		1.8950000e+02		4.3106081e+00		4.8895824e-101		1.7650212e-101		8.4690051e-101		8.4690051e-101		0.0000000e+00
1.9000000e+02		1.9100000e+02		1.9050000e+02		4.4384288e+00		1.8545968e-100		6.8837873e-101		3.2122559e-100		3.2122559e-100		2.0318861e-301
1.9100000e+02		1.9200000e+02		1.9150000e+02		4.8094361e+00		6.9337113e-100		2.6571775e-100		1.2009540e-99		1.2009540e-99		2.3229082e-208
1.9200000e+02		1.9300000e+02		1.9250000e+02		5.0365493e+00		2.5548974e-99		9.9702682e-99		4.4252122e-99		4.4252122e-99		2.7308655e-144
1.9300000e+02		1.9400000e+02		1.9350000e+02		3.8447944e+00		9.2950178e-99		8.7821088e-85		1.6099430e-98		1.6099411e-98		1.8285367e-104
1.9400000e+02		1.9500000e+02		1.9450000e+02		6.1679797e+00		4.2609859e-82		4.2899093e-69		4.3005697e-82		9.3656125e-84		4.2069136e-82
1.9500000e+02		1.9600000e+02		1.9550000e+02		5.9528271e+00		2.2519355e-65		9.3765583e-55		2.2770276e-65		5.9368465e-67		2.2176591e-65
1.9600000e+02		1.9700000e+02		1.9650000e+02		6.5508102e+00		1.9869115e-56		3.5657497e-47		2.0117831e-56		5.8846844e-58		1.9529362e-56
1.9700000e+02		1.9800000e+02		1.9750000e+02		6.5190955e+00		7.1655032e-50		1.6324369e-41		7.2685266e-50		2.4375599e-51		7.0247706e-50
1.9800000e+02		1.9900000e+02		1.9850000e+02		6.3883794e+00		3.7057590e-26		5.2400730e-22		3.8142322e-26		2.5665040e-27		3.5575818e-26
1.9900000e+02		2.0000000e+02		1.9950000e+02		6.7274707e+00		1.5754726e-04		6.2480253e-04		2.5773315e-04		2.3704236e-04		2.0690787e-05
2.0000000e+02		2.0100000e+02		2.0050000e+02		7.1125146e+00		2.9092033e-03		1.0461016e-02		4.9338200e-03		4.7902945e-03		1.4352554e-04
2.0100000e+02		2.0200000e+02		2.0150000e+02		7.5701275e+00		2.1629720e-01		6.7609036e-01		3.7375723e-01		3.7255444e-01		1.2027915e-03
2.0200000e+02		2.0300000e+02		2.0250000e+02		7.4828608e+00		3.8287635e-01		1.1736161e+00		6.6191968e-01		6.6022360e-01		1.6960812e-03
2.0300000e+02		2.0400000e+02		2.0350000e+02		8.0092047e+00		1.1074283e+00		3.3093458e+00		1.9160722e+00		1.9132720e+00		2.8001920e-03
2.0400000e+02		2.0500000e+02		2.0450000e+02		8.6207445e+00		1.8523786e+00		5.4669911e+00		3.2055398e+00		3.2016138e+00		3.9260057e-03
2.0500000e+02		2.0600000e+02		2.0550000e+02		8.6400754e+00		1.8692559e+00		5.4856545e+00		3.2342373e+00		3.2295808e+00		4.6565330e-03
2.0600000e+02		2.0700000e+02		2.0650000e+02		8.6510225e+00		1.9193335e+00		5.6009121e+00		3.3203497e+00		3.3148399e+00		5.5097875e-03
2.0700000e+02		2.0800000e+02		2.0750000e+02		9.3957826e+00		2.1401296e+00		6.2104947e+00		3.7016587e+00		3.6946176e+00		7.0411356e-03
2.0800000e+02		2.0900000e+02		2.0850000e+02		1.0163489e+01		2.3389671e+00		6.7504861e+00		4.0446981e+00		4.0358028e+00		8.8952794e-03
2.0900000e+02		2.1000000e+02		2.0950000e+02		1.3129215e+01		3.1135006e+00		8.9369758e+00		5.3829216e+00		5.3695076e+00		1.3413962e-02
2.1000000e+02		2.1100000e+02		2.1050000e+02		1.6183343e+01		3.8738772e+00		1.1060255e+01		6.6957375e+00		6.6765932e+00		1.9144267e-02
2.1100000e+02		2.1200000e+02		2.1150000e+02		1.8424170e+01		4.5190153e+00		1.2833678e+01		7.8087093e+00		7.7834994e+00		2.5209844e-02
2.1200000e+02		2.1300000e+02		2.1250000e+02		1.6428561e+01		4.1092686e+00		1.1608815e+01		7.0985192e+00		7.0726428e+00		2.5876389e-02
2.1300000e+02		2.1400000e+02		2.1350000e+02		1.6737981e+01		4.2503471e+00		1.1945088e+01		7.3397014e+00		7.3094908e+00		3.0210580e-02
2.1400000e+02		2.1500000e+02		2.1450000e+02		2.1432541e+01		5.5710560e+00		1.5576138e+01		9.6169653e+00		9.5727244e+00		4.4240985e-02
2.1500000e+02		2.1600000e+02		2.1550000e+02		1.8408135e+01		4.8472019e+00		1.3483278e+01		8.3639707e+00		8.3207643e+00		4.3206326e-02
2.1600000e+02		2.1700000e+02		2.1650000e+02		1.7036901e+01		4.5809470e+00		1.2678187e+01		7.9012025e+00		7.8558088e+00		4.5393655e-02
2.1700000e+02		2.1800000e+02		2.1750000e+02		1.7640866e+01		4.8168881e+00		1.3264313e+01		8.3042100e+00		8.2510923e+00		5.3117719e-02
2.1800000e+02		2.1900000e+02		2.1850000e+02		2.3730294e+01		6.5919505e+00		1.8061938e+01		1.1358645e+01		1.1278121e+01		8.0524271e-02
2.1900000e+02		2.2000000e+02		2.1950000e+02		2.5052511e+01		7.0826226e+00		1.9310439e+01		1.2197538e+01		1.2102020e+01		9.5517868e-02
2.2000000e+02		2.2100000e+02		2.2050000e+02		2.5203754e+01		7.2263632e+00		1.9605520e+01		1.2437688e+01		1.2330126e+01		1.0756188e-01
2.2100000e+02		2.2200000e+02		2.2150000e+02		2.0176768e+01		5.8890795e+00		1.5899424e+01		1.0129767e+01		1.0033575e+01		9.6192035e-02
2.2200000e+02		2.2300000e+02		2.2250000e+02		2.7154039e+01		8.0425502e+00		2.1607937e+01		1.3824616e+01		1.3680515e+01		1.4410117e-01
2.2300000e+02		2.2400000e+02		2.2350000e+02		3.5163062e+01		1.0589294e+01		2.8312955e+01		1.8189475e+01		1.7982220e+01		2.0725457e-01
2.2400000e+02		2.2500000e+02		2.2450000e+02		3.2875934e+01		1.0040104e+01		2.6715450e+01		1.7232939e+01		1.7018429e+01		2.1450939e-01
2.2500000e+02		2.2600000e+02		2.2550000e+02		2.8720078e+01		8.9063839e+00		2.3585389e+01		1.5274779e+01		1.5067784e+01		2.0699492e-01
2.2600000e+02		2.2700000e+02		2.2650000e+02		2.1037217e+01		6.6183753e+00		1.7442863e+01		1.1341095e+01		1.1174074e+01		1.6702083e-01
2.2700000e+02		2.2800000e+02		2.2750000e+02		2.0463841e+01		6.5312727e+00		1.7131564e+01		1.1181790e+01		1.1003243e+01		1.7854740e-01
2.2800000e+02		2.2900000e+02		2.2850000e+02		2.8509984e+01		9.2319636e+00		2.4100936e+01		1.5790572e+01		1.5517835e+01		2.7273724e-01
2.2900000e+02		2.3000000e+02		2.2950000e+02		2.5620938e+01		8.4133784e+00		2.1860328e+01		1.4376134e+01		1.4108030e+01		2.6810334e-01
2.3000000e+02		2.3100000e+02		2.3050000e+02		2.9055844e+01		9.6706051e+00		2.5008707e+01		1.6507086e+01		1.6175288e+01		3.3179841e-01
2.3100000e+02		2.3200000e+02		2.3150000e+02		2.7387429e+01		9.2392353e+00		2.3781038e+01		1.5753497e+01		1.5412908e+01		3.4058882e-01
2.3200000e+02		2.3300000e+02		2.3250000e+02		2.9413108e+01		1.0054646e+01		2.5758660e+01		1.7124178e+01		1.6726691e+01		3.9748698e-01
2.3300000e+02		2.3400000e+02		2.3350000e+02		2.6543685e+01		9.1931352e+00		2.3441543e+01		1.5638195e+01		1.5249176e+01		3.8901929e-01
2.3400000e+02		2.3500000e+02		2.3450000e+02		2.3194371e+01		8.1371086e+00		2.0652020e+01		1.3824546e+01		1.3456621e+01		3.6792465e-01
2.3500000e+02		2.3600000e+02		2.3550000e+02		3.1223226e+01		1.1093594e+01		2.8024515e+01		1.8822991e+01		1.8287948e+01		5.3504230e-01
2.3600000e+02		2.3700000e+02		2.3650000e+02		2.8911473e+01		1.0402086e+01		2.6155507e+01		1.7625866e+01		1.7091647e+01		5.3421933e-01
2.3700000e+02		2.3800000e+02		2.3750000e+02		3.0878004e+01		1.1247238e+01		2.8149342e+01		1.9031249e+01		1.8417167e+01		6.1408181e-01
2.3800000e+02		2.3900000e+02		2.3850000e+02		2.5598090e+01		9.4392660e+00		2.3514915e+01		1.5948848e+01		1.5401837e+01		5.4701130e-01
2.3900000e+02		2.4000000e+02		2.3950000e+02		2.7890834e+01		1.0409032e+01		2.5810756e+01		1.7560991e+01		1.6921717e+01		6.3927451e-01
2.4000000e+02		2.4100000e+02		2.4050000e+02		2.5623038e+01		9.6777493e+00		2.3886513e+01		1.6301936e+01		1.5672995e+01		6.2894168e-01
2.4100000e+02		2.4200000e+02		2.4150000e+02		3.0005079e+01		1.1468225e+01		2.8175088e+01		1.9287053e+01		1.8499546e+01		7.8750734e-01
2.4200000e+02		2.4300000e+02		2.4250000e+02		4.1301739e+01		1.5971622e+01		3.9058094e+01		2.6816504e+01		2.5659266e+01		1.1572377e+00
2.4300000e+02		2.4400000e+02		2.4350000e+02		3.8791639e+01		1.5175232e+01		3.6939636e+01		2.5436119e+01		2.4277520e+01		1.1585992e+00
2.4400000e+02		2.4500000e+02		2.4450000e+02		3.6329084e+01		1.4377242e+01		3.4836214e+01		2.4056536e+01		2.2901455e+01		1.1550812e+00
2.4500000e+02		2.4600000e+02		2.4550000e+02		2.9476122e+01		1.1794967e+01		2.8447965e+01		1.9700378e+01		1.8704402e+01		9.9597596e-01
2.4600000e+02		2.4700000e+02		2.4650000e+02		2.8685918e+01		1.1612548e+01		2.7879580e+01		1.9360121e+01		1.8330954e+01		1.0291669e+00
2.4700000e+02		2.4800000e+02		2.4750000e+02		3.1678139e+01		1.2965726e+01		3.0985644e+01		2.1575394e+01		2.0370693e+01		1.2047006e+00
2.4800000e+02		2.4900000e+02		2.4850000e+02		2.5406301e+01		1.0516273e+01		2.5016962e+01		1.7465740e+01		1.6442616e+01		1.0231238e+00
2.4900000e+02		2.5000000e+02		2.4950000e+02		3.0967514e+01		1.2956594e+01		3.0681307e+01		2.1476272e+01		2.0157775e+01		1.3184972e+00
2.5000000e+02		2.5100000e+02		2.5050000e+02		3.3448743e+01		1.4151183e+01		3.3357287e+01		2.3409204e+01		2.1904712e+01		1.5044919e+00
2.5100000e+02		2.5200000e+02		2.5150000e+02		2.7888154e+01		1.1926660e+01		2.7985564e+01		1.9688826e+01		1.8365482e+01		1.3233433e+00
2.5200000e+02		2.5300000e+02		2.5250000e+02		2.5069906e+01		1.0837322e+01		2.5313868e+01		1.7853084e+01		1.6599472e+01		1.2536123e+00
2.5300000e+02		2.5400000e+02		2.5350000e+02		3.1592540e+01		1.3804061e+01		3.2097269e+01		2.2691910e+01		2.1028877e+01		1.6630329e+00
2.5400000e+02		2.5500000e+02		2.5450000e+02		3.5730773e+01		1.5780898e+01		3.6527651e+01		2.5885256e+01		2.3907168e+01		1.9780881e+00
2.5500000e+02		2.5600000e+02		2.5550000e+02		4.8755658e+01		2.1750479e+01		5.0117413e+01		3.5598135e+01		3.2763908e+01		2.8342278e+00
2.5600000e+02		2.5700000e+02		2.5650000e+02		6.2803876e+01		2.8332631e+01		6.4990164e+01		4.6267292e+01		4.2433864e+01		3.8334285e+00
2.5700000e+02		2.5800000e+02		2.5750000e+02		7.8843355e+01		3.5935617e+01		8.2058922e+01		5.8549141e+01		5.3504172e+01		5.0449688e+00
2.5800000e+02		2.5900000e+02		2.5850000e+02		8.2991293e+01		3.8201557e+01		8.6841210e+01		6.2096900e+01		5.6536990e+01		5.5599104e+00
2.5900000e+02		2.6000000e+02		2.5950000e+02		7.0629481e+01		3.2865525e+01		7.4377006e+01		5.3298195e+01		4.8344218e+01		4.9539776e+00
2.6000000e+02		2.6100000e+02		2.6050000e+02		5.7868388e+01		2.7192558e+01		6.1263559e+01		4.3993395e+01		3.9751208e+01		4.2421878e+00
2.6100000e+02		2.6200000e+02		2.6150000e+02		5.9092703e+01		2.8056420e+01		6.2928383e+01		4.5281886e+01		4.0755891e+01		4.5259949e+00
2.6200000e+02		2.6300000e+02		2.6250000e+02		7.0528613e+01		3.3820839e+01		7.5520632e+01		5.4452559e+01		4.8815174e+01		5.6373845e+00
2.6300000e+02		2.6400000e+02		2.6350000e+02		1.0614195e+02		5.1429375e+01		1.1433208e+02		8.2599510e+01		7.3749330e+01		8.8501798e+00
2.6400000e+02		2.6500000e+02		2.6450000e+02		1.6548208e+02		8.0933942e+01		1.7912772e+02		1.2966155e+02		1.1529075e+02		1.4370798e+01
2.6500000e+02		2.6600000e+02		2.6550000e+02		1.7356948e+02		8.5746052e+01		1.8894389e+02		1.3702595e+02		1.2132954e+02		1.5696408e+01
2.6600000e+02		2.6700000e+02		2.6650000e+02		1.6826276e+02		8.3932965e+01		1.8413768e+02		1.3378799e+02		1.1795826e+02		1.5829729e+01
2.6700000e+02		2.6800000e+02		2.6750000e+02		1.6940220e+02		8.5324523e+01		1.8637300e+02		1.3565791e+02		1.1909008e+02		1.6567836e+01
2.6800000e+02		2.6900000e+02		2.6850000e+02		1.6778062e+02		8.5331410e+01		1.8557701e+02		1.3531852e+02		1.1827078e+02		1.7047742e+01
2.6900000e+02		2.7000000e+02		2.6950000e+02		1.5737310e+02		8.0781873e+01		1.7492079e+02		1.2777017e+02		1.1117550e+02		1.6594670e+01
2.7000000e+02		2.7100000e+02		2.7050000e+02		1.8181465e+02		9.4202513e+01		2.0309962e+02		1.4860577e+02		1.2871948e+02		1.9886288e+01
2.7100000e+02		2.7200000e+02		2.7150000e+02		1.5108640e+02		7.9012830e+01		1.6961799e+02		1.2431435e+02		1.0718456e+02		1.7129796e+01
2.7200000e+02		2.7300000e+02		2.7250000e+02		1.2154404e+02		6.4131966e+01		1.3708262e+02		1.0063268e+02		8.6361620e+01		1.4271062e+01
2.7300000e+02		2.7400000e+02		2.7350000e+02		1.2960124e+02		6.9001855e+01		1.4686238e+02		1.0798391e+02		9.2232541e+01		1.5751373e+01
2.7400000e+02		2.7500000e+02		2.7450000e+02		8.9183780e+01		4.7925684e+01		1.0157213e+02		7.4799808e+01		6.3584861e+01		1.1214947e+01
2.7500000e+02		2.7600000e+02		2.7550000e+02		1.1893609e+02		6.4455529e+01		1.3602614e+02		1.0032526e+02		8.4868702e+01		1.5456561e+01
2.7600000e+02		2.7700000e+02		2.7650000e+02		1.6564211e+02		9.0550646e+01		1.9029318e+02		1.4055913e+02		1.1832135e+02		2.2237785e+01
2.7700000e+02		2.7800000e+02		2.7750000e+02		1.5837296e+02		8.7311498e+01		1.8271683e+02		1.3515986e+02		1.1321044e+02		2.1949419e+01
2.7800000e+02		2.7900000e+02		2.7850000e+02		1.0921797e+02		6.0719373e+01		1.2653791e+02		9.3736636e+01		7.8119683e+01		1.5616953e+01
2.7900000e+02		2.8000000e+02		2.7950000e+02		6.1368404e+01		3.4396267e+01		7.1383469e+01		5.2953164e+01		4.3906091e+01		9.0470735e+00
2.8000000e+02		2.8100000e+02		2.8050000e+02		6.7313201e+01		3.8039011e+01		7.8617672e+01		5.8399164e+01		4.8172640e+01		1.0226524e+01
2.8100000e+02		2.8200000e+02		2.8150000e+02		1.3943196e+02		7.9411841e+01		1.6345028e+02		1.2157676e+02		9.9763260e+01		2.1813496e+01
2.8200000e+02		2.8300000e+02		2.8250000e+02		1.8983287e+02		1.0899260e+02		2.2342212e+02		1.6640165e+02		1.3583129e+02		3.0570366e+01
2.8300000e+02		2.8400000e+02		2.8350000e+02		1.9610227e+02		1.1342752e+02		2.3156592e+02		1.7268660e+02		1.4020847e+02		3.2478123e+01
2.8400000e+02		2.8500000e+02		2.8450000e+02		1.4459284e+02		8.4280683e+01		1.7136740e+02		1.2795368e+02		1.0333141e+02		2.4622265e+01
2.8500000e+02		2.8600000e+02		2.8550000e+02		9.2944992e+01		5.4573620e+01		1.1051778e+02		8.2619864e+01		6.6358126e+01		1.6261738e+01
2.8600000e+02		2.8700000e+02		2.8650000e+02		1.9045522e+02		1.1264832e+02		2.2721546e+02		1.7006166e+02		1.3584143e+02		3.4220232e+01
2.8700000e+02		2.8800000e+02		2.8750000e+02		2.2108403e+02		1.3170570e+02		2.6459944e+02		1.9827196e+02		1.5749744e+02		4.0774514e+01
2.8800000e+02		2.8900000e+02		2.8850000e+02		2.1010240e+02		1.2605711e+02		2.5225236e+02		1.8923439e+02		1.4947905e+02		3.9755337e+01
2.8900000e+02		2.9000000e+02		2.8950000e+02		3.1885068e+02		1.9263464e+02		3.8397015e+02		2.8836564e+02		2.2650198e+02		6.1863665e+01
2.9000000e+02		2.9100000e+02		2.9050000e+02		4.1860542e+02		2.5456837e+02		5.0543660e+02		3.7999850e+02		2.9677088e+02		8.3227626e+01
2.9100000e+02		2.9200000e+02		2.9150000e+02		4.0318642e+02		2.4687568e+02		4.8827046e+02		3.6748110e+02		2.8535548e+02		8.2125615e+01
2.9200000e+02		2.9300000e+02		2.9250000e+02		3.5818014e+02		2.2069107e+02		4.3479510e+02		3.2757148e+02		2.5288177e+02		7.4689710e+01
2.9300000e+02		2.9400000e+02		2.9350000e+02		3.7393440e+02		2.3192207e+02		4.5518051e+02		3.4327570e+02		2.6346553e+02		7.9810174e+01
2.9400000e+02		2.9500000e+02		2.9450000e+02		3.4819581e+02		2.1729110e+02		4.2484181e+02		3.2071041e+02		2.4469272e+02		7.6017692e+01
2.9500000e+02		2.9600000e+02		2.9550000e+02		3.7701055e+02		2.3678123e+02		4.6120814e+02		3.4849791e+02		2.6432449e+02		8.4173418e+01
2.9600000e+02		2.9700000e+02		2.9650000e+02		3.4493460e+02		2.1788973e+02		4.2281227e+02		3.1978370e+02		2.4108373e+02		7.8699969e+01
2.9700000e+02		2.9800000e+02		2.9750000e+02		3.5165811e+02		2.2351247e+02		4.3211525e+02		3.2711916e+02		2.4513607e+02		8.1983097e+01
2.9800000e+02		2.9900000e+02		2.9850000e+02		3.0223333e+02		1.9317252e+02		3.7207245e+02		2.8191623e+02		2.0996987e+02		7.1946362e+01
2.9900000e+02		3.0000000e+02		2.9950000e+02		3.4101318e+02		2.1927701e+02		4.2081079e+02		3.1912315e+02		2.3623850e+02		8.2884648e+01
3.0000000e+02		3.0100000e+02		3.0050000e+02		2.7131061e+02		1.7540677e+02		3.3538890e+02		2.5455862e+02		1.8727531e+02		6.7283317e+01
3.0100000e+02		3.0200000e+02		3.0150000e+02		3.1202593e+02		2.0293182e+02		3.8662523e+02		2.9369080e+02		2.1473805e+02		7.8952751e+01
3.0200000e+02		3.0300000e+02		3.0250000e+02		3.2846528e+02		2.1471490e+02		4.0759579e+02		3.0986964e+02		2.2513854e+02		8.4731103e+01
3.0300000e+02		3.0400000e+02		3.0350000e+02		4.2601061e+02		2.8009110e+02		5.2981975e+02		4.0310765e+02		2.9106027e+02		1.1204737e+02
3.0400000e+02		3.0500000e+02		3.0450000e+02		4.0776836e+02		2.6942142e+02		5.0782253e+02		3.8666679e+02		2.7740554e+02		1.0926125e+02
3.0500000e+02		3.0600000e+02		3.0550000e+02		4.1174793e+02		2.7357173e+02		5.1384854e+02		3.9154951e+02		2.7913841e+02		1.1241110e+02
3.0600000e+02		3.0700000e+02		3.0650000e+02		3.9053943e+02		2.6071999e+02		4.8799217e+02		3.7211736e+02		2.6356899e+02		1.0854836e+02
3.0700000e+02		3.0800000e+02		3.0750000e+02		4.3847484e+02		2.9428888e+02		5.4893126e+02		4.1888546e+02		2.9479866e+02		1.2408680e+02
3.0800000e+02		3.0900000e+02		3.0850000e+02		4.3035211e+02		2.9021967e+02		5.3947846e+02		4.1195696e+02		2.8803350e+02		1.2392346e+02
3.0900000e+02		3.1000000e+02		3.0950000e+02		3.4901328e+02		2.3655671e+02		4.3823565e+02		3.3487262e+02		2.3261796e+02		1.0225466e+02
3.1000000e+02		3.1100000e+02		3.1050000e+02		4.3927411e+02		2.9914659e+02		5.5231447e+02		4.2232234e+02		2.9143697e+02		1.3088537e+02
3.1100000e+02		3.1200000e+02		3.1150000e+02		5.2246540e+02		3.5751468e+02		6.5787412e+02		5.0336093e+02		3.4507594e+02		1.5828500e+02
3.1200000e+02		3.1300000e+02		3.1250000e+02		4.6521908e+02		3.1983680e+02		5.8658890e+02		4.4909906e+02		3.0583780e+02		1.4326126e+02
3.1300000e+02		3.1400000e+02		3.1350000e+02		4.9544367e+02		3.4217133e+02		6.2548367e+02		4.7916895e+02		3.2413984e+02		1.5502910e+02
3.1400000e+02		3.1500000e+02		3.1450000e+02		4.6729179e+02		3.2421599e+02		5.9072958e+02		4.5281352e+02		3.0426501e+02		1.4854851e+02
3.1500000e+02		3.1600000e+02		3.1550000e+02		4.5343123e+02		3.1599047e+02		5.7387688e+02		4.4014944e+02		2.9376327e+02		1.4638617e+02
3.1600000e+02		3.1700000e+02		3.1650000e+02		4.4229406e+02		3.0959854e+02		5.6046489e+02		4.3010490e+02		2.8512110e+02		1.4498380e+02
3.1700000e+02		3.1800000e+02		3.1750000e+02		5.6102832e+02		3.9440642e+02		7.1171900e+02		5.4647771e+02		3.5980454e+02		1.8667317e+02
3.1800000e+02		3.1900000e+02		3.1850000e+02		4.6340678e+02		3.2717642e+02		5.8853783e+02		4.5213697e+02		2.9565983e+02		1.5647714e+02
3.1900000e+02		3.2000000e+02		3.1950000e+02		4.9774832e+02		3.5290350e+02		6.3283098e+02		4.8641722e+02		3.1589686e+02		1.7052037e+02
3.2000000e+02		3.2100000e+02		3.2050000e+02		5.7184857e+02		4.0712502e+02		7.2779788e+02		5.5969518e+02		3.6098488e+02		1.9871030e+02
3.2100000e+02		3.2200000e+02		3.2150000e+02		4.8024660e+02		3.4331113e+02		6.1183424e+02		4.7074774e+02		3.0151826e+02		1.6922948e+02
3.2200000e+02		3.2300000e+02		3.2250000e+02		4.8228681e+02		3.4615412e+02		6.1502088e+02		4.7342615e+02		3.0112887e+02		1.7229728e+02
3.2300000e+02		3.2400000e+02		3.2350000e+02		4.6607071e+02		3.3585081e+02		5.9491293e+02		4.5816105e+02		2.8938913e+02		1.6877191e+02
3.2400000e+02		3.2500000e+02		3.2450000e+02		5.4882129e+02		3.9702612e+02		7.0117093e+02		5.4023841e+02		3.3884390e+02		2.0139451e+02
3.2500000e+02		3.2600000e+02		3.2550000e+02		6.3196128e+02		4.5893217e+02		8.0809590e+02		6.2289655e+02		3.8794389e+02		2.3495266e+02
3.2600000e+02		3.2700000e+02		3.2650000e+02		7.1301257e+02		5.1976561e+02		9.1252182e+02		7.0369184e+02		4.3517414e+02		2.6851771e+02
3.2700000e+02		3.2800000e+02		3.2750000e+02		6.8984049e+02		5.0475535e+02		8.8358706e+02		6.8166297e+02		4.1856793e+02		2.6309505e+02
3.2800000e+02		3.2900000e+02		3.2850000e+02		6.6596082e+02		4.8908157e+02		8.5367787e+02		6.5885598e+02		4.0169055e+02		2.5716543e+02
3.2900000e+02		3.3000000e+02		3.2950000e+02		7.7527139e+02		5.7143629e+02		9.9457226e+02		7.6789887e+02		4.6483545e+02		3.0306341e+02
3.3000000e+02		3.3100000e+02		3.3050000e+02		7.3029799e+02		5.4021754e+02		9.3757150e+02		7.2416666e+02		4.3522829e+02		2.8893836e+02
3.3100000e+02		3.3200000e+02		3.3150000e+02		6.9881652e+02		5.1875839e+02		8.9779968e+02		6.9370585e+02		4.1393012e+02		2.7977572e+02
3.3200000e+02		3.3300000e+02		3.3250000e+02		6.8562051e+02		5.1074093e+02		8.8146468e+02		6.8133083e+02		4.0362005e+02		2.7771078e+02
3.3300000e+02		3.3400000e+02		3.3350000e+02		6.5878216e+02		4.9243496e+02		8.4752851e+02		6.5533027e+02		3.8541443e+02		2.6991583e+02
3.3400000e+02		3.3500000e+02		3.3450000e+02		6.9405546e+02		5.2056140e+02		8.9349025e+02		6.9110519e+02		4.0351095e+02		2.8759424e+02
3.3500000e+02		3.3600000e+02		3.3550000e+02		6.8541663e+02		5.1580304e+02		8.8292811e+02		6.8316227e+02		3.9597620e+02		2.8718607e+02
3.3600000e+02		3.3700000e+02		3.3650000e+02		5.6469084e+02		4.2635300e+02		7.2785595e+02		5.6335741e+02		3.2415592e+02		2.3920149e+02
3.3700000e+02		3.3800000e+02		3.3750000e+02		5.9573781e+02		4.5125593e+02		7.6832460e+02		5.9486623e+02		3.3978561e+02		2.5508062e+02
3.3800000e+02		3.3900000e+02		3.3850000e+02		6.4448401e+02		4.8974698e+02		8.3166856e+02		6.4410536e+02		3.6521585e+02		2.7888951e+02
3.3900000e+02		3.4000000e+02		3.3950000e+02		6.7448220e+02		5.1416398e+02		8.7085886e+02		6.7465634e+02		3.7972899e+02		2.9492735e+02
3.4000000e+02		3.4100000e+02		3.4050000e+02		7.1196374e+02		5.4442880e+02		9.1974122e+02		7.1272979e+02		3.9820441e+02		3.1452538e+02
3.4100000e+02		3.4200000e+02		3.4150000e+02		6.4984945e+02		4.9846030e+02		8.3993244e+02		6.5106504e+02		3.6106668e+02		2.8999836e+02
3.4200000e+02		3.4300000e+02		3.4250000e+02		7.0477558e+02		5.4223082e+02		9.1137663e+02		7.0663489e+02		3.8898422e+02		3.1765067e+02
3.4300000e+02		3.4400000e+02		3.4350000e+02		6.9264465e+02		5.3449181e+02		8.9611820e+02		6.9498616e+02		3.7973371e+02		3.1525245e+02
3.4400000e+02		3.4500000e+02		3.4450000e+02		5.5710877e+02		4.3117159e+02		7.2110000e+02		5.5939246e+02		3.0337383e+02		2.5601863e+02
3.4500000e+02		3.4600000e+02		3.4550000e+02		6.7138909e+02		5.2113110e+02		8.6940865e+02		6.7460878e+02		3.6313210e+02		3.1147669e+02
3.4600000e+02		3.4700000e+02		3.4650000e+02		6.5194093e+02		5.0748835e+02		8.4458832e+02		6.5550616e+02		3.5021388e+02		3.0529227e+02
3.4700000e+02		3.4800000e+02		3.4750000e+02		6.4525828e+02		5.0370874e+02		8.3627834e+02		6.4920678e+02		3.4425206e+02		3.0495472e+02
3.4800000e+02		3.4900000e+02		3.4850000e+02		6.6761091e+02		5.2261377e+02		8.6559525e+02		6.7211635e+02		3.5372688e+02		3.1838946e+02
3.4900000e+02		3.5000000e+02		3.4950000e+02		6.3989005e+02		5.0229365e+02		8.2997411e+02		6.4459735e+02		3.3669415e+02		3.0790319e+02
3.5000000e+02		3.5100000e+02		3.5050000e+02		7.6650484e+02		6.0331765e+02		9.9457112e+02		7.7259385e+02		4.0051179e+02		3.7208206e+02
3.5100000e+02		3.5200000e+02		3.5150000e+02		7.1211510e+02		5.6201008e+02		9.2432973e+02		7.1817599e+02		3.6949251e+02		3.4868348e+02
3.5200000e+02		3.5300000e+02		3.5250000e+02		6.5785102e+02		5.2055747e+02		8.5418999e+02		6.6381061e+02		3.3894057e+02		3.2487004e+02
3.5300000e+02		3.5400000e+02		3.5350000e+02		7.5263834e+02		5.9711669e+02		9.7759253e+02		7.5985478e+02		3.8504245e+02		3.7481233e+02
3.5400000e+02		3.5500000e+02		3.5450000e+02		8.0329241e+02		6.3894444e+02		1.0437210e+03		8.1140469e+02		4.0804534e+02		4.0335935e+02
3.5500000e+02		3.5600000e+02		3.5550000e+02		7.5433512e+02		6.0152726e+02		9.8041303e+02		7.6232454e+02		3.8045045e+02		3.8187409e+02
3.5600000e+02		3.5700000e+02		3.5650000e+02		6.5576441e+02		5.2423450e+02		8.5255310e+02		6.6302129e+02		3.2837308e+02		3.3464822e+02
3.5700000e+02		3.5800000e+02		3.5750000e+02		5.7307986e+02		4.5926689e+02		7.4526826e+02		5.7968412e+02		2.8491024e+02		2.9477388e+02
3.5800000e+02		3.5900000e+02		3.5850000e+02		4.9194729e+02		3.9520871e+02		6.3993394e+02		4.9783366e+02		2.4281325e+02		2.5502041e+02
3.5900000e+02		3.6000000e+02		3.5950000e+02		7.1030971e+02		5.7200462e+02		9.2422722e+02		7.1911086e+02		3.4805710e+02		3.7105376e+02
3.6000000e+02		3.6100000e+02		3.6050000e+02		7.0092701e+02		5.6578911e+02		9.1224967e+02		7.0989890e+02		3.4096742e+02		3.6893148e+02
3.6100000e+02		3.6200000e+02		3.6150000e+02		6.5110481e+02		5.2680401e+02		8.4761257e+02		6.5969567e+02		3.1442504e+02		3.4527063e+02
3.6200000e+02		3.6300000e+02		3.6250000e+02		7.3500056e+02		5.9605826e+02		9.5705169e+02		7.4497709e+02		3.5234573e+02		3.9263136e+02
3.6300000e+02		3.6400000e+02		3.6350000e+02		7.1558904e+02		5.8164007e+02		9.3198402e+02		7.2556304e+02		3.4052540e+02		3.8503764e+02
3.6400000e+02		3.6500000e+02		3.6450000e+02		7.4837927e+02		6.0966177e+02		9.7489896e+02		7.5907272e+02		3.5351010e+02		4.0556262e+02
3.6500000e+02		3.6600000e+02		3.6550000e+02		8.5179486e+02		6.9545009e+02		1.1098443e+03		8.6425303e+02		3.9939204e+02		4.6486099e+02
3.6600000e+02		3.6700000e+02		3.6650000e+02		9.1042532e+02		7.4494867e+02		1.1864700e+03		9.2403563e+02		4.2372429e+02		5.0031134e+02
3.6700000e+02		3.6800000e+02		3.6750000e+02		8.7909512e+02		7.2086927e+02		1.1458559e+03		8.9251019e+02		4.0610676e+02		4.8640343e+02
3.6800000e+02		3.6900000e+02		3.6850000e+02		8.1047729e+02		6.6602081e+02		1.0566061e+03		8.2308675e+02		3.7162200e+02		4.5146475e+02
3.6900000e+02		3.7000000e+02		3.6950000e+02		8.9967825e+02		7.4088082e+02		1.1730974e+03		9.1393249e+02		4.0944465e+02		5.0448784e+02
3.7000000e+02		3.7100000e+02		3.7050000e+02		8.4427990e+02		6.9670644e+02		1.1010436e+03		8.5788747e+02		3.8135842e+02		4.7652905e+02
3.7100000e+02		3.7200000e+02		3.7150000e+02		8.7164560e+02		7.2076543e+02		1.1369101e+03		8.8592294e+02		3.9076685e+02		4.9515609e+02
3.7200000e+02		3.7300000e+02		3.7250000e+02		7.2411383e+02		5.9998427e+02		9.4462162e+02		7.3615636e+02		3.2218662e+02		4.1396974e+02
3.7300000e+02		3.7400000e+02		3.7350000e+02		6.3155746e+02		5.2434061e+02		8.2399708e+02		6.4221225e+02		2.7888729e+02		3.6332496e+02
3.7400000e+02		3.7500000e+02		3.7450000e+02		6.4642322e+02		5.3774198e+02		8.4350666e+02		6.5747700e+02		2.8329609e+02		3.7418091e+02
3.7500000e+02		3.7600000e+02		3.7550000e+02		7.4036161e+02		6.1708669e+02		9.6620951e+02		7.5318375e+02		3.2200909e+02		4.3117465e+02
3.7600000e+02		3.7700000e+02		3.7650000e+02		7.6758018e+02		6.4100370e+02		1.0018537e+03		7.8103414e+02		3.3131558e+02		4.4971856e+02
3.7700000e+02		3.7800000e+02		3.7750000e+02		9.0048278e+02		7.5341791e+02		1.1754559e+03		9.1644557e+02		3.8572758e+02		5.3071799e+02
3.7800000e+02		3.7900000e+02		3.7850000e+02		9.3786543e+02		7.8616589e+02		1.2243883e+03		9.5466870e+02		3.9868192e+02		5.5598678e+02
3.7900000e+02		3.8000000e+02		3.7950000e+02		7.6051322e+02		6.3867983e+02		9.9295739e+02		7.7427618e+02		3.2082441e+02		4.5345177e+02
3.8000000e+02		3.8100000e+02		3.8050000e+02		8.2814537e+02		6.9674765e+02		1.0813670e+03		8.4327425e+02		3.4668567e+02		4.9658858e+02
3.8100000e+02		3.8200000e+02		3.8150000e+02		7.4366886e+02		6.2680278e+02		9.7115024e+02		7.5737551e+02		3.0893839e+02		4.4843712e+02
3.8200000e+02		3.8300000e+02		3.8250000e+02		5.3336093e+02		4.5034457e+02		6.9657191e+02		5.4327363e+02		2.1987252e+02		3.2340111e+02
3.8300000e+02		3.8400000e+02		3.8350000e+02		4.7073026e+02		3.9816073e+02		6.1482641e+02		4.7954765e+02		1.9256352e+02		2.8698413e+02
3.8400000e+02		3.8500000e+02		3.8450000e+02		6.2969557e+02		5.3354361e+02		8.2251639e+02		6.4157758e+02		2.5561113e+02		3.8596646e+02
3.8500000e+02		3.8600000e+02		3.8550000e+02		6.6694888e+02		5.6607671e+02		8.7124013e+02		6.7962083e+02		2.6864827e+02		4.1097257e+02
3.8600000e+02		3.8700000e+02		3.8650000e+02		6.6977732e+02		5.6943903e+02		8.7499401e+02		6.8258530e+02		2.6770695e+02		4.1487835e+02
3.8700000e+02		3.8800000e+02		3.8750000e+02		6.6902499e+02		5.6974947e+02		8.7406615e+02		6.8189589e+02		2.6534127e+02		4.1655462e+02
3.8800000e+02		3.8900000e+02		3.8850000e+02		6.7841027e+02		5.7869492e+02		8.8637958e+02		6.9153529e+02		2.6698316e+02		4.2455212e+02
3.8900000e+02		3.9000000e+02		3.8950000e+02		8.1451188e+02		6.9592328e+02		1.0642612e+03		8.3035273e+02		3.1806349e+02		5.1228924e+02
3.9000000e+02		3.9100000e+02		3.9050000e+02		8.5560997e+02		7.3221340e+02		1.1180170e+03		8.7233142e+02		3.3152280e+02		5.4080862e+02
3.9100000e+02		3.9200000e+02		3.9150000e+02		9.2006232e+02		7.8862082e+02		1.2022915e+03		9.3812484e+02		3.5373031e+02		5.8439453e+02
3.9200000e+02		3.9300000e+02		3.9250000e+02		7.0614281e+02		6.0621138e+02		9.2279092e+02		7.2006376e+02		2.6937763e+02		4.5068613e+02
3.9300000e+02		3.9400000e+02		3.9350000e+02		4.3291589e+02		3.7222638e+02		5.6575825e+02		4.4148339e+02		1.6386385e+02		2.7761955e+02
3.9400000e+02		3.9500000e+02		3.9450000e+02		7.1565803e+02		6.1627267e+02		9.3529352e+02		7.2987133e+02		2.6877734e+02		4.6109400e+02
3.9500000e+02		3.9600000e+02		3.9550000e+02		8.7888136e+02		7.5797192e+02		1.1486457e+03		8.9639307e+02		3.2750796e+02		5.6888511e+02
3.9600000e+02		3.9700000e+02		3.9650000e+02		6.0712893e+02		5.2426144e+02		7.9331426e+02		6.1909901e+02		2.2438811e+02		3.9471090e+02
3.9700000e+02		3.9800000e+02		3.9750000e+02		6.8053003e+02		5.8845561e+02		8.8916454e+02		6.9391321e+02		2.4951536e+02		4.4439784e+02
3.9800000e+02		3.9900000e+02		3.9850000e+02		1.0480559e+03		9.0733552e+02		1.3690327e+03		1.0684064e+03		3.8109792e+02		6.8730853e+02
3.9900000e+02		4.0000000e+02		3.9950000e+02		1.1577145e+03		1.0034247e+03		1.5118707e+03		1.1798729e+03		4.1748099e+02		7.6239193e+02
4.0000000e+02		4.0100000e+02		4.0050000e+02		1.1939713e+03		1.0370166e+03		1.5602932e+03		1.2177747e+03		4.2767826e+02		7.9009640e+02
4.0100000e+02		4.0200000e+02		4.0150000e+02		1.2509583e+03		1.0882597e+03		1.6351204e+03		1.2762297e+03		4.4474186e+02		8.3148783e+02
4.0200000e+02		4.0300000e+02		4.0250000e+02		1.2664199e+03		1.1032364e+03		1.6553454e+03		1.2920406e+03		4.4671550e+02		8.4532507e+02
4.0300000e+02		4.0400000e+02		4.0350000e+02		1.2115903e+03		1.0569160e+03		1.5836875e+03		1.2361317e+03		4.2402890e+02		8.1210277e+02
4.0400000e+02		4.0500000e+02		4.0450000e+02		1.1914959e+03		1.0407917e+03		1.5574277e+03		1.2156546e+03		4.1372998e+02		8.0192458e+02
4.0500000e+02		4.0600000e+02		4.0550000e+02		1.1904731e+03		1.0412867e+03		1.5560928e+03		1.2146304e+03		4.1013547e+02		8.0449490e+02
4.0600000e+02		4.0700000e+02		4.0650000e+02		1.1388815e+03		9.9747436e+02		1.4886545e+03		1.1620058e+03		3.8928552e+02		7.7272026e+02
4.0700000e+02		4.0800000e+02		4.0750000e+02		1.1575323e+03		1.0151304e+03		1.5130279e+03		1.1810449e+03		3.9255778e+02		7.8848710e+02
4.0800000e+02		4.0900000e+02		4.0850000e+02		1.2307397e+03		1.0807212e+03		1.6087090e+03		1.2557449e+03		4.1411062e+02		8.4163428e+02
4.0900000e+02		4.1000000e+02		4.0950000e+02		1.2243097e+03		1.0764422e+03		1.6002914e+03		1.2491853e+03		4.0871464e+02		8.4047070e+02
4.1000000e+02		4.1100000e+02		4.1050000e+02		1.1216634e+03		9.8743230e+02		1.4661077e+03		1.1444505e+03		3.7150902e+02		7.7294147e+02
4.1100000e+02		4.1200000e+02		4.1150000e+02		1.3003372e+03		1.1461451e+03		1.6996284e+03		1.3267462e+03		4.2730701e+02		8.9943923e+02
4.1200000e+02		4.1300000e+02		4.1250000e+02		1.2760342e+03		1.1261034e+03		1.6678390e+03		1.3019377e+03		4.1602839e+02		8.8590932e+02
4.1300000e+02		4.1400000e+02		4.1350000e+02		1.2308584e+03		1.0875521e+03		1.6087660e+03		1.2558294e+03		3.9814833e+02		8.5768105e+02
4.1400000e+02		4.1500000e+02		4.1450000e+02		1.2488872e+03		1.1048032e+03		1.6323006e+03		1.2742044e+03		4.0080747e+02		8.7339693e+02
4.1500000e+02		4.1600000e+02		4.1550000e+02		1.2477523e+03		1.1051053e+03		1.6307850e+03		1.2730232e+03		3.9729813e+02		8.7572510e+02
4.1600000e+02		4.1700000e+02		4.1650000e+02		1.2947363e+03		1.1480549e+03		1.6921501e+03		1.3209263e+03		4.0901800e+02		9.1190828e+02
4.1700000e+02		4.1800000e+02		4.1750000e+02		1.1781342e+03		1.0458601e+03		1.5397077e+03		1.2019249e+03		3.6925322e+02		8.3267165e+02
4.1800000e+02		4.1900000e+02		4.1850000e+02		1.2217101e+03		1.0856651e+03		1.5964470e+03		1.2462010e+03		3.7983194e+02		8.6636905e+02
4.1900000e+02		4.2000000e+02		4.1950000e+02		1.2338424e+03		1.0978079e+03		1.6124401e+03		1.2586965e+03		3.8066662e+02		8.7802990e+02
4.2000000e+02		4.2100000e+02		4.2050000e+02		1.2494927e+03		1.1129792e+03		1.6328575e+03		1.2746309e+03		3.8247193e+02		8.9215897e+02
4.2100000e+02		4.2200000e+02		4.2150000e+02		1.2299982e+03		1.0968217e+03		1.6073347e+03		1.2547018e+03		3.7354814e+02		8.8115363e+02
4.2200000e+02		4.2300000e+02		4.2250000e+02		1.1657134e+03		1.0406292e+03		1.5232820e+03		1.1890829e+03		3.5124533e+02		8.3783759e+02
4.2300000e+02		4.2400000e+02		4.2350000e+02		1.2419943e+03		1.1099180e+03		1.6229093e+03		1.2668445e+03		3.7129203e+02		8.9555249e+02
4.2400000e+02		4.2500000e+02		4.2450000e+02		1.2850442e+03		1.1496113e+03		1.6791066e+03		1.3107028e+03		3.8114655e+02		9.2955624e+02
4.2500000e+02		4.2600000e+02		4.2550000e+02		1.2367256e+03		1.1075481e+03		1.6159152e+03		1.2613658e+03		3.6393674e+02		8.9742908e+02
4.2600000e+02		4.2700000e+02		4.2650000e+02		1.2316584e+03		1.1041561e+03		1.6092370e+03		1.2561419e+03		3.5960216e+02		8.9653969e+02
4.2700000e+02		4.2800000e+02		4.2750000e+02		1.1420512e+03		1.0248765e+03		1.4921049e+03		1.1646994e+03		3.3082473e+02		8.3387471e+02
4.2800000e+02		4.2900000e+02		4.2850000e+02		1.1495483e+03		1.0326514e+03		1.5018431e+03		1.1722888e+03		3.3038549e+02		8.4190328e+02
4.2900000e+02		4.3000000e+02		4.2950000e+02		1.0698649e+03		9.6203520e+02		1.3976853e+03		1.0909746e+03		3.0507394e+02		7.8590067e+02
4.3000000e+02		4.3100000e+02		4.3050000e+02		8.6065012e+02		7.7467425e+02		1.1243196e+03		8.7758648e+02		2.4349294e+02		6.3409354e+02
4.3100000e+02		4.3200000e+02		4.3150000e+02		1.0641754e+03		9.5880704e+02		1.3901403e+03		1.0850591e+03		2.9871550e+02		7.8634356e+02
4.3200000e+02		4.3300000e+02		4.3250000e+02		1.1990384e+03		1.0813635e+03		1.5662474e+03		1.2225016e+03		3.3393639e+02		8.8856525e+02
4.3300000e+02		4.3400000e+02		4.3350000e+02		1.3017454e+03		1.1751153e+03		1.7003363e+03		1.3271437e+03		3.5970310e+02		9.6744061e+02
4.3400000e+02		4.3500000e+02		4.3450000e+02		1.1054356e+03		9.9884691e+02		1.4438542e+03		1.1269386e+03		3.0306831e+02		8.2387034e+02
4.3500000e+02		4.3600000e+02		4.3550000e+02		1.2347447e+03		1.1167321e+03		1.6126787e+03		1.2586887e+03		3.3587272e+02		9.2281594e+02
4.3600000e+02		4.3700000e+02		4.3650000e+02		1.3814970e+03		1.2506147e+03		1.8042681e+03		1.4082016e+03		3.7285470e+02		1.0353469e+03
4.3700000e+02		4.3800000e+02		4.3750000e+02		1.2223713e+03		1.1075769e+03		1.5963731e+03		1.2459231e+03		3.2733052e+02		9.1859254e+02
4.3800000e+02		4.3900000e+02		4.3850000e+02		1.1905029e+03		1.0796770e+03		1.5546818e+03		1.2133642e+03		3.1630731e+02		8.9705692e+02
4.3900000e+02		4.4000000e+02		4.3950000e+02		1.3250738e+03		1.2027858e+03		1.7303235e+03		1.3504213e+03		3.4930917e+02		1.0011121e+03
4.4000000e+02		4.4100000e+02		4.4050000e+02		1.2562739e+03		1.1412961e+03		1.6403367e+03		1.2801639e+03		3.2856464e+02		9.5159926e+02
4.4100000e+02		4.4200000e+02		4.4150000e+02		1.3817384e+03		1.2554216e+03		1.8027182e+03		1.4067600e+03		3.5807042e+02		1.0486896e+03
4.4200000e+02		4.4300000e+02		4.4250000e+02		1.4526378e+03		1.3205404e+03		1.8945035e+03		1.4783093e+03		3.7328536e+02		1.1050240e+03
4.4300000e+02		4.4400000e+02		4.4350000e+02		1.4050936e+03		1.2783539e+03		1.8323260e+03		1.4297582e+03		3.5822639e+02		1.0715318e+03
4.4400000e+02		4.4500000e+02		4.4450000e+02		1.4475318e+03		1.3166863e+03		1.8856095e+03		1.4711539e+03		3.6547417e+02		1.1056797e+03
4.4500000e+02		4.4600000e+02		4.4550000e+02		1.3420773e+03		1.2218395e+03		1.7482316e+03		1.3639511e+03		3.3623971e+02		1.0277114e+03
4.4600000e+02		4.4700000e+02		4.4650000e+02		1.3689269e+03		1.2490803e+03		1.7856071e+03		1.3932776e+03		3.4117438e+02		1.0521032e+03
4.4700000e+02		4.4800000e+02		4.4750000e+02		1.4837056e+03		1.3553582e+03		1.9358454e+03		1.5105235e+03		3.6712505e+02		1.1433984e+03
4.4800000e+02		4.4900000e+02		4.4850000e+02		1.4587166e+03		1.3340167e+03		1.9037184e+03		1.4854690e+03		3.5833990e+02		1.1271291e+03
4.4900000e+02		4.5000000e+02		4.4950000e+02		1.4737837e+03		1.3490437e+03		1.9235218e+03		1.5009086e+03		3.5931599e+02		1.1415926e+03
4.5000000e+02		4.5100000e+02		4.5050000e+02		1.5636828e+03		1.4324967e+03		2.0407918e+03		1.5923827e+03		3.7829440e+02		1.2140883e+03
4.5100000e+02		4.5200000e+02		4.5150000e+02		1.5589734e+03		1.4292985e+03		2.0345378e+03		1.5874684e+03		3.7423409e+02		1.2132343e+03
4.5200000e+02		4.5300000e+02		4.5250000e+02		1.4757889e+03		1.3540790e+03		1.9258755e+03		1.5026504e+03		3.5152378e+02		1.1511266e+03
4.5300000e+02		4.5400000e+02		4.5350000e+02		1.4141855e+03		1.2985479e+03		1.8453855e+03		1.4398165e+03		3.3424526e+02		1.1055713e+03
4.5400000e+02		4.5500000e+02		4.5450000e+02		1.5096596e+03		1.3872630e+03		1.9698647e+03		1.5369036e+03		3.5405356e+02		1.1828501e+03
4.5500000e+02		4.5600000e+02		4.5550000e+02		1.4952815e+03		1.3750779e+03		1.9509981e+03		1.5221490e+03		3.4797386e+02		1.1741751e+03
4.5600000e+02		4.5700000e+02		4.5650000e+02		1.5527317e+03		1.4289656e+03		2.0258473e+03		1.5805090e+03		3.5855555e+02		1.2219535e+03
4.5700000e+02		4.5800000e+02		4.5750000e+02		1.5677329e+03		1.4438263e+03		2.0453077e+03		1.5956543e+03		3.5922882e+02		1.2364254e+03
4.5800000e+02		4.5900000e+02		4.5850000e+02		1.4734199e+03		1.3579490e+03		1.9221590e+03		1.4995441e+03		3.3501752e+02		1.1645265e+03
4.5900000e+02		4.6000000e+02		4.5950000e+02		1.5222067e+03		1.4039162e+03		1.9856950e+03		1.5490739e+03		3.4344670e+02		1.2056272e+03
4.6000000e+02		4.6100000e+02		4.6050000e+02		1.5039223e+03		1.3880344e+03		1.9617351e+03		1.5303457e+03		3.3671210e+02		1.1936335e+03
4.6100000e+02		4.6200000e+02		4.6150000e+02		1.5386000e+03		1.4210341e+03		2.0068582e+03		1.5655083e+03		3.4182964e+02		1.2236786e+03
4.6200000e+02		4.6300000e+02		4.6250000e+02		1.5538294e+03		1.4360937e+03		2.0266104e+03		1.5808780e+03		3.4256335e+02		1.2383146e+03
4.6300000e+02		4.6400000e+02		4.6350000e+02		1.5018384e+03		1.3889931e+03		1.9586915e+03		1.5278597e+03		3.2856194e+02		1.1992978e+03
4.6400000e+02		4.6500000e+02		4.6450000e+02		1.5281564e+03		1.4142916e+03		1.9929046e+03		1.5545090e+03		3.3175789e+02		1.2227511e+03
4.6500000e+02		4.6600000e+02		4.6550000e+02		1.4760608e+03		1.3669937e+03		1.9248584e+03		1.5013941e+03		3.1799485e+02		1.1833993e+03
4.6600000e+02		4.6700000e+02		4.6650000e+02		1.4854121e+03		1.3765665e+03		1.9369450e+03		1.5107839e+03		3.1756188e+02		1.1932221e+03
4.6700000e+02		4.6800000e+02		4.6750000e+02		1.4997486e+03		1.3904125e+03		1.9550455e+03		1.5248267e+03		3.1802759e+02		1.2067991e+03
4.6800000e+02		4.6900000e+02		4.6850000e+02		1.4665907e+03		1.3606505e+03		1.9118467e+03		1.4911066e+03		3.0866245e+02		1.1824441e+03
4.6900000e+02		4.7000000e+02		4.6950000e+02		1.5086728e+03		1.4003402e+03		1.9662494e+03		1.5334716e+03		3.1499236e+02		1.2184793e+03
4.7000000e+02		4.7100000e+02		4.7050000e+02		1.4256243e+03		1.3239421e+03		1.8576975e+03		1.4487594e+03		2.9532095e+02		1.1534384e+03
4.7100000e+02		4.7200000e+02		4.7150000e+02		1.4904926e+03		1.3848636e+03		1.9418565e+03		1.5143338e+03		3.0632976e+02		1.2080040e+03
4.7200000e+02		4.7300000e+02		4.7250000e+02		1.5269264e+03		1.4196091e+03		1.9892278e+03		1.5512372e+03		3.1143558e+02		1.2398017e+03
4.7300000e+02		4.7400000e+02		4.7350000e+02		1.4995420e+03		1.3945034e+03		1.9527535e+03		1.5227023e+03		3.0332203e+02		1.2193803e+03
4.7400000e+02		4.7500000e+02		4.7450000e+02		1.5448084e+03		1.4382515e+03		2.0126525e+03		1.5694502e+03		3.1041947e+02		1.2590308e+03
4.7500000e+02		4.7600000e+02		4.7550000e+02		1.5413846e+03		1.4364520e+03		2.0087949e+03		1.5664557e+03		3.0759227e+02		1.2588635e+03
4.7600000e+02		4.7700000e+02		4.7650000e+02		1.4853490e+03		1.3851442e+03		1.9357788e+03		1.5094878e+03		2.9419995e+02		1.2152878e+03
4.7700000e+02		4.7800000e+02		4.7750000e+02		1.5508368e+03		1.4470672e+03		2.0210127e+03		1.5759107e+03		3.0484697e+02		1.2710637e+03
4.7800000e+02		4.7900000e+02		4.7850000e+02		1.5358791e+03		1.4339467e+03		2.0014083e+03		1.5605831e+03		2.9962492e+02		1.2609582e+03
4.7900000e+02		4.8000000e+02		4.7950000e+02		1.5403519e+03		1.4389532e+03		2.0071247e+03		1.5649995e+03		2.9822864e+02		1.2667708e+03
4.8000000e+02		4.8100000e+02		4.8050000e+02		1.5442750e+03		1.4434425e+03		2.0121243e+03		1.5688567e+03		2.9673306e+02		1.2721236e+03
4.8100000e+02		4.8200000e+02		4.8150000e+02		1.5475498e+03		1.4473217e+03		2.0162790e+03		1.5720548e+03		2.9512178e+02		1.2769330e+03
4.8200000e+02		4.8300000e+02		4.8250000e+02		1.5416562e+03		1.4426169e+03		2.0084887e+03		1.5659398e+03		2.9178512e+02		1.2741546e+03
4.8300000e+02		4.8400000e+02		4.8350000e+02		1.5183412e+03		1.4214521e+03		1.9778214e+03		1.5419753e+03		2.8516105e+02		1.2568143e+03
4.8400000e+02		4.8500000e+02		4.8450000e+02		1.4920771e+03		1.3973658e+03		1.9431440e+03		1.5148729e+03		2.7802498e+02		1.2368480e+03
4.8500000e+02		4.8600000e+02		4.8550000e+02		1.4021236e+03		1.3133071e+03		1.8251819e+03		1.4228188e+03		2.5910751e+02		1.1637113e+03
4.8600000e+02		4.8700000e+02		4.8650000e+02		1.2173217e+03		1.1412611e+03		1.5851250e+03		1.2356946e+03		2.2343217e+02		1.0122624e+03
4.8700000e+02		4.8800000e+02		4.8750000e+02		1.3927585e+03		1.3060514e+03		1.8129571e+03		1.4132270e+03		2.5358029e+02		1.1596467e+03
4.8800000e+02		4.8900000e+02		4.8850000e+02		1.4651201e+03		1.3746488e+03		1.9070704e+03		1.4865525e+03		2.6476707e+02		1.2217854e+03
4.8900000e+02		4.9000000e+02		4.8950000e+02		1.4372192e+03		1.3492462e+03		1.8707502e+03		1.4582101e+03		2.5781154e+02		1.2003986e+03
4.9000000e+02		4.9100000e+02		4.9050000e+02		1.5307557e+03		1.4380563e+03		1.9927416e+03		1.5532851e+03		2.7263432e+02		1.2806508e+03
4.9100000e+02		4.9200000e+02		4.9150000e+02		1.4425606e+03		1.3558441e+03		1.8777608e+03		1.4636174e+03		2.5499430e+02		1.2086231e+03
4.9200000e+02		4.9300000e+02		4.9250000e+02		1.3729411e+03		1.2914562e+03		1.7875730e+03		1.3933237e+03		2.4102114e+02		1.1523026e+03
4.9300000e+02		4.9400000e+02		4.9350000e+02		1.4509629e+03		1.3655940e+03		1.8891423e+03		1.4724597e+03		2.5284691e+02		1.2196128e+03
4.9400000e+02		4.9500000e+02		4.9450000e+02		1.4929449e+03		1.4058400e+03		1.9437502e+03		1.5149869e+03		2.5824445e+02		1.2567425e+03
4.9500000e+02		4.9600000e+02		4.9550000e+02		1.4663156e+03		1.3814404e+03		1.9089773e+03		1.4878454e+03		2.5175695e+02		1.2360884e+03
4.9600000e+02		4.9700000e+02		4.9650000e+02		1.4846220e+03		1.3993650e+03		1.9327065e+03		1.5063003e+03		2.5301159e+02		1.2532887e+03
4.9700000e+02		4.9800000e+02		4.9750000e+02		1.5123203e+03		1.4261565e+03		1.9686592e+03		1.5342807e+03		2.5582479e+02		1.2784559e+03
4.9800000e+02		4.9900000e+02		4.9850000e+02		1.3744029e+03		1.2966322e+03		1.7889229e+03		1.3941583e+03		2.3074911e+02		1.1634091e+03
4.9900000e+02		5.0000000e+02		4.9950000e+02		1.4721832e+03		1.3891293e+03		1.9155524e+03		1.4927653e+03		2.4520541e+02		1.2475599e+03
