Left Bin Edge (nm)	Right Bin Edge (nm)	Bin Center (nm)		Top of Atm Intensity (erg/s/nm/cm2)		Total Surface Flux (erg/s/nm/cm2)		Total Intensity at BOA (erg/s/nm/cm2)		Total Surface Flux(erg/s/nm/cm2)		Total Surface Direct Flux (erg/s/nm/cm2)		Total Surface Diffuse Flux (erg/s/nm/cm2)
1.3000000e+02		1.3500000e+02		1.3250000e+02		3.6963376e-01		1.1121006e-148		0.0000000e+00		1.1121006e-148
1.3500000e+02		1.4000000e+02		1.3750000e+02		1.4654759e-01		6.5988240e-143		0.0000000e+00		6.5988240e-143
1.4000000e+02		1.4500000e+02		1.4250000e+02		1.7428293e-01		1.5306378e-137		0.0000000e+00		1.5306378e-137
1.4500000e+02		1.5000000e+02		1.4750000e+02		2.1396515e-01		1.5273520e-132		0.0000000e+00		1.5273520e-132
1.5000000e+02		1.5500000e+02		1.5250000e+02		4.2836031e-01		7.1249912e-128		0.0000000e+00		7.1249912e-128
1.5500000e+02		1.6000000e+02		1.5750000e+02		4.9217228e-01		1.6708380e-123		0.0000000e+00		1.6708380e-123
1.6000000e+02		1.6500000e+02		1.6250000e+02		7.2942091e-01		2.0990880e-119		0.0000000e+00		2.0990880e-119
1.6500000e+02		1.7000000e+02		1.6750000e+02		8.4832240e-01		1.4942041e-115		0.0000000e+00		1.4942041e-115
1.7000000e+02		1.7500000e+02		1.7250000e+02		1.0776285e+00		6.3326191e-112		0.0000000e+00		6.3326191e-112
1.7540000e+02		1.7700000e+02		1.7620000e+02		1.5915361e+00		2.2490986e-109		0.0000000e+00		2.2490986e-109
1.7700000e+02		1.7860000e+02		1.7780000e+02		1.9540231e+00		2.6407285e-108		0.0000000e+00		2.6407285e-108
1.7860000e+02		1.8020000e+02		1.7940000e+02		2.0728792e+00		2.9660784e-107		0.0000000e+00		2.9660784e-107
1.8020000e+02		1.8180000e+02		1.8100000e+02		2.7568296e+00		3.1907656e-106		0.0000000e+00		3.1907656e-106
1.8180000e+02		1.8350000e+02		1.8265000e+02		2.9124406e+00		3.5377753e-105		0.0000000e+00		3.5377753e-105
1.8350000e+02		1.8520000e+02		1.8435000e+02		2.6619021e+00		4.0314672e-104		0.0000000e+00		4.0314672e-104
1.8520000e+02		1.8690000e+02		1.8605000e+02		3.1028862e+00		4.3919361e-103		0.0000000e+00		4.3919361e-103
1.8690000e+02		1.8870000e+02		1.8780000e+02		3.7438675e+00		4.9030049e-102		0.0000000e+00		4.9030049e-102
1.8870000e+02		1.9050000e+02		1.8960000e+02		4.2618352e+00		5.5923929e-101		0.0000000e+00		5.5923929e-101
1.9050000e+02		1.9230000e+02		1.9140000e+02		4.8305735e+00		6.0850255e-100		0.0000000e+00		6.0850255e-100
1.9230000e+02		1.9420000e+02		1.9325000e+02		4.4512754e+00		6.7411808e-99		0.0000000e+00		6.7411808e-99
1.9420000e+02		1.9610000e+02		1.9515000e+02		6.0922398e+00		7.5919166e-98		0.0000000e+00		7.5919166e-98
1.9610000e+02		1.9800000e+02		1.9705000e+02		6.5599541e+00		8.1605679e-97		0.0000000e+00		8.1605679e-97
1.9800000e+02		2.0000000e+02		1.9900000e+02		6.5583291e+00		1.0006592e-33		2.5626551e-183		1.0006592e-33
2.0000000e+02		2.0200000e+02		2.0100000e+02		7.3409762e+00		1.6620916e-13		1.2045237e-49		1.6620916e-13
2.0200000e+02		2.0410000e+02		2.0305000e+02		7.7601159e+00		2.9176585e-12		1.5432454e-41		2.9176585e-12
2.0410000e+02		2.0620000e+02		2.0515000e+02		8.6453336e+00		8.7493127e-12		1.2134048e-38		8.7493127e-12
2.0620000e+02		2.0830000e+02		2.0725000e+02		9.1279532e+00		1.6849219e-11		6.8652398e-37		1.6849219e-11
2.0830000e+02		2.1050000e+02		2.0940000e+02		1.2823615e+01		4.2195301e-11		4.4394208e-35		4.2195301e-11
2.1050000e+02		2.1280000e+02		2.1165000e+02		1.7348607e+01		1.0113035e-10		2.6535928e-33		1.0113035e-10
2.1280000e+02		2.1510000e+02		2.1395000e+02		1.8952975e+01		1.9119142e-10		1.0964883e-31		1.9119142e-10
2.1510000e+02		2.1740000e+02		2.1625000e+02		1.7529032e+01		2.9569049e-10		3.0565593e-30		2.9569049e-10
2.1740000e+02		2.2000000e+02		2.1870000e+02		2.2910097e+01		6.4649541e-10		1.2072045e-28		6.4649541e-10
2.2000000e+02		2.2220000e+02		2.2110000e+02		2.3032250e+01		1.0421929e-09		2.7706019e-27		1.0421929e-09
2.2220000e+02		2.2470000e+02		2.2345000e+02		3.1931731e+01		2.2301484e-09		6.8101047e-26		2.2301484e-09
2.2470000e+02		2.2730000e+02		2.2600000e+02		2.5090847e+01		2.7264126e-09		1.0002219e-24		2.7264126e-09
2.2730000e+02		2.2990000e+02		2.2860000e+02		2.5725569e+01		4.2625322e-09		1.6776769e-23		4.2625322e-09
2.2990000e+02		2.3260000e+02		2.3125000e+02		2.8521286e+01		7.0648286e-09		2.6688716e-22		7.0648286e-09
2.3260000e+02		2.3530000e+02		2.3395000e+02		2.5875795e+01		9.4028843e-09		3.0660613e-21		9.4028843e-09
2.3530000e+02		2.3810000e+02		2.3670000e+02		3.0231814e+01		1.5824770e-08		4.0193407e-20		1.5824770e-08
2.3810000e+02		2.4100000e+02		2.3955000e+02		2.6396809e+01		1.9677609e-08		3.6509083e-19		1.9677609e-08
2.4100000e+02		2.4390000e+02		2.4245000e+02		3.6642942e+01		3.8235791e-08		4.7031612e-18		3.8235791e-08
2.4390000e+02		2.4690000e+02		2.4540000e+02		3.1704512e+01		4.5547870e-08		3.3840029e-17		4.5547870e-08
2.4690000e+02		2.5000000e+02		2.4845000e+02		2.9425010e+01		5.7582703e-08		2.4333635e-16		5.7582703e-08
2.5000000e+02		2.5320000e+02		2.5160000e+02		2.8803114e+01		7.5971641e-08		1.7206505e-15		7.5971639e-08
2.5320000e+02		2.5640000e+02		2.5480000e+02		4.1450781e+01		1.4514928e-07		1.6182639e-14		1.4514926e-07
2.5640000e+02		2.5970000e+02		2.5805000e+02		7.7629987e+01		3.5592590e-07		1.8068221e-13		3.5592572e-07
2.5970000e+02		2.6320000e+02		2.6145000e+02		6.2218700e+01		3.7124451e-07		8.2926107e-13		3.7124368e-07
2.6320000e+02		2.6670000e+02		2.6495000e+02		1.5720744e+02		1.2084547e-06		1.1220851e-11		1.2084435e-06
2.6670000e+02		2.7030000e+02		2.6850000e+02		1.6644042e+02		1.6262560e-06		5.8185686e-11		1.6261978e-06
2.7030000e+02		2.7400000e+02		2.7215000e+02		1.4287382e+02		1.7565617e-06		2.2867764e-10		1.7563330e-06
2.7400000e+02		2.7780000e+02		2.7590000e+02		1.3298322e+02		2.0370671e-06		9.1152502e-10		2.0361555e-06
2.7780000e+02		2.8170000e+02		2.7975000e+02		9.0861797e+01		1.7167496e-06		2.4835382e-09		1.7142661e-06
2.8170000e+02		2.8570000e+02		2.8370000e+02		1.5868104e+02		3.6664747e-06		1.6130678e-08		3.6503440e-06
2.8570000e+02		2.8990000e+02		2.8780000e+02		2.2397626e+02		6.0932744e-06		6.4454821e-08		6.0288196e-06
2.8990000e+02		2.9410000e+02		2.9200000e+02		3.8742828e+02		9.6026322e-06		6.1843772e-08		9.5407884e-06
2.9410000e+02		2.9850000e+02		2.9630000e+02		3.5031753e+02		1.2027342e-05		4.0315825e-07		1.1624184e-05
2.9850000e+02		3.0300000e+02		3.0075000e+02		3.1117888e+02		1.3797248e-05		1.2810566e-06		1.2516192e-05
3.0300000e+02		3.0770000e+02		3.0535000e+02		4.1334796e+02		2.5529068e-05		5.6184283e-06		1.9910639e-05
3.0770000e+02		3.1250000e+02		3.1010000e+02		4.3791495e+02		3.7711410e-05		1.3770253e-05		2.3941157e-05
3.1250000e+02		3.1750000e+02		3.1500000e+02		4.7668852e+02		3.4785487e-05		1.0196946e-05		2.4588541e-05
3.1750000e+02		3.2250000e+02		3.2000000e+02		5.0859732e+02		6.5045965e-05		3.3901276e-05		3.1144688e-05
3.2250000e+02		3.2750000e+02		3.2500000e+02		5.8668515e+02		1.3042291e-04		8.9699972e-05		4.0722942e-05
3.2750000e+02		3.3250000e+02		3.3000000e+02		7.1039481e+02		1.3346141e-04		8.5869827e-05		4.7591587e-05
3.3250000e+02		3.3750000e+02		3.3500000e+02		6.4442258e+02		1.0177856e-03		9.5476724e-04		6.3018340e-05
3.3750000e+02		3.4250000e+02		3.4000000e+02		6.7087514e+02		3.3965022e-03		3.3178170e-03		7.8685122e-05
3.4250000e+02		3.4500000e+02		3.4375000e+02		6.4129544e+02		4.4136905e-03		4.3348477e-03		7.8842789e-05
3.4500000e+02		3.5500000e+02		3.5000000e+02		6.9688123e+02		1.1883090e-02		1.1784731e-02		9.8359188e-05
3.5500000e+02		3.6500000e+02		3.6000000e+02		6.7373475e+02		3.5568446e-02		3.5455707e-02		1.1273930e-04
3.6500000e+02		3.7500000e+02		3.7000000e+02		8.0678585e+02		9.5401473e-02		9.5249235e-02		1.5223794e-04
3.7500000e+02		3.8500000e+02		3.8000000e+02		7.3114779e+02		1.7399538e-01		1.7384249e-01		1.5288568e-04
3.8500000e+02		3.9500000e+02		3.9000000e+02		7.1297536e+02		3.1188598e-01		3.1172328e-01		1.6270350e-04
3.9500000e+02		4.0500000e+02		4.0000000e+02		1.0486559e+03		7.7944825e-01		7.7919066e-01		2.5758912e-04
4.0500000e+02		4.1500000e+02		4.1000000e+02		1.2120188e+03		1.4386859e+00		1.4383691e+00		3.1674361e-04
4.1500000e+02		4.2500000e+02		4.2000000e+02		1.2348241e+03		2.2090168e+00		2.2086773e+00		3.3949438e-04
4.2500000e+02		4.3500000e+02		4.3000000e+02		1.1361282e+03		2.9201737e+00		2.9198483e+00		3.2537122e-04
4.3500000e+02		4.4500000e+02		4.4000000e+02		1.3297494e+03		4.6774888e+00		4.6770959e+00		3.9285250e-04
4.4500000e+02		4.5500000e+02		4.5000000e+02		1.4649530e+03		6.8741754e+00		6.8737321e+00		4.4325455e-04
4.5500000e+02		4.6500000e+02		4.6000000e+02		1.5237133e+03		9.2494272e+00		9.2489586e+00		4.6861071e-04
4.6500000e+02		4.7500000e+02		4.7000000e+02		1.4923977e+03		1.1305051e+01		1.1304587e+01		4.6317221e-04
4.7500000e+02		4.8500000e+02		4.8000000e+02		1.5297683e+03		1.4264489e+01		1.4264013e+01		4.7631287e-04
4.8500000e+02		4.9500000e+02		4.9000000e+02		1.4205403e+03		1.5852319e+01		1.5851877e+01		4.4125630e-04
4.9500000e+02		5.0500000e+02		5.0000000e+02		1.4266869e+03		1.8573618e+01		1.8573178e+01		4.4018143e-04
5.0500000e+02		5.1500000e+02		5.1000000e+02		1.4001580e+03		2.1001193e+01		2.1000766e+01		4.2732012e-04
5.1500000e+02		5.2500000e+02		5.2000000e+02		1.3190863e+03		2.3003892e+01		2.3003496e+01		3.9556946e-04
5.2500000e+02		5.3500000e+02		5.3000000e+02		1.3758087e+03		2.6943852e+01		2.6943447e+01		4.0498596e-04
5.3500000e+02		5.4500000e+02		5.4000000e+02		1.3845270e+03		3.0043719e+01		3.0043320e+01		3.9915494e-04
5.4500000e+02		5.5500000e+02		5.5000000e+02		1.4003064e+03		3.3400927e+01		3.3400533e+01		3.9433001e-04
5.5500000e+02		5.6500000e+02		5.6000000e+02		1.3652491e+03		3.6291785e+01		3.6291413e+01		3.7201269e-04
5.6500000e+02		5.7500000e+02		5.7000000e+02		1.3559013e+03		3.7153963e+01		3.7153597e+01		3.6559611e-04
5.7500000e+02		5.8500000e+02		5.8000000e+02		1.3614154e+03		4.1956132e+01		4.1955782e+01		3.5019309e-04
5.8500000e+02		5.9500000e+02		5.9000000e+02		1.3166254e+03		3.4764941e+01		3.4764581e+01		3.5957068e-04
5.9500000e+02		6.0500000e+02		6.0000000e+02		1.3092118e+03		4.2847061e+01		4.2846733e+01		3.2727971e-04
6.0500000e+02		6.1500000e+02		6.1000000e+02		1.2895835e+03		4.8657476e+01		4.8657179e+01		2.9676686e-04
6.1500000e+02		6.2500000e+02		6.2000000e+02		1.2519294e+03		4.9819240e+01		4.9818963e+01		2.7746191e-04
6.2500000e+02		6.3500000e+02		6.3000000e+02		1.2408849e+03		4.9287064e+01		4.9286788e+01		2.7539947e-04
6.3500000e+02		6.4500000e+02		6.4000000e+02		1.2189410e+03		5.2312513e+01		5.2312259e+01		2.5411127e-04
6.4500000e+02		6.5500000e+02		6.5000000e+02		1.1925416e+03		4.0966219e+01		4.0965928e+01		2.9057998e-04
6.5500000e+02		6.6500000e+02		6.6000000e+02		1.1328481e+03		5.0816338e+01		5.0816112e+01		2.2671603e-04
6.6500000e+02		6.7500000e+02		6.7000000e+02		1.1536519e+03		5.6406352e+01		5.6406141e+01		2.1046819e-04
6.7500000e+02		6.8500000e+02		6.8000000e+02		1.1295455e+03		5.7155500e+01		5.7155302e+01		1.9747651e-04
6.8500000e+02		6.9500000e+02		6.9000000e+02		1.1109650e+03		4.1539619e+01		4.1539362e+01		2.5720295e-04
6.9500000e+02		7.0500000e+02		7.0000000e+02		1.0941731e+03		3.7260364e+01		3.7260096e+01		2.6789237e-04
7.0500000e+02		7.1500000e+02		7.1000000e+02		1.0647515e+03		5.3840583e+01		5.3840397e+01		1.8631129e-04
7.1500000e+02		7.2500000e+02		7.2000000e+02		1.0265317e+03		2.6569686e+01		2.6569404e+01		2.8217613e-04
7.2500000e+02		7.3500000e+02		7.3000000e+02		1.0059076e+03		5.1582325e+00		5.1579262e+00		3.0626062e-04
7.3500000e+02		7.4500000e+02		7.4000000e+02		9.7906154e+02		4.3509365e+01		4.3509168e+01		1.9770390e-04
7.4500000e+02		7.5500000e+02		7.5000000e+02		9.7082415e+02		5.8497408e+01		5.8497281e+01		1.2678979e-04
7.5500000e+02		7.6500000e+02		7.6000000e+02		9.4932481e+02		5.8596828e+01		5.8596711e+01		1.1744667e-04
7.6500000e+02		7.7500000e+02		7.7000000e+02		9.1637328e+02		5.7718498e+01		5.7718390e+01		1.0792989e-04
7.7500000e+02		7.8500000e+02		7.8000000e+02		8.9687537e+02		5.4743437e+01		5.4743323e+01		1.1384780e-04
7.8500000e+02		7.9500000e+02		7.9000000e+02		8.7402828e+02		3.0873957e+01		3.0873748e+01		2.0961279e-04
7.9500000e+02		8.0500000e+02		8.0000000e+02		8.6073642e+02		4.1057288e+01		4.1057127e+01		1.6157204e-04
8.0500000e+02		8.1500000e+02		8.1000000e+02		8.4764574e+02		3.1832180e+01		3.1831984e+01		1.9567872e-04
8.1500000e+02		8.2500000e+02		8.2000000e+02		8.2228204e+02		4.2031686e+01		4.2031544e+01		1.4185739e-04
8.2500000e+02		8.3500000e+02		8.3000000e+02		8.0606606e+02		3.9292943e+01		3.9292795e+01		1.4758200e-04
8.3500000e+02		8.4500000e+02		8.4000000e+02		7.8636165e+02		3.7654745e+01		3.7654598e+01		1.4697101e-04
8.4500000e+02		8.5500000e+02		8.5000000e+02		7.2980852e+02		3.9489118e+01		3.9489002e+01		1.1602219e-04
