Based on Rugheimer+2013 Modern Earth Model
Z (cm)		N2	CO2	H2O	CH4	SO2	O2	O3	H2S
3.3000000e+04	7.8000000e-01	3.5500000e-04	1.1730000e-02	1.7350000e-06	0.0000000e+00	2.1000000e-01	4.2626542e-08	0.0000000e+00
9.8000000e+04	7.8000000e-01	3.5500000e-04	9.4260000e-03	1.7320000e-06	0.0000000e+00	2.1000000e-01	4.6396268e-08	0.0000000e+00
1.6200000e+05	7.8000000e-01	3.5500000e-04	7.4560000e-03	1.7290000e-06	0.0000000e+00	2.1000000e-01	5.1137895e-08	0.0000000e+00
2.2800000e+05	7.8000000e-01	3.5500000e-04	5.8340000e-03	1.7270000e-06	0.0000000e+00	2.1000000e-01	5.6778720e-08	0.0000000e+00
2.9300000e+05	7.8000000e-01	3.5500000e-04	4.4570000e-03	1.7240000e-06	0.0000000e+00	2.1000000e-01	6.3218313e-08	0.0000000e+00
3.5800000e+05	7.8000000e-01	3.5500000e-04	3.2840000e-03	1.7220000e-06	0.0000000e+00	2.1000000e-01	7.0316999e-08	0.0000000e+00
4.2300000e+05	7.8000000e-01	3.5500000e-04	2.3650000e-03	1.7210000e-06	0.0000000e+00	2.1000000e-01	7.7871377e-08	0.0000000e+00
4.8800000e+05	7.8000000e-01	3.5500000e-04	1.6410000e-03	1.7190000e-06	0.0000000e+00	2.1000000e-01	8.5659686e-08	0.0000000e+00
5.5300000e+05	7.8000000e-01	3.5500000e-04	1.0870000e-03	1.7180000e-06	0.0000000e+00	2.1000000e-01	9.3419414e-08	0.0000000e+00
6.1800000e+05	7.8000000e-01	3.5500000e-04	6.8470000e-04	1.7170000e-06	0.0000000e+00	2.1000000e-01	1.0094821e-07	0.0000000e+00
6.8300000e+05	7.8000000e-01	3.5500000e-04	4.0810000e-04	1.7160000e-06	0.0000000e+00	2.1000000e-01	1.0819656e-07	0.0000000e+00
7.4800000e+05	7.8000000e-01	3.5500000e-04	2.2950000e-04	1.7160000e-06	0.0000000e+00	2.1000000e-01	1.1517123e-07	0.0000000e+00
8.1200000e+05	7.8000000e-01	3.5500000e-04	1.2170000e-04	1.7150000e-06	0.0000000e+00	2.1000000e-01	1.2208128e-07	0.0000000e+00
8.7800000e+05	7.8000000e-01	3.5500000e-04	6.0810000e-05	1.7150000e-06	0.0000000e+00	2.1000000e-01	1.2879056e-07	0.0000000e+00
9.4200000e+05	7.8000000e-01	3.5500000e-04	2.8700000e-05	1.7140000e-06	0.0000000e+00	2.1000000e-01	1.3532110e-07	0.0000000e+00
1.0070000e+06	7.8000000e-01	3.5500000e-04	1.2880000e-05	1.7140000e-06	0.0000000e+00	2.1000000e-01	1.4188175e-07	0.0000000e+00
1.0720000e+06	7.8000000e-01	3.5500000e-04	8.4890000e-06	1.7130000e-06	0.0000000e+00	2.1000000e-01	1.4848346e-07	0.0000000e+00
1.1380000e+06	7.8000000e-01	3.5500000e-04	6.5480000e-06	1.7130000e-06	0.0000000e+00	2.1000000e-01	1.5527881e-07	0.0000000e+00
1.2030000e+06	7.8000000e-01	3.5500000e-04	5.3470000e-06	1.7130000e-06	0.0000000e+00	2.1000000e-01	1.6256242e-07	0.0000000e+00
1.2670000e+06	7.8000000e-01	3.5500000e-04	4.5280000e-06	1.7120000e-06	0.0000000e+00	2.1000000e-01	1.7065339e-07	0.0000000e+00
1.3320000e+06	7.8000000e-01	3.5500000e-04	4.0190000e-06	1.7120000e-06	0.0000000e+00	2.1000000e-01	1.8070783e-07	0.0000000e+00
1.3970000e+06	7.8000000e-01	3.5500000e-04	3.8770000e-06	1.7110000e-06	0.0000000e+00	2.1000000e-01	1.9501710e-07	0.0000000e+00
1.4620000e+06	7.8000000e-01	3.5500000e-04	3.8480000e-06	1.7090000e-06	0.0000000e+00	2.1000000e-01	2.1840257e-07	0.0000000e+00
1.5280000e+06	7.8000000e-01	3.5500000e-04	3.8520000e-06	1.7070000e-06	0.0000000e+00	2.1000000e-01	2.5491728e-07	0.0000000e+00
1.5930000e+06	7.8000000e-01	3.5500000e-04	3.8600000e-06	1.7030000e-06	0.0000000e+00	2.1000000e-01	3.2071078e-07	0.0000000e+00
1.6570000e+06	7.8000000e-01	3.5500000e-04	3.8720000e-06	1.6970000e-06	0.0000000e+00	2.1000000e-01	4.1934624e-07	0.0000000e+00
1.7230000e+06	7.8000000e-01	3.5500000e-04	3.8890000e-06	1.6890000e-06	0.0000000e+00	2.1000000e-01	5.5214709e-07	0.0000000e+00
1.7880000e+06	7.8000000e-01	3.5500000e-04	3.9120000e-06	1.6780000e-06	0.0000000e+00	2.1000000e-01	7.4153254e-07	0.0000000e+00
1.8520000e+06	7.8000000e-01	3.5500000e-04	3.9430000e-06	1.6630000e-06	0.0000000e+00	2.1000000e-01	9.8916238e-07	0.0000000e+00
1.9180000e+06	7.8000000e-01	3.5500000e-04	3.9820000e-06	1.6440000e-06	0.0000000e+00	2.1000000e-01	1.3030935e-06	0.0000000e+00
1.9820000e+06	7.8000000e-01	3.5500000e-04	4.0270000e-06	1.6220000e-06	0.0000000e+00	2.1000000e-01	1.6562346e-06	0.0000000e+00
2.0480000e+06	7.8000000e-01	3.5500000e-04	4.0820000e-06	1.5960000e-06	0.0000000e+00	2.1000000e-01	2.0748804e-06	0.0000000e+00
2.1120000e+06	7.8000000e-01	3.5500000e-04	4.1450000e-06	1.5660000e-06	0.0000000e+00	2.1000000e-01	2.5533845e-06	0.0000000e+00
2.1770000e+06	7.8000000e-01	3.5500000e-04	4.2190000e-06	1.5310000e-06	0.0000000e+00	2.1000000e-01	3.0876080e-06	0.0000000e+00
2.2430000e+06	7.8000000e-01	3.5500000e-04	4.3010000e-06	1.4920000e-06	0.0000000e+00	2.1000000e-01	3.6622213e-06	0.0000000e+00
2.3070000e+06	7.8000000e-01	3.5500000e-04	4.3920000e-06	1.4490000e-06	0.0000000e+00	2.1000000e-01	4.2624490e-06	0.0000000e+00
2.3730000e+06	7.8000000e-01	3.5500000e-04	4.4900000e-06	1.4030000e-06	0.0000000e+00	2.1000000e-01	4.8820637e-06	0.0000000e+00
2.4380000e+06	7.8000000e-01	3.5500000e-04	4.5970000e-06	1.3530000e-06	0.0000000e+00	2.1000000e-01	5.5045795e-06	0.0000000e+00
2.5020000e+06	7.8000000e-01	3.5500000e-04	4.7100000e-06	1.3000000e-06	0.0000000e+00	2.1000000e-01	6.1258735e-06	0.0000000e+00
2.5680000e+06	7.8000000e-01	3.5500000e-04	4.8290000e-06	1.2460000e-06	0.0000000e+00	2.1000000e-01	6.7282773e-06	0.0000000e+00
2.6320000e+06	7.8000000e-01	3.5500000e-04	4.9520000e-06	1.1900000e-06	0.0000000e+00	2.1000000e-01	7.3032889e-06	0.0000000e+00
2.6980000e+06	7.8000000e-01	3.5500000e-04	5.0770000e-06	1.1330000e-06	0.0000000e+00	2.1000000e-01	7.8541799e-06	0.0000000e+00
2.7620000e+06	7.8000000e-01	3.5500000e-04	5.2040000e-06	1.0750000e-06	0.0000000e+00	2.1000000e-01	8.3758310e-06	0.0000000e+00
2.8270000e+06	7.8000000e-01	3.5500000e-04	5.3320000e-06	1.0180000e-06	0.0000000e+00	2.1000000e-01	8.8729969e-06	0.0000000e+00
2.8930000e+06	7.8000000e-01	3.5500000e-04	5.4610000e-06	9.6100000e-07	0.0000000e+00	2.1000000e-01	9.3396647e-06	0.0000000e+00
2.9570000e+06	7.8000000e-01	3.5500000e-04	5.5880000e-06	9.0470000e-07	0.0000000e+00	2.1000000e-01	9.7708499e-06	0.0000000e+00
3.0230000e+06	7.8000000e-01	3.5500000e-04	5.7140000e-06	8.4970000e-07	0.0000000e+00	2.1000000e-01	1.0160152e-05	0.0000000e+00
3.0880000e+06	7.8000000e-01	3.5500000e-04	5.8380000e-06	7.9590000e-07	0.0000000e+00	2.1000000e-01	1.0489525e-05	0.0000000e+00
3.1530000e+06	7.8000000e-01	3.5500000e-04	5.9600000e-06	7.4360000e-07	0.0000000e+00	2.1000000e-01	1.0752750e-05	0.0000000e+00
3.2180000e+06	7.8000000e-01	3.5500000e-04	6.0790000e-06	6.9300000e-07	0.0000000e+00	2.1000000e-01	1.0955148e-05	0.0000000e+00
3.2830000e+06	7.8000000e-01	3.5500000e-04	6.1950000e-06	6.4420000e-07	0.0000000e+00	2.1000000e-01	1.1108754e-05	0.0000000e+00
3.3480000e+06	7.8000000e-01	3.5500000e-04	6.3070000e-06	5.9720000e-07	0.0000000e+00	2.1000000e-01	1.1210283e-05	0.0000000e+00
3.4130000e+06	7.8000000e-01	3.5500000e-04	6.4150000e-06	5.5220000e-07	0.0000000e+00	2.1000000e-01	1.1274722e-05	0.0000000e+00
3.4780000e+06	7.8000000e-01	3.5500000e-04	6.5200000e-06	5.0910000e-07	0.0000000e+00	2.1000000e-01	1.1296552e-05	0.0000000e+00
3.5430000e+06	7.8000000e-01	3.5500000e-04	6.6200000e-06	4.6800000e-07	0.0000000e+00	2.1000000e-01	1.1286742e-05	0.0000000e+00
3.6080000e+06	7.8000000e-01	3.5500000e-04	6.7160000e-06	4.2910000e-07	0.0000000e+00	2.1000000e-01	1.1247660e-05	0.0000000e+00
3.6730000e+06	7.8000000e-01	3.5500000e-04	6.8070000e-06	3.9240000e-07	0.0000000e+00	2.1000000e-01	1.1180984e-05	0.0000000e+00
3.7380000e+06	7.8000000e-01	3.5500000e-04	6.8940000e-06	3.5800000e-07	0.0000000e+00	2.1000000e-01	1.1077313e-05	0.0000000e+00
3.8030000e+06	7.8000000e-01	3.5500000e-04	6.9760000e-06	3.2550000e-07	0.0000000e+00	2.1000000e-01	1.0950935e-05	0.0000000e+00
3.8680000e+06	7.8000000e-01	3.5500000e-04	7.0530000e-06	2.9500000e-07	0.0000000e+00	2.1000000e-01	1.0774632e-05	0.0000000e+00
3.9330000e+06	7.8000000e-01	3.5500000e-04	7.1270000e-06	2.6650000e-07	0.0000000e+00	2.1000000e-01	1.0552621e-05	0.0000000e+00
3.9980000e+06	7.8000000e-01	3.5500000e-04	7.1950000e-06	2.3990000e-07	0.0000000e+00	2.1000000e-01	1.0278491e-05	0.0000000e+00
4.0630000e+06	7.8000000e-01	3.5500000e-04	7.2590000e-06	2.1550000e-07	0.0000000e+00	2.1000000e-01	9.9567056e-06	0.0000000e+00
4.1280000e+06	7.8000000e-01	3.5500000e-04	7.3170000e-06	1.9320000e-07	0.0000000e+00	2.1000000e-01	9.5932722e-06	0.0000000e+00
4.1930000e+06	7.8000000e-01	3.5500000e-04	7.3710000e-06	1.7290000e-07	0.0000000e+00	2.1000000e-01	9.1958284e-06	0.0000000e+00
4.2580000e+06	7.8000000e-01	3.5500000e-04	7.4200000e-06	1.5450000e-07	0.0000000e+00	2.1000000e-01	8.7717662e-06	0.0000000e+00
4.3230000e+06	7.8000000e-01	3.5500000e-04	7.4630000e-06	1.3800000e-07	0.0000000e+00	2.1000000e-01	8.3386511e-06	0.0000000e+00
4.3880000e+06	7.8000000e-01	3.5500000e-04	7.5030000e-06	1.2310000e-07	0.0000000e+00	2.1000000e-01	7.9030785e-06	0.0000000e+00
4.4530000e+06	7.8000000e-01	3.5500000e-04	7.5380000e-06	1.1000000e-07	0.0000000e+00	2.1000000e-01	7.4753637e-06	0.0000000e+00
4.5180000e+06	7.8000000e-01	3.5500000e-04	7.5690000e-06	9.8500000e-08	0.0000000e+00	2.1000000e-01	7.0601123e-06	0.0000000e+00
4.5830000e+06	7.8000000e-01	3.5500000e-04	7.5950000e-06	8.8440000e-08	0.0000000e+00	2.1000000e-01	6.6553179e-06	0.0000000e+00
4.6480000e+06	7.8000000e-01	3.5500000e-04	7.6180000e-06	7.9680000e-08	0.0000000e+00	2.1000000e-01	6.2703078e-06	0.0000000e+00
4.7130000e+06	7.8000000e-01	3.5500000e-04	7.6380000e-06	7.2110000e-08	0.0000000e+00	2.1000000e-01	5.8999999e-06	0.0000000e+00
4.7780000e+06	7.8000000e-01	3.5500000e-04	7.6540000e-06	6.5610000e-08	0.0000000e+00	2.1000000e-01	5.5552220e-06	0.0000000e+00
4.8430000e+06	7.8000000e-01	3.5500000e-04	7.6680000e-06	6.0030000e-08	0.0000000e+00	2.1000000e-01	5.2254871e-06	0.0000000e+00
4.9080000e+06	7.8000000e-01	3.5500000e-04	7.6790000e-06	5.5270000e-08	0.0000000e+00	2.1000000e-01	4.9193743e-06	0.0000000e+00
4.9730000e+06	7.8000000e-01	3.5500000e-04	7.6880000e-06	5.1180000e-08	0.0000000e+00	2.1000000e-01	4.6408536e-06	0.0000000e+00
5.0380000e+06	7.8000000e-01	3.5500000e-04	7.6950000e-06	4.7660000e-08	0.0000000e+00	2.1000000e-01	4.3826099e-06	0.0000000e+00
5.1030000e+06	7.8000000e-01	3.5500000e-04	7.7010000e-06	4.4650000e-08	0.0000000e+00	2.1000000e-01	4.1396670e-06	0.0000000e+00
5.1680000e+06	7.8000000e-01	3.5500000e-04	7.7050000e-06	4.2060000e-08	0.0000000e+00	2.1000000e-01	3.9144426e-06	0.0000000e+00
5.2330000e+06	7.8000000e-01	3.5500000e-04	7.7080000e-06	3.9850000e-08	0.0000000e+00	2.1000000e-01	3.6997158e-06	0.0000000e+00
5.2980000e+06	7.8000000e-01	3.5500000e-04	7.7090000e-06	3.7960000e-08	0.0000000e+00	2.1000000e-01	3.4986172e-06	0.0000000e+00
5.3630000e+06	7.8000000e-01	3.5500000e-04	7.7100000e-06	3.6340000e-08	0.0000000e+00	2.1000000e-01	3.3075758e-06	0.0000000e+00
5.4280000e+06	7.8000000e-01	3.5500000e-04	7.7090000e-06	3.4950000e-08	0.0000000e+00	2.1000000e-01	3.1275059e-06	0.0000000e+00
5.4930000e+06	7.8000000e-01	3.5500000e-04	7.7080000e-06	3.3760000e-08	0.0000000e+00	2.1000000e-01	2.9544697e-06	0.0000000e+00
5.5580000e+06	7.8000000e-01	3.5500000e-04	7.7050000e-06	3.2740000e-08	0.0000000e+00	2.1000000e-01	2.7885545e-06	0.0000000e+00
5.6230000e+06	7.8000000e-01	3.5500000e-04	7.7030000e-06	3.1870000e-08	0.0000000e+00	2.1000000e-01	2.6280765e-06	0.0000000e+00
5.6880000e+06	7.8000000e-01	3.5500000e-04	7.6990000e-06	3.1140000e-08	0.0000000e+00	2.1000000e-01	2.4723394e-06	0.0000000e+00
5.7530000e+06	7.8000000e-01	3.5500000e-04	7.6950000e-06	3.0520000e-08	0.0000000e+00	2.1000000e-01	2.3184593e-06	0.0000000e+00
5.8180000e+06	7.8000000e-01	3.5500000e-04	7.6910000e-06	3.0010000e-08	0.0000000e+00	2.1000000e-01	2.1680643e-06	0.0000000e+00
5.8830000e+06	7.8000000e-01	3.5500000e-04	7.6860000e-06	2.9570000e-08	0.0000000e+00	2.1000000e-01	2.0219480e-06	0.0000000e+00
5.9480000e+06	7.8000000e-01	3.5500000e-04	7.6810000e-06	2.9210000e-08	0.0000000e+00	2.1000000e-01	1.8819449e-06	0.0000000e+00
6.0130000e+06	7.8000000e-01	3.5500000e-04	7.6750000e-06	2.8910000e-08	0.0000000e+00	2.1000000e-01	1.7499488e-06	0.0000000e+00
6.0780000e+06	7.8000000e-01	3.5500000e-04	7.6700000e-06	2.8660000e-08	0.0000000e+00	2.1000000e-01	1.6288034e-06	0.0000000e+00
6.1430000e+06	7.8000000e-01	3.5500000e-04	7.6640000e-06	2.8460000e-08	0.0000000e+00	2.1000000e-01	1.5221808e-06	0.0000000e+00
6.2080000e+06	7.8000000e-01	3.5500000e-04	7.6580000e-06	2.8300000e-08	0.0000000e+00	2.1000000e-01	1.4360443e-06	0.0000000e+00
6.2730000e+06	7.8000000e-01	3.5500000e-04	7.6530000e-06	2.8180000e-08	0.0000000e+00	2.1000000e-01	1.3791281e-06	0.0000000e+00
6.3380000e+06	7.8000000e-01	3.5500000e-04	7.6470000e-06	2.8090000e-08	0.0000000e+00	2.1000000e-01	1.3794633e-06	0.0000000e+00
6.4030000e+06	7.8000000e-01	3.5500000e-04	7.6420000e-06	2.8020000e-08	0.0000000e+00	2.1000000e-01	1.5021624e-06	0.0000000e+00
6.4680000e+06	7.8000000e-01	3.5500000e-04	7.6380000e-06	2.7990000e-08	0.0000000e+00	2.1000000e-01	2.0261532e-06	0.0000000e+00
