Left Bin Edge (nm)	Right Bin Edge (nm)	Bin Center (nm)		Top of Atm Intensity (erg/s/nm/cm2)		Total Surface Flux (erg/s/nm/cm2)		Total Intensity at BOA (erg/s/nm/cm2)		Total Surface Intensity (erg/s/nm/cm2)		Total Surface Diffuse Intensity (erg/s/nm/cm2)		Total Surface Direct Intensity (erg/s/nm/cm2)
1.0000000e+02		1.0100000e+02		1.0050000e+02		4.4569042e-02		2.4525374e-199		0.0000000e+00		4.2479194e-199		4.2479194e-199		0.0000000e+00
1.0100000e+02		1.0200000e+02		1.0150000e+02		1.7387199e-01		2.8780738e-197		0.0000000e+00		4.9849701e-197		4.9849701e-197		0.0000000e+00
1.0200000e+02		1.0300000e+02		1.0250000e+02		9.2286085e-01		3.0760917e-195		0.0000000e+00		5.3279471e-195		5.3279471e-195		0.0000000e+00
1.0300000e+02		1.0400000e+02		1.0350000e+02		7.0094286e-01		3.0025219e-193		0.0000000e+00		5.2005205e-193		5.2005205e-193		0.0000000e+00
1.0400000e+02		1.0500000e+02		1.0450000e+02		1.4124828e-01		2.6834655e-191		0.0000000e+00		4.6478986e-191		4.6478986e-191		0.0000000e+00
1.0500000e+02		1.0600000e+02		1.0550000e+02		4.8389941e-02		2.2015022e-189		0.0000000e+00		3.8131136e-189		3.8131136e-189		0.0000000e+00
1.0600000e+02		1.0700000e+02		1.0650000e+02		4.5487167e-02		1.6618998e-187		0.0000000e+00		2.8784949e-187		2.8784949e-187		0.0000000e+00
1.0700000e+02		1.0800000e+02		1.0750000e+02		5.0757295e-02		1.1570799e-185		0.0000000e+00		2.0041213e-185		2.0041213e-185		0.0000000e+00
1.0800000e+02		1.0900000e+02		1.0850000e+02		7.1152114e-02		7.4467219e-184		0.0000000e+00		1.2898101e-183		1.2898101e-183		0.0000000e+00
1.0900000e+02		1.1000000e+02		1.0950000e+02		5.5817450e-02		4.4395751e-182		0.0000000e+00		7.6895696e-182		7.6895696e-182		0.0000000e+00
1.1000000e+02		1.1100000e+02		1.1050000e+02		5.4043772e-02		2.4570681e-180		0.0000000e+00		4.2557667e-180		4.2557667e-180		0.0000000e+00
1.1100000e+02		1.1200000e+02		1.1150000e+02		5.0797691e-02		1.2649103e-178		0.0000000e+00		2.1908888e-178		2.1908888e-178		0.0000000e+00
1.1200000e+02		1.1300000e+02		1.1250000e+02		5.1969037e-02		6.0686546e-177		0.0000000e+00		1.0511218e-176		1.0511218e-176		0.0000000e+00
1.1300000e+02		1.1400000e+02		1.1350000e+02		4.1221387e-02		2.7184767e-175		0.0000000e+00		4.7085398e-175		4.7085398e-175		0.0000000e+00
1.1400000e+02		1.1500000e+02		1.1450000e+02		3.1562600e-02		1.1390508e-173		0.0000000e+00		1.9728938e-173		1.9728938e-173		0.0000000e+00
1.1500000e+02		1.1600000e+02		1.1550000e+02		4.3552050e-02		4.4715323e-172		0.0000000e+00		7.7449211e-172		7.7449211e-172		0.0000000e+00
1.1600000e+02		1.1700000e+02		1.1650000e+02		1.0143732e-01		1.6467653e-170		0.0000000e+00		2.8522812e-170		2.8522812e-170		0.0000000e+00
1.1700000e+02		1.1800000e+02		1.1750000e+02		3.6108525e-01		5.6983643e-169		0.0000000e+00		9.8698565e-169		9.8698565e-169		0.0000000e+00
1.1800000e+02		1.1900000e+02		1.1850000e+02		1.2283927e-01		1.8513664e-167		0.0000000e+00		3.2066606e-167		3.2066606e-167		0.0000000e+00
1.1900000e+02		1.2000000e+02		1.1950000e+02		1.7115732e-01		5.6844769e-166		0.0000000e+00		9.8458028e-166		9.8458028e-166		0.0000000e+00
1.2000000e+02		1.2100000e+02		1.2050000e+02		9.3056497e-01		1.6534319e-164		0.0000000e+00		2.8638280e-164		2.8638280e-164		0.0000000e+00
1.2100000e+02		1.2200000e+02		1.2150000e+02		3.6941242e+01		4.5510238e-163		0.0000000e+00		7.8826045e-163		7.8826045e-163		0.0000000e+00
1.2200000e+02		1.2300000e+02		1.2250000e+02		2.4773856e-01		1.1856487e-161		2.2227587e-162		2.0536038e-161		2.0536038e-161		0.0000000e+00
1.2300000e+02		1.2400000e+02		1.2350000e+02		1.3344721e-01		2.9282707e-160		4.8034223e-161		5.0719137e-160		5.0719137e-160		0.0000000e+00
1.2400000e+02		1.2500000e+02		1.2450000e+02		1.0726631e-01		6.8651101e-159		1.0569633e-159		1.1890719e-158		1.1890719e-158		0.0000000e+00
1.2500000e+02		1.2600000e+02		1.2550000e+02		1.0471361e-01		1.5296059e-157		2.2789729e-158		2.6493551e-157		2.6493551e-157		0.0000000e+00
1.2600000e+02		1.2700000e+02		1.2650000e+02		1.4644878e-01		3.2435552e-156		4.7309762e-157		5.6180024e-156		5.6180024e-156		0.0000000e+00
1.2700000e+02		1.2800000e+02		1.2750000e+02		7.6659940e-02		6.5535518e-155		9.4883244e-156		1.1351085e-154		1.1351085e-154		0.0000000e+00
1.2800000e+02		1.2900000e+02		1.2850000e+02		6.1165494e-02		1.2631307e-153		1.8351569e-154		2.1878065e-153		2.1878065e-153		0.0000000e+00
1.2900000e+02		1.3000000e+02		1.2950000e+02		8.1594975e-02		2.3250607e-152		3.4027672e-153		4.0271233e-152		4.0271233e-152		0.0000000e+00
1.3000000e+02		1.3100000e+02		1.3050000e+02		6.7007791e-01		4.0916287e-151		6.0522749e-152		7.0869088e-151		7.0869088e-151		0.0000000e+00
1.3100000e+02		1.3200000e+02		1.3150000e+02		9.0731094e-02		6.8908068e-150		1.0364386e-150		1.1935228e-149		1.1935228e-149		0.0000000e+00
1.3200000e+02		1.3300000e+02		1.3250000e+02		7.0547730e-02		1.1117086e-148		1.7085583e-149		1.9255358e-148		1.9255358e-148		0.0000000e+00
1.3300000e+02		1.3400000e+02		1.3350000e+02		9.5357088e-01		1.7198512e-147		2.7037769e-148		2.9788697e-147		2.9788697e-147		0.0000000e+00
1.3400000e+02		1.3500000e+02		1.3450000e+02		6.5246966e-02		2.5537510e-146		4.1090403e-147		4.4232266e-146		4.4232266e-146		0.0000000e+00
1.3500000e+02		1.3600000e+02		1.3550000e+02		1.3692679e-01		3.6427562e-145		6.0288750e-146		6.3094388e-145		6.3094388e-145		0.0000000e+00
1.3600000e+02		1.3700000e+02		1.3650000e+02		8.9861989e-02		4.9965458e-144		8.4637869e-145		8.6542711e-144		8.6542711e-144		0.0000000e+00
1.3700000e+02		1.3800000e+02		1.3750000e+02		9.2282630e-02		6.5953680e-143		1.1461961e-143		1.1423512e-142		1.1423512e-142		0.0000000e+00
1.3800000e+02		1.3900000e+02		1.3850000e+02		9.4180145e-02		8.3853093e-142		1.4920027e-142		1.4523782e-141		1.4523782e-141		0.0000000e+00
1.3900000e+02		1.4000000e+02		1.3950000e+02		3.1801144e-01		1.0276963e-140		1.8674392e-141		1.7800222e-140		1.7800222e-140		0.0000000e+00
1.4000000e+02		1.4100000e+02		1.4050000e+02		2.7729440e-01		1.2151324e-139		2.2471681e-140		2.1046711e-139		2.1046711e-139		0.0000000e+00
1.4100000e+02		1.4200000e+02		1.4150000e+02		1.3359910e-01		1.3870993e-138		2.6119391e-139		2.4025264e-138		2.4025264e-138		0.0000000e+00
1.4200000e+02		1.4300000e+02		1.4250000e+02		1.4479671e-01		1.5298231e-137		2.9332169e-138		2.6497314e-137		2.6497314e-137		0.0000000e+00
1.4300000e+02		1.4400000e+02		1.4350000e+02		1.6064305e-01		1.6313364e-136		3.1817863e-137		2.8255575e-136		2.8255575e-136		0.0000000e+00
1.4400000e+02		1.4500000e+02		1.4450000e+02		1.5363637e-01		1.6830971e-135		3.3418527e-136		2.9152098e-135		2.9152098e-135		0.0000000e+00
1.4500000e+02		1.4600000e+02		1.4550000e+02		1.6382583e-01		1.6812596e-134		3.4003823e-135		2.9120270e-134		2.9120270e-134		0.0000000e+00
1.4600000e+02		1.4700000e+02		1.4650000e+02		1.9977093e-01		1.6270623e-133		3.3560323e-134		2.8181545e-133		2.8181545e-133		0.0000000e+00
1.4700000e+02		1.4800000e+02		1.4750000e+02		2.4643334e-01		1.5265358e-132		3.2099928e-133		2.6440375e-132		2.6440375e-132		0.0000000e+00
1.4800000e+02		1.4900000e+02		1.4850000e+02		2.4167300e-01		1.3893873e-131		2.9742944e-132		2.4064893e-131		2.4064893e-131		0.0000000e+00
1.4900000e+02		1.5000000e+02		1.4950000e+02		2.1832777e-01		1.2274588e-130		2.6759701e-131		2.1260211e-130		2.1260211e-130		0.0000000e+00
1.5000000e+02		1.5100000e+02		1.5050000e+02		2.4023073e-01		1.0532005e-129		2.3405967e-130		1.8241968e-129		1.8241968e-129		0.0000000e+00
1.5100000e+02		1.5200000e+02		1.5150000e+02		2.5258505e-01		8.7819502e-129		1.9902657e-129		1.5210784e-128		1.5210784e-128		0.0000000e+00
1.5200000e+02		1.5300000e+02		1.5250000e+02		3.2229547e-01		7.1200754e-128		1.6474871e-128		1.2332332e-127		1.2332332e-127		0.0000000e+00
1.5300000e+02		1.5400000e+02		1.5350000e+02		3.5701286e-01		5.6162923e-127		1.3250937e-127		9.7277036e-127		9.7277036e-127		0.0000000e+00
1.5400000e+02		1.5500000e+02		1.5450000e+02		9.5486931e-01		4.3123582e-126		1.0367046e-126		7.4692236e-126		7.4692236e-126		0.0000000e+00
1.5500000e+02		1.5600000e+02		1.5550000e+02		7.8587524e-01		3.2246816e-125		7.9108073e-126		5.5853124e-125		5.5853124e-125		0.0000000e+00
1.5600000e+02		1.5700000e+02		1.5650000e+02		4.6648084e-01		2.3494373e-124		5.9033005e-125		4.0693447e-124		4.0693447e-124		0.0000000e+00
1.5700000e+02		1.5800000e+02		1.5750000e+02		4.2309893e-01		1.6688799e-123		4.2805661e-124		2.8905848e-123		2.8905848e-123		0.0000000e+00
1.5800000e+02		1.5900000e+02		1.5850000e+02		3.9008072e-01		1.1562659e-122		3.0250527e-123		2.0027113e-122		2.0027113e-122		0.0000000e+00
1.5900000e+02		1.6000000e+02		1.5950000e+02		3.8042347e-01		7.8158965e-122		2.1012839e-122		1.3537530e-121		1.3537530e-121		0.0000000e+00
1.6000000e+02		1.6100000e+02		1.6050000e+02		4.1635449e-01		5.1581386e-121		1.4207920e-121		8.9341582e-121		8.9341582e-121		0.0000000e+00
1.6100000e+02		1.6200000e+02		1.6150000e+02		4.7164413e-01		3.3251105e-120		9.3497682e-121		5.7592604e-120		5.7592604e-120		0.0000000e+00
1.6200000e+02		1.6300000e+02		1.6250000e+02		5.2241459e-01		2.0937452e-119		6.0805514e-120		3.6264731e-119		3.6264731e-119		0.0000000e+00
1.6300000e+02		1.6400000e+02		1.6350000e+02		1.1072121e+00		1.2887299e-118		3.8648020e-119		2.2321457e-118		2.2321457e-118		0.0000000e+00
1.6400000e+02		1.6500000e+02		1.6450000e+02		1.1323318e+00		7.7594015e-118		2.3805544e-118		1.3439678e-117		1.3439678e-117		0.0000000e+00
1.6500000e+02		1.6600000e+02		1.6550000e+02		1.3255566e+00		4.5672260e-117		1.4654184e-117		7.9106675e-117		7.9106675e-117		0.0000000e+00
1.6600000e+02		1.6700000e+02		1.6650000e+02		6.2522883e-01		2.6310132e-116		8.8102681e-117		4.5570485e-116		4.5570485e-116		0.0000000e+00
1.6700000e+02		1.6800000e+02		1.6750000e+02		6.6723830e-01		1.4844874e-115		5.1290509e-116		2.5712075e-115		2.5712075e-115		0.0000000e+00
1.6800000e+02		1.6900000e+02		1.6850000e+02		7.1904320e-01		8.1905068e-115		3.0258575e-115		1.4186374e-114		1.4186374e-114		6.4983393e-256
1.6900000e+02		1.7000000e+02		1.6950000e+02		9.0554889e-01		4.4346195e-114		1.6872701e-114		7.6809864e-114		7.6809864e-114		3.6749424e-231
1.7000000e+02		1.7100000e+02		1.7050000e+02		1.0161854e+00		2.3488188e-113		9.5410860e-114		4.0682735e-113		4.0682735e-113		4.8404915e-179
1.7100000e+02		1.7200000e+02		1.7150000e+02		1.0130704e+00		1.2189975e-112		5.3080589e-113		2.1113657e-112		2.1113657e-112		2.3640749e-140
1.7200000e+02		1.7300000e+02		1.7250000e+02		1.0571150e+00		1.7344446e-110		4.1546818e-104		1.8428722e-110		2.5654227e-111		1.5863299e-110
1.7300000e+02		1.7400000e+02		1.7350000e+02		1.0479596e+00		1.4456175e-87		1.8211897e-82		1.5130515e-87		1.5955065e-88		1.3535009e-87
1.7400000e+02		1.7500000e+02		1.7450000e+02		1.2530722e+00		3.4847809e-70		4.7250115e-66		3.6837415e-70		4.7074588e-71		3.2129956e-70
1.7500000e+02		1.7600000e+02		1.7550000e+02		1.4954862e+00		1.1205379e-49		1.1011469e-46		1.2101181e-49		2.1194881e-50		9.9816924e-50
1.7600000e+02		1.7700000e+02		1.7650000e+02		1.6135596e+00		4.6165278e-40		1.3314077e-37		5.0683286e-40		1.0689722e-40		3.9993564e-40
1.7700000e+02		1.7800000e+02		1.7750000e+02		1.9010195e+00		5.4179317e-32		5.6485024e-30		6.0753744e-32		1.5555262e-32		4.5198483e-32
1.7800000e+02		1.7900000e+02		1.7850000e+02		2.0776624e+00		1.1192020e-25		5.2891832e-24		1.2874861e-25		3.9816448e-26		8.8932159e-26
1.7900000e+02		1.8000000e+02		1.7950000e+02		2.0198657e+00		3.8961850e-20		9.2481962e-19		4.6475944e-20		1.7778535e-20		2.8697408e-20
1.8000000e+02		1.8100000e+02		1.8050000e+02		2.4976225e+00		1.9893307e-16		3.0486308e-15		2.4591870e-16		1.1116920e-16		1.3474950e-16
1.8100000e+02		1.8200000e+02		1.8150000e+02		3.0410490e+00		3.9380637e-13		4.1585347e-12		5.1103430e-13		2.7736425e-13		2.3367005e-13
1.8200000e+02		1.8300000e+02		1.8250000e+02		2.8073836e+00		5.5449276e-10		4.1927156e-09		7.7988249e-10		5.3327782e-10		2.4660466e-10
1.8300000e+02		1.8400000e+02		1.8350000e+02		2.9562417e+00		4.9998390e-09		3.4455534e-08		7.2217132e-09		5.2570109e-09		1.9647023e-09
1.8400000e+02		1.8500000e+02		1.8450000e+02		2.5409769e+00		7.6311942e-07		4.3622680e-06		1.2124683e-06		1.0631708e-06		1.4929750e-07
1.8500000e+02		1.8600000e+02		1.8550000e+02		2.8735562e+00		1.8137356e-06		1.0015358e-05		2.8991544e-06		2.5681284e-06		3.3102602e-07
1.8600000e+02		1.8700000e+02		1.8650000e+02		3.2604304e+00		1.2010124e-04		5.6492411e-04		2.0309743e-04		1.9637109e-04		6.7263363e-06
1.8700000e+02		1.8800000e+02		1.8750000e+02		3.6946466e+00		2.6318139e-04		1.2002852e-03		4.4622085e-04		4.3307602e-04		1.3144831e-05
1.8800000e+02		1.8900000e+02		1.8850000e+02		3.8870616e+00		4.4017729e-03		1.7904614e-02		7.5730632e-03		7.5033535e-03		6.9709700e-05
1.8900000e+02		1.9000000e+02		1.8950000e+02		4.3106081e+00		8.5043170e-03		3.3833190e-02		1.4642478e-02		1.4523045e-02		1.1943324e-04
1.9000000e+02		1.9100000e+02		1.9050000e+02		4.4384288e+00		4.6816096e-02		1.7582819e-01		8.0872206e-02		8.0577621e-02		2.9458520e-04
1.9100000e+02		1.9200000e+02		1.9150000e+02		4.8094361e+00		1.1092951e-01		4.0710053e-01		1.9176435e-01		1.9125729e-01		5.0706480e-04
1.9200000e+02		1.9300000e+02		1.9250000e+02		5.0365493e+00		2.1934074e-01		7.9171585e-01		3.7933689e-01		3.7855496e-01		7.8192885e-04
1.9300000e+02		1.9400000e+02		1.9350000e+02		3.8447944e+00		3.5386261e-01		1.2562880e+00		6.1226137e-01		6.1137804e-01		8.8333576e-04
1.9400000e+02		1.9500000e+02		1.9450000e+02		6.1679797e+00		8.7979117e-01		3.0970972e+00		1.5224600e+00		1.5205709e+00		1.8891557e-03
1.9500000e+02		1.9600000e+02		1.9550000e+02		5.9528271e+00		1.5469635e+00		5.3938039e+00		2.6776106e+00		2.6751398e+00		2.4707799e-03
1.9600000e+02		1.9700000e+02		1.9650000e+02		6.5508102e+00		2.2670860e+00		7.8721621e+00		3.9242123e+00		3.9208028e+00		3.4094915e-03
1.9700000e+02		1.9800000e+02		1.9750000e+02		6.5190955e+00		3.0127865e+00		1.0423169e+01		5.2152122e+00		5.2109952e+00		4.2169932e-03
1.9800000e+02		1.9900000e+02		1.9850000e+02		6.3883794e+00		3.9799240e+00		1.3723938e+01		6.8897011e+00		6.8846067e+00		5.0943976e-03
1.9900000e+02		2.0000000e+02		1.9950000e+02		6.7274707e+00		5.1221379e+00		1.7625741e+01		8.8670644e+00		8.8605912e+00		6.4731982e-03
2.0000000e+02		2.0100000e+02		2.0050000e+02		7.1125146e+00		6.1962690e+00		2.1291484e+01		1.0726292e+01		1.0718150e+01		8.1419836e-03
2.0100000e+02		2.0200000e+02		2.0150000e+02		7.5701275e+00		7.5623294e+00		2.5950488e+01		1.3090813e+01		1.3080534e+01		1.0279673e-02
2.0200000e+02		2.0300000e+02		2.0250000e+02		7.4828608e+00		7.5311077e+00		2.5830984e+01		1.3035609e+01		1.3023789e+01		1.1819485e-02
2.0300000e+02		2.0400000e+02		2.0350000e+02		8.0092047e+00		8.1195904e+00		2.7836072e+01		1.4052809e+01		1.4038145e+01		1.4663465e-02
2.0400000e+02		2.0500000e+02		2.0450000e+02		8.6207445e+00		8.8006334e+00		3.0156565e+01		1.5229827e+01		1.5211635e+01		1.8191778e-02
2.0500000e+02		2.0600000e+02		2.0550000e+02		8.6400754e+00		8.8797411e+00		3.0413291e+01		1.5364852e+01		1.5343936e+01		2.0915330e-02
2.0600000e+02		2.0700000e+02		2.0650000e+02		8.6510225e+00		8.9489579e+00		3.0635879e+01		1.5482531e+01		1.5458600e+01		2.3930969e-02
2.0700000e+02		2.0800000e+02		2.0750000e+02		9.3957826e+00		9.7807390e+00		3.3467521e+01		1.6919075e+01		1.6889484e+01		2.9590792e-02
2.0800000e+02		2.0900000e+02		2.0850000e+02		1.0163489e+01		1.0644599e+01		3.6406090e+01		1.8410405e+01		1.8374094e+01		3.6310859e-02
2.0900000e+02		2.1000000e+02		2.0950000e+02		1.3129215e+01		1.3832148e+01		4.7285259e+01		2.3919165e+01		2.3866139e+01		5.3026604e-02
2.1000000e+02		2.1100000e+02		2.1050000e+02		1.6183343e+01		1.7147569e+01		5.8590643e+01		2.9646550e+01		2.9572908e+01		7.3642047e-02
2.1100000e+02		2.1200000e+02		2.1150000e+02		1.8424170e+01		1.9630304e+01		6.7040955e+01		3.3931758e+01		3.3837604e+01		9.4153711e-02
2.1200000e+02		2.1300000e+02		2.1250000e+02		1.6428561e+01		1.7598146e+01		6.0071037e+01		3.0412079e+01		3.0318090e+01		9.3988874e-02
2.1300000e+02		2.1400000e+02		2.1350000e+02		1.6737981e+01		1.8022890e+01		6.1490062e+01		3.1138321e+01		3.1031444e+01		1.0687776e-01
2.1400000e+02		2.1500000e+02		2.1450000e+02		2.1432541e+01		2.3194053e+01		7.9092701e+01		4.0061789e+01		3.9909493e+01		1.5229583e-01
2.1500000e+02		2.1600000e+02		2.1550000e+02		1.8408135e+01		2.0018150e+01		6.8227540e+01		3.4566196e+01		3.4421045e+01		1.4515034e-01
2.1600000e+02		2.1700000e+02		2.1650000e+02		1.7036901e+01		1.8614327e+01		6.3409681e+01		3.2132132e+01		3.1983472e+01		1.4866072e-01
2.1700000e+02		2.1800000e+02		2.1750000e+02		1.7640866e+01		1.9362096e+01		6.5921837e+01		3.3411768e+01		3.3241879e+01		1.6988870e-01
2.1800000e+02		2.1900000e+02		2.1850000e+02		2.3730294e+01		2.6160509e+01		8.9020043e+01		4.5127166e+01		4.4875593e+01		2.5157351e-01
2.1900000e+02		2.2000000e+02		2.1950000e+02		2.5052511e+01		2.7735845e+01		9.4328621e+01		4.7826399e+01		4.7534761e+01		2.9163785e-01
2.2000000e+02		2.2100000e+02		2.2050000e+02		2.5203754e+01		2.8018214e+01		9.5235444e+01		4.8293695e+01		4.7972302e+01		3.2139295e-01
2.2100000e+02		2.2200000e+02		2.2150000e+02		2.0176768e+01		2.2519121e+01		7.6499935e+01		3.8798424e+01		3.8517246e+01		2.8117821e-01
2.2200000e+02		2.2300000e+02		2.2250000e+02		2.7154039e+01		3.0422845e+01		1.0328950e+02		5.2391865e+01		5.1979259e+01		4.1260600e-01
2.2300000e+02		2.2400000e+02		2.2350000e+02		3.5163062e+01		3.9542123e+01		1.3417085e+02		6.8063424e+01		6.7482123e+01		5.8130138e-01
2.2400000e+02		2.2500000e+02		2.2450000e+02		3.2875934e+01		3.7102485e+01		1.2581660e+02		6.3831452e+01		6.3241417e+01		5.9003565e-01
2.2500000e+02		2.2600000e+02		2.2550000e+02		2.8720078e+01		3.2524235e+01		1.1022336e+02		5.5924825e+01		5.5366392e+01		5.5843355e-01
2.2600000e+02		2.2700000e+02		2.2650000e+02		2.1037217e+01		2.3903009e+01		8.0955328e+01		4.1077461e+01		4.0635191e+01		4.4226995e-01
2.2700000e+02		2.2800000e+02		2.2750000e+02		2.0463841e+01		2.3326076e+01		7.8950612e+01		4.0062094e+01		3.9597842e+01		4.6425165e-01
2.2800000e+02		2.2900000e+02		2.2850000e+02		2.8509984e+01		3.2597958e+01		1.1026043e+02		5.5951342e+01		5.5254700e+01		6.9664214e-01
2.2900000e+02		2.3000000e+02		2.2950000e+02		2.5620938e+01		2.9381712e+01		9.9315337e+01		5.0397900e+01		4.9724833e+01		6.7306667e-01
2.3000000e+02		2.3100000e+02		2.3050000e+02		2.9055844e+01		3.3416050e+01		1.1287524e+02		5.7278621e+01		5.6459451e+01		8.1917058e-01
2.3100000e+02		2.3200000e+02		2.3150000e+02		2.7387429e+01		3.1583799e+01		1.0661214e+02		5.4099179e+01		5.3271961e+01		8.2721850e-01
2.3200000e+02		2.3300000e+02		2.3250000e+02		2.9413108e+01		3.4009366e+01		1.1471860e+02		5.8210363e+01		5.7260173e+01		9.5019000e-01
2.3300000e+02		2.3400000e+02		2.3350000e+02		2.6543685e+01		3.0769285e+01		1.0371463e+02		5.2623669e+01		5.1708028e+01		9.1564054e-01
2.3400000e+02		2.3500000e+02		2.3450000e+02		2.3194371e+01		2.6952087e+01		9.0781355e+01		4.6057936e+01		4.5204924e+01		8.5301157e-01
2.3500000e+02		2.3600000e+02		2.3550000e+02		3.1223226e+01		3.6366141e+01		1.2239887e+02		6.2093188e+01		6.0870846e+01		1.2223422e+00
2.3600000e+02		2.3700000e+02		2.3650000e+02		2.8911473e+01		3.3748643e+01		1.1350283e+02		5.7573676e+01		5.6370633e+01		1.2030434e+00
2.3700000e+02		2.3800000e+02		2.3750000e+02		3.0878004e+01		3.6121012e+01		1.2138774e+02		6.1565109e+01		6.0201379e+01		1.3637296e+00
2.3800000e+02		2.3900000e+02		2.3850000e+02		2.5598090e+01		3.0005558e+01		1.0075706e+02		5.1093978e+01		4.9895736e+01		1.1982416e+00
2.3900000e+02		2.4000000e+02		2.3950000e+02		2.7890834e+01		3.2756605e+01		1.0990713e+02		5.5724513e+01		5.4342656e+01		1.3818578e+00
2.4000000e+02		2.4100000e+02		2.4050000e+02		2.5623038e+01		3.0148929e+01		1.0107565e+02		5.1237135e+01		4.9895231e+01		1.3419039e+00
2.4100000e+02		2.4200000e+02		2.4150000e+02		3.0005079e+01		3.5367265e+01		1.1847268e+02		6.0043516e+01		5.8384638e+01		1.6588788e+00
2.4200000e+02		2.4300000e+02		2.4250000e+02		4.1301739e+01		4.8764398e+01		1.6321356e+02		8.2699975e+01		8.0292437e+01		2.4075379e+00
2.4300000e+02		2.4400000e+02		2.4350000e+02		3.8791639e+01		4.5873696e+01		1.5340812e+02		7.7712401e+01		7.5331185e+01		2.3812161e+00
2.4400000e+02		2.4500000e+02		2.4450000e+02		3.6329084e+01		4.3026419e+01		1.4376252e+02		7.2806834e+01		7.0461219e+01		2.3456147e+00
2.4500000e+02		2.4600000e+02		2.4550000e+02		2.9476122e+01		3.4959977e+01		1.1670843e+02		5.9088746e+01		5.7089280e+01		1.9994658e+00
2.4600000e+02		2.4700000e+02		2.4650000e+02		2.8685918e+01		3.4068679e+01		1.1363231e+02		5.7513795e+01		5.5471741e+01		2.0420547e+00
2.4700000e+02		2.4800000e+02		2.4750000e+02		3.1678139e+01		3.7670245e+01		1.2553225e+02		6.3516240e+01		6.1152280e+01		2.3639599e+00
2.4800000e+02		2.4900000e+02		2.4850000e+02		2.5406301e+01		3.0248215e+01		1.0070753e+02		5.0938047e+01		4.8952667e+01		1.9853795e+00
2.4900000e+02		2.5000000e+02		2.4950000e+02		3.0967514e+01		3.6910696e+01		1.2277639e+02		6.2077996e+01		5.9546471e+01		2.5315251e+00
2.5000000e+02		2.5100000e+02		2.5050000e+02		3.3448743e+01		3.9910033e+01		1.3262956e+02		6.7034334e+01		6.4176784e+01		2.8575497e+00
2.5100000e+02		2.5200000e+02		2.5150000e+02		2.7888154e+01		3.3307959e+01		1.1058524e+02		5.5870164e+01		5.3382751e+01		2.4874126e+00
2.5200000e+02		2.5300000e+02		2.5250000e+02		2.5069906e+01		2.9969343e+01		9.9406019e+01		5.0201071e+01		4.7868783e+01		2.3322878e+00
2.5300000e+02		2.5400000e+02		2.5350000e+02		3.1592540e+01		3.7798655e+01		1.2525459e+02		6.3227092e+01		6.0164328e+01		3.0627642e+00
2.5400000e+02		2.5500000e+02		2.5450000e+02		3.5730773e+01		4.2783200e+01		1.4163416e+02		7.1462571e+01		6.7856121e+01		3.6064500e+00
2.5500000e+02		2.5600000e+02		2.5550000e+02		4.8755658e+01		5.8420784e+01		1.9321254e+02		9.7440354e+01		9.2321294e+01		5.1190599e+00
2.5600000e+02		2.5700000e+02		2.5650000e+02		6.2803876e+01		7.5303206e+01		2.4880005e+02		1.2541192e+02		1.1855848e+02		6.8534375e+00
2.5700000e+02		2.5800000e+02		2.5750000e+02		7.8843355e+01		9.4591177e+01		3.1221420e+02		1.5729603e+02		1.4836127e+02		8.9347576e+00
2.5800000e+02		2.5900000e+02		2.5850000e+02		8.2991293e+01		9.9621046e+01		3.2848401e+02		1.6540481e+02		1.5564607e+02		9.7587477e+00
2.5900000e+02		2.6000000e+02		2.5950000e+02		7.0629481e+01		8.4822840e+01		2.7940443e+02		1.4061385e+02		1.3200295e+02		8.6109046e+00
2.6000000e+02		2.6100000e+02		2.6050000e+02		5.7868388e+01		6.9526803e+01		2.2878440e+02		1.1507323e+02		1.0776400e+02		7.3092275e+00
2.6100000e+02		2.6200000e+02		2.6150000e+02		5.9092703e+01		7.1024030e+01		2.3346921e+02		1.1736074e+02		1.0963382e+02		7.7269124e+00
2.6200000e+02		2.6300000e+02		2.6250000e+02		7.0528613e+01		8.4795835e+01		2.7844892e+02		1.3988670e+02		1.3034639e+02		9.5403102e+00
2.6300000e+02		2.6400000e+02		2.6350000e+02		1.0614195e+02		1.2764733e+02		4.1872240e+02		2.1022636e+02		1.9538409e+02		1.4842269e+01
2.6400000e+02		2.6500000e+02		2.6450000e+02		1.6548208e+02		1.9905336e+02		6.5226527e+02		3.2727124e+02		3.0336677e+02		2.3904470e+01
2.6500000e+02		2.6600000e+02		2.6550000e+02		1.7356948e+02		2.0881648e+02		6.8352870e+02		3.4273272e+02		3.1684923e+02		2.5883493e+01
2.6600000e+02		2.6700000e+02		2.6650000e+02		1.6826276e+02		2.0245657e+02		6.6200031e+02		3.3171486e+02		3.0582840e+02		2.5886462e+01
2.6700000e+02		2.6800000e+02		2.6750000e+02		1.6940220e+02		2.0384289e+02		6.6581476e+02		3.3339639e+02		3.0652687e+02		2.6869516e+01
2.6800000e+02		2.6900000e+02		2.6850000e+02		1.6778062e+02		2.0189787e+02		6.5874670e+02		3.2962457e+02		3.0220463e+02		2.7419944e+01
2.6900000e+02		2.7000000e+02		2.6950000e+02		1.5737310e+02		1.8937175e+02		6.1720330e+02		3.0861429e+02		2.8213088e+02		2.6483408e+01
2.7000000e+02		2.7100000e+02		2.7050000e+02		1.8181465e+02		2.1877123e+02		7.1224133e+02		3.5587276e+02		3.2438571e+02		3.1487051e+01
2.7100000e+02		2.7200000e+02		2.7150000e+02		1.5108640e+02		1.8177987e+02		5.9115910e+02		2.9515149e+02		2.6824012e+02		2.6911365e+01
2.7200000e+02		2.7300000e+02		2.7250000e+02		1.2154404e+02		1.4621643e+02		4.7497876e+02		2.3696334e+02		2.1470950e+02		2.2253838e+01
2.7300000e+02		2.7400000e+02		2.7350000e+02		1.2960124e+02		1.5588246e+02		5.0581611e+02		2.5215028e+02		2.2777212e+02		2.4378163e+01
2.7400000e+02		2.7500000e+02		2.7450000e+02		8.9183780e+01		1.0724662e+02		3.4761176e+02		1.7314688e+02		1.5592170e+02		1.7225179e+01
2.7500000e+02		2.7600000e+02		2.7550000e+02		1.1893609e+02		1.4298996e+02		4.6294571e+02		2.3040790e+02		2.0683307e+02		2.3574837e+01
2.7600000e+02		2.7700000e+02		2.7650000e+02		1.6564211e+02		1.9908653e+02		6.4384055e+02		3.2017436e+02		2.8649688e+02		3.3677482e+01
2.7700000e+02		2.7800000e+02		2.7750000e+02		1.5837296e+02		1.9029043e+02		6.1470074e+02		3.0542657e+02		2.7241504e+02		3.3011532e+01
2.7800000e+02		2.7900000e+02		2.7850000e+02		1.0921797e+02		1.3118398e+02		4.2328852e+02		2.1013987e+02		1.8681165e+02		2.3328225e+01
2.7900000e+02		2.8000000e+02		2.7950000e+02		6.1368404e+01		7.3683261e+01		2.3748274e+02		1.1779507e+02		1.0436966e+02		1.3425412e+01
2.8000000e+02		2.8100000e+02		2.8050000e+02		6.7313201e+01		8.0788308e+01		2.6008662e+02		1.2889333e+02		1.1381771e+02		1.5075625e+01
2.8100000e+02		2.8200000e+02		2.8150000e+02		1.3943196e+02		1.6727163e+02		5.3789427e+02		2.6633066e+02		2.3437619e+02		3.1954470e+01
2.8200000e+02		2.8300000e+02		2.8250000e+02		1.8983287e+02		2.2763074e+02		7.3115535e+02		3.6169313e+02		3.1719504e+02		4.4498096e+01
2.8300000e+02		2.8400000e+02		2.8350000e+02		1.9610227e+02		2.3503360e+02		7.5407042e+02		3.7268639e+02		3.2569001e+02		4.6996383e+01
2.8400000e+02		2.8500000e+02		2.8450000e+02		1.4459284e+02		1.7320909e+02		5.5507928e+02		2.7408324e+02		2.3867080e+02		3.5412439e+01
2.8500000e+02		2.8600000e+02		2.8550000e+02		9.2944992e+01		1.1127961e+02		3.5620630e+02		1.7571944e+02		1.5246628e+02		2.3253161e+01
2.8600000e+02		2.8700000e+02		2.8650000e+02		1.9045522e+02		2.2789653e+02		7.2865977e+02		3.5911108e+02		3.1045694e+02		4.8654131e+01
2.8700000e+02		2.8800000e+02		2.8750000e+02		2.2108403e+02		2.6439145e+02		8.4437435e+02		4.1573828e+02		3.5809045e+02		5.7647829e+01
2.8800000e+02		2.8900000e+02		2.8850000e+02		2.1010240e+02		2.5110570e+02		8.0102181e+02		3.9400851e+02		3.3811167e+02		5.5896833e+01
2.8900000e+02		2.9000000e+02		2.8950000e+02		3.1885068e+02		3.8083701e+02		1.2134636e+03		5.9629299e+02		5.0977433e+02		8.6518667e+01
2.9000000e+02		2.9100000e+02		2.9050000e+02		4.1860542e+02		4.9965931e+02		1.5902345e+03		7.8065905e+02		6.6485253e+02		1.1580652e+02
2.9100000e+02		2.9200000e+02		2.9150000e+02		4.0318642e+02		4.8093216e+02		1.5288698e+03		7.4977964e+02		6.3609997e+02		1.1367967e+02
2.9200000e+02		2.9300000e+02		2.9250000e+02		3.5818014e+02		4.2695295e+02		1.3557079e+03		6.6418339e+02		5.6129326e+02		1.0289013e+02
2.9300000e+02		2.9400000e+02		2.9350000e+02		3.7393440e+02		4.4541689e+02		1.4127076e+03		6.9139913e+02		5.8200023e+02		1.0939890e+02
2.9400000e+02		2.9500000e+02		2.9450000e+02		3.4819581e+02		4.1445753e+02		1.3130017e+03		6.4193717e+02		5.3822260e+02		1.0371457e+02
2.9500000e+02		2.9600000e+02		2.9550000e+02		3.7701055e+02		4.4842318e+02		1.4189698e+03		6.9302241e+02		5.7872799e+02		1.1429442e+02
2.9600000e+02		2.9700000e+02		2.9650000e+02		3.4493460e+02		4.0996097e+02		1.2957696e+03		6.3218629e+02		5.2579076e+02		1.0639554e+02
2.9700000e+02		2.9800000e+02		2.9750000e+02		3.5165811e+02		4.1762938e+02		1.3184901e+03		6.4258969e+02		5.3226181e+02		1.1032789e+02
2.9800000e+02		2.9900000e+02		2.9850000e+02		3.0223333e+02		3.5865029e+02		1.1309881e+03		5.5061881e+02		4.5420241e+02		9.6416407e+01
2.9900000e+02		3.0000000e+02		2.9950000e+02		3.4101318e+02		4.0434537e+02		1.2736230e+03		6.1939357e+02		5.0880951e+02		1.1058406e+02
3.0000000e+02		3.0100000e+02		3.0050000e+02		2.7131061e+02		3.2143629e+02		1.0113129e+03		4.9129336e+02		4.0188613e+02		8.9407230e+01
3.0100000e+02		3.0200000e+02		3.0150000e+02		3.1202593e+02		3.6936886e+02		1.1607904e+03		5.6329464e+02		4.5883331e+02		1.0446133e+02
3.0200000e+02		3.0300000e+02		3.0250000e+02		3.2846528e+02		3.8850394e+02		1.2195304e+03		5.9115029e+02		4.7946639e+02		1.1168389e+02
3.0300000e+02		3.0400000e+02		3.0350000e+02		4.2601061e+02		5.0345183e+02		1.5785547e+03		7.6433808e+02		6.1726352e+02		1.4707457e+02
3.0400000e+02		3.0500000e+02		3.0450000e+02		4.0776836e+02		4.8147973e+02		1.5079437e+03		7.2933801e+02		5.8643900e+02		1.4289901e+02
3.0500000e+02		3.0600000e+02		3.0550000e+02		4.1174793e+02		4.8575645e+02		1.5196099e+03		7.3416050e+02		5.8773030e+02		1.4643020e+02
3.0600000e+02		3.0700000e+02		3.0650000e+02		3.9053943e+02		4.6033144e+02		1.4384396e+03		6.9416577e+02		5.5325796e+02		1.4090781e+02
3.0700000e+02		3.0800000e+02		3.0750000e+02		4.3847484e+02		5.1637499e+02		1.6117392e+03		7.7692047e+02		6.1645722e+02		1.6046326e+02
3.0800000e+02		3.0900000e+02		3.0850000e+02		4.3035211e+02		5.0635563e+02		1.5786830e+03		7.6012440e+02		6.0042335e+02		1.5970105e+02
3.0900000e+02		3.1000000e+02		3.0950000e+02		3.4901328e+02		4.1028107e+02		1.2777083e+03		6.1450753e+02		4.8320499e+02		1.3130254e+02
3.1000000e+02		3.1100000e+02		3.1050000e+02		4.3927411e+02		5.1591696e+02		1.6048791e+03		7.7097702e+02		6.0347858e+02		1.6749844e+02
3.1100000e+02		3.1200000e+02		3.1150000e+02		5.2246540e+02		6.1306069e+02		1.9049325e+03		9.1407190e+02		7.1220018e+02		2.0187172e+02
3.1200000e+02		3.1300000e+02		3.1250000e+02		4.6521908e+02		5.4538409e+02		1.6927530e+03		8.1132366e+02		6.2921978e+02		1.8210388e+02
3.1300000e+02		3.1400000e+02		3.1350000e+02		4.9544367e+02		5.8027748e+02		1.7990503e+03		8.6127504e+02		6.6484737e+02		1.9642767e+02
3.1400000e+02		3.1500000e+02		3.1450000e+02		4.6729179e+02		5.4679400e+02		1.6933600e+03		8.0973738e+02		6.2213073e+02		1.8760666e+02
3.1500000e+02		3.1600000e+02		3.1550000e+02		4.5343123e+02		5.3007709e+02		1.6397745e+03		7.8320198e+02		5.9889992e+02		1.8430206e+02
3.1600000e+02		3.1700000e+02		3.1650000e+02		4.4229406e+02		5.1656951e+02		1.5962283e+03		7.6151409e+02		5.7954509e+02		1.8196900e+02
3.1700000e+02		3.1800000e+02		3.1750000e+02		5.6102832e+02		6.5462220e+02		2.0205973e+03		9.6284109e+02		7.2925372e+02		2.3358737e+02
3.1800000e+02		3.1900000e+02		3.1850000e+02		4.6340678e+02		5.4020052e+02		1.6655917e+03		7.9274594e+02		5.9752887e+02		1.9521707e+02
3.1900000e+02		3.2000000e+02		3.1950000e+02		4.9774832e+02		5.7967911e+02		1.7853668e+03		8.4875507e+02		6.3664056e+02		2.1211451e+02
3.2000000e+02		3.2100000e+02		3.2050000e+02		5.7184857e+02		6.6533878e+02		2.0469662e+03		9.7197251e+02		7.2550318e+02		2.4646933e+02
3.2100000e+02		3.2200000e+02		3.2150000e+02		4.8024660e+02		5.5822455e+02		1.7155629e+03		8.1364942e+02		6.0434174e+02		2.0930768e+02
3.2200000e+02		3.2300000e+02		3.2250000e+02		4.8228681e+02		5.6005655e+02		1.7193383e+03		8.1447636e+02		6.0196374e+02		2.1251262e+02
3.2300000e+02		3.2400000e+02		3.2350000e+02		4.6607071e+02		5.4070370e+02		1.6581448e+03		7.8455837e+02		5.7696634e+02		2.0759202e+02
3.2400000e+02		3.2500000e+02		3.2450000e+02		5.4882129e+02		6.3609039e+02		1.9485769e+03		9.2088477e+02		6.7383073e+02		2.4705403e+02
3.2500000e+02		3.2600000e+02		3.2550000e+02		6.3196128e+02		7.3174230e+02		2.2392082e+03		1.0569793e+03		7.6951911e+02		2.8746024e+02
3.2600000e+02		3.2700000e+02		3.2650000e+02		7.1301257e+02		8.2479168e+02		2.5212748e+03		1.1887101e+03		8.6104027e+02		3.2766985e+02
3.2700000e+02		3.2800000e+02		3.2750000e+02		6.8984049e+02		7.9721393e+02		2.4344029e+03		1.1463876e+03		8.2615389e+02		3.2023376e+02
3.2800000e+02		3.2900000e+02		3.2850000e+02		6.6596082e+02		7.6887161e+02		2.3453904e+03		1.1031564e+03		7.9092622e+02		3.1223014e+02
3.2900000e+02		3.3000000e+02		3.2950000e+02		7.7527139e+02		8.9420647e+02		2.7248649e+03		1.2801165e+03		9.1307294e+02		3.6704356e+02
3.3000000e+02		3.3100000e+02		3.3050000e+02		7.3029799e+02		8.4151747e+02		2.5616413e+03		1.2020020e+03		8.5291550e+02		3.4908647e+02
3.3100000e+02		3.3200000e+02		3.3150000e+02		6.9881652e+02		8.0446167e+02		2.4463056e+03		1.1465151e+03		8.0930713e+02		3.3720798e+02
3.3200000e+02		3.3300000e+02		3.3250000e+02		6.8562051e+02		7.8850681e+02		2.3953179e+03		1.1212808e+03		7.8735171e+02		3.3392909e+02
3.3300000e+02		3.3400000e+02		3.3350000e+02		6.5878216e+02		7.5690840e+02		2.2969717e+03		1.0739622e+03		7.5015736e+02		3.2380485e+02
3.3400000e+02		3.3500000e+02		3.3450000e+02		6.9405546e+02		7.9666551e+02		2.4151559e+03		1.1278744e+03		7.8364874e+02		3.4422570e+02
3.3500000e+02		3.3600000e+02		3.3550000e+02		6.8541663e+02		7.8599070e+02		2.3803766e+03		1.1103084e+03		7.6734396e+02		3.4296445e+02
3.3600000e+02		3.3700000e+02		3.3650000e+02		5.6469084e+02		6.4692677e+02		1.9572433e+03		9.1185410e+02		6.2682478e+02		2.8502932e+02
3.3700000e+02		3.3800000e+02		3.3750000e+02		5.9573781e+02		6.8183915e+02		2.0607976e+03		9.5895620e+02		6.5566598e+02		3.0329021e+02
3.3800000e+02		3.3900000e+02		3.3850000e+02		6.4448401e+02		7.3692307e+02		2.2250595e+03		1.0341613e+03		7.0327328e+02		3.3088805e+02
3.3900000e+02		3.4000000e+02		3.3950000e+02		6.7448220e+02		7.7048587e+02		2.3240880e+03		1.0789042e+03		7.2972573e+02		3.4917852e+02
3.4000000e+02		3.4100000e+02		3.4050000e+02		7.1196374e+02		8.1252597e+02		2.4484765e+03		1.1352994e+03		7.6369024e+02		3.7160921e+02
3.4100000e+02		3.4200000e+02		3.4150000e+02		6.4984945e+02		7.4093211e+02		2.2305414e+03		1.0330218e+03		6.9109160e+02		3.4193019e+02
3.4200000e+02		3.4300000e+02		3.4250000e+02		7.0477558e+02		8.0279371e+02		2.4144122e+03		1.1168528e+03		7.4307180e+02		3.7378101e+02
3.4300000e+02		3.4400000e+02		3.4350000e+02		6.9264465e+02		7.8822877e+02		2.3683057e+03		1.0942291e+03		7.2400463e+02		3.7022451e+02
3.4400000e+02		3.4500000e+02		3.4450000e+02		5.5710877e+02		6.3339085e+02		1.9012433e+03		8.7739460e+02		5.7731908e+02		3.0007552e+02
3.4500000e+02		3.4600000e+02		3.4550000e+02		6.7138909e+02		7.6260109e+02		2.2868950e+03		1.0541224e+03		6.8974671e+02		3.6437564e+02
3.4600000e+02		3.4700000e+02		3.4650000e+02		6.5194093e+02		7.3981677e+02		2.2164520e+03		1.0204495e+03		6.6398414e+02		3.5646535e+02
3.4700000e+02		3.4800000e+02		3.4750000e+02		6.4525828e+02		7.3154959e+02		2.1896050e+03		1.0069044e+03		6.5149644e+02		3.5540795e+02
3.4800000e+02		3.4900000e+02		3.4850000e+02		6.6761091e+02		7.5618737e+02		2.2612143e+03		1.0386146e+03		6.6823012e+02		3.7038453e+02
3.4900000e+02		3.5000000e+02		3.4950000e+02		6.3989005e+02		7.2411702e+02		2.1632856e+03		9.9247105e+02		6.3493246e+02		3.5753859e+02
3.5000000e+02		3.5100000e+02		3.5050000e+02		7.6650484e+02		8.6659733e+02		2.5865314e+03		1.1852612e+03		7.5396689e+02		4.3129435e+02
3.5100000e+02		3.5200000e+02		3.5150000e+02		7.1211510e+02		8.0436541e+02		2.3985657e+03		1.0978459e+03		6.9438228e+02		4.0346361e+02
3.5200000e+02		3.5300000e+02		3.5250000e+02		6.5785102e+02		7.4239191e+02		2.2117284e+03		1.0111514e+03		6.3589170e+02		3.7525966e+02
3.5300000e+02		3.5400000e+02		3.5350000e+02		7.5263834e+02		8.4858683e+02		2.5257927e+03		1.1533946e+03		7.2118292e+02		4.3221168e+02
3.5400000e+02		3.5500000e+02		3.5450000e+02		8.0329241e+02		9.0487734e+02		2.6908936e+03		1.2273652e+03		7.6301450e+02		4.6435071e+02
3.5500000e+02		3.5600000e+02		3.5550000e+02		7.5433512e+02		8.4896218e+02		2.5223368e+03		1.1491554e+03		7.1026471e+02		4.3889066e+02
3.5600000e+02		3.5700000e+02		3.5650000e+02		6.5576441e+02		7.3736367e+02		2.1888043e+03		9.9605275e+02		6.1206495e+02		3.8398780e+02
3.5700000e+02		3.5800000e+02		3.5750000e+02		5.7307986e+02		6.4381465e+02		1.9094094e+03		8.6791180e+02		5.3021955e+02		3.3769225e+02
3.5800000e+02		3.5900000e+02		3.5850000e+02		4.9194729e+02		5.5217670e+02		1.6361828e+03		7.4286676e+02		4.5117753e+02		2.9168923e+02
3.5900000e+02		3.6000000e+02		3.5950000e+02		7.1030971e+02		7.9656837e+02		2.3582774e+03		1.0694932e+03		6.4574716e+02		4.2374607e+02
3.6000000e+02		3.6100000e+02		3.6050000e+02		7.0092701e+02		7.8535487e+02		2.3230493e+03		1.0523183e+03		6.3164224e+02		4.2067605e+02
3.6100000e+02		3.6200000e+02		3.6150000e+02		6.5110481e+02		7.2889330e+02		2.1541684e+03		9.7471004e+02		5.8160864e+02		3.9310140e+02
3.6200000e+02		3.6300000e+02		3.6250000e+02		7.3500056e+02		8.2209637e+02		2.4275275e+03		1.0971567e+03		6.5079966e+02		4.4635701e+02
3.6300000e+02		3.6400000e+02		3.6350000e+02		7.1558904e+02		7.9969221e+02		2.3593512e+03		1.0651417e+03		6.2806029e+02		4.3708144e+02
3.6400000e+02		3.6500000e+02		3.6450000e+02		7.4837927e+02		8.3561689e+02		2.4632460e+03		1.1107967e+03		6.5108232e+02		4.5971433e+02
3.6500000e+02		3.6600000e+02		3.6550000e+02		8.5179486e+02		9.5027414e+02		2.7988711e+03		1.2607336e+03		7.3455501e+02		5.2617861e+02
3.6600000e+02		3.6700000e+02		3.6650000e+02		9.1042532e+02		1.0148196e+03		2.9864743e+03		1.3437380e+03		7.7822938e+02		5.6550866e+02
3.6700000e+02		3.6800000e+02		3.6750000e+02		8.7909512e+02		9.7906883e+02		2.8788673e+03		1.2938819e+03		7.4485568e+02		5.4902620e+02
3.6800000e+02		3.6900000e+02		3.6850000e+02		8.1047729e+02		9.0188936e+02		2.6497368e+03		1.1895827e+03		6.8068980e+02		5.0889293e+02
3.6900000e+02		3.7000000e+02		3.6950000e+02		8.9967825e+02		1.0003154e+03		2.9364998e+03		1.3168692e+03		7.4897452e+02		5.6789472e+02
3.7000000e+02		3.7100000e+02		3.7050000e+02		8.4427990e+02		9.3794144e+02		2.7511539e+03		1.2323957e+03		6.9668614e+02		5.3570951e+02
3.7100000e+02		3.7200000e+02		3.7150000e+02		8.7164560e+02		9.6754472e+02		2.8356906e+03		1.2688743e+03		7.1295343e+02		5.5592087e+02
3.7200000e+02		3.7300000e+02		3.7250000e+02		7.2411383e+02		8.0312300e+02		2.3519118e+03		1.0512528e+03		5.8708141e+02		4.6417139e+02
3.7300000e+02		3.7400000e+02		3.7350000e+02		6.3155746e+02		6.9989760e+02		2.0479869e+03		9.1441134e+02		5.0754496e+02		4.0686638e+02
3.7400000e+02		3.7500000e+02		3.7450000e+02		6.4642322e+02		7.1579276e+02		2.0928407e+03		9.3342809e+02		5.1493072e+02		4.1849737e+02
3.7500000e+02		3.7600000e+02		3.7550000e+02		7.4036161e+02		8.1915349e+02		2.3931663e+03		1.0662273e+03		5.8458294e+02		4.8164437e+02
3.7600000e+02		3.7700000e+02		3.7650000e+02		7.6758018e+02		8.4859117e+02		2.4772357e+03		1.1024997e+03		6.0075404e+02		5.0174567e+02
3.7700000e+02		3.7800000e+02		3.7750000e+02		9.0048278e+02		9.9473149e+02		2.9016058e+03		1.2899884e+03		6.9858539e+02		5.9140302e+02
3.7800000e+02		3.7900000e+02		3.7850000e+02		9.3786543e+02		1.0352113e+03		3.0173645e+03		1.3400267e+03		7.2120101e+02		6.1882573e+02
3.7900000e+02		3.8000000e+02		3.7950000e+02		7.6051322e+02		8.3879463e+02		2.4429979e+03		1.0838000e+03		5.7968890e+02		5.0411108e+02
3.8000000e+02		3.8100000e+02		3.8050000e+02		8.2814537e+02		9.1267926e+02		2.6561758e+03		1.1771323e+03		6.2570270e+02		5.5142964e+02
3.8100000e+02		3.8200000e+02		3.8150000e+02		7.4366886e+02		8.1894792e+02		2.3815986e+03		1.0543422e+03		5.5694873e+02		4.9739343e+02
3.8200000e+02		3.8300000e+02		3.8250000e+02		5.3336093e+02		5.8690165e+02		1.7055078e+03		7.5424661e+02		3.9594243e+02		3.5830418e+02
3.8300000e+02		3.8400000e+02		3.8350000e+02		4.7073026e+02		5.1759021e+02		1.5029792e+03		6.6398983e+02		3.4638522e+02		3.1760461e+02
3.8400000e+02		3.8500000e+02		3.8450000e+02		6.2969557e+02		6.9185763e+02		2.0075421e+03		8.8598026e+02		4.5929906e+02		4.2668120e+02
3.8500000e+02		3.8600000e+02		3.8550000e+02		6.6694888e+02		7.3223953e+02		2.1231688e+03		9.3604560e+02		4.8221035e+02		4.5383525e+02
3.8600000e+02		3.8700000e+02		3.8650000e+02		6.6977732e+02		7.3479797e+02		2.1290465e+03		9.3767626e+02		4.8001519e+02		4.5766107e+02
3.8700000e+02		3.8800000e+02		3.8750000e+02		6.6902499e+02		7.3343072e+02		2.1235601e+03		9.3430745e+02		4.7527946e+02		4.5902799e+02
3.8800000e+02		3.8900000e+02		3.8850000e+02		6.7841027e+02		7.4317445e+02		2.1502398e+03		9.4508712e+02		4.7773051e+02		4.6735661e+02
3.8900000e+02		3.9000000e+02		3.8950000e+02		8.1451188e+02		8.9161988e+02		2.5779170e+03		1.1319201e+03		5.6855652e+02		5.6336362e+02
3.9000000e+02		3.9100000e+02		3.9050000e+02		8.5560997e+02		9.3593238e+02		2.7041395e+03		1.1861513e+03		5.9202441e+02		5.9412692e+02
3.9100000e+02		3.9200000e+02		3.9150000e+02		9.2006232e+02		1.0057141e+03		2.9037351e+03		1.2724314e+03		6.3105988e+02		6.4137153e+02
3.9200000e+02		3.9300000e+02		3.9250000e+02		7.0614281e+02		7.7133112e+02		2.2254789e+03		9.7424796e+02		4.8010640e+02		4.9414156e+02
3.9300000e+02		3.9400000e+02		3.9350000e+02		4.3291589e+02		4.7254720e+02		1.3624806e+03		5.9586418e+02		2.9177110e+02		3.0409307e+02
3.9400000e+02		3.9500000e+02		3.9450000e+02		7.1565803e+02		7.8062581e+02		2.2492251e+03		9.8270471e+02		4.7812380e+02		5.0458091e+02
3.9500000e+02		3.9600000e+02		3.9550000e+02		8.7888136e+02		9.5800028e+02		2.7584355e+03		1.2040054e+03		5.8205426e+02		6.2195110e+02
3.9600000e+02		3.9700000e+02		3.9650000e+02		6.0712893e+02		6.6132762e+02		1.9029324e+03		8.2978715e+02		3.9857952e+02		4.3120763e+02
3.9700000e+02		3.9800000e+02		3.9750000e+02		6.8053003e+02		7.4077394e+02		2.1301207e+03		9.2795646e+02		4.4287859e+02		4.8507787e+02
3.9800000e+02		3.9900000e+02		3.9850000e+02		1.0480559e+03		1.1400603e+03		3.2761249e+03		1.4258249e+03		6.7612622e+02		7.4969867e+02
3.9900000e+02		4.0000000e+02		3.9950000e+02		1.1577145e+03		1.2584969e+03		3.6141082e+03		1.5714174e+03		7.4037783e+02		8.3103954e+02
4.0000000e+02		4.0100000e+02		4.0050000e+02		1.1939713e+03		1.2970423e+03		3.7223893e+03		1.6169596e+03		7.5693253e+02		8.6002711e+02
4.0100000e+02		4.0200000e+02		4.0150000e+02		1.2509583e+03		1.3580475e+03		3.8949646e+03		1.6903250e+03		7.8617690e+02		9.0414806e+02
4.0200000e+02		4.0300000e+02		4.0250000e+02		1.2664199e+03		1.3739281e+03		3.9380000e+03		1.7073951e+03		7.8899133e+02		9.1840376e+02
4.0300000e+02		4.0400000e+02		4.0350000e+02		1.2115903e+03		1.3135860e+03		3.7626652e+03		1.6298508e+03		7.4829063e+02		8.8156017e+02
4.0400000e+02		4.0500000e+02		4.0450000e+02		1.1914959e+03		1.2909635e+03		3.6955461e+03		1.5992899e+03		7.2950810e+02		8.6978177e+02
4.0500000e+02		4.0600000e+02		4.0550000e+02		1.1904731e+03		1.2890267e+03		3.6877070e+03		1.5944231e+03		7.2257559e+02		8.7184753e+02
4.0600000e+02		4.0700000e+02		4.0650000e+02		1.1388815e+03		1.2323784e+03		3.5234696e+03		1.5220141e+03		6.8528549e+02		8.3672861e+02
4.0700000e+02		4.0800000e+02		4.0750000e+02		1.1575323e+03		1.2517686e+03		3.5767180e+03		1.5436049e+03		6.9049198e+02		8.5311291e+02
4.0800000e+02		4.0900000e+02		4.0850000e+02		1.2307397e+03		1.3301016e+03		3.7982344e+03		1.6377170e+03		7.2782596e+02		9.0989104e+02
4.0900000e+02		4.1000000e+02		4.0950000e+02		1.2243097e+03		1.3223296e+03		3.7737678e+03		1.6256995e+03		7.1778070e+02		9.0791877e+02
4.1000000e+02		4.1100000e+02		4.1050000e+02		1.1216634e+03		1.2107181e+03		3.4531792e+03		1.4862591e+03		6.5193695e+02		8.3432217e+02
4.1100000e+02		4.1200000e+02		4.1150000e+02		1.3003372e+03		1.4027192e+03		3.9984304e+03		1.7194028e+03		7.4928159e+02		9.7012125e+02
4.1200000e+02		4.1300000e+02		4.1250000e+02		1.2760342e+03		1.3756675e+03		3.9190171e+03		1.6837603e+03		7.2895536e+02		9.5480497e+02
4.1300000e+02		4.1400000e+02		4.1350000e+02		1.2308584e+03		1.3261659e+03		3.7757957e+03		1.6207983e+03		6.9710762e+02		9.2369065e+02
4.1400000e+02		4.1500000e+02		4.1450000e+02		1.2488872e+03		1.3447877e+03		3.8266029e+03		1.6411700e+03		7.0124808e+02		9.3992194e+02
4.1500000e+02		4.1600000e+02		4.1550000e+02		1.2477523e+03		1.3427705e+03		3.8186738e+03		1.6363447e+03		6.9460400e+02		9.4174069e+02
4.1600000e+02		4.1700000e+02		4.1650000e+02		1.2947363e+03		1.3925146e+03		3.9578898e+03		1.6945341e+03		7.1458578e+02		9.7994831e+02
4.1700000e+02		4.1800000e+02		4.1750000e+02		1.1781342e+03		1.2663692e+03		3.5973235e+03		1.5388377e+03		6.4466745e+02		8.9417029e+02
4.1800000e+02		4.1900000e+02		4.1850000e+02		1.2217101e+03		1.3124507e+03		3.7261418e+03		1.5925819e+03		6.6279754e+02		9.2978435e+02
4.1900000e+02		4.2000000e+02		4.1950000e+02		1.2338424e+03		1.3247254e+03		3.7589063e+03		1.6052227e+03		6.6366365e+02		9.4155902e+02
4.2000000e+02		4.2100000e+02		4.2050000e+02		1.2494927e+03		1.3407670e+03		3.8023336e+03		1.6223992e+03		6.6634878e+02		9.5605039e+02
4.2100000e+02		4.2200000e+02		4.2150000e+02		1.2299982e+03		1.3191056e+03		3.7388644e+03		1.5939814e+03		6.5036305e+02		9.4361834e+02
4.2200000e+02		4.2300000e+02		4.2250000e+02		1.1657134e+03		1.2494660e+03		3.5395642e+03		1.5077582e+03		6.1112587e+02		8.9663230e+02
4.2300000e+02		4.2400000e+02		4.2350000e+02		1.2419943e+03		1.3304907e+03		3.7670760e+03		1.6033449e+03		6.4557994e+02		9.5776495e+02
4.2400000e+02		4.2500000e+02		4.2450000e+02		1.2850442e+03		1.3758527e+03		3.8934410e+03		1.6557667e+03		6.6228378e+02		9.9348295e+02
4.2500000e+02		4.2600000e+02		4.2550000e+02		1.2367256e+03		1.3233992e+03		3.7430323e+03		1.5905028e+03		6.3197392e+02		9.5852885e+02
4.2600000e+02		4.2700000e+02		4.2650000e+02		1.2316584e+03		1.3172658e+03		3.7237380e+03		1.5810207e+03		6.2405087e+02		9.5696987e+02
4.2700000e+02		4.2800000e+02		4.2750000e+02		1.1420512e+03		1.2207770e+03		3.4491885e+03		1.4632727e+03		5.7375094e+02		8.8952177e+02
4.2800000e+02		4.2900000e+02		4.2850000e+02		1.1495483e+03		1.2281392e+03		3.4682066e+03		1.4701630e+03		5.7263436e+02		8.9752864e+02
4.2900000e+02		4.3000000e+02		4.2950000e+02		1.0698649e+03		1.1424071e+03		3.2244593e+03		1.3657522e+03		5.2844008e+02		8.3731208e+02
4.3000000e+02		4.3100000e+02		4.3050000e+02		8.6065012e+02		9.1852738e+02		2.5912459e+03		1.0966811e+03		4.2151629e+02		6.7516483e+02
4.3100000e+02		4.3200000e+02		4.3150000e+02		1.0641754e+03		1.1351523e+03		3.2007593e+03		1.3535796e+03		5.1680441e+02		8.3677515e+02
4.3200000e+02		4.3300000e+02		4.3250000e+02		1.1990384e+03		1.2783548e+03		3.6027528e+03		1.5223921e+03		5.7739860e+02		9.4499352e+02
4.3300000e+02		4.3400000e+02		4.3350000e+02		1.3017454e+03		1.3871507e+03		3.9074437e+03		1.6498647e+03		6.2158813e+02		1.0282766e+03
4.3400000e+02		4.3500000e+02		4.3450000e+02		1.1054356e+03		1.1773679e+03		3.3148900e+03		1.3985904e+03		5.2341791e+02		8.7517246e+02
4.3500000e+02		4.3600000e+02		4.3550000e+02		1.2347447e+03		1.3144346e+03		3.6990102e+03		1.5594627e+03		5.7974261e+02		9.7972005e+02
4.3600000e+02		4.3700000e+02		4.3650000e+02		1.3814970e+03		1.4699301e+03		4.1346107e+03		1.7417843e+03		6.4321389e+02		1.0985704e+03
4.3700000e+02		4.3800000e+02		4.3750000e+02		1.2223713e+03		1.2999799e+03		3.6548349e+03		1.5385089e+03		5.6436560e+02		9.7414331e+02
4.3800000e+02		4.3900000e+02		4.3850000e+02		1.1905029e+03		1.2654721e+03		3.5561381e+03		1.4958416e+03		5.4506001e+02		9.5078156e+02
4.3900000e+02		4.4000000e+02		4.3950000e+02		1.3250738e+03		1.4078378e+03		3.9543520e+03		1.6621081e+03		6.0160990e+02		1.0604982e+03
4.4000000e+02		4.4100000e+02		4.4050000e+02		1.2562739e+03		1.3341023e+03		3.7455037e+03		1.5731615e+03		5.6562016e+02		1.0075414e+03
4.4100000e+02		4.4200000e+02		4.4150000e+02		1.3817384e+03		1.4666439e+03		4.1157204e+03		1.7273896e+03		6.1693103e+02		1.1104586e+03
4.4200000e+02		4.4300000e+02		4.4250000e+02		1.4526378e+03		1.5411752e+03		4.3228981e+03		1.8130216e+03		6.4319554e+02		1.1698261e+03
4.4300000e+02		4.4400000e+02		4.4350000e+02		1.4050936e+03		1.4900386e+03		4.1775725e+03		1.7508047e+03		6.1697915e+02		1.1338255e+03
4.4400000e+02		4.4500000e+02		4.4450000e+02		1.4475318e+03		1.5343334e+03		4.2998307e+03		1.8007481e+03		6.3034395e+02		1.1704041e+03
4.4500000e+02		4.4600000e+02		4.4550000e+02		1.3420773e+03		1.4219039e+03		3.9829851e+03		1.6668647e+03		5.7958342e+02		1.0872812e+03
4.4600000e+02		4.4700000e+02		4.4650000e+02		1.3689269e+03		1.4496921e+03		4.0590341e+03		1.6974874e+03		5.8628983e+02		1.1111976e+03
4.4700000e+02		4.4800000e+02		4.4750000e+02		1.4837056e+03		1.5705356e+03		4.3954648e+03		1.8368894e+03		6.3019981e+02		1.2066896e+03
4.4800000e+02		4.4900000e+02		4.4850000e+02		1.4587166e+03		1.5433955e+03		4.3176351e+03		1.8031034e+03		6.1447559e+02		1.1886278e+03
4.4900000e+02		4.5000000e+02		4.4950000e+02		1.4737837e+03		1.5586477e+03		4.3584293e+03		1.8188769e+03		6.1570891e+02		1.2031680e+03
4.5000000e+02		4.5100000e+02		4.5050000e+02		1.5636828e+03		1.6529985e+03		4.6202919e+03		1.9268302e+03		6.4789275e+02		1.2789375e+03
4.5100000e+02		4.5200000e+02		4.5150000e+02		1.5589734e+03		1.6473040e+03		4.6024302e+03		1.9180683e+03		6.4063515e+02		1.2774332e+03
4.5200000e+02		4.5300000e+02		4.5250000e+02		1.4757889e+03		1.5587347e+03		4.3531507e+03		1.8129486e+03		6.0147659e+02		1.2114720e+03
4.5300000e+02		4.5400000e+02		4.5350000e+02		1.4141855e+03		1.4930311e+03		4.1679258e+03		1.7346377e+03		5.7164729e+02		1.1629904e+03
4.5400000e+02		4.5500000e+02		4.5450000e+02		1.5096596e+03		1.5931537e+03		4.4455954e+03		1.8489613e+03		6.0524744e+02		1.2437139e+03
4.5500000e+02		4.5600000e+02		4.5550000e+02		1.4952815e+03		1.5773183e+03		4.3996112e+03		1.8286195e+03		5.9458494e+02		1.2340345e+03
4.5600000e+02		4.5700000e+02		4.5650000e+02		1.5527317e+03		1.6372392e+03		4.5649004e+03		1.8960664e+03		6.1239171e+02		1.2836747e+03
4.5700000e+02		4.5800000e+02		4.5750000e+02		1.5677329e+03		1.6523754e+03		4.6052539e+03		1.9115738e+03		6.1327009e+02		1.2983038e+03
4.5800000e+02		4.5900000e+02		4.5850000e+02		1.4734199e+03		1.5523358e+03		4.3247173e+03		1.7939590e+03		5.7168658e+02		1.2222724e+03
4.5900000e+02		4.6000000e+02		4.5950000e+02		1.5222067e+03		1.6030859e+03		4.4643428e+03		1.8506812e+03		5.8581675e+02		1.2648645e+03
4.6000000e+02		4.6100000e+02		4.6050000e+02		1.5039223e+03		1.5831941e+03		4.4072229e+03		1.8258304e+03		5.7408367e+02		1.2517467e+03
4.6100000e+02		4.6200000e+02		4.6150000e+02		1.5386000e+03		1.6190549e+03		4.5053034e+03		1.8652746e+03		5.8256195e+02		1.2827126e+03
4.6200000e+02		4.6300000e+02		4.6250000e+02		1.5538294e+03		1.6344356e+03		4.5463545e+03		1.8810803e+03		5.8356775e+02		1.2975126e+03
4.6300000e+02		4.6400000e+02		4.6350000e+02		1.5018384e+03		1.5791297e+03		4.3908413e+03		1.8155954e+03		5.5948403e+02		1.2561114e+03
4.6400000e+02		4.6500000e+02		4.6450000e+02		1.5281564e+03		1.6061792e+03		4.4643663e+03		1.8448473e+03		5.6469485e+02		1.2801525e+03
4.6500000e+02		4.6600000e+02		4.6550000e+02		1.4760608e+03		1.5508276e+03		4.3089021e+03		1.7795019e+03		5.4104924e+02		1.2384526e+03
4.6600000e+02		4.6700000e+02		4.6650000e+02		1.4854121e+03		1.5600580e+03		4.3329387e+03		1.7883295e+03		5.4009610e+02		1.2482334e+03
4.6700000e+02		4.6800000e+02		4.6750000e+02		1.4997486e+03		1.5745202e+03		4.3714961e+03		1.8031431e+03		5.4092754e+02		1.2622156e+03
4.6800000e+02		4.6900000e+02		4.6850000e+02		1.4665907e+03		1.5391329e+03		4.2716868e+03		1.7609075e+03		5.2472424e+02		1.2361833e+03
4.6900000e+02		4.7000000e+02		4.6950000e+02		1.5086728e+03		1.5827091e+03		4.3910377e+03		1.8090195e+03		5.3545609e+02		1.2735634e+03
4.7000000e+02		4.7100000e+02		4.7050000e+02		1.4256243e+03		1.4950351e+03		4.1463082e+03		1.7071769e+03		5.0193274e+02		1.2052441e+03
4.7100000e+02		4.7200000e+02		4.7150000e+02		1.4904926e+03		1.5624919e+03		4.3318502e+03		1.7825147e+03		5.2057936e+02		1.2619353e+03
4.7200000e+02		4.7300000e+02		4.7250000e+02		1.5269264e+03		1.6001073e+03		4.4345701e+03		1.8237102e+03		5.2905029e+02		1.2946599e+03
4.7300000e+02		4.7400000e+02		4.7350000e+02		1.4995420e+03		1.5708476e+03		4.3519567e+03		1.7886912e+03		5.1542357e+02		1.2732676e+03
4.7400000e+02		4.7500000e+02		4.7450000e+02		1.5448084e+03		1.6176919e+03		4.4801827e+03		1.8403265e+03		5.2675918e+02		1.3135673e+03
4.7500000e+02		4.7600000e+02		4.7550000e+02		1.5413846e+03		1.6135385e+03		4.4671437e+03		1.8339153e+03		5.2141729e+02		1.3124980e+03
4.7600000e+02		4.7700000e+02		4.7650000e+02		1.4853490e+03		1.5543373e+03		4.3017764e+03		1.7650184e+03		4.9847675e+02		1.2665416e+03
4.7700000e+02		4.7800000e+02		4.7750000e+02		1.5508368e+03		1.6223055e+03		4.4883678e+03		1.8405334e+03		5.1633262e+02		1.3242008e+03
4.7800000e+02		4.7900000e+02		4.7850000e+02		1.5358791e+03		1.6061078e+03		4.4420654e+03		1.8205218e+03		5.0730908e+02		1.3132127e+03
4.7900000e+02		4.8000000e+02		4.7950000e+02		1.5403519e+03		1.6102377e+03		4.4520086e+03		1.8235783e+03		5.0476912e+02		1.3188092e+03
4.8000000e+02		4.8100000e+02		4.8050000e+02		1.5442750e+03		1.6137951e+03		4.4603746e+03		1.8259926e+03		5.0206482e+02		1.3239278e+03
4.8100000e+02		4.8200000e+02		4.8150000e+02		1.5475498e+03		1.6166773e+03		4.4668820e+03		1.8276508e+03		4.9916851e+02		1.3284823e+03
4.8200000e+02		4.8300000e+02		4.8250000e+02		1.5416562e+03		1.6099874e+03		4.4469578e+03		1.8185053e+03		4.9335846e+02		1.3251468e+03
4.8300000e+02		4.8400000e+02		4.8350000e+02		1.5183412e+03		1.5851188e+03		4.3768628e+03		1.7888712e+03		4.8208322e+02		1.3067880e+03
4.8400000e+02		4.8500000e+02		4.8450000e+02		1.4920771e+03		1.5571930e+03		4.2983852e+03		1.7558515e+03		4.7003109e+02		1.2858205e+03
4.8500000e+02		4.8600000e+02		4.8550000e+02		1.4021236e+03		1.4628421e+03		4.0366705e+03		1.6480630e+03		4.3823736e+02		1.2098257e+03
4.8600000e+02		4.8700000e+02		4.8650000e+02		1.2173217e+03		1.2696316e+03		3.5024157e+03		1.4291835e+03		3.7750382e+02		1.0516796e+03
4.8700000e+02		4.8800000e+02		4.8750000e+02		1.3927585e+03		1.4521470e+03		4.0046616e+03		1.6332686e+03		4.2853844e+02		1.2047302e+03
4.8800000e+02		4.8900000e+02		4.8850000e+02		1.4651201e+03		1.5271144e+03		4.2101084e+03		1.7161619e+03		4.4729113e+02		1.2688708e+03
4.8900000e+02		4.9000000e+02		4.8950000e+02		1.4372192e+03		1.4975666e+03		4.1273892e+03		1.6815713e+03		4.3535973e+02		1.2462116e+03
4.9000000e+02		4.9100000e+02		4.9050000e+02		1.5307557e+03		1.5945385e+03		4.3933213e+03		1.7889961e+03		4.6009172e+02		1.3289044e+03
4.9100000e+02		4.9200000e+02		4.9150000e+02		1.4425606e+03		1.5022089e+03		4.1376915e+03		1.6840414e+03		4.3022039e+02		1.2538210e+03
4.9200000e+02		4.9300000e+02		4.9250000e+02		1.3729411e+03		1.4292772e+03		3.9356382e+03		1.6009940e+03		4.0628643e+02		1.1947076e+03
4.9300000e+02		4.9400000e+02		4.9350000e+02		1.4509629e+03		1.5100464e+03		4.1568182e+03		1.6901183e+03		4.2605465e+02		1.2640636e+03
4.9400000e+02		4.9500000e+02		4.9450000e+02		1.4929449e+03		1.5532749e+03		4.2745676e+03		1.7371264e+03		4.3499721e+02		1.3021292e+03
4.9500000e+02		4.9600000e+02		4.9550000e+02		1.4663156e+03		1.5251189e+03		4.1958674e+03		1.7042989e+03		4.2394444e+02		1.2803545e+03
4.9600000e+02		4.9700000e+02		4.9650000e+02		1.4846220e+03		1.5437073e+03		4.2457876e+03		1.7237278e+03		4.2593298e+02		1.2977948e+03
4.9700000e+02		4.9800000e+02		4.9750000e+02		1.5123203e+03		1.5720515e+03		4.3225138e+03		1.7540211e+03		4.3054460e+02		1.3234765e+03
4.9800000e+02		4.9900000e+02		4.9850000e+02		1.3744029e+03		1.4282757e+03		3.9260791e+03		1.5923812e+03		3.8827775e+02		1.2041035e+03
4.9900000e+02		5.0000000e+02		4.9950000e+02		1.4721832e+03		1.5294524e+03		4.2030189e+03		1.7038859e+03		4.1271425e+02		1.2911717e+03
