Left Bin Edge (nm)	Right Bin Edge (nm)	Bin Center (nm)		Top of Atm Intensity (erg/s/nm/cm2)		Total Surface Flux (erg/s/nm/cm2)		Total Intensity at BOA (erg/s/nm/cm2)		Total Surface Intensity (erg/s/nm/cm2)		Total Surface Diffuse Intensity (erg/s/nm/cm2)		Total Surface Direct Intensity (erg/s/nm/cm2)
1.0000000e+02		1.0100000e+02		1.0050000e+02		4.4569042e-02		2.4525374e-199		0.0000000e+00		4.2479194e-199		4.2479194e-199		0.0000000e+00
1.0100000e+02		1.0200000e+02		1.0150000e+02		1.7387199e-01		2.8780738e-197		0.0000000e+00		4.9849701e-197		4.9849701e-197		0.0000000e+00
1.0200000e+02		1.0300000e+02		1.0250000e+02		9.2286085e-01		3.0760917e-195		0.0000000e+00		5.3279471e-195		5.3279471e-195		0.0000000e+00
1.0300000e+02		1.0400000e+02		1.0350000e+02		7.0094286e-01		3.0025219e-193		0.0000000e+00		5.2005205e-193		5.2005205e-193		0.0000000e+00
1.0400000e+02		1.0500000e+02		1.0450000e+02		1.4124828e-01		2.6834655e-191		0.0000000e+00		4.6478986e-191		4.6478986e-191		0.0000000e+00
1.0500000e+02		1.0600000e+02		1.0550000e+02		4.8389941e-02		2.2015022e-189		0.0000000e+00		3.8131136e-189		3.8131136e-189		0.0000000e+00
1.0600000e+02		1.0700000e+02		1.0650000e+02		4.5487167e-02		1.6618998e-187		0.0000000e+00		2.8784949e-187		2.8784949e-187		0.0000000e+00
1.0700000e+02		1.0800000e+02		1.0750000e+02		5.0757295e-02		1.1570799e-185		0.0000000e+00		2.0041212e-185		2.0041212e-185		0.0000000e+00
1.0800000e+02		1.0900000e+02		1.0850000e+02		7.1152114e-02		7.4462714e-184		0.0000000e+00		1.2897320e-183		1.2897320e-183		0.0000000e+00
1.0900000e+02		1.1000000e+02		1.0950000e+02		5.5817450e-02		4.4267125e-182		0.0000000e+00		7.6672910e-182		7.6672910e-182		0.0000000e+00
1.1000000e+02		1.1100000e+02		1.1050000e+02		5.4043772e-02		2.4504216e-180		0.0000000e+00		4.2442547e-180		4.2442547e-180		0.0000000e+00
1.1100000e+02		1.1200000e+02		1.1150000e+02		5.0797691e-02		1.2639498e-178		0.0000000e+00		2.1892253e-178		2.1892253e-178		0.0000000e+00
1.1200000e+02		1.1300000e+02		1.1250000e+02		5.1969037e-02		6.0667888e-177		0.0000000e+00		1.0507986e-176		1.0507986e-176		0.0000000e+00
1.1300000e+02		1.1400000e+02		1.1350000e+02		4.1221387e-02		2.7146413e-175		0.0000000e+00		4.7018966e-175		4.7018966e-175		0.0000000e+00
1.1400000e+02		1.1500000e+02		1.1450000e+02		3.1562600e-02		1.1348875e-173		0.0000000e+00		1.9656828e-173		1.9656828e-173		0.0000000e+00
1.1500000e+02		1.1600000e+02		1.1550000e+02		4.3552050e-02		4.4077554e-172		0.0000000e+00		7.6344564e-172		7.6344564e-172		2.1251747e-204
1.1600000e+02		1.1700000e+02		1.1650000e+02		1.0143732e-01		2.9049947e-80		1.7912361e-75		4.5094437e-80		3.7961670e-80		7.1327669e-81
1.1700000e+02		1.1800000e+02		1.1750000e+02		3.6108525e-01		3.6370806e-49		4.8303143e-46		6.2996084e-49		6.2996084e-49		1.3892795e-57
1.1800000e+02		1.1900000e+02		1.1850000e+02		1.2283927e-01		8.1349506e-26		4.8423376e-24		1.4090148e-25		1.4090148e-25		1.3279437e-46
1.1900000e+02		1.2000000e+02		1.1950000e+02		1.7115732e-01		1.0208243e-21		3.6521739e-20		1.7681195e-21		1.7681195e-21		1.5111446e-43
1.2000000e+02		1.2100000e+02		1.2050000e+02		9.3056497e-01		1.3146521e-22		5.7920756e-21		2.2770442e-22		2.2770442e-22		9.0658155e-42
1.2100000e+02		1.2200000e+02		1.2150000e+02		3.6941242e+01		4.7945289e-25		3.5594736e-23		8.3043677e-25		8.3043677e-25		3.5675400e-40
1.2200000e+02		1.2300000e+02		1.2250000e+02		2.4773856e-01		5.2996010e-32		7.3475404e-30		9.1791782e-32		9.1791782e-32		5.5505563e-43
1.2300000e+02		1.2400000e+02		1.2350000e+02		1.3344721e-01		9.9434600e-39		3.2498561e-36		1.7222574e-38		1.7222569e-38		5.0174344e-45
1.2400000e+02		1.2500000e+02		1.2450000e+02		1.0726631e-01		6.6615048e-47		6.6014311e-44		1.1430898e-46		1.1284504e-46		1.4639315e-48
1.2500000e+02		1.2600000e+02		1.2550000e+02		1.0471361e-01		7.9028644e-52		1.2790599e-48		1.2564364e-51		1.1029227e-51		1.5351370e-52
1.2600000e+02		1.2700000e+02		1.2650000e+02		1.4644878e-01		8.2853577e-58		2.6850750e-54		1.2182116e-57		9.2198284e-58		2.9622873e-58
1.2700000e+02		1.2800000e+02		1.2750000e+02		7.6659940e-02		3.5505704e-65		2.6897849e-61		4.8944575e-65		3.1796710e-65		1.7147865e-65
1.2800000e+02		1.2900000e+02		1.2850000e+02		6.1165494e-02		2.5383951e-72		4.5678582e-68		3.3339429e-72		1.8822865e-72		1.4516565e-72
1.2900000e+02		1.3000000e+02		1.2950000e+02		8.1594975e-02		4.2535159e-81		2.3261685e-76		5.3481528e-81		2.5899389e-81		2.7582140e-81
1.3000000e+02		1.3100000e+02		1.3050000e+02		6.7007791e-01		4.4185902e-91		9.5684429e-86		5.3486626e-91		2.2005750e-91		3.1480876e-91
1.3100000e+02		1.3200000e+02		1.3150000e+02		9.0731094e-02		6.4337319e-99		3.3678079e-93		7.6199721e-99		2.8066743e-99		4.8132978e-99
1.3200000e+02		1.3300000e+02		1.3250000e+02		7.0547730e-02		8.8739379e-99		4.4745804e-93		1.0442207e-98		3.7105652e-99		6.7316421e-99
1.3300000e+02		1.3400000e+02		1.3350000e+02		9.5357088e-01		4.7179523e-95		1.6983955e-89		5.5403303e-95		1.9457672e-95		3.5945631e-95
1.3400000e+02		1.3500000e+02		1.3450000e+02		6.5246966e-02		3.2640995e-92		7.0072694e-87		3.8360016e-92		1.3531348e-92		2.4828668e-92
1.3500000e+02		1.3600000e+02		1.3550000e+02		1.3692679e-01		2.2962819e-80		1.1276178e-75		2.7464892e-80		1.0652020e-80		1.6812872e-80
1.3600000e+02		1.3700000e+02		1.3650000e+02		8.9861989e-02		1.9255092e-76		5.5751939e-72		2.3098122e-76		9.0927054e-77		1.4005416e-76
1.3700000e+02		1.3800000e+02		1.3750000e+02		9.2282630e-02		1.0659542e-69		1.3052559e-65		1.2932135e-69		5.3770132e-70		7.5551222e-70
1.3800000e+02		1.3900000e+02		1.3850000e+02		9.4180145e-02		2.1986462e-65		1.5509091e-61		2.6830590e-65		1.1461330e-65		1.5369260e-65
1.3900000e+02		1.4000000e+02		1.3950000e+02		3.1801144e-01		8.2537176e-63		4.4659257e-59		1.0062858e-62		4.2804725e-63		5.7823857e-63
1.4000000e+02		1.4100000e+02		1.4050000e+02		2.7729440e-01		7.3375287e-64		4.4726768e-60		8.8498556e-64		3.5782040e-64		5.2716516e-64
1.4100000e+02		1.4200000e+02		1.4150000e+02		1.3359910e-01		1.0686488e-64		6.9170579e-61		1.2778085e-64		4.9487728e-65		7.8293124e-65
1.4200000e+02		1.4300000e+02		1.4250000e+02		1.4479671e-01		4.1485428e-65		2.8261292e-61		4.9212748e-65		1.8283035e-65		3.0929713e-65
1.4300000e+02		1.4400000e+02		1.4350000e+02		1.6064305e-01		1.1840850e-66		9.8220840e-63		1.3899529e-66		4.8708857e-67		9.0286431e-67
1.4400000e+02		1.4500000e+02		1.4450000e+02		1.5363637e-01		2.8567030e-67		2.5451486e-63		3.3289671e-67		1.1173889e-67		2.2115783e-67
1.4500000e+02		1.4600000e+02		1.4550000e+02		1.6382583e-01		8.8616144e-67		7.4097939e-63		1.0281165e-66		3.3586917e-67		6.9224729e-67
1.4600000e+02		1.4700000e+02		1.4650000e+02		1.9977093e-01		3.2535527e-64		1.9758308e-60		3.7770870e-64		1.2386955e-64		2.5383915e-64
1.4700000e+02		1.4800000e+02		1.4750000e+02		2.4643334e-01		6.8913290e-62		3.1359340e-58		8.0024968e-62		2.6290512e-62		5.3734456e-62
1.4800000e+02		1.4900000e+02		1.4850000e+02		2.4167300e-01		2.4680775e-61		1.0411969e-57		2.8551069e-61		9.1572146e-62		1.9393855e-61
1.4900000e+02		1.5000000e+02		1.4950000e+02		2.1832777e-01		4.6803461e-60		1.6620854e-56		5.4048638e-60		1.7142273e-60		3.6906365e-60
1.5000000e+02		1.5100000e+02		1.5050000e+02		2.4023073e-01		4.3036321e-57		1.0498528e-53		4.9830778e-57		1.6075857e-57		3.3754920e-57
1.5100000e+02		1.5200000e+02		1.5150000e+02		2.5258505e-01		1.3642949e-53		2.1311068e-50		1.5873747e-53		5.2781247e-54		1.0595623e-53
1.5200000e+02		1.5300000e+02		1.5250000e+02		3.2229547e-01		7.5465564e-49		6.5254226e-46		8.8670249e-49		3.1242622e-49		5.7427628e-49
1.5300000e+02		1.5400000e+02		1.5350000e+02		3.5701286e-01		1.0861928e-45		6.3113145e-43		1.2839500e-45		4.6789862e-46		8.1605140e-46
1.5400000e+02		1.5500000e+02		1.5450000e+02		9.5486931e-01		7.9104284e-43		3.3669916e-40		9.3903513e-43		3.5015353e-43		5.8888161e-43
1.5500000e+02		1.5600000e+02		1.5550000e+02		7.8587524e-01		1.9533197e-39		5.3484590e-37		2.3421656e-39		9.2001924e-40		1.4221463e-39
1.5600000e+02		1.5700000e+02		1.5650000e+02		4.6648084e-01		1.6003966e-34		2.2981107e-32		1.9628615e-34		8.5760125e-35		1.1052603e-34
1.5700000e+02		1.5800000e+02		1.5750000e+02		4.2309893e-01		7.7284495e-32		7.8813893e-30		9.5922445e-32		4.4097862e-32		5.1824583e-32
1.5800000e+02		1.5900000e+02		1.5850000e+02		3.9008072e-01		1.0503220e-29		8.1617249e-28		1.3164792e-29		6.2973465e-30		6.8674453e-30
1.5900000e+02		1.6000000e+02		1.5950000e+02		3.8042347e-01		1.3141406e-25		6.1769727e-24		1.7008721e-25		9.1501655e-26		7.8585554e-26
1.6000000e+02		1.6100000e+02		1.6050000e+02		4.1635449e-01		4.7063116e-23		1.6312785e-21		6.2296265e-23		3.6042017e-23		2.6254248e-23
1.6100000e+02		1.6200000e+02		1.6150000e+02		4.7164413e-01		1.6954448e-21		4.8956615e-20		2.2722163e-21		1.3646561e-21		9.0756027e-22
1.6200000e+02		1.6300000e+02		1.6250000e+02		5.2241459e-01		1.5211868e-18		3.1402828e-17		2.1254297e-18		1.4296540e-18		6.9577569e-19
1.6300000e+02		1.6400000e+02		1.6350000e+02		1.1072121e+00		4.4532901e-16		7.2510037e-15		6.4634647e-16		4.7561242e-16		1.7073405e-16
1.6400000e+02		1.6500000e+02		1.6450000e+02		1.1323318e+00		4.9222935e-15		7.1337033e-14		7.2582557e-15		5.5269458e-15		1.7313099e-15
1.6500000e+02		1.6600000e+02		1.6550000e+02		1.3255566e+00		8.7537833e-13		1.0218859e-11		1.3669310e-12		1.1630261e-12		2.0390492e-13
1.6600000e+02		1.6700000e+02		1.6650000e+02		6.2522883e-01		1.4713561e-11		1.4751322e-10		2.3953298e-11		2.1861452e-11		2.0918453e-12
1.6700000e+02		1.6800000e+02		1.6750000e+02		6.6723830e-01		1.2507625e-10		1.1371131e-09		2.0725098e-10		1.9442750e-10		1.2823478e-11
1.6800000e+02		1.6900000e+02		1.6850000e+02		7.1904320e-01		7.5193603e-09		5.5984160e-08		1.2839756e-08		1.2588190e-08		2.5156526e-10
1.6900000e+02		1.7000000e+02		1.6950000e+02		9.0554889e-01		3.5728866e-08		2.4725539e-07		6.1211063e-08		6.0291525e-08		9.1953768e-10
1.7000000e+02		1.7100000e+02		1.7050000e+02		1.0161854e+00		5.7562168e-07		3.4423735e-06		9.9262739e-07		9.8664609e-07		5.9812939e-09
1.7100000e+02		1.7200000e+02		1.7150000e+02		1.0130704e+00		5.1129044e-06		2.7167417e-05		8.8381498e-06		8.8140252e-06		2.4124562e-08
1.7200000e+02		1.7300000e+02		1.7250000e+02		1.0571150e+00		3.3578149e-05		1.6224946e-04		5.8100589e-05		5.8020715e-05		7.9873970e-08
1.7300000e+02		1.7400000e+02		1.7350000e+02		1.0479596e+00		1.5560128e-04		6.9777294e-04		2.6935732e-04		2.6914968e-04		2.0763548e-07
1.7400000e+02		1.7500000e+02		1.7450000e+02		1.2530722e+00		6.6143666e-04		2.8020620e-03		1.1452350e-03		1.1446793e-03		5.5578283e-07
1.7500000e+02		1.7600000e+02		1.7550000e+02		1.4954862e+00		3.9832330e-03		1.5813559e-02		6.8979984e-03		6.8964090e-03		1.5894557e-06
1.7600000e+02		1.7700000e+02		1.7650000e+02		1.6135596e+00		1.0368744e-02		3.9896826e-02		1.7956943e-02		1.7953873e-02		3.0704882e-06
1.7700000e+02		1.7800000e+02		1.7750000e+02		1.9010195e+00		2.7249417e-02		1.0220274e-01		4.7192876e-02		4.7186729e-02		6.1470245e-06
1.7800000e+02		1.7900000e+02		1.7850000e+02		2.0776624e+00		5.9577502e-02		2.1909367e-01		1.0318335e-01		1.0317255e-01		1.0800756e-05
1.7900000e+02		1.8000000e+02		1.7950000e+02		2.0198657e+00		1.1385628e-01		4.1170214e-01		1.9719287e-01		1.9717648e-01		1.6392630e-05
1.8000000e+02		1.8100000e+02		1.8050000e+02		2.4976225e+00		2.3045181e-01		8.2426111e-01		3.9913243e-01		3.9910263e-01		2.9799417e-05
1.8100000e+02		1.8200000e+02		1.8150000e+02		3.0410490e+00		4.5246952e-01		1.6033382e+00		7.8366195e-01		7.8360969e-01		5.2253101e-05
1.8200000e+02		1.8300000e+02		1.8250000e+02		2.8073836e+00		7.0353512e-01		2.4715058e+00		1.2185083e+00		1.2184396e+00		6.8661885e-05
1.8300000e+02		1.8400000e+02		1.8350000e+02		2.9562417e+00		8.7668469e-01		3.0709504e+00		1.5183918e+00		1.5182954e+00		9.6431491e-05
1.8400000e+02		1.8500000e+02		1.8450000e+02		2.5409769e+00		1.1198056e+00		3.9017291e+00		1.9394777e+00		1.9393650e+00		1.1266618e-04
1.8500000e+02		1.8600000e+02		1.8550000e+02		2.8735562e+00		1.3449875e+00		4.6806631e+00		2.3294661e+00		2.3293015e+00		1.6460379e-04
1.8600000e+02		1.8700000e+02		1.8650000e+02		3.2604304e+00		2.0313763e+00		7.0455552e+00		3.5182673e+00		3.5180219e+00		2.4538785e-04
1.8700000e+02		1.8800000e+02		1.8750000e+02		3.6946466e+00		2.4150775e+00		8.3683038e+00		4.1827784e+00		4.1824252e+00		3.5320825e-04
1.8800000e+02		1.8900000e+02		1.8850000e+02		3.8870616e+00		3.0079061e+00		1.0402176e+01		5.2094991e+00		5.2090248e+00		4.7424598e-04
1.8900000e+02		1.9000000e+02		1.8950000e+02		4.3106081e+00		3.4569465e+00		1.1945661e+01		5.9871255e+00		5.9864678e+00		6.5772059e-04
1.9000000e+02		1.9100000e+02		1.9050000e+02		4.4384288e+00		3.8845556e+00		1.3407691e+01		6.7276288e+00		6.7267834e+00		8.4537116e-04
1.9100000e+02		1.9200000e+02		1.9150000e+02		4.8094361e+00		4.3769296e+00		1.5095544e+01		7.5802366e+00		7.5791057e+00		1.1308380e-03
1.9200000e+02		1.9300000e+02		1.9250000e+02		5.0365493e+00		4.6563184e+00		1.6049701e+01		8.0639174e+00		8.0624658e+00		1.4515559e-03
1.9300000e+02		1.9400000e+02		1.9350000e+02		3.8447944e+00		3.5901038e+00		1.2367951e+01		6.2172538e+00		6.2159037e+00		1.3501043e-03
1.9400000e+02		1.9500000e+02		1.9450000e+02		6.1679797e+00		5.8148577e+00		2.0021754e+01		1.0069711e+01		1.0067090e+01		2.6205557e-03
1.9500000e+02		1.9600000e+02		1.9550000e+02		5.9528271e+00		5.6644040e+00		1.9493654e+01		9.8088075e+00		9.8057640e+00		3.0434900e-03
1.9600000e+02		1.9700000e+02		1.9650000e+02		6.5508102e+00		6.2894854e+00		2.1633896e+01		1.0890776e+01		1.0886771e+01		4.0051085e-03
1.9700000e+02		1.9800000e+02		1.9750000e+02		6.5190955e+00		6.3135296e+00		2.1705794e+01		1.0931883e+01		1.0927142e+01		4.7409787e-03
1.9800000e+02		1.9900000e+02		1.9850000e+02		6.3883794e+00		6.2390787e+00		2.1439297e+01		1.0802377e+01		1.0796879e+01		5.4980376e-03
1.9900000e+02		2.0000000e+02		1.9950000e+02		6.7274707e+00		6.6238035e+00		2.2750278e+01		1.1467774e+01		1.1460957e+01		6.8169888e-03
2.0000000e+02		2.0100000e+02		2.0050000e+02		7.1125146e+00		7.0581567e+00		2.4230468e+01		1.2218904e+01		1.2210459e+01		8.4447130e-03
2.0100000e+02		2.0200000e+02		2.0150000e+02		7.5701275e+00		7.5696686e+00		2.5974075e+01		1.3103376e+01		1.3092893e+01		1.0483554e-02
2.0200000e+02		2.0300000e+02		2.0250000e+02		7.4828608e+00		7.5377104e+00		2.5852153e+01		1.3046890e+01		1.3034858e+01		1.2031680e-02
2.0300000e+02		2.0400000e+02		2.0350000e+02		8.0092047e+00		8.1256677e+00		2.7855507e+01		1.4063170e+01		1.4048281e+01		1.4888617e-02
2.0400000e+02		2.0500000e+02		2.0450000e+02		8.6207445e+00		8.8067322e+00		3.0176015e+01		1.5240200e+01		1.5221749e+01		1.8451090e-02
2.0500000e+02		2.0600000e+02		2.0550000e+02		8.6400754e+00		8.8857401e+00		3.0432366e+01		1.5375029e+01		1.5353822e+01		2.1206905e-02
2.0600000e+02		2.0700000e+02		2.0650000e+02		8.6510225e+00		8.9548514e+00		3.0654558e+01		1.5492500e+01		1.5468243e+01		2.4257288e-02
2.0700000e+02		2.0800000e+02		2.0750000e+02		9.3957826e+00		9.7870175e+00		3.3487352e+01		1.6929661e+01		1.6899675e+01		2.9985514e-02
2.0800000e+02		2.0900000e+02		2.0850000e+02		1.0163489e+01		1.0651259e+01		3.6427047e+01		1.8421593e+01		1.8384808e+01		3.6784754e-02
2.0900000e+02		2.1000000e+02		2.0950000e+02		1.3129215e+01		1.3840582e+01		4.7311691e+01		2.3933278e+01		2.3879574e+01		5.3703785e-02
2.1000000e+02		2.1100000e+02		2.1050000e+02		1.6183343e+01		1.7157756e+01		5.8622434e+01		2.9663522e+01		2.9588960e+01		7.4562406e-02
2.1100000e+02		2.1200000e+02		2.1150000e+02		1.8424170e+01		1.9641666e+01		6.7076247e+01		3.3950595e+01		3.3855290e+01		9.5305424e-02
2.1200000e+02		2.1300000e+02		2.1250000e+02		1.6428561e+01		1.7608069e+01		6.0101700e+01		3.0428441e+01		3.0333327e+01		9.5114286e-02
2.1300000e+02		2.1400000e+02		2.1350000e+02		1.6737981e+01		1.8032787e+01		6.1520480e+01		3.1154546e+01		3.1046415e+01		1.0813063e-01
2.1400000e+02		2.1500000e+02		2.1450000e+02		2.1432541e+01		2.3206454e+01		7.9130596e+01		4.0081989e+01		3.9927945e+01		1.5404382e-01
2.1500000e+02		2.1600000e+02		2.1550000e+02		1.8408135e+01		2.0028569e+01		6.8259179e+01		3.4583047e+01		3.4436266e+01		1.4678172e-01
2.1600000e+02		2.1700000e+02		2.1650000e+02		1.7036901e+01		1.8623755e+01		6.3438120e+01		3.2147265e+01		3.1996968e+01		1.5029705e-01
2.1700000e+02		2.1800000e+02		2.1750000e+02		1.7640866e+01		1.9371638e+01		6.5950411e+01		3.3426953e+01		3.3255233e+01		1.7172028e-01
2.1800000e+02		2.1900000e+02		2.1850000e+02		2.3730294e+01		2.6173048e+01		8.9057302e+01		4.5146939e+01		4.4892709e+01		2.5423035e-01
2.1900000e+02		2.2000000e+02		2.1950000e+02		2.5052511e+01		2.7748770e+01		9.4366710e+01		4.7846577e+01		4.7551922e+01		2.9465524e-01
2.2000000e+02		2.2100000e+02		2.2050000e+02		2.5203754e+01		2.8030905e+01		9.5272508e+01		4.8313290e+01		4.7988639e+01		3.2465102e-01
2.2100000e+02		2.2200000e+02		2.2150000e+02		2.0176768e+01		2.2529030e+01		7.6528600e+01		3.8813543e+01		3.8529572e+01		2.8397134e-01
2.2200000e+02		2.2300000e+02		2.2250000e+02		2.7154039e+01		3.0435846e+01		1.0332673e+02		5.2411443e+01		5.1994821e+01		4.1662277e-01
2.2300000e+02		2.2400000e+02		2.2350000e+02		3.5163062e+01		3.9558527e+01		1.3421729e+02		6.8087776e+01		6.7500928e+01		5.8684793e-01
2.2400000e+02		2.2500000e+02		2.2450000e+02		3.2875934e+01		3.7117419e+01		1.2585838e+02		6.3853279e+01		6.3257725e+01		5.9555422e-01
2.2500000e+02		2.2600000e+02		2.2550000e+02		2.8720078e+01		3.2536930e+01		1.1025842e+02		5.5943066e+01		5.5379512e+01		5.6355381e-01
2.2600000e+02		2.2700000e+02		2.2650000e+02		2.1037217e+01		2.3912052e+01		8.0979960e+01		4.1090215e+01		4.0643969e+01		4.4624578e-01
2.2700000e+02		2.2800000e+02		2.2750000e+02		2.0463841e+01		2.3334625e+01		7.8973550e+01		4.0073905e+01		3.9605561e+01		4.6834386e-01
2.2800000e+02		2.2900000e+02		2.2850000e+02		2.8509984e+01		3.2609525e+01		1.1029097e+02		5.5966968e+01		5.5264304e+01		7.0266388e-01
2.2900000e+02		2.3000000e+02		2.2950000e+02		2.5620938e+01		2.9391799e+01		9.9341503e+01		5.0411193e+01		4.9732420e+01		6.7877256e-01
2.3000000e+02		2.3100000e+02		2.3050000e+02		2.9055844e+01		3.3427141e+01		1.1290347e+02		5.7292845e+01		5.6466863e+01		8.2598198e-01
2.3100000e+02		2.3200000e+02		2.3150000e+02		2.7387429e+01		3.1593928e+01		1.0663739e+02		5.4111782e+01		5.3277817e+01		8.3396569e-01
2.3200000e+02		2.3300000e+02		2.3250000e+02		2.9413108e+01		3.4019895e+01		1.1474427e+02		5.8223034e+01		5.7265240e+01		9.5779319e-01
2.3300000e+02		2.3400000e+02		2.3350000e+02		2.6543685e+01		3.0778474e+01		1.0373649e+02		5.2634322e+01		5.1711493e+01		9.2282899e-01
2.3400000e+02		2.3500000e+02		2.3450000e+02		2.3194371e+01		2.6959845e+01		9.0799317e+01		4.6066563e+01		4.5206980e+01		8.5958260e-01
2.3500000e+02		2.3600000e+02		2.3550000e+02		3.1223226e+01		3.6376221e+01		1.2242152e+02		6.2103882e+01		6.0872300e+01		1.2315823e+00
2.3600000e+02		2.3700000e+02		2.3650000e+02		2.8911473e+01		3.3757642e+01		1.1352241e+02		5.7582729e+01		5.6370760e+01		1.2119686e+00
2.3700000e+02		2.3800000e+02		2.3750000e+02		3.0878004e+01		3.6130268e+01		1.2140715e+02		6.1573872e+01		6.0200212e+01		1.3736597e+00
2.3800000e+02		2.3900000e+02		2.3850000e+02		2.5598090e+01		3.0012940e+01		1.0077193e+02		5.1100493e+01		4.9893687e+01		1.2068062e+00
2.3900000e+02		2.4000000e+02		2.3950000e+02		2.7890834e+01		3.2764331e+01		1.0992200e+02		5.5730798e+01		5.4339245e+01		1.3915538e+00
2.4000000e+02		2.4100000e+02		2.4050000e+02		2.5623038e+01		3.0155740e+01		1.0108810e+02		5.1242164e+01		4.9891017e+01		1.3511479e+00
2.4100000e+02		2.4200000e+02		2.4150000e+02		3.0005079e+01		3.5374906e+01		1.1848586e+02		6.0048537e+01		5.8378438e+01		1.6700991e+00
2.4200000e+02		2.4300000e+02		2.4250000e+02		4.1301739e+01		4.8774460e+01		1.6322978e+02		8.2705697e+01		8.0282169e+01		2.4235280e+00
2.4300000e+02		2.4400000e+02		2.4350000e+02		3.8791639e+01		4.5882722e+01		1.5342157e+02		7.7716664e+01		7.5319917e+01		2.3967472e+00
2.4400000e+02		2.4500000e+02		2.4450000e+02		3.6329084e+01		4.3034478e+01		1.4377346e+02		7.2809793e+01		7.0449153e+01		2.3606400e+00
2.4500000e+02		2.4600000e+02		2.4550000e+02		2.9476122e+01		3.4966200e+01		1.1671598e+02		5.9090315e+01		5.7078269e+01		2.0120458e+00
2.4600000e+02		2.4700000e+02		2.4650000e+02		2.8685918e+01		3.4074430e+01		1.1363837e+02		5.7514518e+01		5.5459842e+01		2.0546751e+00
2.4700000e+02		2.4800000e+02		2.4750000e+02		3.1678139e+01		3.7676263e+01		1.2553755e+02		6.3516157e+01		6.1137845e+01		2.3783123e+00
2.4800000e+02		2.4900000e+02		2.4850000e+02		2.5406301e+01		3.0252778e+01		1.0071068e+02		5.0937281e+01		4.8940059e+01		1.9972219e+00
2.4900000e+02		2.5000000e+02		2.4950000e+02		3.0967514e+01		3.6915940e+01		1.2277890e+02		6.2076218e+01		5.9529857e+01		2.5463614e+00
2.5000000e+02		2.5100000e+02		2.5050000e+02		3.3448743e+01		3.9915358e+01		1.3263085e+02		6.7031511e+01		6.4157505e+01		2.8740056e+00
2.5100000e+02		2.5200000e+02		2.5150000e+02		2.7888154e+01		3.3312119e+01		1.1058515e+02		5.5867066e+01		5.3365577e+01		2.5014891e+00
2.5200000e+02		2.5300000e+02		2.5250000e+02		2.5069906e+01		2.9972835e+01		9.9404905e+01		5.0197625e+01		4.7852366e+01		2.3452590e+00
2.5300000e+02		2.5400000e+02		2.5350000e+02		3.1592540e+01		3.7802749e+01		1.2525190e+02		6.3221927e+01		6.0142421e+01		3.0795060e+00
2.5400000e+02		2.5500000e+02		2.5450000e+02		3.5730773e+01		4.2787487e+01		1.4162970e+02		7.1455811e+01		6.7829984e+01		3.6258273e+00
2.5500000e+02		2.5600000e+02		2.5550000e+02		4.8755658e+01		5.8426172e+01		1.9320454e+02		9.7429894e+01		9.2283797e+01		5.1460969e+00
2.5600000e+02		2.5700000e+02		2.5650000e+02		6.2803876e+01		7.5309562e+01		2.4878731e+02		1.2539687e+02		1.1850785e+02		6.8890226e+00
2.5700000e+02		2.5800000e+02		2.5750000e+02		7.8843355e+01		9.4598432e+01		3.1219522e+02		1.5727520e+02		1.4829484e+02		8.9803684e+00
2.5800000e+02		2.5900000e+02		2.5850000e+02		8.2991293e+01		9.9627934e+01		3.2846095e+02		1.6538089e+02		1.5557316e+02		9.8077297e+00
2.5900000e+02		2.6000000e+02		2.5950000e+02		7.0629481e+01		8.4828075e+01		2.7938222e+02		1.4059180e+02		1.3193840e+02		8.6534038e+00
2.6000000e+02		2.6100000e+02		2.6050000e+02		5.7868388e+01		6.9530586e+01		2.2876414e+02		1.1505381e+02		1.0770911e+02		7.3447029e+00
2.6100000e+02		2.6200000e+02		2.6150000e+02		5.9092703e+01		7.1027386e+01		2.3344644e+02		1.1733955e+02		1.0957576e+02		7.7637945e+00
2.6200000e+02		2.6300000e+02		2.6250000e+02		7.0528613e+01		8.4799246e+01		2.7841932e+02		1.3985982e+02		1.3027473e+02		9.5850981e+00
2.6300000e+02		2.6400000e+02		2.6350000e+02		1.0614195e+02		1.2765158e+02		4.1867428e+02		2.1018356e+02		1.9527276e+02		1.4910804e+01
2.6400000e+02		2.6500000e+02		2.6450000e+02		1.6548208e+02		1.9905865e+02		6.5218479e+02		3.2720092e+02		3.0318787e+02		2.4013049e+01
2.6500000e+02		2.6600000e+02		2.6550000e+02		1.7356948e+02		2.0882065e+02		6.8343871e+02		3.4265527e+02		3.1665612e+02		2.5999150e+01
2.6600000e+02		2.6700000e+02		2.6650000e+02		1.6826276e+02		2.0245930e+02		6.6190777e+02		3.3163628e+02		3.0563602e+02		2.6000259e+01
2.6700000e+02		2.6800000e+02		2.6750000e+02		1.6940220e+02		2.0384434e+02		6.6571639e+02		3.3331382e+02		3.0632809e+02		2.6985730e+01
2.6800000e+02		2.6900000e+02		2.6850000e+02		1.6778062e+02		2.0189804e+02		6.5864425e+02		3.2953945e+02		3.0200282e+02		2.7536636e+01
2.6900000e+02		2.7000000e+02		2.6950000e+02		1.5737310e+02		1.8937076e+02		6.1710260e+02		3.0853139e+02		2.8193707e+02		2.6594312e+01
2.7000000e+02		2.7100000e+02		2.7050000e+02		1.8181465e+02		2.1876878e+02		7.1211981e+02		3.5577353e+02		3.2415672e+02		3.1616811e+01
2.7100000e+02		2.7200000e+02		2.7150000e+02		1.5108640e+02		1.8177678e+02		5.9105392e+02		2.9506623e+02		2.6804572e+02		2.7020510e+01
2.7200000e+02		2.7300000e+02		2.7250000e+02		1.2154404e+02		1.4621310e+02		4.7489086e+02		2.3689255e+02		2.1454988e+02		2.2342669e+01
2.7300000e+02		2.7400000e+02		2.7350000e+02		1.2960124e+02		1.5587804e+02		5.0571898e+02		2.5207252e+02		2.2759858e+02		2.4473945e+01
2.7400000e+02		2.7500000e+02		2.7450000e+02		8.9183780e+01		1.0724299e+02		3.4754264e+02		1.7309184e+02		1.5580004e+02		1.7291797e+01
2.7500000e+02		2.7600000e+02		2.7550000e+02		1.1893609e+02		1.4298437e+02		4.6285057e+02		2.3033252e+02		2.0666793e+02		2.3664592e+01
2.7600000e+02		2.7700000e+02		2.7650000e+02		1.6564211e+02		1.9907771e+02		6.4370407e+02		3.2006668e+02		2.8626298e+02		3.3803709e+01
2.7700000e+02		2.7800000e+02		2.7750000e+02		1.5837296e+02		1.9028103e+02		6.1456654e+02		3.0532112e+02		2.7218777e+02		3.3133350e+01
2.7800000e+02		2.7900000e+02		2.7850000e+02		1.0921797e+02		1.3117685e+02		4.2319349e+02		2.1006548e+02		1.8665250e+02		2.3412985e+01
2.7900000e+02		2.8000000e+02		2.7950000e+02		6.1368404e+01		7.3678901e+01		2.3742799e+02		1.1775236e+02		1.0427891e+02		1.3473443e+01
2.8000000e+02		2.8100000e+02		2.8050000e+02		6.7313201e+01		8.0783148e+01		2.6002514e+02		1.2884551e+02		1.1371678e+02		1.5128736e+01
2.8100000e+02		2.8200000e+02		2.8150000e+02		1.3943196e+02		1.6726017e+02		5.3776405e+02		2.6622967e+02		2.3416433e+02		3.2065332e+01
2.8200000e+02		2.8300000e+02		2.8250000e+02		1.8983287e+02		2.2761413e+02		7.3097428e+02		3.6155307e+02		3.1690293e+02		4.4650139e+01
2.8300000e+02		2.8400000e+02		2.8350000e+02		1.9610227e+02		2.3501543e+02		7.5387960e+02		3.7253914e+02		3.2538460e+02		4.7154538e+01
2.8400000e+02		2.8500000e+02		2.8450000e+02		1.4459284e+02		1.7319496e+02		5.5493589e+02		2.7397284e+02		2.3844302e+02		3.5529820e+01
2.8500000e+02		2.8600000e+02		2.8550000e+02		9.2944992e+01		1.1127007e+02		3.5611247e+02		1.7564734e+02		1.5231826e+02		2.3329084e+01
2.8600000e+02		2.8700000e+02		2.8650000e+02		1.9045522e+02		2.2787609e+02		7.2846420e+02		3.5896111e+02		3.1015049e+02		4.8810620e+01
2.8700000e+02		2.8800000e+02		2.8750000e+02		2.2108403e+02		2.6436669e+02		8.4414366e+02		4.1556169e+02		3.5773120e+02		5.7830491e+01
2.8800000e+02		2.8900000e+02		2.8850000e+02		2.1010240e+02		2.5108124e+02		8.0079922e+02		3.9383840e+02		3.3776707e+02		5.6071326e+01
2.8900000e+02		2.9000000e+02		2.8950000e+02		3.1885068e+02		3.8079851e+02		1.2131209e+03		5.9603150e+02		5.0924673e+02		8.6784771e+01
2.9000000e+02		2.9100000e+02		2.9050000e+02		4.1860542e+02		4.9960700e+02		1.5897785e+03		7.8031153e+02		6.6415405e+02		1.1615747e+02
2.9100000e+02		2.9200000e+02		2.9150000e+02		4.0318642e+02		4.8088013e+02		1.5284248e+03		7.4944102e+02		6.3542188e+02		1.1401914e+02
2.9200000e+02		2.9300000e+02		2.9250000e+02		3.5818014e+02		4.2690532e+02		1.3553077e+03		6.6387926e+02		5.6068635e+02		1.0319290e+02
2.9300000e+02		2.9400000e+02		2.9350000e+02		3.7393440e+02		4.4536574e+02		1.4122850e+03		6.9107830e+02		5.8136214e+02		1.0971615e+02
2.9400000e+02		2.9500000e+02		2.9450000e+02		3.4819581e+02		4.1440863e+02		1.3126038e+03		6.4163547e+02		5.3762448e+02		1.0401099e+02
2.9500000e+02		2.9600000e+02		2.9550000e+02		3.7701055e+02		4.4836889e+02		1.4185346e+03		6.9269269e+02		5.7807632e+02		1.1461637e+02
2.9600000e+02		2.9700000e+02		2.9650000e+02		3.4493460e+02		4.0991012e+02		1.2953675e+03		6.3188196e+02		5.2519103e+02		1.0669094e+02
2.9700000e+02		2.9800000e+02		2.9750000e+02		3.5165811e+02		4.1757638e+02		1.3180764e+03		6.4227685e+02		5.3164702e+02		1.1062983e+02
2.9800000e+02		2.9900000e+02		2.9850000e+02		3.0223333e+02		3.5860377e+02		1.1306294e+03		5.5034782e+02		4.5367131e+02		9.6676518e+01
2.9900000e+02		3.0000000e+02		2.9950000e+02		3.4101318e+02		4.0429183e+02		1.2732150e+03		6.1908555e+02		5.0820739e+02		1.1087816e+02
3.0000000e+02		3.0100000e+02		3.0050000e+02		2.7131061e+02		3.2139290e+02		1.0109858e+03		4.9104659e+02		4.0140494e+02		8.9641648e+01
3.0100000e+02		3.0200000e+02		3.0150000e+02		3.1202593e+02		3.6931807e+02		1.1604115e+03		5.6300898e+02		4.5827762e+02		1.0473136e+02
3.0200000e+02		3.0300000e+02		3.0250000e+02		3.2846528e+02		3.8844958e+02		1.2191288e+03		5.9084774e+02		4.7887919e+02		1.1196854e+02
3.0300000e+02		3.0400000e+02		3.0350000e+02		4.2601061e+02		5.0338019e+02		1.5780306e+03		7.6394344e+02		6.1649926e+02		1.4744418e+02
3.0400000e+02		3.0500000e+02		3.0450000e+02		4.0776836e+02		4.8141014e+02		1.5074392e+03		7.2895825e+02		5.8570512e+02		1.4325313e+02
3.0500000e+02		3.0600000e+02		3.0550000e+02		4.1174793e+02		4.8568518e+02		1.5190976e+03		7.3377512e+02		5.8698709e+02		1.4678803e+02
3.0600000e+02		3.0700000e+02		3.0650000e+02		3.9053943e+02		4.6026295e+02		1.4379512e+03		6.9379855e+02		5.5255117e+02		1.4124738e+02
3.0700000e+02		3.0800000e+02		3.0750000e+02		4.3847484e+02		5.1629713e+02		1.6111882e+03		7.7650641e+02		6.1566179e+02		1.6084463e+02
3.0800000e+02		3.0900000e+02		3.0850000e+02		4.3035211e+02		5.0627830e+02		1.5781399e+03		7.5971641e+02		5.9964101e+02		1.6007540e+02
3.0900000e+02		3.1000000e+02		3.0950000e+02		3.4901328e+02		4.1021765e+02		1.2772661e+03		6.1417545e+02		4.8256934e+02		1.3160611e+02
3.1000000e+02		3.1100000e+02		3.1050000e+02		4.3927411e+02		5.1583629e+02		1.6043204e+03		7.7055767e+02		6.0267726e+02		1.6788041e+02
3.1100000e+02		3.1200000e+02		3.1150000e+02		5.2246540e+02		6.1296379e+02		1.9042658e+03		9.1357164e+02		7.1124580e+02		2.0232583e+02
3.1200000e+02		3.1300000e+02		3.1250000e+02		4.6521908e+02		5.4529700e+02		1.6921576e+03		8.1087699e+02		6.2836901e+02		1.8250798e+02
3.1300000e+02		3.1400000e+02		3.1350000e+02		4.9544367e+02		5.8018391e+02		1.7984145e+03		8.6079819e+02		6.6394051e+02		1.9685768e+02
3.1400000e+02		3.1500000e+02		3.1450000e+02		4.6729179e+02		5.4670502e+02		1.6927588e+03		8.0928665e+02		6.2127482e+02		1.8801183e+02
3.1500000e+02		3.1600000e+02		3.1550000e+02		4.5343123e+02		5.2999007e+02		1.6391899e+03		7.8276378e+02		5.9806901e+02		1.8469477e+02
3.1600000e+02		3.1700000e+02		3.1650000e+02		4.4229406e+02		5.1648401e+02		1.5956570e+03		7.6108595e+02		5.7873439e+02		1.8235156e+02
3.1700000e+02		3.1800000e+02		3.1750000e+02		5.6102832e+02		6.5451301e+02		2.0198714e+03		9.6229724e+02		7.2822532e+02		2.3407192e+02
3.1800000e+02		3.1900000e+02		3.1850000e+02		4.6340678e+02		5.4010975e+02		1.6649913e+03		7.9229620e+02		5.9667954e+02		1.9561666e+02
3.1900000e+02		3.2000000e+02		3.1950000e+02		4.9774832e+02		5.7958103e+02		1.7847212e+03		8.4827156e+02		6.3572860e+02		2.1254296e+02
3.2000000e+02		3.2100000e+02		3.2050000e+02		5.7184857e+02		6.6522548e+02		2.0462238e+03		9.7141662e+02		7.2445601e+02		2.4696061e+02
3.2100000e+02		3.2200000e+02		3.2150000e+02		4.8024660e+02		5.5812890e+02		1.7149390e+03		8.1318235e+02		6.0346293e+02		2.0971942e+02
3.2200000e+02		3.2300000e+02		3.2250000e+02		4.8228681e+02		5.5996004e+02		1.7187115e+03		8.1400717e+02		6.0108197e+02		2.1292520e+02
3.2300000e+02		3.2400000e+02		3.2350000e+02		4.6607071e+02		5.4061002e+02		1.6575389e+03		7.8410492e+02		5.7611513e+02		2.0798980e+02
3.2400000e+02		3.2500000e+02		3.2450000e+02		5.4882129e+02		6.3597963e+02		1.9478635e+03		9.2035089e+02		6.7282961e+02		2.4752128e+02
3.2500000e+02		3.2600000e+02		3.2550000e+02		6.3196128e+02		7.3161429e+02		2.2383868e+03		1.0563648e+03		7.6836792e+02		2.8799686e+02
3.2600000e+02		3.2700000e+02		3.2650000e+02		7.1301257e+02		8.2464676e+02		2.5203485e+03		1.1880171e+03		8.5974345e+02		3.2827365e+02
3.2700000e+02		3.2800000e+02		3.2750000e+02		6.8984049e+02		7.9707329e+02		2.4335072e+03		1.1457176e+03		8.2490135e+02		3.2081627e+02
3.2800000e+02		3.2900000e+02		3.2850000e+02		6.6596082e+02		7.6873546e+02		2.3445264e+03		1.1025101e+03		7.8971927e+02		3.1279082e+02
3.2900000e+02		3.3000000e+02		3.2950000e+02		7.7527139e+02		8.9404758e+02		2.7238601e+03		1.2793650e+03		9.1167069e+02		3.6769426e+02
3.3000000e+02		3.3100000e+02		3.3050000e+02		7.3029799e+02		8.4136746e+02		2.5606958e+03		1.2012949e+03		8.5159742e+02		3.4969746e+02
3.3100000e+02		3.3200000e+02		3.3150000e+02		6.9881652e+02		8.0431785e+02		2.4454020e+03		1.1458394e+03		8.0804874e+02		3.3779070e+02
3.3200000e+02		3.3300000e+02		3.3250000e+02		6.8562051e+02		7.8836547e+02		2.3944328e+03		1.1206189e+03		7.8612006e+02		3.3449884e+02
3.3300000e+02		3.3400000e+02		3.3350000e+02		6.5878216e+02		7.5677240e+02		2.2961225e+03		1.0733273e+03		7.4897694e+02		3.2435037e+02
3.3400000e+02		3.3500000e+02		3.3450000e+02		6.9405546e+02		7.9652206e+02		2.4142629e+03		1.1272068e+03		7.8240843e+02		3.4479834e+02
3.3500000e+02		3.3600000e+02		3.3550000e+02		6.8541663e+02		7.8584890e+02		2.3794965e+03		1.1096504e+03		7.6612252e+02		3.4352786e+02
3.3600000e+02		3.3700000e+02		3.3650000e+02		5.6469084e+02		6.4680987e+02		1.9565197e+03		9.1131312e+02		6.2582141e+02		2.8549171e+02
3.3700000e+02		3.3800000e+02		3.3750000e+02		5.9573781e+02		6.8171575e+02		2.0600359e+03		9.5838677e+02		6.5461067e+02		3.0377611e+02
3.3800000e+02		3.3900000e+02		3.3850000e+02		6.4448401e+02		7.3678954e+02		2.2242374e+03		1.0335468e+03		7.0213521e+02		3.3141159e+02
3.3900000e+02		3.4000000e+02		3.3950000e+02		6.7448220e+02		7.7034611e+02		2.3232298e+03		1.0782627e+03		7.2853857e+02		3.4972417e+02
3.4000000e+02		3.4100000e+02		3.4050000e+02		7.1196374e+02		8.1237848e+02		2.4475730e+03		1.1346241e+03		7.6244134e+02		3.7218276e+02
3.4100000e+02		3.4200000e+02		3.4150000e+02		6.4984945e+02		7.4079753e+02		2.2297190e+03		1.0324071e+03		6.8995563e+02		3.4245146e+02
3.4200000e+02		3.4300000e+02		3.4250000e+02		7.0477558e+02		8.0264783e+02		2.4135229e+03		1.1161881e+03		7.4184424e+02		3.7434386e+02
3.4300000e+02		3.4400000e+02		3.4350000e+02		6.9264465e+02		7.8808550e+02		2.3674343e+03		1.0935778e+03		7.2280265e+02		3.7077520e+02
3.4400000e+02		3.4500000e+02		3.4450000e+02		5.5710877e+02		6.3327571e+02		1.9005447e+03		8.7687240e+02		5.7635596e+02		3.0051645e+02
3.4500000e+02		3.4600000e+02		3.4550000e+02		6.7138909e+02		7.6246248e+02		2.2860558e+03		1.0534951e+03		6.8859053e+02		3.6490455e+02
3.4600000e+02		3.4700000e+02		3.4650000e+02		6.5194093e+02		7.3968234e+02		2.2156398e+03		1.0198424e+03		6.6286591e+02		3.5697653e+02
3.4700000e+02		3.4800000e+02		3.4750000e+02		6.4525828e+02		7.3141673e+02		2.1888039e+03		1.0063057e+03		6.5039418e+02		3.5591147e+02
3.4800000e+02		3.4900000e+02		3.4850000e+02		6.6761091e+02		7.5605011e+02		2.2603885e+03		1.0379974e+03		6.6709441e+02		3.7090298e+02
3.4900000e+02		3.5000000e+02		3.4950000e+02		6.3989005e+02		7.2398568e+02		2.1624970e+03		9.9188159e+02		6.3384853e+02		3.5803306e+02
3.5000000e+02		3.5100000e+02		3.5050000e+02		7.6650484e+02		8.6644030e+02		2.5855903e+03		1.1845578e+03		7.5267410e+02		4.3188370e+02
3.5100000e+02		3.5200000e+02		3.5150000e+02		7.1211510e+02		8.0421981e+02		2.3976947e+03		1.0971949e+03		6.9318653e+02		4.0400838e+02
3.5200000e+02		3.5300000e+02		3.5250000e+02		6.5785102e+02		7.4225768e+02		2.2109270e+03		1.0105524e+03		6.3479202e+02		3.7576034e+02
3.5300000e+02		3.5400000e+02		3.5350000e+02		7.5263834e+02		8.4843361e+02		2.5248796e+03		1.1527121e+03		7.1993054e+02		4.3278152e+02
3.5400000e+02		3.5500000e+02		3.5450000e+02		8.0329241e+02		9.0471420e+02		2.6899230e+03		1.2266398e+03		7.6168404e+02		4.6495572e+02
3.5500000e+02		3.5600000e+02		3.5550000e+02		7.5433512e+02		8.4880937e+02		2.5214293e+03		1.1484770e+03		7.0902124e+02		4.3945577e+02
3.5600000e+02		3.5700000e+02		3.5650000e+02		6.5576441e+02		7.3723118e+02		2.1880187e+03		9.9546558e+02		6.1098914e+02		3.8447643e+02
3.5700000e+02		3.5800000e+02		3.5750000e+02		5.7307986e+02		6.4369919e+02		1.9087259e+03		8.6740091e+02		5.2928396e+02		3.3811695e+02
3.5800000e+02		3.5900000e+02		3.5850000e+02		4.9194729e+02		5.5207787e+02		1.6355987e+03		7.4243016e+02		4.5037835e+02		2.9205180e+02
3.5900000e+02		3.6000000e+02		3.5950000e+02		7.1030971e+02		7.9642609e+02		2.3574380e+03		1.0688657e+03		6.4459902e+02		4.2426668e+02
3.6000000e+02		3.6100000e+02		3.6050000e+02		7.0092701e+02		7.8521491e+02		2.3222248e+03		1.0517019e+03		6.3051501e+02		4.2118690e+02
3.6100000e+02		3.6200000e+02		3.6150000e+02		6.5110481e+02		7.2876371e+02		2.1534060e+03		9.7414015e+02		5.8056690e+02		3.9357326e+02
3.6200000e+02		3.6300000e+02		3.6250000e+02		7.3500056e+02		8.2195057e+02		2.4266711e+03		1.0965164e+03		6.4962979e+02		4.4688663e+02
3.6300000e+02		3.6400000e+02		3.6350000e+02		7.1558904e+02		7.9955075e+02		2.3585215e+03		1.0645214e+03		6.2692730e+02		4.3759410e+02
3.6400000e+02		3.6500000e+02		3.6450000e+02		7.4837927e+02		8.3546946e+02		2.4623825e+03		1.1101511e+03		6.4990371e+02		4.6024738e+02
3.6500000e+02		3.6600000e+02		3.6550000e+02		8.5179486e+02		9.5010695e+02		2.7978932e+03		1.2600025e+03		7.3322073e+02		5.2678176e+02
3.6600000e+02		3.6700000e+02		3.6650000e+02		9.1042532e+02		1.0146416e+03		2.9854344e+03		1.3429605e+03		7.7681099e+02		5.6614953e+02
3.6700000e+02		3.6800000e+02		3.6750000e+02		8.7909512e+02		9.7889757e+02		2.8778683e+03		1.2931349e+03		7.4349361e+02		5.4964134e+02
3.6800000e+02		3.6900000e+02		3.6850000e+02		8.1047729e+02		9.0173209e+02		2.6488205e+03		1.1888976e+03		6.7944098e+02		5.0945665e+02
3.6900000e+02		3.7000000e+02		3.6950000e+02		8.9967825e+02		1.0001415e+03		2.9354881e+03		1.3161127e+03		7.4759600e+02		5.6851671e+02
3.7000000e+02		3.7100000e+02		3.7050000e+02		8.4427990e+02		9.3777892e+02		2.7502094e+03		1.2316895e+03		6.9539979e+02		5.3628967e+02
3.7100000e+02		3.7200000e+02		3.7150000e+02		8.7164560e+02		9.6737763e+02		2.8347208e+03		1.2681491e+03		7.1163293e+02		5.5651616e+02
3.7200000e+02		3.7300000e+02		3.7250000e+02		7.2411383e+02		8.0298477e+02		2.3511105e+03		1.0506536e+03		5.8599070e+02		4.6466289e+02
3.7300000e+02		3.7400000e+02		3.7350000e+02		6.3155746e+02		6.9977756e+02		2.0472918e+03		9.1389156e+02		5.0659916e+02		4.0729240e+02
3.7400000e+02		3.7500000e+02		3.7450000e+02		6.4642322e+02		7.1567044e+02		2.0921332e+03		9.3289900e+02		5.1396830e+02		4.1893070e+02
3.7500000e+02		3.7600000e+02		3.7550000e+02		7.4036161e+02		8.1901401e+02		2.3923605e+03		1.0656247e+03		5.8348712e+02		4.8213756e+02
3.7600000e+02		3.7700000e+02		3.7650000e+02		7.6758018e+02		8.4844722e+02		2.4764050e+03		1.1018784e+03		5.9962464e+02		5.0225377e+02
3.7700000e+02		3.7800000e+02		3.7750000e+02		9.0048278e+02		9.9456338e+02		2.9006368e+03		1.2892637e+03		6.9726834e+02		5.9199532e+02
3.7800000e+02		3.7900000e+02		3.7850000e+02		9.3786543e+02		1.0350371e+03		3.0163610e+03		1.3392762e+03		7.1983750e+02		6.1943869e+02
3.7900000e+02		3.8000000e+02		3.7950000e+02		7.6051322e+02		8.3865398e+02		2.4421889e+03		1.0831948e+03		5.7858990e+02		5.0460495e+02
3.8000000e+02		3.8100000e+02		3.8050000e+02		8.2814537e+02		9.1252684e+02		2.6552999e+03		1.1764772e+03		6.2451323e+02		5.5196396e+02
3.8100000e+02		3.8200000e+02		3.8150000e+02		7.4366886e+02		8.1881172e+02		2.3808166e+03		1.0537573e+03		5.5588712e+02		4.9787014e+02
3.8200000e+02		3.8300000e+02		3.8250000e+02		5.3336093e+02		5.8680444e+02		1.7049503e+03		7.5382958e+02		3.9518572e+02		3.5864386e+02
3.8300000e+02		3.8400000e+02		3.8350000e+02		4.7073026e+02		5.1750484e+02		1.5024901e+03		6.6362394e+02		3.4572150e+02		3.1790244e+02
3.8400000e+02		3.8500000e+02		3.8450000e+02		6.2969557e+02		6.9174401e+02		2.0068917e+03		8.8549371e+02		4.5841671e+02		4.2707700e+02
3.8500000e+02		3.8600000e+02		3.8550000e+02		6.6694888e+02		7.3211980e+02		2.1224841e+03		9.3553336e+02		4.8128164e+02		4.5425171e+02
3.8600000e+02		3.8700000e+02		3.8650000e+02		6.6977732e+02		7.3467835e+02		2.1283630e+03		9.3716493e+02		4.7908840e+02		4.5807653e+02
3.8700000e+02		3.8800000e+02		3.8750000e+02		6.6902499e+02		7.3331185e+02		2.1228816e+03		9.3379979e+02		4.7435956e+02		4.5944023e+02
3.8800000e+02		3.8900000e+02		3.8850000e+02		6.7841027e+02		7.4305455e+02		2.1495560e+03		9.4457547e+02		4.7680362e+02		4.6777185e+02
3.8900000e+02		3.9000000e+02		3.8950000e+02		8.1451188e+02		8.9147669e+02		2.5771010e+03		1.1313096e+03		5.6745078e+02		5.6385883e+02
3.9000000e+02		3.9100000e+02		3.9050000e+02		8.5560997e+02		9.3578276e+02		2.7032877e+03		1.1855139e+03		5.9087031e+02		5.9464363e+02
3.9100000e+02		3.9200000e+02		3.9150000e+02		9.2006232e+02		1.0055541e+03		2.9028248e+03		1.2717502e+03		6.2982682e+02		6.4192341e+02
3.9200000e+02		3.9300000e+02		3.9250000e+02		7.0614281e+02		7.7120898e+02		2.2247846e+03		9.7372842e+02		4.7916615e+02		4.9456227e+02
3.9300000e+02		3.9400000e+02		3.9350000e+02		4.3291589e+02		4.7247273e+02		1.3620577e+03		5.9554766e+02		2.9119841e+02		3.0434925e+02
3.9400000e+02		3.9500000e+02		3.9450000e+02		7.1565803e+02		7.8050339e+02		2.2485303e+03		9.8218475e+02		4.7718323e+02		5.0500152e+02
3.9500000e+02		3.9600000e+02		3.9550000e+02		8.7888136e+02		9.5785077e+02		2.7575877e+03		1.2033708e+03		5.8090673e+02		6.2246411e+02
3.9600000e+02		3.9700000e+02		3.9650000e+02		6.0712893e+02		6.6122492e+02		1.9023505e+03		8.2935160e+02		3.9779201e+02		4.3155959e+02
3.9700000e+02		3.9800000e+02		3.9750000e+02		6.8053003e+02		7.4065947e+02		2.1294726e+03		9.2747137e+02		4.4200169e+02		4.8546968e+02
3.9800000e+02		3.9900000e+02		3.9850000e+02		1.0480559e+03		1.1398850e+03		3.2751332e+03		1.4250826e+03		6.7478467e+02		7.5029793e+02
3.9900000e+02		4.0000000e+02		3.9950000e+02		1.1577145e+03		1.2583044e+03		3.6130198e+03		1.5706027e+03		7.3890575e+02		8.3169693e+02
4.0000000e+02		4.0100000e+02		4.0050000e+02		1.1939713e+03		1.2968449e+03		3.7212741e+03		1.6161249e+03		7.5542445e+02		8.6070040e+02
4.0100000e+02		4.0200000e+02		4.0150000e+02		1.2509583e+03		1.3578419e+03		3.8938038e+03		1.6894560e+03		7.8460739e+02		9.0484860e+02
4.0200000e+02		4.0300000e+02		4.0250000e+02		1.2664199e+03		1.3737212e+03		3.9368325e+03		1.7065211e+03		7.8741306e+02		9.1910803e+02
4.0300000e+02		4.0400000e+02		4.0350000e+02		1.2115903e+03		1.3133891e+03		3.7615556e+03		1.6290201e+03		7.4679083e+02		8.8222925e+02
4.0400000e+02		4.0500000e+02		4.0450000e+02		1.1914959e+03		1.2907711e+03		3.6944621e+03		1.5984783e+03		7.2804312e+02		8.7043516e+02
4.0500000e+02		4.0600000e+02		4.0550000e+02		1.1904731e+03		1.2888356e+03		3.6866310e+03		1.5936176e+03		7.2112176e+02		8.7249580e+02
4.0600000e+02		4.0700000e+02		4.0650000e+02		1.1388815e+03		1.2321966e+03		3.5224471e+03		1.5212485e+03		6.8390409e+02		8.3734443e+02
4.0700000e+02		4.0800000e+02		4.0750000e+02		1.1575323e+03		1.2515850e+03		3.5756856e+03		1.5428319e+03		6.8909749e+02		8.5373442e+02
4.0800000e+02		4.0900000e+02		4.0850000e+02		1.2307397e+03		1.3299075e+03		3.7971440e+03		1.6369006e+03		7.2635337e+02		9.1054721e+02
4.0900000e+02		4.1000000e+02		4.0950000e+02		1.2243097e+03		1.3221378e+03		3.7726904e+03		1.6248927e+03		7.1632581e+02		9.0856691e+02
4.1000000e+02		4.1100000e+02		4.1050000e+02		1.1216634e+03		1.2105435e+03		3.4521987e+03		1.4855249e+03		6.5061316e+02		8.3491177e+02
4.1100000e+02		4.1200000e+02		4.1150000e+02		1.3003372e+03		1.4025179e+03		3.9973014e+03		1.7185574e+03		7.4775745e+02		9.7079994e+02
4.1200000e+02		4.1300000e+02		4.1250000e+02		1.2760342e+03		1.3754712e+03		3.9179166e+03		1.6829362e+03		7.2746998e+02		9.5546625e+02
4.1300000e+02		4.1400000e+02		4.1350000e+02		1.2308584e+03		1.3259777e+03		3.7747413e+03		1.6200087e+03		6.9568470e+02		9.2432399e+02
4.1400000e+02		4.1500000e+02		4.1450000e+02		1.2488872e+03		1.3445980e+03		3.8255403e+03		1.6403743e+03		6.9981428e+02		9.4055999e+02
4.1500000e+02		4.1600000e+02		4.1550000e+02		1.2477523e+03		1.3425821e+03		3.8176194e+03		1.6355550e+03		6.9318141e+02		9.4237362e+02
4.1600000e+02		4.1700000e+02		4.1650000e+02		1.2947363e+03		1.3923203e+03		3.9568031e+03		1.6937202e+03		7.1311985e+02		9.8060040e+02
4.1700000e+02		4.1800000e+02		4.1750000e+02		1.1781342e+03		1.2661935e+03		3.5963414e+03		1.5381022e+03		6.4334279e+02		8.9475941e+02
4.1800000e+02		4.1900000e+02		4.1850000e+02		1.2217101e+03		1.3122697e+03		3.7251304e+03		1.5918243e+03		6.6143343e+02		9.3039089e+02
4.1900000e+02		4.2000000e+02		4.1950000e+02		1.2338424e+03		1.3245437e+03		3.7578919e+03		1.6044628e+03		6.6229560e+02		9.4216720e+02
4.2000000e+02		4.2100000e+02		4.2050000e+02		1.2494927e+03		1.3405842e+03		3.8013133e+03		1.6216349e+03		6.6497303e+02		9.5666188e+02
4.2100000e+02		4.2200000e+02		4.2150000e+02		1.2299982e+03		1.3189268e+03		3.7378669e+03		1.5932342e+03		6.4901823e+02		9.4421597e+02
4.2200000e+02		4.2300000e+02		4.2250000e+02		1.1657134e+03		1.2492976e+03		3.5386254e+03		1.5070549e+03		6.0986025e+02		8.9719462e+02
4.2300000e+02		4.2400000e+02		4.2350000e+02		1.2419943e+03		1.3303125e+03		3.7660826e+03		1.6026007e+03		6.4424096e+02		9.5835977e+02
4.2400000e+02		4.2500000e+02		4.2450000e+02		1.2850442e+03		1.3756694e+03		3.8924203e+03		1.6550021e+03		6.6090811e+02		9.9409395e+02
4.2500000e+02		4.2600000e+02		4.2550000e+02		1.2367256e+03		1.3232239e+03		3.7420568e+03		1.5897719e+03		6.3065927e+02		9.5911264e+02
4.2600000e+02		4.2700000e+02		4.2650000e+02		1.2316584e+03		1.3170924e+03		3.7227732e+03		1.5802979e+03		6.2275081e+02		9.5754708e+02
4.2700000e+02		4.2800000e+02		4.2750000e+02		1.1420512e+03		1.2206173e+03		3.4483001e+03		1.4626071e+03		5.7255396e+02		8.9005313e+02
4.2800000e+02		4.2900000e+02		4.2850000e+02		1.1495483e+03		1.2279795e+03		3.4673185e+03		1.4694976e+03		5.7143802e+02		8.9805962e+02
4.2900000e+02		4.3000000e+02		4.2950000e+02		1.0698649e+03		1.1422594e+03		3.2236385e+03		1.3651372e+03		5.2733452e+02		8.3780269e+02
4.3000000e+02		4.3100000e+02		4.3050000e+02		8.6065012e+02		9.1840935e+02		2.5905902e+03		1.0961899e+03		4.2063322e+02		6.7555665e+02
4.3100000e+02		4.3200000e+02		4.3150000e+02		1.0641754e+03		1.1350073e+03		3.1999543e+03		1.3529763e+03		5.1572023e+02		8.3725611e+02
4.3200000e+02		4.3300000e+02		4.3250000e+02		1.1990384e+03		1.2781925e+03		3.6018521e+03		1.5217172e+03		5.7618567e+02		9.4553151e+02
4.3300000e+02		4.3400000e+02		4.3350000e+02		1.3017454e+03		1.3869756e+03		3.9064726e+03		1.6491371e+03		6.2028063e+02		1.0288564e+03
4.3400000e+02		4.3500000e+02		4.3450000e+02		1.1054356e+03		1.1772203e+03		3.3140712e+03		1.3979768e+03		5.2231546e+02		8.7566130e+02
4.3500000e+02		4.3600000e+02		4.3550000e+02		1.2347447e+03		1.3142708e+03		3.6981019e+03		1.5587820e+03		5.7851994e+02		9.8026210e+02
4.3600000e+02		4.3700000e+02		4.3650000e+02		1.3814970e+03		1.4697480e+03		4.1336017e+03		1.7410281e+03		6.4185563e+02		1.0991725e+03
4.3700000e+02		4.3800000e+02		4.3750000e+02		1.2223713e+03		1.2998199e+03		3.6539484e+03		1.5378445e+03		5.6317233e+02		9.7467217e+02
4.3800000e+02		4.3900000e+02		4.3850000e+02		1.1905029e+03		1.2653172e+03		3.5552807e+03		1.4951990e+03		5.4390612e+02		9.5129290e+02
4.3900000e+02		4.4000000e+02		4.3950000e+02		1.3250738e+03		1.4076666e+03		3.9534044e+03		1.6613979e+03		6.0033471e+02		1.0610632e+03
4.4000000e+02		4.4100000e+02		4.4050000e+02		1.2562739e+03		1.3339411e+03		3.7446116e+03		1.5724929e+03		5.6441980e+02		1.0080731e+03
4.4100000e+02		4.4200000e+02		4.4150000e+02		1.3817384e+03		1.4664677e+03		4.1147461e+03		1.7266594e+03		6.1562019e+02		1.1110392e+03
4.4200000e+02		4.4300000e+02		4.4250000e+02		1.4526378e+03		1.5409912e+03		4.3218811e+03		1.8122593e+03		6.4182727e+02		1.1704321e+03
4.4300000e+02		4.4400000e+02		4.4350000e+02		1.4050936e+03		1.4898618e+03		4.1765957e+03		1.7500725e+03		6.1566511e+02		1.1344074e+03
4.4400000e+02		4.4500000e+02		4.4450000e+02		1.4475318e+03		1.5341525e+03		4.2988316e+03		1.7999991e+03		6.2899987e+02		1.1709992e+03
4.4500000e+02		4.4600000e+02		4.4550000e+02		1.3420773e+03		1.4217373e+03		3.9820653e+03		1.6661751e+03		5.7834617e+02		1.0878290e+03
4.4600000e+02		4.4700000e+02		4.4650000e+02		1.3689269e+03		1.4495234e+03		4.0581024e+03		1.6967890e+03		5.8503683e+02		1.1117522e+03
4.4700000e+02		4.4800000e+02		4.4750000e+02		1.4837056e+03		1.5703539e+03		4.3944622e+03		1.8361378e+03		6.2885146e+02		1.2072864e+03
4.4800000e+02		4.4900000e+02		4.4850000e+02		1.4587166e+03		1.5432180e+03		4.3166564e+03		1.8023697e+03		6.1315943e+02		1.1892103e+03
4.4900000e+02		4.5000000e+02		4.4950000e+02		1.4737837e+03		1.5584696e+03		4.3574474e+03		1.8181408e+03		6.1438866e+02		1.2037522e+03
4.5000000e+02		4.5100000e+02		4.5050000e+02		1.5636828e+03		1.6528109e+03		4.6192575e+03		1.9260548e+03		6.4650198e+02		1.2795528e+03
4.5100000e+02		4.5200000e+02		4.5150000e+02		1.5589734e+03		1.6471182e+03		4.6014062e+03		1.9173006e+03		6.3925848e+02		1.2780422e+03
4.5200000e+02		4.5300000e+02		4.5250000e+02		1.4757889e+03		1.5585599e+03		4.3521882e+03		1.8122270e+03		6.0018271e+02		1.2120443e+03
4.5300000e+02		4.5400000e+02		4.5350000e+02		1.4141855e+03		1.4928648e+03		4.1670101e+03		1.7339511e+03		5.7041629e+02		1.1635348e+03
4.5400000e+02		4.5500000e+02		4.5450000e+02		1.5096596e+03		1.5929773e+03		4.4446248e+03		1.8482336e+03		6.0394273e+02		1.2442908e+03
4.5500000e+02		4.5600000e+02		4.5550000e+02		1.4952815e+03		1.5771448e+03		4.3986566e+03		1.8279037e+03		5.9330191e+02		1.2346018e+03
4.5600000e+02		4.5700000e+02		4.5650000e+02		1.5527317e+03		1.6370603e+03		4.5639162e+03		1.8953285e+03		6.1106891e+02		1.2842595e+03
4.5700000e+02		4.5800000e+02		4.5750000e+02		1.5677329e+03		1.6521960e+03		4.6042672e+03		1.9108340e+03		6.1194408e+02		1.2988899e+03
4.5800000e+02		4.5900000e+02		4.5850000e+02		1.4734199e+03		1.5521683e+03		4.3237965e+03		1.7932685e+03		5.7044926e+02		1.2228193e+03
4.5900000e+02		4.6000000e+02		4.5950000e+02		1.5222067e+03		1.6029141e+03		4.4633983e+03		1.8499730e+03		5.8454761e+02		1.2654254e+03
4.6000000e+02		4.6100000e+02		4.6050000e+02		1.5039223e+03		1.5830254e+03		4.4062964e+03		1.8251356e+03		5.7283875e+02		1.2522968e+03
4.6100000e+02		4.6200000e+02		4.6150000e+02		1.5386000e+03		1.6188836e+03		4.5043622e+03		1.8645688e+03		5.8129744e+02		1.2832714e+03
4.6200000e+02		4.6300000e+02		4.6250000e+02		1.5538294e+03		1.6342637e+03		4.5454107e+03		1.8803726e+03		5.8229986e+02		1.2980727e+03
4.6300000e+02		4.6400000e+02		4.6350000e+02		1.5018384e+03		1.5789647e+03		4.3899356e+03		1.8149162e+03		5.5826734e+02		1.2566489e+03
4.6400000e+02		4.6500000e+02		4.6450000e+02		1.5281564e+03		1.6060125e+03		4.4634513e+03		1.8441611e+03		5.6346569e+02		1.2806954e+03
4.6500000e+02		4.6600000e+02		4.6550000e+02		1.4760608e+03		1.5506676e+03		4.3080245e+03		1.7788437e+03		5.3987048e+02		1.2389733e+03
4.6600000e+02		4.6700000e+02		4.6650000e+02		1.4854121e+03		1.5598982e+03		4.3320619e+03		1.7876719e+03		5.3891834e+02		1.2487535e+03
4.6700000e+02		4.6800000e+02		4.6750000e+02		1.4997486e+03		1.5743600e+03		4.3706171e+03		1.8024838e+03		5.3974693e+02		1.2627369e+03
4.6800000e+02		4.6900000e+02		4.6850000e+02		1.4665907e+03		1.5389773e+03		4.2708333e+03		1.7602673e+03		5.2357798e+02		1.2366894e+03
4.6900000e+02		4.7000000e+02		4.6950000e+02		1.5086728e+03		1.5825501e+03		4.3901659e+03		1.8083656e+03		5.3428536e+02		1.2740803e+03
4.7000000e+02		4.7100000e+02		4.7050000e+02		1.4256243e+03		1.4948858e+03		4.1454902e+03		1.7065634e+03		5.0083437e+02		1.2057290e+03
4.7100000e+02		4.7200000e+02		4.7150000e+02		1.4904926e+03		1.5623369e+03		4.3310010e+03		1.7818778e+03		5.1943921e+02		1.2624386e+03
4.7200000e+02		4.7300000e+02		4.7250000e+02		1.5269264e+03		1.5999496e+03		4.4337064e+03		1.8230624e+03		5.2789061e+02		1.2951718e+03
4.7300000e+02		4.7400000e+02		4.7350000e+02		1.4995420e+03		1.5706937e+03		4.3511145e+03		1.7880595e+03		5.1429282e+02		1.2737666e+03
4.7400000e+02		4.7500000e+02		4.7450000e+02		1.5448084e+03		1.6175345e+03		4.4793212e+03		1.8396803e+03		5.2560261e+02		1.3140777e+03
4.7500000e+02		4.7600000e+02		4.7550000e+02		1.5413846e+03		1.6133825e+03		4.4662902e+03		1.8332751e+03		5.2027151e+02		1.3130036e+03
4.7600000e+02		4.7700000e+02		4.7650000e+02		1.4853490e+03		1.5541881e+03		4.3009598e+03		1.7644058e+03		4.9738050e+02		1.2670253e+03
4.7700000e+02		4.7800000e+02		4.7750000e+02		1.5508368e+03		1.6221508e+03		4.4875212e+03		1.8398983e+03		5.1519619e+02		1.3247021e+03
4.7800000e+02		4.7900000e+02		4.7850000e+02		1.5358791e+03		1.6059555e+03		4.4412329e+03		1.8198973e+03		5.0619163e+02		1.3137057e+03
4.7900000e+02		4.8000000e+02		4.7950000e+02		1.5403519e+03		1.6100861e+03		4.4511796e+03		1.8229564e+03		5.0365640e+02		1.3193000e+03
4.8000000e+02		4.8100000e+02		4.8050000e+02		1.5442750e+03		1.6136441e+03		4.4595493e+03		1.8253735e+03		5.0095720e+02		1.3244163e+03
4.8100000e+02		4.8200000e+02		4.8150000e+02		1.5475498e+03		1.6165271e+03		4.4660608e+03		1.8270347e+03		4.9806645e+02		1.3289683e+03
4.8200000e+02		4.8300000e+02		4.8250000e+02		1.5416562e+03		1.6098388e+03		4.4461455e+03		1.8178959e+03		4.9226840e+02		1.3256275e+03
4.8300000e+02		4.8400000e+02		4.8350000e+02		1.5183412e+03		1.5849734e+03		4.3760684e+03		1.7882752e+03		4.8101727e+02		1.3072580e+03
4.8400000e+02		4.8500000e+02		4.8450000e+02		1.4920771e+03		1.5570511e+03		4.2976102e+03		1.7552700e+03		4.6899102e+02		1.2862790e+03
4.8500000e+02		4.8600000e+02		4.8550000e+02		1.4021236e+03		1.4627097e+03		4.0359473e+03		1.6475204e+03		4.3726694e+02		1.2102535e+03
4.8600000e+02		4.8700000e+02		4.8650000e+02		1.2173217e+03		1.2695174e+03		3.5017922e+03		1.4287157e+03		3.7666728e+02		1.0520484e+03
4.8700000e+02		4.8800000e+02		4.8750000e+02		1.3927585e+03		1.4520172e+03		4.0039533e+03		1.6327372e+03		4.2758813e+02		1.2051491e+03
4.8800000e+02		4.8900000e+02		4.8850000e+02		1.4651201e+03		1.5269788e+03		4.2093685e+03		1.7156068e+03		4.4629853e+02		1.2693083e+03
4.8900000e+02		4.9000000e+02		4.8950000e+02		1.4372192e+03		1.4974345e+03		4.1266685e+03		1.6810306e+03		4.3439293e+02		1.2466377e+03
4.9000000e+02		4.9100000e+02		4.9050000e+02		1.5307557e+03		1.5943987e+03		4.3925592e+03		1.7884242e+03		4.5906929e+02		1.3293550e+03
4.9100000e+02		4.9200000e+02		4.9150000e+02		1.4425606e+03		1.5020781e+03		4.1369783e+03		1.6835063e+03		4.2926368e+02		1.2542426e+03
4.9200000e+02		4.9300000e+02		4.9250000e+02		1.3729411e+03		1.4291535e+03		3.9349642e+03		1.6004883e+03		4.0538233e+02		1.1951059e+03
4.9300000e+02		4.9400000e+02		4.9350000e+02		1.4509629e+03		1.5099166e+03		4.1561109e+03		1.6895876e+03		4.2510593e+02		1.2644816e+03
4.9400000e+02		4.9500000e+02		4.9450000e+02		1.4929449e+03		1.5531423e+03		4.2738449e+03		1.7365841e+03		4.3402793e+02		1.3025562e+03
4.9500000e+02		4.9600000e+02		4.9550000e+02		1.4663156e+03		1.5249896e+03		4.1951626e+03		1.7037701e+03		4.2299916e+02		1.2807709e+03
4.9600000e+02		4.9700000e+02		4.9650000e+02		1.4846220e+03		1.5435772e+03		4.2450790e+03		1.7231961e+03		4.2498265e+02		1.2982134e+03
4.9700000e+02		4.9800000e+02		4.9750000e+02		1.5123203e+03		1.5719199e+03		4.3217970e+03		1.7534832e+03		4.2958336e+02		1.3238998e+03
4.9800000e+02		4.9900000e+02		4.9850000e+02		1.3744029e+03		1.4281570e+03		3.9254323e+03		1.5918958e+03		3.8741032e+02		1.2044855e+03
4.9900000e+02		5.0000000e+02		4.9950000e+02		1.4721832e+03		1.5293260e+03		4.2023309e+03		1.7033696e+03		4.1179166e+02		1.2915780e+03
