Left Bin Edge (nm)	Right Bin Edge (nm)	Bin Center (nm)		Top of Atm Intensity (erg/s/nm/cm2)		Total Surface Flux (erg/s/nm/cm2)		Total Intensity at BOA (erg/s/nm/cm2)		Total Surface Intensity (erg/s/nm/cm2)		Total Surface Diffuse Intensity (erg/s/nm/cm2)		Total Surface Direct Intensity (erg/s/nm/cm2)
1.0000000e+02		1.0100000e+02		1.0050000e+02		4.4569042e-02		2.4525372e-199		0.0000000e+00		4.2479191e-199		4.2479191e-199		0.0000000e+00
1.0100000e+02		1.0200000e+02		1.0150000e+02		1.7387199e-01		2.8780736e-197		0.0000000e+00		4.9849697e-197		4.9849697e-197		0.0000000e+00
1.0200000e+02		1.0300000e+02		1.0250000e+02		9.2286085e-01		3.0760912e-195		0.0000000e+00		5.3279463e-195		5.3279463e-195		0.0000000e+00
1.0300000e+02		1.0400000e+02		1.0350000e+02		7.0094286e-01		3.0025211e-193		0.0000000e+00		5.2005190e-193		5.2005190e-193		0.0000000e+00
1.0400000e+02		1.0500000e+02		1.0450000e+02		1.4124828e-01		2.6834646e-191		0.0000000e+00		4.6478970e-191		4.6478970e-191		0.0000000e+00
1.0500000e+02		1.0600000e+02		1.0550000e+02		4.8389941e-02		2.2015012e-189		0.0000000e+00		3.8131119e-189		3.8131119e-189		0.0000000e+00
1.0600000e+02		1.0700000e+02		1.0650000e+02		4.5487167e-02		1.6618987e-187		0.0000000e+00		2.8784930e-187		2.8784930e-187		0.0000000e+00
1.0700000e+02		1.0800000e+02		1.0750000e+02		5.0757295e-02		1.1570780e-185		0.0000000e+00		2.0041179e-185		2.0041179e-185		0.0000000e+00
1.0800000e+02		1.0900000e+02		1.0850000e+02		7.1152114e-02		7.4465600e-184		0.0000000e+00		1.2897820e-183		1.2897820e-183		0.0000000e+00
1.0900000e+02		1.1000000e+02		1.0950000e+02		5.5817450e-02		4.4391295e-182		0.0000000e+00		7.6887978e-182		7.6887978e-182		0.0000000e+00
1.1000000e+02		1.1100000e+02		1.1050000e+02		5.4043772e-02		2.4568489e-180		0.0000000e+00		4.2553872e-180		4.2553872e-180		0.0000000e+00
1.1100000e+02		1.1200000e+02		1.1150000e+02		5.0797691e-02		1.2648807e-178		0.0000000e+00		2.1908376e-178		2.1908376e-178		0.0000000e+00
1.1200000e+02		1.1300000e+02		1.1250000e+02		5.1969037e-02		6.0686000e-177		0.0000000e+00		1.0511123e-176		1.0511123e-176		0.0000000e+00
1.1300000e+02		1.1400000e+02		1.1350000e+02		4.1221387e-02		2.7183683e-175		0.0000000e+00		4.7083519e-175		4.7083519e-175		0.0000000e+00
1.1400000e+02		1.1500000e+02		1.1450000e+02		3.1562600e-02		1.1389360e-173		0.0000000e+00		1.9726951e-173		1.9726951e-173		0.0000000e+00
1.1500000e+02		1.1600000e+02		1.1550000e+02		4.3552050e-02		4.4696909e-172		0.0000000e+00		7.7417317e-172		7.7417317e-172		0.0000000e+00
1.1600000e+02		1.1700000e+02		1.1650000e+02		1.0143732e-01		1.6438949e-170		0.0000000e+00		2.8473095e-170		2.8473095e-170		0.0000000e+00
1.1700000e+02		1.1800000e+02		1.1750000e+02		3.6108525e-01		5.6752218e-169		0.0000000e+00		9.8297725e-169		9.8297725e-169		0.0000000e+00
1.1800000e+02		1.1900000e+02		1.1850000e+02		1.2283927e-01		1.8297508e-167		0.0000000e+00		3.1692214e-167		3.1692214e-167		0.0000000e+00
1.1900000e+02		1.2000000e+02		1.1950000e+02		1.7115732e-01		5.6016401e-166		0.0000000e+00		9.7023252e-166		9.7023252e-166		0.0000000e+00
1.2000000e+02		1.2100000e+02		1.2050000e+02		9.3056497e-01		1.6340047e-164		0.0000000e+00		2.8301792e-164		2.8301792e-164		0.0000000e+00
1.2100000e+02		1.2200000e+02		1.2150000e+02		3.6941242e+01		4.5140619e-163		0.0000000e+00		7.8185845e-163		7.8185845e-163		0.0000000e+00
1.2200000e+02		1.2300000e+02		1.2250000e+02		2.4773856e-01		1.1789381e-161		2.2227587e-162		2.0419808e-161		2.0419808e-161		0.0000000e+00
1.2300000e+02		1.2400000e+02		1.2350000e+02		1.3344721e-01		2.9169946e-160		4.1820956e-161		5.0523829e-160		5.0523829e-160		0.0000000e+00
1.2400000e+02		1.2500000e+02		1.2450000e+02		1.0726631e-01		6.8474550e-159		9.2117462e-160		1.1860140e-158		1.1860140e-158		0.0000000e+00
1.2500000e+02		1.2600000e+02		1.2550000e+02		1.0471361e-01		1.5267802e-157		1.9879523e-158		2.6444610e-157		2.6444610e-157		0.0000000e+00
1.2600000e+02		1.2700000e+02		1.2650000e+02		1.4644878e-01		3.2392642e-156		4.1302285e-157		5.6105701e-156		5.6105701e-156		0.0000000e+00
1.2700000e+02		1.2800000e+02		1.2750000e+02		7.6659940e-02		6.5471142e-155		8.2898015e-156		1.1339934e-154		1.1339934e-154		0.0000000e+00
1.2800000e+02		1.2900000e+02		1.2850000e+02		6.1165494e-02		1.2621601e-153		1.6045046e-154		2.1861254e-153		2.1861254e-153		0.0000000e+00
1.2900000e+02		1.3000000e+02		1.2950000e+02		8.1594975e-02		2.3236632e-152		2.9771722e-153		4.0247027e-152		4.0247027e-152		0.0000000e+00
1.3000000e+02		1.3100000e+02		1.3050000e+02		6.7007791e-01		4.0896971e-151		5.2989070e-152		7.0835632e-151		7.0835632e-151		0.0000000e+00
1.3100000e+02		1.3200000e+02		1.3150000e+02		9.0731094e-02		6.8880255e-150		9.0802404e-151		1.1930410e-149		1.1930410e-149		0.0000000e+00
1.3200000e+02		1.3300000e+02		1.3250000e+02		7.0547730e-02		1.1112828e-148		1.4978267e-149		1.9247982e-148		1.9247982e-148		0.0000000e+00
1.3300000e+02		1.3400000e+02		1.3350000e+02		9.5357088e-01		1.7192053e-147		2.3717890e-148		2.9777510e-147		2.9777510e-147		0.0000000e+00
1.3400000e+02		1.3500000e+02		1.3450000e+02		6.5246966e-02		2.5527903e-146		3.6067418e-147		4.4215626e-146		4.4215626e-146		0.0000000e+00
1.3500000e+02		1.3600000e+02		1.3550000e+02		1.3692679e-01		3.6412045e-145		5.2950874e-146		6.3067512e-145		6.3067512e-145		0.0000000e+00
1.3600000e+02		1.3700000e+02		1.3650000e+02		8.9861989e-02		4.9943820e-144		7.4381406e-145		8.6505234e-144		8.6505234e-144		0.0000000e+00
1.3700000e+02		1.3800000e+02		1.3750000e+02		9.2282630e-02		6.5922974e-143		1.0078977e-143		1.1418194e-142		1.1418194e-142		0.0000000e+00
1.3800000e+02		1.3900000e+02		1.3850000e+02		9.4180145e-02		8.3812688e-142		1.3127541e-142		1.4516783e-141		1.4516783e-141		0.0000000e+00
1.3900000e+02		1.4000000e+02		1.3950000e+02		3.1801144e-01		1.0272060e-140		1.6440505e-141		1.7791730e-140		1.7791730e-140		0.0000000e+00
1.4000000e+02		1.4100000e+02		1.4050000e+02		2.7729440e-01		1.2145949e-139		1.9795122e-140		2.1037401e-139		2.1037401e-139		0.0000000e+00
1.4100000e+02		1.4200000e+02		1.4150000e+02		1.3359910e-01		1.3865235e-138		2.3021630e-139		2.4015292e-138		2.4015292e-138		0.0000000e+00
1.4200000e+02		1.4300000e+02		1.4250000e+02		1.4479671e-01		1.5292255e-137		2.5868094e-138		2.6486963e-137		2.6486963e-137		0.0000000e+00
1.4300000e+02		1.4400000e+02		1.4350000e+02		1.6064305e-01		1.6307494e-136		2.8076043e-137		2.8245408e-136		2.8245408e-136		0.0000000e+00
1.4400000e+02		1.4500000e+02		1.4450000e+02		1.5363637e-01		1.6825272e-135		2.9504849e-136		2.9142226e-135		2.9142226e-135		0.0000000e+00
1.4500000e+02		1.4600000e+02		1.4550000e+02		1.6382583e-01		1.6807121e-134		3.0038055e-135		2.9110788e-134		2.9110788e-134		0.0000000e+00
1.4600000e+02		1.4700000e+02		1.4650000e+02		1.9977093e-01		1.6265318e-133		2.9662302e-134		2.8172358e-133		2.8172358e-133		0.0000000e+00
1.4700000e+02		1.4800000e+02		1.4750000e+02		2.4643334e-01		1.5260388e-132		2.8386700e-133		2.6431768e-132		2.6431768e-132		0.0000000e+00
1.4800000e+02		1.4900000e+02		1.4850000e+02		2.4167300e-01		1.3889505e-131		2.6316296e-132		2.4057329e-131		2.4057329e-131		0.0000000e+00
1.4900000e+02		1.5000000e+02		1.4950000e+02		2.1832777e-01		1.2270799e-130		2.3689137e-131		2.1253648e-130		2.1253648e-130		0.0000000e+00
1.5000000e+02		1.5100000e+02		1.5050000e+02		2.4023073e-01		1.0528694e-129		2.0730940e-130		1.8236233e-129		1.8236233e-129		0.0000000e+00
1.5100000e+02		1.5200000e+02		1.5150000e+02		2.5258505e-01		8.7790892e-129		1.7637028e-129		1.5205829e-128		1.5205829e-128		0.0000000e+00
1.5200000e+02		1.5300000e+02		1.5250000e+02		3.2229547e-01		7.1175806e-128		1.4606826e-128		1.2328011e-127		1.2328011e-127		0.0000000e+00
1.5300000e+02		1.5400000e+02		1.5350000e+02		3.5701286e-01		5.6142412e-127		1.1754331e-127		9.7241510e-127		9.7241510e-127		0.0000000e+00
1.5400000e+02		1.5500000e+02		1.5450000e+02		9.5486931e-01		4.3107396e-126		9.2007185e-127		7.4664200e-126		7.4664200e-126		0.0000000e+00
1.5500000e+02		1.5600000e+02		1.5550000e+02		7.8587524e-01		3.2233866e-125		7.0242638e-126		5.5830693e-125		5.5830693e-125		0.0000000e+00
1.5600000e+02		1.5700000e+02		1.5650000e+02		4.6648084e-01		2.3483449e-124		5.2442880e-125		4.0674527e-124		4.0674527e-124		0.0000000e+00
1.5700000e+02		1.5800000e+02		1.5750000e+02		4.2309893e-01		1.6680472e-123		3.8045446e-124		2.8891426e-123		2.8891426e-123		0.0000000e+00
1.5800000e+02		1.5900000e+02		1.5850000e+02		3.9008072e-01		1.1556561e-122		2.6899390e-123		2.0016551e-122		2.0016551e-122		0.0000000e+00
1.5900000e+02		1.6000000e+02		1.5950000e+02		3.8042347e-01		7.8109717e-122		1.8694007e-122		1.3529000e-121		1.3529000e-121		0.0000000e+00
1.6000000e+02		1.6100000e+02		1.6050000e+02		4.1635449e-01		5.1544927e-121		1.2646047e-121		8.9278433e-121		8.9278433e-121		0.0000000e+00
1.6100000e+02		1.6200000e+02		1.6150000e+02		4.7164413e-01		3.3226164e-120		8.3258675e-121		5.7549405e-120		5.7549405e-120		0.0000000e+00
1.6200000e+02		1.6300000e+02		1.6250000e+02		5.2241459e-01		2.0918319e-119		5.4172653e-120		3.6231591e-119		3.6231591e-119		0.0000000e+00
1.6300000e+02		1.6400000e+02		1.6350000e+02		1.1072121e+00		1.2873355e-118		3.4448757e-119		2.2297306e-118		2.2297306e-118		0.0000000e+00
1.6400000e+02		1.6500000e+02		1.6450000e+02		1.1323318e+00		7.7504330e-118		2.1228950e-118		1.3424144e-117		1.3424144e-117		0.0000000e+00
1.6500000e+02		1.6600000e+02		1.6550000e+02		1.3255566e+00		4.5604900e-117		1.3074715e-117		7.8990004e-117		7.8990004e-117		0.0000000e+00
1.6600000e+02		1.6700000e+02		1.6650000e+02		6.2522883e-01		2.6263105e-116		7.8647122e-117		4.5489033e-116		4.5489033e-116		0.0000000e+00
1.6700000e+02		1.6800000e+02		1.6750000e+02		6.6723830e-01		1.4815532e-115		4.5808583e-116		2.5661255e-115		2.5661255e-115		0.0000000e+00
1.6800000e+02		1.6900000e+02		1.6850000e+02		7.1904320e-01		8.1689717e-115		2.7040856e-115		1.4149074e-114		1.4149074e-114		0.0000000e+00
1.6900000e+02		1.7000000e+02		1.6950000e+02		9.0554889e-01		4.4221215e-114		1.5086225e-114		7.6593392e-114		7.6593392e-114		0.0000000e+00
1.7000000e+02		1.7100000e+02		1.7050000e+02		1.0161854e+00		2.3405342e-113		8.5365145e-114		4.0539242e-113		4.0539242e-113		0.0000000e+00
1.7100000e+02		1.7200000e+02		1.7150000e+02		1.0130704e+00		1.2136788e-112		4.7526546e-113		2.1021534e-112		2.1021534e-112		0.0000000e+00
1.7200000e+02		1.7300000e+02		1.7250000e+02		1.0571150e+00		6.1660450e-112		2.6074041e-112		1.0679903e-111		1.0679903e-111		4.0130057e-276
1.7300000e+02		1.7400000e+02		1.7350000e+02		1.0479596e+00		3.0695069e-111		1.4089264e-111		5.3165419e-111		5.3165419e-111		1.3081976e-218
1.7400000e+02		1.7500000e+02		1.7450000e+02		1.2530722e+00		1.4976822e-110		3.4836857e-107		2.5940616e-110		2.5940616e-110		3.7542152e-175
1.7500000e+02		1.7600000e+02		1.7550000e+02		1.4954862e+00		5.2164117e-82		3.0132829e-77		9.0350901e-82		9.0350901e-82		7.0820720e-124
1.7600000e+02		1.7700000e+02		1.7650000e+02		1.6135596e+00		1.9884624e-65		1.3708193e-61		3.4441180e-65		3.4441180e-65		7.6326542e-100
1.7700000e+02		1.7800000e+02		1.7750000e+02		1.9010195e+00		1.5185467e-51		1.7816281e-48		2.6302001e-51		2.6302001e-51		9.3607077e-80
1.7800000e+02		1.7900000e+02		1.7850000e+02		2.0776624e+00		1.1185782e-40		3.2859363e-38		1.9374343e-40		1.9374343e-40		4.9810769e-64
1.7900000e+02		1.8000000e+02		1.7950000e+02		2.0198657e+00		4.1940851e-31		3.6346113e-29		7.2643684e-31		7.2643684e-31		3.3959572e-50
1.8000000e+02		1.8100000e+02		1.8050000e+02		2.4976225e+00		8.3320527e-25		3.2898107e-23		1.4431539e-24		1.4431539e-24		3.9805242e-41
1.8100000e+02		1.8200000e+02		1.8150000e+02		3.0410490e+00		3.1958223e-19		6.3250482e-18		5.5353265e-19		5.5353265e-19		3.9275173e-33
1.8200000e+02		1.8300000e+02		1.8250000e+02		2.8073836e+00		7.6023833e-14		7.7138521e-13		1.3167714e-13		1.3167714e-13		1.6930920e-25
1.8300000e+02		1.8400000e+02		1.8350000e+02		2.9562417e+00		2.4091238e-12		2.0401020e-11		4.1727248e-12		4.1727248e-12		2.8520341e-23
1.8400000e+02		1.8500000e+02		1.8450000e+02		2.5409769e+00		7.1317940e-09		3.9852908e-08		1.2352630e-08		1.2352630e-08		1.8660320e-18
1.8500000e+02		1.8600000e+02		1.8550000e+02		2.8735562e+00		2.0944507e-08		1.1132915e-07		3.6276949e-08		3.6276949e-08		1.1418466e-17
1.8600000e+02		1.8700000e+02		1.8650000e+02		3.2604304e+00		5.6233810e-06		2.3113271e-05		9.7399816e-06		9.7399816e-06		1.7986372e-14
1.8700000e+02		1.8800000e+02		1.8750000e+02		3.6946466e+00		1.3671610e-05		5.4130110e-05		2.3679923e-05		2.3679923e-05		7.9945488e-14
1.8800000e+02		1.8900000e+02		1.8850000e+02		3.8870616e+00		3.6094661e-04		1.2493262e-03		6.2517787e-04		6.2517787e-04		4.8593276e-12
1.8900000e+02		1.9000000e+02		1.8950000e+02		4.3106081e+00		7.2776190e-04		2.4514896e-03		1.2605206e-03		1.2605206e-03		1.6042132e-11
1.9000000e+02		1.9100000e+02		1.9050000e+02		4.4384288e+00		4.4303121e-03		1.3975151e-02		7.6735256e-03		7.6735255e-03		1.4771203e-10
1.9100000e+02		1.9200000e+02		1.9150000e+02		4.8094361e+00		1.0545516e-02		3.2295664e-02		1.8265370e-02		1.8265370e-02		5.1088857e-10
1.9200000e+02		1.9300000e+02		1.9250000e+02		5.0365493e+00		2.0486229e-02		6.1299132e-02		3.5483190e-02		3.5483189e-02		1.4120345e-09
1.9300000e+02		1.9400000e+02		1.9350000e+02		3.8447944e+00		3.1266111e-02		9.1353561e-02		5.4154494e-02		5.4154491e-02		2.8804922e-09
1.9400000e+02		1.9500000e+02		1.9450000e+02		6.1679797e+00		7.3918550e-02		2.1270696e-01		1.2803069e-01		1.2803068e-01		9.5037763e-09
1.9500000e+02		1.9600000e+02		1.9550000e+02		5.9528271e+00		1.1673385e-01		3.3029187e-01		2.0218897e-01		2.0218895e-01		1.9655162e-08
1.9600000e+02		1.9700000e+02		1.9650000e+02		6.5508102e+00		1.6089879e-01		4.5040134e-01		2.7868488e-01		2.7868485e-01		3.8153000e-08
1.9700000e+02		1.9800000e+02		1.9750000e+02		6.5190955e+00		1.9839069e-01		5.4967450e-01		3.4362278e-01		3.4362271e-01		6.5495875e-08
1.9800000e+02		1.9900000e+02		1.9850000e+02		6.3883794e+00		2.3873383e-01		6.5494334e-01		4.1349916e-01		4.1349905e-01		1.0847922e-07
1.9900000e+02		2.0000000e+02		1.9950000e+02		6.7274707e+00		2.8735438e-01		7.8172546e-01		4.9771244e-01		4.9771226e-01		1.8296152e-07
2.0000000e+02		2.0100000e+02		2.0050000e+02		7.1125146e+00		3.3265243e-01		8.9816176e-01		5.7617100e-01		5.7617070e-01		2.9903547e-07
2.0100000e+02		2.0200000e+02		2.0150000e+02		7.5701275e+00		3.9037530e-01		1.0460788e+00		6.7615001e-01		6.7614952e-01		4.8843528e-07
2.0200000e+02		2.0300000e+02		2.0250000e+02		7.4828608e+00		3.9629234e-01		1.0553452e+00		6.8639869e-01		6.8639798e-01		7.0538041e-07
2.0300000e+02		2.0400000e+02		2.0350000e+02		8.0092047e+00		4.3688709e-01		1.1562827e+00		7.5671098e-01		7.5670989e-01		1.0932986e-06
2.0400000e+02		2.0500000e+02		2.0450000e+02		8.6207445e+00		4.8093005e-01		1.2652844e+00		8.3299580e-01		8.3299412e-01		1.6802961e-06
2.0500000e+02		2.0600000e+02		2.0550000e+02		8.6400754e+00		4.9114047e-01		1.2846753e+00		8.5068098e-01		8.5067860e-01		2.3761191e-06
2.0600000e+02		2.0700000e+02		2.0650000e+02		8.6510225e+00		5.0098827e-01		1.3029838e+00		8.6773816e-01		8.6773484e-01		3.3245793e-06
2.0700000e+02		2.0800000e+02		2.0750000e+02		9.3957826e+00		5.5422555e-01		1.4333872e+00		9.5994836e-01		9.5994336e-01		4.9988600e-06
2.0800000e+02		2.0900000e+02		2.0850000e+02		1.0163489e+01		6.1053712e-01		1.5703472e+00		1.0574836e+00		1.0574762e+00		7.4188329e-06
2.0900000e+02		2.1000000e+02		2.0950000e+02		1.3129215e+01		8.0305730e-01		2.0543634e+00		1.3909401e+00		1.3909270e+00		1.3034748e-05
2.1000000e+02		2.1100000e+02		2.1050000e+02		1.6183343e+01		1.0077157e+00		2.5642230e+00		1.7454215e+00		1.7453998e+00		2.1669295e-05
2.1100000e+02		2.1200000e+02		2.1150000e+02		1.8424170e+01		1.1677338e+00		2.9558880e+00		2.0225844e+00		2.0225514e+00		3.3001937e-05
2.1200000e+02		2.1300000e+02		2.1250000e+02		1.6428561e+01		1.0596595e+00		2.6685512e+00		1.8353961e+00		1.8353571e+00		3.9057466e-05
2.1300000e+02		2.1400000e+02		2.1350000e+02		1.6737981e+01		1.0985154e+00		2.7524450e+00		1.9027007e+00		1.9026482e+00		5.2414348e-05
2.1400000e+02		2.1500000e+02		2.1450000e+02		2.1432541e+01		1.4309979e+00		3.5677338e+00		2.4785882e+00		2.4785004e+00		8.7752616e-05
2.1500000e+02		2.1600000e+02		2.1550000e+02		1.8408135e+01		1.2501554e+00		3.1016694e+00		2.1653629e+00		2.1652651e+00		9.7844283e-05
2.1600000e+02		2.1700000e+02		2.1650000e+02		1.7036901e+01		1.1766868e+00		2.9054077e+00		2.0381175e+00		2.0380007e+00		1.1674943e-04
2.1700000e+02		2.1800000e+02		2.1750000e+02		1.7640866e+01		1.2388938e+00		3.0446059e+00		2.1458750e+00		2.1457202e+00		1.5481655e-04
2.1800000e+02		2.1900000e+02		2.1850000e+02		2.3730294e+01		1.6942974e+00		4.1445090e+00		2.9346911e+00		2.9344261e+00		2.6498471e-04
2.1900000e+02		2.2000000e+02		2.1950000e+02		2.5052511e+01		1.8181894e+00		4.4273538e+00		3.1493058e+00		3.1489520e+00		3.5372415e-04
2.2000000e+02		2.2100000e+02		2.2050000e+02		2.5203754e+01		1.8590198e+00		4.5065642e+00		3.2200551e+00		3.2196078e+00		4.4723450e-04
2.2100000e+02		2.2200000e+02		2.2150000e+02		2.0176768e+01		1.5122775e+00		3.6499242e+00		2.6194799e+00		2.6190326e+00		4.4732325e-04
2.2200000e+02		2.2300000e+02		2.2250000e+02		2.7154039e+01		2.0677890e+00		4.9691642e+00		3.5817469e+00		3.5809991e+00		7.4787075e-04
2.2300000e+02		2.2400000e+02		2.2350000e+02		3.5163062e+01		2.7200801e+00		6.5090440e+00		4.7116871e+00		4.7104906e+00		1.1964647e-03
2.2400000e+02		2.2500000e+02		2.2450000e+02		3.2875934e+01		2.5830230e+00		6.1553880e+00		4.4743523e+00		4.4729776e+00		1.3746270e-03
2.2500000e+02		2.2600000e+02		2.2550000e+02		2.8720078e+01		2.2915189e+00		5.4384510e+00		3.9694813e+00		3.9680133e+00		1.4680118e-03
2.2600000e+02		2.2700000e+02		2.2650000e+02		2.1037217e+01		1.7043031e+00		4.0286161e+00		2.9523442e+00		2.9510363e+00		1.3079205e-03
2.2700000e+02		2.2800000e+02		2.2750000e+02		2.0463841e+01		1.6830619e+00		3.9627693e+00		2.9156251e+00		2.9140851e+00		1.5399529e-03
2.2800000e+02		2.2900000e+02		2.2850000e+02		2.8509984e+01		2.3801180e+00		5.5823749e+00		4.1232849e+00		4.1207003e+00		2.5845582e-03
2.2900000e+02		2.3000000e+02		2.2950000e+02		2.5620938e+01		2.1708005e+00		5.0721741e+00		3.7607984e+00		3.7580132e+00		2.7852024e-03
2.3000000e+02		2.3100000e+02		2.3050000e+02		2.9055844e+01		2.4981419e+00		5.8153627e+00		4.3280751e+00		4.3243043e+00		3.7707724e-03
2.3100000e+02		2.3200000e+02		2.3150000e+02		2.7387429e+01		2.3890734e+00		5.5412306e+00		4.1393034e+00		4.1350787e+00		4.2247704e-03
2.3200000e+02		2.3300000e+02		2.3250000e+02		2.9413108e+01		2.6028567e+00		6.0155513e+00		4.5099414e+00		4.5045708e+00		5.3706048e-03
2.3300000e+02		2.3400000e+02		2.3350000e+02		2.6543685e+01		2.3825318e+00		5.4871094e+00		4.1284336e+00		4.1227201e+00		5.7135050e-03
2.3400000e+02		2.3500000e+02		2.3450000e+02		2.3194371e+01		2.1113773e+00		4.8459808e+00		3.6588262e+00		3.6529640e+00		5.8622376e-03
2.3500000e+02		2.3600000e+02		2.3550000e+02		3.1223226e+01		2.8820728e+00		6.5926928e+00		4.9947520e+00		4.9855215e+00		9.2305632e-03
2.3600000e+02		2.3700000e+02		2.3650000e+02		2.8911473e+01		2.7057027e+00		6.1689471e+00		4.6894956e+00		4.6795354e+00		9.9602121e-03
2.3700000e+02		2.3800000e+02		2.3750000e+02		3.0878004e+01		2.9294160e+00		6.6575759e+00		5.0777182e+00		5.0653666e+00		1.2351519e-02
2.3800000e+02		2.3900000e+02		2.3850000e+02		2.5598090e+01		2.4615079e+00		5.5766246e+00		4.2671216e+00		4.2552743e+00		1.1847353e-02
2.3900000e+02		2.4000000e+02		2.3950000e+02		2.7890834e+01		2.7180500e+00		6.1389445e+00		4.7124051e+00		4.6975207e+00		1.4884396e-02
2.4000000e+02		2.4100000e+02		2.4050000e+02		2.5623038e+01		2.5302873e+00		5.6977474e+00		4.3874476e+00		4.3717327e+00		1.5714900e-02
2.4100000e+02		2.4200000e+02		2.4150000e+02		3.0005079e+01		3.0020564e+00		6.7403166e+00		5.2062353e+00		5.1851547e+00		2.1080603e-02
2.4200000e+02		2.4300000e+02		2.4250000e+02		4.1301739e+01		4.1861943e+00		9.3721668e+00		7.2609517e+00		7.2278158e+00		3.3135929e-02
2.4300000e+02		2.4400000e+02		2.4350000e+02		3.8791639e+01		3.9825282e+00		8.8913919e+00		6.9089016e+00		6.8734705e+00		3.5431111e-02
2.4400000e+02		2.4500000e+02		2.4450000e+02		3.6329084e+01		3.7773578e+00		8.4104738e+00		6.5542269e+00		6.5165629e+00		3.7664053e-02
2.4500000e+02		2.4600000e+02		2.4550000e+02		2.9476122e+01		3.1035648e+00		6.8920087e+00		5.3862314e+00		5.3516443e+00		3.4587137e-02
2.4600000e+02		2.4700000e+02		2.4650000e+02		2.8685918e+01		3.0581617e+00		6.7737534e+00		5.3086433e+00		5.2706537e+00		3.7989608e-02
2.4700000e+02		2.4800000e+02		2.4750000e+02		3.1678139e+01		3.4189876e+00		7.5540835e+00		5.9364674e+00		5.8892480e+00		4.7219454e-02
2.4800000e+02		2.4900000e+02		2.4850000e+02		2.5406301e+01		2.7756906e+00		6.1178955e+00		4.8207881e+00		4.7782759e+00		4.2512229e-02
2.4900000e+02		2.5000000e+02		2.4950000e+02		3.0967514e+01		3.4243158e+00		7.5297935e+00		5.9490368e+00		5.8910183e+00		5.8018542e-02
2.5000000e+02		2.5100000e+02		2.5050000e+02		3.3448743e+01		3.7431034e+00		8.2120369e+00		6.5048964e+00		6.4349064e+00		6.9989938e-02
2.5100000e+02		2.5200000e+02		2.5150000e+02		2.7888154e+01		3.1579380e+00		6.9129614e+00		5.4898209e+00		5.4248068e+00		6.5014093e-02
2.5200000e+02		2.5300000e+02		2.5250000e+02		2.5069906e+01		2.8722099e+00		6.2740772e+00		4.9949083e+00		4.9299496e+00		6.4958710e-02
2.5300000e+02		2.5400000e+02		2.5350000e+02		3.1592540e+01		3.6616434e+00		7.9820534e+00		6.3702329e+00		6.2794595e+00		9.0773400e-02
2.5400000e+02		2.5500000e+02		2.5450000e+02		3.5730773e+01		4.1890054e+00		9.1135206e+00		7.2907077e+00		7.1771216e+00		1.1358605e-01
2.5500000e+02		2.5600000e+02		2.5550000e+02		4.8755658e+01		5.7812277e+00		1.2553471e+01		1.0066311e+01		9.8952062e+00		1.7110439e-01
2.5600000e+02		2.5700000e+02		2.5650000e+02		6.2803876e+01		7.5310951e+00		1.6323083e+01		1.3119348e+01		1.2876550e+01		2.4279852e-01
2.5700000e+02		2.5800000e+02		2.5750000e+02		7.8843355e+01		9.5601361e+00		2.0684274e+01		1.6662296e+01		1.6327220e+01		3.3507533e-01
2.5800000e+02		2.5900000e+02		2.5850000e+02		8.2991293e+01		1.0174429e+01		2.1976079e+01		1.7742326e+01		1.7355385e+01		3.8694160e-01
2.5900000e+02		2.6000000e+02		2.5950000e+02		7.0629481e+01		8.7537433e+00		1.8876860e+01		1.5273465e+01		1.4912908e+01		3.6055793e-01
2.6000000e+02		2.6100000e+02		2.6050000e+02		5.7868388e+01		7.2498966e+00		1.5609725e+01		1.2657055e+01		1.2334228e+01		3.2282658e-01
2.6100000e+02		2.6200000e+02		2.6150000e+02		5.9092703e+01		7.4827256e+00		1.6087273e+01		1.3071693e+01		1.2712122e+01		3.5957112e-01
2.6200000e+02		2.6300000e+02		2.6250000e+02		7.0528613e+01		9.0256873e+00		1.9377318e+01		1.5777489e+01		1.5310245e+01		4.6724465e-01
2.6300000e+02		2.6400000e+02		2.6350000e+02		1.0614195e+02		1.3726031e+01		2.9429347e+01		2.4010592e+01		2.3246370e+01		7.6422158e-01
2.6400000e+02		2.6500000e+02		2.6450000e+02		1.6548208e+02		2.1622524e+01		4.6301566e+01		3.7851187e+01		3.6558536e+01		1.2926508e+00
2.6500000e+02		2.6600000e+02		2.6550000e+02		1.7356948e+02		2.2912969e+01		4.9006705e+01		4.0140693e+01		3.8672222e+01		1.4684713e+00
2.6600000e+02		2.6700000e+02		2.6650000e+02		1.6826276e+02		2.2439037e+01		4.7939582e+01		3.9341730e+01		3.7802427e+01		1.5393031e+00
2.6700000e+02		2.6800000e+02		2.6750000e+02		1.6940220e+02		2.2819157e+01		4.8700833e+01		4.0041480e+01		3.8368467e+01		1.6730134e+00
2.6800000e+02		2.6900000e+02		2.6850000e+02		1.6778062e+02		2.2826713e+01		4.8669578e+01		4.0089522e+01		3.8303512e+01		1.7860103e+00
2.6900000e+02		2.7000000e+02		2.6950000e+02		1.5737310e+02		2.1622719e+01		4.6060891e+01		3.8009365e+01		3.6206476e+01		1.8028886e+00
2.7000000e+02		2.7100000e+02		2.7050000e+02		1.8181465e+02		2.5225781e+01		5.3691390e+01		4.4384738e+01		4.2146458e+01		2.2382796e+00
2.7100000e+02		2.7200000e+02		2.7150000e+02		1.5108640e+02		2.1165829e+01		4.5015615e+01		3.7277696e+01		3.5281861e+01		1.9958352e+00
2.7200000e+02		2.7300000e+02		2.7250000e+02		1.2154404e+02		1.7190816e+01		3.6536072e+01		3.0307566e+01		2.8587167e+01		1.7203985e+00
2.7300000e+02		2.7400000e+02		2.7350000e+02		1.2960124e+02		1.8504789e+01		3.9303953e+01		3.2658450e+01		3.0695551e+01		1.9628986e+00
2.7400000e+02		2.7500000e+02		2.7450000e+02		8.9183780e+01		1.2853835e+01		2.7286039e+01		2.2710000e+01		2.1266623e+01		1.4433770e+00
2.7500000e+02		2.7600000e+02		2.7550000e+02		1.1893609e+02		1.7301853e+01		3.6710020e+01		3.0603143e+01		2.8548961e+01		2.0541815e+00
2.7600000e+02		2.7700000e+02		2.7650000e+02		1.6564211e+02		2.4318823e+01		5.1575916e+01		4.3064654e+01		4.0015587e+01		3.0490670e+00
2.7700000e+02		2.7800000e+02		2.7750000e+02		1.5837296e+02		2.3464259e+01		4.9745230e+01		4.1601233e+01		3.8498092e+01		3.1031413e+00
2.7800000e+02		2.7900000e+02		2.7850000e+02		1.0921797e+02		1.6328097e+01		3.4605710e+01		2.8984895e+01		2.6709770e+01		2.2751245e+00
2.7900000e+02		2.8000000e+02		2.7950000e+02		6.1368404e+01		9.2568684e+00		1.9614209e+01		1.6453290e+01		1.5095835e+01		1.3574548e+00
2.8000000e+02		2.8100000e+02		2.8050000e+02		6.7313201e+01		1.0243771e+01		2.1701392e+01		1.8231257e+01		1.6652041e+01		1.5792158e+00
2.8100000e+02		2.8200000e+02		2.8150000e+02		1.3943196e+02		2.1405500e+01		4.5341942e+01		3.8147456e+01		3.4681944e+01		3.4655122e+00
2.8200000e+02		2.8300000e+02		2.8250000e+02		1.8983287e+02		2.9396886e+01		6.2265668e+01		5.2461444e+01		4.7468517e+01		4.9929272e+00
2.8300000e+02		2.8400000e+02		2.8350000e+02		1.9610227e+02		3.0629742e+01		6.4876629e+01		5.4738885e+01		4.9286691e+01		5.4521941e+00
2.8400000e+02		2.8500000e+02		2.8450000e+02		1.4459284e+02		2.2777321e+01		4.8246936e+01		4.0764652e+01		3.6519654e+01		4.2449982e+00
2.8500000e+02		2.8600000e+02		2.8550000e+02		9.2944992e+01		1.4765283e+01		3.1279157e+01		2.6464633e+01		2.3586263e+01		2.8783701e+00
2.8600000e+02		2.8700000e+02		2.8650000e+02		1.9045522e+02		3.0509406e+01		6.4642283e+01		5.4766520e+01		4.8551225e+01		6.2152948e+00
2.8700000e+02		2.8800000e+02		2.8750000e+02		2.2108403e+02		3.5709925e+01		7.5677102e+01		6.4200971e+01		5.6605707e+01		7.5952642e+00
2.8800000e+02		2.8900000e+02		2.8850000e+02		2.1010240e+02		3.4215215e+01		7.2528692e+01		6.1610806e+01		5.4019587e+01		7.5912187e+00
2.8900000e+02		2.9000000e+02		2.8950000e+02		3.1885068e+02		5.2347831e+01		1.1100081e+02		9.4413619e+01		8.2309011e+01		1.2104608e+01
2.9000000e+02		2.9100000e+02		2.9050000e+02		4.1860542e+02		6.9279710e+01		1.4695747e+02		1.2515650e+02		1.0847449e+02		1.6682010e+01
2.9100000e+02		2.9200000e+02		2.9150000e+02		4.0318642e+02		6.7261128e+01		1.4273438e+02		1.2171261e+02		1.0486121e+02		1.6851399e+01
2.9200000e+02		2.9300000e+02		2.9250000e+02		3.5818014e+02		6.0226043e+01		1.2786385e+02		1.0916721e+02		9.3480447e+01		1.5686763e+01
2.9300000e+02		2.9400000e+02		2.9350000e+02		3.7393440e+02		6.3368108e+01		1.3460239e+02		1.1506071e+02		9.7915106e+01		1.7145607e+01
2.9400000e+02		2.9500000e+02		2.9450000e+02		3.4819581e+02		5.9464753e+01		1.2638024e+02		1.0816232e+02		9.1461462e+01		1.6700861e+01
2.9500000e+02		2.9600000e+02		2.9550000e+02		3.7701055e+02		6.4881213e+01		1.3797312e+02		1.1822428e+02		9.9324043e+01		1.8900233e+01
2.9600000e+02		2.9700000e+02		2.9650000e+02		3.4493460e+02		5.9813688e+01		1.2727698e+02		1.0918688e+02		9.1127733e+01		1.8059143e+01
2.9700000e+02		2.9800000e+02		2.9750000e+02		3.5165811e+02		6.1440130e+01		1.3082551e+02		1.1236074e+02		9.3148243e+01		1.9212502e+01
2.9800000e+02		2.9900000e+02		2.9850000e+02		3.0223333e+02		5.3199944e+01		1.1335982e+02		9.7471203e+01		8.0253616e+01		1.7217586e+01
2.9900000e+02		3.0000000e+02		2.9950000e+02		3.4101318e+02		6.0471019e+01		1.2894930e+02		1.1100046e+02		9.0759136e+01		2.0241319e+01
3.0000000e+02		3.0100000e+02		3.0050000e+02		2.7131061e+02		4.8464139e+01		1.0342641e+02		8.9129103e+01		7.2362293e+01		1.6766810e+01
3.0100000e+02		3.0200000e+02		3.0150000e+02		3.1202593e+02		5.6142615e+01		1.1991065e+02		1.0344799e+02		8.3385924e+01		2.0062065e+01
3.0200000e+02		3.0300000e+02		3.0250000e+02		3.2846528e+02		5.9526532e+01		1.2724602e+02		1.0989521e+02		8.7938477e+01		2.1956737e+01
3.0300000e+02		3.0400000e+02		3.0350000e+02		4.2601061e+02		7.7755643e+01		1.6635959e+02		1.4382914e+02		1.1424283e+02		2.9586313e+01
3.0400000e+02		3.0500000e+02		3.0450000e+02		4.0776836e+02		7.4952643e+01		1.6050864e+02		1.3891728e+02		1.0951498e+02		2.9402299e+01
3.0500000e+02		3.0600000e+02		3.0550000e+02		4.1174793e+02		7.6214675e+01		1.6336472e+02		1.4153682e+02		1.1073275e+02		3.0804066e+01
3.0600000e+02		3.0700000e+02		3.0650000e+02		3.9053943e+02		7.2791042e+01		1.5617731e+02		1.3544937e+02		1.0515457e+02		3.0294796e+01
3.0700000e+02		3.0800000e+02		3.0750000e+02		4.3847484e+02		8.2287903e+01		1.7672903e+02		1.5342975e+02		1.1818471e+02		3.5245042e+01
3.0800000e+02		3.0900000e+02		3.0850000e+02		4.3035211e+02		8.1314163e+01		1.7481595e+02		1.5192185e+02		1.1609926e+02		3.5822595e+01
3.0900000e+02		3.1000000e+02		3.0950000e+02		3.4901328e+02		6.6390830e+01		1.4288165e+02		1.2429341e+02		9.4226411e+01		3.0066996e+01
3.1000000e+02		3.1100000e+02		3.1050000e+02		4.3927411e+02		8.4119922e+01		1.8123026e+02		1.5780832e+02		1.1866663e+02		3.9141684e+01
3.1100000e+02		3.1200000e+02		3.1150000e+02		5.2246540e+02		1.0071435e+02		2.1721819e+02		1.8932942e+02		1.4120523e+02		4.8124194e+01
3.1200000e+02		3.1300000e+02		3.1250000e+02		4.6521908e+02		9.0268386e+01		1.9490478e+02		1.7004443e+02		1.2577366e+02		4.4270765e+01
3.1300000e+02		3.1400000e+02		3.1350000e+02		4.9544367e+02		9.6758861e+01		2.0915490e+02		1.8265071e+02		1.3396920e+02		4.8681513e+01
3.1400000e+02		3.1500000e+02		3.1450000e+02		4.6729179e+02		9.1849577e+01		1.9877098e+02		1.7374614e+02		1.2636233e+02		4.7383808e+01
3.1500000e+02		3.1600000e+02		3.1550000e+02		4.5343123e+02		8.9694841e+01		1.9433425e+02		1.7002625e+02		1.2260294e+02		4.7423316e+01
3.1600000e+02		3.1700000e+02		3.1650000e+02		4.4229406e+02		8.8045851e+01		1.9098706e+02		1.6725175e+02		1.1956455e+02		4.7687191e+01
3.1700000e+02		3.1800000e+02		3.1750000e+02		5.6102832e+02		1.1238265e+02		2.4406984e+02		2.1393245e+02		1.5160753e+02		6.2324918e+01
3.1800000e+02		3.1900000e+02		3.1850000e+02		4.6340678e+02		9.3404710e+01		2.0309986e+02		1.7818199e+02		1.2516606e+02		5.3015924e+01
3.1900000e+02		3.2000000e+02		3.1950000e+02		4.9774832e+02		1.0094470e+02		2.1976380e+02		1.9297357e+02		1.3435895e+02		5.8614621e+01
3.2000000e+02		3.2100000e+02		3.2050000e+02		5.7184857e+02		1.1668035e+02		2.5433580e+02		2.2352835e+02		1.5424659e+02		6.9281763e+01
3.2100000e+02		3.2200000e+02		3.2150000e+02		4.8024660e+02		9.8582495e+01		2.1515511e+02		1.8925888e+02		1.2942630e+02		5.9832580e+01
3.2200000e+02		3.2300000e+02		3.2250000e+02		4.8228681e+02		9.9594603e+01		2.1763779e+02		1.9160836e+02		1.2984765e+02		6.1760713e+01
3.2300000e+02		3.2400000e+02		3.2350000e+02		4.6607071e+02		9.6817407e+01		2.1183745e+02		1.8666144e+02		1.2534256e+02		6.1318880e+01
3.2400000e+02		3.2500000e+02		3.2450000e+02		5.4882129e+02		1.1467805e+02		2.5123735e+02		2.2156644e+02		1.4741581e+02		7.4150623e+01
3.2500000e+02		3.2600000e+02		3.2550000e+02		6.3196128e+02		1.3282024e+02		2.9135748e+02		2.5716397e+02		1.6951929e+02		8.7644688e+01
3.2600000e+02		3.2700000e+02		3.2650000e+02		7.1301257e+02		1.5072051e+02		3.3105134e+02		2.9244203e+02		1.9098148e+02		1.0146055e+02
3.2700000e+02		3.2800000e+02		3.2750000e+02		6.8984049e+02		1.4665685e+02		3.2254414e+02		2.8516121e+02		1.8448407e+02		1.0067714e+02
3.2800000e+02		3.2900000e+02		3.2850000e+02		6.6596082e+02		1.4238301e+02		3.1355316e+02		2.7743789e+02		1.7779783e+02		9.9640055e+01
3.2900000e+02		3.3000000e+02		3.2950000e+02		7.7527139e+02		1.6668502e+02		3.6755125e+02		3.2547844e+02		2.0661001e+02		1.1886843e+02
3.3000000e+02		3.3100000e+02		3.3050000e+02		7.3029799e+02		1.5788977e+02		3.4861443e+02		3.0895552e+02		1.9425425e+02		1.1470127e+02
3.3100000e+02		3.3200000e+02		3.3150000e+02		6.9881652e+02		1.5191688e+02		3.3586822e+02		2.9789440e+02		1.8550693e+02		1.1238747e+02
3.3200000e+02		3.3300000e+02		3.3250000e+02		6.8562051e+02		1.4986276e+02		3.3176405e+02		2.9448432e+02		1.8161924e+02		1.1286508e+02
3.3300000e+02		3.3400000e+02		3.3350000e+02		6.5878216e+02		1.4477618e+02		3.2092703e+02		2.8508556e+02		1.7412301e+02		1.1096255e+02
3.3400000e+02		3.3500000e+02		3.3450000e+02		6.9405546e+02		1.5334630e+02		3.4037425e+02		3.0259265e+02		1.8302095e+02		1.1957170e+02
3.3500000e+02		3.3600000e+02		3.3550000e+02		6.8541663e+02		1.5224262e+02		3.3837185e+02		3.0104082e+02		1.8030603e+02		1.2073479e+02
3.3600000e+02		3.3700000e+02		3.3650000e+02		5.6469084e+02		1.2608798e+02		2.8061208e+02		2.4984103e+02		1.4817426e+02		1.0166677e+02
3.3700000e+02		3.3800000e+02		3.3750000e+02		5.9573781e+02		1.3371448e+02		2.9797903e+02		2.6550099e+02		1.5591280e+02		1.0958819e+02
3.3800000e+02		3.3900000e+02		3.3850000e+02		6.4448401e+02		1.4540354e+02		3.2445647e+02		2.8930554e+02		1.6821401e+02		1.2109152e+02
3.3900000e+02		3.4000000e+02		3.3950000e+02		6.7448220e+02		1.5295097e+02		3.4174906e+02		3.0494700e+02		1.7555108e+02		1.2939593e+02
3.4000000e+02		3.4100000e+02		3.4050000e+02		7.1196374e+02		1.6226993e+02		3.6304964e+02		3.2418782e+02		1.8477113e+02		1.3941669e+02
3.4100000e+02		3.4200000e+02		3.4150000e+02		6.4984945e+02		1.4885763e+02		3.3348086e+02		2.9799718e+02		1.6814856e+02		1.2984861e+02
3.4200000e+02		3.4300000e+02		3.4250000e+02		7.0477558e+02		1.6224348e+02		3.6394664e+02		3.2545165e+02		1.8180132e+02		1.4365033e+02
3.4300000e+02		3.4400000e+02		3.4350000e+02		6.9264465e+02		1.6023781e+02		3.5991898e+02		3.2207575e+02		1.7810855e+02		1.4396720e+02
3.4400000e+02		3.4500000e+02		3.4450000e+02		5.5710877e+02		1.2951284e+02		2.9128647e+02		2.6084057e+02		1.4279247e+02		1.1804810e+02
3.4500000e+02		3.4600000e+02		3.4550000e+02		6.7138909e+02		1.5683602e+02		3.5319888e+02		3.1649928e+02		1.7151189e+02		1.4498739e+02
3.4600000e+02		3.4700000e+02		3.4650000e+02		6.5194093e+02		1.5302383e+02		3.4506162e+02		3.0941812e+02		1.6597670e+02		1.4344143e+02
3.4700000e+02		3.4800000e+02		3.4750000e+02		6.4525828e+02		1.5217537e+02		3.4359280e+02		3.0830879e+02		1.6370286e+02		1.4460593e+02
3.4800000e+02		3.4900000e+02		3.4850000e+02		6.6761091e+02		1.5818855e+02		3.5763056e+02		3.2111929e+02		1.6877007e+02		1.5234921e+02
3.4900000e+02		3.5000000e+02		3.4950000e+02		6.3989005e+02		1.5232770e+02		3.4482281e+02		3.0982384e+02		1.6117322e+02		1.4865062e+02
3.5000000e+02		3.5100000e+02		3.5050000e+02		7.6650484e+02		1.8331226e+02		4.1549299e+02		3.7356553e+02		1.9234668e+02		1.8121885e+02
3.5100000e+02		3.5200000e+02		3.5150000e+02		7.1211510e+02		1.7108472e+02		3.8827187e+02		3.4931761e+02		1.7802035e+02		1.7129727e+02
3.5200000e+02		3.5300000e+02		3.5250000e+02		6.5785102e+02		1.5876491e+02		3.6076883e+02		3.2478224e+02		1.6381914e+02		1.6096310e+02
3.5300000e+02		3.5400000e+02		3.5350000e+02		7.5263834e+02		1.8245716e+02		4.1512832e+02		3.7395693e+02		1.8668510e+02		1.8727184e+02
3.5400000e+02		3.5500000e+02		3.5450000e+02		8.0329241e+02		1.9560397e+02		4.4559790e+02		4.0165726e+02		1.9845057e+02		2.0320668e+02
3.5500000e+02		3.5600000e+02		3.5550000e+02		7.5433512e+02		1.8449293e+02		4.2081014e+02		3.7955021e+02		1.8559580e+02		1.9395441e+02
3.5600000e+02		3.5700000e+02		3.5650000e+02		6.5576441e+02		1.6108561e+02		3.6787569e+02		3.3201066e+02		1.6067455e+02		1.7133611e+02
3.5700000e+02		3.5800000e+02		3.5750000e+02		5.7307986e+02		1.4138386e+02		3.2328000e+02		2.9194096e+02		1.3982368e+02		1.5211728e+02
3.5800000e+02		3.5900000e+02		3.5850000e+02		4.9194729e+02		1.2188815e+02		2.7904345e+02		2.5214517e+02		1.1951485e+02		1.3263032e+02
3.5900000e+02		3.6000000e+02		3.5950000e+02		7.1030971e+02		1.7673861e+02		4.0510703e+02		3.6627614e+02		1.7181487e+02		1.9446126e+02
3.6000000e+02		3.6100000e+02		3.6050000e+02		7.0092701e+02		1.7513784e+02		4.0192299e+02		3.6361280e+02		1.6879828e+02		1.9481452e+02
3.6100000e+02		3.6200000e+02		3.6150000e+02		6.5110481e+02		1.6336705e+02		3.7536030e+02		3.3978136e+02		1.5609945e+02		1.8368191e+02
3.6200000e+02		3.6300000e+02		3.6250000e+02		7.3500056e+02		1.8517852e+02		4.2598264e+02		3.8582956e+02		1.7541509e+02		2.1041447e+02
3.6300000e+02		3.6400000e+02		3.6350000e+02		7.1558904e+02		1.8102526e+02		4.1692144e+02		3.7783980e+02		1.6999880e+02		2.0784100e+02
3.6400000e+02		3.6500000e+02		3.6450000e+02		7.4837927e+02		1.9008729e+02		4.3830682e+02		3.9744687e+02		1.7696257e+02		2.2048430e+02
3.6500000e+02		3.6600000e+02		3.6550000e+02		8.5179486e+02		2.1722292e+02		5.0146094e+02		4.5497013e+02		2.0046900e+02		2.5450112e+02
3.6600000e+02		3.6700000e+02		3.6650000e+02		9.1042532e+02		2.3309762e+02		5.3873084e+02		4.8905768e+02		2.1324786e+02		2.7580982e+02
3.6700000e+02		3.6800000e+02		3.6750000e+02		8.7909512e+02		2.2596230e+02		5.2283986e+02		4.7489434e+02		2.0491815e+02		2.6997619e+02
3.6800000e+02		3.6900000e+02		3.6850000e+02		8.1047729e+02		2.0913728e+02		4.8446116e+02		4.4027592e+02		1.8800359e+02		2.5227232e+02
3.6900000e+02		3.7000000e+02		3.6950000e+02		8.9967825e+02		2.3305172e+02		5.4046894e+02		4.9144167e+02		2.0766833e+02		2.8377334e+02
3.7000000e+02		3.7100000e+02		3.7050000e+02		8.4427990e+02		2.1953824e+02		5.0970110e+02		4.6371349e+02		1.9391202e+02		2.6980147e+02
3.7100000e+02		3.7200000e+02		3.7150000e+02		8.7164560e+02		2.2751320e+02		5.2880431e+02		4.8134861e+02		1.9919176e+02		2.8215686e+02
3.7200000e+02		3.7300000e+02		3.7250000e+02		7.2411383e+02		1.8971464e+02		4.4143650e+02		4.0203258e+02		1.6463789e+02		2.3739468e+02
3.7300000e+02		3.7400000e+02		3.7350000e+02		6.3155746e+02		1.6608055e+02		3.8686654e+02		3.5251706e+02		1.4285853e+02		2.0965853e+02
3.7400000e+02		3.7500000e+02		3.7450000e+02		6.4642322e+02		1.7061589e+02		3.9786232e+02		3.6272331e+02		1.4546545e+02		2.1725786e+02
3.7500000e+02		3.7600000e+02		3.7550000e+02		7.4036161e+02		1.9612269e+02		4.5783405e+02		4.1761125e+02		1.6573571e+02		2.5187554e+02
3.7600000e+02		3.7700000e+02		3.7650000e+02		7.6758018e+02		2.0406762e+02		4.7688887e+02		4.3521162e+02		1.7092490e+02		2.6428672e+02
3.7700000e+02		3.7800000e+02		3.7750000e+02		9.0048278e+02		2.4025767e+02		5.6205538e+02		5.1319143e+02		1.9945591e+02		3.1373552e+02
3.7800000e+02		3.7900000e+02		3.7850000e+02		9.3786543e+02		2.5111873e+02		5.8807895e+02		5.3721820e+02		2.0662500e+02		3.3059320e+02
3.7900000e+02		3.8000000e+02		3.7950000e+02		7.6051322e+02		2.0434661e+02		4.7904307e+02		4.3782672e+02		1.6664845e+02		2.7117827e+02
3.8000000e+02		3.8100000e+02		3.8050000e+02		8.2814537e+02		2.2329285e+02		5.2399659e+02		4.7914462e+02		1.8048245e+02		2.9866217e+02
3.8100000e+02		3.8200000e+02		3.8150000e+02		7.4366886e+02		2.0120605e+02		4.7264720e+02		4.3239790e+02		1.6118477e+02		2.7121314e+02
3.8200000e+02		3.8300000e+02		3.8250000e+02		5.3336093e+02		1.4479768e+02		3.4048342e+02		3.1163675e+02		1.1496459e+02		1.9667216e+02
3.8300000e+02		3.8400000e+02		3.8350000e+02		4.7073026e+02		1.2822637e+02		3.0181857e+02		2.7637756e+02		1.0090121e+02		1.7547635e+02
3.8400000e+02		3.8500000e+02		3.8450000e+02		6.2969557e+02		1.7210231e+02		4.0549496e+02		3.7148760e+02		1.3422070e+02		2.3726690e+02
3.8500000e+02		3.8600000e+02		3.8550000e+02		6.6694888e+02		1.8288816e+02		4.3133075e+02		3.9533864e+02		1.4136100e+02		2.5397763e+02
3.8600000e+02		3.8700000e+02		3.8650000e+02		6.6977732e+02		1.8426663e+02		4.3500430e+02		3.9888741e+02		1.4115611e+02		2.5773130e+02
3.8700000e+02		3.8800000e+02		3.8750000e+02		6.6902499e+02		1.8465804e+02		4.3634802e+02		4.0030012e+02		1.4019356e+02		2.6010655e+02
3.8800000e+02		3.8900000e+02		3.8850000e+02		6.7841027e+02		1.8785139e+02		4.4431719e+02		4.0779298e+02		1.4134462e+02		2.6644836e+02
3.8900000e+02		3.9000000e+02		3.8950000e+02		8.1451188e+02		2.2625708e+02		5.3566188e+02		4.9184620e+02		1.6872151e+02		3.2312469e+02
3.9000000e+02		3.9100000e+02		3.9050000e+02		8.5560997e+02		2.3842407e+02		5.6499488e+02		5.1900683e+02		1.7620585e+02		3.4280098e+02
3.9100000e+02		3.9200000e+02		3.9150000e+02		9.2006232e+02		2.5718633e+02		6.1002011e+02		5.6060988e+02		1.8837310e+02		3.7223678e+02
3.9200000e+02		3.9300000e+02		3.9250000e+02		7.0614281e+02		1.9800062e+02		4.7006800e+02		4.3217874e+02		1.4372665e+02		2.8845209e+02
3.9300000e+02		3.9400000e+02		3.9350000e+02		4.3291589e+02		1.2176095e+02		2.8933172e+02		2.6612335e+02		8.7594678e+01		1.7852867e+02
3.9400000e+02		3.9500000e+02		3.9450000e+02		7.1565803e+02		2.0189603e+02		4.8018186e+02		4.4185013e+02		1.4394474e+02		2.9790540e+02
3.9500000e+02		3.9600000e+02		3.9550000e+02		8.7888136e+02		2.4868957e+02		5.9199979e+02		5.4496831e+02		1.7572092e+02		3.6924739e+02
3.9600000e+02		3.9700000e+02		3.9650000e+02		6.0712893e+02		1.7230616e+02		4.1053188e+02		3.7807258e+02		1.2066028e+02		2.5741230e+02
3.9700000e+02		3.9800000e+02		3.9750000e+02		6.8053003e+02		1.9370789e+02		4.6192516e+02		4.2557556e+02		1.3443378e+02		2.9114178e+02
3.9800000e+02		3.9900000e+02		3.9850000e+02		1.0480559e+03		2.9919362e+02		7.1408675e+02		6.5815925e+02		2.0578377e+02		4.5237548e+02
3.9900000e+02		4.0000000e+02		3.9950000e+02		1.1577145e+03		3.3145534e+02		7.9176114e+02		7.3004118e+02		2.2593410e+02		5.0410708e+02
4.0000000e+02		4.0100000e+02		4.0050000e+02		1.1939713e+03		3.4281597e+02		8.1959048e+02		7.5599941e+02		2.3158809e+02		5.2441132e+02
4.0100000e+02		4.0200000e+02		4.0150000e+02		1.2509583e+03		3.6019829e+02		8.6186732e+02		7.9530659e+02		2.4115476e+02		5.5415183e+02
4.0200000e+02		4.0300000e+02		4.0250000e+02		1.2664199e+03		3.6567592e+02		8.7569782e+02		8.0838139e+02		2.4263327e+02		5.6574812e+02
4.0300000e+02		4.0400000e+02		4.0350000e+02		1.2115903e+03		3.5081853e+02		8.4080604e+02		7.7646880e+02		2.3069450e+02		5.4577431e+02
4.0400000e+02		4.0500000e+02		4.0450000e+02		1.1914959e+03		3.4595193e+02		8.2981399e+02		7.6660806e+02		2.2546144e+02		5.4114662e+02
4.0500000e+02		4.0600000e+02		4.0550000e+02		1.1904731e+03		3.4659937e+02		8.3203341e+02		7.6894653e+02		2.2386558e+02		5.4508095e+02
4.0600000e+02		4.0700000e+02		4.0650000e+02		1.1388815e+03		3.3247601e+02		7.9876247e+02		7.3847211e+02		2.1282579e+02		5.2564632e+02
4.0700000e+02		4.0800000e+02		4.0750000e+02		1.1575323e+03		3.3882636e+02		8.1465784e+02		7.5344422e+02		2.1495475e+02		5.3848947e+02
4.0800000e+02		4.0900000e+02		4.0850000e+02		1.2307397e+03		3.6121136e+02		8.6915367e+02		8.0413730e+02		2.2711134e+02		5.7702596e+02
4.0900000e+02		4.1000000e+02		4.0950000e+02		1.2243097e+03		3.6026869e+02		8.6755146e+02		8.0294359e+02		2.2449842e+02		5.7844517e+02
4.1000000e+02		4.1100000e+02		4.1050000e+02		1.1216634e+03		3.3092294e+02		7.9749064e+02		7.3836300e+02		2.0437364e+02		5.3398936e+02
4.1100000e+02		4.1200000e+02		4.1150000e+02		1.3003372e+03		3.8462591e+02		9.2760644e+02		8.5913426e+02		2.3542352e+02		6.2371074e+02
4.1200000e+02		4.1300000e+02		4.1250000e+02		1.2760342e+03		3.7840105e+02		9.1327289e+02		8.4615364e+02		2.2955095e+02		6.1660269e+02
4.1300000e+02		4.1400000e+02		4.1350000e+02		1.2308584e+03		3.6592741e+02		8.8381777e+02		8.1914580e+02		2.2000850e+02		5.9913731e+02
4.1400000e+02		4.1500000e+02		4.1450000e+02		1.2488872e+03		3.7221712e+02		8.9966384e+02		8.3411711e+02		2.2179972e+02		6.1231739e+02
4.1500000e+02		4.1600000e+02		4.1550000e+02		1.2477523e+03		3.7280123e+02		9.0172479e+02		8.3631045e+02		2.2017330e+02		6.1613715e+02
4.1600000e+02		4.1700000e+02		4.1650000e+02		1.2947363e+03		3.8778926e+02		9.3864600e+02		8.7084446e+02		2.2699086e+02		6.4385359e+02
4.1700000e+02		4.1800000e+02		4.1750000e+02		1.1781342e+03		3.5372395e+02		8.5679431e+02		7.9516835e+02		2.0521311e+02		5.8995524e+02
4.1800000e+02		4.1900000e+02		4.1850000e+02		1.2217101e+03		3.6769098e+02		8.9124652e+02		8.2741355e+02		2.1142409e+02		6.1598946e+02
4.1900000e+02		4.2000000e+02		4.1950000e+02		1.2338424e+03		3.7222845e+02		9.0286731e+02		8.3847384e+02		2.1213624e+02		6.2633760e+02
4.2000000e+02		4.2100000e+02		4.2050000e+02		1.2494927e+03		3.7784069e+02		9.1710558e+02		8.5196997e+02		2.1342775e+02		6.3854222e+02
4.2100000e+02		4.2200000e+02		4.2150000e+02		1.2299982e+03		3.7281618e+02		9.0552076e+02		8.4147515e+02		2.0872617e+02		6.3274897e+02
4.2200000e+02		4.2300000e+02		4.2250000e+02		1.1657134e+03		3.5415028e+02		8.6075812e+02		8.0012994e+02		1.9652282e+02		6.0360712e+02
4.2300000e+02		4.2400000e+02		4.2350000e+02		1.2419943e+03		3.7819107e+02		9.1979605e+02		8.5527553e+02		2.0800953e+02		6.4726600e+02
4.2400000e+02		4.2500000e+02		4.2450000e+02		1.2850442e+03		3.9218958e+02		9.5446484e+02		8.8778574e+02		2.1380506e+02		6.7398068e+02
4.2500000e+02		4.2600000e+02		4.2550000e+02		1.2367256e+03		3.7829289e+02		9.2123962e+02		8.5714281e+02		2.0441068e+02		6.5273213e+02
4.2600000e+02		4.2700000e+02		4.2650000e+02		1.2316584e+03		3.7758313e+02		9.2009887e+02		8.5633968e+02		2.0222976e+02		6.5410992e+02
4.2700000e+02		4.2800000e+02		4.2750000e+02		1.1420512e+03		3.5088603e+02		8.5558363e+02		7.9653284e+02		1.8627703e+02		6.1025581e+02
4.2800000e+02		4.2900000e+02		4.2850000e+02		1.1495483e+03		3.5396208e+02		8.6362382e+02		8.0425571e+02		1.8625780e+02		6.1799791e+02
4.2900000e+02		4.3000000e+02		4.2950000e+02		1.0698649e+03		3.3014017e+02		8.0599949e+02		7.5081219e+02		1.7219654e+02		5.7861565e+02
4.3000000e+02		4.3100000e+02		4.3050000e+02		8.6065012e+02		2.6615031e+02		6.5017306e+02		6.0583063e+02		1.3760216e+02		4.6822846e+02
4.3100000e+02		4.3200000e+02		4.3150000e+02		1.0641754e+03		3.2978853e+02		8.0612103e+02		7.5135801e+02		1.6900908e+02		5.8234893e+02
4.3200000e+02		4.3300000e+02		4.3250000e+02		1.1990384e+03		3.7236478e+02		9.1073732e+02		8.4910804e+02		1.8915740e+02		6.5995064e+02
4.3300000e+02		4.3400000e+02		4.3350000e+02		1.3017454e+03		4.0510349e+02		9.9139684e+02		9.2456881e+02		2.0398822e+02		7.2058058e+02
4.3400000e+02		4.3500000e+02		4.3450000e+02		1.1054356e+03		3.4472213e+02		8.4412138e+02		7.8743960e+02		1.7206670e+02		6.1537290e+02
4.3500000e+02		4.3600000e+02		4.3550000e+02		1.2347447e+03		3.8583365e+02		9.4533832e+02		8.8210244e+02		1.9090643e+02		6.9119601e+02
4.3600000e+02		4.3700000e+02		4.3650000e+02		1.3814970e+03		4.3256523e+02		1.0604433e+03		9.8977711e+02		2.1216278e+02		7.7761433e+02
4.3700000e+02		4.3800000e+02		4.3750000e+02		1.2223713e+03		3.8350863e+02		9.4071259e+02		8.7826160e+02		1.8646367e+02		6.9179794e+02
4.3800000e+02		4.3900000e+02		4.3850000e+02		1.1905029e+03		3.7425231e+02		9.1852203e+02		8.5777288e+02		1.8038046e+02		6.7739243e+02
4.3900000e+02		4.4000000e+02		4.3950000e+02		1.3250738e+03		4.1737641e+02		1.0249286e+03		9.5739458e+02		1.9941752e+02		7.5797706e+02
4.4000000e+02		4.4100000e+02		4.4050000e+02		1.2562739e+03		3.9647684e+02		9.7414037e+02		9.1019058e+02		1.8778815e+02		7.2240243e+02
4.4100000e+02		4.4200000e+02		4.4150000e+02		1.3817384e+03		4.3691495e+02		1.0740785e+03		1.0038276e+03		2.0514778e+02		7.9867979e+02
4.4200000e+02		4.4300000e+02		4.4250000e+02		1.4526378e+03		4.6021210e+02		1.1319572e+03		1.0581914e+03		2.1421613e+02		8.4397529e+02
4.4300000e+02		4.4400000e+02		4.4350000e+02		1.4050936e+03		4.4599261e+02		1.0975641e+03		1.0262997e+03		2.0580252e+02		8.2049713e+02
4.4400000e+02		4.4500000e+02		4.4450000e+02		1.4475318e+03		4.6032484e+02		1.1334293e+03		1.0601019e+03		2.1058193e+02		8.4951999e+02
4.4500000e+02		4.4600000e+02		4.4550000e+02		1.3420773e+03		4.2758255e+02		1.0533563e+03		9.8545384e+02		1.9391666e+02		7.9153718e+02
4.4600000e+02		4.4700000e+02		4.4650000e+02		1.3689269e+03		4.3693938e+02		1.0769595e+03		1.0077831e+03		1.9645344e+02		8.1132962e+02
4.4700000e+02		4.4800000e+02		4.4750000e+02		1.4837056e+03		4.7443810e+02		1.1699792e+03		1.0950942e+03		2.1147849e+02		8.8361570e+02
4.4800000e+02		4.4900000e+02		4.4850000e+02		1.4587166e+03		4.6728962e+02		1.1529295e+03		1.0793956e+03		2.0650277e+02		8.7289280e+02
4.4900000e+02		4.5000000e+02		4.4950000e+02		1.4737837e+03		4.7296054e+02		1.1675007e+03		1.0932980e+03		2.0721574e+02		8.8608226e+02
4.5000000e+02		4.5100000e+02		4.5050000e+02		1.5636828e+03		5.0269945e+02		1.2415207e+03		1.1628878e+03		2.1835812e+02		9.4452969e+02
4.5100000e+02		4.5200000e+02		4.5150000e+02		1.5589734e+03		5.0206479e+02		1.2405558e+03		1.1622554e+03		2.1621651e+02		9.4603891e+02
4.5200000e+02		4.5300000e+02		4.5250000e+02		1.4757889e+03		4.7610133e+02		1.1769679e+03		1.1029360e+03		2.0328331e+02		8.9965266e+02
4.5300000e+02		4.5400000e+02		4.5350000e+02		1.4141855e+03		4.5701294e+02		1.1303167e+03		1.0594616e+03		1.9346801e+02		8.6599358e+02
4.5400000e+02		4.5500000e+02		4.5450000e+02		1.5096596e+03		4.8869854e+02		1.2092521e+03		1.1337057e+03		2.0511869e+02		9.2858703e+02
4.5500000e+02		4.5600000e+02		4.5550000e+02		1.4952815e+03		4.8486169e+02		1.2003161e+03		1.1255804e+03		2.0177658e+02		9.2380387e+02
4.5600000e+02		4.5700000e+02		4.5650000e+02		1.5527317e+03		5.0433291e+02		1.2490932e+03		1.1715806e+03		2.0809619e+02		9.6348444e+02
4.5700000e+02		4.5800000e+02		4.5750000e+02		1.5677329e+03		5.1004922e+02		1.2638259e+03		1.1856596e+03		2.0866907e+02		9.7699058e+02
4.5800000e+02		4.5900000e+02		4.5850000e+02		1.4734199e+03		4.8015217e+02		1.1902811e+03		1.1169065e+03		1.9477326e+02		9.2213325e+02
4.5900000e+02		4.6000000e+02		4.5950000e+02		1.5222067e+03		4.9685724e+02		1.2322409e+03		1.1565288e+03		1.9984433e+02		9.5668452e+02
4.6000000e+02		4.6100000e+02		4.6050000e+02		1.5039223e+03		4.9167981e+02		1.2199377e+03		1.1452258e+03		1.9609101e+02		9.4913479e+02
4.6100000e+02		4.6200000e+02		4.6150000e+02		1.5386000e+03		5.0381966e+02		1.2506034e+03		1.1742613e+03		1.9923741e+02		9.7502394e+02
4.6200000e+02		4.6300000e+02		4.6250000e+02		1.5538294e+03		5.0961079e+02		1.2655237e+03		1.1885193e+03		1.9982980e+02		9.8868946e+02
4.6300000e+02		4.6400000e+02		4.6350000e+02		1.5018384e+03		4.9333046e+02		1.2256169e+03		1.1512790e+03		1.9181865e+02		9.5946033e+02
4.6400000e+02		4.6500000e+02		4.6450000e+02		1.5281564e+03		5.0275408e+02		1.2495556e+03		1.1740062e+03		1.9384081e+02		9.8016540e+02
4.6500000e+02		4.6600000e+02		4.6550000e+02		1.4760608e+03		4.8636107e+02		1.2093165e+03		1.1364305e+03		1.8594760e+02		9.5048291e+02
4.6600000e+02		4.6700000e+02		4.6650000e+02		1.4854121e+03		4.9018727e+02		1.2193333e+03		1.1460738e+03		1.8584096e+02		9.6023281e+02
4.6700000e+02		4.6800000e+02		4.6750000e+02		1.4997486e+03		4.9566455e+02		1.2334615e+03		1.1595837e+03		1.8634615e+02		9.7323751e+02
4.6800000e+02		4.6900000e+02		4.6850000e+02		1.4665907e+03		4.8542990e+02		1.2084806e+03		1.1363227e+03		1.8097465e+02		9.5534803e+02
4.6900000e+02		4.7000000e+02		4.6950000e+02		1.5086728e+03		5.0009763e+02		1.2454936e+03		1.1713539e+03		1.8488864e+02		9.8646531e+02
4.7000000e+02		4.7100000e+02		4.7050000e+02		1.4256243e+03		4.7326127e+02		1.1791237e+03		1.1091488e+03		1.7351065e+02		9.3563817e+02
4.7100000e+02		4.7200000e+02		4.7150000e+02		1.4904926e+03		4.9551397e+02		1.2350490e+03		1.1619772e+03		1.8015918e+02		9.8181801e+02
4.7200000e+02		4.7300000e+02		4.7250000e+02		1.5269264e+03		5.0835665e+02		1.2675492e+03		1.1927802e+03		1.8329471e+02		1.0094855e+03
4.7300000e+02		4.7400000e+02		4.7350000e+02		1.4995420e+03		4.9995113e+02		1.2470680e+03		1.1737270e+03		1.7877034e+02		9.9495661e+02
4.7400000e+02		4.7500000e+02		4.7450000e+02		1.5448084e+03		5.1577025e+02		1.2870142e+03		1.2115487e+03		1.8290111e+02		1.0286475e+03
4.7500000e+02		4.7600000e+02		4.7550000e+02		1.5413846e+03		5.1534698e+02		1.2864400e+03		1.2112305e+03		1.8124146e+02		1.0299891e+03
4.7600000e+02		4.7700000e+02		4.7650000e+02		1.4853490e+03		4.9730021e+02		1.2418509e+03		1.1694609e+03		1.7345222e+02		9.9600867e+02
4.7700000e+02		4.7800000e+02		4.7750000e+02		1.5508368e+03		5.1993860e+02		1.2988595e+03		1.2233666e+03		1.7985492e+02		1.0435117e+03
4.7800000e+02		4.7900000e+02		4.7850000e+02		1.5358791e+03		5.1562421e+02		1.2885492e+03		1.2138721e+03		1.7689611e+02		1.0369759e+03
4.7900000e+02		4.8000000e+02		4.7950000e+02		1.5403519e+03		5.1782266e+02		1.2945079e+03		1.2197008e+03		1.7619210e+02		1.0435087e+03
4.8000000e+02		4.8100000e+02		4.8050000e+02		1.5442750e+03		5.1983458e+02		1.2999993e+03		1.2250890e+03		1.7542707e+02		1.0496619e+03
4.8100000e+02		4.8200000e+02		4.8150000e+02		1.5475498e+03		5.2162598e+02		1.3049379e+03		1.2299559e+03		1.7459124e+02		1.0553647e+03
4.8200000e+02		4.8300000e+02		4.8250000e+02		1.5416562e+03		5.2032042e+02		1.3021247e+03		1.2275148e+03		1.7273151e+02		1.0547832e+03
4.8300000e+02		4.8400000e+02		4.8350000e+02		1.5183412e+03		5.1311678e+02		1.2845393e+03		1.2111426e+03		1.6895074e+02		1.0421918e+03
4.8400000e+02		4.8500000e+02		4.8450000e+02		1.4920771e+03		5.0488959e+02		1.2643738e+03		1.1923298e+03		1.6488806e+02		1.0274417e+03
4.8500000e+02		4.8600000e+02		4.8550000e+02		1.4021236e+03		4.7505579e+02		1.1900633e+03		1.1224403e+03		1.5388349e+02		9.6855678e+02
4.8600000e+02		4.8700000e+02		4.8650000e+02		1.2173217e+03		4.1296358e+02		1.0348610e+03		9.7621797e+02		1.3268430e+02		8.4353367e+02
4.8700000e+02		4.8800000e+02		4.8750000e+02		1.3927585e+03		4.7306982e+02		1.1858747e+03		1.1188568e+03		1.5076451e+02		9.6809227e+02
4.8800000e+02		4.8900000e+02		4.8850000e+02		1.4651201e+03		4.9826536e+02		1.2494419e+03		1.1790222e+03		1.5750938e+02		1.0215128e+03
4.8900000e+02		4.9000000e+02		4.8950000e+02		1.4372192e+03		4.8937704e+02		1.2275502e+03		1.1585499e+03		1.5345000e+02		1.0050999e+03
4.9000000e+02		4.9100000e+02		4.9050000e+02		1.5307557e+03		5.2186082e+02		1.3094509e+03		1.2360430e+03		1.6231600e+02		1.0737270e+03
4.9100000e+02		4.9200000e+02		4.9150000e+02		1.4425606e+03		4.9238663e+02		1.2358854e+03		1.1667848e+03		1.5191546e+02		1.0148693e+03
4.9200000e+02		4.9300000e+02		4.9250000e+02		1.3729411e+03		4.6918346e+02		1.1780145e+03		1.1123225e+03		1.4359299e+02		9.6872955e+02
4.9300000e+02		4.9400000e+02		4.9350000e+02		1.4509629e+03		4.9643335e+02		1.2468192e+03		1.1774717e+03		1.5071348e+02		1.0267582e+03
4.9400000e+02		4.9500000e+02		4.9450000e+02		1.4929449e+03		5.1139631e+02		1.2847934e+03		1.2135189e+03		1.5401219e+02		1.0595068e+03
4.9500000e+02		4.9600000e+02		4.9550000e+02		1.4663156e+03		5.0285849e+02		1.2637271e+03		1.1938017e+03		1.5022956e+02		1.0435721e+03
4.9600000e+02		4.9700000e+02		4.9650000e+02		1.4846220e+03		5.0972291e+02		1.2813628e+03		1.2106427e+03		1.5106423e+02		1.0595785e+03
4.9700000e+02		4.9800000e+02		4.9750000e+02		1.5123203e+03		5.1982531e+02		1.3071472e+03		1.2351871e+03		1.5282998e+02		1.0823571e+03
4.9800000e+02		4.9900000e+02		4.9850000e+02		1.3744029e+03		4.7295364e+02		1.1896341e+03		1.1243083e+03		1.3794282e+02		9.8636548e+02
4.9900000e+02		5.0000000e+02		4.9950000e+02		1.4721832e+03		5.0716910e+02		1.2760688e+03		1.2061720e+03		1.4674675e+02		1.0594252e+03
