Left Bin Edge (nm)	Right Bin Edge (nm)	Bin Center (nm)		Top of Atm Intensity (erg/s/nm/cm2)		Total Surface Flux (erg/s/nm/cm2)		Total Intensity at BOA (erg/s/nm/cm2)		Total Surface Intensity (erg/s/nm/cm2)		Total Surface Diffuse Intensity (erg/s/nm/cm2)		Total Surface Direct Intensity (erg/s/nm/cm2)
1.0000000e+02		1.0100000e+02		1.0050000e+02		4.4569042e-02		2.4525374e-199		0.0000000e+00		4.2479194e-199		4.2479194e-199		0.0000000e+00
1.0100000e+02		1.0200000e+02		1.0150000e+02		1.7387199e-01		2.8780738e-197		0.0000000e+00		4.9849701e-197		4.9849701e-197		0.0000000e+00
1.0200000e+02		1.0300000e+02		1.0250000e+02		9.2286085e-01		3.0760917e-195		0.0000000e+00		5.3279472e-195		5.3279472e-195		0.0000000e+00
1.0300000e+02		1.0400000e+02		1.0350000e+02		7.0094286e-01		3.0025220e-193		0.0000000e+00		5.2005206e-193		5.2005206e-193		0.0000000e+00
1.0400000e+02		1.0500000e+02		1.0450000e+02		1.4124828e-01		2.6834656e-191		0.0000000e+00		4.6478988e-191		4.6478988e-191		0.0000000e+00
1.0500000e+02		1.0600000e+02		1.0550000e+02		4.8389941e-02		2.2015023e-189		0.0000000e+00		3.8131138e-189		3.8131138e-189		0.0000000e+00
1.0600000e+02		1.0700000e+02		1.0650000e+02		4.5487167e-02		1.6619000e-187		0.0000000e+00		2.8784952e-187		2.8784952e-187		0.0000000e+00
1.0700000e+02		1.0800000e+02		1.0750000e+02		5.0757295e-02		1.1570804e-185		0.0000000e+00		2.0041221e-185		2.0041221e-185		0.0000000e+00
1.0800000e+02		1.0900000e+02		1.0850000e+02		7.1152114e-02		7.4467737e-184		0.0000000e+00		1.2898190e-183		1.2898190e-183		0.0000000e+00
1.0900000e+02		1.1000000e+02		1.0950000e+02		5.5817450e-02		4.4397245e-182		0.0000000e+00		7.6898284e-182		7.6898284e-182		0.0000000e+00
1.1000000e+02		1.1100000e+02		1.1050000e+02		5.4043772e-02		2.4571450e-180		0.0000000e+00		4.2559000e-180		4.2559000e-180		0.0000000e+00
1.1100000e+02		1.1200000e+02		1.1150000e+02		5.0797691e-02		1.2649212e-178		0.0000000e+00		2.1909077e-178		2.1909077e-178		0.0000000e+00
1.1200000e+02		1.1300000e+02		1.1250000e+02		5.1969037e-02		6.0686757e-177		0.0000000e+00		1.0511255e-176		1.0511255e-176		0.0000000e+00
1.1300000e+02		1.1400000e+02		1.1350000e+02		4.1221387e-02		2.7185204e-175		0.0000000e+00		4.7086155e-175		4.7086155e-175		0.0000000e+00
1.1400000e+02		1.1500000e+02		1.1450000e+02		3.1562600e-02		1.1390992e-173		0.0000000e+00		1.9729777e-173		1.9729777e-173		0.0000000e+00
1.1500000e+02		1.1600000e+02		1.1550000e+02		4.3552050e-02		4.4723460e-172		0.0000000e+00		7.7463305e-172		7.7463305e-172		0.0000000e+00
1.1600000e+02		1.1700000e+02		1.1650000e+02		1.0143732e-01		1.6480941e-170		0.0000000e+00		2.8545827e-170		2.8545827e-170		0.0000000e+00
1.1700000e+02		1.1800000e+02		1.1750000e+02		3.6108525e-01		5.7095954e-169		0.0000000e+00		9.8893094e-169		9.8893094e-169		0.0000000e+00
1.1800000e+02		1.1900000e+02		1.1850000e+02		1.2283927e-01		1.8624226e-167		0.0000000e+00		3.2258106e-167		3.2258106e-167		0.0000000e+00
1.1900000e+02		1.2000000e+02		1.1950000e+02		1.7115732e-01		5.7289394e-166		0.0000000e+00		9.9228141e-166		9.9228141e-166		0.0000000e+00
1.2000000e+02		1.2100000e+02		1.2050000e+02		9.3056497e-01		1.6643037e-164		0.0000000e+00		2.8826586e-164		2.8826586e-164		0.0000000e+00
1.2100000e+02		1.2200000e+02		1.2150000e+02		3.6941242e+01		4.5725619e-163		0.0000000e+00		7.9199095e-163		7.9199095e-163		0.0000000e+00
1.2200000e+02		1.2300000e+02		1.2250000e+02		2.4773856e-01		1.1897240e-161		0.0000000e+00		2.0606624e-161		2.0606624e-161		0.0000000e+00
1.2300000e+02		1.2400000e+02		1.2350000e+02		1.3344721e-01		2.9354100e-160		3.4434830e-161		5.0842793e-160		5.0842793e-160		0.0000000e+00
1.2400000e+02		1.2500000e+02		1.2450000e+02		1.0726631e-01		6.8767664e-159		8.2767251e-160		1.1910909e-158		1.1910909e-158		0.0000000e+00
1.2500000e+02		1.2600000e+02		1.2550000e+02		1.0471361e-01		1.5315519e-157		1.8921543e-158		2.6527256e-157		2.6527256e-157		0.0000000e+00
1.2600000e+02		1.2700000e+02		1.2650000e+02		1.4644878e-01		3.2466375e-156		4.1162687e-157		5.6233411e-156		5.6233411e-156		0.0000000e+00
1.2700000e+02		1.2800000e+02		1.2750000e+02		7.6659940e-02		6.5583744e-155		8.5310221e-156		1.1359438e-154		1.1359438e-154		0.0000000e+00
1.2800000e+02		1.2900000e+02		1.2850000e+02		6.1165494e-02		1.2638889e-153		1.6862448e-154		2.1891199e-153		2.1891199e-153		0.0000000e+00
1.2900000e+02		1.3000000e+02		1.2950000e+02		8.1594975e-02		2.3261989e-152		3.1820853e-153		4.0290947e-152		4.0290947e-152		0.0000000e+00
1.3000000e+02		1.3100000e+02		1.3050000e+02		6.7007791e-01		4.0932683e-151		5.7389902e-152		7.0897486e-151		7.0897486e-151		0.0000000e+00
1.3100000e+02		1.3200000e+02		1.3150000e+02		9.0731094e-02		6.8932669e-150		9.9025960e-151		1.1939489e-149		1.1939489e-149		0.0000000e+00
1.3200000e+02		1.3300000e+02		1.3250000e+02		7.0547730e-02		1.1121010e-148		1.6363801e-149		1.9262154e-148		1.9262154e-148		0.0000000e+00
1.3300000e+02		1.3400000e+02		1.3350000e+02		9.5357088e-01		1.7204711e-147		2.5921008e-148		2.9799433e-147		2.9799433e-147		0.0000000e+00
1.3400000e+02		1.3500000e+02		1.3450000e+02		6.5246966e-02		2.5547111e-146		3.9396814e-147		4.4248895e-146		4.4248895e-146		0.0000000e+00
1.3500000e+02		1.3600000e+02		1.3550000e+02		1.3692679e-01		3.6443706e-145		5.7507490e-146		6.3122350e-145		6.3122350e-145		0.0000000e+00
1.3600000e+02		1.3700000e+02		1.3650000e+02		8.9861989e-02		4.9988884e-144		8.0685803e-145		8.6583286e-144		8.6583286e-144		0.0000000e+00
1.3700000e+02		1.3800000e+02		1.3750000e+02		9.2282630e-02		6.5988268e-143		1.0891262e-143		1.1429503e-142		1.1429503e-142		0.0000000e+00
1.3800000e+02		1.3900000e+02		1.3850000e+02		9.4180145e-02		8.3900429e-142		1.4155271e-142		1.4531981e-141		1.4531981e-141		0.0000000e+00
1.3900000e+02		1.4000000e+02		1.3950000e+02		3.1801144e-01		1.0282935e-140		1.7728407e-141		1.7810566e-140		1.7810566e-140		0.0000000e+00
1.4000000e+02		1.4100000e+02		1.4050000e+02		2.7729440e-01		1.2158129e-139		2.1412828e-140		2.1058498e-139		2.1058498e-139		0.0000000e+00
1.4100000e+02		1.4200000e+02		1.4150000e+02		1.3359910e-01		1.3878567e-138		2.4961936e-139		2.4038383e-138		2.4038383e-138		0.0000000e+00
1.4200000e+02		1.4300000e+02		1.4250000e+02		1.4479671e-01		1.5306398e-137		2.8106440e-138		2.6511460e-137		2.6511460e-137		0.0000000e+00
1.4300000e+02		1.4400000e+02		1.4350000e+02		1.6064305e-01		1.6321694e-136		3.0589306e-137		2.8270003e-136		2.8270003e-136		0.0000000e+00
1.4400000e+02		1.4500000e+02		1.4450000e+02		1.5363637e-01		1.6839369e-135		3.2201951e-136		2.9166642e-135		2.9166642e-135		0.0000000e+00
1.4500000e+02		1.4600000e+02		1.4550000e+02		1.6382583e-01		1.6820967e-134		3.2812686e-135		2.9134770e-134		2.9134770e-134		0.0000000e+00
1.4600000e+02		1.4700000e+02		1.4650000e+02		1.9977093e-01		1.6279040e-133		3.2384764e-134		2.8196125e-133		2.8196125e-133		0.0000000e+00
1.4700000e+02		1.4800000e+02		1.4750000e+02		2.4643334e-01		1.5273538e-132		3.0978253e-133		2.6454544e-132		2.6454544e-132		0.0000000e+00
1.4800000e+02		1.4900000e+02		1.4850000e+02		2.4167300e-01		1.3901329e-131		2.8738372e-132		2.4077809e-131		2.4077809e-131		0.0000000e+00
1.4900000e+02		1.5000000e+02		1.4950000e+02		2.1832777e-01		1.2281296e-130		2.5871974e-131		2.1271828e-130		2.1271828e-130		0.0000000e+00
1.5000000e+02		1.5100000e+02		1.5050000e+02		2.4023073e-01		1.0538081e-129		2.2616304e-130		1.8252492e-129		1.8252492e-129		0.0000000e+00
1.5100000e+02		1.5200000e+02		1.5150000e+02		2.5258505e-01		8.7873910e-129		1.9208355e-129		1.5220208e-128		1.5220208e-128		0.0000000e+00
1.5200000e+02		1.5300000e+02		1.5250000e+02		3.2229547e-01		7.1249908e-128		1.5859326e-128		1.2340846e-127		1.2340846e-127		0.0000000e+00
1.5300000e+02		1.5400000e+02		1.5350000e+02		3.5701286e-01		5.6204785e-127		1.2736151e-127		9.7349543e-127		9.7349543e-127		0.0000000e+00
1.5400000e+02		1.5500000e+02		1.5450000e+02		9.5486931e-01		4.3157792e-126		9.9537480e-127		7.4751488e-126		7.4751488e-126		0.0000000e+00
1.5500000e+02		1.5600000e+02		1.5550000e+02		7.8587524e-01		3.2275155e-125		7.5746976e-126		5.5902208e-125		5.5902208e-125		0.0000000e+00
1.5600000e+02		1.5700000e+02		1.5650000e+02		4.6648084e-01		2.3519120e-124		5.6156967e-125		4.0736310e-124		4.0736310e-124		0.0000000e+00
1.5700000e+02		1.5800000e+02		1.5750000e+02		4.2309893e-01		1.6708321e-123		4.0578532e-124		2.8939661e-123		2.8939661e-123		0.0000000e+00
1.5800000e+02		1.5900000e+02		1.5850000e+02		3.9008072e-01		1.1577451e-122		2.8593192e-123		2.0052733e-122		2.0052733e-122		0.0000000e+00
1.5900000e+02		1.6000000e+02		1.5950000e+02		3.8042347e-01		7.8282590e-122		1.9657819e-122		1.3558942e-121		1.3558942e-121		0.0000000e+00
1.6000000e+02		1.6100000e+02		1.6050000e+02		4.1635449e-01		5.1676061e-121		1.3191122e-121		8.9505563e-121		8.9505563e-121		0.0000000e+00
1.6100000e+02		1.6200000e+02		1.6150000e+02		4.7164413e-01		3.3318075e-120		8.6436114e-121		5.7708599e-120		5.7708599e-120		0.0000000e+00
1.6200000e+02		1.6300000e+02		1.6250000e+02		5.2241459e-01		2.0990603e-119		5.5337404e-120		3.6356790e-119		3.6356790e-119		0.0000000e+00
1.6300000e+02		1.6400000e+02		1.6350000e+02		1.1072121e+00		1.2927368e-118		3.4625802e-119		2.2390858e-118		2.2390858e-118		0.0000000e+00
1.6400000e+02		1.6500000e+02		1.6450000e+02		1.1323318e+00		7.7860407e-118		2.1182963e-118		1.3485818e-117		1.3485818e-117		0.0000000e+00
1.6500000e+02		1.6600000e+02		1.6550000e+02		1.3255566e+00		4.5879377e-117		1.2678637e-117		7.9465412e-117		7.9465412e-117		0.0000000e+00
1.6600000e+02		1.6700000e+02		1.6650000e+02		6.2522883e-01		2.6459796e-116		7.4258364e-117		4.5829711e-116		4.5829711e-116		0.0000000e+00
1.6700000e+02		1.6800000e+02		1.6750000e+02		6.6723830e-01		1.4941437e-115		4.2572941e-116		2.5879328e-115		2.5879328e-115		0.0000000e+00
1.6800000e+02		1.6900000e+02		1.6850000e+02		7.1904320e-01		8.2640482e-115		2.3911518e-115		1.4313751e-114		1.4313751e-114		0.0000000e+00
1.6900000e+02		1.7000000e+02		1.6950000e+02		9.0554889e-01		4.4787524e-114		1.3152345e-114		7.7574268e-114		7.7574268e-114		0.0000000e+00
1.7000000e+02		1.7100000e+02		1.7050000e+02		1.0161854e+00		2.3791979e-113		7.0929460e-114		4.1208916e-113		4.1208916e-113		0.0000000e+00
1.7100000e+02		1.7200000e+02		1.7150000e+02		1.0130704e+00		1.2392803e-112		3.7505609e-113		2.1464964e-112		2.1464964e-112		0.0000000e+00
1.7200000e+02		1.7300000e+02		1.7250000e+02		1.0571150e+00		6.3317238e-112		1.9452827e-112		1.0966867e-111		1.0966867e-111		0.0000000e+00
1.7300000e+02		1.7400000e+02		1.7350000e+02		1.0479596e+00		3.1741870e-111		9.9002456e-112		5.4978532e-111		5.4978532e-111		0.0000000e+00
1.7400000e+02		1.7500000e+02		1.7450000e+02		1.2530722e+00		1.5618633e-110		4.9456953e-111		2.7052266e-110		2.7052266e-110		0.0000000e+00
1.7500000e+02		1.7600000e+02		1.7550000e+02		1.4954862e+00		7.5451920e-110		2.4291870e-110		1.3068656e-109		1.3068656e-109		0.0000000e+00
1.7600000e+02		1.7700000e+02		1.7650000e+02		1.6135596e+00		3.5799939e-109		1.1710168e-109		6.2007313e-109		6.2007313e-109		0.0000000e+00
1.7700000e+02		1.7800000e+02		1.7750000e+02		1.9010195e+00		1.6687442e-108		5.5494226e-109		2.8903497e-108		2.8903497e-108		0.0000000e+00
1.7800000e+02		1.7900000e+02		1.7850000e+02		2.0776624e+00		7.6439863e-108		2.5862563e-108		1.3239773e-107		1.3239773e-107		0.0000000e+00
1.7900000e+02		1.8000000e+02		1.7950000e+02		2.0198657e+00		3.4417207e-107		1.1871070e-107		5.9612351e-107		5.9612351e-107		0.0000000e+00
1.8000000e+02		1.8100000e+02		1.8050000e+02		2.4976225e+00		1.5237268e-106		5.3594861e-107		2.6391723e-106		2.6391723e-106		0.0000000e+00
1.8100000e+02		1.8200000e+02		1.8150000e+02		3.0410490e+00		6.6340457e-106		2.3873515e-106		1.1490504e-105		1.1490504e-105		0.0000000e+00
1.8200000e+02		1.8300000e+02		1.8250000e+02		2.8073836e+00		2.8403533e-105		1.0558131e-105		4.9196363e-105		4.9196363e-105		0.0000000e+00
1.8300000e+02		1.8400000e+02		1.8350000e+02		2.9562417e+00		1.1973902e-104		4.5416281e-105		2.0739407e-104		2.0739407e-104		0.0000000e+00
1.8400000e+02		1.8500000e+02		1.8450000e+02		2.5409769e+00		4.9611613e-104		1.9773129e-104		8.5929834e-104		8.5929834e-104		0.0000000e+00
1.8500000e+02		1.8600000e+02		1.8550000e+02		2.8735562e+00		2.0273032e-103		8.2121231e-104		3.5113922e-103		3.5113922e-103		0.0000000e+00
1.8600000e+02		1.8700000e+02		1.8650000e+02		3.2604304e+00		8.1292361e-103		3.5541625e-103		1.4080250e-102		1.4080250e-102		1.3285940e-239
1.8700000e+02		1.8800000e+02		1.8750000e+02		3.6946466e+00		3.2212124e-102		1.4394739e-102		5.5793036e-102		5.5793036e-102		1.9168163e-219
1.8800000e+02		1.8900000e+02		1.8850000e+02		3.8870616e+00		1.2495086e-101		6.2184323e-102		2.1642125e-101		2.1642125e-101		1.8205012e-129
1.8900000e+02		1.9000000e+02		1.8950000e+02		4.3106081e+00		4.8019589e-101		2.9626545e-101		8.3172368e-101		8.3172368e-101		1.6884812e-115
1.9000000e+02		1.9100000e+02		1.9050000e+02		4.4384288e+00		1.0023929e-72		2.0136620e-68		1.0505157e-72		1.1385985e-73		9.3665584e-73
1.9100000e+02		1.9200000e+02		1.9150000e+02		4.8094361e+00		4.2443594e-56		1.0081652e-52		4.5045329e-56		6.1557710e-57		3.8889558e-56
1.9200000e+02		1.9300000e+02		1.9250000e+02		5.0365493e+00		5.5708151e-44		2.8014782e-41		6.0006415e-44		1.0169801e-44		4.9836614e-44
1.9300000e+02		1.9400000e+02		1.9350000e+02		3.8447944e+00		2.8266331e-31		2.7700981e-29		3.1338543e-31		7.2689330e-32		2.4069610e-31
1.9400000e+02		1.9500000e+02		1.9450000e+02		6.1679797e+00		1.2650970e-24		5.4933126e-23		1.4375615e-24		4.0805535e-25		1.0295062e-24
1.9500000e+02		1.9600000e+02		1.9550000e+02		5.9528271e+00		9.7637306e-17		1.5998756e-15		1.1760510e-16		4.7244313e-17		7.0360790e-17
1.9600000e+02		1.9700000e+02		1.9650000e+02		6.5508102e+00		1.8065513e-13		2.0197302e-12		2.2666720e-13		1.0886572e-13		1.1780147e-13
1.9700000e+02		1.9800000e+02		1.9750000e+02		6.5190955e+00		1.9046656e-10		1.5229762e-09		2.5412100e-10		1.5060802e-10		1.0351298e-10
1.9800000e+02		1.9900000e+02		1.9850000e+02		6.3883794e+00		1.6394948e-07		9.9579834e-07		2.4254338e-07		1.8595514e-07		5.6588232e-08
1.9900000e+02		2.0000000e+02		1.9950000e+02		6.7274707e+00		1.8458697e-05		9.5426147e-05		2.9913910e-05		2.7103326e-05		2.8105843e-06
2.0000000e+02		2.0100000e+02		2.0050000e+02		7.1125146e+00		7.1012684e-04		3.1863801e-03		1.2046694e-03		1.1701004e-03		3.4569089e-05
2.0100000e+02		2.0200000e+02		2.0150000e+02		7.5701275e+00		2.1963675e-01		8.0247833e-01		3.8002350e-01		3.7947911e-01		5.4438535e-04
2.0200000e+02		2.0300000e+02		2.0250000e+02		7.4828608e+00		5.1161568e-01		1.8310174e+00		8.8554043e-01		8.8471545e-01		8.2498123e-04
2.0300000e+02		2.0400000e+02		2.0350000e+02		8.0092047e+00		2.9717869e+00		1.0339386e+01		5.1461876e+00		5.1446875e+00		1.5001775e-03
2.0400000e+02		2.0500000e+02		2.0450000e+02		8.6207445e+00		7.9191151e+00		2.7305458e+01		1.3714707e+01		1.3712518e+01		2.1889249e-03
2.0500000e+02		2.0600000e+02		2.0550000e+02		8.6400754e+00		8.0107430e+00		2.7607692e+01		1.3873084e+01		1.3870449e+01		2.6358085e-03
2.0600000e+02		2.0700000e+02		2.0650000e+02		8.6510225e+00		8.0933127e+00		2.7878679e+01		1.4015720e+01		1.4012565e+01		3.1546447e-03
2.0700000e+02		2.0800000e+02		2.0750000e+02		9.3957826e+00		8.8670617e+00		3.0529374e+01		1.5355218e+01		1.5351143e+01		4.0752444e-03
2.0800000e+02		2.0900000e+02		2.0850000e+02		1.0163489e+01		9.6730990e+00		3.3288906e+01		1.6750479e+01		1.6745261e+01		5.2182388e-03
2.0900000e+02		2.1000000e+02		2.0950000e+02		1.3129215e+01		1.2598808e+01		4.3337330e+01		2.1815962e+01		2.1808019e+01		7.9427690e-03
2.1000000e+02		2.1100000e+02		2.1050000e+02		1.6183343e+01		1.5653889e+01		5.3821578e+01		2.7104923e+01		2.7093439e+01		1.1484478e-02
2.1100000e+02		2.1200000e+02		2.1150000e+02		1.8424170e+01		1.7959904e+01		6.1722300e+01		3.1096287e+01		3.1081016e+01		1.5270819e-02
2.1200000e+02		2.1300000e+02		2.1250000e+02		1.6428561e+01		1.6135398e+01		5.5427305e+01		2.7935736e+01		2.7919898e+01		1.5837554e-02
2.1300000e+02		2.1400000e+02		2.1350000e+02		1.6737981e+01		1.6559699e+01		5.6859654e+01		2.8668557e+01		2.8649865e+01		1.8691645e-02
2.1400000e+02		2.1500000e+02		2.1450000e+02		2.1432541e+01		2.1355035e+01		7.3292780e+01		3.6967789e+01		3.6940173e+01		2.7616738e-02
2.1500000e+02		2.1600000e+02		2.1550000e+02		1.8408135e+01		1.8468200e+01		6.3357159e+01		3.1967901e+01		3.1940635e+01		2.7265642e-02
2.1600000e+02		2.1700000e+02		2.1650000e+02		1.7036901e+01		1.7207077e+01		5.9005057e+01		2.9782375e+01		2.9753475e+01		2.8900758e-02
2.1700000e+02		2.1800000e+02		2.1750000e+02		1.7640866e+01		1.7933056e+01		6.1467835e+01		3.1035964e+01		3.1001813e+01		3.4151304e-02
2.1800000e+02		2.1900000e+02		2.1850000e+02		2.3730294e+01		2.4275828e+01		8.3172414e+01		4.2008720e+01		4.1956473e+01		5.2247320e-02
2.1900000e+02		2.2000000e+02		2.1950000e+02		2.5052511e+01		2.5785746e+01		8.8307275e+01		4.4616453e+01		4.4553930e+01		6.2522644e-02
2.2000000e+02		2.2100000e+02		2.2050000e+02		2.5203754e+01		2.6096029e+01		8.9331024e+01		4.5147622e+01		4.5076555e+01		7.1067872e-02
2.2100000e+02		2.2200000e+02		2.2150000e+02		2.0176768e+01		2.1011978e+01		7.1896083e+01		3.6346903e+01		3.6282823e+01		6.4079938e-02
2.2200000e+02		2.2300000e+02		2.2250000e+02		2.7154039e+01		2.8436973e+01		9.7259290e+01		4.9183390e+01		4.9086552e+01		9.6838865e-02
2.2300000e+02		2.2400000e+02		2.2350000e+02		3.5163062e+01		3.7025303e+01		1.2657693e+02		6.4026926e+01		6.3886525e+01		1.4040078e-01
2.2400000e+02		2.2500000e+02		2.2450000e+02		3.2875934e+01		3.4800410e+01		1.1891783e+02		6.0168795e+01		6.0022243e+01		1.4655152e-01
2.2500000e+02		2.2600000e+02		2.2550000e+02		2.8720078e+01		3.0557605e+01		1.0437269e+02		5.2822980e+01		5.2680444e+01		1.4253671e-01
2.2600000e+02		2.2700000e+02		2.2650000e+02		2.1037217e+01		2.2494910e+01		7.6798857e+01		3.8877461e+01		3.8761532e+01		1.1592950e-01
2.2700000e+02		2.2800000e+02		2.2750000e+02		2.0463841e+01		2.1987807e+01		7.5033139e+01		3.7992573e+01		3.7867683e+01		1.2489015e-01
2.2800000e+02		2.2900000e+02		2.2850000e+02		2.8509984e+01		3.0777165e+01		1.0497795e+02		5.3166905e+01		5.2974695e+01		1.9221082e-01
2.2900000e+02		2.3000000e+02		2.2950000e+02		2.5620938e+01		2.7784536e+01		9.4725783e+01		4.7984883e+01		4.7794533e+01		1.9034997e-01
2.3000000e+02		2.3100000e+02		2.3050000e+02		2.9055844e+01		3.1648942e+01		1.0784921e+02		5.4643844e+01		5.4406522e+01		2.3732134e-01
2.3100000e+02		2.3200000e+02		2.3150000e+02		2.7387429e+01		2.9959669e+01		1.0204329e+02		5.1712055e+01		5.1466698e+01		2.4535730e-01
2.3200000e+02		2.3300000e+02		2.3250000e+02		2.9413108e+01		3.2309524e+01		1.0999283e+02		5.5750630e+01		5.5462252e+01		2.8837751e-01
2.3300000e+02		2.3400000e+02		2.3350000e+02		2.6543685e+01		2.9275201e+01		9.9613158e+01		5.0498092e+01		5.0213901e+01		2.8419146e-01
2.3400000e+02		2.3500000e+02		2.3450000e+02		2.3194371e+01		2.5681281e+01		8.7339945e+01		4.4283182e+01		4.4012571e+01		2.7061116e-01
2.3500000e+02		2.3600000e+02		2.3550000e+02		3.1223226e+01		3.4702028e+01		1.1795783e+02		5.9815671e+01		5.9419516e+01		3.9615450e-01
2.3600000e+02		2.3700000e+02		2.3650000e+02		2.8911473e+01		3.2250695e+01		1.0956776e+02		5.5568396e+01		5.5170274e+01		3.9812249e-01
2.3700000e+02		2.3800000e+02		2.3750000e+02		3.0878004e+01		3.4566844e+01		1.1737381e+02		5.9534353e+01		5.9073762e+01		4.6059161e-01
2.3800000e+02		2.3900000e+02		2.3850000e+02		2.5598090e+01		2.8754823e+01		9.7585624e+01		4.9502596e+01		4.9089758e+01		4.1283755e-01
2.3900000e+02		2.4000000e+02		2.3950000e+02		2.7890834e+01		3.1434697e+01		1.0662127e+02		5.4091118e+01		5.3605667e+01		4.8545116e-01
2.4000000e+02		2.4100000e+02		2.4050000e+02		2.5623038e+01		2.8971841e+01		9.8212268e+01		4.9828980e+01		4.9348520e+01		4.8045971e-01
2.4100000e+02		2.4200000e+02		2.4150000e+02		3.0005079e+01		3.4032352e+01		1.1530078e+02		5.8502811e+01		5.7897728e+01		6.0508294e-01
2.4200000e+02		2.4300000e+02		2.4250000e+02		4.1301739e+01		4.6986407e+01		1.5909578e+02		8.0728214e+01		7.9833973e+01		8.9424104e-01
2.4300000e+02		2.4400000e+02		2.4350000e+02		3.8791639e+01		4.4259312e+01		1.4977269e+02		7.6000318e+01		7.5100027e+01		9.0029126e-01
2.4400000e+02		2.4500000e+02		2.4450000e+02		3.6329084e+01		4.1566210e+01		1.4057410e+02		7.1334230e+01		7.0431890e+01		9.0233973e-01
2.4500000e+02		2.4600000e+02		2.4550000e+02		2.9476122e+01		3.3816877e+01		1.1429588e+02		5.7999847e+01		5.7217521e+01		7.8232586e-01
2.4600000e+02		2.4700000e+02		2.4650000e+02		2.8685918e+01		3.2996482e+01		1.1145311e+02		5.6556910e+01		5.5744572e+01		8.1233857e-01
2.4700000e+02		2.4800000e+02		2.4750000e+02		3.1678139e+01		3.6530338e+01		1.2331075e+02		6.2572742e+01		6.1616988e+01		9.5575358e-01
2.4800000e+02		2.4900000e+02		2.4850000e+02		2.5406301e+01		2.9369115e+01		9.9073149e+01		5.0271803e+01		4.9456292e+01		8.1551108e-01
2.4900000e+02		2.5000000e+02		2.4950000e+02		3.0967514e+01		3.5881630e+01		1.2096238e+02		6.1375701e+01		6.0319619e+01		1.0560820e+00
2.5000000e+02		2.5100000e+02		2.5050000e+02		3.3448743e+01		3.8843992e+01		1.3086100e+02		6.6393771e+01		6.5183477e+01		1.2102937e+00
2.5100000e+02		2.5200000e+02		2.5150000e+02		2.7888154e+01		3.2456720e+01		1.0926835e+02		5.5433937e+01		5.4364678e+01		1.0692589e+00
2.5200000e+02		2.5300000e+02		2.5250000e+02		2.5069906e+01		2.9237600e+01		9.8362607e+01		4.9896351e+01		4.8879130e+01		1.0172213e+00
2.5300000e+02		2.5400000e+02		2.5350000e+02		3.1592540e+01		3.6918308e+01		1.2411487e+02		6.2952525e+01		6.1597620e+01		1.3549056e+00
2.5400000e+02		2.5500000e+02		2.5450000e+02		3.5730773e+01		4.1834317e+01		1.4054119e+02		7.1274905e+01		6.9657179e+01		1.6177260e+00
2.5500000e+02		2.5600000e+02		2.5550000e+02		4.8755658e+01		5.7189176e+01		1.9198571e+02		9.7350608e+01		9.5022969e+01		2.3276394e+00
2.5600000e+02		2.5700000e+02		2.5650000e+02		6.2803876e+01		7.3797224e+01		2.4755657e+02		1.2550874e+02		1.2235077e+02		3.1579742e+00
2.5700000e+02		2.5800000e+02		2.5750000e+02		7.8843355e+01		9.2800504e+01		3.1107092e+02		1.5768184e+02		1.5351089e+02		4.1709497e+00
2.5800000e+02		2.5900000e+02		2.5850000e+02		8.2991293e+01		9.7840129e+01		3.2771480e+02		1.6608638e+02		1.6147237e+02		4.6140138e+00
2.5900000e+02		2.6000000e+02		2.5950000e+02		7.0629481e+01		8.3394612e+01		2.7911448e+02		1.4142590e+02		1.3730350e+02		4.1223968e+00
2.6000000e+02		2.6100000e+02		2.6050000e+02		5.7868388e+01		6.8427356e+01		2.2884155e+02		1.1592657e+02		1.1238436e+02		3.5422180e+00
2.6100000e+02		2.6200000e+02		2.6150000e+02		5.9092703e+01		6.9972628e+01		2.3382423e+02		1.1842191e+02		1.1463224e+02		3.7896751e+00
2.6200000e+02		2.6300000e+02		2.6250000e+02		7.0528613e+01		8.3624939e+01		2.7922152e+02		1.4137700e+02		1.3664284e+02		4.7341594e+00
2.6300000e+02		2.6400000e+02		2.6350000e+02		1.0614195e+02		1.2600985e+02		4.2040212e+02		2.1280164e+02		2.0535158e+02		7.4500631e+00
2.6400000e+02		2.6500000e+02		2.6450000e+02		1.6548208e+02		1.9669205e+02		6.5567739e+02		3.3179769e+02		3.1966337e+02		1.2134324e+01
2.6500000e+02		2.6600000e+02		2.6550000e+02		1.7356948e+02		2.0653786e+02		6.8792608e+02		3.4800934e+02		3.3472511e+02		1.3284224e+01
2.6600000e+02		2.6700000e+02		2.6650000e+02		1.6826276e+02		2.0043679e+02		6.6704335e+02		3.3733550e+02		3.2390583e+02		1.3429671e+01
2.6700000e+02		2.6800000e+02		2.6750000e+02		1.6940220e+02		2.0199697e+02		6.7166369e+02		3.3955618e+02		3.2546858e+02		1.4087593e+01
2.6800000e+02		2.6900000e+02		2.6850000e+02		1.6778062e+02		2.0025244e+02		6.6529030e+02		3.3621390e+02		3.2168826e+02		1.4525633e+01
2.6900000e+02		2.7000000e+02		2.6950000e+02		1.5737310e+02		1.8799710e+02		6.2403209e+02		3.1524562e+02		3.0107322e+02		1.4172400e+01
2.7000000e+02		2.7100000e+02		2.7050000e+02		1.8181465e+02		2.1737479e+02		7.2091399e+02		3.6404597e+02		3.4702775e+02		1.7018226e+01
2.7100000e+02		2.7200000e+02		2.7150000e+02		1.5108640e+02		1.8077604e+02		5.9900420e+02		3.0236137e+02		2.8767398e+02		1.4687389e+01
2.7200000e+02		2.7300000e+02		2.7250000e+02		1.2154404e+02		1.4553267e+02		4.8179302e+02		2.4309367e+02		2.3083181e+02		1.2261859e+01
2.7300000e+02		2.7400000e+02		2.7350000e+02		1.2960124e+02		1.5528302e+02		5.1360753e+02		2.5903254e+02		2.4547400e+02		1.3558536e+01
2.7400000e+02		2.7500000e+02		2.7450000e+02		8.9183780e+01		1.0692171e+02		3.5332729e+02		1.7811605e+02		1.6844762e+02		9.6684283e+00
2.7500000e+02		2.7600000e+02		2.7550000e+02		1.1893609e+02		1.4267130e+02		4.7102978e+02		2.3733968e+02		2.2398778e+02		1.3351897e+01
2.7600000e+02		2.7700000e+02		2.7650000e+02		1.6564211e+02		1.9879935e+02		6.5572811e+02		3.3024415e+02		3.1100173e+02		1.9242417e+01
2.7700000e+02		2.7800000e+02		2.7750000e+02		1.5837296e+02		1.9016268e+02		6.2665425e+02		3.1544376e+02		2.9641822e+02		1.9025536e+01
2.7800000e+02		2.7900000e+02		2.7850000e+02		1.0921797e+02		1.3119513e+02		4.3192777e+02		2.1731067e+02		2.0375155e+02		1.3559115e+01
2.7900000e+02		2.8000000e+02		2.7950000e+02		6.1368404e+01		7.3744158e+01		2.4255414e+02		1.2196858e+02		1.1410022e+02		7.8683661e+00
2.8000000e+02		2.8100000e+02		2.8050000e+02		6.7313201e+01		8.0913791e+01		2.6588163e+02		1.3362584e+02		1.2471805e+02		8.9077934e+00
2.8100000e+02		2.8200000e+02		2.8150000e+02		1.3943196e+02		1.6765055e+02		5.5036726e+02		2.7644649e+02		2.5741396e+02		1.9032527e+01
2.8200000e+02		2.8300000e+02		2.8250000e+02		1.8983287e+02		2.2830515e+02		7.4875959e+02		3.7588141e+02		3.4916919e+02		2.6712224e+01
2.8300000e+02		2.8400000e+02		2.8350000e+02		1.9610227e+02		2.3589044e+02		7.7288246e+02		3.8776226e+02		3.5933257e+02		2.8429686e+01
2.8400000e+02		2.8500000e+02		2.8450000e+02		1.4459284e+02		1.7395632e+02		5.6939960e+02		2.8550033e+02		2.6391597e+02		2.1584363e+01
2.8500000e+02		2.8600000e+02		2.8550000e+02		9.2944992e+01		1.1183245e+02		3.6569259e+02		1.8324698e+02		1.6896858e+02		1.4278394e+01
2.8600000e+02		2.8700000e+02		2.8650000e+02		1.9045522e+02		2.2917453e+02		7.4865831e+02		3.7491206e+02		3.4481870e+02		3.0093356e+01
2.8700000e+02		2.8800000e+02		2.8750000e+02		2.2108403e+02		2.6603948e+02		8.6822065e+02		4.3450517e+02		3.9859409e+02		3.5911071e+01
2.8800000e+02		2.8900000e+02		2.8850000e+02		2.1010240e+02		2.5282445e+02		8.2426645e+02		4.1223569e+02		3.7717105e+02		3.5064642e+01
2.8900000e+02		2.9000000e+02		2.8950000e+02		3.1885068e+02		3.8367126e+02		1.2495978e+03		6.2453317e+02		5.6988540e+02		5.4647766e+01
2.9000000e+02		2.9100000e+02		2.9050000e+02		4.1860542e+02		5.0366941e+02		1.6387664e+03		8.1847192e+02		7.4483072e+02		7.3641198e+01
2.9100000e+02		2.9200000e+02		2.9150000e+02		4.0318642e+02		4.8506599e+02		1.5766338e+03		7.8688887e+02		7.1412062e+02		7.2768254e+01
2.9200000e+02		2.9300000e+02		2.9250000e+02		3.5818014e+02		4.3086024e+02		1.3990177e+03		6.9774379e+02		6.3145326e+02		6.6290527e+01
2.9300000e+02		2.9400000e+02		2.9350000e+02		3.7393440e+02		4.4973484e+02		1.4588088e+03		7.2703590e+02		6.5610136e+02		7.0934541e+01
2.9400000e+02		2.9500000e+02		2.9450000e+02		3.4819581e+02		4.1869469e+02		1.3567278e+03		6.7566203e+02		6.0799125e+02		6.7670783e+01
2.9500000e+02		2.9600000e+02		2.9550000e+02		3.7701055e+02		4.5323895e+02		1.4671496e+03		7.3010474e+02		6.5507148e+02		7.5033256e+01
2.9600000e+02		2.9700000e+02		2.9650000e+02		3.4493460e+02		4.1456982e+02		1.3405881e+03		6.6661464e+02		5.9634443e+02		7.0270210e+01
2.9700000e+02		2.9800000e+02		2.9750000e+02		3.5165811e+02		4.2252902e+02		1.3649079e+03		6.7818228e+02		6.0488210e+02		7.3300181e+01
2.9800000e+02		2.9900000e+02		2.9850000e+02		3.0223333e+02		3.6302907e+02		1.1714833e+03		5.8161785e+02		5.1718662e+02		6.4431233e+01
2.9900000e+02		3.0000000e+02		2.9950000e+02		3.4101318e+02		4.0946979e+02		1.3199676e+03		6.5481484e+02		5.8049263e+02		7.4322211e+01
3.0000000e+02		3.0100000e+02		3.0050000e+02		2.7131061e+02		3.2565520e+02		1.0486850e+03		5.1981530e+02		4.5938773e+02		6.0427570e+01
3.0100000e+02		3.0200000e+02		3.0150000e+02		3.1202593e+02		3.7437919e+02		1.2043242e+03		5.9647382e+02		5.2548152e+02		7.0992293e+01
3.0200000e+02		3.0300000e+02		3.0250000e+02		3.2846528e+02		3.9393979e+02		1.2659172e+03		6.2645893e+02		5.5014619e+02		7.6312742e+01
3.0300000e+02		3.0400000e+02		3.0350000e+02		4.2601061e+02		5.1070498e+02		1.6394134e+03		8.1060734e+02		7.0957660e+02		1.0103074e+02
3.0400000e+02		3.0500000e+02		3.0450000e+02		4.0776836e+02		4.8861047e+02		1.5668352e+03		7.7406188e+02		6.7538530e+02		9.8676579e+01
3.0500000e+02		3.0600000e+02		3.0550000e+02		4.1174793e+02		4.9314067e+02		1.5796937e+03		7.7974246e+02		6.7810712e+02		1.0163534e+02
3.0600000e+02		3.0700000e+02		3.0650000e+02		3.9053943e+02		4.6750402e+02		1.4959889e+03		7.3778244e+02		6.3948561e+02		9.8296833e+01
3.0700000e+02		3.0800000e+02		3.0750000e+02		4.3847484e+02		5.2461106e+02		1.6769530e+03		8.2630110e+02		7.1380631e+02		1.1249480e+02
3.0800000e+02		3.0900000e+02		3.0850000e+02		4.3035211e+02		5.1461275e+02		1.6432514e+03		8.0897455e+02		6.9646750e+02		1.1250705e+02
3.0900000e+02		3.1000000e+02		3.0950000e+02		3.4901328e+02		4.1711350e+02		1.3305077e+03		6.5442166e+02		5.6147714e+02		9.2944519e+01
3.1000000e+02		3.1100000e+02		3.1050000e+02		4.3927411e+02		5.2468146e+02		1.6718537e+03		8.2156910e+02		7.0244369e+02		1.1912541e+02
3.1100000e+02		3.1200000e+02		3.1150000e+02		5.2246540e+02		6.2367438e+02		1.9851789e+03		9.7464677e+02		8.3040961e+02		1.4423716e+02
3.1200000e+02		3.1300000e+02		3.1250000e+02		4.6521908e+02		5.5499728e+02		1.7647032e+03		8.6560023e+02		7.3489449e+02		1.3070574e+02
3.1300000e+02		3.1400000e+02		3.1350000e+02		4.9544367e+02		5.9068178e+02		1.8761754e+03		9.1941929e+02		7.7780131e+02		1.4161798e+02
3.1400000e+02		3.1500000e+02		3.1450000e+02		4.6729179e+02		5.5675825e+02		1.7665485e+03		8.6488179e+02		7.2902811e+02		1.3585367e+02
3.1500000e+02		3.1600000e+02		3.1550000e+02		4.5343123e+02		5.3988677e+02		1.7111998e+03		8.3698856e+02		7.0295036e+02		1.3403819e+02
3.1600000e+02		3.1700000e+02		3.1650000e+02		4.4229406e+02		5.2627035e+02		1.6662732e+03		8.1423419e+02		6.8132975e+02		1.3290444e+02
3.1700000e+02		3.1800000e+02		3.1750000e+02		5.6102832e+02		6.6708805e+02		2.1098907e+03		1.0300166e+03		8.5869805e+02		1.7131850e+02
3.1800000e+02		3.1900000e+02		3.1850000e+02		4.6340678e+02		5.5062463e+02		1.7396914e+03		8.4846604e+02		7.0470034e+02		1.4376569e+02
3.1900000e+02		3.2000000e+02		3.1950000e+02		4.9774832e+02		5.9100677e+02		1.8653021e+03		9.0883786e+02		7.5199644e+02		1.5684142e+02
3.2000000e+02		3.2100000e+02		3.2050000e+02		5.7184857e+02		6.7849689e+02		2.1391691e+03		1.0412486e+03		8.5827977e+02		1.8296883e+02
3.2100000e+02		3.2200000e+02		3.2150000e+02		4.8024660e+02		5.6939060e+02		1.7932819e+03		8.7202136e+02		7.1603207e+02		1.5598929e+02
3.2200000e+02		3.2300000e+02		3.2250000e+02		4.8228681e+02		5.7138097e+02		1.7976518e+03		8.7327427e+02		7.1428720e+02		1.5898707e+02
3.2300000e+02		3.2400000e+02		3.2350000e+02		4.6607071e+02		5.5174962e+02		1.7340594e+03		8.4153646e+02		6.8564302e+02		1.5589344e+02
3.2400000e+02		3.2500000e+02		3.2450000e+02		5.4882129e+02		6.4921223e+02		2.0382215e+03		9.8814729e+02		8.0192897e+02		1.8621832e+02
3.2500000e+02		3.2600000e+02		3.2550000e+02		6.3196128e+02		7.4697761e+02		2.3426949e+03		1.1346056e+03		9.1713766e+02		2.1746794e+02
3.2600000e+02		3.2700000e+02		3.2650000e+02		7.1301257e+02		8.4211567e+02		2.6382997e+03		1.2764677e+03		1.0276878e+03		2.4877983e+02
3.2700000e+02		3.2800000e+02		3.2750000e+02		6.8984049e+02		8.1409853e+02		2.5478530e+03		1.2314429e+03		9.8744748e+02		2.4399546e+02
3.2800000e+02		3.2900000e+02		3.2850000e+02		6.6596082e+02		7.8528474e+02		2.4551072e+03		1.1853931e+03		9.4666663e+02		2.3872650e+02
3.2900000e+02		3.3000000e+02		3.2950000e+02		7.7527139e+02		9.1343802e+02		2.8527859e+03		1.3759767e+03		1.0943782e+03		2.8159848e+02
3.3000000e+02		3.3100000e+02		3.3050000e+02		7.3029799e+02		8.5974394e+02		2.6822977e+03		1.2923995e+03		1.0236741e+03		2.6872544e+02
3.3100000e+02		3.3200000e+02		3.3150000e+02		6.9881652e+02		8.2200204e+02		2.5618843e+03		1.2330915e+03		9.7264816e+02		2.6044336e+02
3.3200000e+02		3.3300000e+02		3.3250000e+02		6.8562051e+02		8.0580775e+02		2.5088106e+03		1.2062791e+03		9.4752550e+02		2.5875365e+02
3.3300000e+02		3.3400000e+02		3.3350000e+02		6.5878216e+02		7.7361476e+02		2.4060912e+03		1.1556716e+03		9.0395611e+02		2.5171545e+02
3.3400000e+02		3.3500000e+02		3.3450000e+02		6.9405546e+02		8.1434774e+02		2.5301677e+03		1.2139823e+03		9.4554546e+02		2.6843682e+02
3.3500000e+02		3.3600000e+02		3.3550000e+02		6.8541663e+02		8.0352772e+02		2.4939832e+03		1.1953516e+03		9.2706529e+02		2.6828632e+02
3.3600000e+02		3.3700000e+02		3.3650000e+02		5.6469084e+02		6.6143218e+02		2.0508432e+03		9.8191118e+02		7.5826145e+02		2.2364973e+02
3.3700000e+02		3.3800000e+02		3.3750000e+02		5.9573781e+02		6.9719794e+02		2.1595287e+03		1.0328444e+03		7.9414800e+02		2.3869638e+02
3.3800000e+02		3.3900000e+02		3.3850000e+02		6.4448401e+02		7.5359427e+02		2.3318335e+03		1.1140591e+03		8.5286904e+02		2.6119010e+02
3.3900000e+02		3.4000000e+02		3.3950000e+02		6.7448220e+02		7.8798642e+02		2.4357746e+03		1.1624689e+03		8.8603498e+02		2.7643389e+02
3.4000000e+02		3.4100000e+02		3.4050000e+02		7.1196374e+02		8.3105039e+02		2.5662887e+03		1.2234383e+03		9.2839980e+02		2.9503851e+02
3.4100000e+02		3.4200000e+02		3.4150000e+02		6.4984945e+02		7.5788279e+02		2.3379834e+03		1.1133948e+03		8.4115046e+02		2.7224435e+02
3.4200000e+02		3.4300000e+02		3.4250000e+02		7.0477558e+02		8.2121837e+02		2.5308168e+03		1.2039228e+03		9.0548837e+02		2.9843442e+02
3.4300000e+02		3.4400000e+02		3.4350000e+02		6.9264465e+02		8.0637238e+02		2.4825720e+03		1.1796929e+03		8.8328589e+02		2.9640703e+02
3.4400000e+02		3.4500000e+02		3.4450000e+02		5.5710877e+02		6.4800963e+02		1.9930279e+03		9.4603841e+02		7.0514366e+02		2.4089475e+02
3.4500000e+02		3.4600000e+02		3.4550000e+02		6.7138909e+02		7.8024524e+02		2.3973437e+03		1.1367191e+03		8.4342613e+02		2.9329294e+02
3.4600000e+02		3.4700000e+02		3.4650000e+02		6.5194093e+02		7.5697176e+02		2.3235268e+03		1.1005182e+03		8.1283963e+02		2.8767858e+02
3.4700000e+02		3.4800000e+02		3.4750000e+02		6.4525828e+02		7.4854672e+02		2.2953948e+03		1.0860078e+03		7.9844145e+02		2.8756633e+02
3.4800000e+02		3.4900000e+02		3.4850000e+02		6.6761091e+02		7.7378813e+02		2.3704601e+03		1.1202981e+03		8.1985134e+02		3.0044674e+02
3.4900000e+02		3.5000000e+02		3.4950000e+02		6.3989005e+02		7.4099766e+02		2.2677816e+03		1.0705994e+03		7.7984606e+02		2.9075333e+02
3.5000000e+02		3.5100000e+02		3.5050000e+02		7.6650484e+02		8.8682689e+02		2.7114321e+03		1.2786417e+03		9.2704373e+02		3.5159795e+02
3.5100000e+02		3.5200000e+02		3.5150000e+02		7.1211510e+02		8.2316397e+02		2.5143368e+03		1.1843976e+03		8.5468791e+02		3.2970967e+02
3.5200000e+02		3.5300000e+02		3.5250000e+02		6.5785102e+02		7.5975881e+02		2.3184185e+03		1.0909114e+03		7.8351537e+02		3.0739600e+02
3.5300000e+02		3.5400000e+02		3.5350000e+02		7.5263834e+02		8.6845334e+02		2.6475449e+03		1.2444122e+03		8.8952825e+02		3.5488397e+02
3.5400000e+02		3.5500000e+02		3.5450000e+02		8.0329241e+02		9.2607421e+02		2.8204941e+03		1.3242476e+03		9.4208836e+02		3.8215924e+02
3.5500000e+02		3.5600000e+02		3.5550000e+02		7.5433512e+02		8.6885746e+02		2.6437010e+03		1.2398788e+03		8.7784588e+02		3.6203291e+02
3.5600000e+02		3.5700000e+02		3.5650000e+02		6.5576441e+02		7.5464781e+02		2.2940050e+03		1.0746921e+03		7.5723286e+02		3.1745922e+02
3.5700000e+02		3.5800000e+02		3.5750000e+02		5.7307986e+02		6.5890706e+02		2.0010701e+03		9.3642877e+02		6.5662341e+02		2.7980536e+02
3.5800000e+02		3.5900000e+02		3.5850000e+02		4.9194729e+02		5.6511974e+02		1.7146229e+03		8.0150055e+02		5.5928299e+02		2.4221756e+02
3.5900000e+02		3.6000000e+02		3.5950000e+02		7.1030971e+02		8.1523531e+02		2.4711723e+03		1.1538811e+03		8.0124456e+02		3.5263654e+02
3.6000000e+02		3.6100000e+02		3.6050000e+02		7.0092701e+02		8.0375160e+02		2.4340849e+03		1.1353159e+03		7.8448957e+02		3.5082633e+02
3.6100000e+02		3.6200000e+02		3.6150000e+02		6.5110481e+02		7.4595797e+02		2.2569607e+03		1.0515457e+03		7.2302831e+02		3.2851738e+02
3.6200000e+02		3.6300000e+02		3.6250000e+02		7.3500056e+02		8.4132960e+02		2.5431592e+03		1.1835894e+03		8.0979542e+02		3.7379400e+02
3.6300000e+02		3.6400000e+02		3.6350000e+02		7.1558904e+02		8.1838553e+02		2.4715251e+03		1.1489899e+03		7.8221842e+02		3.6677151e+02
3.6400000e+02		3.6500000e+02		3.6450000e+02		7.4837927e+02		8.5513079e+02		2.5801285e+03		1.1981648e+03		8.1162708e+02		3.8653767e+02
3.6500000e+02		3.6600000e+02		3.6550000e+02		8.5179486e+02		9.7244083e+02		2.9314040e+03		1.3598008e+03		9.1650356e+02		4.4329725e+02
3.6600000e+02		3.6700000e+02		3.6650000e+02		9.1042532e+02		1.0384624e+03		3.1275841e+03		1.4492171e+03		9.7185617e+02		4.7736097e+02
3.6700000e+02		3.6800000e+02		3.6750000e+02		8.7909512e+02		1.0018473e+03		3.0145850e+03		1.3953313e+03		9.3099308e+02		4.6433822e+02
3.6800000e+02		3.6900000e+02		3.6850000e+02		8.1047729e+02		9.2284077e+02		2.7743584e+03		1.2827389e+03		8.5152805e+02		4.3121082e+02
3.6900000e+02		3.7000000e+02		3.6950000e+02		8.9967825e+02		1.0235156e+03		3.0742707e+03		1.4198559e+03		9.3775130e+02		4.8210461e+02
3.7000000e+02		3.7100000e+02		3.7050000e+02		8.4427990e+02		9.5965717e+02		2.8799019e+03		1.3286389e+03		8.7302019e+02		4.5561873e+02
3.7100000e+02		3.7200000e+02		3.7150000e+02		8.7164560e+02		9.8990429e+02		2.9680471e+03		1.3678166e+03		8.9415003e+02		4.7366652e+02
3.7200000e+02		3.7300000e+02		3.7250000e+02		7.2411383e+02		8.2164633e+02		2.4613909e+03		1.1330946e+03		7.3689457e+02		3.9620005e+02
3.7300000e+02		3.7400000e+02		3.7350000e+02		6.3155746e+02		7.1600659e+02		2.1430529e+03		9.8547986e+02		6.3758060e+02		3.4789926e+02
3.7400000e+02		3.7500000e+02		3.7450000e+02		6.4642322e+02		7.3223162e+02		2.1897102e+03		1.0058462e+03		6.4737915e+02		3.5846710e+02
3.7500000e+02		3.7600000e+02		3.7550000e+02		7.4036161e+02		8.3792308e+02		2.5036103e+03		1.1487952e+03		7.3553141e+02		4.1326382e+02
3.7600000e+02		3.7700000e+02		3.7650000e+02		7.6758018e+02		8.6798881e+02		2.5912137e+03		1.1877115e+03		7.5647201e+02		4.3123949e+02
3.7700000e+02		3.7800000e+02		3.7750000e+02		9.0048278e+02		1.0174131e+03		3.0346952e+03		1.3894905e+03		8.8034460e+02		5.0914592e+02
3.7800000e+02		3.7900000e+02		3.7850000e+02		9.3786543e+02		1.0587549e+03		3.1553242e+03		1.4431725e+03		9.0954163e+02		5.3363084e+02
3.7900000e+02		3.8000000e+02		3.7950000e+02		7.6051322e+02		8.5782006e+02		2.5543338e+03		1.1670424e+03		7.3162803e+02		4.3541441e+02
3.8000000e+02		3.8100000e+02		3.8050000e+02		8.2814537e+02		9.3332316e+02		2.7768253e+03		1.2673406e+03		7.9029382e+02		4.7704681e+02
3.8100000e+02		3.8200000e+02		3.8150000e+02		7.4366886e+02		8.3741871e+02		2.4894098e+03		1.1349535e+03		7.0397486e+02		4.3097864e+02
3.8200000e+02		3.8300000e+02		3.8250000e+02		5.3336093e+02		6.0009977e+02		1.7824467e+03		8.1177603e+02		5.0083141e+02		3.1094463e+02
3.8300000e+02		3.8400000e+02		3.8350000e+02		4.7073026e+02		5.2919435e+02		1.5705429e+03		7.1451052e+02		4.3846275e+02		2.7604777e+02
3.8400000e+02		3.8500000e+02		3.8450000e+02		6.2969557e+02		7.0732042e+02		2.0974638e+03		9.5322105e+02		5.8180713e+02		3.7141392e+02
3.8500000e+02		3.8600000e+02		3.8550000e+02		6.6694888e+02		7.4855249e+02		2.2179225e+03		1.0069017e+03		6.1126075e+02		3.9564093e+02
3.8600000e+02		3.8700000e+02		3.8650000e+02		6.6977732e+02		7.5111426e+02		2.2237098e+03		1.0084668e+03		6.0890265e+02		3.9956416e+02
3.8700000e+02		3.8800000e+02		3.8750000e+02		6.6902499e+02		7.4966201e+02		2.2176232e+03		1.0046513e+03		6.0331104e+02		4.0134022e+02
3.8800000e+02		3.8900000e+02		3.8850000e+02		6.7841027e+02		7.5956494e+02		2.2451197e+03		1.0160438e+03		6.0683559e+02		4.0920825e+02
3.8900000e+02		3.9000000e+02		3.8950000e+02		8.1451188e+02		9.1121536e+02		2.6912255e+03		1.2166615e+03		7.2269340e+02		4.9396813e+02
3.9000000e+02		3.9100000e+02		3.9050000e+02		8.5560997e+02		9.5642815e+02		2.8225267e+03		1.2746937e+03		7.5302435e+02		5.2166934e+02
3.9100000e+02		3.9200000e+02		3.9150000e+02		9.2006232e+02		1.0276577e+03		3.0303514e+03		1.3671314e+03		8.0320345e+02		5.6392796e+02
3.9200000e+02		3.9300000e+02		3.9250000e+02		7.0614281e+02		7.8809817e+02		2.3221262e+03		1.0465356e+03		6.1146944e+02		4.3506613e+02
3.9300000e+02		3.9400000e+02		3.9350000e+02		4.3291589e+02		4.8278048e+02		1.4214066e+03		6.3993943e+02		3.7184207e+02		2.6809736e+02
3.9400000e+02		3.9500000e+02		3.9450000e+02		7.1565803e+02		7.9746564e+02		2.3460967e+03		1.0551648e+03		6.0972267e+02		4.4544210e+02
3.9500000e+02		3.9600000e+02		3.9550000e+02		8.7888136e+02		9.7858561e+02		2.8767373e+03		1.2924981e+03		7.4272492e+02		5.4977318e+02
3.9600000e+02		3.9700000e+02		3.9650000e+02		6.0712893e+02		6.7548160e+02		1.9841958e+03		8.9057619e+02		5.0891926e+02		3.8165693e+02
3.9700000e+02		3.9800000e+02		3.9750000e+02		6.8053003e+02		7.5656427e+02		2.2206934e+03		9.9571155e+02		5.6582855e+02		4.2988300e+02
3.9800000e+02		3.9900000e+02		3.9850000e+02		1.0480559e+03		1.1642623e+03		3.4148177e+03		1.5295808e+03		8.6435299e+02		6.6522786e+02
3.9900000e+02		4.0000000e+02		3.9950000e+02		1.1577145e+03		1.2851021e+03		3.7664342e+03		1.6853762e+03		9.4705874e+02		7.3831748e+02
4.0000000e+02		4.0100000e+02		4.0050000e+02		1.1939713e+03		1.3243469e+03		3.8785798e+03		1.7338135e+03		9.6880826e+02		7.6500521e+02
4.0100000e+02		4.0200000e+02		4.0150000e+02		1.2509583e+03		1.3865144e+03		4.0576604e+03		1.8120498e+03		1.0068277e+03		8.0522215e+02
4.0200000e+02		4.0300000e+02		4.0250000e+02		1.2664199e+03		1.4026034e+03		4.1017454e+03		1.8299094e+03		1.0110168e+03		8.1889260e+02
4.0300000e+02		4.0400000e+02		4.0350000e+02		1.2115903e+03		1.3408819e+03		3.9184019e+03		1.7463769e+03		9.5941131e+02		7.8696556e+02
4.0400000e+02		4.0500000e+02		4.0450000e+02		1.1914959e+03		1.3176706e+03		3.8477961e+03		1.7132110e+03		9.3585851e+02		7.7735245e+02
4.0500000e+02		4.0600000e+02		4.0550000e+02		1.1904731e+03		1.3155745e+03		3.8389238e+03		1.7075750e+03		9.2748332e+02		7.8009171e+02
4.0600000e+02		4.0700000e+02		4.0650000e+02		1.1388815e+03		1.2576445e+03		3.6672705e+03		1.6296205e+03		8.8010468e+02		7.4951584e+02
4.0700000e+02		4.0800000e+02		4.0750000e+02		1.1575323e+03		1.2773149e+03		3.7219980e+03		1.6523218e+03		8.8727586e+02		7.6504597e+02
4.0800000e+02		4.0900000e+02		4.0850000e+02		1.2307397e+03		1.3571210e+03		3.9517725e+03		1.7526176e+03		9.3575489e+02		8.1686269e+02
4.0900000e+02		4.1000000e+02		4.0950000e+02		1.2243097e+03		1.3490659e+03		3.9255798e+03		1.7393122e+03		9.2333269e+02		8.1597949e+02
4.1000000e+02		4.1100000e+02		4.1050000e+02		1.1216634e+03		1.2350823e+03		3.5914181e+03		1.5897175e+03		8.3907594e+02		7.5064160e+02
4.1100000e+02		4.1200000e+02		4.1150000e+02		1.3003372e+03		1.4308129e+03		4.1577119e+03		1.8386136e+03		9.6486683e+02		8.7374675e+02
4.1200000e+02		4.1300000e+02		4.1250000e+02		1.2760342e+03		1.4030872e+03		4.0743636e+03		1.8000300e+03		9.3917673e+02		8.6085327e+02
4.1300000e+02		4.1400000e+02		4.1350000e+02		1.2308584e+03		1.3524710e+03		3.9247202e+03		1.7322652e+03		8.9860280e+02		8.3366238e+02
4.1400000e+02		4.1500000e+02		4.1450000e+02		1.2488872e+03		1.3713319e+03		3.9767752e+03		1.7535746e+03		9.0439610e+02		8.4917855e+02
4.1500000e+02		4.1600000e+02		4.1550000e+02		1.2477523e+03		1.3691444e+03		3.9677791e+03		1.7479544e+03		8.9627412e+02		8.5168028e+02
4.1600000e+02		4.1700000e+02		4.1650000e+02		1.2947363e+03		1.4197298e+03		4.1116465e+03		1.8096294e+03		9.2251216e+02		8.8711720e+02
4.1700000e+02		4.1800000e+02		4.1750000e+02		1.1781342e+03		1.2909953e+03		3.7363589e+03		1.6429168e+03		8.3265523e+02		8.1026160e+02
4.1800000e+02		4.1900000e+02		4.1850000e+02		1.2217101e+03		1.3378444e+03		3.8694159e+03		1.6998375e+03		8.5648496e+02		8.4335254e+02
4.1900000e+02		4.2000000e+02		4.1950000e+02		1.2338424e+03		1.3502265e+03		3.9026929e+03		1.7128655e+03		8.5801311e+02		8.5485244e+02
4.2000000e+02		4.2100000e+02		4.2050000e+02		1.2494927e+03		1.3664451e+03		3.9470250e+03		1.7307230e+03		8.6189076e+02		8.6883225e+02
4.2100000e+02		4.2200000e+02		4.2150000e+02		1.2299982e+03		1.3442389e+03		3.8803965e+03		1.6999435e+03		8.4160619e+02		8.5833734e+02
4.2200000e+02		4.2300000e+02		4.2250000e+02		1.1657134e+03		1.2731491e+03		3.6728474e+03		1.6075478e+03		7.9119571e+02		8.1635208e+02
4.2300000e+02		4.2400000e+02		4.2350000e+02		1.2419943e+03		1.3555782e+03		3.9081764e+03		1.7089907e+03		8.3618284e+02		8.7280785e+02
4.2400000e+02		4.2500000e+02		4.2450000e+02		1.2850442e+03		1.4016595e+03		4.0384995e+03		1.7643797e+03		8.5820515e+02		9.0617455e+02
4.2500000e+02		4.2600000e+02		4.2550000e+02		1.2367256e+03		1.3480912e+03		3.8817423e+03		1.6943656e+03		8.1929397e+02		8.7507162e+02
4.2600000e+02		4.2700000e+02		4.2650000e+02		1.2316584e+03		1.3417130e+03		3.8609924e+03		1.6837970e+03		8.0937925e+02		8.7441770e+02
4.2700000e+02		4.2800000e+02		4.2750000e+02		1.1420512e+03		1.2433126e+03		3.5756376e+03		1.5579610e+03		7.4446595e+02		8.1349502e+02
4.2800000e+02		4.2900000e+02		4.2850000e+02		1.1495483e+03		1.2506891e+03		3.5946641e+03		1.5648605e+03		7.4333760e+02		8.2152295e+02
4.2900000e+02		4.3000000e+02		4.2950000e+02		1.0698649e+03		1.1632697e+03		3.3413894e+03		1.4533180e+03		6.8626153e+02		7.6705643e+02
4.3000000e+02		4.3100000e+02		4.3050000e+02		8.6065012e+02		9.3521056e+02		2.6846998e+03		1.1666685e+03		5.4763533e+02		6.1903315e+02
4.3100000e+02		4.3200000e+02		4.3150000e+02		1.0641754e+03		1.1556577e+03		3.3155619e+03		1.4395575e+03		6.7171412e+02		7.6784337e+02
4.3200000e+02		4.3300000e+02		4.3250000e+02		1.1990384e+03		1.3013205e+03		3.7312614e+03		1.6186378e+03		7.5078084e+02		8.6785698e+02
4.3300000e+02		4.3400000e+02		4.3350000e+02		1.3017454e+03		1.4119338e+03		4.0460491e+03		1.7536755e+03		8.0856959e+02		9.4510596e+02
4.3400000e+02		4.3500000e+02		4.3450000e+02		1.1054356e+03		1.1982868e+03		3.4318229e+03		1.4861719e+03		6.8114342e+02		8.0502847e+02
4.3500000e+02		4.3600000e+02		4.3550000e+02		1.2347447e+03		1.3376591e+03		3.8287650e+03		1.6566507e+03		7.5474216e+02		9.0190855e+02
4.3600000e+02		4.3700000e+02		4.3650000e+02		1.3814970e+03		1.4957572e+03		4.2788336e+03		1.8498124e+03		8.3770347e+02		1.0121089e+03
4.3700000e+02		4.3800000e+02		4.3750000e+02		1.2223713e+03		1.3226931e+03		3.7816059e+03		1.6334678e+03		7.3530090e+02		8.9816693e+02
4.3800000e+02		4.3900000e+02		4.3850000e+02		1.1905029e+03		1.2874580e+03		3.6787901e+03		1.5877179e+03		7.1042248e+02		8.7729541e+02
4.3900000e+02		4.4000000e+02		4.3950000e+02		1.3250738e+03		1.4321591e+03		4.0899667e+03		1.7636975e+03		7.8442849e+02		9.7926906e+02
4.4000000e+02		4.4100000e+02		4.4050000e+02		1.2562739e+03		1.3570191e+03		3.8732266e+03		1.6688421e+03		7.3778102e+02		9.3106107e+02
4.4100000e+02		4.4200000e+02		4.4150000e+02		1.3817384e+03		1.4916941e+03		4.2552683e+03		1.8319317e+03		8.0501072e+02		1.0269210e+03
4.4200000e+02		4.4300000e+02		4.4250000e+02		1.4526378e+03		1.5673482e+03		4.4686331e+03		1.9222019e+03		8.3959294e+02		1.0826090e+03
4.4300000e+02		4.4400000e+02		4.4350000e+02		1.4050936e+03		1.5151982e+03		4.3176009e+03		1.8557128e+03		8.0566635e+02		1.0500465e+03
4.4400000e+02		4.4500000e+02		4.4450000e+02		1.4475318e+03		1.5600919e+03		4.4431285e+03		1.9081087e+03		8.2341657e+02		1.0846921e+03
4.4500000e+02		4.4600000e+02		4.4550000e+02		1.3420773e+03		1.4456372e+03		4.1149582e+03		1.7657435e+03		7.5737954e+02		1.0083640e+03
4.4600000e+02		4.4700000e+02		4.4650000e+02		1.3689269e+03		1.4737493e+03		4.1927492e+03		1.7976743e+03		7.6641484e+02		1.0312595e+03
4.4700000e+02		4.4800000e+02		4.4750000e+02		1.4837056e+03		1.5964468e+03		4.5394231e+03		1.9447542e+03		8.2410417e+02		1.1206500e+03
4.4800000e+02		4.4900000e+02		4.4850000e+02		1.4587166e+03		1.5687106e+03		4.4582222e+03		1.9084452e+03		8.0382066e+02		1.1046245e+03
4.4900000e+02		4.5000000e+02		4.4950000e+02		1.4737837e+03		1.5840637e+03		4.4995173e+03		1.9245970e+03		8.0571054e+02		1.1188865e+03
4.5000000e+02		4.5100000e+02		4.5050000e+02		1.5636828e+03		1.6797951e+03		4.7689827e+03		2.0382503e+03		8.4811401e+02		1.1901362e+03
4.5100000e+02		4.5200000e+02		4.5150000e+02		1.5589734e+03		1.6738514e+03		4.7496783e+03		2.0284103e+03		8.3889541e+02		1.1895149e+03
4.5200000e+02		4.5300000e+02		4.5250000e+02		1.4757889e+03		1.5837067e+03		4.4916055e+03		1.9167041e+03		7.8788021e+02		1.1288239e+03
4.5300000e+02		4.5400000e+02		4.5350000e+02		1.4141855e+03		1.5168093e+03		4.2997090e+03		1.8333963e+03		7.4905291e+02		1.0843434e+03
4.5400000e+02		4.5500000e+02		4.5450000e+02		1.5096596e+03		1.6183761e+03		4.5853287e+03		1.9536806e+03		7.9333878e+02		1.1603418e+03
4.5500000e+02		4.5600000e+02		4.5550000e+02		1.4952815e+03		1.6021419e+03		4.5370814e+03		1.9316454e+03		7.7961382e+02		1.1520316e+03
4.5600000e+02		4.5700000e+02		4.5650000e+02		1.5527317e+03		1.6628525e+03		4.7066899e+03		2.0023323e+03		8.0321785e+02		1.1991145e+03
4.5700000e+02		4.5800000e+02		4.5750000e+02		1.5677329e+03		1.6780713e+03		4.7474474e+03		2.0181453e+03		8.0462370e+02		1.2135216e+03
4.5800000e+02		4.5900000e+02		4.5850000e+02		1.4734199e+03		1.5763316e+03		4.4574542e+03		1.8934455e+03		7.5029939e+02		1.1431461e+03
4.5900000e+02		4.6000000e+02		4.5950000e+02		1.5222067e+03		1.6277178e+03		4.6005481e+03		1.9527700e+03		7.6908178e+02		1.1836882e+03
4.6000000e+02		4.6100000e+02		4.6050000e+02		1.5039223e+03		1.6073742e+03		4.5408823e+03		1.9260135e+03		7.5390857e+02		1.1721049e+03
4.6100000e+02		4.6200000e+02		4.6150000e+02		1.5386000e+03		1.6436340e+03		4.6411196e+03		1.9670769e+03		7.6527402e+02		1.2018029e+03
4.6200000e+02		4.6300000e+02		4.6250000e+02		1.5538294e+03		1.6590986e+03		4.6825865e+03		1.9831969e+03		7.6682480e+02		1.2163721e+03
4.6300000e+02		4.6400000e+02		4.6350000e+02		1.5018384e+03		1.6028142e+03		4.5216231e+03		1.9136291e+03		7.3539593e+02		1.1782331e+03
4.6400000e+02		4.6500000e+02		4.6450000e+02		1.5281564e+03		1.6301236e+03		4.5965380e+03		1.9439253e+03		7.4246279e+02		1.2014625e+03
4.6500000e+02		4.6600000e+02		4.6550000e+02		1.4760608e+03		1.5738066e+03		4.4357023e+03		1.8745557e+03		7.1157992e+02		1.1629758e+03
4.6600000e+02		4.6700000e+02		4.6650000e+02		1.4854121e+03		1.5830335e+03		4.4596767e+03		1.8833390e+03		7.1053039e+02		1.1728086e+03
4.6700000e+02		4.6800000e+02		4.6750000e+02		1.4997486e+03		1.5975676e+03		4.4985889e+03		1.8984209e+03		7.1182651e+02		1.1865944e+03
4.6800000e+02		4.6900000e+02		4.6850000e+02		1.4665907e+03		1.5615250e+03		4.3951259e+03		1.8534484e+03		6.9069828e+02		1.1627502e+03
4.6900000e+02		4.7000000e+02		4.6950000e+02		1.5086728e+03		1.6055946e+03		4.5171563e+03		1.9035715e+03		7.0502099e+02		1.1985506e+03
4.7000000e+02		4.7100000e+02		4.7050000e+02		1.4256243e+03		1.5165207e+03		4.2646746e+03		1.7959191e+03		6.6106385e+02		1.1348553e+03
4.7100000e+02		4.7200000e+02		4.7150000e+02		1.4904926e+03		1.5848094e+03		4.4547615e+03		1.8746665e+03		6.8580920e+02		1.1888573e+03
4.7200000e+02		4.7300000e+02		4.7250000e+02		1.5269264e+03		1.6228219e+03		4.5596301e+03		1.9174751e+03		6.9715701e+02		1.2203181e+03
4.7300000e+02		4.7400000e+02		4.7350000e+02		1.4995420e+03		1.5930099e+03		4.4739387e+03		1.8801505e+03		6.7938194e+02		1.2007686e+03
4.7400000e+02		4.7500000e+02		4.7450000e+02		1.5448084e+03		1.6403748e+03		4.6049923e+03		1.9339081e+03		6.9450719e+02		1.2394009e+03
4.7500000e+02		4.7600000e+02		4.7550000e+02		1.5413846e+03		1.6360238e+03		4.5908297e+03		1.9266565e+03		6.8764423e+02		1.2390123e+03
4.7600000e+02		4.7700000e+02		4.7650000e+02		1.4853490e+03		1.5758642e+03		4.4201551e+03		1.8537821e+03		6.5756075e+02		1.1962213e+03
4.7700000e+02		4.7800000e+02		4.7750000e+02		1.5508368e+03		1.6446351e+03		4.6111247e+03		1.9325821e+03		6.8128997e+02		1.2512921e+03
4.7800000e+02		4.7900000e+02		4.7850000e+02		1.5358791e+03		1.6280777e+03		4.5628112e+03		1.9110644e+03		6.6955370e+02		1.2415107e+03
4.7900000e+02		4.8000000e+02		4.7950000e+02		1.5403519e+03		1.6321279e+03		4.5722819e+03		1.9137686e+03		6.6636901e+02		1.2473996e+03
4.8000000e+02		4.8100000e+02		4.8050000e+02		1.5442750e+03		1.6355978e+03		4.5801337e+03		1.9157993e+03		6.6296399e+02		1.2528353e+03
4.8100000e+02		4.8200000e+02		4.8150000e+02		1.5475498e+03		1.6383836e+03		4.5860783e+03		1.9170374e+03		6.5930200e+02		1.2577354e+03
4.8200000e+02		4.8300000e+02		4.8250000e+02		1.5416562e+03		1.6314697e+03		4.5648920e+03		1.9069474e+03		6.5178712e+02		1.2551602e+03
4.8300000e+02		4.8400000e+02		4.8350000e+02		1.5183412e+03		1.6061379e+03		4.4922231e+03		1.8753848e+03		6.3704504e+02		1.2383398e+03
4.8400000e+02		4.8500000e+02		4.8450000e+02		1.4920771e+03		1.5777134e+03		4.4109786e+03		1.8402919e+03		6.2126746e+02		1.2190245e+03
4.8500000e+02		4.8600000e+02		4.8550000e+02		1.4021236e+03		1.4819992e+03		4.1417560e+03		1.7268744e+03		5.7938104e+02		1.1474934e+03
4.8600000e+02		4.8700000e+02		4.8650000e+02		1.2173217e+03		1.2861548e+03		3.5930300e+03		1.4971433e+03		4.9920401e+02		9.9793927e+02
4.8700000e+02		4.8800000e+02		4.8750000e+02		1.3927585e+03		1.4709277e+03		4.1076297e+03		1.7104952e+03		5.6682283e+02		1.1436724e+03
4.8800000e+02		4.8900000e+02		4.8850000e+02		1.4651201e+03		1.5467415e+03		4.3176895e+03		1.7968499e+03		5.9176280e+02		1.2050871e+03
4.8900000e+02		4.9000000e+02		4.8950000e+02		1.4372192e+03		1.5166938e+03		4.2322039e+03		1.7601861e+03		5.7610877e+02		1.1840773e+03
4.9000000e+02		4.9100000e+02		4.9050000e+02		1.5307557e+03		1.6147770e+03		4.5041984e+03		1.8721595e+03		6.0897369e+02		1.2631859e+03
4.9100000e+02		4.9200000e+02		4.9150000e+02		1.4425606e+03		1.5211563e+03		4.2414700e+03		1.7618821e+03		5.6956332e+02		1.1923187e+03
4.9200000e+02		4.9300000e+02		4.9250000e+02		1.3729411e+03		1.4471919e+03		4.0337369e+03		1.6745759e+03		5.3799633e+02		1.1365796e+03
4.9300000e+02		4.9400000e+02		4.9350000e+02		1.4509629e+03		1.5288551e+03		4.2597872e+03		1.7673548e+03		5.6429648e+02		1.2030583e+03
4.9400000e+02		4.9500000e+02		4.9450000e+02		1.4929449e+03		1.5725009e+03		4.3797961e+03		1.8160593e+03		5.7626548e+02		1.2397939e+03
4.9500000e+02		4.9600000e+02		4.9550000e+02		1.4663156e+03		1.5438781e+03		4.2985170e+03		1.7812989e+03		5.6174376e+02		1.2195552e+03
4.9600000e+02		4.9700000e+02		4.9650000e+02		1.4846220e+03		1.5625760e+03		4.3490131e+03		1.8011612e+03		5.6449859e+02		1.2366626e+03
4.9700000e+02		4.9800000e+02		4.9750000e+02		1.5123203e+03		1.5911462e+03		4.4269515e+03		1.8323653e+03		5.7073055e+02		1.2616347e+03
4.9800000e+02		4.9900000e+02		4.9850000e+02		1.3744029e+03		1.4455152e+03		4.0203485e+03		1.6630990e+03		5.1480881e+02		1.1482902e+03
4.9900000e+02		5.0000000e+02		4.9950000e+02		1.4721832e+03		1.5477971e+03		4.3033101e+03		1.7791224e+03		5.4732157e+02		1.2318008e+03
