Left Bin Edge (nm)	Right Bin Edge (nm)	Bin Center (nm)		Top of Atm Intensity (erg/s/nm/cm2)		Total Surface Flux (erg/s/nm/cm2)		Total Intensity at BOA (erg/s/nm/cm2)		Total Surface Intensity (erg/s/nm/cm2)		Total Surface Diffuse Intensity (erg/s/nm/cm2)		Total Surface Direct Intensity (erg/s/nm/cm2)
1.0000000e+02		1.0100000e+02		1.0050000e+02		4.4569042e-02		2.4525372e-199		0.0000000e+00		4.2479191e-199		4.2479191e-199		0.0000000e+00
1.0100000e+02		1.0200000e+02		1.0150000e+02		1.7387199e-01		2.8780735e-197		0.0000000e+00		4.9849696e-197		4.9849696e-197		0.0000000e+00
1.0200000e+02		1.0300000e+02		1.0250000e+02		9.2286085e-01		3.0760915e-195		0.0000000e+00		5.3279468e-195		5.3279468e-195		0.0000000e+00
1.0300000e+02		1.0400000e+02		1.0350000e+02		7.0094286e-01		3.0025218e-193		0.0000000e+00		5.2005203e-193		5.2005203e-193		0.0000000e+00
1.0400000e+02		1.0500000e+02		1.0450000e+02		1.4124828e-01		2.6834654e-191		0.0000000e+00		4.6478984e-191		4.6478984e-191		0.0000000e+00
1.0500000e+02		1.0600000e+02		1.0550000e+02		4.8389941e-02		2.2015021e-189		0.0000000e+00		3.8131135e-189		3.8131135e-189		0.0000000e+00
1.0600000e+02		1.0700000e+02		1.0650000e+02		4.5487167e-02		1.6618999e-187		0.0000000e+00		2.8784951e-187		2.8784951e-187		0.0000000e+00
1.0700000e+02		1.0800000e+02		1.0750000e+02		5.0757295e-02		1.1570804e-185		0.0000000e+00		2.0041220e-185		2.0041220e-185		0.0000000e+00
1.0800000e+02		1.0900000e+02		1.0850000e+02		7.1152114e-02		7.4467737e-184		0.0000000e+00		1.2898190e-183		1.2898190e-183		0.0000000e+00
1.0900000e+02		1.1000000e+02		1.0950000e+02		5.5817450e-02		4.4397246e-182		0.0000000e+00		7.6898285e-182		7.6898285e-182		0.0000000e+00
1.1000000e+02		1.1100000e+02		1.1050000e+02		5.4043772e-02		2.4571451e-180		0.0000000e+00		4.2559001e-180		4.2559001e-180		0.0000000e+00
1.1100000e+02		1.1200000e+02		1.1150000e+02		5.0797691e-02		1.2649212e-178		0.0000000e+00		2.1909077e-178		2.1909077e-178		0.0000000e+00
1.1200000e+02		1.1300000e+02		1.1250000e+02		5.1969037e-02		6.0686757e-177		0.0000000e+00		1.0511255e-176		1.0511255e-176		0.0000000e+00
1.1300000e+02		1.1400000e+02		1.1350000e+02		4.1221387e-02		2.7185205e-175		0.0000000e+00		4.7086156e-175		4.7086156e-175		0.0000000e+00
1.1400000e+02		1.1500000e+02		1.1450000e+02		3.1562600e-02		1.1390993e-173		0.0000000e+00		1.9729778e-173		1.9729778e-173		0.0000000e+00
1.1500000e+02		1.1600000e+02		1.1550000e+02		4.3552050e-02		4.4723475e-172		0.0000000e+00		7.7463331e-172		7.7463331e-172		0.0000000e+00
1.1600000e+02		1.1700000e+02		1.1650000e+02		1.0143732e-01		1.6480969e-170		0.0000000e+00		2.8545875e-170		2.8545875e-170		0.0000000e+00
1.1700000e+02		1.1800000e+02		1.1750000e+02		3.6108525e-01		5.7096212e-169		0.0000000e+00		9.8893540e-169		9.8893540e-169		0.0000000e+00
1.1800000e+02		1.1900000e+02		1.1850000e+02		1.2283927e-01		1.8624510e-167		0.0000000e+00		3.2258597e-167		3.2258597e-167		0.0000000e+00
1.1900000e+02		1.2000000e+02		1.1950000e+02		1.7115732e-01		5.7290634e-166		0.0000000e+00		9.9230289e-166		9.9230289e-166		0.0000000e+00
1.2000000e+02		1.2100000e+02		1.2050000e+02		9.3056497e-01		1.6643357e-164		0.0000000e+00		2.8827140e-164		2.8827140e-164		0.0000000e+00
1.2100000e+02		1.2200000e+02		1.2150000e+02		3.6941242e+01		4.5726280e-163		0.0000000e+00		7.9200240e-163		7.9200240e-163		0.0000000e+00
1.2200000e+02		1.2300000e+02		1.2250000e+02		2.4773856e-01		1.1897370e-161		0.0000000e+00		2.0606850e-161		2.0606850e-161		0.0000000e+00
1.2300000e+02		1.2400000e+02		1.2350000e+02		1.3344721e-01		2.9354338e-160		2.9904161e-161		5.0843204e-160		5.0843204e-160		0.0000000e+00
1.2400000e+02		1.2500000e+02		1.2450000e+02		1.0726631e-01		6.8768066e-159		7.2025615e-160		1.1910978e-158		1.1910978e-158		0.0000000e+00
1.2500000e+02		1.2600000e+02		1.2550000e+02		1.0471361e-01		1.5315588e-157		1.6487586e-158		2.6527377e-157		2.6527377e-157		0.0000000e+00
1.2600000e+02		1.2700000e+02		1.2650000e+02		1.4644878e-01		3.2466489e-156		3.5908245e-157		5.6233609e-156		5.6233609e-156		0.0000000e+00
1.2700000e+02		1.2800000e+02		1.2750000e+02		7.6659940e-02		6.5583928e-155		7.4491868e-156		1.1359470e-154		1.1359470e-154		0.0000000e+00
1.2800000e+02		1.2900000e+02		1.2850000e+02		6.1165494e-02		1.2638919e-153		1.4736532e-154		2.1891250e-153		2.1891250e-153		0.0000000e+00
1.2900000e+02		1.3000000e+02		1.2950000e+02		8.1594975e-02		2.3262035e-152		2.7831223e-153		4.0291027e-152		4.0291027e-152		0.0000000e+00
1.3000000e+02		1.3100000e+02		1.3050000e+02		6.7007791e-01		4.0932751e-151		5.0232417e-152		7.0897604e-151		7.0897604e-151		0.0000000e+00
1.3100000e+02		1.3200000e+02		1.3150000e+02		9.0731094e-02		6.8932774e-150		8.6736261e-151		1.1939507e-149		1.1939507e-149		0.0000000e+00
1.3200000e+02		1.3300000e+02		1.3250000e+02		7.0547730e-02		1.1121027e-148		1.4342293e-149		1.9262183e-148		1.9262183e-148		0.0000000e+00
1.3300000e+02		1.3400000e+02		1.3350000e+02		9.5357088e-01		1.7204738e-147		2.2733229e-148		2.9799481e-147		2.9799481e-147		0.0000000e+00
1.3400000e+02		1.3500000e+02		1.3450000e+02		6.5246966e-02		2.5547155e-146		3.4573158e-147		4.4248970e-146		4.4248970e-146		0.0000000e+00
1.3500000e+02		1.3600000e+02		1.3550000e+02		1.3692679e-01		3.6443780e-145		5.0495304e-146		6.3122479e-145		6.3122479e-145		0.0000000e+00
1.3600000e+02		1.3700000e+02		1.3650000e+02		8.9861989e-02		4.9988994e-144		7.0889815e-145		8.6583477e-144		8.6583477e-144		0.0000000e+00
1.3700000e+02		1.3800000e+02		1.3750000e+02		9.2282630e-02		6.5988433e-143		9.5744378e-144		1.1429532e-142		1.1429532e-142		0.0000000e+00
1.3800000e+02		1.3900000e+02		1.3850000e+02		9.4180145e-02		8.3900659e-142		1.2450996e-142		1.4532020e-141		1.4532020e-141		0.0000000e+00
1.3900000e+02		1.4000000e+02		1.3950000e+02		3.1801144e-01		1.0282964e-140		1.5603089e-141		1.7810617e-140		1.7810617e-140		0.0000000e+00
1.4000000e+02		1.4100000e+02		1.4050000e+02		2.7729440e-01		1.2158163e-139		1.8857192e-140		2.1058556e-139		2.1058556e-139		0.0000000e+00
1.4100000e+02		1.4200000e+02		1.4150000e+02		1.3359910e-01		1.3878605e-138		2.1995703e-139		2.4038450e-138		2.4038450e-138		0.0000000e+00
1.4200000e+02		1.4300000e+02		1.4250000e+02		1.4479671e-01		1.5306440e-137		2.4780961e-138		2.6511532e-137		2.6511532e-137		0.0000000e+00
1.4300000e+02		1.4400000e+02		1.4350000e+02		1.6064305e-01		1.6321737e-136		2.6985716e-137		2.8270078e-136		2.8270078e-136		0.0000000e+00
1.4400000e+02		1.4500000e+02		1.4450000e+02		1.5363637e-01		1.6839413e-135		2.8424477e-136		2.9166718e-135		2.9166718e-135		0.0000000e+00
1.4500000e+02		1.4600000e+02		1.4550000e+02		1.6382583e-01		1.6821011e-134		2.8979612e-135		2.9134846e-134		2.9134846e-134		0.0000000e+00
1.4600000e+02		1.4700000e+02		1.4650000e+02		1.9977093e-01		1.6279085e-133		2.8617047e-134		2.8196202e-133		2.8196202e-133		0.0000000e+00
1.4700000e+02		1.4800000e+02		1.4750000e+02		2.4643334e-01		1.5273582e-132		2.7388735e-133		2.6454620e-132		2.6454620e-132		0.0000000e+00
1.4800000e+02		1.4900000e+02		1.4850000e+02		2.4167300e-01		1.3901370e-131		2.5421966e-132		2.4077879e-131		2.4077879e-131		0.0000000e+00
1.4900000e+02		1.5000000e+02		1.4950000e+02		2.1832777e-01		1.2281332e-130		2.2898343e-131		2.1271892e-130		2.1271892e-130		0.0000000e+00
1.5000000e+02		1.5100000e+02		1.5050000e+02		2.4023073e-01		1.0538115e-129		2.0027068e-130		1.8252550e-129		1.8252550e-129		0.0000000e+00
1.5100000e+02		1.5200000e+02		1.5150000e+02		2.5258505e-01		8.7874213e-129		1.7017775e-129		1.5220260e-128		1.5220260e-128		0.0000000e+00
1.5200000e+02		1.5300000e+02		1.5250000e+02		3.2229547e-01		7.1250184e-128		1.4057476e-128		1.2340894e-127		1.2340894e-127		0.0000000e+00
1.5300000e+02		1.5400000e+02		1.5350000e+02		3.5701286e-01		5.6205022e-127		1.1294623e-127		9.7349953e-127		9.7349953e-127		0.0000000e+00
1.5400000e+02		1.5500000e+02		1.5450000e+02		9.5486931e-01		4.3157987e-126		8.8314147e-127		7.4751826e-126		7.4751826e-126		0.0000000e+00
1.5500000e+02		1.5600000e+02		1.5550000e+02		7.8587524e-01		3.2275317e-125		6.7237467e-126		5.5902489e-125		5.5902489e-125		0.0000000e+00
1.5600000e+02		1.5700000e+02		1.5650000e+02		4.6648084e-01		2.3519262e-124		4.9869777e-125		4.0736557e-124		4.0736557e-124		0.0000000e+00
1.5700000e+02		1.5800000e+02		1.5750000e+02		4.2309893e-01		1.6708434e-123		3.6051669e-124		2.8939856e-123		2.8939856e-123		0.0000000e+00
1.5800000e+02		1.5900000e+02		1.5850000e+02		3.9008072e-01		1.1577537e-122		2.5414791e-123		2.0052883e-122		2.0052883e-122		0.0000000e+00
1.5900000e+02		1.6000000e+02		1.5950000e+02		3.8042347e-01		7.8283315e-122		1.7479420e-122		1.3559068e-121		1.3559068e-121		0.0000000e+00
1.6000000e+02		1.6100000e+02		1.6050000e+02		4.1635449e-01		5.1676619e-121		1.1734043e-121		8.9506529e-121		8.9506529e-121		0.0000000e+00
1.6100000e+02		1.6200000e+02		1.6150000e+02		4.7164413e-01		3.3318472e-120		7.6920916e-121		5.7709286e-120		5.7709286e-120		0.0000000e+00
1.6200000e+02		1.6300000e+02		1.6250000e+02		5.2241459e-01		2.0990919e-119		4.9261596e-120		3.6357339e-119		3.6357339e-119		0.0000000e+00
1.6300000e+02		1.6400000e+02		1.6350000e+02		1.1072121e+00		1.2927608e-118		3.0833737e-119		2.2391273e-118		2.2391273e-118		0.0000000e+00
1.6400000e+02		1.6500000e+02		1.6450000e+02		1.1323318e+00		7.7862009e-118		1.8870325e-118		1.3486096e-117		1.3486096e-117		0.0000000e+00
1.6500000e+02		1.6600000e+02		1.6550000e+02		1.3255566e+00		4.5880629e-117		1.1296545e-117		7.9467581e-117		7.9467581e-117		0.0000000e+00
1.6600000e+02		1.6700000e+02		1.6650000e+02		6.2522883e-01		2.6460706e-116		6.6175637e-117		4.5831287e-116		4.5831287e-116		0.0000000e+00
1.6700000e+02		1.6800000e+02		1.6750000e+02		6.6723830e-01		1.4942027e-115		3.7949486e-116		2.5880350e-115		2.5880350e-115		0.0000000e+00
1.6800000e+02		1.6900000e+02		1.6850000e+02		7.1904320e-01		8.2645005e-115		2.1312484e-115		1.4314535e-114		1.4314535e-114		0.0000000e+00
1.6900000e+02		1.7000000e+02		1.6950000e+02		9.0554889e-01		4.4790251e-114		1.1725833e-114		7.7578990e-114		7.7578990e-114		0.0000000e+00
1.7000000e+02		1.7100000e+02		1.7050000e+02		1.0161854e+00		2.3793869e-113		6.3225496e-114		4.1212190e-113		4.1212190e-113		0.0000000e+00
1.7100000e+02		1.7200000e+02		1.7150000e+02		1.0130704e+00		1.2394074e-112		3.3422071e-113		2.1467167e-112		2.1467167e-112		0.0000000e+00
1.7200000e+02		1.7300000e+02		1.7250000e+02		1.0571150e+00		6.3325608e-112		1.7326752e-112		1.0968317e-111		1.0968317e-111		0.0000000e+00
1.7300000e+02		1.7400000e+02		1.7350000e+02		1.0479596e+00		3.1747256e-111		8.8123214e-112		5.4987861e-111		5.4987861e-111		0.0000000e+00
1.7400000e+02		1.7500000e+02		1.7450000e+02		1.2530722e+00		1.5622000e-110		4.3984143e-111		2.7058098e-110		2.7058098e-110		0.0000000e+00
1.7500000e+02		1.7600000e+02		1.7550000e+02		1.4954862e+00		7.5475781e-110		2.1551366e-110		1.3072789e-109		1.3072789e-109		0.0000000e+00
1.7600000e+02		1.7700000e+02		1.7650000e+02		1.6135596e+00		3.5814401e-109		1.0369620e-109		6.2032362e-109		6.2032362e-109		0.0000000e+00
1.7700000e+02		1.7800000e+02		1.7750000e+02		1.9010195e+00		1.6696199e-108		4.9011077e-109		2.8918665e-108		2.8918665e-108		0.0000000e+00
1.7800000e+02		1.7900000e+02		1.7850000e+02		2.0776624e+00		7.6492153e-108		2.2761441e-108		1.3248830e-107		1.3248830e-107		0.0000000e+00
1.7900000e+02		1.8000000e+02		1.7950000e+02		2.0198657e+00		3.4449307e-107		1.0389805e-107		5.9667949e-107		5.9667949e-107		0.0000000e+00
1.8000000e+02		1.8100000e+02		1.8050000e+02		2.4976225e+00		1.5255785e-106		4.6627475e-107		2.6423795e-106		2.6423795e-106		0.0000000e+00
1.8100000e+02		1.8200000e+02		1.8150000e+02		3.0410490e+00		6.6450179e-106		2.0579082e-106		1.1509509e-105		1.1509509e-105		0.0000000e+00
1.8200000e+02		1.8300000e+02		1.8250000e+02		2.8073836e+00		2.8475698e-105		8.9347058e-106		4.9321356e-105		4.9321356e-105		0.0000000e+00
1.8300000e+02		1.8400000e+02		1.8350000e+02		2.9562417e+00		1.2009268e-104		3.8169656e-105		2.0800663e-104		2.0800663e-104		0.0000000e+00
1.8400000e+02		1.8500000e+02		1.8450000e+02		2.5409769e+00		4.9850941e-104		1.6049490e-104		8.6344363e-104		8.6344363e-104		0.0000000e+00
1.8500000e+02		1.8600000e+02		1.8550000e+02		2.8735562e+00		2.0377555e-103		6.6437087e-104		3.5294961e-103		3.5294961e-103		0.0000000e+00
1.8600000e+02		1.8700000e+02		1.8650000e+02		3.2604304e+00		8.2017782e-103		2.7082761e-103		1.4205897e-102		1.4205897e-102		0.0000000e+00
1.8700000e+02		1.8800000e+02		1.8750000e+02		3.6946466e+00		3.2526796e-102		1.0874110e-102		5.6338064e-102		5.6338064e-102		0.0000000e+00
1.8800000e+02		1.8900000e+02		1.8850000e+02		3.8870616e+00		1.2705440e-101		4.3017811e-102		2.2006468e-101		2.2006468e-101		0.0000000e+00
1.8900000e+02		1.9000000e+02		1.8950000e+02		4.3106081e+00		4.8930168e-101		1.6769589e-101		8.4749536e-101		8.4749536e-101		0.0000000e+00
1.9000000e+02		1.9100000e+02		1.9050000e+02		4.4384288e+00		1.8565081e-100		6.4441244e-101		3.2155663e-100		3.2155663e-100		0.0000000e+00
1.9100000e+02		1.9200000e+02		1.9150000e+02		4.8094361e+00		6.9466474e-100		2.4413671e-100		1.2031946e-99		1.2031946e-99		0.0000000e+00
1.9200000e+02		1.9300000e+02		1.9250000e+02		5.0365493e+00		2.5632389e-99		9.1209555e-100		4.4396601e-99		4.4396601e-99		0.0000000e+00
1.9300000e+02		1.9400000e+02		1.9350000e+02		3.8447944e+00		9.3236396e-99		3.3613207e-99		1.6149017e-98		1.6149017e-98		0.0000000e+00
1.9400000e+02		1.9500000e+02		1.9450000e+02		6.1679797e+00		3.3466375e-98		1.2220594e-98		5.7965462e-98		5.7965462e-98		0.0000000e+00
1.9500000e+02		1.9600000e+02		1.9550000e+02		5.9528271e+00		1.1831882e-97		4.3851694e-98		2.0493422e-97		2.0493422e-97		0.0000000e+00
1.9600000e+02		1.9700000e+02		1.9650000e+02		6.5508102e+00		4.1318523e-97		1.5529009e-97		7.1565782e-97		7.1565782e-97		0.0000000e+00
1.9700000e+02		1.9800000e+02		1.9750000e+02		6.5190955e+00		1.4220935e-96		5.4297111e-97		2.4631382e-96		2.4631382e-96		0.0000000e+00
1.9800000e+02		1.9900000e+02		1.9850000e+02		6.3883794e+00		4.8110939e-96		1.8754968e-96		8.3330590e-96		8.3330590e-96		0.0000000e+00
1.9900000e+02		2.0000000e+02		1.9950000e+02		6.7274707e+00		1.6008807e-95		6.4005446e-96		2.7728067e-95		2.7728067e-95		0.0000000e+00
2.0000000e+02		2.0100000e+02		2.0050000e+02		7.1125146e+00		5.2292187e-95		2.1590960e-95		9.0572725e-95		9.0572725e-95		0.0000000e+00
2.0100000e+02		2.0200000e+02		2.0150000e+02		7.5701275e+00		1.5631934e-94		7.2779762e-95		2.7075304e-94		2.7075304e-94		0.0000000e+00
2.0200000e+02		2.0300000e+02		2.0250000e+02		7.4828608e+00		4.9257999e-94		2.4077799e-94		8.5317357e-94		8.5317357e-94		0.0000000e+00
2.0300000e+02		2.0400000e+02		2.0350000e+02		8.0092047e+00		1.4158430e-93		8.1839302e-94		2.4523120e-93		2.4523120e-93		0.0000000e+00
2.0400000e+02		2.0500000e+02		2.0450000e+02		8.6207445e+00		2.2049792e-03		6.7567677e-02		3.8191360e-03		3.8191360e-03		0.0000000e+00
2.0500000e+02		2.0600000e+02		2.0550000e+02		8.6400754e+00		2.2592527e-03		6.8472960e-02		3.9131404e-03		3.9131404e-03		0.0000000e+00
2.0600000e+02		2.0700000e+02		2.0650000e+02		8.6510225e+00		2.3123107e-03		6.9318403e-02		4.0050396e-03		4.0050396e-03		0.0000000e+00
2.0700000e+02		2.0800000e+02		2.0750000e+02		9.3957826e+00		2.5667746e-03		7.6114273e-02		4.4457840e-03		4.4457840e-03		0.0000000e+00
2.0800000e+02		2.0900000e+02		2.0850000e+02		1.0163489e+01		2.8373887e-03		8.3234012e-02		4.9145014e-03		4.9145014e-03		0.0000000e+00
2.0900000e+02		2.1000000e+02		2.0950000e+02		1.3129215e+01		3.7452589e-03		1.0869130e-01		6.4869788e-03		6.4869788e-03		0.0000000e+00
2.1000000e+02		2.1100000e+02		2.1050000e+02		1.6183343e+01		4.7165545e-03		1.3542403e-01		8.1693120e-03		8.1693120e-03		0.0000000e+00
2.1100000e+02		2.1200000e+02		2.1150000e+02		1.8424170e+01		5.4853600e-03		1.5583343e-01		9.5009223e-03		9.5009223e-03		0.0000000e+00
2.1200000e+02		2.1300000e+02		2.1250000e+02		1.6428561e+01		4.9960294e-03		1.4044023e-01		8.6533767e-03		8.6533767e-03		0.0000000e+00
2.1300000e+02		2.1400000e+02		2.1350000e+02		1.6737981e+01		5.1985835e-03		1.4460680e-01		9.0042108e-03		9.0042108e-03		0.0000000e+00
2.1400000e+02		2.1500000e+02		2.1450000e+02		2.1432541e+01		6.7976835e-03		1.8712319e-01		1.1773933e-02		1.1773933e-02		0.0000000e+00
2.1500000e+02		2.1600000e+02		2.1550000e+02		1.8408135e+01		5.9614484e-03		1.6240783e-01		1.0325532e-02		1.0325532e-02		0.0000000e+00
2.1600000e+02		2.1700000e+02		2.1650000e+02		1.7036901e+01		5.6329679e-03		1.5188197e-01		9.7565865e-03		9.7565865e-03		0.0000000e+00
2.1700000e+02		2.1800000e+02		2.1750000e+02		1.7640866e+01		5.9541772e-03		1.5890204e-01		1.0312937e-02		1.0312937e-02		0.0000000e+00
2.1800000e+02		2.1900000e+02		2.1850000e+02		2.3730294e+01		8.1754412e-03		2.1596453e-01		1.4160280e-02		1.4160280e-02		0.0000000e+00
2.1900000e+02		2.2000000e+02		2.1950000e+02		2.5052511e+01		8.8088082e-03		2.3034370e-01		1.5257303e-02		1.5257303e-02		0.0000000e+00
2.2000000e+02		2.2100000e+02		2.2050000e+02		2.5203754e+01		9.0435935e-03		2.3410591e-01		1.5663963e-02		1.5663963e-02		0.0000000e+00
2.2100000e+02		2.2200000e+02		2.2150000e+02		2.0176768e+01		7.3873714e-03		1.8932038e-01		1.2795303e-02		1.2795303e-02		0.0000000e+00
2.2200000e+02		2.2300000e+02		2.2250000e+02		2.7154039e+01		1.0143514e-02		2.5736866e-01		1.7569082e-02		1.7569082e-02		0.0000000e+00
2.2300000e+02		2.2400000e+02		2.2350000e+02		3.5163062e+01		1.3400159e-02		3.3663590e-01		2.3209757e-02		2.3209757e-02		0.0000000e+00
2.2400000e+02		2.2500000e+02		2.2450000e+02		3.2875934e+01		1.2779821e-02		3.1789353e-01		2.2135300e-02		2.2135300e-02		0.0000000e+00
2.2500000e+02		2.2600000e+02		2.2550000e+02		2.8720078e+01		1.1387026e-02		2.8047659e-01		1.9722907e-02		1.9722907e-02		0.0000000e+00
2.2600000e+02		2.2700000e+02		2.2650000e+02		2.1037217e+01		8.5064052e-03		2.0748395e-01		1.4733526e-02		1.4733526e-02		0.0000000e+00
2.2700000e+02		2.2800000e+02		2.2750000e+02		2.0463841e+01		8.4378844e-03		2.0381992e-01		1.4614844e-02		1.4614844e-02		0.0000000e+00
2.2800000e+02		2.2900000e+02		2.2850000e+02		2.8509984e+01		1.1986380e-02		2.8674640e-01		2.0761019e-02		2.0761019e-02		0.0000000e+00
2.2900000e+02		2.3000000e+02		2.2950000e+02		2.5620938e+01		1.0982146e-02		2.6020526e-01		1.9021634e-02		1.9021634e-02		0.0000000e+00
2.3000000e+02		2.3100000e+02		2.3050000e+02		2.9055844e+01		1.2696490e-02		2.9795681e-01		2.1990966e-02		2.1990966e-02		0.0000000e+00
2.3100000e+02		2.3200000e+02		2.3150000e+02		2.7387429e+01		1.2198792e-02		2.8356250e-01		2.1128928e-02		2.1128928e-02		0.0000000e+00
2.3200000e+02		2.3300000e+02		2.3250000e+02		2.9413108e+01		1.3353025e-02		3.0746477e-01		2.3128117e-02		2.3128117e-02		0.0000000e+00
2.3300000e+02		2.3400000e+02		2.3350000e+02		2.6543685e+01		1.2280932e-02		2.8012505e-01		2.1271198e-02		2.1271198e-02		0.0000000e+00
2.3400000e+02		2.3500000e+02		2.3450000e+02		2.3194371e+01		1.0935602e-02		2.4710937e-01		1.8941019e-02		1.8941019e-02		0.0000000e+00
2.3500000e+02		2.3600000e+02		2.3550000e+02		3.1223226e+01		1.4999851e-02		3.3579954e-01		2.5980504e-02		2.5980504e-02		0.0000000e+00
2.3600000e+02		2.3700000e+02		2.3650000e+02		2.8911473e+01		1.4151026e-02		3.1386889e-01		2.4510295e-02		2.4510295e-02		0.0000000e+00
2.3700000e+02		2.3800000e+02		2.3750000e+02		3.0878004e+01		1.5396971e-02		3.3836327e-01		2.6668336e-02		2.6668336e-02		0.0000000e+00
2.3800000e+02		2.3900000e+02		2.3850000e+02		2.5598090e+01		1.3002363e-02		2.8312481e-01		2.2520753e-02		2.2520753e-02		0.0000000e+00
2.3900000e+02		2.4000000e+02		2.3950000e+02		2.7890834e+01		1.4429972e-02		3.1135000e-01		2.4993445e-02		2.4993445e-02		0.0000000e+00
2.4000000e+02		2.4100000e+02		2.4050000e+02		2.5623038e+01		1.3501591e-02		2.8867940e-01		2.3385441e-02		2.3385441e-02		0.0000000e+00
2.4100000e+02		2.4200000e+02		2.4150000e+02		3.0005079e+01		1.6101295e-02		3.4116052e-01		2.7888262e-02		2.7888262e-02		0.0000000e+00
2.4200000e+02		2.4300000e+02		2.4250000e+02		4.1301739e+01		2.2568770e-02		4.7390616e-01		3.9090257e-02		3.9090257e-02		0.0000000e+00
2.4300000e+02		2.4400000e+02		2.4350000e+02		3.8791639e+01		2.1583077e-02		4.4916255e-01		3.7382985e-02		3.7382985e-02		0.0000000e+00
2.4400000e+02		2.4500000e+02		2.4450000e+02		3.6329084e+01		2.0579170e-02		4.2446592e-01		3.5644168e-02		3.5644168e-02		0.0000000e+00
2.4500000e+02		2.4600000e+02		2.4550000e+02		2.9476122e+01		1.6998274e-02		3.4750692e-01		2.9441874e-02		2.9441874e-02		0.0000000e+00
2.4600000e+02		2.4700000e+02		2.4650000e+02		2.8685918e+01		1.6839435e-02		3.4123102e-01		2.9166756e-02		2.9166756e-02		0.0000000e+00
2.4700000e+02		2.4800000e+02		2.4750000e+02		3.1678139e+01		1.8928068e-02		3.8019655e-01		3.2784375e-02		3.2784375e-02		0.0000000e+00
2.4800000e+02		2.4900000e+02		2.4850000e+02		2.5406301e+01		1.5450404e-02		3.0763871e-01		2.6760884e-02		2.6760884e-02		0.0000000e+00
2.4900000e+02		2.5000000e+02		2.4950000e+02		3.0967514e+01		1.9165527e-02		3.7830265e-01		3.3195667e-02		3.3195667e-02		0.0000000e+00
2.5000000e+02		2.5100000e+02		2.5050000e+02		3.3448743e+01		2.1065649e-02		4.1221989e-01		3.6486775e-02		3.6486775e-02		0.0000000e+00
2.5100000e+02		2.5200000e+02		2.5150000e+02		2.7888154e+01		1.7871473e-02		3.4671114e-01		3.0954299e-02		3.0954299e-02		0.0000000e+00
2.5200000e+02		2.5300000e+02		2.5250000e+02		2.5069906e+01		1.6345720e-02		3.1440003e-01		2.8311618e-02		2.8311618e-02		0.0000000e+00
2.5300000e+02		2.5400000e+02		2.5350000e+02		3.1592540e+01		2.0956186e-02		3.9964960e-01		3.6297179e-02		3.6297179e-02		0.0000000e+00
2.5400000e+02		2.5500000e+02		2.5450000e+02		3.5730773e+01		2.4110839e-02		4.5591668e-01		4.1761198e-02		4.1761198e-02		0.0000000e+00
2.5500000e+02		2.5600000e+02		2.5550000e+02		4.8755658e+01		3.3465963e-02		6.2747980e-01		5.7964748e-02		5.7964748e-02		0.0000000e+00
2.5600000e+02		2.5700000e+02		2.5650000e+02		6.2803876e+01		4.3846975e-02		8.1522300e-01		7.5945188e-02		7.5945188e-02		0.0000000e+00
2.5700000e+02		2.5800000e+02		2.5750000e+02		7.8843355e+01		5.5983489e-02		1.0321767e+00		9.6966248e-02		9.6966248e-02		0.0000000e+00
2.5800000e+02		2.5900000e+02		2.5850000e+02		8.2991293e+01		5.9928881e-02		1.0957321e+00		1.0379987e-01		1.0379987e-01		0.0000000e+00
2.5900000e+02		2.6000000e+02		2.5950000e+02		7.0629481e+01		5.1863975e-02		9.4042633e-01		8.9831041e-02		8.9831041e-02		0.0000000e+00
2.6000000e+02		2.6100000e+02		2.6050000e+02		5.7868388e+01		4.3208083e-02		7.7701833e-01		7.4838596e-02		7.4838596e-02		0.0000000e+00
2.6100000e+02		2.6200000e+02		2.6150000e+02		5.9092703e+01		4.4861032e-02		8.0012747e-01		7.7701587e-02		7.7701587e-02		0.0000000e+00
2.6200000e+02		2.6300000e+02		2.6250000e+02		7.0528613e+01		5.4435320e-02		9.6296520e-01		9.4284740e-02		9.4284740e-02		0.0000000e+00
2.6300000e+02		2.6400000e+02		2.6350000e+02		1.0614195e+02		8.3281982e-02		1.4612915e+00		1.4424862e-01		1.4424862e-01		0.0000000e+00
2.6400000e+02		2.6500000e+02		2.6450000e+02		1.6548208e+02		1.3198735e-01		2.2971538e+00		2.2860880e-01		2.2860880e-01		0.0000000e+00
2.6500000e+02		2.6600000e+02		2.6550000e+02		1.7356948e+02		1.4071523e-01		2.4293309e+00		2.4372593e-01		2.4372593e-01		0.0000000e+00
2.6600000e+02		2.6700000e+02		2.6650000e+02		1.6826276e+02		1.3864733e-01		2.3744365e+00		2.4014422e-01		2.4014422e-01		0.0000000e+00
2.6700000e+02		2.6800000e+02		2.6750000e+02		1.6940220e+02		1.4186259e-01		2.4101052e+00		2.4571322e-01		2.4571322e-01		0.0000000e+00
2.6800000e+02		2.6900000e+02		2.6850000e+02		1.6778062e+02		1.4278607e-01		2.4065144e+00		2.4731273e-01		2.4731273e-01		0.0000000e+00
2.6900000e+02		2.7000000e+02		2.6950000e+02		1.5737310e+02		1.3609428e-01		2.2755811e+00		2.3572221e-01		2.3572221e-01		0.0000000e+00
2.7000000e+02		2.7100000e+02		2.7050000e+02		1.8181465e+02		1.5976217e-01		2.6502778e+00		2.7671619e-01		2.7671619e-01		0.0000000e+00
2.7100000e+02		2.7200000e+02		2.7150000e+02		1.5108640e+02		1.3488907e-01		2.2201090e+00		2.3363472e-01		2.3363472e-01		0.0000000e+00
2.7200000e+02		2.7300000e+02		2.7250000e+02		1.2154404e+02		1.1024584e-01		1.8003412e+00		1.9095140e-01		1.9095140e-01		0.0000000e+00
2.7300000e+02		2.7400000e+02		2.7350000e+02		1.2960124e+02		1.1942246e-01		1.9350334e+00		2.0684576e-01		2.0684576e-01		0.0000000e+00
2.7400000e+02		2.7500000e+02		2.7450000e+02		8.9183780e+01		8.3479986e-02		1.3421758e+00		1.4459158e-01		1.4459158e-01		0.0000000e+00
2.7500000e+02		2.7600000e+02		2.7550000e+02		1.1893609e+02		1.1308406e-01		1.8041291e+00		1.9586733e-01		1.9586733e-01		0.0000000e+00
2.7600000e+02		2.7700000e+02		2.7650000e+02		1.6564211e+02		1.5996373e-01		2.5324532e+00		2.7706532e-01		2.7706532e-01		0.0000000e+00
2.7700000e+02		2.7800000e+02		2.7750000e+02		1.5837296e+02		1.5533414e-01		2.4403653e+00		2.6904663e-01		2.6904663e-01		0.0000000e+00
2.7800000e+02		2.7900000e+02		2.7850000e+02		1.0921797e+02		1.0878961e-01		1.6961240e+00		1.8842912e-01		1.8842912e-01		0.0000000e+00
2.7900000e+02		2.8000000e+02		2.7950000e+02		6.1368404e+01		6.2075188e-02		9.6047195e-01		1.0751738e-01		1.0751738e-01		0.0000000e+00
2.8000000e+02		2.8100000e+02		2.8050000e+02		6.7313201e+01		6.9139479e-02		1.0617034e+00		1.1975309e-01		1.1975309e-01		0.0000000e+00
2.8100000e+02		2.8200000e+02		2.8150000e+02		1.3943196e+02		1.4541654e-01		2.2162325e+00		2.5186883e-01		2.5186883e-01		0.0000000e+00
2.8200000e+02		2.8300000e+02		2.8250000e+02		1.8983287e+02		2.0101185e-01		3.0406149e+00		3.4816274e-01		3.4816274e-01		0.0000000e+00
2.8300000e+02		2.8400000e+02		2.8350000e+02		1.9610227e+02		2.1081671e-01		3.1651678e+00		3.6514526e-01		3.6514526e-01		0.0000000e+00
2.8400000e+02		2.8500000e+02		2.8450000e+02		1.4459284e+02		1.5780290e-01		2.3516476e+00		2.7332263e-01		2.7332263e-01		0.0000000e+00
2.8500000e+02		2.8600000e+02		2.8550000e+02		9.2944992e+01		1.0297072e-01		1.5231761e+00		1.7835052e-01		1.7835052e-01		0.0000000e+00
2.8600000e+02		2.8700000e+02		2.8650000e+02		1.9045522e+02		2.1417770e-01		3.1448728e+00		3.7096665e-01		3.7096665e-01		0.0000000e+00
2.8700000e+02		2.8800000e+02		2.8750000e+02		2.2108403e+02		2.5235188e-01		3.6782497e+00		4.3708628e-01		4.3708628e-01		0.0000000e+00
2.8800000e+02		2.8900000e+02		2.8850000e+02		2.1010240e+02		2.4340104e-01		3.5218927e+00		4.2158297e-01		4.2158297e-01		0.0000000e+00
2.8900000e+02		2.9000000e+02		2.8950000e+02		3.1885068e+02		3.7488291e-01		5.3849474e+00		6.4931625e-01		6.4931625e-01		0.0000000e+00
2.9000000e+02		2.9100000e+02		2.9050000e+02		4.1860542e+02		4.9946474e-01		7.1225552e+00		8.6509831e-01		8.6509831e-01		0.0000000e+00
2.9100000e+02		2.9200000e+02		2.9150000e+02		4.0318642e+02		4.8817169e-01		6.9113306e+00		8.4553818e-01		8.4553818e-01		0.0000000e+00
2.9200000e+02		2.9300000e+02		2.9250000e+02		3.5818014e+02		4.4005821e-01		6.1854333e+00		7.6220317e-01		7.6220317e-01		0.0000000e+00
2.9300000e+02		2.9400000e+02		2.9350000e+02		3.7393440e+02		4.6614536e-01		6.5052656e+00		8.0738744e-01		8.0738744e-01		0.0000000e+00
2.9400000e+02		2.9500000e+02		2.9450000e+02		3.4819581e+02		4.4039502e-01		6.1021430e+00		7.6278655e-01		7.6278655e-01		0.0000000e+00
2.9500000e+02		2.9600000e+02		2.9550000e+02		3.7701055e+02		4.8377235e-01		6.6556412e+00		8.3791829e-01		8.3791829e-01		0.0000000e+00
2.9600000e+02		2.9700000e+02		2.9650000e+02		3.4493460e+02		4.4902337e-01		6.1339347e+00		7.7773128e-01		7.7773128e-01		0.0000000e+00
2.9700000e+02		2.9800000e+02		2.9750000e+02		3.5165811e+02		4.6438010e-01		6.2990861e+00		8.0432993e-01		8.0432993e-01		0.0000000e+00
2.9800000e+02		2.9900000e+02		2.9850000e+02		3.0223333e+02		4.0484840e-01		5.4530866e+00		7.0121799e-01		7.0121799e-01		0.0000000e+00
2.9900000e+02		3.0000000e+02		2.9950000e+02		3.4101318e+02		4.6333471e-01		6.1973074e+00		8.0251926e-01		8.0251926e-01		0.0000000e+00
3.0000000e+02		3.0100000e+02		3.0050000e+02		2.7131061e+02		3.7388731e-01		4.9661438e+00		6.4759181e-01		6.4759181e-01		0.0000000e+00
3.0100000e+02		3.0200000e+02		3.0150000e+02		3.1202593e+02		4.3610569e-01		5.7524482e+00		7.5535721e-01		7.5535721e-01		7.3966568e-318
3.0200000e+02		3.0300000e+02		3.0250000e+02		3.2846528e+02		4.6558038e-01		6.0988787e+00		8.0640887e-01		8.0640887e-01		2.3492974e-313
3.0300000e+02		3.0400000e+02		3.0350000e+02		4.2601061e+02		6.1236016e-01		7.9665173e+00		1.0606389e+00		1.0606389e+00		7.6652130e-309
3.0400000e+02		3.0500000e+02		3.0450000e+02		4.0776836e+02		5.9437250e-01		7.6795950e+00		1.0294834e+00		1.0294834e+00		1.5450201e-304
3.0500000e+02		3.0600000e+02		3.0550000e+02		4.1174793e+02		6.0857318e-01		7.8094809e+00		1.0540797e+00		1.0540797e+00		2.7603798e-300
3.0600000e+02		3.0700000e+02		3.0650000e+02		3.9053943e+02		5.8527523e-01		7.4595202e+00		1.0137264e+00		1.0137264e+00		3.9066294e-296
3.0700000e+02		3.0800000e+02		3.0750000e+02		4.3847484e+02		6.6624146e-01		8.4340340e+00		1.1539641e+00		1.1539641e+00		5.5389204e-292
3.0800000e+02		3.0900000e+02		3.0850000e+02		4.3035211e+02		6.6294979e-01		8.3358283e+00		1.1482627e+00		1.1482627e+00		5.8304377e-288
3.0900000e+02		3.1000000e+02		3.0950000e+02		3.4901328e+02		5.4506279e-01		6.8075446e+00		9.4407645e-01		9.4407645e-01		4.3216840e-284
3.1000000e+02		3.1100000e+02		3.1050000e+02		4.3927411e+02		6.9545078e-01		8.6277494e+00		1.2045561e+00		1.2045561e+00		4.2506813e-280
3.1100000e+02		3.1200000e+02		3.1150000e+02		5.2246540e+02		8.3848057e-01		1.0332908e+01		1.4522910e+00		1.4522910e+00		3.3890484e-276
3.1200000e+02		3.1300000e+02		3.1250000e+02		4.6521908e+02		7.5679157e-01		9.2643603e+00		1.3108015e+00		1.3108015e+00		1.7407195e-272
3.1300000e+02		3.1400000e+02		3.1350000e+02		4.9544367e+02		8.1691173e-01		9.9342480e+00		1.4149326e+00		1.4149326e+00		9.2303454e-269
3.1400000e+02		3.1500000e+02		3.1450000e+02		4.6729179e+02		7.8092621e-01		9.4341249e+00		1.3526039e+00		1.3526039e+00		3.7529033e-265
3.1500000e+02		3.1600000e+02		3.1550000e+02		4.5343123e+02		7.6798610e-01		9.2169599e+00		1.3301909e+00		1.3301909e+00		1.3631193e-261
3.1600000e+02		3.1700000e+02		3.1650000e+02		4.4229406e+02		7.5919325e-01		9.0519113e+00		1.3149613e+00		1.3149613e+00		4.3341800e-258
3.1700000e+02		3.1800000e+02		3.1750000e+02		5.6102832e+02		9.7589857e-01		1.1559980e+01		1.6903059e+00		1.6903059e+00		1.5649468e-254
3.1800000e+02		3.1900000e+02		3.1850000e+02		4.6340678e+02		8.1684651e-01		9.6132016e+00		1.4148197e+00		1.4148197e+00		3.2220409e-251
3.1900000e+02		3.2000000e+02		3.1950000e+02		4.9774832e+02		8.8904898e-01		1.0395351e+01		1.5398780e+00		1.5398780e+00		7.5738834e-248
3.2000000e+02		3.2100000e+02		3.2050000e+02		5.7184857e+02		1.0349385e+00		1.2023324e+01		1.7925661e+00		1.7925661e+00		1.6763508e-244
3.2100000e+02		3.2200000e+02		3.2150000e+02		4.8024660e+02		8.8063378e-01		1.0165118e+01		1.5253024e+00		1.5253024e+00		2.3936019e-241
3.2200000e+02		3.2300000e+02		3.2250000e+02		4.8228681e+02		8.9601242e-01		1.0276581e+01		1.5519390e+00		1.5519390e+00		3.6158546e-238
3.2300000e+02		3.2400000e+02		3.2350000e+02		4.6607071e+02		8.7723967e-01		9.9972576e+00		1.5194237e+00		1.5194237e+00		4.6616759e-235
3.2400000e+02		3.2500000e+02		3.2450000e+02		5.4882129e+02		1.0464911e+00		1.1850496e+01		1.8125758e+00		1.8125758e+00		6.5103285e-232
3.2500000e+02		3.2600000e+02		3.2550000e+02		6.3196128e+02		1.2207133e+00		1.3736095e+01		2.1143374e+00		2.1143374e+00		7.9222194e-229
3.2600000e+02		3.2700000e+02		3.2650000e+02		7.1301257e+02		1.3951458e+00		1.5600125e+01		2.4164634e+00		2.4164634e+00		8.4359010e-226
3.2700000e+02		3.2800000e+02		3.2750000e+02		6.8984049e+02		1.3672597e+00		1.5192477e+01		2.3681633e+00		2.3681633e+00		6.8945602e-223
3.2800000e+02		3.2900000e+02		3.2850000e+02		6.6596082e+02		1.3369396e+00		1.4762793e+01		2.3156474e+00		2.3156474e+00		5.0433308e-220
3.2900000e+02		3.3000000e+02		3.2950000e+02		7.7527139e+02		1.5763718e+00		1.7298347e+01		2.7303560e+00		2.7303560e+00		3.9988833e-217
3.3000000e+02		3.3100000e+02		3.3050000e+02		7.3029799e+02		1.5039309e+00		1.6401103e+01		2.6048847e+00		2.6048847e+00		2.3110144e-214
3.3100000e+02		3.3200000e+02		3.3150000e+02		6.9881652e+02		1.4574546e+00		1.5796081e+01		2.5243855e+00		2.5243855e+00		1.2245066e-211
3.3200000e+02		3.3300000e+02		3.3250000e+02		6.8562051e+02		1.4481087e+00		1.5598200e+01		2.5081978e+00		2.5081978e+00		6.0160530e-209
3.3300000e+02		3.3400000e+02		3.3350000e+02		6.5878216e+02		1.4090491e+00		1.5084409e+01		2.4405446e+00		2.4405446e+00		2.6228344e-206
3.3400000e+02		3.3500000e+02		3.3450000e+02		6.9405546e+02		1.5032355e+00		1.5994394e+01		2.6036802e+00		2.6036802e+00		1.1381896e-203
3.3500000e+02		3.3600000e+02		3.3550000e+02		6.8541663e+02		1.5032034e+00		1.5896694e+01		2.6036246e+00		2.6036246e+00		4.2107221e-201
3.3600000e+02		3.3700000e+02		3.3650000e+02		5.6469084e+02		1.2539666e+00		1.3180533e+01		2.1719338e+00		2.1719338e+00		1.1840421e-198
3.3700000e+02		3.3800000e+02		3.3750000e+02		5.9573781e+02		1.3394436e+00		1.3993906e+01		2.3199843e+00		2.3199843e+00		3.8913756e-196
3.3800000e+02		3.3900000e+02		3.3850000e+02		6.4448401e+02		1.4670926e+00		1.5235234e+01		2.5410789e+00		2.5410789e+00		1.1990487e-193
3.3900000e+02		3.4000000e+02		3.3950000e+02		6.7448220e+02		1.5544408e+00		1.6045466e+01		2.6923704e+00		2.6923704e+00		3.2733288e-191
3.4000000e+02		3.4100000e+02		3.4050000e+02		7.1196374e+02		1.6611244e+00		1.7044187e+01		2.8771519e+00		2.8771519e+00		8.2680557e-189
3.4100000e+02		3.4200000e+02		3.4150000e+02		6.4984945e+02		1.5348999e+00		1.5655232e+01		2.6585246e+00		2.6585246e+00		1.6592685e-186
3.4200000e+02		3.4300000e+02		3.4250000e+02		7.0477558e+02		1.6850922e+00		1.7085111e+01		2.9186653e+00		2.9186653e+00		3.6410775e-184
3.4300000e+02		3.4400000e+02		3.4350000e+02		6.9264465e+02		1.6763761e+00		1.6896219e+01		2.9035686e+00		2.9035686e+00		6.6734552e-182
3.4400000e+02		3.4500000e+02		3.4450000e+02		5.5710877e+02		1.3648090e+00		1.3674866e+01		2.3639185e+00		2.3639185e+00		9.2402248e-180
3.4500000e+02		3.4600000e+02		3.4550000e+02		6.7138909e+02		1.6647917e+00		1.6582630e+01		2.8835038e+00		2.8835038e+00		1.7721540e-177
3.4600000e+02		3.4700000e+02		3.4650000e+02		6.5194093e+02		1.6361780e+00		1.6202257e+01		2.8339435e+00		2.8339435e+00		2.5352966e-175
3.4700000e+02		3.4800000e+02		3.4750000e+02		6.4525828e+02		1.6389875e+00		1.6135450e+01		2.8388097e+00		2.8388097e+00		3.4274450e-173
3.4800000e+02		3.4900000e+02		3.4850000e+02		6.6761091e+02		1.7162020e+00		1.6797450e+01		2.9725491e+00		2.9725491e+00		4.4967503e-171
3.4900000e+02		3.5000000e+02		3.4950000e+02		6.3989005e+02		1.6647021e+00		1.6199065e+01		2.8833485e+00		2.8833485e+00		5.0807824e-169
3.5000000e+02		3.5100000e+02		3.5050000e+02		7.6650484e+02		2.0179742e+00		1.9523444e+01		3.4952338e+00		3.4952338e+00		6.6784383e-167
3.5100000e+02		3.5200000e+02		3.5150000e+02		7.1211510e+02		1.8971598e+00		1.8249081e+01		3.2859772e+00		3.2859772e+00		6.3459102e-165
3.5200000e+02		3.5300000e+02		3.5250000e+02		6.5785102e+02		1.7734456e+00		1.6961335e+01		3.0716979e+00		3.0716979e+00		5.5956947e-163
3.5300000e+02		3.5400000e+02		3.5350000e+02		7.5263834e+02		2.0530377e+00		1.9523287e+01		3.5559655e+00		3.5559655e+00		5.7099853e-161
3.5400000e+02		3.5500000e+02		3.5450000e+02		8.0329241e+02		2.2171152e+00		2.0963650e+01		3.8401563e+00		3.8401563e+00		5.0852264e-159
3.5500000e+02		3.5600000e+02		3.5550000e+02		7.5433512e+02		2.1065260e+00		1.9805086e+01		3.6486101e+00		3.6486101e+00		3.7322677e-157
3.5600000e+02		3.5700000e+02		3.5650000e+02		6.5576441e+02		1.8527729e+00		1.7320962e+01		3.2090969e+00		3.2090969e+00		2.3780322e-155
3.5700000e+02		3.5800000e+02		3.5750000e+02		5.7307986e+02		1.6381189e+00		1.5228030e+01		2.8373051e+00		2.8373051e+00		1.4299867e-153
3.5800000e+02		3.5900000e+02		3.5850000e+02		4.9194729e+02		1.4226200e+00		1.3150561e+01		2.4640501e+00		2.4640501e+00		7.9387547e-152
3.5900000e+02		3.6000000e+02		3.5950000e+02		7.1030971e+02		2.0779850e+00		1.9101317e+01		3.5991755e+00		3.5991755e+00		6.9750118e-150
3.6000000e+02		3.6100000e+02		3.6050000e+02		7.0092701e+02		2.0743216e+00		1.8961428e+01		3.5928305e+00		3.5928305e+00		3.9449729e-148
3.6100000e+02		3.6200000e+02		3.6150000e+02		6.5110481e+02		1.9491591e+00		1.7718406e+01		3.3760426e+00		3.3760426e+00		1.9804479e-146
3.6200000e+02		3.6300000e+02		3.6250000e+02		7.3500056e+02		2.2256746e+00		2.0120086e+01		3.8549814e+00		3.8549814e+00		1.1403930e-144
3.6300000e+02		3.6400000e+02		3.6350000e+02		7.1558904e+02		2.1917948e+00		1.9704581e+01		3.7963000e+00		3.7963000e+00		5.3510161e-143
3.6400000e+02		3.6500000e+02		3.6450000e+02		7.4837927e+02		2.3184882e+00		2.0729061e+01		4.0157394e+00		4.0157394e+00		2.5508160e-141
3.6500000e+02		3.6600000e+02		3.6550000e+02		8.5179486e+02		2.6690080e+00		2.3732324e+01		4.6228574e+00		4.6228574e+00		1.2527841e-139
3.6600000e+02		3.6700000e+02		3.6650000e+02		9.1042532e+02		2.8851990e+00		2.5514676e+01		4.9973113e+00		4.9973113e+00		5.4749378e-138
3.6700000e+02		3.6800000e+02		3.6750000e+02		8.7909512e+02		2.8175321e+00		2.4780793e+01		4.8801088e+00		4.8801088e+00		2.0501129e-136
3.6800000e+02		3.6900000e+02		3.6850000e+02		8.1047729e+02		2.6270024e+00		2.2979838e+01		4.5501016e+00		4.5501016e+00		6.9582119e-135
3.6900000e+02		3.7000000e+02		3.6950000e+02		8.9967825e+02		2.9490259e+00		2.5657441e+01		5.1078627e+00		5.1078627e+00		2.7018029e-133
3.7000000e+02		3.7100000e+02		3.7050000e+02		8.4427990e+02		2.7985610e+00		2.4217307e+01		4.8472499e+00		4.8472499e+00		8.4340489e-132
3.7100000e+02		3.7200000e+02		3.7150000e+02		8.7164560e+02		2.9216659e+00		2.5146985e+01		5.0604737e+00		5.0604737e+00		2.7568851e-130
3.7200000e+02		3.7300000e+02		3.7250000e+02		7.2411383e+02		2.4542857e+00		2.1011292e+01		4.2509475e+00		4.2509475e+00		6.9075457e-129
3.7300000e+02		3.7400000e+02		3.7350000e+02		6.3155746e+02		2.1644336e+00		1.8431137e+01		3.7489090e+00		3.7489090e+00		1.7323457e-127
3.7400000e+02		3.7500000e+02		3.7450000e+02		6.4642322e+02		2.2399949e+00		1.8973305e+01		3.8797850e+00		3.8797850e+00		4.8647453e-126
3.7500000e+02		3.7600000e+02		3.7550000e+02		7.4036161e+02		2.5939303e+00		2.1854969e+01		4.4928190e+00		4.4928190e+00		1.4597134e-124
3.7600000e+02		3.7700000e+02		3.7650000e+02		7.6758018e+02		2.7189936e+00		2.2787876e+01		4.7094350e+00		4.7094350e+00		3.7889844e-123
3.7700000e+02		3.7800000e+02		3.7750000e+02		9.0048278e+02		3.2248956e+00		2.6885794e+01		5.5856831e+00		5.5856831e+00		1.0643284e-121
3.7800000e+02		3.7900000e+02		3.7850000e+02		9.3786543e+02		3.3956465e+00		2.8161058e+01		5.8814322e+00		5.8814322e+00		2.5403275e-120
3.7900000e+02		3.8000000e+02		3.7950000e+02		7.6051322e+02		2.7836610e+00		2.2965179e+01		4.8214423e+00		4.8214423e+00		4.5213656e-119
3.8000000e+02		3.8100000e+02		3.8050000e+02		8.2814537e+02		3.0642897e+00		2.5148841e+01		5.3075055e+00		5.3075055e+00		1.0357599e-117
3.8100000e+02		3.8200000e+02		3.8150000e+02		7.4366886e+02		2.7816508e+00		2.2710833e+01		4.8179605e+00		4.8179605e+00		1.8767308e-116
3.8200000e+02		3.8300000e+02		3.8250000e+02		5.3336093e+02		2.0166482e+00		1.6379872e+01		3.4929372e+00		3.4929372e+00		2.6067083e-115
3.8300000e+02		3.8400000e+02		3.8350000e+02		4.7073026e+02		1.7990915e+00		1.4537545e+01		3.1161179e+00		3.1161179e+00		4.2792197e-114
3.8400000e+02		3.8500000e+02		3.8450000e+02		6.2969557e+02		2.4325977e+00		1.9555688e+01		4.2133828e+00		4.2133828e+00		1.0233022e-112
3.8500000e+02		3.8600000e+02		3.8550000e+02		6.6694888e+02		2.6042167e+00		2.0828233e+01		4.5106357e+00		4.5106357e+00		1.8633211e-111
3.8600000e+02		3.8700000e+02		3.8650000e+02		6.6977732e+02		2.6432997e+00		2.1033021e+01		4.5783293e+00		4.5783293e+00		3.0957462e-110
3.8700000e+02		3.8800000e+02		3.8750000e+02		6.6902499e+02		2.6685555e+00		2.1126078e+01		4.6220737e+00		4.6220737e+00		4.9261363e-109
3.8800000e+02		3.8900000e+02		3.8850000e+02		6.7841027e+02		2.7348333e+00		2.1541119e+01		4.7368703e+00		4.7368703e+00		7.6672617e-108
3.8900000e+02		3.9000000e+02		3.8950000e+02		8.1451188e+02		3.3183876e+00		2.6005587e+01		5.7476160e+00		5.7476160e+00		1.3622136e-106
3.9000000e+02		3.9100000e+02		3.9050000e+02		8.5560997e+02		3.5227638e+00		2.7468347e+01		6.1016059e+00		6.1016059e+00		2.0426580e-105
3.9100000e+02		3.9200000e+02		3.9150000e+02		9.2006232e+02		3.8281572e+00		2.9699937e+01		6.6305627e+00		6.6305627e+00		3.0264414e-104
3.9200000e+02		3.9300000e+02		3.9250000e+02		7.0614281e+02		2.9690450e+00		2.2919575e+01		5.1425367e+00		5.1425367e+00		3.0908112e-103
3.9300000e+02		3.9400000e+02		3.9350000e+02		4.3291589e+02		1.8393588e+00		1.4128222e+01		3.1858628e+00		3.1858628e+00		2.4364672e-102
3.9400000e+02		3.9500000e+02		3.9450000e+02		7.1565803e+02		3.0725163e+00		2.3483006e+01		5.3217543e+00		5.3217543e+00		5.0071244e-101
3.9500000e+02		3.9600000e+02		3.9550000e+02		8.7888136e+02		3.8126919e+00		2.8995917e+01		6.6037761e+00		6.6037761e+00		7.3947149e-100
3.9600000e+02		3.9700000e+02		3.9650000e+02		6.0712893e+02		2.6612298e+00		2.0139110e+01		4.6093852e+00		4.6093852e+00		5.9455332e-99
3.9700000e+02		3.9800000e+02		3.9750000e+02		6.8053003e+02		3.0139495e+00		2.2696231e+01		5.2203136e+00		5.2203136e+00		7.5112316e-98
3.9800000e+02		3.9900000e+02		3.9850000e+02		1.0480559e+03		4.6897279e+00		3.5142478e+01		8.1228469e+00		8.1228469e+00		1.2631564e-96
3.9900000e+02		4.0000000e+02		3.9950000e+02		1.1577145e+03		5.2339137e+00		3.9028808e+01		9.0654044e+00		9.0654044e+00		1.4769127e-95
4.0000000e+02		4.0100000e+02		4.0050000e+02		1.1939713e+03		5.4534117e+00		4.0467655e+01		9.4455861e+00		9.4455861e+00		1.5635476e-94
4.0100000e+02		4.0200000e+02		4.0150000e+02		1.2509583e+03		5.7723683e+00		4.2626709e+01		9.9980353e+00		9.9980353e+00		1.6316086e-93
4.0200000e+02		4.0300000e+02		4.0250000e+02		1.2664199e+03		5.9035507e+00		4.3384643e+01		1.0225250e+01		1.0225250e+01		1.5969946e-92
4.0300000e+02		4.0400000e+02		4.0350000e+02		1.2115903e+03		5.7056265e+00		4.1728038e+01		9.8824350e+00		9.8824350e+00		1.4345998e-91
4.0400000e+02		4.0500000e+02		4.0450000e+02		1.1914959e+03		5.6681295e+00		4.1254677e+01		9.8174884e+00		9.8174884e+00		1.2870971e-90
4.0500000e+02		4.0600000e+02		4.0550000e+02		1.1904731e+03		5.7207663e+00		4.1438431e+01		9.9086579e+00		9.9086579e+00		1.1404326e-89
4.0600000e+02		4.0700000e+02		4.0650000e+02		1.1388815e+03		5.5282589e+00		3.9852905e+01		9.5752253e+00		9.5752253e+00		9.4088813e-89
4.0700000e+02		4.0800000e+02		4.0750000e+02		1.1575323e+03		5.6755248e+00		4.0719925e+01		9.8302974e+00		9.8302974e+00		8.0235380e-88
4.0800000e+02		4.0900000e+02		4.0850000e+02		1.2307397e+03		6.0952304e+00		4.3523837e+01		1.0557249e+01		1.0557249e+01		6.9665905e-87
4.0900000e+02		4.1000000e+02		4.0950000e+02		1.2243097e+03		6.1242681e+00		4.3524534e+01		1.0607543e+01		1.0607543e+01		5.5105406e-86
4.1000000e+02		4.1100000e+02		4.1050000e+02		1.1216634e+03		5.6669904e+00		4.0085013e+01		9.8155154e+00		9.8155154e+00		3.9103709e-85
4.1100000e+02		4.1200000e+02		4.1150000e+02		1.3003372e+03		6.6353075e+00		4.6713985e+01		1.1492690e+01		1.1492690e+01		3.4217023e-84
4.1200000e+02		4.1300000e+02		4.1250000e+02		1.2760342e+03		6.5761343e+00		4.6080750e+01		1.1390199e+01		1.1390199e+01		2.4707440e-83
4.1300000e+02		4.1400000e+02		4.1350000e+02		1.2308584e+03		6.4063103e+00		4.4681370e+01		1.1096055e+01		1.1096055e+01		1.7102834e-82
4.1400000e+02		4.1500000e+02		4.1450000e+02		1.2488872e+03		6.5645185e+00		4.5571955e+01		1.1370080e+01		1.1370080e+01		1.2149498e-81
4.1500000e+02		4.1600000e+02		4.1550000e+02		1.2477523e+03		6.6233265e+00		4.5767145e+01		1.1471938e+01		1.1471938e+01		8.2943154e-81
4.1600000e+02		4.1700000e+02		4.1650000e+02		1.2947363e+03		6.9404180e+00		4.7736737e+01		1.2021157e+01		1.2021157e+01		5.7418379e-80
4.1700000e+02		4.1800000e+02		4.1750000e+02		1.1781342e+03		6.3774053e+00		4.3662352e+01		1.1045990e+01		1.1045990e+01		3.4043785e-79
4.1800000e+02		4.1900000e+02		4.1850000e+02		1.2217101e+03		6.6780687e+00		4.5511013e+01		1.1566754e+01		1.1566754e+01		2.2474767e-78
4.1900000e+02		4.2000000e+02		4.1950000e+02		1.2338424e+03		6.8102714e+00		4.6199690e+01		1.1795736e+01		1.1795736e+01		1.4123115e-77
4.2000000e+02		4.2100000e+02		4.2050000e+02		1.2494927e+03		6.9638446e+00		4.7026126e+01		1.2061733e+01		1.2061733e+01		8.7007372e-77
4.2100000e+02		4.2200000e+02		4.2150000e+02		1.2299982e+03		6.9218011e+00		4.6529799e+01		1.1988911e+01		1.1988911e+01		5.0960343e-76
4.2200000e+02		4.2300000e+02		4.2250000e+02		1.1657134e+03		6.6236050e+00		4.4323582e+01		1.1472420e+01		1.1472420e+01		2.8113875e-75
4.2300000e+02		4.2400000e+02		4.2350000e+02		1.2419943e+03		7.1252321e+00		4.7465078e+01		1.2341264e+01		1.2341264e+01		1.7064221e-74
4.2400000e+02		4.2500000e+02		4.2450000e+02		1.2850442e+03		7.4432580e+00		4.9360481e+01		1.2892101e+01		1.2892101e+01		9.8468481e-74
4.2500000e+02		4.2600000e+02		4.2550000e+02		1.2367256e+03		7.2322400e+00		4.7745959e+01		1.2526607e+01		1.2526607e+01		5.1757708e-73
4.2600000e+02		4.2700000e+02		4.2650000e+02		1.2316584e+03		7.2716531e+00		4.7791510e+01		1.2594873e+01		1.2594873e+01		2.7577674e-72
4.2700000e+02		4.2800000e+02		4.2750000e+02		1.1420512e+03		6.8070796e+00		4.4538802e+01		1.1790208e+01		1.1790208e+01		1.3405796e-71
4.2800000e+02		4.2900000e+02		4.2850000e+02		1.1495483e+03		6.9170973e+00		4.5057592e+01		1.1980764e+01		1.1980764e+01		6.9338906e-71
4.2900000e+02		4.3000000e+02		4.2950000e+02		1.0698649e+03		6.4988437e+00		4.2145656e+01		1.1256327e+01		1.1256327e+01		3.2512527e-70
4.3000000e+02		4.3100000e+02		4.3050000e+02		8.6065012e+02		5.2775627e+00		3.4074462e+01		9.1410067e+00		9.1410067e+00		1.2923297e-69
4.3100000e+02		4.3200000e+02		4.3150000e+02		1.0641754e+03		6.5873203e+00		4.2343765e+01		1.1409573e+01		1.1409573e+01		7.7457109e-69
4.3200000e+02		4.3300000e+02		4.3250000e+02		1.1990384e+03		7.4921538e+00		4.7948899e+01		1.2976791e+01		1.2976791e+01		4.1512407e-68
4.3300000e+02		4.3400000e+02		4.3350000e+02		1.3017454e+03		8.2104498e+00		5.2316217e+01		1.4220916e+01		1.4220916e+01		2.1041786e-67
4.3400000e+02		4.3500000e+02		4.3450000e+02		1.1054356e+03		7.0377037e+00		4.4648198e+01		1.2189660e+01		1.2189660e+01		8.1909013e-67
4.3500000e+02		4.3600000e+02		4.3550000e+02		1.2347447e+03		7.9345210e+00		5.0119111e+01		1.3742993e+01		1.3742993e+01		4.1187206e-66
4.3600000e+02		4.3700000e+02		4.3650000e+02		1.3814970e+03		8.9604313e+00		5.6354338e+01		1.5519922e+01		1.5519922e+01		2.0378755e-65
4.3700000e+02		4.3800000e+02		4.3750000e+02		1.2223713e+03		8.0021561e+00		5.0110337e+01		1.3860141e+01		1.3860141e+01		7.8350379e-65
4.3800000e+02		4.3900000e+02		4.3850000e+02		1.1905029e+03		7.8659060e+00		4.9045252e+01		1.3624149e+01		1.3624149e+01		3.2587760e-64
4.3900000e+02		4.4000000e+02		4.3950000e+02		1.3250738e+03		8.8361350e+00		5.4858573e+01		1.5304635e+01		1.5304635e+01		1.5227626e-63
4.4000000e+02		4.4100000e+02		4.4050000e+02		1.2562739e+03		8.4547390e+00		5.2266369e+01		1.4644038e+01		1.4644038e+01		5.9598135e-63
4.4100000e+02		4.4200000e+02		4.4150000e+02		1.3817384e+03		9.3847984e+00		5.7768757e+01		1.6254948e+01		1.6254948e+01		2.6614636e-62
4.4200000e+02		4.4300000e+02		4.4250000e+02		1.4526378e+03		9.9570208e+00		6.1030848e+01		1.7246066e+01		1.7246066e+01		1.1176119e-61
4.4300000e+02		4.4400000e+02		4.4350000e+02		1.4050936e+03		9.7194128e+00		5.9322286e+01		1.6834517e+01		1.6834517e+01		4.2488384e-61
4.4400000e+02		4.4500000e+02		4.4450000e+02		1.4475318e+03		1.0104513e+01		6.1412534e+01		1.7501530e+01		1.7501530e+01		1.6932238e-60
4.4500000e+02		4.4600000e+02		4.4550000e+02		1.3420773e+03		9.4538156e+00		5.7216128e+01		1.6374489e+01		1.6374489e+01		5.9782297e-60
4.4600000e+02		4.4700000e+02		4.4650000e+02		1.3689269e+03		9.7306547e+00		5.8644728e+01		1.6853988e+01		1.6853988e+01		2.2864716e-59
4.4700000e+02		4.4800000e+02		4.4750000e+02		1.4837056e+03		1.0642206e+01		6.3870459e+01		1.8432842e+01		1.8432842e+01		9.1516525e-59
4.4800000e+02		4.4900000e+02		4.4850000e+02		1.4587166e+03		1.0557643e+01		6.3099021e+01		1.8286374e+01		1.8286374e+01		3.2730792e-58
4.4900000e+02		4.5000000e+02		4.4950000e+02		1.4737837e+03		1.0762965e+01		6.4059076e+01		1.8642001e+01		1.8642001e+01		1.1852517e-57
4.5000000e+02		4.5100000e+02		4.5050000e+02		1.5636828e+03		1.1522295e+01		6.8294648e+01		1.9957200e+01		1.9957200e+01		4.4418558e-57
4.5100000e+02		4.5200000e+02		4.5150000e+02		1.5589734e+03		1.1590744e+01		6.8416947e+01		2.0075757e+01		2.0075757e+01		1.5418009e-56
4.5200000e+02		4.5300000e+02		4.5250000e+02		1.4757889e+03		1.1070551e+01		6.5077686e+01		1.9174757e+01		1.9174757e+01		5.0096505e-56
4.5300000e+02		4.5400000e+02		4.5350000e+02		1.4141855e+03		1.0703208e+01		6.2660384e+01		1.8538501e+01		1.8538501e+01		1.6247629e-55
4.5400000e+02		4.5500000e+02		4.5450000e+02		1.5096596e+03		1.1527614e+01		6.7211015e+01		1.9966414e+01		1.9966414e+01		5.7896323e-55
4.5500000e+02		4.5600000e+02		4.5550000e+02		1.4952815e+03		1.1519309e+01		6.6889063e+01		1.9952029e+01		1.9952029e+01		1.8882310e-54
4.5600000e+02		4.5700000e+02		4.5650000e+02		1.5527317e+03		1.2067944e+01		6.9790335e+01		2.0902292e+01		2.0902292e+01		6.3700011e-54
4.5700000e+02		4.5800000e+02		4.5750000e+02		1.5677329e+03		1.2292286e+01		7.0800068e+01		2.1290864e+01		2.1290864e+01		2.0618553e-53
4.5800000e+02		4.5900000e+02		4.5850000e+02		1.4734199e+03		1.1654704e+01		6.6857003e+01		2.0186539e+01		2.0186539e+01		6.1314853e-53
4.5900000e+02		4.6000000e+02		4.5950000e+02		1.5222067e+03		1.2146548e+01		6.9398300e+01		2.1038438e+01		2.1038438e+01		1.9785705e-52
4.6000000e+02		4.6100000e+02		4.6050000e+02		1.5039223e+03		1.2105971e+01		6.8889259e+01		2.0968157e+01		2.0968157e+01		6.0284365e-52
4.6100000e+02		4.6200000e+02		4.6150000e+02		1.5386000e+03		1.2493539e+01		7.0810694e+01		2.1639444e+01		2.1639444e+01		1.8782045e-51
4.6200000e+02		4.6300000e+02		4.6250000e+02		1.5538294e+03		1.2727383e+01		7.1848811e+01		2.2044475e+01		2.2044475e+01		5.7051777e-51
4.6300000e+02		4.6400000e+02		4.6350000e+02		1.5018384e+03		1.2408681e+01		6.9771608e+01		2.1492467e+01		2.1492467e+01		1.6384014e-50
4.6400000e+02		4.6500000e+02		4.6450000e+02		1.5281564e+03		1.2735837e+01		7.1327790e+01		2.2059117e+01		2.2059117e+01		4.8938388e-50
4.6500000e+02		4.6600000e+02		4.6550000e+02		1.4760608e+03		1.2408287e+01		6.9219241e+01		2.1491784e+01		2.1491784e+01		1.3711786e-49
4.6600000e+02		4.6700000e+02		4.6650000e+02		1.4854121e+03		1.2594855e+01		6.9983775e+01		2.1814928e+01		2.1814928e+01		3.9558295e-49
4.6700000e+02		4.6800000e+02		4.6750000e+02		1.4997486e+03		1.2826082e+01		7.0989304e+01		2.2215426e+01		2.2215426e+01		1.1318019e-48
4.6800000e+02		4.6900000e+02		4.6850000e+02		1.4665907e+03		1.2650410e+01		6.9743489e+01		2.1911153e+01		2.1911153e+01		3.1006278e-48
4.6900000e+02		4.7000000e+02		4.6950000e+02		1.5086728e+03		1.3125071e+01		7.2078602e+01		2.2733290e+01		2.2733290e+01		8.8352121e-48
4.7000000e+02		4.7100000e+02		4.7050000e+02		1.4256243e+03		1.2508737e+01		6.8427271e+01		2.1665768e+01		2.1665768e+01		2.2869989e-47
4.7100000e+02		4.7200000e+02		4.7150000e+02		1.4904926e+03		1.3189577e+01		7.1872556e+01		2.2845017e+01		2.2845017e+01		6.4781521e-47
4.7200000e+02		4.7300000e+02		4.7250000e+02		1.5269264e+03		1.3627077e+01		7.3970207e+01		2.3602790e+01		2.3602790e+01		1.7786239e-46
4.7300000e+02		4.7400000e+02		4.7350000e+02		1.4995420e+03		1.3496395e+01		7.2979210e+01		2.3376442e+01		2.3376442e+01		4.6314287e-46
4.7400000e+02		4.7500000e+02		4.7450000e+02		1.5448084e+03		1.4021655e+01		7.5528925e+01		2.4286219e+01		2.4286219e+01		1.2517806e-45
4.7500000e+02		4.7600000e+02		4.7550000e+02		1.5413846e+03		1.4108870e+01		7.5708429e+01		2.4437280e+01		2.4437280e+01		3.2428648e-45
4.7600000e+02		4.7700000e+02		4.7650000e+02		1.4853490e+03		1.3710628e+01		7.3291340e+01		2.3747504e+01		2.3747504e+01		8.0303784e-45
4.7700000e+02		4.7800000e+02		4.7750000e+02		1.5508368e+03		1.4435560e+01		7.6873667e+01		2.5003123e+01		2.5003123e+01		2.1327860e-44
4.7800000e+02		4.7900000e+02		4.7850000e+02		1.5358791e+03		1.4416320e+01		7.6480780e+01		2.4969798e+01		2.4969798e+01		5.3192743e-44
4.7900000e+02		4.8000000e+02		4.7950000e+02		1.5403519e+03		1.4579356e+01		7.7054049e+01		2.5252185e+01		2.5252185e+01		1.3302341e-43
4.8000000e+02		4.8100000e+02		4.8050000e+02		1.5442750e+03		1.4738566e+01		7.7602705e+01		2.5527945e+01		2.5527945e+01		3.2930405e-43
4.8100000e+02		4.8200000e+02		4.8150000e+02		1.5475498e+03		1.4892879e+01		7.8121404e+01		2.5795223e+01		2.5795223e+01		8.0702965e-43
4.8200000e+02		4.8300000e+02		4.8250000e+02		1.5416562e+03		1.4959472e+01		7.8177655e+01		2.5910566e+01		2.5910566e+01		1.9474508e-42
4.8300000e+02		4.8400000e+02		4.8350000e+02		1.5183412e+03		1.4855392e+01		7.7344725e+01		2.5730294e+01		2.5730294e+01		4.6025324e-42
4.8400000e+02		4.8500000e+02		4.8450000e+02		1.4920771e+03		1.4719171e+01		7.6351109e+01		2.5494352e+01		2.5494352e+01		1.0753098e-41
4.8500000e+02		4.8600000e+02		4.8550000e+02		1.4021236e+03		1.3945918e+01		7.2072519e+01		2.4155038e+01		2.4155038e+01		2.3804647e-41
4.8600000e+02		4.8700000e+02		4.8650000e+02		1.2173217e+03		1.2207487e+01		6.2855698e+01		2.1143988e+01		2.1143988e+01		4.8248386e-41
4.8700000e+02		4.8800000e+02		4.8750000e+02		1.3927585e+03		1.4081479e+01		7.2238313e+01		2.4389837e+01		2.4389837e+01		1.2772451e-40
4.8800000e+02		4.8900000e+02		4.8850000e+02		1.4651201e+03		1.4934431e+01		7.6333310e+01		2.5867194e+01		2.5867194e+01		3.0814878e-40
4.8900000e+02		4.9000000e+02		4.8950000e+02		1.4372192e+03		1.4769745e+01		7.5215890e+01		2.5581948e+01		2.5581948e+01		6.8725124e-40
4.9000000e+02		4.9100000e+02		4.9050000e+02		1.5307557e+03		1.5859223e+01		8.0470154e+01		2.7468979e+01		2.7468979e+01		1.6499389e-39
4.9100000e+02		4.9200000e+02		4.9150000e+02		1.4425606e+03		1.5067031e+01		7.6173170e+01		2.6096863e+01		2.6096863e+01		3.4751774e-39
4.9200000e+02		4.9300000e+02		4.9250000e+02		1.3729411e+03		1.4456218e+01		7.2820820e+01		2.5038905e+01		2.5038905e+01		7.3304923e-39
4.9300000e+02		4.9400000e+02		4.9350000e+02		1.4509629e+03		1.5401390e+01		7.7302288e+01		2.6675990e+01		2.6675990e+01		1.7028595e-38
4.9400000e+02		4.9500000e+02		4.9450000e+02		1.4929449e+03		1.5974963e+01		7.9893034e+01		2.7669447e+01		2.7669447e+01		3.8199378e-38
4.9500000e+02		4.9600000e+02		4.9550000e+02		1.4663156e+03		1.5816401e+01		7.8816729e+01		2.7394811e+01		2.7394811e+01		8.1137709e-38
4.9600000e+02		4.9700000e+02		4.9650000e+02		1.4846220e+03		1.6142544e+01		8.0154774e+01		2.7959707e+01		2.7959707e+01		1.7625033e-37
4.9700000e+02		4.9800000e+02		4.9750000e+02		1.5123203e+03		1.6575532e+01		8.2011847e+01		2.8709664e+01		2.8709664e+01		3.8216960e-37
4.9800000e+02		4.9900000e+02		4.9850000e+02		1.3744029e+03		1.5184383e+01		7.4862264e+01		2.6300123e+01		2.6300123e+01		7.3357918e-37
4.9900000e+02		5.0000000e+02		4.9950000e+02		1.4721832e+03		1.6394423e+01		8.0542223e+01		2.8395974e+01		2.8395974e+01		1.6469425e-36
