Left Bin Edge (nm)	Right Bin Edge (nm)	Bin Center (nm)		Top of Atm Intensity (erg/s/nm/cm2)		Total Surface Flux (erg/s/nm/cm2)		Total Intensity at BOA (erg/s/nm/cm2)		Total Surface Intensity (erg/s/nm/cm2)		Total Surface Diffuse Intensity (erg/s/nm/cm2)		Total Surface Direct Intensity (erg/s/nm/cm2)
1.0000000e+02		1.0100000e+02		1.0050000e+02		4.4569042e-02		2.4525372e-199		0.0000000e+00		4.2479191e-199		4.2479191e-199		0.0000000e+00
1.0100000e+02		1.0200000e+02		1.0150000e+02		1.7387199e-01		2.8780736e-197		0.0000000e+00		4.9849697e-197		4.9849697e-197		0.0000000e+00
1.0200000e+02		1.0300000e+02		1.0250000e+02		9.2286085e-01		3.0760912e-195		0.0000000e+00		5.3279463e-195		5.3279463e-195		0.0000000e+00
1.0300000e+02		1.0400000e+02		1.0350000e+02		7.0094286e-01		3.0025211e-193		0.0000000e+00		5.2005190e-193		5.2005190e-193		0.0000000e+00
1.0400000e+02		1.0500000e+02		1.0450000e+02		1.4124828e-01		2.6834646e-191		0.0000000e+00		4.6478970e-191		4.6478970e-191		0.0000000e+00
1.0500000e+02		1.0600000e+02		1.0550000e+02		4.8389941e-02		2.2015012e-189		0.0000000e+00		3.8131119e-189		3.8131119e-189		0.0000000e+00
1.0600000e+02		1.0700000e+02		1.0650000e+02		4.5487167e-02		1.6618987e-187		0.0000000e+00		2.8784929e-187		2.8784929e-187		0.0000000e+00
1.0700000e+02		1.0800000e+02		1.0750000e+02		5.0757295e-02		1.1570779e-185		0.0000000e+00		2.0041178e-185		2.0041178e-185		0.0000000e+00
1.0800000e+02		1.0900000e+02		1.0850000e+02		7.1152114e-02		7.4445162e-184		0.0000000e+00		1.2894280e-183		1.2894280e-183		0.0000000e+00
1.0900000e+02		1.1000000e+02		1.0950000e+02		5.5817450e-02		4.0470096e-182		0.0000000e+00		7.0096262e-182		7.0096262e-182		0.0000000e+00
1.1000000e+02		1.1100000e+02		1.1050000e+02		5.4043772e-02		2.2566114e-180		0.0000000e+00		3.9085656e-180		3.9085656e-180		0.0000000e+00
1.1100000e+02		1.1200000e+02		1.1150000e+02		5.0797691e-02		1.2316913e-178		0.0000000e+00		2.1333520e-178		2.1333520e-178		0.0000000e+00
1.1200000e+02		1.1300000e+02		1.1250000e+02		5.1969037e-02		6.0033168e-177		0.0000000e+00		1.0398050e-176		1.0398050e-176		0.0000000e+00
1.1300000e+02		1.1400000e+02		1.1350000e+02		4.1221387e-02		2.6004606e-175		0.0000000e+00		4.5041299e-175		4.5041299e-175		0.0000000e+00
1.1400000e+02		1.1500000e+02		1.1450000e+02		3.1562600e-02		1.1171790e-173		8.8022631e-156		1.9350108e-173		1.9350108e-173		3.8963016e-293
1.1500000e+02		1.1600000e+02		1.1550000e+02		4.3552050e-02		1.4949420e-56		3.4086623e-53		2.5893156e-56		2.5893156e-56		6.9804999e-158
1.1600000e+02		1.1700000e+02		1.1650000e+02		1.0143732e-01		1.0362287e-24		4.9957328e-23		1.7948007e-24		1.7948007e-24		8.4040250e-122
1.1700000e+02		1.1800000e+02		1.1750000e+02		3.6108525e-01		1.7108763e-15		3.1294476e-14		2.9633246e-15		2.9633246e-15		5.3975186e-111
1.1800000e+02		1.1900000e+02		1.1850000e+02		1.2283927e-01		5.6597247e-10		5.8465577e-09		9.8029307e-10		9.8029307e-10		2.7162707e-104
1.1900000e+02		1.2000000e+02		1.1950000e+02		1.7115732e-01		9.8707702e-09		9.2164331e-08		1.7096675e-08		1.7096675e-08		2.3389840e-99
1.2000000e+02		1.2100000e+02		1.2050000e+02		9.3056497e-01		2.1260724e-08		2.0065407e-07		3.6824654e-08		3.6824654e-08		1.5992374e-94
1.2100000e+02		1.2200000e+02		1.2150000e+02		3.6941242e+01		8.1683326e-08		8.1976202e-07		1.4147967e-07		1.4147967e-07		2.7006902e-89
1.2200000e+02		1.2300000e+02		1.2250000e+02		2.4773856e-01		3.9165193e-11		4.2600575e-10		6.7836104e-11		6.7836104e-11		3.4168597e-88
1.2300000e+02		1.2400000e+02		1.2350000e+02		1.3344721e-01		7.1924507e-13		8.8108418e-12		1.2457690e-12		1.2457690e-12		1.1801847e-85
1.2400000e+02		1.2500000e+02		1.2450000e+02		1.0726631e-01		7.7972294e-15		1.1318911e-13		1.3505198e-14		1.3505198e-14		1.5682638e-83
1.2500000e+02		1.2600000e+02		1.2550000e+02		1.0471361e-01		1.4638132e-16		2.5068582e-15		2.5353988e-16		2.5353988e-16		1.2886733e-81
1.2600000e+02		1.2700000e+02		1.2650000e+02		1.4644878e-01		1.8262752e-18		3.8602249e-17		3.1632015e-18		3.1632015e-18		3.5980069e-80
1.2700000e+02		1.2800000e+02		1.2750000e+02		7.6659940e-02		8.0890980e-21		2.1345433e-19		1.4010729e-20		1.4010729e-20		1.4415736e-79
1.2800000e+02		1.2900000e+02		1.2850000e+02		6.1165494e-02		9.5075877e-23		3.0668991e-21		1.6467625e-22		1.6467625e-22		6.4155758e-79
1.2900000e+02		1.3000000e+02		1.2950000e+02		8.1594975e-02		9.8315803e-25		4.0264136e-23		1.7028797e-24		1.7028797e-24		1.2144657e-78
1.3000000e+02		1.3100000e+02		1.3050000e+02		6.7007791e-01		3.2825153e-26		1.7740132e-24		5.6854833e-26		5.6854833e-26		3.3808873e-78
1.3100000e+02		1.3200000e+02		1.3150000e+02		9.0731094e-02		1.9068770e-28		1.2062576e-26		3.3028079e-28		3.3028079e-28		1.1499935e-78
1.3200000e+02		1.3300000e+02		1.3250000e+02		7.0547730e-02		2.6130509e-28		1.5917464e-26		4.5259369e-28		4.5259369e-28		1.1308845e-76
1.3300000e+02		1.3400000e+02		1.3350000e+02		9.5357088e-01		1.9795894e-26		1.0925972e-24		3.4287494e-26		3.4287494e-26		5.9610210e-73
1.3400000e+02		1.3500000e+02		1.3450000e+02		6.5246966e-02		1.4985380e-26		7.2322655e-25		2.5955439e-26		2.5955439e-26		2.8967318e-71
1.3500000e+02		1.3600000e+02		1.3550000e+02		1.3692679e-01		1.5145008e-23		5.2509207e-22		2.6231923e-23		2.6231923e-23		2.6908621e-66
1.3600000e+02		1.3700000e+02		1.3650000e+02		8.9861989e-02		1.1312052e-22		3.4305097e-21		1.9593048e-22		1.9593048e-22		8.9836433e-64
1.3700000e+02		1.3800000e+02		1.3750000e+02		9.2282630e-02		5.1148592e-21		1.2666516e-19		8.8591960e-21		8.8591960e-21		1.7776229e-60
1.3800000e+02		1.3900000e+02		1.3850000e+02		9.4180145e-02		6.5316685e-20		1.4106790e-18		1.1313182e-19		1.1313182e-19		7.2915089e-58
1.3900000e+02		1.4000000e+02		1.3950000e+02		3.1801144e-01		8.3128070e-19		1.6651948e-17		1.4398204e-18		1.4398204e-18		2.2958458e-55
1.4000000e+02		1.4100000e+02		1.4050000e+02		2.7729440e-01		5.5326405e-19		1.1148174e-17		9.5828144e-19		9.5828144e-19		2.7924724e-54
1.4100000e+02		1.4200000e+02		1.4150000e+02		1.3359910e-01		2.6333115e-19		5.2695101e-18		4.5610292e-19		4.5610292e-19		2.1324599e-53
1.4200000e+02		1.4300000e+02		1.4250000e+02		1.4479671e-01		2.9491735e-19		5.8489566e-18		5.1081183e-19		5.1081183e-19		3.3354375e-52
1.4300000e+02		1.4400000e+02		1.4350000e+02		1.6064305e-01		1.9254889e-19		3.8963300e-18		3.3350447e-19		3.3350447e-19		2.4290448e-51
1.4400000e+02		1.4500000e+02		1.4450000e+02		1.5363637e-01		1.7946734e-19		3.6119820e-18		3.1084654e-19		3.1084654e-19		2.3887254e-50
1.4500000e+02		1.4600000e+02		1.4550000e+02		1.6382583e-01		3.1371311e-19		6.1152353e-18		5.4336704e-19		5.4336704e-19		4.3013395e-49
1.4600000e+02		1.4700000e+02		1.4650000e+02		1.9977093e-01		1.6576236e-18		2.9777087e-17		2.8710884e-18		2.8710884e-18		2.5345164e-47
1.4700000e+02		1.4800000e+02		1.4750000e+02		2.4643334e-01		7.7823443e-18		1.2973084e-16		1.3479416e-17		1.3479416e-17		1.1828586e-45
1.4800000e+02		1.4900000e+02		1.4850000e+02		2.4167300e-01		1.2753323e-17		2.0579633e-16		2.2089403e-17		2.2089403e-17		1.5169546e-44
1.4900000e+02		1.5000000e+02		1.4950000e+02		2.1832777e-01		2.7605201e-17		4.2341465e-16		4.7813610e-17		4.7813610e-17		2.5272076e-43
1.5000000e+02		1.5100000e+02		1.5050000e+02		2.4023073e-01		1.5632234e-16		2.1926910e-15		2.7075823e-16		2.7075823e-16		1.1790490e-41
1.5100000e+02		1.5200000e+02		1.5150000e+02		2.5258505e-01		1.1028973e-15		1.3966948e-14		1.9102741e-15		1.9102741e-15		6.6549363e-40
1.5200000e+02		1.5300000e+02		1.5250000e+02		3.2229547e-01		1.6725767e-14		1.8603122e-13		2.8969878e-14		2.8969878e-14		8.1849956e-38
1.5300000e+02		1.5400000e+02		1.5350000e+02		3.5701286e-01		1.0419838e-13		1.0576088e-12		1.8047689e-13		1.8047689e-13		3.3650736e-36
1.5400000e+02		1.5500000e+02		1.5450000e+02		9.5486931e-01		1.1139644e-12		1.0499857e-11		1.9294430e-12		1.9294430e-12		2.1003979e-34
1.5500000e+02		1.5600000e+02		1.5550000e+02		7.8587524e-01		6.2206479e-12		5.3120377e-11		1.0774478e-11		1.0774478e-11		6.8472063e-33
1.5600000e+02		1.5700000e+02		1.5650000e+02		4.6648084e-01		6.0891076e-11		4.5269851e-10		1.0546644e-10		1.0546644e-10		3.9059908e-31
1.5700000e+02		1.5800000e+02		1.5750000e+02		4.2309893e-01		2.6383487e-10		1.8133505e-09		4.5697540e-10		4.5697540e-10		7.9783080e-30
1.5800000e+02		1.5900000e+02		1.5850000e+02		3.9008072e-01		8.6754279e-10		5.5923942e-09		1.5026282e-09		1.5026282e-09		1.1315461e-28
1.5900000e+02		1.6000000e+02		1.5950000e+02		3.8042347e-01		9.0644917e-09		5.2337688e-08		1.5700160e-08		1.5700160e-08		4.8351298e-27
1.6000000e+02		1.6100000e+02		1.6050000e+02		4.1635449e-01		4.5129992e-08		2.4285574e-07		7.8167439e-08		7.8167439e-08		8.7910426e-26
1.6100000e+02		1.6200000e+02		1.6150000e+02		4.7164413e-01		1.3031141e-07		6.7015845e-07		2.2570598e-07		2.2570598e-07		8.8133900e-25
1.6200000e+02		1.6300000e+02		1.6250000e+02		5.2241459e-01		8.8089632e-07		4.1928060e-06		1.5257572e-06		1.5257572e-06		1.7981953e-23
1.6300000e+02		1.6400000e+02		1.6350000e+02		1.1072121e+00		7.3958208e-06		3.3225704e-05		1.2809937e-05		1.2809937e-05		4.2749578e-22
1.6400000e+02		1.6500000e+02		1.6450000e+02		1.1323318e+00		1.4887450e-05		6.4799584e-05		2.5785820e-05		2.5785820e-05		2.5301363e-21
1.6500000e+02		1.6600000e+02		1.6550000e+02		1.3255566e+00		7.3063426e-05		3.0104077e-04		1.2654957e-04		1.2654957e-04		2.9345331e-20
1.6600000e+02		1.6700000e+02		1.6650000e+02		6.2522883e-01		9.3850537e-05		3.7207687e-04		1.6255390e-04		1.6255390e-04		8.9598336e-20
1.6700000e+02		1.6800000e+02		1.6750000e+02		6.6723830e-01		1.7613675e-04		6.8131427e-04		3.0507780e-04		3.0507780e-04		4.2599366e-19
1.6800000e+02		1.6900000e+02		1.6850000e+02		7.1904320e-01		5.3397751e-04		1.9929578e-03		9.2487617e-04		9.2487617e-04		2.6294478e-18
1.6900000e+02		1.7000000e+02		1.6950000e+02		9.0554889e-01		9.4539883e-04		3.4682190e-03		1.6374788e-03		1.6374788e-03		1.1540936e-17
1.7000000e+02		1.7100000e+02		1.7050000e+02		1.0161854e+00		2.0305003e-03		7.2739709e-03		3.5169297e-03		3.5169297e-03		5.1849270e-17
1.7100000e+02		1.7200000e+02		1.7150000e+02		1.0130704e+00		3.4179207e-03		1.2001474e-02		5.9200123e-03		5.9200123e-03		1.8289930e-16
1.7200000e+02		1.7300000e+02		1.7250000e+02		1.0571150e+00		5.5065011e-03		1.8999914e-02		9.5375397e-03		9.5375397e-03		6.1541404e-16
1.7300000e+02		1.7400000e+02		1.7350000e+02		1.0479596e+00		7.8094591e-03		2.6531082e-02		1.3526380e-02		1.3526380e-02		1.8189335e-15
1.7400000e+02		1.7500000e+02		1.7450000e+02		1.2530722e+00		1.2464662e-02		4.1761262e-02		2.1589427e-02		2.1589427e-02		6.0522227e-15
1.7500000e+02		1.7600000e+02		1.7550000e+02		1.4954862e+00		2.0965810e-02		6.9237634e-02		3.6313849e-02		3.6313849e-02		1.9879082e-14
1.7600000e+02		1.7700000e+02		1.7650000e+02		1.6135596e+00		2.7200098e-02		8.8787078e-02		4.7111952e-02		4.7111952e-02		5.3410182e-14
1.7700000e+02		1.7800000e+02		1.7750000e+02		1.9010195e+00		3.7589709e-02		1.2134965e-01		6.5107286e-02		6.5107286e-02		1.5070540e-13
1.7800000e+02		1.7900000e+02		1.7850000e+02		2.0776624e+00		4.6846103e-02		1.4965216e-01		8.1139831e-02		8.1139831e-02		3.7950083e-13
1.7900000e+02		1.8000000e+02		1.7950000e+02		2.0198657e+00		5.1263191e-02		1.6210639e-01		8.8790451e-02		8.8790451e-02		8.2397669e-13
1.8000000e+02		1.8100000e+02		1.8050000e+02		2.4976225e+00		6.9022730e-02		2.1618877e-01		1.1955087e-01		1.1955087e-01		2.1907894e-12
1.8100000e+02		1.8200000e+02		1.8150000e+02		3.0410490e+00		9.0748084e-02		2.8159959e-01		1.5718029e-01		1.5718029e-01		5.5821112e-12
1.8200000e+02		1.8300000e+02		1.8250000e+02		2.8073836e+00		9.0201143e-02		2.7735307e-01		1.5623296e-01		1.5623296e-01		1.0527916e-11
1.8300000e+02		1.8400000e+02		1.8350000e+02		2.9562417e+00		9.8590062e-02		3.0057602e-01		1.7076300e-01		1.7076300e-01		2.1835144e-11
1.8400000e+02		1.8500000e+02		1.8450000e+02		2.5409769e+00		8.8072118e-02		2.6624041e-01		1.5254538e-01		1.5254538e-01		3.6425040e-11
1.8500000e+02		1.8600000e+02		1.8550000e+02		2.8735562e+00		1.0217266e-01		3.0637119e-01		1.7696823e-01		1.7696823e-01		7.7469139e-11
1.8600000e+02		1.8700000e+02		1.8650000e+02		3.2604304e+00		1.1891151e-01		3.5370080e-01		2.0596078e-01		2.0596078e-01		1.6304573e-10
1.8700000e+02		1.8800000e+02		1.8750000e+02		3.6946466e+00		1.3813021e-01		4.0765482e-01		2.3924854e-01		2.3924854e-01		3.3398518e-10
1.8800000e+02		1.8900000e+02		1.8850000e+02		3.8870616e+00		1.4894080e-01		4.3616095e-01		2.5797304e-01		2.5797304e-01		6.2541491e-10
1.8900000e+02		1.9000000e+02		1.8950000e+02		4.3106081e+00		1.6920129e-01		4.9174462e-01		2.9306523e-01		2.9306523e-01		1.2086549e-09
1.9000000e+02		1.9100000e+02		1.9050000e+02		4.4384288e+00		1.7842358e-01		5.1467994e-01		3.0903871e-01		3.0903871e-01		2.1345226e-09
1.9100000e+02		1.9200000e+02		1.9150000e+02		4.8094361e+00		1.9793287e-01		5.6677635e-01		3.4282979e-01		3.4282978e-01		3.8976642e-09
1.9200000e+02		1.9300000e+02		1.9250000e+02		5.0365493e+00		2.1213955e-01		6.0308385e-01		3.6743647e-01		3.6743647e-01		6.7684034e-09
1.9300000e+02		1.9400000e+02		1.9350000e+02		3.8447944e+00		1.6569071e-01		4.6770046e-01		2.8698473e-01		2.8698472e-01		8.4377154e-09
1.9400000e+02		1.9500000e+02		1.9450000e+02		6.1679797e+00		2.7187726e-01		7.6209419e-01		4.7090524e-01		4.7090522e-01		2.1774987e-08
1.9500000e+02		1.9600000e+02		1.9550000e+02		5.9528271e+00		2.6830971e-01		7.4694383e-01		4.6472605e-01		4.6472602e-01		3.3330781e-08
1.9600000e+02		1.9700000e+02		1.9650000e+02		6.5508102e+00		3.0183298e-01		8.3461220e-01		5.2279008e-01		5.2279002e-01		5.7368849e-08
1.9700000e+02		1.9800000e+02		1.9750000e+02		6.5190955e+00		3.0697263e-01		8.4320441e-01		5.3169221e-01		5.3169212e-01		8.8120269e-08
1.9800000e+02		1.9900000e+02		1.9850000e+02		6.3883794e+00		3.0734648e-01		8.3873476e-01		5.3233975e-01		5.3233962e-01		1.3159516e-07
1.9900000e+02		2.0000000e+02		1.9950000e+02		6.7274707e+00		3.3059839e-01		8.9641244e-01		5.7261328e-01		5.7261307e-01		2.0859057e-07
2.0000000e+02		2.0100000e+02		2.0050000e+02		7.1125146e+00		3.5692119e-01		9.6169405e-01		6.1820574e-01		6.1820541e-01		3.2801144e-07
2.0100000e+02		2.0200000e+02		2.0150000e+02		7.5701275e+00		3.8783264e-01		1.0385137e+00		6.7174600e-01		6.7174549e-01		5.1335173e-07
2.0200000e+02		2.0300000e+02		2.0250000e+02		7.4828608e+00		3.9128532e-01		1.0413822e+00		6.7772628e-01		6.7772554e-01		7.3790558e-07
2.0300000e+02		2.0400000e+02		2.0350000e+02		8.0092047e+00		4.2736186e-01		1.1305911e+00		7.4021281e-01		7.4021167e-01		1.1363294e-06
2.0400000e+02		2.0500000e+02		2.0450000e+02		8.6207445e+00		4.6927688e-01		1.2341730e+00		8.1281193e-01		8.1281019e-01		1.7416399e-06
2.0500000e+02		2.0600000e+02		2.0550000e+02		8.6400754e+00		4.7971063e-01		1.2543146e+00		8.3088394e-01		8.3088148e-01		2.4609370e-06
2.0600000e+02		2.0700000e+02		2.0650000e+02		8.6510225e+00		4.8978773e-01		1.2733794e+00		8.4833830e-01		8.4833486e-01		3.4406309e-06
2.0700000e+02		2.0800000e+02		2.0750000e+02		9.3957826e+00		5.4231920e-01		1.4020695e+00		9.3932601e-01		9.3932084e-01		5.1695235e-06
2.0800000e+02		2.0900000e+02		2.0850000e+02		1.0163489e+01		5.9793083e-01		1.5373453e+00		1.0356490e+00		1.0356413e+00		7.6665862e-06
2.0900000e+02		2.1000000e+02		2.0950000e+02		1.3129215e+01		7.8711664e-01		2.0128254e+00		1.3633302e+00		1.3633167e+00		1.3460600e-05
2.1000000e+02		2.1100000e+02		2.1050000e+02		1.6183343e+01		9.8848110e-01		2.5143282e+00		1.7121064e+00		1.7120840e+00		2.2361973e-05
2.1100000e+02		2.1200000e+02		2.1150000e+02		1.8424170e+01		1.1462963e+00		2.9005245e+00		1.9854540e+00		1.9854200e+00		3.4034255e-05
2.1200000e+02		2.1300000e+02		2.1250000e+02		1.6428561e+01		1.0409450e+00		2.6204285e+00		1.8029821e+00		1.8029418e+00		4.0253163e-05
2.1300000e+02		2.1400000e+02		2.1350000e+02		1.6737981e+01		1.0798474e+00		2.7046441e+00		1.8703673e+00		1.8703133e+00		5.3984947e-05
2.1400000e+02		2.1500000e+02		2.1450000e+02		2.1432541e+01		1.4075931e+00		3.5080504e+00		2.4380507e+00		2.4379604e+00		9.0326734e-05
2.1500000e+02		2.1600000e+02		2.1550000e+02		1.8408135e+01		1.2304720e+00		3.0516775e+00		2.1312711e+00		2.1311705e+00		1.0065431e-04
2.1600000e+02		2.1700000e+02		2.1650000e+02		1.7036901e+01		1.1588482e+00		2.8602789e+00		2.0072211e+00		2.0071011e+00		1.2003258e-04
2.1700000e+02		2.1800000e+02		2.1750000e+02		1.7640866e+01		1.2208059e+00		2.9990215e+00		2.1145470e+00		2.1143879e+00		1.5908005e-04
2.1800000e+02		2.1900000e+02		2.1850000e+02		2.3730294e+01		1.6704691e+00		4.0846825e+00		2.8934215e+00		2.8931493e+00		2.7213189e-04
2.1900000e+02		2.2000000e+02		2.1950000e+02		2.5052511e+01		1.7935528e+00		4.3657236e+00		3.1066368e+00		3.1062738e+00		3.6306948e-04
2.2000000e+02		2.2100000e+02		2.2050000e+02		2.5203754e+01		1.8347452e+00		4.4460557e+00		3.1780138e+00		3.1775549e+00		4.5880981e-04
2.2100000e+02		2.2200000e+02		2.2150000e+02		2.0176768e+01		1.4932442e+00		3.6026453e+00		2.5865166e+00		2.5860580e+00		4.5866646e-04
2.2200000e+02		2.2300000e+02		2.2250000e+02		2.7154039e+01		2.0426995e+00		4.9070530e+00		3.5382964e+00		3.5375299e+00		7.6645341e-04
2.2300000e+02		2.2400000e+02		2.2350000e+02		3.5163062e+01		2.6882561e+00		6.4305218e+00		4.6565752e+00		4.6553496e+00		1.2255984e-03
2.2400000e+02		2.2500000e+02		2.2450000e+02		3.2875934e+01		2.5538772e+00		6.0837066e+00		4.4238805e+00		4.4224731e+00		1.4074325e-03
2.2500000e+02		2.2600000e+02		2.2550000e+02		2.8720078e+01		2.2665772e+00		5.3773025e+00		3.9262916e+00		3.9247892e+00		1.5023519e-03
2.2600000e+02		2.2700000e+02		2.2650000e+02		2.1037217e+01		1.6864058e+00		3.9848732e+00		2.9213544e+00		2.9200165e+00		1.3379130e-03
2.2700000e+02		2.2800000e+02		2.2750000e+02		2.0463841e+01		1.6660065e+00		3.9212095e+00		2.8860949e+00		2.8845204e+00		1.5745744e-03
2.2800000e+02		2.2900000e+02		2.2850000e+02		2.8509984e+01		2.3568392e+00		5.5258171e+00		4.0829824e+00		4.0803408e+00		2.6415322e-03
2.2900000e+02		2.3000000e+02		2.2950000e+02		2.5620938e+01		2.1503048e+00		5.0225214e+00		3.7253174e+00		3.7224720e+00		2.8454091e-03
2.3000000e+02		2.3100000e+02		2.3050000e+02		2.9055844e+01		2.4753690e+00		5.7603486e+00		4.2886561e+00		4.2848054e+00		3.8507118e-03
2.3100000e+02		2.3200000e+02		2.3150000e+02		2.7387429e+01		2.3680422e+00		5.4905640e+00		4.1029035e+00		4.0985909e+00		4.3126163e-03
2.3200000e+02		2.3300000e+02		2.3250000e+02		2.9413108e+01		2.5807260e+00		5.9623798e+00		4.4716438e+00		4.4661636e+00		5.4801448e-03
2.3300000e+02		2.3400000e+02		2.3350000e+02		2.6543685e+01		2.3629628e+00		5.4402172e+00		4.0945744e+00		4.0887466e+00		5.8278264e-03
2.3400000e+02		2.3500000e+02		2.3450000e+02		2.3194371e+01		2.0946219e+00		4.8059351e+00		3.6298406e+00		3.6238633e+00		5.9773194e-03
2.3500000e+02		2.3600000e+02		2.3550000e+02		3.1223226e+01		2.8599712e+00		6.5400045e+00		4.9565259e+00		4.9471175e+00		9.4083636e-03
2.3600000e+02		2.3700000e+02		2.3650000e+02		2.8911473e+01		2.6856487e+00		6.1212605e+00		4.6548193e+00		4.6446709e+00		1.0148480e-02
2.3700000e+02		2.3800000e+02		2.3750000e+02		3.0878004e+01		2.9084278e+00		6.6077919e+00		5.0414366e+00		5.0288559e+00		1.2580645e-02
2.3800000e+02		2.3900000e+02		2.3850000e+02		2.5598090e+01		2.4444575e+00		5.5362801e+00		4.2376562e+00		4.2255932e+00		1.2063059e-02
2.3900000e+02		2.4000000e+02		2.3950000e+02		2.7890834e+01		2.6998447e+00		6.0959717e+00		4.6809549e+00		4.6658045e+00		1.5150406e-02
2.4000000e+02		2.4100000e+02		2.4050000e+02		2.5623038e+01		2.5138971e+00		5.6591521e+00		4.3591442e+00		4.3431536e+00		1.5990606e-02
2.4100000e+02		2.4200000e+02		2.4150000e+02		3.0005079e+01		2.9832471e+00		6.6961307e+00		5.1737691e+00		5.1523254e+00		2.1443703e-02
2.4200000e+02		2.4300000e+02		2.4250000e+02		4.1301739e+01		4.1608212e+00		9.3127029e+00		7.2171776e+00		7.1834812e+00		3.3696317e-02
2.4300000e+02		2.4400000e+02		2.4350000e+02		3.8791639e+01		3.9591733e+00		8.8367878e+00		6.8686318e+00		6.8326123e+00		3.6019496e-02
2.4400000e+02		2.4500000e+02		2.4450000e+02		3.6329084e+01		3.7559225e+00		8.3604763e+00		6.5172898e+00		6.4790115e+00		3.8278280e-02
2.4500000e+02		2.4600000e+02		2.4550000e+02		2.9476122e+01		3.0865202e+00		6.8523470e+00		5.3568805e+00		5.3217394e+00		3.5141099e-02
2.4600000e+02		2.4700000e+02		2.4650000e+02		2.8685918e+01		3.0419050e+00		6.7360159e+00		5.2806709e+00		5.2420836e+00		3.8587238e-02
2.4700000e+02		2.4800000e+02		2.4750000e+02		3.1678139e+01		3.4013936e+00		7.5133399e+00		5.9062193e+00		5.8582702e+00		4.7949126e-02
2.4800000e+02		2.4900000e+02		2.4850000e+02		2.5406301e+01		2.7618615e+00		6.0859487e+00		4.7970351e+00		4.7538775e+00		4.3157582e-02
2.4900000e+02		2.5000000e+02		2.4950000e+02		3.0967514e+01		3.4077961e+00		7.4917250e+00		5.9206915e+00		5.8618076e+00		5.8883835e-02
2.5000000e+02		2.5100000e+02		2.5050000e+02		3.3448743e+01		3.7256162e+00		8.1718401e+00		6.4749249e+00		6.4039093e+00		7.1015547e-02
2.5100000e+02		2.5200000e+02		2.5150000e+02		2.7888154e+01		3.1436490e+00		6.8801999e+00		5.4653613e+00		5.3994110e+00		6.5950231e-02
2.5200000e+02		2.5300000e+02		2.5250000e+02		2.5069906e+01		2.8596215e+00		6.2452899e+00		4.9733888e+00		4.9075109e+00		6.5877871e-02
2.5300000e+02		2.5400000e+02		2.5350000e+02		3.1592540e+01		3.6460968e+00		7.9465960e+00		6.3436958e+00		6.2516601e+00		9.2035721e-02
2.5400000e+02		2.5500000e+02		2.5450000e+02		3.5730773e+01		4.1717740e+00		9.0743280e+00		7.2613422e+00		7.1462036e+00		1.1513854e-01
2.5500000e+02		2.5600000e+02		2.5550000e+02		4.8755658e+01		5.7581855e+00		1.2501209e+01		1.0027111e+01		9.8537083e+00		1.7340314e-01
2.5600000e+02		2.5700000e+02		2.5650000e+02		6.2803876e+01		7.5020081e+00		1.6257302e+01		1.3069960e+01		1.2823955e+01		2.4600507e-01
2.5700000e+02		2.5800000e+02		2.5750000e+02		7.8843355e+01		9.5243529e+00		2.0603591e+01		1.6601663e+01		1.6262237e+01		3.3942573e-01
2.5800000e+02		2.5900000e+02		2.5850000e+02		8.2991293e+01		1.0137519e+01		2.1893112e+01		1.7679925e+01		1.7288044e+01		3.9188086e-01
2.5900000e+02		2.6000000e+02		2.5950000e+02		7.0629481e+01		8.7229631e+00		1.8807892e+01		1.5221553e+01		1.4856469e+01		3.6508330e-01
2.6000000e+02		2.6100000e+02		2.6050000e+02		5.7868388e+01		7.2251855e+00		1.5554539e+01		1.2615486e+01		1.2288675e+01		3.2681080e-01
2.6100000e+02		2.6200000e+02		2.6150000e+02		5.9092703e+01		7.4580006e+00		1.6032246e+01		1.3030218e+01		1.2666283e+01		3.6393516e-01
2.6200000e+02		2.6300000e+02		2.6250000e+02		7.0528613e+01		8.9967737e+00		1.9313198e+01		1.5729135e+01		1.5256313e+01		4.7282175e-01
2.6300000e+02		2.6400000e+02		2.6350000e+02		1.0614195e+02		1.3683398e+01		2.9335154e+01		2.3939526e+01		2.3166332e+01		7.7319331e-01
2.6400000e+02		2.6500000e+02		2.6450000e+02		1.6548208e+02		2.1557406e+01		4.6158248e+01		3.7743017e+01		3.6435439e+01		1.3075775e+00
2.6500000e+02		2.6600000e+02		2.6550000e+02		1.7356948e+02		2.2846058e+01		4.8860033e+01		4.0029959e+01		3.8544807e+01		1.4851516e+00
2.6600000e+02		2.6700000e+02		2.6650000e+02		1.6826276e+02		2.2375494e+01		4.7800879e+01		3.9236991e+01		3.7680487e+01		1.5565040e+00
2.6700000e+02		2.6800000e+02		2.6750000e+02		1.6940220e+02		2.2756492e+01		4.8564646e+01		3.9938630e+01		3.8247224e+01		1.6914060e+00
2.6800000e+02		2.6900000e+02		2.6850000e+02		1.6778062e+02		2.2765920e+01		4.8538064e+01		3.9990202e+01		3.8184873e+01		1.8053290e+00
2.6900000e+02		2.7000000e+02		2.6950000e+02		1.5737310e+02		2.1566870e+01		4.5940651e+01		3.7918567e+01		3.6096490e+01		1.8220772e+00
2.7000000e+02		2.7100000e+02		2.7050000e+02		1.8181465e+02		2.5162590e+01		5.3556022e+01		4.4282539e+01		4.2020817e+01		2.2617219e+00
2.7100000e+02		2.7200000e+02		2.7150000e+02		1.5108640e+02		2.1114405e+01		4.4906031e+01		3.7194990e+01		3.5178585e+01		2.0164059e+00
2.7200000e+02		2.7300000e+02		2.7250000e+02		1.2154404e+02		1.7150307e+01		3.6450220e+01		3.0242800e+01		2.8504951e+01		1.7378496e+00
2.7300000e+02		2.7400000e+02		2.7350000e+02		1.2960124e+02		1.8462495e+01		3.9214832e+01		3.2591258e+01		3.0608762e+01		1.9824957e+00
2.7400000e+02		2.7500000e+02		2.7450000e+02		8.9183780e+01		1.2825341e+01		2.7226356e+01		2.2665034e+01		2.1207473e+01		1.4575611e+00
2.7500000e+02		2.7600000e+02		2.7550000e+02		1.1893609e+02		1.7264653e+01		3.6632590e+01		3.0544857e+01		2.8470804e+01		2.0740523e+00
2.7600000e+02		2.7700000e+02		2.7650000e+02		1.6564211e+02		2.4268109e+01		5.1471052e+01		4.2985797e+01		3.9907694e+01		3.0781026e+00
2.7700000e+02		2.7800000e+02		2.7750000e+02		1.5837296e+02		2.3416799e+01		4.9647772e+01		4.1528031e+01		3.8395798e+01		3.1322336e+00
2.7800000e+02		2.7900000e+02		2.7850000e+02		1.0921797e+02		1.6296066e+01		3.4540409e+01		2.8935912e+01		2.6639788e+01		2.2961248e+00
2.7900000e+02		2.8000000e+02		2.7950000e+02		6.1368404e+01		9.2392566e+00		1.9578575e+01		1.6426602e+01		1.5056810e+01		1.3697919e+00
2.8000000e+02		2.8100000e+02		2.8050000e+02		6.7313201e+01		1.0224870e+01		2.1663452e+01		1.8202891e+01		1.6609542e+01		1.5933486e+00
2.8100000e+02		2.8200000e+02		2.8150000e+02		1.3943196e+02		2.1367196e+01		4.5265696e+01		3.8090561e+01		3.4594508e+01		3.4960530e+00
2.8200000e+02		2.8300000e+02		2.8250000e+02		1.8983287e+02		2.9345874e+01		6.2165009e+01		5.2386494e+01		4.7350234e+01		5.0362602e+00
2.8300000e+02		2.8400000e+02		2.8350000e+02		1.9610227e+02		3.0578201e+01		6.4775856e+01		5.4664031e+01		4.9165234e+01		5.4987972e+00
2.8400000e+02		2.8500000e+02		2.8450000e+02		1.4459284e+02		2.2740157e+01		4.8174970e+01		4.0711338e+01		3.6430602e+01		4.2807358e+00
2.8500000e+02		2.8600000e+02		2.8550000e+02		9.2944992e+01		1.4741924e+01		3.1234380e+01		2.6431559e+01		2.3529320e+01		2.9022387e+00
2.8600000e+02		2.8700000e+02		2.8650000e+02		1.9045522e+02		3.0462612e+01		6.4553530e+01		5.4701176e+01		4.8435111e+01		6.2660641e+00
2.8700000e+02		2.8800000e+02		2.8750000e+02		2.2108403e+02		3.5656829e+01		7.5577514e+01		6.4127913e+01		5.6471531e+01		7.6563818e+00
2.8800000e+02		2.8900000e+02		2.8850000e+02		2.1010240e+02		3.4165900e+01		7.2437277e+01		6.1544007e+01		5.3892609e+01		7.6513977e+00
2.8900000e+02		2.9000000e+02		2.8950000e+02		3.1885068e+02		5.2274701e+01		1.1086691e+02		9.4316201e+01		8.2117052e+01		1.2199149e+01
2.9000000e+02		2.9100000e+02		2.9050000e+02		4.1860542e+02		6.9185911e+01		1.4678794e+02		1.2503374e+02		1.0822336e+02		1.6810385e+01
2.9100000e+02		2.9200000e+02		2.9150000e+02		4.0318642e+02		6.7172880e+01		1.4257706e+02		1.2159929e+02		1.0462011e+02		1.6979176e+01
2.9200000e+02		2.9300000e+02		2.9250000e+02		3.5818014e+02		6.0149480e+01		1.2772931e+02		1.0907086e+02		9.3266884e+01		1.5803972e+01
2.9300000e+02		2.9400000e+02		2.9350000e+02		3.7393440e+02		6.3290061e+01		1.3446731e+02		1.1496459e+02		9.7692733e+01		1.7271853e+01
2.9400000e+02		2.9500000e+02		2.9450000e+02		3.4819581e+02		5.9393807e+01		1.2625941e+02		1.0807693e+02		9.1254880e+01		1.6822051e+01
2.9500000e+02		2.9600000e+02		2.9550000e+02		3.7701055e+02		6.4806239e+01		1.3784757e+02		1.1813623e+02		9.9100829e+01		1.9035402e+01
2.9600000e+02		2.9700000e+02		2.9650000e+02		3.4493460e+02		5.9746753e+01		1.2716689e+02		1.0911032e+02		9.0923881e+01		1.8186440e+01
2.9700000e+02		2.9800000e+02		2.9750000e+02		3.5165811e+02		6.1373559e+01		1.3071807e+02		1.1228673e+02		9.2940744e+01		1.9345988e+01
2.9800000e+02		2.9900000e+02		2.9850000e+02		3.0223333e+02		5.3144140e+01		1.1327155e+02		9.7411026e+01		8.0075520e+01		1.7335505e+01
2.9900000e+02		3.0000000e+02		2.9950000e+02		3.4101318e+02		6.0409623e+01		1.2885424e+02		1.1093639e+02		9.0558413e+01		2.0377976e+01
3.0000000e+02		3.0100000e+02		3.0050000e+02		2.7131061e+02		4.8416522e+01		1.0335433e+02		8.9081149e+01		7.2202744e+01		1.6878405e+01
3.0100000e+02		3.0200000e+02		3.0150000e+02		3.1202593e+02		5.6089245e+01		1.1983179e+02		1.0339627e+02		8.3202563e+01		2.0193708e+01
3.0200000e+02		3.0300000e+02		3.0250000e+02		3.2846528e+02		5.9471793e+01		1.2716719e+02		1.0984435e+02		8.7745559e+01		2.2098787e+01
3.0300000e+02		3.0400000e+02		3.0350000e+02		4.2601061e+02		7.7686492e+01		1.6626271e+02		1.4376775e+02		1.1399271e+02		2.9775042e+01
3.0400000e+02		3.0500000e+02		3.0450000e+02		4.0776836e+02		7.4888192e+01		1.6042096e+02		1.3886286e+02		1.0927562e+02		2.9587236e+01
3.0500000e+02		3.0600000e+02		3.0550000e+02		4.1174793e+02		7.6151325e+01		1.6328121e+02		1.4148619e+02		1.1049107e+02		3.0995126e+01
3.0600000e+02		3.0700000e+02		3.0650000e+02		3.9053943e+02		7.2732570e+01		1.5610280e+02		1.3540541e+02		1.0492532e+02		3.0480094e+01
3.0700000e+02		3.0800000e+02		3.0750000e+02		4.3847484e+02		8.2224041e+01		1.7665059e+02		1.5338491e+02		1.1792727e+02		3.5457643e+01
3.0800000e+02		3.0900000e+02		3.0850000e+02		4.3035211e+02		8.1253211e+01		1.7474399e+02		1.5188220e+02		1.1584650e+02		3.6035708e+01
3.0900000e+02		3.1000000e+02		3.0950000e+02		3.4901328e+02		6.6342778e+01		1.4282731e+02		1.2426475e+02		9.4021335e+01		3.0243417e+01
3.1000000e+02		3.1100000e+02		3.1050000e+02		4.3927411e+02		8.4061152e+01		1.8116684e+02		1.5777660e+02		1.1840838e+02		3.9368215e+01
3.1100000e+02		3.1200000e+02		3.1150000e+02		5.2246540e+02		1.0064646e+02		2.1714861e+02		1.8929681e+02		1.4089788e+02		4.8398922e+01
3.1200000e+02		3.1300000e+02		3.1250000e+02		4.6521908e+02		9.0209684e+01		1.9484793e+02		1.7001988e+02		1.2549981e+02		4.4520069e+01
3.1300000e+02		3.1400000e+02		3.1350000e+02		4.9544367e+02		9.6698187e+01		2.0909973e+02		1.8262928e+02		1.3367733e+02		4.8951952e+01
3.1400000e+02		3.1500000e+02		3.1450000e+02		4.6729179e+02		9.1794061e+01		1.9872392e+02		1.7373032e+02		1.2608682e+02		4.7643494e+01
3.1500000e+02		3.1600000e+02		3.1550000e+02		4.5343123e+02		8.9642606e+01		1.9429334e+02		1.7001510e+02		1.2233537e+02		4.7679733e+01
3.1600000e+02		3.1700000e+02		3.1650000e+02		4.4229406e+02		8.7996467e+01		1.9095171e+02		1.6724491e+02		1.1930332e+02		4.7941588e+01
3.1700000e+02		3.1800000e+02		3.1750000e+02		5.6102832e+02		1.1232197e+02		2.4403071e+02		2.1392883e+02		1.5127586e+02		6.2652974e+01
3.1800000e+02		3.1900000e+02		3.1850000e+02		4.6340678e+02		9.3356182e+01		2.0307216e+02		1.7818311e+02		1.2489184e+02		5.3291276e+01
3.1900000e+02		3.2000000e+02		3.1950000e+02		4.9774832e+02		1.0089426e+02		2.1973893e+02		1.9297913e+02		1.3406411e+02		5.8915025e+01
3.2000000e+02		3.2100000e+02		3.2050000e+02		5.7184857e+02		1.1662431e+02		2.5431274e+02		2.2353968e+02		1.5390752e+02		6.9632157e+01
3.2100000e+02		3.2200000e+02		3.2150000e+02		4.8024660e+02		9.8537004e+01		2.1514030e+02		1.8927247e+02		1.2914126e+02		6.0131209e+01
3.2200000e+02		3.2300000e+02		3.2250000e+02		4.8228681e+02		9.9550476e+01		2.1762741e+02		1.9162604e+02		1.2956111e+02		6.2064931e+01
3.2300000e+02		3.2400000e+02		3.2350000e+02		4.6607071e+02		9.6776243e+01		2.1183169e+02		1.8668236e+02		1.2506538e+02		6.1616981e+01
3.2400000e+02		3.2500000e+02		3.2450000e+02		5.4882129e+02		1.1463130e+02		2.5123550e+02		2.2159552e+02		1.4708910e+02		7.4506418e+01
3.2500000e+02		3.2600000e+02		3.2550000e+02		6.3196128e+02		1.3276835e+02		2.9136094e+02		2.5720250e+02		1.6914271e+02		8.8059783e+01
3.2600000e+02		3.2700000e+02		3.2650000e+02		7.1301257e+02		1.5066412e+02		3.3106142e+02		2.9249108e+02		1.9055621e+02		1.0193487e+02
3.2700000e+02		3.2800000e+02		3.2750000e+02		6.8984049e+02		1.4660434e+02		3.2255976e+02		2.8521399e+02		1.8407225e+02		1.0114174e+02
3.2800000e+02		3.2900000e+02		3.2850000e+02		6.6596082e+02		1.4233427e+02		3.1357380e+02		2.7749389e+02		1.7739991e+02		1.0009397e+02
3.2900000e+02		3.3000000e+02		3.2950000e+02		7.7527139e+02		1.6663052e+02		3.6758162e+02		3.2554941e+02		2.0614638e+02		1.1940303e+02
3.3000000e+02		3.3100000e+02		3.3050000e+02		7.3029799e+02		1.5784049e+02		3.4864892e+02		3.0902772e+02		1.9381716e+02		1.1521055e+02
3.3100000e+02		3.3200000e+02		3.3150000e+02		6.9881652e+02		1.5187167e+02		3.3590673e+02		2.9796851e+02		1.8508837e+02		1.1288014e+02
3.3200000e+02		3.3300000e+02		3.3250000e+02		6.8562051e+02		1.4982029e+02		3.3180712e+02		2.9456187e+02		1.8120828e+02		1.1335358e+02
3.3300000e+02		3.3400000e+02		3.3350000e+02		6.5878216e+02		1.4473714e+02		3.2097341e+02		2.8516464e+02		1.7372789e+02		1.1143676e+02
3.3400000e+02		3.3500000e+02		3.3450000e+02		6.9405546e+02		1.5330701e+02		3.4042826e+02		3.0268069e+02		1.8260441e+02		1.2007628e+02
3.3500000e+02		3.3600000e+02		3.3550000e+02		6.8541663e+02		1.5220560e+02		3.3843017e+02		3.0113234e+02		1.7989445e+02		1.2123789e+02
3.3600000e+02		3.3700000e+02		3.3650000e+02		5.6469084e+02		1.2605893e+02		2.8066415e+02		2.4992012e+02		1.4783500e+02		1.0208512e+02
3.3700000e+02		3.3800000e+02		3.3750000e+02		5.9573781e+02		1.3368533e+02		2.9803811e+02		2.6558825e+02		1.5555473e+02		1.1003352e+02
3.3800000e+02		3.3900000e+02		3.3850000e+02		6.4448401e+02		1.4537359e+02		3.2452479e+02		2.8940400e+02		1.6782650e+02		1.2157750e+02
3.3900000e+02		3.4000000e+02		3.3950000e+02		6.7448220e+02		1.5292126e+02		3.4182506e+02		3.0505421e+02		1.7514540e+02		1.2990881e+02
3.4000000e+02		3.4100000e+02		3.4050000e+02		7.1196374e+02		1.6224028e+02		3.6313452e+02		3.2430528e+02		1.8434281e+02		1.3996247e+02
3.4100000e+02		3.4200000e+02		3.4150000e+02		6.4984945e+02		1.4883208e+02		3.3356249e+02		2.9810824e+02		1.6775755e+02		1.3035069e+02
3.4200000e+02		3.4300000e+02		3.4250000e+02		7.0477558e+02		1.6221739e+02		3.6403957e+02		3.2557619e+02		1.8137722e+02		1.4419897e+02
3.4300000e+02		3.4400000e+02		3.4350000e+02		6.9264465e+02		1.6021373e+02		3.6001454e+02		3.2220207e+02		1.7769173e+02		1.4451034e+02
3.4400000e+02		3.4500000e+02		3.4450000e+02		5.5710877e+02		1.2949471e+02		2.9136666e+02		2.6094526e+02		1.4245723e+02		1.1848803e+02
3.4500000e+02		3.4600000e+02		3.4550000e+02		6.7138909e+02		1.5681564e+02		3.5329944e+02		3.1662909e+02		1.7110793e+02		1.4552116e+02
3.4600000e+02		3.4700000e+02		3.4650000e+02		6.5194093e+02		1.5300542e+02		3.4516299e+02		3.0954763e+02		1.6558452e+02		1.4396312e+02
3.4700000e+02		3.4800000e+02		3.4750000e+02		6.4525828e+02		1.5215851e+02		3.4369671e+02		3.0844032e+02		1.6331480e+02		1.4512552e+02
3.4800000e+02		3.4900000e+02		3.4850000e+02		6.6761091e+02		1.5817249e+02		3.5774170e+02		3.2125876e+02		1.6836872e+02		1.5289004e+02
3.4900000e+02		3.5000000e+02		3.4950000e+02		6.3989005e+02		1.5231359e+02		3.4493273e+02		3.0996069e+02		1.6078869e+02		1.4917200e+02
3.5000000e+02		3.5100000e+02		3.5050000e+02		7.6650484e+02		1.8329687e+02		4.1562863e+02		3.7373316e+02		1.9188630e+02		1.8184687e+02
3.5100000e+02		3.5200000e+02		3.5150000e+02		7.1211510e+02		1.7107182e+02		3.8840147e+02		3.4947671e+02		1.7759288e+02		1.7188383e+02
3.5200000e+02		3.5300000e+02		3.5250000e+02		6.5785102e+02		1.5875424e+02		3.6089179e+02		3.2493224e+02		1.6342451e+02		1.6150773e+02
3.5300000e+02		3.5400000e+02		3.5350000e+02		7.5263834e+02		1.8244636e+02		4.1527260e+02		3.7413193e+02		1.8623394e+02		1.8789798e+02
3.5400000e+02		3.5500000e+02		3.5450000e+02		8.0329241e+02		1.9559392e+02		4.4575565e+02		4.0184755e+02		1.9796945e+02		2.0387809e+02
3.5500000e+02		3.5600000e+02		3.5550000e+02		7.5433512e+02		1.8448484e+02		4.2096170e+02		3.7973212e+02		1.8514441e+02		1.9458771e+02
3.5600000e+02		3.5700000e+02		3.5650000e+02		6.5576441e+02		1.6107974e+02		3.6801035e+02		3.3217153e+02		1.6028253e+02		1.7188900e+02
3.5700000e+02		3.5800000e+02		3.5750000e+02		5.7307986e+02		1.4137972e+02		3.2340015e+02		2.9208386e+02		1.3948144e+02		1.5260242e+02
3.5800000e+02		3.5900000e+02		3.5850000e+02		4.9194729e+02		1.2188543e+02		2.7914865e+02		2.5226978e+02		1.1922140e+02		1.3304837e+02
3.5900000e+02		3.6000000e+02		3.5950000e+02		7.1030971e+02		1.7673586e+02		4.0526182e+02		3.6645878e+02		1.7139169e+02		1.9506709e+02
3.6000000e+02		3.6100000e+02		3.6050000e+02		7.0092701e+02		1.7513626e+02		4.0207852e+02		3.6379564e+02		1.6838123e+02		1.9541442e+02
3.6100000e+02		3.6200000e+02		3.6150000e+02		6.5110481e+02		1.6336662e+02		3.7550728e+02		3.3995357e+02		1.5571257e+02		1.8424099e+02
3.6200000e+02		3.6300000e+02		3.6250000e+02		7.3500056e+02		1.8517919e+02		4.2615131e+02		3.8602655e+02		1.7497900e+02		2.1104755e+02
3.6300000e+02		3.6400000e+02		3.6350000e+02		7.1558904e+02		1.8102699e+02		4.1708826e+02		3.7803403e+02		1.6957488e+02		2.0845915e+02
3.6400000e+02		3.6500000e+02		3.6450000e+02		7.4837927e+02		1.9009023e+02		4.3848391e+02		3.9765248e+02		1.7651993e+02		2.2113255e+02
3.6500000e+02		3.6600000e+02		3.6550000e+02		8.5179486e+02		2.1722750e+02		5.0166542e+02		4.5520690e+02		1.9996605e+02		2.5524085e+02
3.6600000e+02		3.6700000e+02		3.6650000e+02		9.1042532e+02		2.3310382e+02		5.3895241e+02		4.8931359e+02		2.1271123e+02		2.7660236e+02
3.6700000e+02		3.6800000e+02		3.6750000e+02		8.7909512e+02		2.2596952e+02		5.2305663e+02		4.7514410e+02		2.0440094e+02		2.7074316e+02
3.6800000e+02		3.6900000e+02		3.6850000e+02		8.1047729e+02		2.0914504e+02		4.8466354e+02		4.4050856e+02		1.8752766e+02		2.5298090e+02
3.6900000e+02		3.7000000e+02		3.6950000e+02		8.9967825e+02		2.3306154e+02		5.4069629e+02		4.9170246e+02		2.0714106e+02		2.8456140e+02
3.7000000e+02		3.7100000e+02		3.7050000e+02		8.4427990e+02		2.1954856e+02		5.0991692e+02		4.6396054e+02		1.9341824e+02		2.7054231e+02
3.7100000e+02		3.7200000e+02		3.7150000e+02		8.7164560e+02		2.2752497e+02		5.2902958e+02		4.8160599e+02		1.9868306e+02		2.8292293e+02
3.7200000e+02		3.7300000e+02		3.7250000e+02		7.2411383e+02		1.8972533e+02		4.4162562e+02		4.0224825e+02		1.6421623e+02		2.3803202e+02
3.7300000e+02		3.7400000e+02		3.7350000e+02		6.3155746e+02		1.6609065e+02		3.8703314e+02		3.5270672e+02		1.4249160e+02		2.1021512e+02
3.7400000e+02		3.7500000e+02		3.7450000e+02		6.4642322e+02		1.7062699e+02		3.9803448e+02		3.6291899e+02		1.4509076e+02		2.1782822e+02
3.7500000e+02		3.7600000e+02		3.7550000e+02		7.4036161e+02		1.9613628e+02		4.5803305e+02		4.1783706e+02		1.6530761e+02		2.5252945e+02
3.7600000e+02		3.7700000e+02		3.7650000e+02		7.6758018e+02		2.0408258e+02		4.7709700e+02		4.3544744e+02		1.7048217e+02		2.6496527e+02
3.7700000e+02		3.7800000e+02		3.7750000e+02		9.0048278e+02		2.4027622e+02		5.6230160e+02		5.1347000e+02		1.9893785e+02		3.1453216e+02
3.7800000e+02		3.7900000e+02		3.7850000e+02		9.3786543e+02		2.5113907e+02		5.8833744e+02		5.3751026e+02		2.0608684e+02		3.3142342e+02
3.7900000e+02		3.8000000e+02		3.7950000e+02		7.6051322e+02		2.0436391e+02		4.7925428e+02		4.3806505e+02		1.6621323e+02		2.7185181e+02
3.8000000e+02		3.8100000e+02		3.8050000e+02		8.2814537e+02		2.2331255e+02		5.2422826e+02		4.7940571e+02		1.8000984e+02		2.9939588e+02
3.8100000e+02		3.8200000e+02		3.8150000e+02		7.4366886e+02		2.0122450e+02		4.7285669e+02		4.3263371e+02		1.6076156e+02		2.7187215e+02
3.8200000e+02		3.8300000e+02		3.8250000e+02		5.3336093e+02		1.4481143e+02		3.4063466e+02		3.1180680e+02		1.1466194e+02		1.9714486e+02
3.8300000e+02		3.8400000e+02		3.8350000e+02		4.7073026e+02		1.2823896e+02		3.0195289e+02		2.7652842e+02		1.0063489e+02		1.7589353e+02
3.8400000e+02		3.8500000e+02		3.8450000e+02		6.2969557e+02		1.7211975e+02		4.0567572e+02		3.7169041e+02		1.3386552e+02		2.3782489e+02
3.8500000e+02		3.8600000e+02		3.8550000e+02		6.6694888e+02		1.8290723e+02		4.3152329e+02		3.9555445e+02		1.4098597e+02		2.5456848e+02
3.8600000e+02		3.8700000e+02		3.8650000e+02		6.6977732e+02		1.8428639e+02		4.3519870e+02		3.9910511e+02		1.4078067e+02		2.5832444e+02
3.8700000e+02		3.8800000e+02		3.8750000e+02		6.6902499e+02		1.8467835e+02		4.3654321e+02		4.0051849e+02		1.3981974e+02		2.6069875e+02
3.8800000e+02		3.8900000e+02		3.8850000e+02		6.7841027e+02		1.8787256e+02		4.4451607e+02		4.0801530e+02		1.4096679e+02		2.6704851e+02
3.8900000e+02		3.9000000e+02		3.8950000e+02		8.1451188e+02		2.2628317e+02		5.3590177e+02		4.9211413e+02		1.6826938e+02		3.2384475e+02
3.9000000e+02		3.9100000e+02		3.9050000e+02		8.5560997e+02		2.3845216e+02		5.6524797e+02		5.1928929e+02		1.7573252e+02		3.4355676e+02
3.9100000e+02		3.9200000e+02		3.9150000e+02		9.2006232e+02		2.5721725e+02		6.1029338e+02		5.6091463e+02		1.8786586e+02		3.7304877e+02
3.9200000e+02		3.9300000e+02		3.9250000e+02		7.0614281e+02		1.9802489e+02		4.7027854e+02		4.3241337e+02		1.4333871e+02		2.8907466e+02
3.9300000e+02		3.9400000e+02		3.9350000e+02		4.3291589e+02		1.2177615e+02		2.8946127e+02		2.6626762e+02		8.7357684e+01		1.7890993e+02
3.9400000e+02		3.9500000e+02		3.9450000e+02		7.1565803e+02		2.0192167e+02		4.8039675e+02		4.4208928e+02		1.4355437e+02		2.9853491e+02
3.9500000e+02		3.9600000e+02		3.9550000e+02		8.7888136e+02		2.4872167e+02		5.9226454e+02		5.4526275e+02		1.7524327e+02		3.7001948e+02
3.9600000e+02		3.9700000e+02		3.9650000e+02		6.0712893e+02		1.7232875e+02		4.1071532e+02		3.7827647e+02		1.2033155e+02		2.5794492e+02
3.9700000e+02		3.9800000e+02		3.9750000e+02		6.8053003e+02		1.9373366e+02		4.6213135e+02		4.2580460e+02		1.3406670e+02		2.9173791e+02
3.9800000e+02		3.9900000e+02		3.9850000e+02		1.0480559e+03		2.9923397e+02		7.1440512e+02		6.5851271e+02		2.0522058e+02		4.5329212e+02
3.9900000e+02		4.0000000e+02		3.9950000e+02		1.1577145e+03		3.3150064e+02		7.9211367e+02		7.3043234e+02		2.2531439e+02		5.0511795e+02
4.0000000e+02		4.0100000e+02		4.0050000e+02		1.1939713e+03		3.4286341e+02		8.1995486e+02		7.5640351e+02		2.3095148e+02		5.2545203e+02
4.0100000e+02		4.0200000e+02		4.0150000e+02		1.2509583e+03		3.6024872e+02		8.6224986e+02		7.9573063e+02		2.4049041e+02		5.5524021e+02
4.0200000e+02		4.0300000e+02		4.0250000e+02		1.2664199e+03		3.6572769e+02		8.7608581e+02		8.0881126e+02		2.4196341e+02		5.6684785e+02
4.0300000e+02		4.0400000e+02		4.0350000e+02		1.2115903e+03		3.5086872e+02		8.4117786e+02		7.7688057e+02		2.3005624e+02		5.4682433e+02
4.0400000e+02		4.0500000e+02		4.0450000e+02		1.1914959e+03		3.4600193e+02		8.3018021e+02		7.6701343e+02		2.2483635e+02		5.4217708e+02
4.0500000e+02		4.0600000e+02		4.0550000e+02		1.1904731e+03		3.4664994e+02		8.3239981e+02		7.6935193e+02		2.2324361e+02		5.4610832e+02
4.0600000e+02		4.0700000e+02		4.0650000e+02		1.1388815e+03		3.3252495e+02		7.9911341e+02		7.3886024e+02		2.1223327e+02		5.2662697e+02
4.0700000e+02		4.0800000e+02		4.0750000e+02		1.1575323e+03		3.3887666e+02		8.1501491e+02		7.5383897e+02		2.1435508e+02		5.3948389e+02
4.0800000e+02		4.0900000e+02		4.0850000e+02		1.2307397e+03		3.6126542e+02		8.6953366e+02		8.0455723e+02		2.2647648e+02		5.7808075e+02
4.0900000e+02		4.1000000e+02		4.0950000e+02		1.2243097e+03		3.6032303e+02		8.6792975e+02		8.0336149e+02		2.2386961e+02		5.7949188e+02
4.1000000e+02		4.1100000e+02		4.1050000e+02		1.1216634e+03		3.3097320e+02		7.9783742e+02		7.3874597e+02		2.0380007e+02		5.3494589e+02
4.1100000e+02		4.1200000e+02		4.1150000e+02		1.3003372e+03		3.8468473e+02		9.2800864e+02		8.5957828e+02		2.3476152e+02		6.2481677e+02
4.1200000e+02		4.1300000e+02		4.1250000e+02		1.2760342e+03		3.7845929e+02		9.1366771e+02		8.4658937e+02		2.2890422e+02		6.1768515e+02
4.1300000e+02		4.1400000e+02		4.1350000e+02		1.2308584e+03		3.6598407e+02		8.8419869e+02		8.1956606e+02		2.1938746e+02		6.0017860e+02
4.1400000e+02		4.1500000e+02		4.1450000e+02		1.2488872e+03		3.7227508e+02		9.0005037e+02		8.3454343e+02		2.2117245e+02		6.1337098e+02
4.1500000e+02		4.1600000e+02		4.1550000e+02		1.2477523e+03		3.7285959e+02		9.0211095e+02		8.3673624e+02		2.1954947e+02		6.1718677e+02
4.1600000e+02		4.1700000e+02		4.1650000e+02		1.2947363e+03		3.8785027e+02		9.3904663e+02		8.7128608e+02		2.2634652e+02		6.4493956e+02
4.1700000e+02		4.1800000e+02		4.1750000e+02		1.1781342e+03		3.5377986e+02		8.5715876e+02		7.9556997e+02		2.0462952e+02		5.9094045e+02
4.1800000e+02		4.1900000e+02		4.1850000e+02		1.2217101e+03		3.6774936e+02		8.9162429e+02		8.2782975e+02		2.1082175e+02		6.1700800e+02
4.1900000e+02		4.2000000e+02		4.1950000e+02		1.2338424e+03		3.7228780e+02		9.0324863e+02		8.3889385e+02		2.1153080e+02		6.2736306e+02
4.2000000e+02		4.2100000e+02		4.2050000e+02		1.2494927e+03		3.7790116e+02		9.1749150e+02		8.5239494e+02		2.1281754e+02		6.3957740e+02
4.2100000e+02		4.2200000e+02		4.2150000e+02		1.2299982e+03		3.7287605e+02		9.0590037e+02		8.4189307e+02		2.0812836e+02		6.3376471e+02
4.2200000e+02		4.2300000e+02		4.2250000e+02		1.1657134e+03		3.5420735e+02		8.6111758e+02		8.0052560e+02		1.9595898e+02		6.0456661e+02
4.2300000e+02		4.2400000e+02		4.2350000e+02		1.2419943e+03		3.7825220e+02		9.2017868e+02		8.5569659e+02		2.0741172e+02		6.4828487e+02
4.2400000e+02		4.2500000e+02		4.2450000e+02		1.2850442e+03		3.9225314e+02		9.5486031e+02		8.8822084e+02		2.1318956e+02		6.7503129e+02
4.2500000e+02		4.2600000e+02		4.2550000e+02		1.2367256e+03		3.7835436e+02		9.2161978e+02		8.5756099e+02		2.0382124e+02		6.5373975e+02
4.2600000e+02		4.2700000e+02		4.2650000e+02		1.2316584e+03		3.7764463e+02		9.2047700e+02		8.5675555e+02		2.0164564e+02		6.5510991e+02
4.2700000e+02		4.2800000e+02		4.2750000e+02		1.1420512e+03		3.5094330e+02		8.5593378e+02		7.9691786e+02		1.8573811e+02		6.1117975e+02
4.2800000e+02		4.2900000e+02		4.2850000e+02		1.1495483e+03		3.5401997e+02		8.6397576e+02		8.0464263e+02		1.8571806e+02		6.1892458e+02
4.2900000e+02		4.3000000e+02		4.2950000e+02		1.0698649e+03		3.3019425e+02		8.0632654e+02		7.5117168e+02		1.7169675e+02		5.7947493e+02
4.3000000e+02		4.3100000e+02		4.3050000e+02		8.6065012e+02		2.6619398e+02		6.5043573e+02		6.0611931e+02		1.3720215e+02		4.6891716e+02
4.3100000e+02		4.3200000e+02		4.3150000e+02		1.0641754e+03		3.2984271e+02		8.0644526e+02		7.5171430e+02		1.6851700e+02		5.8319730e+02
4.3200000e+02		4.3300000e+02		4.3250000e+02		1.1990384e+03		3.7242603e+02		9.1110199e+02		8.4950870e+02		1.8860580e+02		6.6090289e+02
4.3300000e+02		4.3400000e+02		4.3350000e+02		1.3017454e+03		4.0517019e+02		9.9179200e+02		9.2500291e+02		2.0339247e+02		7.2161044e+02
4.3400000e+02		4.3500000e+02		4.3450000e+02		1.1054356e+03		3.4477892e+02		8.4445630e+02		7.8780747e+02		1.7156341e+02		6.1624406e+02
4.3500000e+02		4.3600000e+02		4.3550000e+02		1.2347447e+03		3.8589726e+02		9.4571166e+02		8.8251245e+02		1.9034721e+02		6.9216525e+02
4.3600000e+02		4.3700000e+02		4.3650000e+02		1.3814970e+03		4.3263658e+02		1.0608601e+03		9.9023483e+02		2.1154036e+02		7.7869446e+02
4.3700000e+02		4.3800000e+02		4.3750000e+02		1.2223713e+03		3.8357191e+02		9.4108061e+02		8.7866567e+02		1.8591584e+02		6.9274982e+02
4.3800000e+02		4.3900000e+02		4.3850000e+02		1.1905029e+03		3.7431407e+02		9.1887966e+02		8.5816548e+02		1.7984974e+02		6.7831574e+02
4.3900000e+02		4.4000000e+02		4.3950000e+02		1.3250738e+03		4.1744528e+02		1.0253257e+03		9.5783049e+02		1.9882995e+02		7.5900054e+02
4.4000000e+02		4.4100000e+02		4.4050000e+02		1.2562739e+03		3.9654226e+02		9.7451597e+02		9.1060283e+02		1.8723407e+02		7.2336876e+02
4.4100000e+02		4.4200000e+02		4.4150000e+02		1.3817384e+03		4.3698703e+02		1.0744906e+03		1.0042798e+03		2.0454163e+02		7.9973820e+02
4.4200000e+02		4.4300000e+02		4.4250000e+02		1.4526378e+03		4.6028798e+02		1.1323893e+03		1.0586656e+03		2.1358230e+02		8.4508332e+02
4.4300000e+02		4.4400000e+02		4.4350000e+02		1.4050936e+03		4.4606611e+02		1.0979811e+03		1.0267571e+03		2.0519276e+02		8.2156434e+02
4.4400000e+02		4.4500000e+02		4.4450000e+02		1.4475318e+03		4.6040065e+02		1.1338577e+03		1.0605719e+03		2.0995716e+02		8.5061472e+02
4.4500000e+02		4.4600000e+02		4.4550000e+02		1.3420773e+03		4.2765292e+02		1.0537524e+03		9.8588834e+02		1.9334056e+02		7.9254778e+02
4.4600000e+02		4.4700000e+02		4.4650000e+02		1.3689269e+03		4.3701121e+02		1.0773623e+03		1.0082250e+03		1.9586903e+02		8.1235595e+02
4.4700000e+02		4.4800000e+02		4.4750000e+02		1.4837056e+03		4.7451602e+02		1.1704146e+03		1.0955718e+03		2.1084856e+02		8.8472319e+02
4.4800000e+02		4.4900000e+02		4.4850000e+02		1.4587166e+03		4.6736628e+02		1.1533563e+03		1.0798637e+03		2.0588687e+02		8.7397682e+02
4.4900000e+02		4.5000000e+02		4.4950000e+02		1.4737837e+03		4.7303804e+02		1.1679307e+03		1.0937695e+03		2.0659692e+02		8.8717260e+02
4.5000000e+02		4.5100000e+02		4.5050000e+02		1.5636828e+03		5.0278171e+02		1.2419755e+03		1.1633865e+03		2.1770520e+02		9.4568134e+02
4.5100000e+02		4.5200000e+02		4.5150000e+02		1.5589734e+03		5.0214682e+02		1.2410078e+03		1.1627511e+03		2.1556918e+02		9.4718190e+02
4.5200000e+02		4.5300000e+02		4.5250000e+02		1.4757889e+03		4.7617900e+02		1.1773945e+03		1.1034037e+03		2.0267394e+02		9.0072974e+02
4.5300000e+02		4.5400000e+02		4.5350000e+02		1.4141855e+03		4.5708737e+02		1.1307242e+03		1.0599083e+03		1.9288736e+02		8.6702096e+02
4.5400000e+02		4.5500000e+02		4.5450000e+02		1.5096596e+03		4.8877799e+02		1.2096857e+03		1.1341810e+03		2.0450233e+02		9.2967871e+02
4.5500000e+02		4.5600000e+02		4.5550000e+02		1.4952815e+03		4.8494037e+02		1.2007442e+03		1.1260497e+03		2.0116953e+02		9.2488013e+02
4.5600000e+02		4.5700000e+02		4.5650000e+02		1.5527317e+03		5.0441459e+02		1.2495363e+03		1.1720662e+03		2.0746938e+02		9.6459683e+02
4.5700000e+02		4.5800000e+02		4.5750000e+02		1.5677329e+03		5.1013166e+02		1.2642717e+03		1.1861482e+03		2.0803980e+02		9.7810844e+02
4.5800000e+02		4.5900000e+02		4.5850000e+02		1.4734199e+03		4.8022961e+02		1.1906986e+03		1.1173641e+03		1.9418521e+02		9.2317889e+02
4.5900000e+02		4.6000000e+02		4.5950000e+02		1.5222067e+03		4.9693720e+02		1.2326708e+03		1.1569999e+03		1.9924028e+02		9.5775965e+02
4.6000000e+02		4.6100000e+02		4.6050000e+02		1.5039223e+03		4.9175876e+02		1.2203609e+03		1.1456896e+03		1.9549763e+02		9.5019192e+02
4.6100000e+02		4.6200000e+02		4.6150000e+02		1.5386000e+03		5.0390036e+02		1.2510348e+03		1.1747341e+03		1.9863384e+02		9.7610025e+02
4.6200000e+02		4.6300000e+02		4.6250000e+02		1.5538294e+03		5.0969222e+02		1.2659578e+03		1.1889949e+03		1.9922376e+02		9.8977117e+02
4.6300000e+02		4.6400000e+02		4.6350000e+02		1.5018384e+03		4.9340910e+02		1.2260350e+03		1.1517370e+03		1.9123627e+02		9.6050076e+02
4.6400000e+02		4.6500000e+02		4.6450000e+02		1.5281564e+03		5.0283401e+02		1.2499794e+03		1.1744705e+03		1.9325165e+02		9.8121889e+02
4.6500000e+02		4.6600000e+02		4.6550000e+02		1.4760608e+03		4.8643819e+02		1.2097243e+03		1.1368773e+03		1.8538182e+02		9.5149550e+02
4.6600000e+02		4.6700000e+02		4.6650000e+02		1.4854121e+03		4.9026478e+02		1.2197422e+03		1.1465217e+03		1.8527490e+02		9.6124679e+02
4.6700000e+02		4.6800000e+02		4.6750000e+02		1.4997486e+03		4.9574270e+02		1.2338728e+03		1.1600342e+03		1.8577795e+02		9.7425620e+02
4.6800000e+02		4.6900000e+02		4.6850000e+02		1.4665907e+03		4.8550622e+02		1.2088812e+03		1.1367615e+03		1.8042226e+02		9.5633923e+02
4.6900000e+02		4.7000000e+02		4.6950000e+02		1.5086728e+03		5.0017602e+02		1.2459041e+03		1.1718036e+03		1.8432371e+02		9.8747987e+02
4.7000000e+02		4.7100000e+02		4.7050000e+02		1.4256243e+03		4.7333524e+02		1.1795101e+03		1.1095720e+03		1.7297996e+02		9.3659206e+02
4.7100000e+02		4.7200000e+02		4.7150000e+02		1.4904926e+03		4.9559118e+02		1.2354513e+03		1.1624179e+03		1.7960760e+02		9.8281028e+02
4.7200000e+02		4.7300000e+02		4.7250000e+02		1.5269264e+03		5.0843561e+02		1.2679597e+03		1.1932298e+03		1.8273296e+02		1.0104969e+03
4.7300000e+02		4.7400000e+02		4.7350000e+02		1.4995420e+03		5.0002853e+02		1.2474695e+03		1.1741667e+03		1.7822192e+02		9.9594480e+02
4.7400000e+02		4.7500000e+02		4.7450000e+02		1.5448084e+03		5.1584985e+02		1.2874262e+03		1.2119998e+03		1.8233947e+02		1.0296604e+03
4.7500000e+02		4.7600000e+02		4.7550000e+02		1.5413846e+03		5.1542626e+02		1.2868493e+03		1.2116788e+03		1.8068437e+02		1.0309945e+03
4.7600000e+02		4.7700000e+02		4.7650000e+02		1.4853490e+03		4.9737645e+02		1.2422437e+03		1.1698911e+03		1.7291856e+02		9.9697254e+02
4.7700000e+02		4.7800000e+02		4.7750000e+02		1.5508368e+03		5.2001804e+02		1.2992679e+03		1.2238139e+03		1.7930105e+02		1.0445129e+03
4.7800000e+02		4.7900000e+02		4.7850000e+02		1.5358791e+03		5.1570272e+02		1.2889520e+03		1.2143132e+03		1.7635084e+02		1.0379623e+03
4.7900000e+02		4.8000000e+02		4.7950000e+02		1.5403519e+03		5.1790122e+02		1.2949102e+03		1.2201413e+03		1.7564849e+02		1.0444928e+03
4.8000000e+02		4.8100000e+02		4.8050000e+02		1.5442750e+03		5.1991317e+02		1.3004009e+03		1.2255287e+03		1.7488533e+02		1.0506434e+03
4.8100000e+02		4.8200000e+02		4.8150000e+02		1.5475498e+03		5.2170456e+02		1.3053386e+03		1.2303947e+03		1.7405159e+02		1.0563431e+03
4.8200000e+02		4.8300000e+02		4.8250000e+02		1.5416562e+03		5.2039852e+02		1.3025221e+03		1.2279500e+03		1.7219713e+02		1.0557528e+03
4.8300000e+02		4.8400000e+02		4.8350000e+02		1.5183412e+03		5.1319351e+02		1.2849290e+03		1.2115693e+03		1.6842760e+02		1.0431417e+03
4.8400000e+02		4.8500000e+02		4.8450000e+02		1.4920771e+03		5.0496481e+02		1.2647551e+03		1.1927473e+03		1.6437705e+02		1.0283702e+03
4.8500000e+02		4.8600000e+02		4.8550000e+02		1.4021236e+03		4.7512629e+02		1.1904200e+03		1.1228309e+03		1.5340617e+02		9.6942471e+02
4.8600000e+02		4.8700000e+02		4.8650000e+02		1.2173217e+03		4.1302464e+02		1.0351693e+03		9.7655559e+02		1.3227238e+02		8.4428321e+02
4.8700000e+02		4.8800000e+02		4.8750000e+02		1.3927585e+03		4.7313949e+02		1.1862259e+03		1.1192413e+03		1.5029606e+02		9.6894526e+02
4.8800000e+02		4.8900000e+02		4.8850000e+02		1.4651201e+03		4.9833846e+02		1.2498097e+03		1.1794249e+03		1.5701956e+02		1.0224053e+03
4.8900000e+02		4.9000000e+02		4.8950000e+02		1.4372192e+03		4.8944855e+02		1.2279094e+03		1.1589431e+03		1.5297240e+02		1.0059707e+03
4.9000000e+02		4.9100000e+02		4.9050000e+02		1.5307557e+03		5.2193676e+02		1.3098317e+03		1.2364599e+03		1.6181039e+02		1.0746495e+03
4.9100000e+02		4.9200000e+02		4.9150000e+02		1.4425606e+03		4.9245800e+02		1.2362427e+03		1.1671759e+03		1.5144186e+02		1.0157340e+03
4.9200000e+02		4.9300000e+02		4.9250000e+02		1.3729411e+03		4.6925119e+02		1.1783529e+03		1.1126931e+03		1.4314498e+02		9.6954808e+02
4.9300000e+02		4.9400000e+02		4.9350000e+02		1.4509629e+03		4.9650472e+02		1.2471752e+03		1.1778615e+03		1.5024287e+02		1.0276186e+03
4.9400000e+02		4.9500000e+02		4.9450000e+02		1.4929449e+03		5.1146952e+02		1.2851580e+03		1.2139181e+03		1.5353090e+02		1.0603872e+03
4.9500000e+02		4.9600000e+02		4.9550000e+02		1.4663156e+03		5.0293018e+02		1.2640836e+03		1.1941919e+03		1.4975973e+02		1.0444322e+03
4.9600000e+02		4.9700000e+02		4.9650000e+02		1.4846220e+03		5.0979527e+02		1.2817220e+03		1.2110360e+03		1.5059142e+02		1.0604445e+03
4.9700000e+02		4.9800000e+02		4.9750000e+02		1.5123203e+03		5.1989879e+02		1.3075114e+03		1.2355858e+03		1.5235127e+02		1.0832345e+03
4.9800000e+02		4.9900000e+02		4.9850000e+02		1.3744029e+03		4.7302021e+02		1.1899636e+03		1.1246689e+03		1.3751042e+02		9.8715851e+02
4.9900000e+02		5.0000000e+02		4.9950000e+02		1.4721832e+03		5.0724018e+02		1.2764200e+03		1.2065564e+03		1.4628640e+02		1.0602700e+03
