Left Bin Edge (nm)	Right Bin Edge (nm)	Bin Center (nm)		Top of Atm Intensity (erg/s/nm/cm2)		Total Surface Flux (erg/s/nm/cm2)		Total Intensity at BOA (erg/s/nm/cm2)		Total Surface Intensity (erg/s/nm/cm2)		Total Surface Diffuse Intensity (erg/s/nm/cm2)		Total Surface Direct Intensity (erg/s/nm/cm2)
1.0000000e+02		1.0100000e+02		1.0050000e+02		4.4569042e-02		2.4525374e-199		0.0000000e+00		4.2479194e-199		4.2479194e-199		0.0000000e+00
1.0100000e+02		1.0200000e+02		1.0150000e+02		1.7387199e-01		2.8780739e-197		0.0000000e+00		4.9849702e-197		4.9849702e-197		0.0000000e+00
1.0200000e+02		1.0300000e+02		1.0250000e+02		9.2286085e-01		3.0760918e-195		0.0000000e+00		5.3279473e-195		5.3279473e-195		0.0000000e+00
1.0300000e+02		1.0400000e+02		1.0350000e+02		7.0094286e-01		3.0025221e-193		0.0000000e+00		5.2005208e-193		5.2005208e-193		0.0000000e+00
1.0400000e+02		1.0500000e+02		1.0450000e+02		1.4124828e-01		2.6834657e-191		0.0000000e+00		4.6478989e-191		4.6478989e-191		0.0000000e+00
1.0500000e+02		1.0600000e+02		1.0550000e+02		4.8389941e-02		2.2015024e-189		0.0000000e+00		3.8131140e-189		3.8131140e-189		0.0000000e+00
1.0600000e+02		1.0700000e+02		1.0650000e+02		4.5487167e-02		1.6619001e-187		0.0000000e+00		2.8784954e-187		2.8784954e-187		0.0000000e+00
1.0700000e+02		1.0800000e+02		1.0750000e+02		5.0757295e-02		1.1570805e-185		0.0000000e+00		2.0041222e-185		2.0041222e-185		0.0000000e+00
1.0800000e+02		1.0900000e+02		1.0850000e+02		7.1152114e-02		7.4467741e-184		0.0000000e+00		1.2898191e-183		1.2898191e-183		0.0000000e+00
1.0900000e+02		1.1000000e+02		1.0950000e+02		5.5817450e-02		4.4397254e-182		0.0000000e+00		7.6898299e-182		7.6898299e-182		0.0000000e+00
1.1000000e+02		1.1100000e+02		1.1050000e+02		5.4043772e-02		2.4571455e-180		0.0000000e+00		4.2559008e-180		4.2559008e-180		0.0000000e+00
1.1100000e+02		1.1200000e+02		1.1150000e+02		5.0797691e-02		1.2649212e-178		0.0000000e+00		2.1909078e-178		2.1909078e-178		0.0000000e+00
1.1200000e+02		1.1300000e+02		1.1250000e+02		5.1969037e-02		6.0686758e-177		0.0000000e+00		1.0511255e-176		1.0511255e-176		0.0000000e+00
1.1300000e+02		1.1400000e+02		1.1350000e+02		4.1221387e-02		2.7185207e-175		0.0000000e+00		4.7086160e-175		4.7086160e-175		0.0000000e+00
1.1400000e+02		1.1500000e+02		1.1450000e+02		3.1562600e-02		1.1390995e-173		0.0000000e+00		1.9729782e-173		1.9729782e-173		0.0000000e+00
1.1500000e+02		1.1600000e+02		1.1550000e+02		4.3552050e-02		4.4723508e-172		0.0000000e+00		7.7463387e-172		7.7463387e-172		0.0000000e+00
1.1600000e+02		1.1700000e+02		1.1650000e+02		1.0143732e-01		1.6481019e-170		0.0000000e+00		2.8545963e-170		2.8545963e-170		0.0000000e+00
1.1700000e+02		1.1800000e+02		1.1750000e+02		3.6108525e-01		5.7096623e-169		0.0000000e+00		9.8894253e-169		9.8894253e-169		0.0000000e+00
1.1800000e+02		1.1900000e+02		1.1850000e+02		1.2283927e-01		1.8624905e-167		0.0000000e+00		3.2259282e-167		3.2259282e-167		0.0000000e+00
1.1900000e+02		1.2000000e+02		1.1950000e+02		1.7115732e-01		5.7292158e-166		0.0000000e+00		9.9232928e-166		9.9232928e-166		0.0000000e+00
1.2000000e+02		1.2100000e+02		1.2050000e+02		9.3056497e-01		1.6643706e-164		0.0000000e+00		2.8827744e-164		2.8827744e-164		0.0000000e+00
1.2100000e+02		1.2200000e+02		1.2150000e+02		3.6941242e+01		4.5726924e-163		0.0000000e+00		7.9201355e-163		7.9201355e-163		0.0000000e+00
1.2200000e+02		1.2300000e+02		1.2250000e+02		2.4773856e-01		1.1897485e-161		0.0000000e+00		2.0607048e-161		2.0607048e-161		0.0000000e+00
1.2300000e+02		1.2400000e+02		1.2350000e+02		1.3344721e-01		2.9354525e-160		3.4291052e-161		5.0843529e-160		5.0843529e-160		0.0000000e+00
1.2400000e+02		1.2500000e+02		1.2450000e+02		1.0726631e-01		6.8768354e-159		8.2612201e-160		1.1911028e-158		1.1911028e-158		0.0000000e+00
1.2500000e+02		1.2600000e+02		1.2550000e+02		1.0471361e-01		1.5315634e-157		1.8896311e-158		2.6527455e-157		2.6527455e-157		0.0000000e+00
1.2600000e+02		1.2700000e+02		1.2650000e+02		1.4644878e-01		3.2466557e-156		4.1123697e-157		5.6233726e-156		5.6233726e-156		0.0000000e+00
1.2700000e+02		1.2800000e+02		1.2750000e+02		7.6659940e-02		6.5584028e-155		8.5250655e-156		1.1359487e-154		1.1359487e-154		0.0000000e+00
1.2800000e+02		1.2900000e+02		1.2850000e+02		6.1165494e-02		1.2638934e-153		1.6853297e-154		2.1891276e-153		2.1891276e-153		0.0000000e+00
1.2900000e+02		1.3000000e+02		1.2950000e+02		8.1594975e-02		2.3262056e-152		3.1807427e-153		4.0291063e-152		4.0291063e-152		0.0000000e+00
1.3000000e+02		1.3100000e+02		1.3050000e+02		6.7007791e-01		4.0932779e-151		5.7370991e-152		7.0897653e-151		7.0897653e-151		0.0000000e+00
1.3100000e+02		1.3200000e+02		1.3150000e+02		9.0731094e-02		6.8932814e-150		9.8998203e-151		1.1939514e-149		1.1939514e-149		0.0000000e+00
1.3200000e+02		1.3300000e+02		1.3250000e+02		7.0547730e-02		1.1121033e-148		1.6359468e-149		1.9262194e-148		1.9262194e-148		0.0000000e+00
1.3300000e+02		1.3400000e+02		1.3350000e+02		9.5357088e-01		1.7204747e-147		2.5914308e-148		2.9799496e-147		2.9799496e-147		0.0000000e+00
1.3400000e+02		1.3500000e+02		1.3450000e+02		6.5246966e-02		2.5547168e-146		3.9386653e-147		4.4248992e-146		4.4248992e-146		0.0000000e+00
1.3500000e+02		1.3600000e+02		1.3550000e+02		1.3692679e-01		3.6443800e-145		5.7490754e-146		6.3122514e-145		6.3122514e-145		0.0000000e+00
1.3600000e+02		1.3700000e+02		1.3650000e+02		8.9861989e-02		4.9989021e-144		8.0662014e-145		8.6583524e-144		8.6583524e-144		0.0000000e+00
1.3700000e+02		1.3800000e+02		1.3750000e+02		9.2282630e-02		6.5988471e-143		1.0887821e-143		1.1429538e-142		1.1429538e-142		0.0000000e+00
1.3800000e+02		1.3900000e+02		1.3850000e+02		9.4180145e-02		8.3900707e-142		1.4150655e-142		1.4532029e-141		1.4532029e-141		0.0000000e+00
1.3900000e+02		1.4000000e+02		1.3950000e+02		3.1801144e-01		1.0282970e-140		1.7722699e-141		1.7810627e-140		1.7810627e-140		0.0000000e+00
1.4000000e+02		1.4100000e+02		1.4050000e+02		2.7729440e-01		1.2158169e-139		2.1406452e-140		2.1058567e-139		2.1058567e-139		0.0000000e+00
1.4100000e+02		1.4200000e+02		1.4150000e+02		1.3359910e-01		1.3878612e-138		2.4954977e-139		2.4038460e-138		2.4038460e-138		0.0000000e+00
1.4200000e+02		1.4300000e+02		1.4250000e+02		1.4479671e-01		1.5306446e-137		2.8099082e-138		2.6511543e-137		2.6511543e-137		0.0000000e+00
1.4300000e+02		1.4400000e+02		1.4350000e+02		1.6064305e-01		1.6321743e-136		3.0581944e-137		2.8270088e-136		2.8270088e-136		0.0000000e+00
1.4400000e+02		1.4500000e+02		1.4450000e+02		1.5363637e-01		1.6839418e-135		3.2194671e-136		2.9166727e-135		2.9166727e-135		0.0000000e+00
1.4500000e+02		1.4600000e+02		1.4550000e+02		1.6382583e-01		1.6821016e-134		3.2805564e-135		2.9134855e-134		2.9134855e-134		0.0000000e+00
1.4600000e+02		1.4700000e+02		1.4650000e+02		1.9977093e-01		1.6279089e-133		3.2377734e-134		2.8196210e-133		2.8196210e-133		0.0000000e+00
1.4700000e+02		1.4800000e+02		1.4750000e+02		2.4643334e-01		1.5273586e-132		3.0971546e-133		2.6454627e-132		2.6454627e-132		0.0000000e+00
1.4800000e+02		1.4900000e+02		1.4850000e+02		2.4167300e-01		1.3901373e-131		2.8732369e-132		2.4077885e-131		2.4077885e-131		0.0000000e+00
1.4900000e+02		1.5000000e+02		1.4950000e+02		2.1832777e-01		1.2281335e-130		2.5866671e-131		2.1271896e-130		2.1271896e-130		0.0000000e+00
1.5000000e+02		1.5100000e+02		1.5050000e+02		2.4023073e-01		1.0538117e-129		2.2611585e-130		1.8252554e-129		1.8252554e-129		0.0000000e+00
1.5100000e+02		1.5200000e+02		1.5150000e+02		2.5258505e-01		8.7874229e-129		1.9204204e-129		1.5220263e-128		1.5220263e-128		0.0000000e+00
1.5200000e+02		1.5300000e+02		1.5250000e+02		3.2229547e-01		7.1250197e-128		1.5855639e-128		1.2340896e-127		1.2340896e-127		0.0000000e+00
1.5300000e+02		1.5400000e+02		1.5350000e+02		3.5701286e-01		5.6205031e-127		1.2733065e-127		9.7349969e-127		9.7349969e-127		0.0000000e+00
1.5400000e+02		1.5500000e+02		1.5450000e+02		9.5486931e-01		4.3157993e-126		9.9512689e-127		7.4751836e-126		7.4751836e-126		0.0000000e+00
1.5500000e+02		1.5600000e+02		1.5550000e+02		7.8587524e-01		3.2275321e-125		7.5726782e-126		5.5902496e-125		5.5902496e-125		0.0000000e+00
1.5600000e+02		1.5700000e+02		1.5650000e+02		4.6648084e-01		2.3519265e-124		5.6139621e-125		4.0736562e-124		4.0736562e-124		0.0000000e+00
1.5700000e+02		1.5800000e+02		1.5750000e+02		4.2309893e-01		1.6708435e-123		4.0565071e-124		2.8939859e-123		2.8939859e-123		0.0000000e+00
1.5800000e+02		1.5900000e+02		1.5850000e+02		3.9008072e-01		1.1577538e-122		2.8583157e-123		2.0052884e-122		2.0052884e-122		0.0000000e+00
1.5900000e+02		1.6000000e+02		1.5950000e+02		3.8042347e-01		7.8283317e-122		1.9649564e-122		1.3559068e-121		1.3559068e-121		0.0000000e+00
1.6000000e+02		1.6100000e+02		1.6050000e+02		4.1635449e-01		5.1676618e-121		1.3184899e-121		8.9506527e-121		8.9506527e-121		0.0000000e+00
1.6100000e+02		1.6200000e+02		1.6150000e+02		4.7164413e-01		3.3318469e-120		8.6392782e-121		5.7709282e-120		5.7709282e-120		0.0000000e+00
1.6200000e+02		1.6300000e+02		1.6250000e+02		5.2241459e-01		2.0990916e-119		5.5303527e-120		3.6357332e-119		3.6357332e-119		0.0000000e+00
1.6300000e+02		1.6400000e+02		1.6350000e+02		1.1072121e+00		1.2927604e-118		3.4600640e-119		2.2391267e-118		2.2391267e-118		0.0000000e+00
1.6400000e+02		1.6500000e+02		1.6450000e+02		1.1323318e+00		7.7861978e-118		2.1166485e-118		1.3486090e-117		1.3486090e-117		0.0000000e+00
1.6500000e+02		1.6600000e+02		1.6550000e+02		1.3255566e+00		4.5880600e-117		1.2666002e-117		7.9467530e-117		7.9467530e-117		0.0000000e+00
1.6600000e+02		1.6700000e+02		1.6650000e+02		6.2522883e-01		2.6460681e-116		7.4168304e-117		4.5831244e-116		4.5831244e-116		0.0000000e+00
1.6700000e+02		1.6800000e+02		1.6750000e+02		6.6723830e-01		1.4942009e-115		4.2515649e-116		2.5880318e-115		2.5880318e-115		0.0000000e+00
1.6800000e+02		1.6900000e+02		1.6850000e+02		7.1904320e-01		8.2644851e-115		2.3868397e-115		1.4314508e-114		1.4314508e-114		0.0000000e+00
1.6900000e+02		1.7000000e+02		1.6950000e+02		9.0554889e-01		4.4790149e-114		1.3126822e-114		7.7578813e-114		7.7578813e-114		0.0000000e+00
1.7000000e+02		1.7100000e+02		1.7050000e+02		1.0161854e+00		2.3793792e-113		7.0755728e-114		4.1212057e-113		4.1212057e-113		0.0000000e+00
1.7100000e+02		1.7200000e+02		1.7150000e+02		1.0130704e+00		1.2394019e-112		3.7390813e-113		2.1467071e-112		2.1467071e-112		0.0000000e+00
1.7200000e+02		1.7300000e+02		1.7250000e+02		1.0571150e+00		6.3325219e-112		1.9378602e-112		1.0968250e-111		1.0968250e-111		0.0000000e+00
1.7300000e+02		1.7400000e+02		1.7350000e+02		1.0479596e+00		3.1746991e-111		9.8533209e-112		5.4987402e-111		5.4987402e-111		0.0000000e+00
1.7400000e+02		1.7500000e+02		1.7450000e+02		1.2530722e+00		1.5621826e-110		4.9168681e-111		2.7057796e-110		2.7057796e-110		0.0000000e+00
1.7500000e+02		1.7600000e+02		1.7550000e+02		1.4954862e+00		7.5474485e-110		2.4091321e-110		1.3072564e-109		1.3072564e-109		0.0000000e+00
1.7600000e+02		1.7700000e+02		1.7650000e+02		1.6135596e+00		3.5813581e-109		1.1590754e-109		6.2030941e-109		6.2030941e-109		0.0000000e+00
1.7700000e+02		1.7800000e+02		1.7750000e+02		1.9010195e+00		1.6695682e-108		5.4784077e-109		2.8917769e-108		2.8917769e-108		0.0000000e+00
1.7800000e+02		1.7900000e+02		1.7850000e+02		2.0776624e+00		7.6488947e-108		2.5446242e-108		1.3248274e-107		1.3248274e-107		0.0000000e+00
1.7900000e+02		1.8000000e+02		1.7950000e+02		2.0198657e+00		3.4447269e-107		1.1620423e-107		5.9664421e-107		5.9664421e-107		0.0000000e+00
1.8000000e+02		1.8100000e+02		1.8050000e+02		2.4976225e+00		1.5254572e-106		5.2176972e-107		2.6421693e-106		2.6421693e-106		0.0000000e+00
1.8100000e+02		1.8200000e+02		1.8150000e+02		3.0410490e+00		6.6442766e-106		2.3051157e-106		1.1508225e-105		1.1508225e-105		0.0000000e+00
1.8200000e+02		1.8300000e+02		1.8250000e+02		2.8073836e+00		2.8470681e-105		1.0031785e-105		4.9312666e-105		4.9312666e-105		0.0000000e+00
1.8300000e+02		1.8400000e+02		1.8350000e+02		2.9562417e+00		1.2006744e-104		4.2887140e-105		2.0796291e-104		2.0796291e-104		0.0000000e+00
1.8400000e+02		1.8500000e+02		1.8450000e+02		2.5409769e+00		4.9833408e-104		1.8125417e-104		8.6313994e-104		8.6313994e-104		0.0000000e+00
1.8500000e+02		1.8600000e+02		1.8550000e+02		2.8735562e+00		2.0369718e-103		7.5047753e-104		3.5281386e-103		3.5281386e-103		0.0000000e+00
1.8600000e+02		1.8700000e+02		1.8650000e+02		3.2604304e+00		8.1962032e-103		3.0899115e-103		1.4196240e-102		1.4196240e-102		0.0000000e+00
1.8700000e+02		1.8800000e+02		1.8750000e+02		3.6946466e+00		3.2502100e-102		1.2422578e-102		5.6295289e-102		5.6295289e-102		0.0000000e+00
1.8800000e+02		1.8900000e+02		1.8850000e+02		3.8870616e+00		1.2688522e-101		5.0004174e-102		2.1977165e-101		2.1977165e-101		0.0000000e+00
1.8900000e+02		1.9000000e+02		1.8950000e+02		4.3106081e+00		4.8855485e-101		1.9567442e-101		8.4620183e-101		8.4620183e-101		0.0000000e+00
1.9000000e+02		1.9100000e+02		1.9050000e+02		4.4384288e+00		1.8518289e-100		7.7186709e-101		3.2074618e-100		3.2074618e-100		0.0000000e+00
1.9100000e+02		1.9200000e+02		1.9150000e+02		4.8094361e+00		6.9231952e-100		2.9809171e-100		1.1991326e-99		1.1991326e-99		0.0000000e+00
1.9200000e+02		1.9300000e+02		1.9250000e+02		5.0365493e+00		2.5518102e-99		1.1387253e-99		4.4198650e-99		4.4198650e-99		7.9296468e-308
1.9300000e+02		1.9400000e+02		1.9350000e+02		3.8447944e+00		9.2618174e-99		4.3782496e-99		1.6041938e-98		1.6041938e-98		3.0090778e-212
1.9400000e+02		1.9500000e+02		1.9450000e+02		6.1679797e+00		3.3173285e-98		1.6484828e-98		5.7457816e-98		5.7457816e-98		2.8993718e-164
1.9500000e+02		1.9600000e+02		1.9550000e+02		5.9528271e+00		1.1665263e-97		1.8003309e-95		2.0204829e-97		2.0204829e-97		8.9137973e-106
1.9600000e+02		1.9700000e+02		1.9650000e+02		6.5508102e+00		3.0106029e-82		2.1962429e-77		3.3175625e-82		7.2627434e-83		2.5912882e-82
1.9700000e+02		1.9800000e+02		1.9750000e+02		6.5190955e+00		1.4549447e-60		6.6026172e-57		1.6568529e-60		4.7771985e-61		1.1791330e-60
1.9800000e+02		1.9900000e+02		1.9850000e+02		6.3883794e+00		2.4446266e-40		8.5486324e-38		2.9681910e-40		1.2387666e-40		1.7294244e-40
1.9900000e+02		2.0000000e+02		1.9950000e+02		6.7274707e+00		4.2977519e-28		3.3343432e-26		5.6783709e-28		3.2665797e-28		2.4117912e-28
2.0000000e+02		2.0100000e+02		2.0050000e+02		7.1125146e+00		2.6388824e-20		8.3661421e-19		3.8854377e-20		2.9493815e-20		9.3605618e-21
2.0100000e+02		2.0200000e+02		2.0150000e+02		7.5701275e+00		1.8695630e-08		1.5002787e-07		3.2380099e-08		3.2377802e-08		2.2972932e-12
2.0200000e+02		2.0300000e+02		2.0250000e+02		7.4828608e+00		1.4670457e-06		9.2273431e-06		2.5409821e-06		2.5409608e-06		2.1318755e-11
2.0300000e+02		2.0400000e+02		2.0350000e+02		8.0092047e+00		7.1611426e-03		3.0060574e-02		1.2403462e-02		1.2403462e-02		4.7675219e-10
2.0400000e+02		2.0500000e+02		2.0450000e+02		8.6207445e+00		3.8129493e+00		1.3630266e+01		6.6042219e+00		6.6042219e+00		2.0171229e-09
2.0500000e+02		2.0600000e+02		2.0550000e+02		8.6400754e+00		3.9230033e+00		1.4005792e+01		6.7948411e+00		6.7948411e+00		3.2906809e-09
2.0600000e+02		2.0700000e+02		2.0650000e+02		8.6510225e+00		4.0292864e+00		1.4367415e+01		6.9789288e+00		6.9789288e+00		5.2913620e-09
2.0700000e+02		2.0800000e+02		2.0750000e+02		9.3957826e+00		4.4857874e+00		1.5975924e+01		7.7696117e+00		7.7696117e+00		9.1098323e-09
2.0800000e+02		2.0900000e+02		2.0850000e+02		1.0163489e+01		4.9703785e+00		1.7681062e+01		8.6089481e+00		8.6089481e+00		1.5425182e-08
2.0900000e+02		2.1000000e+02		2.0950000e+02		1.3129215e+01		6.5725245e+00		2.3353765e+01		1.1383946e+01		1.1383946e+01		3.0814043e-08
2.1000000e+02		2.1100000e+02		2.1050000e+02		1.6183343e+01		8.2875094e+00		2.9414963e+01		1.4354387e+01		1.4354387e+01		5.8047808e-08
2.1100000e+02		2.1200000e+02		2.1150000e+02		1.8424170e+01		9.6456365e+00		3.4198579e+01		1.6706732e+01		1.6706732e+01		9.9853851e-08
2.1200000e+02		2.1300000e+02		2.1250000e+02		1.6428561e+01		8.7874610e+00		3.1123349e+01		1.5220329e+01		1.5220329e+01		1.3305991e-07
2.1300000e+02		2.1400000e+02		2.1350000e+02		1.6737981e+01		9.1417694e+00		3.2345312e+01		1.5834009e+01		1.5834009e+01		2.0044125e-07
2.1400000e+02		2.1500000e+02		2.1450000e+02		2.1432541e+01		1.1945789e+01		4.2224654e+01		2.0690713e+01		2.0690712e+01		3.7558451e-07
2.1500000e+02		2.1600000e+02		2.1550000e+02		1.8408135e+01		1.0464623e+01		3.6953593e+01		1.8125259e+01		1.8125259e+01		4.6735844e-07
2.1600000e+02		2.1700000e+02		2.1650000e+02		1.7036901e+01		9.8728705e+00		3.4831289e+01		1.7100313e+01		1.7100312e+01		6.2062730e-07
2.1700000e+02		2.1800000e+02		2.1750000e+02		1.7640866e+01		1.0415631e+01		3.6712638e+01		1.8040401e+01		1.8040401e+01		9.1345278e-07
2.1800000e+02		2.1900000e+02		2.1850000e+02		2.3730294e+01		1.4267984e+01		5.0246641e+01		2.4712873e+01		2.4712871e+01		1.7308069e-06
2.1900000e+02		2.2000000e+02		2.1950000e+02		2.5052511e+01		1.5331776e+01		5.3946276e+01		2.6555414e+01		2.6555411e+01		2.5512457e-06
2.2000000e+02		2.2100000e+02		2.2050000e+02		2.5203754e+01		1.5692159e+01		5.5167858e+01		2.7179615e+01		2.7179611e+01		3.5531719e-06
2.2100000e+02		2.2200000e+02		2.2150000e+02		2.0176768e+01		1.2774571e+01		4.4873887e+01		2.2126203e+01		2.2126199e+01		3.9053604e-06
2.2200000e+02		2.2300000e+02		2.2250000e+02		2.7154039e+01		1.7474855e+01		6.1335813e+01		3.0267331e+01		3.0267324e+01		7.1584829e-06
2.2300000e+02		2.2400000e+02		2.2350000e+02		3.5163062e+01		2.2991294e+01		8.0635461e+01		3.9822081e+01		3.9822068e+01		1.2527799e-05
2.2400000e+02		2.2500000e+02		2.2450000e+02		3.2875934e+01		2.1830886e+01		7.6507635e+01		3.7812193e+01		3.7812177e+01		1.5710663e-05
2.2500000e+02		2.2600000e+02		2.2550000e+02		2.8720078e+01		1.9360650e+01		6.7800434e+01		3.3533616e+01		3.3533598e+01		1.8274933e-05
2.2600000e+02		2.2700000e+02		2.2650000e+02		2.1037217e+01		1.4391086e+01		5.0360882e+01		2.4926078e+01		2.4926061e+01		1.7698349e-05
2.2700000e+02		2.2800000e+02		2.2750000e+02		2.0463841e+01		1.4200331e+01		4.9658469e+01		2.4595678e+01		2.4595655e+01		2.2605721e-05
2.2800000e+02		2.2900000e+02		2.2850000e+02		2.8509984e+01		2.0061086e+01		7.0105483e+01		3.4746789e+01		3.4746748e+01		4.1078633e-05
2.2900000e+02		2.3000000e+02		2.2950000e+02		2.5620938e+01		1.8274419e+01		6.3819176e+01		3.1652187e+01		3.1652139e+01		4.7839700e-05
2.3000000e+02		2.3100000e+02		2.3050000e+02		2.9055844e+01		2.1000168e+01		7.3290482e+01		3.6373307e+01		3.6373237e+01		6.9866757e-05
2.3100000e+02		2.3200000e+02		2.3150000e+02		2.7387429e+01		2.0050971e+01		6.9933348e+01		3.4729239e+01		3.4729155e+01		8.4290966e-05
2.3200000e+02		2.3300000e+02		2.3250000e+02		2.9413108e+01		2.1806122e+01		7.6007796e+01		3.7769227e+01		3.7769112e+01		1.1518329e-04
2.3300000e+02		2.3400000e+02		2.3350000e+02		2.6543685e+01		1.9921170e+01		6.9395579e+01		3.4504382e+01		3.4504250e+01		1.3150101e-04
2.3400000e+02		2.3500000e+02		2.3450000e+02		2.3194371e+01		1.7616479e+01		6.1330940e+01		3.0512531e+01		3.0512387e+01		1.4455804e-04
2.3500000e+02		2.3600000e+02		2.3550000e+02		3.1223226e+01		2.3992081e+01		8.3479150e+01		4.1555325e+01		4.1555081e+01		2.4348442e-04
2.3600000e+02		2.3700000e+02		2.3650000e+02		2.8911473e+01		2.2469247e+01		7.8136525e+01		3.8917672e+01		3.8917391e+01		2.8061222e-04
2.3700000e+02		2.3800000e+02		2.3750000e+02		3.0878004e+01		2.4264641e+01		8.4333593e+01		4.2027320e+01		4.2026949e+01		3.7110997e-04
2.3800000e+02		2.3900000e+02		2.3850000e+02		2.5598090e+01		2.0333884e+01		7.0633984e+01		3.5219043e+01		3.5218664e+01		3.7906611e-04
2.3900000e+02		2.4000000e+02		2.3950000e+02		2.7890834e+01		2.2389665e+01		7.7734336e+01		3.8779666e+01		3.8779159e+01		5.0643129e-04
2.4000000e+02		2.4100000e+02		2.4050000e+02		2.5623038e+01		2.0781578e+01		7.2114216e+01		3.5994333e+01		3.5993765e+01		5.6780299e-04
2.4100000e+02		2.4200000e+02		2.4150000e+02		3.0005079e+01		2.4580810e+01		8.5255139e+01		4.2574621e+01		4.2573813e+01		8.0776135e-04
2.4200000e+02		2.4300000e+02		2.4250000e+02		4.1301739e+01		3.4167884e+01		1.1844841e+02		5.9179526e+01		5.9178182e+01		1.3447640e-03
2.4300000e+02		2.4400000e+02		2.4350000e+02		3.8791639e+01		3.2399179e+01		1.1226297e+02		5.6115910e+01		5.6114389e+01		1.5209909e-03
2.4400000e+02		2.4500000e+02		2.4450000e+02		3.6329084e+01		3.0626484e+01		1.0607071e+02		5.3045377e+01		5.3043668e+01		1.7081524e-03
2.4500000e+02		2.4600000e+02		2.4550000e+02		2.9476122e+01		2.5076295e+01		8.6808403e+01		4.3432205e+01		4.3430550e+01		1.6551941e-03
2.4600000e+02		2.4700000e+02		2.4650000e+02		2.8685918e+01		2.4621715e+01		8.5196324e+01		4.2644658e+01		4.2642742e+01		1.9161286e-03
2.4700000e+02		2.4800000e+02		2.4750000e+02		3.1678139e+01		2.7426762e+01		9.4860452e+01		4.7502710e+01		4.7500203e+01		2.5073246e-03
2.4800000e+02		2.4900000e+02		2.4850000e+02		2.5406301e+01		2.2183650e+01		7.6692961e+01		3.8421471e+01		3.8419097e+01		2.3738338e-03
2.4900000e+02		2.5000000e+02		2.4950000e+02		3.0967514e+01		2.7263925e+01		9.4216363e+01		4.7220012e+01		4.7216609e+01		3.4031405e-03
2.5000000e+02		2.5100000e+02		2.5050000e+02		3.3448743e+01		2.9687146e+01		1.0254756e+02		5.1416492e+01		5.1412184e+01		4.3079158e-03
2.5100000e+02		2.5200000e+02		2.5150000e+02		2.7888154e+01		2.4947869e+01		8.6141519e+01		4.3207907e+01		4.3203712e+01		4.1948006e-03
2.5200000e+02		2.5300000e+02		2.5250000e+02		2.5069906e+01		2.2600190e+01		7.8003928e+01		3.9141464e+01		3.9137075e+01		4.3891318e-03
2.5300000e+02		2.5400000e+02		2.5350000e+02		3.1592540e+01		2.8695406e+01		9.9002249e+01		4.9697204e+01		4.9690787e+01		6.4167275e-03
2.5400000e+02		2.5500000e+02		2.5450000e+02		3.5730773e+01		3.2693659e+01		1.1275280e+02		5.6620935e+01		5.6612543e+01		8.3922965e-03
2.5500000e+02		2.5600000e+02		2.5550000e+02		4.8755658e+01		4.4933086e+01		1.5490442e+02		7.7816724e+01		7.7803522e+01		1.3201258e-02
2.5600000e+02		2.5700000e+02		2.5650000e+02		6.2803876e+01		5.8287647e+01		2.0086783e+02		1.0094286e+02		1.0092332e+02		1.9543678e-02
2.5700000e+02		2.5800000e+02		2.5750000e+02		7.8843355e+01		7.3677459e+01		2.5380907e+02		1.2759252e+02		1.2756441e+02		2.8114241e-02
2.5800000e+02		2.5900000e+02		2.5850000e+02		8.2991293e+01		7.8075350e+01		2.6886068e+02		1.3520572e+02		1.3517191e+02		3.3812724e-02
2.5900000e+02		2.6000000e+02		2.5950000e+02		7.0629481e+01		6.6882645e+01		2.3023412e+02		1.1582014e+02		1.1578735e+02		3.2786644e-02
2.6000000e+02		2.6100000e+02		2.6050000e+02		5.7868388e+01		5.5150651e+01		1.8978054e+02		9.5501385e+01		9.5470862e+01		3.0522764e-02
2.6100000e+02		2.6200000e+02		2.6150000e+02		5.9092703e+01		5.6671198e+01		1.9494404e+02		9.8131537e+01		9.8096217e+01		3.5320449e-02
2.6200000e+02		2.6300000e+02		2.6250000e+02		7.0528613e+01		6.8053766e+01		2.3401725e+02		1.1783770e+02		1.1779005e+02		4.7646965e-02
2.6300000e+02		2.6400000e+02		2.6350000e+02		1.0614195e+02		1.0303213e+02		3.5417507e+02		1.7839771e+02		1.7831687e+02		8.0840812e-02
2.6400000e+02		2.6500000e+02		2.6450000e+02		1.6548208e+02		1.6157620e+02		5.5523086e+02		2.7975444e+02		2.7961270e+02		1.4173987e-01
2.6500000e+02		2.6600000e+02		2.6550000e+02		1.7356948e+02		1.7044489e+02		5.8550719e+02		2.9509712e+02		2.9493033e+02		1.6678709e-01
2.6600000e+02		2.6700000e+02		2.6650000e+02		1.6826276e+02		1.6616042e+02		5.7059623e+02		2.8766582e+02		2.8748485e+02		1.8096794e-01
2.6700000e+02		2.6800000e+02		2.6750000e+02		1.6940220e+02		1.6820297e+02		5.7741612e+02		2.9118716e+02		2.9098371e+02		2.0345068e-01
2.6800000e+02		2.6900000e+02		2.6850000e+02		1.6778062e+02		1.6748612e+02		5.7476286e+02		2.8993011e+02		2.8970560e+02		2.2450950e-01
2.6900000e+02		2.7000000e+02		2.6950000e+02		1.5737310e+02		1.5792049e+02		5.4175586e+02		2.7335494e+02		2.7312082e+02		2.3411353e-01
2.7000000e+02		2.7100000e+02		2.7050000e+02		1.8181465e+02		1.8338239e+02		6.2889541e+02		3.1740795e+02		3.1710790e+02		3.0005534e-01
2.7100000e+02		2.7200000e+02		2.7150000e+02		1.5108640e+02		1.5315310e+02		5.2505233e+02		2.6506687e+02		2.6479083e+02		2.7603885e-01
2.7200000e+02		2.7300000e+02		2.7250000e+02		1.2154404e+02		1.2381059e+02		4.2431730e+02		2.1426662e+02		2.1402128e+02		2.4534014e-01
2.7300000e+02		2.7400000e+02		2.7350000e+02		1.2960124e+02		1.3265086e+02		4.5446373e+02		2.2954686e+02		2.2925841e+02		2.8845173e-01
2.7400000e+02		2.7500000e+02		2.7450000e+02		8.9183780e+01		9.1710214e+01		3.1409642e+02		1.5868684e+02		1.5846840e+02		2.1844321e-01
2.7500000e+02		2.7600000e+02		2.7550000e+02		1.1893609e+02		1.2286595e+02		4.2066145e+02		2.1257582e+02		2.1225583e+02		3.1998873e-01
2.7600000e+02		2.7700000e+02		2.7650000e+02		1.6564211e+02		1.7188216e+02		5.8828465e+02		2.9735095e+02		2.9686235e+02		4.8860658e-01
2.7700000e+02		2.7800000e+02		2.7750000e+02		1.5837296e+02		1.6505941e+02		5.6474455e+02		2.8551700e+02		2.8500572e+02		5.1127583e-01
2.7800000e+02		2.7900000e+02		2.7850000e+02		1.0921797e+02		1.1431691e+02		3.9099996e+02		1.9772071e+02		1.9733550e+02		3.8520383e-01
2.7900000e+02		2.8000000e+02		2.7950000e+02		6.1368404e+01		6.4502589e+01		2.2054496e+02		1.1154895e+02		1.1131290e+02		2.3605764e-01
2.8000000e+02		2.8100000e+02		2.8050000e+02		6.7313201e+01		7.1040850e+01		2.4281810e+02		1.2283998e+02		1.2255807e+02		2.8191757e-01
2.8100000e+02		2.8200000e+02		2.8150000e+02		1.3943196e+02		1.4774279e+02		5.0481375e+02		2.5543333e+02		2.5479855e+02		6.3477790e-01
2.8200000e+02		2.8300000e+02		2.8250000e+02		1.8983287e+02		2.0193551e+02		6.8974489e+02		3.4907594e+02		3.4813801e+02		9.3793732e-01
2.8300000e+02		2.8400000e+02		2.8350000e+02		1.9610227e+02		2.0940316e+02		7.1500452e+02		3.6192833e+02		3.6087843e+02		1.0499036e+00
2.8400000e+02		2.8500000e+02		2.8450000e+02		1.4459284e+02		1.5497780e+02		5.2898521e+02		2.6781629e+02		2.6697874e+02		8.3755815e-01
2.8500000e+02		2.8600000e+02		2.8550000e+02		9.2944992e+01		9.9984868e+01		3.4115789e+02		1.7275309e+02		1.7217146e+02		5.8163136e-01
2.8600000e+02		2.8700000e+02		2.8650000e+02		1.9045522e+02		2.0561316e+02		7.0132238e+02		3.5519125e+02		3.5390556e+02		1.2856874e+00
2.8700000e+02		2.8800000e+02		2.8750000e+02		2.2108403e+02		2.3951349e+02		8.1665918e+02		4.1367263e+02		4.1206494e+02		1.6076886e+00
2.8800000e+02		2.8900000e+02		2.8850000e+02		2.1010240e+02		2.2839348e+02		7.7846123e+02		3.9438597e+02		3.9274246e+02		1.6435127e+00
2.8900000e+02		2.9000000e+02		2.8950000e+02		3.1885068e+02		3.4776529e+02		1.1848959e+03		6.0038570e+02		5.9770631e+02		2.6793902e+00
2.9000000e+02		2.9100000e+02		2.9050000e+02		4.1860542e+02		4.5805399e+02		1.5600894e+03		7.9061014e+02		7.8683631e+02		3.7738302e+00
2.9100000e+02		2.9200000e+02		2.9150000e+02		4.0318642e+02		4.4258632e+02		1.5068421e+03		7.6373104e+02		7.5983658e+02		3.8944627e+00
2.9200000e+02		2.9300000e+02		2.9250000e+02		3.5818014e+02		3.9440441e+02		1.3422904e+03		6.8041831e+02		6.7671615e+02		3.7021600e+00
2.9300000e+02		2.9400000e+02		2.9350000e+02		3.7393440e+02		4.1300216e+02		1.4050440e+03		7.1231686e+02		7.0818618e+02		4.1306769e+00
2.9400000e+02		2.9500000e+02		2.9450000e+02		3.4819581e+02		3.8571462e+02		1.3116998e+03		6.6507169e+02		6.6096593e+02		4.1057599e+00
2.9500000e+02		2.9600000e+02		2.9550000e+02		3.7701055e+02		4.1884300e+02		1.4237974e+03		7.2198765e+02		7.1724794e+02		4.7397057e+00
2.9600000e+02		2.9700000e+02		2.9650000e+02		3.4493460e+02		3.8429061e+02		1.3058191e+03		6.6223022e+02		6.5761219e+02		4.6180384e+00
2.9700000e+02		2.9800000e+02		2.9750000e+02		3.5165811e+02		3.9286150e+02		1.3344020e+03		6.7678992e+02		6.7178185e+02		5.0080701e+00
2.9800000e+02		2.9900000e+02		2.9850000e+02		3.0223333e+02		3.3855408e+02		1.1494679e+03		5.8304492e+02		5.7847154e+02		4.5733867e+00
2.9900000e+02		3.0000000e+02		2.9950000e+02		3.4101318e+02		3.8299690e+02		1.2998200e+03		6.5936068e+02		6.5388371e+02		5.4769639e+00
3.0000000e+02		3.0100000e+02		3.0050000e+02		2.7131061e+02		3.0549300e+02		1.0363487e+03		5.2574729e+02		5.2112724e+02		4.6200446e+00
3.0100000e+02		3.0200000e+02		3.0150000e+02		3.1202593e+02		3.5221512e+02		1.1943368e+03		6.0593475e+02		6.0030709e+02		5.6276652e+00
3.0200000e+02		3.0300000e+02		3.0250000e+02		3.2846528e+02		3.7167428e+02		1.2597747e+03		6.3917010e+02		6.3290190e+02		6.2681938e+00
3.0300000e+02		3.0400000e+02		3.0350000e+02		4.2601061e+02		4.8319507e+02		1.6370497e+03		8.3062775e+02		8.2203454e+02		8.5932097e+00
3.0400000e+02		3.0500000e+02		3.0450000e+02		4.0776836e+02		4.6357328e+02		1.5698714e+03		7.9657407e+02		7.8788834e+02		8.6857330e+00
3.0500000e+02		3.0600000e+02		3.0550000e+02		4.1174793e+02		4.6915164e+02		1.5880442e+03		8.0582105e+02		7.9656838e+02		9.2526741e+00
3.0600000e+02		3.0700000e+02		3.0650000e+02		3.9053943e+02		4.4596237e+02		1.5088585e+03		7.6565809e+02		7.5640818e+02		9.2499054e+00
3.0700000e+02		3.0800000e+02		3.0750000e+02		4.3847484e+02		5.0176976e+02		1.6968872e+03		8.6108505e+02		8.5014912e+02		1.0935934e+01
3.0800000e+02		3.0900000e+02		3.0850000e+02		4.3035211e+02		4.9349819e+02		1.6681286e+03		8.4649737e+02		8.3520501e+02		1.1292356e+01
3.0900000e+02		3.1000000e+02		3.0950000e+02		3.4901328e+02		4.0103395e+02		1.3549328e+03		6.8756406e+02		6.7793751e+02		9.6265508e+00
3.1000000e+02		3.1100000e+02		3.1050000e+02		4.3927411e+02		5.0574136e+02		1.7078706e+03		8.6665435e+02		8.5392931e+02		1.2725041e+01
3.1100000e+02		3.1200000e+02		3.1150000e+02		5.2246540e+02		6.0267134e+02		2.0342022e+03		1.0322308e+03		1.0163486e+03		1.5882189e+01
3.1200000e+02		3.1300000e+02		3.1250000e+02		4.6521908e+02		5.3763497e+02		1.8137830e+03		9.2035626e+02		9.0552829e+02		1.4827966e+01
3.1300000e+02		3.1400000e+02		3.1350000e+02		4.9544367e+02		5.7359909e+02		1.9341390e+03		9.8139175e+02		9.6484781e+02		1.6543941e+01
3.1400000e+02		3.1500000e+02		3.1450000e+02		4.6729179e+02		5.4195601e+02		1.8265091e+03		9.2673755e+02		9.1040289e+02		1.6334657e+01
3.1500000e+02		3.1600000e+02		3.1550000e+02		4.5343123e+02		5.2677714e+02		1.7744366e+03		9.0026766e+02		8.8368806e+02		1.6579602e+01
3.1600000e+02		3.1700000e+02		3.1650000e+02		4.4229406e+02		5.1468846e+02		1.7328098e+03		8.7909211e+02		8.6218828e+02		1.6903827e+01
3.1700000e+02		3.1800000e+02		3.1750000e+02		5.6102832e+02		6.5390477e+02		2.2003462e+03		1.1162021e+03		1.0938074e+03		2.2394798e+01
3.1800000e+02		3.1900000e+02		3.1850000e+02		4.6340678e+02		5.4096278e+02		1.8193285e+03		9.2284189e+02		9.0353569e+02		1.9306203e+01
3.1900000e+02		3.2000000e+02		3.1950000e+02		4.9774832e+02		5.8192805e+02		1.9560386e+03		9.9209652e+02		9.7046902e+02		2.1627507e+01
3.2000000e+02		3.2100000e+02		3.2050000e+02		5.7184857e+02		6.6953696e+02		2.2492838e+03		1.1407147e+03		1.1148185e+03		2.5896211e+01
3.2100000e+02		3.2200000e+02		3.2150000e+02		4.8024660e+02		5.6308206e+02		1.8906021e+03		9.5870532e+02		9.3605468e+02		2.2650635e+01
3.2200000e+02		3.2300000e+02		3.2250000e+02		4.8228681e+02		5.6624816e+02		1.9001646e+03		9.6343926e+02		9.3976422e+02		2.3675040e+01
3.2300000e+02		3.2400000e+02		3.2350000e+02		4.6607071e+02		5.4793335e+02		1.8376606e+03		9.3162785e+02		9.0783094e+02		2.3796908e+01
3.2400000e+02		3.2500000e+02		3.2450000e+02		5.4882129e+02		6.4604406e+02		2.1654598e+03		1.0976584e+03		1.0685309e+03		2.9127477e+01
3.2500000e+02		3.2600000e+02		3.2550000e+02		6.3196128e+02		7.4483144e+02		2.4951326e+03		1.2645805e+03		1.2297395e+03		3.4841025e+01
3.2600000e+02		3.2700000e+02		3.2650000e+02		7.1301257e+02		8.4136109e+02		2.8168452e+03		1.4274058e+03		1.3865967e+03		4.0809094e+01
3.2700000e+02		3.2800000e+02		3.2750000e+02		6.8984049e+02		8.1495435e+02		2.7268174e+03		1.3815545e+03		1.3405904e+03		4.0964136e+01
3.2800000e+02		3.2900000e+02		3.2850000e+02		6.6596082e+02		7.8761613e+02		2.6337643e+03		1.3341732e+03		1.2931678e+03		4.1005333e+01
3.2900000e+02		3.3000000e+02		3.2950000e+02		7.7527139e+02		9.1787435e+02		3.0674847e+03		1.5535916e+03		1.5041231e+03		4.9468441e+01
3.3000000e+02		3.3100000e+02		3.3050000e+02		7.3029799e+02		8.6551710e+02		2.8907401e+03		1.4637891e+03		1.4155267e+03		4.8262360e+01
3.3100000e+02		3.3200000e+02		3.3150000e+02		6.9881652e+02		8.2902492e+02		2.7671494e+03		1.4009185e+03		1.3531148e+03		4.7803708e+01
3.3200000e+02		3.3300000e+02		3.3250000e+02		6.8562051e+02		8.1414204e+02		2.7157779e+03		1.3746153e+03		1.3260939e+03		4.8521353e+01
3.3300000e+02		3.3400000e+02		3.3350000e+02		6.5878216e+02		7.8298514e+02		2.6102018e+03		1.3208803e+03		1.2726737e+03		4.8206647e+01
3.3400000e+02		3.3500000e+02		3.3450000e+02		6.9405546e+02		8.2562873e+02		2.7506120e+03		1.3916083e+03		1.3391222e+03		5.2486192e+01
3.3500000e+02		3.3600000e+02		3.3550000e+02		6.8541663e+02		8.1603369e+02		2.7169029e+03		1.3742190e+03		1.3206806e+03		5.3538418e+01
3.3600000e+02		3.3700000e+02		3.3650000e+02		5.6469084e+02		6.7283905e+02		2.2387019e+03		1.1320563e+03		1.0865198e+03		4.5536552e+01
3.3700000e+02		3.3800000e+02		3.3750000e+02		5.9573781e+02		7.1037395e+02		2.3620480e+03		1.1941154e+03		1.1445447e+03		4.9570783e+01
3.3800000e+02		3.3900000e+02		3.3850000e+02		6.4448401e+02		7.6905980e+02		2.5555010e+03		1.2915621e+03		1.2362538e+03		5.5308361e+01
3.3900000e+02		3.4000000e+02		3.3950000e+02		6.7448220e+02		8.0541462e+02		2.6745292e+03		1.3513384e+03		1.2916695e+03		5.9668897e+01
3.4000000e+02		3.4100000e+02		3.4050000e+02		7.1196374e+02		8.5073274e+02		2.8231280e+03		1.4260039e+03		1.3611063e+03		6.4897659e+01
3.4100000e+02		3.4200000e+02		3.4150000e+02		6.4984945e+02		7.7699771e+02		2.5767036e+03		1.3011396e+03		1.2401331e+03		6.1006508e+01
3.4200000e+02		3.4300000e+02		3.4250000e+02		7.0477558e+02		8.4317020e+02		2.7942487e+03		1.4105539e+03		1.3424442e+03		6.8109687e+01
3.4300000e+02		3.4400000e+02		3.4350000e+02		6.9264465e+02		8.2912166e+02		2.7458130e+03		1.3856600e+03		1.3167838e+03		6.8876203e+01
3.4400000e+02		3.4500000e+02		3.4450000e+02		5.5710877e+02		6.6723274e+02		2.2081612e+03		1.1139700e+03		1.0569918e+03		5.6978240e+01
3.4500000e+02		3.4600000e+02		3.4550000e+02		6.7138909e+02		8.0450298e+02		2.6606007e+03		1.3417618e+03		1.2711679e+03		7.0593841e+01
3.4600000e+02		3.4700000e+02		3.4650000e+02		6.5194093e+02		7.8156363e+02		2.5829318e+03		1.3021397e+03		1.2316962e+03		7.0443494e+01
3.4700000e+02		3.4800000e+02		3.4750000e+02		6.4525828e+02		7.7389015e+02		2.5557739e+03		1.2879885e+03		1.2163699e+03		7.1618681e+01
3.4800000e+02		3.4900000e+02		3.4850000e+02		6.6761091e+02		8.0102480e+02		2.6435139e+03		1.3317175e+03		1.2556324e+03		7.6085084e+01
3.4900000e+02		3.5000000e+02		3.4950000e+02		6.3989005e+02		7.6805461e+02		2.5329015e+03		1.2755157e+03		1.2006657e+03		7.4849919e+01
3.5000000e+02		3.5100000e+02		3.5050000e+02		7.6650484e+02		9.2035099e+02		3.0329716e+03		1.5267533e+03		1.4347634e+03		9.1989957e+01
3.5100000e+02		3.5200000e+02		3.5150000e+02		7.1211510e+02		8.5531970e+02		2.8166322e+03		1.4172935e+03		1.3296443e+03		8.7649209e+01
3.5200000e+02		3.5300000e+02		3.5250000e+02		6.5785102e+02		7.9037577e+02		2.6008797e+03		1.3082030e+03		1.2251924e+03		8.3010575e+01
3.5300000e+02		3.5400000e+02		3.5350000e+02		7.5263834e+02		9.0449985e+02		2.9742561e+03		1.4953905e+03		1.3980622e+03		9.7328273e+01
3.5400000e+02		3.5500000e+02		3.5450000e+02		8.0329241e+02		9.6560712e+02		3.1728664e+03		1.5945773e+03		1.4881593e+03		1.0641793e+02
3.5500000e+02		3.5600000e+02		3.5550000e+02		7.5433512e+02		9.0695244e+02		2.9779378e+03		1.4959708e+03		1.3936325e+03		1.0233834e+02
3.5600000e+02		3.5700000e+02		3.5650000e+02		6.5576441e+02		7.8858842e+02		2.5873765e+03		1.2992032e+03		1.2081276e+03		9.1075602e+01
3.5700000e+02		3.5800000e+02		3.5750000e+02		5.7307986e+02		6.8926980e+02		2.2598261e+03		1.1342236e+03		1.0527720e+03		8.1451577e+01
3.5800000e+02		3.5900000e+02		3.5850000e+02		4.9194729e+02		5.9177094e+02		1.9387167e+03		9.7261405e+02		9.0108446e+02		7.1529584e+01
3.5900000e+02		3.6000000e+02		3.5950000e+02		7.1030971e+02		8.5454195e+02		2.7974837e+03		1.4027897e+03		1.2971680e+03		1.0562164e+02
3.6000000e+02		3.6100000e+02		3.6050000e+02		7.0092701e+02		8.4333247e+02		2.7587031e+03		1.3826910e+03		1.2761360e+03		1.0655498e+02
3.6100000e+02		3.6200000e+02		3.6150000e+02		6.5110481e+02		7.8344290e+02		2.5608494e+03		1.2829088e+03		1.1817490e+03		1.0115980e+02
3.6200000e+02		3.6300000e+02		3.6250000e+02		7.3500056e+02		8.8443266e+02		2.8887544e+03		1.4464731e+03		1.3298019e+03		1.1667118e+02
3.6300000e+02		3.6400000e+02		3.6350000e+02		7.1558904e+02		8.6109658e+02		2.8103831e+03		1.4065323e+03		1.2905148e+03		1.1601753e+02
3.6400000e+02		3.6500000e+02		3.6450000e+02		7.4837927e+02		9.0055793e+02		2.9369180e+03		1.4691190e+03		1.3452298e+03		1.2388912e+02
3.6500000e+02		3.6600000e+02		3.6550000e+02		8.5179486e+02		1.0249849e+03		3.3401263e+03		1.6699579e+03		1.5260224e+03		1.4393544e+02
3.6600000e+02		3.6700000e+02		3.6650000e+02		9.1042532e+02		1.0954949e+03		3.5671372e+03		1.7825285e+03		1.6255391e+03		1.5698943e+02
3.6700000e+02		3.6800000e+02		3.6750000e+02		8.7909512e+02		1.0577345e+03		3.4415098e+03		1.7188436e+03		1.5642008e+03		1.5464275e+02
3.6800000e+02		3.6900000e+02		3.6850000e+02		8.1047729e+02		9.7509707e+02		3.1701655e+03		1.5824740e+03		1.4370692e+03		1.4540475e+02
3.6900000e+02		3.7000000e+02		3.6950000e+02		8.9967825e+02		1.0823108e+03		3.5159828e+03		1.7541446e+03		1.5895758e+03		1.6456883e+02
3.7000000e+02		3.7100000e+02		3.7050000e+02		8.4427990e+02		1.0155488e+03		3.2965156e+03		1.6437453e+03		1.4863289e+03		1.5741642e+02
3.7100000e+02		3.7200000e+02		3.7150000e+02		8.7164560e+02		1.0483247e+03		3.4002336e+03		1.6945159e+03		1.5289048e+03		1.6561109e+02
3.7200000e+02		3.7300000e+02		3.7250000e+02		7.2411383e+02		8.7075578e+02		2.8220647e+03		1.4055883e+03		1.2654274e+03		1.4016090e+02
3.7300000e+02		3.7400000e+02		3.7350000e+02		6.3155746e+02		7.5932617e+02		2.4589840e+03		1.2240468e+03		1.0995409e+03		1.2450594e+02
3.7400000e+02		3.7500000e+02		3.7450000e+02		6.4642322e+02		7.7705350e+02		2.5143985e+03		1.2509054e+03		1.1211457e+03		1.2975972e+02
3.7500000e+02		3.7600000e+02		3.7550000e+02		7.4036161e+02		8.8979303e+02		2.8769161e+03		1.4304166e+03		1.2791291e+03		1.5128747e+02
3.7600000e+02		3.7700000e+02		3.7650000e+02		7.6758018e+02		9.2230133e+02		2.9796500e+03		1.4806164e+03		1.3209876e+03		1.5962880e+02
3.7700000e+02		3.7800000e+02		3.7750000e+02		9.0048278e+02		1.0817365e+03		3.4919446e+03		1.7341378e+03		1.5435982e+03		1.9053965e+02
3.7800000e+02		3.7900000e+02		3.7850000e+02		9.3786543e+02		1.1263588e+03		3.6330833e+03		1.8031325e+03		1.6012639e+03		2.0186861e+02
3.7900000e+02		3.8000000e+02		3.7950000e+02		7.6051322e+02		9.1311709e+02		2.9429112e+03		1.4596965e+03		1.2932208e+03		1.6647573e+02
3.8000000e+02		3.8100000e+02		3.8050000e+02		8.2814537e+02		9.9403864e+02		3.2011452e+03		1.5867959e+03		1.4024786e+03		1.8431722e+02
3.8100000e+02		3.8200000e+02		3.8150000e+02		7.4366886e+02		8.9237404e+02		2.8714408e+03		1.4224696e+03		1.2542196e+03		1.6824999e+02
3.8200000e+02		3.8300000e+02		3.8250000e+02		5.3336093e+02		6.3981289e+02		2.0571037e+03		1.0184132e+03		8.9577793e+02		1.2263526e+02
3.8300000e+02		3.8400000e+02		3.8350000e+02		4.7073026e+02		5.6449790e+02		1.8134904e+03		8.9723264e+02		7.8725885e+02		1.0997379e+02
3.8400000e+02		3.8500000e+02		3.8450000e+02		6.2969557e+02		7.5487214e+02		2.4231238e+03		1.1980768e+03		1.0486336e+03		1.4944327e+02
3.8500000e+02		3.8600000e+02		3.8550000e+02		6.6694888e+02		7.9924904e+02		2.5634989e+03		1.2666565e+03		1.1058978e+03		1.6075862e+02
3.8600000e+02		3.8700000e+02		3.8650000e+02		6.6977732e+02		8.0234518e+02		2.5713468e+03		1.2696979e+03		1.1057685e+03		1.6392944e+02
3.8700000e+02		3.8800000e+02		3.8750000e+02		6.6902499e+02		8.0114099e+02		2.5654076e+03		1.2659240e+03		1.0996884e+03		1.6623558e+02
3.8800000e+02		3.8900000e+02		3.8850000e+02		6.7841027e+02		8.1206265e+02		2.5982722e+03		1.2812825e+03		1.1101861e+03		1.7109643e+02
3.8900000e+02		3.9000000e+02		3.8950000e+02		8.1451188e+02		9.7458540e+02		3.1157484e+03		1.5354270e+03		1.3269654e+03		2.0846159e+02
3.9000000e+02		3.9100000e+02		3.9050000e+02		8.5560997e+02		1.0233370e+03		3.2689498e+03		1.6098267e+03		1.3876497e+03		2.2217703e+02
3.9100000e+02		3.9200000e+02		3.9150000e+02		9.2006232e+02		1.0999566e+03		3.5108479e+03		1.7277648e+03		1.4854102e+03		2.4235458e+02
3.9200000e+02		3.9300000e+02		3.9250000e+02		7.0614281e+02		8.4384285e+02		2.6911922e+03		1.3234780e+03		1.1348290e+03		1.8864901e+02
3.9300000e+02		3.9400000e+02		3.9350000e+02		4.3291589e+02		5.1710494e+02		1.6478146e+03		8.0979944e+02		6.9252262e+02		1.1727682e+02
3.9400000e+02		3.9500000e+02		3.9450000e+02		7.1565803e+02		8.5444155e+02		2.7205605e+03		1.3360490e+03		1.1394955e+03		1.9655351e+02
3.9500000e+02		3.9600000e+02		3.9550000e+02		8.7888136e+02		1.0488282e+03		3.3367730e+03		1.6375077e+03		1.3928306e+03		2.4467711e+02
3.9600000e+02		3.9700000e+02		3.9650000e+02		6.0712893e+02		7.2418266e+02		2.3020600e+03		1.1289217e+03		9.5762292e+02		1.7129881e+02
3.9700000e+02		3.9800000e+02		3.9750000e+02		6.8053003e+02		8.1134109e+02		2.5770221e+03		1.2628558e+03		1.0682953e+03		1.9456053e+02
3.9800000e+02		3.9900000e+02		3.9850000e+02		1.0480559e+03		1.2488941e+03		3.9635695e+03		1.9409235e+03		1.6373591e+03		3.0356440e+02
3.9900000e+02		4.0000000e+02		3.9950000e+02		1.1577145e+03		1.3788715e+03		4.3725104e+03		2.1396223e+03		1.7999556e+03		3.3966666e+02
4.0000000e+02		4.0100000e+02		4.0050000e+02		1.1939713e+03		1.4213258e+03		4.5034665e+03		2.2020924e+03		1.8473136e+03		3.5477879e+02
4.0100000e+02		4.0200000e+02		4.0150000e+02		1.2509583e+03		1.4883887e+03		4.7121165e+03		2.3024224e+03		1.9260244e+03		3.7639800e+02
4.0200000e+02		4.0300000e+02		4.0250000e+02		1.2664199e+03		1.5059881e+03		4.7639550e+03		2.3260291e+03		1.9402378e+03		3.8579130e+02
4.0300000e+02		4.0400000e+02		4.0350000e+02		1.2115903e+03		1.4400133e+03		4.5515489e+03		2.2206665e+03		1.8470455e+03		3.7362106e+02
4.0400000e+02		4.0500000e+02		4.0450000e+02		1.1914959e+03		1.4153598e+03		4.4699881e+03		2.1792414e+03		1.8073632e+03		3.7187816e+02
4.0500000e+02		4.0600000e+02		4.0550000e+02		1.1904731e+03		1.4133650e+03		4.4600611e+03		2.1727655e+03		1.7967610e+03		3.7600448e+02
4.0600000e+02		4.0700000e+02		4.0650000e+02		1.1388815e+03		1.3513586e+03		4.2609294e+03		2.0741862e+03		1.7102283e+03		3.6395785e+02
4.0700000e+02		4.0800000e+02		4.0750000e+02		1.1575323e+03		1.3727125e+03		4.3247478e+03		2.1036518e+03		1.7294209e+03		3.7423087e+02
4.0800000e+02		4.0900000e+02		4.0850000e+02		1.2307397e+03		1.4586940e+03		4.5919079e+03		2.2318976e+03		1.8294193e+03		4.0247829e+02
4.0900000e+02		4.1000000e+02		4.0950000e+02		1.2243097e+03		1.4502338e+03		4.5615778e+03		2.2154533e+03		1.8105288e+03		4.0492455e+02
4.1000000e+02		4.1100000e+02		4.1050000e+02		1.1216634e+03		1.3278694e+03		4.1733121e+03		2.0253181e+03		1.6501813e+03		3.7513683e+02
4.1100000e+02		4.1200000e+02		4.1150000e+02		1.3003372e+03		1.5384817e+03		4.8313290e+03		2.3428385e+03		1.9031286e+03		4.3970987e+02
4.1200000e+02		4.1300000e+02		4.1250000e+02		1.2760342e+03		1.5088279e+03		4.7343806e+03		2.2940389e+03		1.8578293e+03		4.3620965e+02
4.1300000e+02		4.1400000e+02		4.1350000e+02		1.2308584e+03		1.4545349e+03		4.5603399e+03		2.2079807e+03		1.7826719e+03		4.2530878e+02
4.1400000e+02		4.1500000e+02		4.1450000e+02		1.2488872e+03		1.4749443e+03		4.6206040e+03		2.2354031e+03		1.7992648e+03		4.3613832e+02
4.1500000e+02		4.1600000e+02		4.1550000e+02		1.2477523e+03		1.4727023e+03		4.6098691e+03		2.2284526e+03		1.7881243e+03		4.4032825e+02
4.1600000e+02		4.1700000e+02		4.1650000e+02		1.2947363e+03		1.5272143e+03		4.7766629e+03		2.3072560e+03		1.8455985e+03		4.6165746e+02
4.1700000e+02		4.1800000e+02		4.1750000e+02		1.1781342e+03		1.3888120e+03		4.3402983e+03		2.0948160e+03		1.6704234e+03		4.2439254e+02
4.1800000e+02		4.1900000e+02		4.1850000e+02		1.2217101e+03		1.4392788e+03		4.4944144e+03		2.1674710e+03		1.7229211e+03		4.4454989e+02
4.1900000e+02		4.2000000e+02		4.1950000e+02		1.2338424e+03		1.4526557e+03		4.5325591e+03		2.1841191e+03		1.7306611e+03		4.5345807e+02
4.2000000e+02		4.2100000e+02		4.2050000e+02		1.2494927e+03		1.4701484e+03		4.5834779e+03		2.2068841e+03		1.7431352e+03		4.6374883e+02
4.2100000e+02		4.2200000e+02		4.2150000e+02		1.2299982e+03		1.4462877e+03		4.5054942e+03		2.1675904e+03		1.7066205e+03		4.6096992e+02
4.2200000e+02		4.2300000e+02		4.2250000e+02		1.1657134e+03		1.3698189e+03		4.2638830e+03		2.0496957e+03		1.6086059e+03		4.4108981e+02
4.2300000e+02		4.2400000e+02		4.2350000e+02		1.2419943e+03		1.4585138e+03		4.5363623e+03		2.1789142e+03		1.7044856e+03		4.7442861e+02
4.2400000e+02		4.2500000e+02		4.2450000e+02		1.2850442e+03		1.5080896e+03		4.6868389e+03		2.2493638e+03		1.7538737e+03		4.9549013e+02
4.2500000e+02		4.2600000e+02		4.2550000e+02		1.2367256e+03		1.4504379e+03		4.5041042e+03		2.1599038e+03		1.6786144e+03		4.8128947e+02
4.2600000e+02		4.2700000e+02		4.2650000e+02		1.2316584e+03		1.4435488e+03		4.4791731e+03		2.1461952e+03		1.6624792e+03		4.8371601e+02
4.2700000e+02		4.2800000e+02		4.2750000e+02		1.1420512e+03		1.3376452e+03		4.1472968e+03		1.9855506e+03		1.5329608e+03		4.5258982e+02
4.2800000e+02		4.2900000e+02		4.2850000e+02		1.1495483e+03		1.3455367e+03		4.1684854e+03		1.9940579e+03		1.5344177e+03		4.5964019e+02
4.2900000e+02		4.3000000e+02		4.2950000e+02		1.0698649e+03		1.2514373e+03		3.8739245e+03		1.8516268e+03		1.4200635e+03		4.3156330e+02
4.3000000e+02		4.3100000e+02		4.3050000e+02		8.6065012e+02		1.0060454e+03		3.1118577e+03		1.4861548e+03		1.1359510e+03		3.5020383e+02
4.3100000e+02		4.3200000e+02		4.3150000e+02		1.0641754e+03		1.2431227e+03		3.8421738e+03		1.8334227e+03		1.3966648e+03		4.3675789e+02
4.3200000e+02		4.3300000e+02		4.3250000e+02		1.1990384e+03		1.3997251e+03		4.3228231e+03		2.0610741e+03		1.5647686e+03		4.9630557e+02
4.3300000e+02		4.3400000e+02		4.3350000e+02		1.3017454e+03		1.5186012e+03		4.6863094e+03		2.2325284e+03		1.6891698e+03		5.4335855e+02
4.3400000e+02		4.3500000e+02		4.3450000e+02		1.1054356e+03		1.2887194e+03		3.9738268e+03		1.8915342e+03		1.4262752e+03		4.6525903e+02
4.3500000e+02		4.3600000e+02		4.3550000e+02		1.2347447e+03		1.4384957e+03		4.4322409e+03		2.1079836e+03		1.5840255e+03		5.2395815e+02
4.3600000e+02		4.3700000e+02		4.3650000e+02		1.3814970e+03		1.6083744e+03		4.9518448e+03		2.3531464e+03		1.7621495e+03		5.9099687e+02
4.3700000e+02		4.3800000e+02		4.3750000e+02		1.2223713e+03		1.4221503e+03		4.3751342e+03		2.0773553e+03		1.5502316e+03		5.2712371e+02
4.3800000e+02		4.3900000e+02		4.3850000e+02		1.1905029e+03		1.3841317e+03		4.2549080e+03		2.0185827e+03		1.5011273e+03		5.1745547e+02
4.3900000e+02		4.4000000e+02		4.3950000e+02		1.3250738e+03		1.5395405e+03		4.7290256e+03		2.2416332e+03		1.6611692e+03		5.8046395e+02
4.4000000e+02		4.4100000e+02		4.4050000e+02		1.2562739e+03		1.4586093e+03		4.4770122e+03		2.1203972e+03		1.5658068e+03		5.5459032e+02
4.4100000e+02		4.4200000e+02		4.4150000e+02		1.3817384e+03		1.6031851e+03		4.9170277e+03		2.3268437e+03		1.7121947e+03		6.1464906e+02
4.4200000e+02		4.4300000e+02		4.4250000e+02		1.4526378e+03		1.6842945e+03		5.1618769e+03		2.4406610e+03		1.7895824e+03		6.5107858e+02
4.4300000e+02		4.4400000e+02		4.4350000e+02		1.4050936e+03		1.6280527e+03		4.9857408e+03		2.3553985e+03		1.7209188e+03		6.3447975e+02
4.4400000e+02		4.4500000e+02		4.4450000e+02		1.4475318e+03		1.6760754e+03		5.1289375e+03		2.4210105e+03		1.7625354e+03		6.5847514e+02
4.4500000e+02		4.4600000e+02		4.4550000e+02		1.3420773e+03		1.5529054e+03		4.7484564e+03		2.2395255e+03		1.6245605e+03		6.1496500e+02
4.4600000e+02		4.4700000e+02		4.4650000e+02		1.3689269e+03		1.5828858e+03		4.8365051e+03		2.2791306e+03		1.6473328e+03		6.3179776e+02
4.4700000e+02		4.4800000e+02		4.4750000e+02		1.4837056e+03		1.7144262e+03		5.2345155e+03		2.4646079e+03		1.7749489e+03		6.8965896e+02
4.4800000e+02		4.4900000e+02		4.4850000e+02		1.4587166e+03		1.6843937e+03		5.1389926e+03		2.4175914e+03		1.7347642e+03		6.8282715e+02
4.4900000e+02		4.5000000e+02		4.4950000e+02		1.4737837e+03		1.7006230e+03		5.1846581e+03		2.4370163e+03		1.7423253e+03		6.9469099e+02
4.5000000e+02		4.5100000e+02		4.5050000e+02		1.5636828e+03		1.8031196e+03		5.4930733e+03		2.5798054e+03		1.8376583e+03		7.4214711e+02
4.5100000e+02		4.5200000e+02		4.5150000e+02		1.5589734e+03		1.7964545e+03		5.4687354e+03		2.5662065e+03		1.8212527e+03		7.4495374e+02
4.5200000e+02		4.5300000e+02		4.5250000e+02		1.4757889e+03		1.6994307e+03		5.1695777e+03		2.4237777e+03		1.7138234e+03		7.0995430e+02
4.5300000e+02		4.5400000e+02		4.5350000e+02		1.4141855e+03		1.6273742e+03		4.9467621e+03		2.3173505e+03		1.6325014e+03		6.8484905e+02
4.5400000e+02		4.5500000e+02		4.5450000e+02		1.5096596e+03		1.7360493e+03		5.2732547e+03		2.4682116e+03		1.7323145e+03		7.3589704e+02
4.5500000e+02		4.5600000e+02		4.5550000e+02		1.4952815e+03		1.7183362e+03		5.2156573e+03		2.4391899e+03		1.7055580e+03		7.3363190e+02
4.5600000e+02		4.5700000e+02		4.5650000e+02		1.5527317e+03		1.7831341e+03		5.4084175e+03		2.5272006e+03		1.7604802e+03		7.6672035e+02
4.5700000e+02		4.5800000e+02		4.5750000e+02		1.5677329e+03		1.7991290e+03		5.4529931e+03		2.5458771e+03		1.7668250e+03		7.7905213e+02
4.5800000e+02		4.5900000e+02		4.5850000e+02		1.4734199e+03		1.6897393e+03		5.1177601e+03		2.3873465e+03		1.6505563e+03		7.3679018e+02
4.5900000e+02		4.6000000e+02		4.5950000e+02		1.5222067e+03		1.7444964e+03		5.2798186e+03		2.4608644e+03		1.6949448e+03		7.6591957e+02
4.6000000e+02		4.6100000e+02		4.6050000e+02		1.5039223e+03		1.7223662e+03		5.2091187e+03		2.4258626e+03		1.6644904e+03		7.6137216e+02
4.6100000e+02		4.6200000e+02		4.6150000e+02		1.5386000e+03		1.7608803e+03		5.3218130e+03		2.4762527e+03		1.6925892e+03		7.8366344e+02
4.6200000e+02		4.6300000e+02		4.6250000e+02		1.5538294e+03		1.7771001e+03		5.3670276e+03		2.4951850e+03		1.6990072e+03		7.9617782e+02
4.6300000e+02		4.6400000e+02		4.6350000e+02		1.5018384e+03		1.7164717e+03		5.1802644e+03		2.4063268e+03		1.6322147e+03		7.7411207e+02
4.6400000e+02		4.6500000e+02		4.6450000e+02		1.5281564e+03		1.7453664e+03		5.2637640e+03		2.4430540e+03		1.6507465e+03		7.9230743e+02
4.6500000e+02		4.6600000e+02		4.6550000e+02		1.4760608e+03		1.6847246e+03		5.0773187e+03		2.3545357e+03		1.5847901e+03		7.6974566e+02
4.6600000e+02		4.6700000e+02		4.6650000e+02		1.4854121e+03		1.6942521e+03		5.1024696e+03		2.3642084e+03		1.5851335e+03		7.7907486e+02
4.6700000e+02		4.6800000e+02		4.6750000e+02		1.4997486e+03		1.7094504e+03		5.1446635e+03		2.3817549e+03		1.5906893e+03		7.9106553e+02
4.6800000e+02		4.6900000e+02		4.6850000e+02		1.4665907e+03		1.6705310e+03		5.0240537e+03		2.3239641e+03		1.5460394e+03		7.7792473e+02
4.6900000e+02		4.7000000e+02		4.6950000e+02		1.5086728e+03		1.7173105e+03		5.1611805e+03		2.3853910e+03		1.5806954e+03		8.0469558e+02
4.7000000e+02		4.7100000e+02		4.7050000e+02		1.4256243e+03		1.6216893e+03		4.8704554e+03		2.2491365e+03		1.4845562e+03		7.6458039e+02
4.7100000e+02		4.7200000e+02		4.7150000e+02		1.4904926e+03		1.6943450e+03		5.0851839e+03		2.3463296e+03		1.5426122e+03		8.0371737e+02
4.7200000e+02		4.7300000e+02		4.7250000e+02		1.5269264e+03		1.7346036e+03		5.2024655e+03		2.3984355e+03		1.5706432e+03		8.2779233e+02
4.7300000e+02		4.7400000e+02		4.7350000e+02		1.4995420e+03		1.7023608e+03		5.1022993e+03		2.3502912e+03		1.5330197e+03		8.1727144e+02
4.7400000e+02		4.7500000e+02		4.7450000e+02		1.5448084e+03		1.7525853e+03		5.2492839e+03		2.4159788e+03		1.5696061e+03		8.4637275e+02
4.7500000e+02		4.7600000e+02		4.7550000e+02		1.5413846e+03		1.7475429e+03		5.2306611e+03		2.4054006e+03		1.5565081e+03		8.4889255e+02
4.7600000e+02		4.7700000e+02		4.7650000e+02		1.4853490e+03		1.6829004e+03		5.0338028e+03		2.3129449e+03		1.4907013e+03		8.2224357e+02
4.7700000e+02		4.7800000e+02		4.7750000e+02		1.5508368e+03		1.7559407e+03		5.2487747e+03		2.4097154e+03		1.5468475e+03		8.6286784e+02
4.7800000e+02		4.7900000e+02		4.7850000e+02		1.5358791e+03		1.7378625e+03		5.1912873e+03		2.3813439e+03		1.5224932e+03		8.5885067e+02
4.7900000e+02		4.8000000e+02		4.7950000e+02		1.5403519e+03		1.7417820e+03		5.1995558e+03		2.3831592e+03		1.5175147e+03		8.6564452e+02
4.8000000e+02		4.8100000e+02		4.8050000e+02		1.5442750e+03		1.7450779e+03		5.2059656e+03		2.3841217e+03		1.5119939e+03		8.7212780e+02
4.8100000e+02		4.8200000e+02		4.8150000e+02		1.5475498e+03		1.7476399e+03		5.2101922e+03		2.3840850e+03		1.5058452e+03		8.7823984e+02
4.8200000e+02		4.8300000e+02		4.8250000e+02		1.5416562e+03		1.7398544e+03		5.1835971e+03		2.3699581e+03		1.4908415e+03		8.7911662e+02
4.8300000e+02		4.8400000e+02		4.8350000e+02		1.5183412e+03		1.7124333e+03		5.0985868e+03		2.3291706e+03		1.4592161e+03		8.6995449e+02
4.8400000e+02		4.8500000e+02		4.8450000e+02		1.4920771e+03		1.6817265e+03		5.0039229e+03		2.2840454e+03		1.4251019e+03		8.5894358e+02
4.8500000e+02		4.8600000e+02		4.8550000e+02		1.4021236e+03		1.5793237e+03		4.6962016e+03		2.1418258e+03		1.3308942e+03		8.1093155e+02
4.8600000e+02		4.8700000e+02		4.8650000e+02		1.2173217e+03		1.3702881e+03		4.0720123e+03		1.8556258e+03		1.1483214e+03		7.0730441e+02
4.8700000e+02		4.8800000e+02		4.8750000e+02		1.3927585e+03		1.5667690e+03		4.6529140e+03		2.1186097e+03		1.3056691e+03		8.1294053e+02
4.8800000e+02		4.8900000e+02		4.8850000e+02		1.4651201e+03		1.6471227e+03		4.8884385e+03		2.2240336e+03		1.3649859e+03		8.5904766e+02
4.8900000e+02		4.9000000e+02		4.8950000e+02		1.4372192e+03		1.6147313e+03		4.7892765e+03		2.1771435e+03		1.3306814e+03		8.4646208e+02
4.9000000e+02		4.9100000e+02		4.9050000e+02		1.5307557e+03		1.7187341e+03		5.0945403e+03		2.3140291e+03		1.4084831e+03		9.0554595e+02
4.9100000e+02		4.9200000e+02		4.9150000e+02		1.4425606e+03		1.6186889e+03		4.7949897e+03		2.1762003e+03		1.3190861e+03		8.5711420e+02
4.9200000e+02		4.9300000e+02		4.9250000e+02		1.3729411e+03		1.5396031e+03		4.5578737e+03		2.0669102e+03		1.2476220e+03		8.1928820e+02
4.9300000e+02		4.9400000e+02		4.9350000e+02		1.4509629e+03		1.6260793e+03		4.8108936e+03		2.1798868e+03		1.3103225e+03		8.6956424e+02
4.9400000e+02		4.9500000e+02		4.9450000e+02		1.4929449e+03		1.6720866e+03		4.9439560e+03		2.2383728e+03		1.3398473e+03		8.9852543e+02
4.9500000e+02		4.9600000e+02		4.9550000e+02		1.4663156e+03		1.6412437e+03		4.8497791e+03		2.1939675e+03		1.3077584e+03		8.8620902e+02
4.9600000e+02		4.9700000e+02		4.9650000e+02		1.4846220e+03		1.6607076e+03		4.9042929e+03		2.2168476e+03		1.3158412e+03		9.0100635e+02
4.9700000e+02		4.9800000e+02		4.9750000e+02		1.5123203e+03		1.6906504e+03		4.9896793e+03		2.2536376e+03		1.3320420e+03		9.2159553e+02
4.9800000e+02		4.9900000e+02		4.9850000e+02		1.3744029e+03		1.5355285e+03		4.5291176e+03		2.0439857e+03		1.2030228e+03		8.4096295e+02
4.9900000e+02		5.0000000e+02		4.9950000e+02		1.4721832e+03		1.6437681e+03		4.8454535e+03		2.1850045e+03		1.2805793e+03		9.0442529e+02
