Left Bin Edge (nm)	Right Bin Edge (nm)	Bin Center (nm)		Top of Atm Intensity (erg/s/nm/cm2)		Total Surface Flux (erg/s/nm/cm2)		Total Intensity at BOA (erg/s/nm/cm2)		Total Surface Intensity (erg/s/nm/cm2)		Total Surface Diffuse Intensity (erg/s/nm/cm2)		Total Surface Direct Intensity (erg/s/nm/cm2)
1.0000000e+02		1.0100000e+02		1.0050000e+02		4.4569042e-02		2.4525372e-199		0.0000000e+00		4.2479191e-199		4.2479191e-199		0.0000000e+00
1.0100000e+02		1.0200000e+02		1.0150000e+02		1.7387199e-01		2.8780736e-197		0.0000000e+00		4.9849697e-197		4.9849697e-197		0.0000000e+00
1.0200000e+02		1.0300000e+02		1.0250000e+02		9.2286085e-01		3.0760912e-195		0.0000000e+00		5.3279463e-195		5.3279463e-195		0.0000000e+00
1.0300000e+02		1.0400000e+02		1.0350000e+02		7.0094286e-01		3.0025211e-193		0.0000000e+00		5.2005190e-193		5.2005190e-193		0.0000000e+00
1.0400000e+02		1.0500000e+02		1.0450000e+02		1.4124828e-01		2.6834646e-191		0.0000000e+00		4.6478970e-191		4.6478970e-191		0.0000000e+00
1.0500000e+02		1.0600000e+02		1.0550000e+02		4.8389941e-02		2.2015012e-189		0.0000000e+00		3.8131119e-189		3.8131119e-189		0.0000000e+00
1.0600000e+02		1.0700000e+02		1.0650000e+02		4.5487167e-02		1.6618987e-187		0.0000000e+00		2.8784929e-187		2.8784929e-187		0.0000000e+00
1.0700000e+02		1.0800000e+02		1.0750000e+02		5.0757295e-02		1.1570779e-185		0.0000000e+00		2.0041178e-185		2.0041178e-185		0.0000000e+00
1.0800000e+02		1.0900000e+02		1.0850000e+02		7.1152114e-02		7.4444917e-184		0.0000000e+00		1.2894238e-183		1.2894238e-183		0.0000000e+00
1.0900000e+02		1.1000000e+02		1.0950000e+02		5.5817450e-02		8.9316738e-07		8.9185013e-06		1.5470113e-06		1.5470113e-06		1.2394626e-158
1.1000000e+02		1.1100000e+02		1.1050000e+02		5.4043772e-02		1.2747542e-06		1.2346960e-05		2.2079391e-06		2.2079391e-06		6.2386819e-151
1.1100000e+02		1.1200000e+02		1.1150000e+02		5.0797691e-02		1.7252658e-06		1.6224935e-05		2.9882481e-06		2.9882481e-06		1.0414936e-143
1.1200000e+02		1.1300000e+02		1.1250000e+02		5.1969037e-02		2.4867013e-06		2.2726415e-05		4.3070930e-06		4.3070930e-06		6.9771138e-137
1.1300000e+02		1.1400000e+02		1.1350000e+02		4.1221387e-02		2.7231286e-06		2.4205523e-05		4.7165971e-06		4.7165971e-06		1.4329333e-130
1.1400000e+02		1.1500000e+02		1.1450000e+02		3.1562600e-02		2.8248516e-06		2.4440734e-05		4.8927866e-06		4.8927866e-06		1.1980437e-124
1.1500000e+02		1.1600000e+02		1.1550000e+02		4.3552050e-02		5.1889835e-06		4.3730431e-05		8.9875830e-06		8.9875830e-06		8.0776918e-119
1.1600000e+02		1.1700000e+02		1.1650000e+02		1.0143732e-01		1.5827582e-05		1.3001371e-04		2.7414176e-05		2.7414176e-05		4.3448883e-113
1.1700000e+02		1.1800000e+02		1.1750000e+02		3.6108525e-01		7.2667579e-05		5.8218418e-04		1.2586394e-04		1.2586394e-04		1.7754762e-107
1.1800000e+02		1.1900000e+02		1.1850000e+02		1.2283927e-01		3.1433698e-05		2.4576269e-04		5.4444762e-05		5.4444762e-05		3.6108166e-103
1.1900000e+02		1.2000000e+02		1.1950000e+02		1.7115732e-01		5.4954469e-05		4.1953208e-04		9.5183932e-05		9.5183932e-05		1.6351103e-98
1.2000000e+02		1.2100000e+02		1.2050000e+02		9.3056497e-01		3.7025747e-04		2.7614381e-03		6.4130474e-04		6.4130474e-04		1.6344635e-93
1.2100000e+02		1.2200000e+02		1.2150000e+02		3.6941242e+01		1.8004000e-02		1.3124583e-01		3.1183842e-02		3.1183842e-02		7.0015851e-88
1.2200000e+02		1.2300000e+02		1.2250000e+02		2.4773856e-01		1.4629428e-04		1.0428785e-03		2.5338912e-04		2.5338912e-04		3.0769403e-86
1.2300000e+02		1.2400000e+02		1.2350000e+02		1.3344721e-01		9.4514194e-05		6.5915627e-04		1.6370339e-04		1.6370339e-04		6.8074030e-83
1.2400000e+02		1.2500000e+02		1.2450000e+02		1.0726631e-01		9.0253228e-05		6.1606317e-04		1.5632318e-04		1.5632318e-04		1.4504919e-79
1.2500000e+02		1.2600000e+02		1.2550000e+02		1.0471361e-01		1.0373693e-04		6.9333826e-04		1.7967764e-04		1.7967764e-04		2.4893324e-76
1.2600000e+02		1.2700000e+02		1.2650000e+02		1.4644878e-01		1.6939824e-04		1.1090234e-03		2.9340636e-04		2.9340636e-04		4.1630686e-73
1.2700000e+02		1.2800000e+02		1.2750000e+02		7.6659940e-02		1.0272428e-04		6.5900540e-04		1.7792366e-04		1.7792366e-04		1.8145379e-70
1.2800000e+02		1.2900000e+02		1.2850000e+02		6.1165494e-02		9.4252451e-05		5.9272131e-04		1.6325003e-04		1.6325003e-04		8.5799286e-68
1.2900000e+02		1.3000000e+02		1.2950000e+02		8.1594975e-02		1.4359151e-04		8.8548446e-04		2.4870779e-04		2.4870779e-04		4.9267631e-65
1.3000000e+02		1.3100000e+02		1.3050000e+02		6.7007791e-01		1.3379877e-03		8.0936747e-03		2.3174627e-03		2.3174627e-03		1.2891744e-61
1.3100000e+02		1.3200000e+02		1.3150000e+02		9.0731094e-02		2.0431468e-04		1.2127660e-03		3.5388341e-04		3.5388341e-04		4.1905016e-60
1.3200000e+02		1.3300000e+02		1.3250000e+02		7.0547730e-02		1.7813941e-04		1.0379090e-03		3.0854651e-04		3.0854651e-04		5.9910368e-58
1.3300000e+02		1.3400000e+02		1.3350000e+02		9.5357088e-01		2.6855426e-03		1.5363391e-02		4.6514962e-03		4.6514962e-03		1.1580865e-54
1.3400000e+02		1.3500000e+02		1.3450000e+02		6.5246966e-02		2.0391639e-04		1.1457585e-03		3.5319354e-04		3.5319354e-04		8.9414801e-54
1.3500000e+02		1.3600000e+02		1.3550000e+02		1.3692679e-01		4.7264694e-04		2.6090985e-03		8.1864852e-04		8.1864852e-04		1.6932224e-51
1.3600000e+02		1.3700000e+02		1.3650000e+02		8.9861989e-02		3.4107504e-04		1.8502895e-03		5.9075930e-04		5.9075930e-04		8.1196778e-50
1.3700000e+02		1.3800000e+02		1.3750000e+02		9.2282630e-02		3.8353540e-04		2.0452750e-03		6.6430280e-04		6.6430280e-04		4.9919932e-48
1.3800000e+02		1.3900000e+02		1.3850000e+02		9.4180145e-02		4.2692591e-04		2.2385813e-03		7.3945737e-04		7.3945737e-04		2.5265514e-46
1.3900000e+02		1.4000000e+02		1.3950000e+02		3.1801144e-01		1.5665449e-03		8.0788999e-03		2.7133353e-03		2.7133353e-03		3.5409174e-44
1.4000000e+02		1.4100000e+02		1.4050000e+02		2.7729440e-01		1.4792589e-03		7.5050747e-03		2.5621515e-03		2.5621515e-03		1.0829134e-42
1.4100000e+02		1.4200000e+02		1.4150000e+02		1.3359910e-01		7.6930121e-04		3.8407743e-03		1.3324688e-03		1.3324688e-03		1.5603998e-41
1.4200000e+02		1.4300000e+02		1.4250000e+02		1.4479671e-01		8.9724972e-04		4.4091520e-03		1.5540821e-03		1.5540821e-03		4.3496423e-40
1.4300000e+02		1.4400000e+02		1.4350000e+02		1.6064305e-01		1.0681447e-03		5.1676957e-03		1.8500809e-03		1.8500809e-03		1.0758700e-38
1.4400000e+02		1.4500000e+02		1.4450000e+02		1.5363637e-01		1.0932065e-03		5.2083231e-03		1.8934892e-03		1.8934892e-03		2.0034635e-37
1.4500000e+02		1.4600000e+02		1.4550000e+02		1.6382583e-01		1.2443059e-03		5.8392031e-03		2.1552011e-03		2.1552011e-03		3.6584510e-36
1.4600000e+02		1.4700000e+02		1.4650000e+02		1.9977093e-01		1.6157565e-03		7.4702146e-03		2.7985724e-03		2.7985724e-03		6.7636582e-35
1.4700000e+02		1.4800000e+02		1.4750000e+02		2.4643334e-01		2.1177055e-03		9.6483220e-03		3.6679735e-03		3.6679735e-03		1.1269098e-33
1.4800000e+02		1.4900000e+02		1.4850000e+02		2.4167300e-01		2.2019013e-03		9.8880305e-03		3.8138049e-03		3.8138049e-03		1.3375282e-32
1.4900000e+02		1.5000000e+02		1.4950000e+02		2.1832777e-01		2.1048310e-03		9.3185858e-03		3.6456743e-03		3.6456743e-03		1.3176693e-31
1.5000000e+02		1.5100000e+02		1.5050000e+02		2.4023073e-01		2.4460237e-03		1.0678439e-02		4.2366373e-03		4.2366373e-03		1.4319894e-30
1.5100000e+02		1.5200000e+02		1.5150000e+02		2.5258505e-01		2.7114143e-03		1.1674801e-02		4.6963074e-03		4.6963074e-03		1.3534639e-29
1.5200000e+02		1.5300000e+02		1.5250000e+02		3.2229547e-01		3.6414548e-03		1.5467697e-02		6.3071847e-03		6.3071847e-03		1.4195120e-28
1.5300000e+02		1.5400000e+02		1.5350000e+02		3.5701286e-01		4.2389126e-03		1.7766082e-02		7.3420121e-03		7.3420121e-03		1.1869187e-27
1.5400000e+02		1.5500000e+02		1.5450000e+02		9.5486931e-01		1.1896529e-02		4.9207569e-02		2.0605392e-02		2.0605392e-02		2.2096473e-26
1.5500000e+02		1.5600000e+02		1.5550000e+02		7.8587524e-01		1.0259528e-02		4.1889023e-02		1.7770025e-02		1.7770025e-02		1.1717917e-25
1.5600000e+02		1.5700000e+02		1.5650000e+02		4.6648084e-01		6.3728005e-03		2.5689154e-02		1.1038014e-02		1.1038014e-02		4.1640243e-25
1.5700000e+02		1.5800000e+02		1.5750000e+02		4.2309893e-01		6.0411240e-03		2.4047401e-02		1.0463534e-02		1.0463534e-02		2.1080175e-24
1.5800000e+02		1.5900000e+02		1.5850000e+02		3.9008072e-01		5.8142734e-03		2.2859137e-02		1.0070617e-02		1.0070617e-02		1.0146851e-23
1.5900000e+02		1.6000000e+02		1.5950000e+02		3.8042347e-01		5.9127095e-03		2.2963965e-02		1.0241113e-02		1.0241113e-02		4.8475801e-23
1.6000000e+02		1.6100000e+02		1.6050000e+02		4.1635449e-01		6.7406138e-03		2.5866432e-02		1.1675086e-02		1.1675086e-02		2.4457525e-22
1.6100000e+02		1.6200000e+02		1.6150000e+02		4.7164413e-01		7.9456617e-03		3.0131699e-02		1.3762290e-02		1.3762290e-02		1.2052310e-21
1.6200000e+02		1.6300000e+02		1.6250000e+02		5.2241459e-01		9.1494531e-03		3.4294447e-02		1.5847318e-02		1.5847318e-02		5.4945838e-21
1.6300000e+02		1.6400000e+02		1.6350000e+02		1.1072121e+00		2.0140972e-02		7.4631434e-02		3.4885186e-02		3.4885186e-02		4.5462435e-20
1.6400000e+02		1.6500000e+02		1.6450000e+02		1.1323318e+00		2.1375586e-02		7.8315669e-02		3.7023601e-02		3.7023601e-02		1.7256873e-19
1.6500000e+02		1.6600000e+02		1.6550000e+02		1.3255566e+00		2.5946602e-02		9.4010404e-02		4.4940832e-02		4.4940832e-02		7.1447954e-19
1.6600000e+02		1.6700000e+02		1.6650000e+02		6.2522883e-01		1.2679998e-02		4.5441638e-02		2.1962401e-02		2.1962401e-02		1.1381322e-18
1.6700000e+02		1.6800000e+02		1.6750000e+02		6.6723830e-01		1.4009903e-02		4.9668705e-02		2.4265864e-02		2.4265864e-02		3.9249268e-18
1.6800000e+02		1.6900000e+02		1.6850000e+02		7.1904320e-01		1.5619745e-02		5.4790738e-02		2.7054192e-02		2.7054192e-02		1.3102924e-17
1.6900000e+02		1.7000000e+02		1.6950000e+02		9.0554889e-01		2.0337631e-02		7.0597726e-02		3.5225810e-02		3.5225810e-02		4.9095655e-17
1.7000000e+02		1.7100000e+02		1.7050000e+02		1.0161854e+00		2.3580260e-02		8.1015255e-02		4.0842209e-02		4.0842209e-02		1.5769841e-16
1.7100000e+02		1.7200000e+02		1.7150000e+02		1.0130704e+00		2.4273495e-02		8.2555906e-02		4.2042926e-02		4.2042926e-02		4.3364604e-16
1.7200000e+02		1.7300000e+02		1.7250000e+02		1.0571150e+00		2.6138051e-02		8.8014765e-02		4.5272432e-02		4.5272432e-02		1.2046348e-15
1.7300000e+02		1.7400000e+02		1.7350000e+02		1.0479596e+00		2.6724261e-02		8.9109186e-02		4.6287778e-02		4.6287778e-02		3.0729519e-15
1.7400000e+02		1.7500000e+02		1.7450000e+02		1.2530722e+00		3.2938921e-02		1.0877464e-01		5.7051885e-02		5.7051885e-02		9.1520756e-15
1.7500000e+02		1.7600000e+02		1.7550000e+02		1.4954862e+00		4.0500379e-02		1.3247839e-01		7.0148715e-02		7.0148715e-02		2.6369150e-14
1.7600000e+02		1.7700000e+02		1.7650000e+02		1.6135596e+00		4.4997168e-02		1.4581564e-01		7.7937382e-02		7.7937382e-02		6.6659612e-14
1.7700000e+02		1.7800000e+02		1.7750000e+02		1.9010195e+00		5.4563043e-02		1.7519227e-01		9.4505963e-02		9.4505963e-02		1.7879349e-13
1.7800000e+02		1.7900000e+02		1.7850000e+02		2.0776624e+00		6.1347227e-02		1.9519661e-01		1.0625651e-01		1.0625651e-01		4.3276806e-13
1.7900000e+02		1.8000000e+02		1.7950000e+02		2.0198657e+00		6.1327291e-02		1.9339927e-01		1.0622198e-01		1.0622198e-01		9.0745750e-13
1.8000000e+02		1.8100000e+02		1.8050000e+02		2.4976225e+00		7.7943455e-02		2.4364995e-01		1.3500202e-01		1.3500202e-01		2.3595060e-12
1.8100000e+02		1.8200000e+02		1.8150000e+02		3.0410490e+00		9.7502226e-02		3.0216757e-01		1.6887881e-01		1.6887881e-01		5.8953860e-12
1.8200000e+02		1.8300000e+02		1.8250000e+02		2.8073836e+00		9.2438710e-02		2.8404954e-01		1.6010854e-01		1.6010854e-01		1.0909533e-11
1.8300000e+02		1.8400000e+02		1.8350000e+02		2.9562417e+00		9.9926696e-02		3.0450052e-01		1.7307811e-01		1.7307811e-01		2.2515361e-11
1.8400000e+02		1.8500000e+02		1.8450000e+02		2.5409769e+00		8.8138494e-02		2.6637719e-01		1.5266035e-01		1.5266035e-01		3.7117029e-11
1.8500000e+02		1.8600000e+02		1.8550000e+02		2.8735562e+00		1.0224612e-01		3.0652150e-01		1.7709548e-01		1.7709548e-01		7.8847399e-11
1.8600000e+02		1.8700000e+02		1.8650000e+02		3.2604304e+00		1.1896194e-01		3.5380326e-01		2.0604813e-01		2.0604813e-01		1.6471985e-10
1.8700000e+02		1.8800000e+02		1.8750000e+02		3.6946466e+00		1.3818478e-01		4.0776496e-01		2.3934307e-01		2.3934307e-01		3.3712156e-10
1.8800000e+02		1.8900000e+02		1.8850000e+02		3.8870616e+00		1.4897571e-01		4.3623094e-01		2.5803350e-01		2.5803350e-01		6.2882997e-10
1.8900000e+02		1.9000000e+02		1.8950000e+02		4.3106081e+00		1.6923722e-01		4.9181620e-01		2.9312746e-01		2.9312745e-01		1.2145255e-09
1.9000000e+02		1.9100000e+02		1.9050000e+02		4.4384288e+00		1.7844742e-01		5.1472714e-01		3.0907999e-01		3.0907999e-01		2.1409231e-09
1.9100000e+02		1.9200000e+02		1.9150000e+02		4.8094361e+00		1.9795335e-01		5.6681668e-01		3.4286526e-01		3.4286525e-01		3.9065531e-09
1.9200000e+02		1.9300000e+02		1.9250000e+02		5.0365493e+00		2.1215678e-01		6.0311759e-01		3.6746633e-01		3.6746632e-01		6.7803058e-09
1.9300000e+02		1.9400000e+02		1.9350000e+02		3.8447944e+00		1.6570011e-01		4.6771876e-01		2.8700100e-01		2.8700100e-01		8.4478878e-09
1.9400000e+02		1.9500000e+02		1.9450000e+02		6.1679797e+00		2.7188937e-01		7.6211765e-01		4.7092621e-01		4.7092619e-01		2.1795235e-08
1.9500000e+02		1.9600000e+02		1.9550000e+02		5.9528271e+00		2.6831745e-01		7.4695876e-01		4.6473947e-01		4.6473944e-01		3.3350521e-08
1.9600000e+02		1.9700000e+02		1.9650000e+02		6.5508102e+00		3.0183984e-01		8.3462534e-01		5.2280195e-01		5.2280189e-01		5.7395088e-08
1.9700000e+02		1.9800000e+02		1.9750000e+02		6.5190955e+00		3.0697778e-01		8.4321426e-01		5.3170115e-01		5.3170106e-01		8.8149585e-08
1.9800000e+02		1.9900000e+02		1.9850000e+02		6.3883794e+00		3.0734990e-01		8.3874127e-01		5.3234568e-01		5.3234555e-01		1.3162366e-07
1.9900000e+02		2.0000000e+02		1.9950000e+02		6.7274707e+00		3.3060093e-01		8.9641725e-01		5.7261768e-01		5.7261747e-01		2.0862123e-07
2.0000000e+02		2.0100000e+02		2.0050000e+02		7.1125146e+00		3.5692316e-01		9.6169776e-01		6.1820915e-01		6.1820883e-01		3.2804544e-07
2.0100000e+02		2.0200000e+02		2.0150000e+02		7.5701275e+00		3.8783381e-01		1.0385159e+00		6.7174803e-01		6.7174751e-01		5.1338036e-07
2.0200000e+02		2.0300000e+02		2.0250000e+02		7.4828608e+00		3.9128641e-01		1.0413842e+00		6.7772817e-01		6.7772743e-01		7.3794287e-07
2.0300000e+02		2.0400000e+02		2.0350000e+02		8.0092047e+00		4.2736290e-01		1.1305931e+00		7.4021460e-01		7.4021347e-01		1.1363786e-06
2.0400000e+02		2.0500000e+02		2.0450000e+02		8.6207445e+00		4.6927795e-01		1.2341750e+00		8.1281380e-01		8.1281205e-01		1.7417099e-06
2.0500000e+02		2.0600000e+02		2.0550000e+02		8.6400754e+00		4.7971172e-01		1.2543166e+00		8.3088584e-01		8.3088338e-01		2.4610337e-06
2.0600000e+02		2.0700000e+02		2.0650000e+02		8.6510225e+00		4.8978884e-01		1.2733814e+00		8.4834022e-01		8.4833678e-01		3.4407632e-06
2.0700000e+02		2.0800000e+02		2.0750000e+02		9.3957826e+00		5.4232043e-01		1.4020718e+00		9.3932813e-01		9.3932296e-01		5.1697180e-06
2.0800000e+02		2.0900000e+02		2.0850000e+02		1.0163489e+01		5.9793218e-01		1.5373478e+00		1.0356513e+00		1.0356436e+00		7.6668685e-06
2.0900000e+02		2.1000000e+02		2.0950000e+02		1.3129215e+01		7.8711840e-01		2.0128287e+00		1.3633332e+00		1.3633198e+00		1.3461085e-05
2.1000000e+02		2.1100000e+02		2.1050000e+02		1.6183343e+01		9.8848329e-01		2.5143322e+00		1.7121102e+00		1.7120878e+00		2.2362762e-05
2.1100000e+02		2.1200000e+02		2.1150000e+02		1.8424170e+01		1.1462989e+00		2.9005291e+00		1.9854584e+00		1.9854244e+00		3.4035430e-05
2.1200000e+02		2.1300000e+02		2.1250000e+02		1.6428561e+01		1.0409473e+00		2.6204326e+00		1.8029860e+00		1.8029458e+00		4.0254523e-05
2.1300000e+02		2.1400000e+02		2.1350000e+02		1.6737981e+01		1.0798498e+00		2.7046484e+00		1.8703714e+00		1.8703174e+00		5.3986734e-05
2.1400000e+02		2.1500000e+02		2.1450000e+02		2.1432541e+01		1.4075962e+00		3.5080559e+00		2.4380560e+00		2.4379657e+00		9.0329661e-05
2.1500000e+02		2.1600000e+02		2.1550000e+02		1.8408135e+01		1.2304746e+00		3.0516822e+00		2.1312757e+00		2.1311751e+00		1.0065751e-04
2.1600000e+02		2.1700000e+02		2.1650000e+02		1.7036901e+01		1.1588507e+00		2.8602834e+00		2.0072255e+00		2.0071054e+00		1.2003631e-04
2.1700000e+02		2.1800000e+02		2.1750000e+02		1.7640866e+01		1.2208085e+00		2.9990262e+00		2.1145515e+00		2.1143925e+00		1.5908489e-04
2.1800000e+02		2.1900000e+02		2.1850000e+02		2.3730294e+01		1.6704726e+00		4.0846889e+00		2.8934276e+00		2.8931555e+00		2.7214001e-04
2.1900000e+02		2.2000000e+02		2.1950000e+02		2.5052511e+01		1.7935566e+00		4.3657304e+00		3.1066434e+00		3.1062803e+00		3.6308009e-04
2.2000000e+02		2.2100000e+02		2.2050000e+02		2.5203754e+01		1.8347490e+00		4.4460626e+00		3.1780205e+00		3.1775616e+00		4.5882295e-04
2.2100000e+02		2.2200000e+02		2.2150000e+02		2.0176768e+01		1.4932473e+00		3.6026508e+00		2.5865221e+00		2.5860634e+00		4.5867933e-04
2.2200000e+02		2.2300000e+02		2.2250000e+02		2.7154039e+01		2.0427037e+00		4.9070606e+00		3.5383038e+00		3.5375373e+00		7.6647449e-04
2.2300000e+02		2.2400000e+02		2.2350000e+02		3.5163062e+01		2.6882616e+00		6.4305316e+00		4.6565849e+00		4.6553593e+00		1.2256315e-03
2.2400000e+02		2.2500000e+02		2.2450000e+02		3.2875934e+01		2.5538825e+00		6.0837159e+00		4.4238897e+00		4.4224822e+00		1.4074697e-03
2.2500000e+02		2.2600000e+02		2.2550000e+02		2.8720078e+01		2.2665818e+00		5.3773107e+00		3.9262997e+00		3.9247973e+00		1.5023909e-03
2.2600000e+02		2.2700000e+02		2.2650000e+02		2.1037217e+01		1.6864092e+00		3.9848792e+00		2.9213604e+00		2.9200224e+00		1.3379470e-03
2.2700000e+02		2.2800000e+02		2.2750000e+02		2.0463841e+01		1.6660099e+00		3.9212155e+00		2.8861008e+00		2.8845262e+00		1.5746136e-03
2.2800000e+02		2.2900000e+02		2.2850000e+02		2.8509984e+01		2.3568440e+00		5.5258255e+00		4.0829907e+00		4.0803491e+00		2.6415967e-03
2.2900000e+02		2.3000000e+02		2.2950000e+02		2.5620938e+01		2.1503092e+00		5.0225291e+00		3.7253249e+00		3.7224795e+00		2.8454773e-03
2.3000000e+02		2.3100000e+02		2.3050000e+02		2.9055844e+01		2.4753740e+00		5.7603573e+00		4.2886647e+00		4.2848139e+00		3.8508024e-03
2.3100000e+02		2.3200000e+02		2.3150000e+02		2.7387429e+01		2.3680469e+00		5.4905723e+00		4.1029117e+00		4.0985990e+00		4.3127158e-03
2.3200000e+02		2.3300000e+02		2.3250000e+02		2.9413108e+01		2.5807311e+00		5.9623887e+00		4.4716527e+00		4.4661724e+00		5.4802688e-03
2.3300000e+02		2.3400000e+02		2.3350000e+02		2.6543685e+01		2.3629674e+00		5.4402253e+00		4.0945825e+00		4.0887546e+00		5.8279558e-03
2.3400000e+02		2.3500000e+02		2.3450000e+02		2.3194371e+01		2.0946260e+00		4.8059423e+00		3.6298478e+00		3.6238703e+00		5.9774497e-03
2.3500000e+02		2.3600000e+02		2.3550000e+02		3.1223226e+01		2.8599768e+00		6.5400143e+00		4.9565356e+00		4.9471271e+00		9.4085648e-03
2.3600000e+02		2.3700000e+02		2.3650000e+02		2.8911473e+01		2.6856539e+00		6.1212696e+00		4.6548284e+00		4.6446797e+00		1.0148693e-02
2.3700000e+02		2.3800000e+02		2.3750000e+02		3.0878004e+01		2.9084335e+00		6.6078017e+00		5.0414464e+00		5.0288655e+00		1.2580904e-02
2.3800000e+02		2.3900000e+02		2.3850000e+02		2.5598090e+01		2.4444622e+00		5.5362883e+00		4.2376644e+00		4.2256011e+00		1.2063302e-02
2.3900000e+02		2.4000000e+02		2.3950000e+02		2.7890834e+01		2.6998499e+00		6.0959807e+00		4.6809640e+00		4.6658133e+00		1.5150707e-02
2.4000000e+02		2.4100000e+02		2.4050000e+02		2.5623038e+01		2.5139019e+00		5.6591604e+00		4.3591526e+00		4.3431617e+00		1.5990918e-02
2.4100000e+02		2.4200000e+02		2.4150000e+02		3.0005079e+01		2.9832528e+00		6.6961406e+00		5.1737790e+00		5.1523349e+00		2.1444113e-02
2.4200000e+02		2.4300000e+02		2.4250000e+02		4.1301739e+01		4.1608290e+00		9.3127166e+00		7.2171913e+00		7.1834944e+00		3.3696951e-02
2.4300000e+02		2.4400000e+02		2.4350000e+02		3.8791639e+01		3.9591807e+00		8.8368008e+00		6.8686448e+00		6.8326247e+00		3.6020161e-02
2.4400000e+02		2.4500000e+02		2.4450000e+02		3.6329084e+01		3.7559294e+00		8.3604886e+00		6.5173021e+00		6.4790231e+00		3.8278974e-02
2.4500000e+02		2.4600000e+02		2.4550000e+02		2.9476122e+01		3.0865259e+00		6.8523571e+00		5.3568906e+00		5.3217489e+00		3.5141724e-02
2.4600000e+02		2.4700000e+02		2.4650000e+02		2.8685918e+01		3.0419106e+00		6.7360258e+00		5.2806808e+00		5.2420929e+00		3.8587913e-02
2.4700000e+02		2.4800000e+02		2.4750000e+02		3.1678139e+01		3.4013998e+00		7.5133509e+00		5.9062304e+00		5.8582804e+00		4.7949950e-02
2.4800000e+02		2.4900000e+02		2.4850000e+02		2.5406301e+01		2.7618665e+00		6.0859576e+00		4.7970440e+00		4.7538857e+00		4.3158310e-02
2.4900000e+02		2.5000000e+02		2.4950000e+02		3.0967514e+01		3.4078022e+00		7.4917360e+00		5.9207024e+00		5.8618176e+00		5.8884812e-02
2.5000000e+02		2.5100000e+02		2.5050000e+02		3.3448743e+01		3.7256229e+00		8.1718521e+00		6.4749369e+00		6.4039202e+00		7.1016705e-02
2.5100000e+02		2.5200000e+02		2.5150000e+02		2.7888154e+01		3.1436546e+00		6.8802100e+00		5.4653713e+00		5.3994200e+00		6.5951288e-02
2.5200000e+02		2.5300000e+02		2.5250000e+02		2.5069906e+01		2.8596266e+00		6.2452991e+00		4.9733979e+00		4.9075190e+00		6.5878908e-02
2.5300000e+02		2.5400000e+02		2.5350000e+02		3.1592540e+01		3.6461032e+00		7.9466076e+00		6.3437074e+00		6.2516703e+00		9.2037146e-02
2.5400000e+02		2.5500000e+02		2.5450000e+02		3.5730773e+01		4.1717813e+00		9.0743413e+00		7.2613554e+00		7.1462151e+00		1.1514029e-01
2.5500000e+02		2.5600000e+02		2.5550000e+02		4.8755658e+01		5.7581955e+00		1.2501227e+01		1.0027130e+01		9.8537239e+00		1.7340573e-01
2.5600000e+02		2.5700000e+02		2.5650000e+02		6.2803876e+01		7.5020212e+00		1.6257326e+01		1.3069984e+01		1.2823975e+01		2.4600869e-01
2.5700000e+02		2.5800000e+02		2.5750000e+02		7.8843355e+01		9.5243694e+00		2.0603621e+01		1.6601693e+01		1.6262263e+01		3.3943064e-01
2.5800000e+02		2.5900000e+02		2.5850000e+02		8.2991293e+01		1.0137536e+01		2.1893144e+01		1.7679957e+01		1.7288070e+01		3.9188643e-01
2.5900000e+02		2.6000000e+02		2.5950000e+02		7.0629481e+01		8.7229780e+00		1.8807919e+01		1.5221580e+01		1.4856492e+01		3.6508840e-01
2.6000000e+02		2.6100000e+02		2.6050000e+02		5.7868388e+01		7.2251978e+00		1.5554562e+01		1.2615509e+01		1.2288693e+01		3.2681530e-01
2.6100000e+02		2.6200000e+02		2.6150000e+02		5.9092703e+01		7.4580132e+00		1.6032269e+01		1.3030241e+01		1.2666301e+01		3.6394008e-01
2.6200000e+02		2.6300000e+02		2.6250000e+02		7.0528613e+01		8.9967888e+00		1.9313226e+01		1.5729163e+01		1.5256335e+01		4.7282804e-01
2.6300000e+02		2.6400000e+02		2.6350000e+02		1.0614195e+02		1.3683421e+01		2.9335197e+01		2.3939568e+01		2.3166365e+01		7.7320342e-01
2.6400000e+02		2.6500000e+02		2.6450000e+02		1.6548208e+02		2.1557442e+01		4.6158316e+01		3.7743084e+01		3.6435490e+01		1.3075943e+00
2.6500000e+02		2.6600000e+02		2.6550000e+02		1.7356948e+02		2.2846095e+01		4.8860105e+01		4.0030030e+01		3.8544860e+01		1.4851704e+00
2.6600000e+02		2.6700000e+02		2.6650000e+02		1.6826276e+02		2.2375531e+01		4.7800950e+01		3.9237061e+01		3.7680537e+01		1.5565234e+00
2.6700000e+02		2.6800000e+02		2.6750000e+02		1.6940220e+02		2.2756529e+01		4.8564717e+01		3.9938701e+01		3.8247274e+01		1.6914268e+00
2.6800000e+02		2.6900000e+02		2.6850000e+02		1.6778062e+02		2.2765957e+01		4.8538136e+01		3.9990273e+01		3.8184922e+01		1.8053508e+00
2.6900000e+02		2.7000000e+02		2.6950000e+02		1.5737310e+02		2.1566905e+01		4.5940719e+01		3.7918635e+01		3.6096536e+01		1.8220988e+00
2.7000000e+02		2.7100000e+02		2.7050000e+02		1.8181465e+02		2.5162630e+01		5.3556101e+01		4.4282617e+01		4.2020869e+01		2.2617483e+00
2.7100000e+02		2.7200000e+02		2.7150000e+02		1.5108640e+02		2.1114439e+01		4.4906098e+01		3.7195056e+01		3.5178627e+01		2.0164291e+00
2.7200000e+02		2.7300000e+02		2.7250000e+02		1.2154404e+02		1.7150334e+01		3.6450274e+01		3.0242854e+01		2.8504984e+01		1.7378693e+00
2.7300000e+02		2.7400000e+02		2.7350000e+02		1.2960124e+02		1.8462525e+01		3.9214891e+01		3.2591315e+01		3.0608797e+01		1.9825178e+00
2.7400000e+02		2.7500000e+02		2.7450000e+02		8.9183780e+01		1.2825362e+01		2.7226397e+01		2.2665074e+01		2.1207497e+01		1.4575771e+00
2.7500000e+02		2.7600000e+02		2.7550000e+02		1.1893609e+02		1.7264680e+01		3.6632644e+01		3.0544910e+01		2.8470836e+01		2.0740747e+00
2.7600000e+02		2.7700000e+02		2.7650000e+02		1.6564211e+02		2.4268146e+01		5.1471129e+01		4.2985872e+01		3.9907737e+01		3.0781353e+00
2.7700000e+02		2.7800000e+02		2.7750000e+02		1.5837296e+02		2.3416836e+01		4.9647846e+01		4.1528104e+01		3.8395838e+01		3.1322664e+00
2.7800000e+02		2.7900000e+02		2.7850000e+02		1.0921797e+02		1.6296091e+01		3.4540460e+01		2.8935963e+01		2.6639815e+01		2.2961484e+00
2.7900000e+02		2.8000000e+02		2.7950000e+02		6.1368404e+01		9.2392707e+00		1.9578605e+01		1.6426631e+01		1.5056825e+01		1.3698058e+00
2.8000000e+02		2.8100000e+02		2.8050000e+02		6.7313201e+01		1.0224886e+01		2.1663485e+01		1.8202923e+01		1.6609558e+01		1.5933645e+00
2.8100000e+02		2.8200000e+02		2.8150000e+02		1.3943196e+02		2.1367229e+01		4.5265764e+01		3.8090627e+01		3.4594540e+01		3.4960874e+00
2.8200000e+02		2.8300000e+02		2.8250000e+02		1.8983287e+02		2.9345919e+01		6.2165103e+01		5.2386586e+01		4.7350277e+01		5.0363090e+00
2.8300000e+02		2.8400000e+02		2.8350000e+02		1.9610227e+02		3.0578247e+01		6.4775953e+01		5.4664126e+01		4.9165277e+01		5.4988496e+00
2.8400000e+02		2.8500000e+02		2.8450000e+02		1.4459284e+02		2.2740191e+01		4.8175043e+01		4.0711409e+01		3.6430633e+01		4.2807761e+00
2.8500000e+02		2.8600000e+02		2.8550000e+02		9.2944992e+01		1.4741946e+01		3.1234427e+01		2.6431605e+01		2.3529339e+01		2.9022656e+00
2.8600000e+02		2.8700000e+02		2.8650000e+02		1.9045522e+02		3.0462657e+01		6.4553627e+01		5.4701271e+01		4.8435150e+01		6.2661212e+00
2.8700000e+02		2.8800000e+02		2.8750000e+02		2.2108403e+02		3.5656881e+01		7.5577628e+01		6.4128024e+01		5.6471574e+01		7.6564506e+00
2.8800000e+02		2.8900000e+02		2.8850000e+02		2.1010240e+02		3.4165950e+01		7.2437386e+01		6.1544114e+01		5.3892649e+01		7.6514654e+00
2.8900000e+02		2.9000000e+02		2.8950000e+02		3.1885068e+02		5.2274777e+01		1.1086708e+02		9.4316365e+01		8.2117109e+01		1.2199255e+01
2.9000000e+02		2.9100000e+02		2.9050000e+02		4.1860542e+02		6.9186011e+01		1.4678816e+02		1.2503396e+02		1.0822343e+02		1.6810529e+01
2.9100000e+02		2.9200000e+02		2.9150000e+02		4.0318642e+02		6.7172976e+01		1.4257727e+02		1.2159950e+02		1.0462018e+02		1.6979320e+01
2.9200000e+02		2.9300000e+02		2.9250000e+02		3.5818014e+02		6.0149565e+01		1.2772950e+02		1.0907105e+02		9.3266941e+01		1.5804104e+01
2.9300000e+02		2.9400000e+02		2.9350000e+02		3.7393440e+02		6.3290151e+01		1.3446751e+02		1.1496479e+02		9.7692790e+01		1.7271995e+01
2.9400000e+02		2.9500000e+02		2.9450000e+02		3.4819581e+02		5.9393890e+01		1.2625960e+02		1.0807712e+02		9.1254931e+01		1.6822187e+01
2.9500000e+02		2.9600000e+02		2.9550000e+02		3.7701055e+02		6.4806330e+01		1.3784778e+02		1.1813644e+02		9.9100882e+01		1.9035554e+01
2.9600000e+02		2.9700000e+02		2.9650000e+02		3.4493460e+02		5.9746836e+01		1.2716708e+02		1.0911051e+02		9.0923926e+01		1.8186583e+01
2.9700000e+02		2.9800000e+02		2.9750000e+02		3.5165811e+02		6.1373644e+01		1.3071827e+02		1.1228693e+02		9.2940788e+01		1.9346138e+01
2.9800000e+02		2.9900000e+02		2.9850000e+02		3.0223333e+02		5.3144213e+01		1.1327172e+02		9.7411193e+01		8.0075556e+01		1.7335638e+01
2.9900000e+02		3.0000000e+02		2.9950000e+02		3.4101318e+02		6.0409706e+01		1.2885443e+02		1.1093658e+02		9.0558451e+01		2.0378130e+01
3.0000000e+02		3.0100000e+02		3.0050000e+02		2.7131061e+02		4.8416588e+01		1.0335449e+02		8.9081303e+01		7.2202772e+01		1.6878531e+01
3.0100000e+02		3.0200000e+02		3.0150000e+02		3.1202593e+02		5.6089321e+01		1.1983197e+02		1.0339645e+02		8.3202593e+01		2.0193857e+01
3.0200000e+02		3.0300000e+02		3.0250000e+02		3.2846528e+02		5.9471873e+01		1.2716739e+02		1.0984453e+02		8.7745588e+01		2.2098947e+01
3.0300000e+02		3.0400000e+02		3.0350000e+02		4.2601061e+02		7.7686597e+01		1.6626296e+02		1.4376800e+02		1.1399274e+02		2.9775255e+01
3.0400000e+02		3.0500000e+02		3.0450000e+02		4.0776836e+02		7.4888292e+01		1.6042120e+02		1.3886310e+02		1.0927565e+02		2.9587444e+01
3.0500000e+02		3.0600000e+02		3.0550000e+02		4.1174793e+02		7.6151426e+01		1.6328146e+02		1.4148644e+02		1.1049109e+02		3.0995341e+01
3.0600000e+02		3.0700000e+02		3.0650000e+02		3.9053943e+02		7.2732666e+01		1.5610304e+02		1.3540564e+02		1.0492534e+02		3.0480303e+01
3.0700000e+02		3.0800000e+02		3.0750000e+02		4.3847484e+02		8.2224149e+01		1.7665085e+02		1.5338517e+02		1.1792729e+02		3.5457882e+01
3.0800000e+02		3.0900000e+02		3.0850000e+02		4.3035211e+02		8.1253317e+01		1.7474425e+02		1.5188246e+02		1.1584651e+02		3.6035947e+01
3.0900000e+02		3.1000000e+02		3.0950000e+02		3.4901328e+02		6.6342864e+01		1.4282752e+02		1.2426496e+02		9.4021348e+01		3.0243616e+01
3.1000000e+02		3.1100000e+02		3.1050000e+02		4.3927411e+02		8.4061261e+01		1.8116711e+02		1.5777687e+02		1.1840840e+02		3.9368470e+01
3.1100000e+02		3.1200000e+02		3.1150000e+02		5.2246540e+02		1.0064659e+02		2.1714893e+02		1.8929713e+02		1.4089790e+02		4.8399231e+01
3.1200000e+02		3.1300000e+02		3.1250000e+02		4.6521908e+02		9.0209799e+01		1.9484822e+02		1.7002016e+02		1.2549981e+02		4.4520349e+01
3.1300000e+02		3.1400000e+02		3.1350000e+02		4.9544367e+02		9.6698310e+01		2.0910004e+02		1.8262959e+02		1.3367733e+02		4.8952256e+01
3.1400000e+02		3.1500000e+02		3.1450000e+02		4.6729179e+02		9.1794177e+01		1.9872421e+02		1.7373061e+02		1.2608682e+02		4.7643786e+01
3.1500000e+02		3.1600000e+02		3.1550000e+02		4.5343123e+02		8.9642718e+01		1.9429363e+02		1.7001538e+02		1.2233536e+02		4.7680021e+01
3.1600000e+02		3.1700000e+02		3.1650000e+02		4.4229406e+02		8.7996577e+01		1.9095200e+02		1.6724519e+02		1.1930331e+02		4.7941874e+01
3.1700000e+02		3.1800000e+02		3.1750000e+02		5.6102832e+02		1.1232211e+02		2.4403107e+02		2.1392919e+02		1.5127584e+02		6.2653343e+01
3.1800000e+02		3.1900000e+02		3.1850000e+02		4.6340678e+02		9.3356297e+01		2.0307246e+02		1.7818341e+02		1.2489182e+02		5.3291586e+01
3.1900000e+02		3.2000000e+02		3.1950000e+02		4.9774832e+02		1.0089438e+02		2.1973925e+02		1.9297945e+02		1.3406409e+02		5.8915362e+01
3.2000000e+02		3.2100000e+02		3.2050000e+02		5.7184857e+02		1.1662445e+02		2.5431312e+02		2.2354004e+02		1.5390749e+02		6.9632551e+01
3.2100000e+02		3.2200000e+02		3.2150000e+02		4.8024660e+02		9.8537124e+01		2.1514062e+02		1.8927278e+02		1.2914123e+02		6.0131545e+01
3.2200000e+02		3.2300000e+02		3.2250000e+02		4.8228681e+02		9.9550596e+01		2.1762773e+02		1.9162636e+02		1.2956108e+02		6.2065272e+01
3.2300000e+02		3.2400000e+02		3.2350000e+02		4.6607071e+02		9.6776360e+01		2.1183200e+02		1.8668266e+02		1.2506535e+02		6.1617316e+01
3.2400000e+02		3.2500000e+02		3.2450000e+02		5.4882129e+02		1.1463143e+02		2.5123587e+02		2.2159588e+02		1.4708906e+02		7.4506818e+01
3.2500000e+02		3.2600000e+02		3.2550000e+02		6.3196128e+02		1.3276850e+02		2.9136136e+02		2.5720291e+02		1.6914266e+02		8.8060249e+01
3.2600000e+02		3.2700000e+02		3.2650000e+02		7.1301257e+02		1.5066429e+02		3.3106189e+02		2.9249156e+02		1.9055615e+02		1.0193540e+02
3.2700000e+02		3.2800000e+02		3.2750000e+02		6.8984049e+02		1.4660451e+02		3.2256022e+02		2.8521445e+02		1.8407219e+02		1.0114227e+02
3.2800000e+02		3.2900000e+02		3.2850000e+02		6.6596082e+02		1.4233443e+02		3.1357425e+02		2.7749433e+02		1.7739985e+02		1.0009448e+02
3.2900000e+02		3.3000000e+02		3.2950000e+02		7.7527139e+02		1.6663071e+02		3.6758215e+02		3.2554993e+02		2.0614630e+02		1.1940363e+02
3.3000000e+02		3.3100000e+02		3.3050000e+02		7.3029799e+02		1.5784067e+02		3.4864942e+02		3.0902821e+02		1.9381708e+02		1.1521112e+02
3.3100000e+02		3.3200000e+02		3.3150000e+02		6.9881652e+02		1.5187184e+02		3.3590720e+02		2.9796898e+02		1.8508829e+02		1.1288069e+02
3.3200000e+02		3.3300000e+02		3.3250000e+02		6.8562051e+02		1.4982046e+02		3.3180759e+02		2.9456233e+02		1.8120820e+02		1.1335413e+02
3.3300000e+02		3.3400000e+02		3.3350000e+02		6.5878216e+02		1.4473731e+02		3.2097386e+02		2.8516509e+02		1.7372780e+02		1.1143729e+02
3.3400000e+02		3.3500000e+02		3.3450000e+02		6.9405546e+02		1.5330718e+02		3.4042874e+02		3.0268116e+02		1.8260432e+02		1.2007684e+02
3.3500000e+02		3.3600000e+02		3.3550000e+02		6.8541663e+02		1.5220577e+02		3.3843065e+02		3.0113281e+02		1.7989435e+02		1.2123846e+02
3.3600000e+02		3.3700000e+02		3.3650000e+02		5.6469084e+02		1.2605907e+02		2.8066454e+02		2.4992051e+02		1.4783492e+02		1.0208559e+02
3.3700000e+02		3.3800000e+02		3.3750000e+02		5.9573781e+02		1.3368548e+02		2.9803853e+02		2.6558866e+02		1.5555464e+02		1.1003402e+02
3.3800000e+02		3.3900000e+02		3.3850000e+02		6.4448401e+02		1.4537375e+02		3.2452524e+02		2.8940445e+02		1.6782640e+02		1.2157804e+02
3.3900000e+02		3.4000000e+02		3.3950000e+02		6.7448220e+02		1.5292143e+02		3.4182554e+02		3.0505468e+02		1.7514530e+02		1.2990938e+02
3.4000000e+02		3.4100000e+02		3.4050000e+02		7.1196374e+02		1.6224045e+02		3.6313502e+02		3.2430578e+02		1.8434269e+02		1.3996308e+02
3.4100000e+02		3.4200000e+02		3.4150000e+02		6.4984945e+02		1.4883224e+02		3.3356294e+02		2.9810869e+02		1.6775744e+02		1.3035126e+02
3.4200000e+02		3.4300000e+02		3.4250000e+02		7.0477558e+02		1.6221757e+02		3.6404007e+02		3.2557668e+02		1.8137710e+02		1.4419959e+02
3.4300000e+02		3.4400000e+02		3.4350000e+02		6.9264465e+02		1.6021390e+02		3.6001503e+02		3.2220256e+02		1.7769161e+02		1.4451095e+02
3.4400000e+02		3.4500000e+02		3.4450000e+02		5.5710877e+02		1.2949485e+02		2.9136706e+02		2.6094565e+02		1.4245713e+02		1.1848852e+02
3.4500000e+02		3.4600000e+02		3.4550000e+02		6.7138909e+02		1.5681580e+02		3.5329991e+02		3.1662957e+02		1.7110781e+02		1.4552176e+02
3.4600000e+02		3.4700000e+02		3.4650000e+02		6.5194093e+02		1.5300559e+02		3.4516345e+02		3.0954809e+02		1.6558439e+02		1.4396370e+02
3.4700000e+02		3.4800000e+02		3.4750000e+02		6.4525828e+02		1.5215867e+02		3.4369717e+02		3.0844078e+02		1.6331468e+02		1.4512610e+02
3.4800000e+02		3.4900000e+02		3.4850000e+02		6.6761091e+02		1.5817265e+02		3.5774217e+02		3.2125923e+02		1.6836858e+02		1.5289065e+02
3.4900000e+02		3.5000000e+02		3.4950000e+02		6.3989005e+02		1.5231375e+02		3.4493319e+02		3.0996114e+02		1.6078856e+02		1.4917258e+02
3.5000000e+02		3.5100000e+02		3.5050000e+02		7.6650484e+02		1.8329706e+02		4.1562917e+02		3.7373371e+02		1.9188614e+02		1.8184757e+02
3.5100000e+02		3.5200000e+02		3.5150000e+02		7.1211510e+02		1.7107199e+02		3.8840198e+02		3.4947722e+02		1.7759273e+02		1.7188449e+02
3.5200000e+02		3.5300000e+02		3.5250000e+02		6.5785102e+02		1.5875440e+02		3.6089226e+02		3.2493271e+02		1.6342437e+02		1.6150834e+02
3.5300000e+02		3.5400000e+02		3.5350000e+02		7.5263834e+02		1.8244655e+02		4.1527314e+02		3.7413246e+02		1.8623378e+02		1.8789869e+02
3.5400000e+02		3.5500000e+02		3.5450000e+02		8.0329241e+02		1.9559411e+02		4.4575622e+02		4.0184812e+02		1.9796927e+02		2.0387885e+02
3.5500000e+02		3.5600000e+02		3.5550000e+02		7.5433512e+02		1.8448503e+02		4.2096224e+02		3.7973266e+02		1.8514424e+02		1.9458842e+02
3.5600000e+02		3.5700000e+02		3.5650000e+02		6.5576441e+02		1.6107990e+02		3.6801082e+02		3.3217199e+02		1.6028238e+02		1.7188962e+02
3.5700000e+02		3.5800000e+02		3.5750000e+02		5.7307986e+02		1.4137986e+02		3.2340056e+02		2.9208427e+02		1.3948131e+02		1.5260296e+02
3.5800000e+02		3.5900000e+02		3.5850000e+02		4.9194729e+02		1.2188554e+02		2.7914900e+02		2.5227013e+02		1.1922129e+02		1.3304884e+02
3.5900000e+02		3.6000000e+02		3.5950000e+02		7.1030971e+02		1.7673603e+02		4.0526233e+02		3.6645929e+02		1.7139152e+02		1.9506777e+02
3.6000000e+02		3.6100000e+02		3.6050000e+02		7.0092701e+02		1.7513643e+02		4.0207902e+02		3.6379614e+02		1.6838105e+02		1.9541509e+02
3.6100000e+02		3.6200000e+02		3.6150000e+02		6.5110481e+02		1.6336678e+02		3.7550774e+02		3.3995403e+02		1.5571241e+02		1.8424162e+02
3.6200000e+02		3.6300000e+02		3.6250000e+02		7.3500056e+02		1.8517936e+02		4.2615183e+02		3.8602707e+02		1.7497881e+02		2.1104826e+02
3.6300000e+02		3.6400000e+02		3.6350000e+02		7.1558904e+02		1.8102716e+02		4.1708877e+02		3.7803454e+02		1.6957469e+02		2.0845984e+02
3.6400000e+02		3.6500000e+02		3.6450000e+02		7.4837927e+02		1.9009040e+02		4.3848444e+02		3.9765301e+02		1.7651973e+02		2.2113328e+02
3.6500000e+02		3.6600000e+02		3.6550000e+02		8.5179486e+02		2.1722770e+02		5.0166603e+02		4.5520750e+02		1.9996582e+02		2.5524168e+02
3.6600000e+02		3.6700000e+02		3.6650000e+02		9.1042532e+02		2.3310404e+02		5.3895306e+02		4.8931424e+02		2.1271099e+02		2.7660325e+02
3.6700000e+02		3.6800000e+02		3.6750000e+02		8.7909512e+02		2.2596973e+02		5.2305725e+02		4.7514472e+02		2.0440070e+02		2.7074402e+02
3.6800000e+02		3.6900000e+02		3.6850000e+02		8.1047729e+02		2.0914523e+02		4.8466411e+02		4.4050913e+02		1.8752744e+02		2.5298169e+02
3.6900000e+02		3.7000000e+02		3.6950000e+02		8.9967825e+02		2.3306175e+02		5.4069693e+02		4.9170311e+02		2.0714082e+02		2.8456228e+02
3.7000000e+02		3.7100000e+02		3.7050000e+02		8.4427990e+02		2.1954876e+02		5.0991752e+02		4.6396114e+02		1.9341801e+02		2.7054314e+02
3.7100000e+02		3.7200000e+02		3.7150000e+02		8.7164560e+02		2.2752518e+02		5.2903020e+02		4.8160661e+02		1.9868282e+02		2.8292379e+02
3.7200000e+02		3.7300000e+02		3.7250000e+02		7.2411383e+02		1.8972550e+02		4.4162613e+02		4.0224876e+02		1.6421602e+02		2.3803274e+02
3.7300000e+02		3.7400000e+02		3.7350000e+02		6.3155746e+02		1.6609079e+02		3.8703358e+02		3.5270717e+02		1.4249142e+02		2.1021575e+02
3.7400000e+02		3.7500000e+02		3.7450000e+02		6.4642322e+02		1.7062714e+02		3.9803494e+02		3.6291944e+02		1.4509058e+02		2.1782886e+02
3.7500000e+02		3.7600000e+02		3.7550000e+02		7.4036161e+02		1.9613645e+02		4.5803357e+02		4.1783758e+02		1.6530740e+02		2.5253018e+02
3.7600000e+02		3.7700000e+02		3.7650000e+02		7.6758018e+02		2.0408276e+02		4.7709754e+02		4.3544798e+02		1.7048195e+02		2.6496603e+02
3.7700000e+02		3.7800000e+02		3.7750000e+02		9.0048278e+02		2.4027643e+02		5.6230222e+02		5.1347064e+02		1.9893759e+02		3.1453305e+02
3.7800000e+02		3.7900000e+02		3.7850000e+02		9.3786543e+02		2.5113929e+02		5.8833810e+02		5.3751092e+02		2.0608657e+02		3.3142435e+02
3.7900000e+02		3.8000000e+02		3.7950000e+02		7.6051322e+02		2.0436409e+02		4.7925481e+02		4.3806558e+02		1.6621301e+02		2.7185257e+02
3.8000000e+02		3.8100000e+02		3.8050000e+02		8.2814537e+02		2.2331274e+02		5.2422883e+02		4.7940630e+02		1.8000960e+02		2.9939670e+02
3.8100000e+02		3.8200000e+02		3.8150000e+02		7.4366886e+02		2.0122467e+02		4.7285720e+02		4.3263423e+02		1.6076135e+02		2.7187289e+02
3.8200000e+02		3.8300000e+02		3.8250000e+02		5.3336093e+02		1.4481155e+02		3.4063503e+02		3.1180717e+02		1.1466179e+02		1.9714539e+02
3.8300000e+02		3.8400000e+02		3.8350000e+02		4.7073026e+02		1.2823907e+02		3.0195321e+02		2.7652875e+02		1.0063475e+02		1.7589399e+02
3.8400000e+02		3.8500000e+02		3.8450000e+02		6.2969557e+02		1.7211989e+02		4.0567615e+02		3.7169085e+02		1.3386533e+02		2.3782551e+02
3.8500000e+02		3.8600000e+02		3.8550000e+02		6.6694888e+02		1.8290738e+02		4.3152375e+02		3.9555492e+02		1.4098577e+02		2.5456915e+02
3.8600000e+02		3.8700000e+02		3.8650000e+02		6.6977732e+02		1.8428654e+02		4.3519916e+02		3.9910558e+02		1.4078047e+02		2.5832511e+02
3.8700000e+02		3.8800000e+02		3.8750000e+02		6.6902499e+02		1.8467850e+02		4.3654366e+02		4.0051896e+02		1.3981954e+02		2.6069942e+02
3.8800000e+02		3.8900000e+02		3.8850000e+02		6.7841027e+02		1.8787271e+02		4.4451653e+02		4.0801577e+02		1.4096659e+02		2.6704918e+02
3.8900000e+02		3.9000000e+02		3.8950000e+02		8.1451188e+02		2.2628335e+02		5.3590232e+02		4.9211469e+02		1.6826914e+02		3.2384556e+02
3.9000000e+02		3.9100000e+02		3.9050000e+02		8.5560997e+02		2.3845235e+02		5.6524855e+02		5.1928987e+02		1.7573226e+02		3.4355761e+02
3.9100000e+02		3.9200000e+02		3.9150000e+02		9.2006232e+02		2.5721746e+02		6.1029400e+02		5.6091526e+02		1.8786558e+02		3.7304968e+02
3.9200000e+02		3.9300000e+02		3.9250000e+02		7.0614281e+02		1.9802505e+02		4.7027902e+02		4.3241385e+02		1.4333849e+02		2.8907536e+02
3.9300000e+02		3.9400000e+02		3.9350000e+02		4.3291589e+02		1.2177625e+02		2.8946157e+02		2.6626791e+02		8.7357552e+01		1.7891036e+02
3.9400000e+02		3.9500000e+02		3.9450000e+02		7.1565803e+02		2.0192183e+02		4.8039723e+02		4.4208977e+02		1.4355415e+02		2.9853562e+02
3.9500000e+02		3.9600000e+02		3.9550000e+02		8.7888136e+02		2.4872186e+02		5.9226513e+02		5.4526335e+02		1.7524301e+02		3.7002034e+02
3.9600000e+02		3.9700000e+02		3.9650000e+02		6.0712893e+02		1.7232888e+02		4.1071572e+02		3.7827688e+02		1.2033137e+02		2.5794551e+02
3.9700000e+02		3.9800000e+02		3.9750000e+02		6.8053003e+02		1.9373381e+02		4.6213180e+02		4.2580506e+02		1.3406649e+02		2.9173858e+02
3.9800000e+02		3.9900000e+02		3.9850000e+02		1.0480559e+03		2.9923420e+02		7.1440581e+02		6.5851341e+02		2.0522026e+02		4.5329315e+02
3.9900000e+02		4.0000000e+02		3.9950000e+02		1.1577145e+03		3.3150088e+02		7.9211444e+02		7.3043312e+02		2.2531404e+02		5.0511908e+02
4.0000000e+02		4.0100000e+02		4.0050000e+02		1.1939713e+03		3.4286366e+02		8.1995564e+02		7.5640431e+02		2.3095111e+02		5.2545320e+02
4.0100000e+02		4.0200000e+02		4.0150000e+02		1.2509583e+03		3.6024899e+02		8.6225068e+02		7.9573146e+02		2.4049003e+02		5.5524143e+02
4.0200000e+02		4.0300000e+02		4.0250000e+02		1.2664199e+03		3.6572796e+02		8.7608664e+02		8.0881210e+02		2.4196302e+02		5.6684909e+02
4.0300000e+02		4.0400000e+02		4.0350000e+02		1.2115903e+03		3.5086898e+02		8.4117865e+02		7.7688137e+02		2.3005586e+02		5.4682551e+02
4.0400000e+02		4.0500000e+02		4.0450000e+02		1.1914959e+03		3.4600218e+02		8.3018098e+02		7.6701422e+02		2.2483598e+02		5.4217824e+02
4.0500000e+02		4.0600000e+02		4.0550000e+02		1.1904731e+03		3.4665019e+02		8.3240058e+02		7.6935272e+02		2.2324324e+02		5.4610947e+02
4.0600000e+02		4.0700000e+02		4.0650000e+02		1.1388815e+03		3.3252519e+02		7.9911414e+02		7.3886099e+02		2.1223292e+02		5.2662807e+02
4.0700000e+02		4.0800000e+02		4.0750000e+02		1.1575323e+03		3.3887690e+02		8.1501565e+02		7.5383973e+02		2.1435473e+02		5.3948500e+02
4.0800000e+02		4.0900000e+02		4.0850000e+02		1.2307397e+03		3.6126567e+02		8.6953444e+02		8.0455804e+02		2.2647610e+02		5.7808194e+02
4.0900000e+02		4.1000000e+02		4.0950000e+02		1.2243097e+03		3.6032328e+02		8.6793053e+02		8.0336229e+02		2.2386923e+02		5.7949305e+02
4.1000000e+02		4.1100000e+02		4.1050000e+02		1.1216634e+03		3.3097343e+02		7.9783813e+02		7.3874669e+02		2.0379973e+02		5.3494697e+02
4.1100000e+02		4.1200000e+02		4.1150000e+02		1.3003372e+03		3.8468499e+02		9.2800946e+02		8.5957912e+02		2.3476112e+02		6.2481801e+02
4.1200000e+02		4.1300000e+02		4.1250000e+02		1.2760342e+03		3.7845955e+02		9.1366851e+02		8.4659020e+02		2.2890383e+02		6.1768637e+02
4.1300000e+02		4.1400000e+02		4.1350000e+02		1.2308584e+03		3.6598432e+02		8.8419946e+02		8.1956685e+02		2.1938708e+02		6.0017977e+02
4.1400000e+02		4.1500000e+02		4.1450000e+02		1.2488872e+03		3.7227533e+02		9.0005115e+02		8.3454423e+02		2.2117206e+02		6.1337216e+02
4.1500000e+02		4.1600000e+02		4.1550000e+02		1.2477523e+03		3.7285984e+02		9.0211172e+02		8.3673703e+02		2.1954908e+02		6.1718795e+02
4.1600000e+02		4.1700000e+02		4.1650000e+02		1.2947363e+03		3.8785053e+02		9.3904743e+02		8.7128690e+02		2.2634613e+02		6.4494077e+02
4.1700000e+02		4.1800000e+02		4.1750000e+02		1.1781342e+03		3.5378010e+02		8.5715949e+02		7.9557072e+02		2.0462916e+02		5.9094156e+02
4.1800000e+02		4.1900000e+02		4.1850000e+02		1.2217101e+03		3.6774960e+02		8.9162504e+02		8.2783052e+02		2.1082138e+02		6.1700914e+02
4.1900000e+02		4.2000000e+02		4.1950000e+02		1.2338424e+03		3.7228804e+02		9.0324938e+02		8.3889463e+02		2.1153042e+02		6.2736421e+02
4.2000000e+02		4.2100000e+02		4.2050000e+02		1.2494927e+03		3.7790140e+02		9.1749226e+02		8.5239572e+02		2.1281716e+02		6.3957856e+02
4.2100000e+02		4.2200000e+02		4.2150000e+02		1.2299982e+03		3.7287629e+02		9.0590112e+02		8.4189384e+02		2.0812799e+02		6.3376585e+02
4.2200000e+02		4.2300000e+02		4.2250000e+02		1.1657134e+03		3.5420757e+02		8.6111828e+02		8.0052632e+02		1.9595863e+02		6.0456769e+02
4.2300000e+02		4.2400000e+02		4.2350000e+02		1.2419943e+03		3.7825244e+02		9.2017942e+02		8.5569735e+02		2.0741134e+02		6.4828601e+02
4.2400000e+02		4.2500000e+02		4.2450000e+02		1.2850442e+03		3.9225339e+02		9.5486108e+02		8.8822163e+02		2.1318917e+02		6.7503246e+02
4.2500000e+02		4.2600000e+02		4.2550000e+02		1.2367256e+03		3.7835460e+02		9.2162052e+02		8.5756175e+02		2.0382087e+02		6.5374088e+02
4.2600000e+02		4.2700000e+02		4.2650000e+02		1.2316584e+03		3.7764486e+02		9.2047773e+02		8.5675630e+02		2.0164527e+02		6.5511103e+02
4.2700000e+02		4.2800000e+02		4.2750000e+02		1.1420512e+03		3.5094352e+02		8.5593445e+02		7.9691855e+02		1.8573777e+02		6.1118079e+02
4.2800000e+02		4.2900000e+02		4.2850000e+02		1.1495483e+03		3.5402018e+02		8.6397643e+02		8.0464333e+02		1.8571771e+02		6.1892562e+02
4.2900000e+02		4.3000000e+02		4.2950000e+02		1.0698649e+03		3.3019445e+02		8.0632716e+02		7.5117233e+02		1.7169643e+02		5.7947590e+02
4.3000000e+02		4.3100000e+02		4.3050000e+02		8.6065012e+02		2.6619414e+02		6.5043623e+02		6.0611982e+02		1.3720189e+02		4.6891793e+02
4.3100000e+02		4.3200000e+02		4.3150000e+02		1.0641754e+03		3.2984291e+02		8.0644587e+02		7.5171493e+02		1.6851668e+02		5.8319825e+02
4.3200000e+02		4.3300000e+02		4.3250000e+02		1.1990384e+03		3.7242625e+02		9.1110268e+02		8.4950941e+02		1.8860545e+02		6.6090396e+02
4.3300000e+02		4.3400000e+02		4.3350000e+02		1.3017454e+03		4.0517042e+02		9.9179275e+02		9.2500368e+02		2.0339208e+02		7.2161160e+02
4.3400000e+02		4.3500000e+02		4.3450000e+02		1.1054356e+03		3.4477913e+02		8.4445693e+02		7.8780812e+02		1.7156308e+02		6.1624503e+02
4.3500000e+02		4.3600000e+02		4.3550000e+02		1.2347447e+03		3.8589748e+02		9.4571237e+02		8.8251318e+02		1.9034684e+02		6.9216634e+02
4.3600000e+02		4.3700000e+02		4.3650000e+02		1.3814970e+03		4.3263683e+02		1.0608609e+03		9.9023563e+02		2.1153996e+02		7.7869567e+02
4.3700000e+02		4.3800000e+02		4.3750000e+02		1.2223713e+03		3.8357213e+02		9.4108130e+02		8.7866638e+02		1.8591548e+02		6.9275089e+02
4.3800000e+02		4.3900000e+02		4.3850000e+02		1.1905029e+03		3.7431428e+02		9.1888032e+02		8.5816617e+02		1.7984939e+02		6.7831678e+02
4.3900000e+02		4.4000000e+02		4.3950000e+02		1.3250738e+03		4.1744552e+02		1.0253265e+03		9.5783125e+02		1.9882956e+02		7.5900169e+02
4.4000000e+02		4.4100000e+02		4.4050000e+02		1.2562739e+03		3.9654248e+02		9.7451667e+02		9.1060354e+02		1.8723370e+02		7.2336984e+02
4.4100000e+02		4.4200000e+02		4.4150000e+02		1.3817384e+03		4.3698727e+02		1.0744914e+03		1.0042806e+03		2.0454123e+02		7.9973938e+02
4.4200000e+02		4.4300000e+02		4.4250000e+02		1.4526378e+03		4.6028824e+02		1.1323901e+03		1.0586664e+03		2.1358188e+02		8.4508456e+02
4.4300000e+02		4.4400000e+02		4.4350000e+02		1.4050936e+03		4.4606635e+02		1.0979818e+03		1.0267579e+03		2.0519235e+02		8.2156553e+02
4.4400000e+02		4.4500000e+02		4.4450000e+02		1.4475318e+03		4.6040090e+02		1.1338585e+03		1.0605727e+03		2.0995674e+02		8.5061595e+02
4.4500000e+02		4.4600000e+02		4.4550000e+02		1.3420773e+03		4.2765315e+02		1.0537531e+03		9.8588909e+02		1.9334018e+02		7.9254891e+02
4.4600000e+02		4.4700000e+02		4.4650000e+02		1.3689269e+03		4.3701145e+02		1.0773631e+03		1.0082257e+03		1.9586864e+02		8.1235710e+02
4.4700000e+02		4.4800000e+02		4.4750000e+02		1.4837056e+03		4.7451627e+02		1.1704154e+03		1.0955726e+03		2.1084814e+02		8.8472443e+02
4.4800000e+02		4.4900000e+02		4.4850000e+02		1.4587166e+03		4.6736653e+02		1.1533571e+03		1.0798645e+03		2.0588646e+02		8.7397803e+02
4.4900000e+02		4.5000000e+02		4.4950000e+02		1.4737837e+03		4.7303828e+02		1.1679315e+03		1.0937703e+03		2.0659651e+02		8.8717382e+02
4.5000000e+02		4.5100000e+02		4.5050000e+02		1.5636828e+03		5.0278197e+02		1.2419763e+03		1.1633874e+03		2.1770476e+02		9.4568263e+02
4.5100000e+02		4.5200000e+02		4.5150000e+02		1.5589734e+03		5.0214708e+02		1.2410086e+03		1.1627519e+03		2.1556874e+02		9.4718318e+02
4.5200000e+02		4.5300000e+02		4.5250000e+02		1.4757889e+03		4.7617925e+02		1.1773952e+03		1.1034045e+03		2.0267353e+02		9.0073095e+02
4.5300000e+02		4.5400000e+02		4.5350000e+02		1.4141855e+03		4.5708760e+02		1.1307249e+03		1.0599091e+03		1.9288697e+02		8.6702211e+02
4.5400000e+02		4.5500000e+02		4.5450000e+02		1.5096596e+03		4.8877824e+02		1.2096865e+03		1.1341818e+03		2.0450191e+02		9.2967994e+02
4.5500000e+02		4.5600000e+02		4.5550000e+02		1.4952815e+03		4.8494062e+02		1.2007450e+03		1.1260505e+03		2.0116912e+02		9.2488134e+02
4.5600000e+02		4.5700000e+02		4.5650000e+02		1.5527317e+03		5.0441484e+02		1.2495371e+03		1.1720670e+03		2.0746896e+02		9.6459808e+02
4.5700000e+02		4.5800000e+02		4.5750000e+02		1.5677329e+03		5.1013191e+02		1.2642725e+03		1.1861491e+03		2.0803937e+02		9.7810969e+02
4.5800000e+02		4.5900000e+02		4.5850000e+02		1.4734199e+03		4.8022984e+02		1.1906994e+03		1.1173649e+03		1.9418481e+02		9.2318006e+02
4.5900000e+02		4.6000000e+02		4.5950000e+02		1.5222067e+03		4.9693744e+02		1.2326715e+03		1.1570007e+03		1.9923987e+02		9.5776086e+02
4.6000000e+02		4.6100000e+02		4.6050000e+02		1.5039223e+03		4.9175899e+02		1.2203617e+03		1.1456903e+03		1.9549723e+02		9.5019311e+02
4.6100000e+02		4.6200000e+02		4.6150000e+02		1.5386000e+03		5.0390061e+02		1.2510356e+03		1.1747349e+03		1.9863342e+02		9.7610145e+02
4.6200000e+02		4.6300000e+02		4.6250000e+02		1.5538294e+03		5.0969246e+02		1.2659586e+03		1.1889957e+03		1.9922334e+02		9.8977238e+02
4.6300000e+02		4.6400000e+02		4.6350000e+02		1.5018384e+03		4.9340933e+02		1.2260357e+03		1.1517378e+03		1.9123587e+02		9.6050193e+02
4.6400000e+02		4.6500000e+02		4.6450000e+02		1.5281564e+03		5.0283425e+02		1.2499802e+03		1.1744713e+03		1.9325124e+02		9.8122007e+02
4.6500000e+02		4.6600000e+02		4.6550000e+02		1.4760608e+03		4.8643841e+02		1.2097251e+03		1.1368781e+03		1.8538143e+02		9.5149663e+02
4.6600000e+02		4.6700000e+02		4.6650000e+02		1.4854121e+03		4.9026500e+02		1.2197429e+03		1.1465224e+03		1.8527451e+02		9.6124792e+02
4.6700000e+02		4.6800000e+02		4.6750000e+02		1.4997486e+03		4.9574293e+02		1.2338735e+03		1.1600349e+03		1.8577756e+02		9.7425734e+02
4.6800000e+02		4.6900000e+02		4.6850000e+02		1.4665907e+03		4.8550644e+02		1.2088819e+03		1.1367622e+03		1.8042187e+02		9.5634035e+02
4.6900000e+02		4.7000000e+02		4.6950000e+02		1.5086728e+03		5.0017625e+02		1.2459048e+03		1.1718043e+03		1.8432332e+02		9.8748100e+02
4.7000000e+02		4.7100000e+02		4.7050000e+02		1.4256243e+03		4.7333545e+02		1.1795108e+03		1.1095727e+03		1.7297959e+02		9.3659313e+02
4.7100000e+02		4.7200000e+02		4.7150000e+02		1.4904926e+03		4.9559140e+02		1.2354520e+03		1.1624186e+03		1.7960721e+02		9.8281139e+02
4.7200000e+02		4.7300000e+02		4.7250000e+02		1.5269264e+03		5.0843584e+02		1.2679604e+03		1.1932306e+03		1.8273257e+02		1.0104980e+03
4.7300000e+02		4.7400000e+02		4.7350000e+02		1.4995420e+03		5.0002875e+02		1.2474702e+03		1.1741674e+03		1.7822154e+02		9.9594590e+02
4.7400000e+02		4.7500000e+02		4.7450000e+02		1.5448084e+03		5.1585008e+02		1.2874269e+03		1.2120006e+03		1.8233908e+02		1.0296615e+03
4.7500000e+02		4.7600000e+02		4.7550000e+02		1.5413846e+03		5.1542648e+02		1.2868501e+03		1.2116796e+03		1.8068398e+02		1.0309956e+03
4.7600000e+02		4.7700000e+02		4.7650000e+02		1.4853490e+03		4.9737667e+02		1.2422444e+03		1.1698918e+03		1.7291819e+02		9.9697362e+02
4.7700000e+02		4.7800000e+02		4.7750000e+02		1.5508368e+03		5.2001826e+02		1.2992686e+03		1.2238146e+03		1.7930066e+02		1.0445140e+03
4.7800000e+02		4.7900000e+02		4.7850000e+02		1.5358791e+03		5.1570294e+02		1.2889527e+03		1.2143139e+03		1.7635045e+02		1.0379634e+03
4.7900000e+02		4.8000000e+02		4.7950000e+02		1.5403519e+03		5.1790144e+02		1.2949109e+03		1.2201420e+03		1.7564811e+02		1.0444939e+03
4.8000000e+02		4.8100000e+02		4.8050000e+02		1.5442750e+03		5.1991338e+02		1.3004016e+03		1.2255294e+03		1.7488495e+02		1.0506445e+03
4.8100000e+02		4.8200000e+02		4.8150000e+02		1.5475498e+03		5.2170478e+02		1.3053393e+03		1.2303954e+03		1.7405121e+02		1.0563442e+03
4.8200000e+02		4.8300000e+02		4.8250000e+02		1.5416562e+03		5.2039873e+02		1.3025228e+03		1.2279507e+03		1.7219675e+02		1.0557539e+03
4.8300000e+02		4.8400000e+02		4.8350000e+02		1.5183412e+03		5.1319372e+02		1.2849297e+03		1.2115700e+03		1.6842723e+02		1.0431428e+03
4.8400000e+02		4.8500000e+02		4.8450000e+02		1.4920771e+03		5.0496501e+02		1.2647558e+03		1.1927480e+03		1.6437668e+02		1.0283713e+03
4.8500000e+02		4.8600000e+02		4.8550000e+02		1.4021236e+03		4.7512649e+02		1.1904206e+03		1.1228315e+03		1.5340583e+02		9.6942568e+02
4.8600000e+02		4.8700000e+02		4.8650000e+02		1.2173217e+03		4.1302480e+02		1.0351698e+03		9.7655613e+02		1.3227209e+02		8.4428405e+02
4.8700000e+02		4.8800000e+02		4.8750000e+02		1.3927585e+03		4.7313968e+02		1.1862265e+03		1.1192419e+03		1.5029573e+02		9.6894621e+02
4.8800000e+02		4.8900000e+02		4.8850000e+02		1.4651201e+03		4.9833865e+02		1.2498103e+03		1.1794255e+03		1.5701921e+02		1.0224063e+03
4.8900000e+02		4.9000000e+02		4.8950000e+02		1.4372192e+03		4.8944874e+02		1.2279100e+03		1.1589438e+03		1.5297206e+02		1.0059717e+03
4.9000000e+02		4.9100000e+02		4.9050000e+02		1.5307557e+03		5.2193697e+02		1.3098324e+03		1.2364606e+03		1.6181003e+02		1.0746505e+03
4.9100000e+02		4.9200000e+02		4.9150000e+02		1.4425606e+03		4.9245819e+02		1.2362433e+03		1.1671765e+03		1.5144152e+02		1.0157350e+03
4.9200000e+02		4.9300000e+02		4.9250000e+02		1.3729411e+03		4.6925137e+02		1.1783535e+03		1.1126937e+03		1.4314466e+02		9.6954900e+02
4.9300000e+02		4.9400000e+02		4.9350000e+02		1.4509629e+03		4.9650491e+02		1.2471758e+03		1.1778621e+03		1.5024254e+02		1.0276196e+03
4.9400000e+02		4.9500000e+02		4.9450000e+02		1.4929449e+03		5.1146972e+02		1.2851587e+03		1.2139188e+03		1.5353056e+02		1.0603882e+03
4.9500000e+02		4.9600000e+02		4.9550000e+02		1.4663156e+03		5.0293037e+02		1.2640842e+03		1.1941925e+03		1.4975939e+02		1.0444332e+03
4.9600000e+02		4.9700000e+02		4.9650000e+02		1.4846220e+03		5.0979546e+02		1.2817226e+03		1.2110366e+03		1.5059108e+02		1.0604455e+03
4.9700000e+02		4.9800000e+02		4.9750000e+02		1.5123203e+03		5.1989898e+02		1.3075120e+03		1.2355864e+03		1.5235093e+02		1.0832355e+03
4.9800000e+02		4.9900000e+02		4.9850000e+02		1.3744029e+03		4.7302039e+02		1.1899641e+03		1.1246695e+03		1.3751011e+02		9.8715940e+02
4.9900000e+02		5.0000000e+02		4.9950000e+02		1.4721832e+03		5.0724037e+02		1.2764206e+03		1.2065570e+03		1.4628607e+02		1.0602710e+03
