Left Bin Edge (nm)	Right Bin Edge (nm)	Bin Center (nm)		Top of Atm Intensity (erg/s/nm/cm2)		Total Surface Flux (erg/s/nm/cm2)		Total Intensity at BOA (erg/s/nm/cm2)		Total Surface Intensity (erg/s/nm/cm2)		Total Surface Diffuse Intensity (erg/s/nm/cm2)		Total Surface Direct Intensity (erg/s/nm/cm2)
1.0000000e+02		1.0100000e+02		1.0050000e+02		4.4569042e-02		2.4525372e-199		0.0000000e+00		4.2479191e-199		4.2479191e-199		0.0000000e+00
1.0100000e+02		1.0200000e+02		1.0150000e+02		1.7387199e-01		2.8780735e-197		0.0000000e+00		4.9849696e-197		4.9849696e-197		0.0000000e+00
1.0200000e+02		1.0300000e+02		1.0250000e+02		9.2286085e-01		3.0760915e-195		0.0000000e+00		5.3279468e-195		5.3279468e-195		0.0000000e+00
1.0300000e+02		1.0400000e+02		1.0350000e+02		7.0094286e-01		3.0025218e-193		0.0000000e+00		5.2005203e-193		5.2005203e-193		0.0000000e+00
1.0400000e+02		1.0500000e+02		1.0450000e+02		1.4124828e-01		2.6834654e-191		0.0000000e+00		4.6478984e-191		4.6478984e-191		0.0000000e+00
1.0500000e+02		1.0600000e+02		1.0550000e+02		4.8389941e-02		2.2015021e-189		0.0000000e+00		3.8131135e-189		3.8131135e-189		0.0000000e+00
1.0600000e+02		1.0700000e+02		1.0650000e+02		4.5487167e-02		1.6618999e-187		0.0000000e+00		2.8784951e-187		2.8784951e-187		0.0000000e+00
1.0700000e+02		1.0800000e+02		1.0750000e+02		5.0757295e-02		1.1570804e-185		0.0000000e+00		2.0041220e-185		2.0041220e-185		0.0000000e+00
1.0800000e+02		1.0900000e+02		1.0850000e+02		7.1152114e-02		7.4467737e-184		0.0000000e+00		1.2898190e-183		1.2898190e-183		0.0000000e+00
1.0900000e+02		1.1000000e+02		1.0950000e+02		5.5817450e-02		4.4397246e-182		0.0000000e+00		7.6898285e-182		7.6898285e-182		0.0000000e+00
1.1000000e+02		1.1100000e+02		1.1050000e+02		5.4043772e-02		2.4571451e-180		0.0000000e+00		4.2559001e-180		4.2559001e-180		0.0000000e+00
1.1100000e+02		1.1200000e+02		1.1150000e+02		5.0797691e-02		1.2649212e-178		0.0000000e+00		2.1909077e-178		2.1909077e-178		0.0000000e+00
1.1200000e+02		1.1300000e+02		1.1250000e+02		5.1969037e-02		6.0686757e-177		0.0000000e+00		1.0511255e-176		1.0511255e-176		0.0000000e+00
1.1300000e+02		1.1400000e+02		1.1350000e+02		4.1221387e-02		2.7185205e-175		0.0000000e+00		4.7086156e-175		4.7086156e-175		0.0000000e+00
1.1400000e+02		1.1500000e+02		1.1450000e+02		3.1562600e-02		1.1390993e-173		0.0000000e+00		1.9729778e-173		1.9729778e-173		0.0000000e+00
1.1500000e+02		1.1600000e+02		1.1550000e+02		4.3552050e-02		4.4723475e-172		0.0000000e+00		7.7463330e-172		7.7463330e-172		0.0000000e+00
1.1600000e+02		1.1700000e+02		1.1650000e+02		1.0143732e-01		1.6480968e-170		0.0000000e+00		2.8545874e-170		2.8545874e-170		0.0000000e+00
1.1700000e+02		1.1800000e+02		1.1750000e+02		3.6108525e-01		5.7096209e-169		0.0000000e+00		9.8893534e-169		9.8893534e-169		0.0000000e+00
1.1800000e+02		1.1900000e+02		1.1850000e+02		1.2283927e-01		1.8624506e-167		0.0000000e+00		3.2258591e-167		3.2258591e-167		0.0000000e+00
1.1900000e+02		1.2000000e+02		1.1950000e+02		1.7115732e-01		5.7290620e-166		0.0000000e+00		9.9230265e-166		9.9230265e-166		0.0000000e+00
1.2000000e+02		1.2100000e+02		1.2050000e+02		9.3056497e-01		1.6643354e-164		0.0000000e+00		2.8827134e-164		2.8827134e-164		0.0000000e+00
1.2100000e+02		1.2200000e+02		1.2150000e+02		3.6941242e+01		4.5726274e-163		0.0000000e+00		7.9200229e-163		7.9200229e-163		0.0000000e+00
1.2200000e+02		1.2300000e+02		1.2250000e+02		2.4773856e-01		1.1897369e-161		0.0000000e+00		2.0606848e-161		2.0606848e-161		0.0000000e+00
1.2300000e+02		1.2400000e+02		1.2350000e+02		1.3344721e-01		2.9354336e-160		2.9904161e-161		5.0843201e-160		5.0843201e-160		0.0000000e+00
1.2400000e+02		1.2500000e+02		1.2450000e+02		1.0726631e-01		6.8768063e-159		7.2025958e-160		1.1910978e-158		1.1910978e-158		0.0000000e+00
1.2500000e+02		1.2600000e+02		1.2550000e+02		1.0471361e-01		1.5315588e-157		1.6487624e-158		2.6527376e-157		2.6527376e-157		0.0000000e+00
1.2600000e+02		1.2700000e+02		1.2650000e+02		1.4644878e-01		3.2466489e-156		3.5908304e-157		5.6233608e-156		5.6233608e-156		0.0000000e+00
1.2700000e+02		1.2800000e+02		1.2750000e+02		7.6659940e-02		6.5583927e-155		7.4491958e-156		1.1359469e-154		1.1359469e-154		0.0000000e+00
1.2800000e+02		1.2900000e+02		1.2850000e+02		6.1165494e-02		1.2638919e-153		1.4736545e-154		2.1891250e-153		2.1891250e-153		0.0000000e+00
1.2900000e+02		1.3000000e+02		1.2950000e+02		8.1594975e-02		2.3262035e-152		2.7831243e-153		4.0291027e-152		4.0291027e-152		0.0000000e+00
1.3000000e+02		1.3100000e+02		1.3050000e+02		6.7007791e-01		4.0932750e-151		5.0232446e-152		7.0897603e-151		7.0897603e-151		0.0000000e+00
1.3100000e+02		1.3200000e+02		1.3150000e+02		9.0731094e-02		6.8932773e-150		8.6736303e-151		1.1939507e-149		1.1939507e-149		0.0000000e+00
1.3200000e+02		1.3300000e+02		1.3250000e+02		7.0547730e-02		1.1121027e-148		1.4342300e-149		1.9262183e-148		1.9262183e-148		0.0000000e+00
1.3300000e+02		1.3400000e+02		1.3350000e+02		9.5357088e-01		1.7204738e-147		2.2733239e-148		2.9799481e-147		2.9799481e-147		0.0000000e+00
1.3400000e+02		1.3500000e+02		1.3450000e+02		6.5246966e-02		2.5547155e-146		3.4573174e-147		4.4248970e-146		4.4248970e-146		0.0000000e+00
1.3500000e+02		1.3600000e+02		1.3550000e+02		1.3692679e-01		3.6443780e-145		5.0495329e-146		6.3122478e-145		6.3122478e-145		0.0000000e+00
1.3600000e+02		1.3700000e+02		1.3650000e+02		8.9861989e-02		4.9988993e-144		7.0889851e-145		8.6583476e-144		8.6583476e-144		0.0000000e+00
1.3700000e+02		1.3800000e+02		1.3750000e+02		9.2282630e-02		6.5988432e-143		9.5744430e-144		1.1429532e-142		1.1429532e-142		0.0000000e+00
1.3800000e+02		1.3900000e+02		1.3850000e+02		9.4180145e-02		8.3900658e-142		1.2451003e-142		1.4532020e-141		1.4532020e-141		0.0000000e+00
1.3900000e+02		1.4000000e+02		1.3950000e+02		3.1801144e-01		1.0282964e-140		1.5603098e-141		1.7810617e-140		1.7810617e-140		0.0000000e+00
1.4000000e+02		1.4100000e+02		1.4050000e+02		2.7729440e-01		1.2158163e-139		1.8857202e-140		2.1058556e-139		2.1058556e-139		0.0000000e+00
1.4100000e+02		1.4200000e+02		1.4150000e+02		1.3359910e-01		1.3878605e-138		2.1995713e-139		2.4038450e-138		2.4038450e-138		0.0000000e+00
1.4200000e+02		1.4300000e+02		1.4250000e+02		1.4479671e-01		1.5306440e-137		2.4780972e-138		2.6511532e-137		2.6511532e-137		0.0000000e+00
1.4300000e+02		1.4400000e+02		1.4350000e+02		1.6064305e-01		1.6321737e-136		2.6985727e-137		2.8270078e-136		2.8270078e-136		0.0000000e+00
1.4400000e+02		1.4500000e+02		1.4450000e+02		1.5363637e-01		1.6839412e-135		2.8424488e-136		2.9166718e-135		2.9166718e-135		0.0000000e+00
1.4500000e+02		1.4600000e+02		1.4550000e+02		1.6382583e-01		1.6821011e-134		2.8979623e-135		2.9134846e-134		2.9134846e-134		0.0000000e+00
1.4600000e+02		1.4700000e+02		1.4650000e+02		1.9977093e-01		1.6279085e-133		2.8617058e-134		2.8196202e-133		2.8196202e-133		0.0000000e+00
1.4700000e+02		1.4800000e+02		1.4750000e+02		2.4643334e-01		1.5273582e-132		2.7388745e-133		2.6454620e-132		2.6454620e-132		0.0000000e+00
1.4800000e+02		1.4900000e+02		1.4850000e+02		2.4167300e-01		1.3901370e-131		2.5421975e-132		2.4077879e-131		2.4077879e-131		0.0000000e+00
1.4900000e+02		1.5000000e+02		1.4950000e+02		2.1832777e-01		1.2281332e-130		2.2898351e-131		2.1271891e-130		2.1271891e-130		0.0000000e+00
1.5000000e+02		1.5100000e+02		1.5050000e+02		2.4023073e-01		1.0538115e-129		2.0027075e-130		1.8252550e-129		1.8252550e-129		0.0000000e+00
1.5100000e+02		1.5200000e+02		1.5150000e+02		2.5258505e-01		8.7874212e-129		1.7017781e-129		1.5220260e-128		1.5220260e-128		0.0000000e+00
1.5200000e+02		1.5300000e+02		1.5250000e+02		3.2229547e-01		7.1250184e-128		1.4057482e-128		1.2340894e-127		1.2340894e-127		0.0000000e+00
1.5300000e+02		1.5400000e+02		1.5350000e+02		3.5701286e-01		5.6205021e-127		1.1294628e-127		9.7349952e-127		9.7349952e-127		0.0000000e+00
1.5400000e+02		1.5500000e+02		1.5450000e+02		9.5486931e-01		4.3157986e-126		8.8314185e-127		7.4751825e-126		7.4751825e-126		0.0000000e+00
1.5500000e+02		1.5600000e+02		1.5550000e+02		7.8587524e-01		3.2275316e-125		6.7237498e-126		5.5902488e-125		5.5902488e-125		0.0000000e+00
1.5600000e+02		1.5700000e+02		1.5650000e+02		4.6648084e-01		2.3519262e-124		4.9869804e-125		4.0736556e-124		4.0736556e-124		0.0000000e+00
1.5700000e+02		1.5800000e+02		1.5750000e+02		4.2309893e-01		1.6708434e-123		3.6051690e-124		2.8939856e-123		2.8939856e-123		0.0000000e+00
1.5800000e+02		1.5900000e+02		1.5850000e+02		3.9008072e-01		1.1577537e-122		2.5414807e-123		2.0052882e-122		2.0052882e-122		0.0000000e+00
1.5900000e+02		1.6000000e+02		1.5950000e+02		3.8042347e-01		7.8283313e-122		1.7479432e-122		1.3559068e-121		1.3559068e-121		0.0000000e+00
1.6000000e+02		1.6100000e+02		1.6050000e+02		4.1635449e-01		5.1676617e-121		1.1734052e-121		8.9506527e-121		8.9506527e-121		0.0000000e+00
1.6100000e+02		1.6200000e+02		1.6150000e+02		4.7164413e-01		3.3318471e-120		7.6920983e-121		5.7709285e-120		5.7709285e-120		0.0000000e+00
1.6200000e+02		1.6300000e+02		1.6250000e+02		5.2241459e-01		2.0990918e-119		4.9261648e-120		3.6357337e-119		3.6357337e-119		0.0000000e+00
1.6300000e+02		1.6400000e+02		1.6350000e+02		1.1072121e+00		1.2927607e-118		3.0833776e-119		2.2391272e-118		2.2391272e-118		0.0000000e+00
1.6400000e+02		1.6500000e+02		1.6450000e+02		1.1323318e+00		7.7862005e-118		1.8870351e-118		1.3486095e-117		1.3486095e-117		0.0000000e+00
1.6500000e+02		1.6600000e+02		1.6550000e+02		1.3255566e+00		4.5880626e-117		1.1296565e-117		7.9467576e-117		7.9467576e-117		0.0000000e+00
1.6600000e+02		1.6700000e+02		1.6650000e+02		6.2522883e-01		2.6460704e-116		6.6175776e-117		4.5831283e-116		4.5831283e-116		0.0000000e+00
1.6700000e+02		1.6800000e+02		1.6750000e+02		6.6723830e-01		1.4942026e-115		3.7949575e-116		2.5880348e-115		2.5880348e-115		0.0000000e+00
1.6800000e+02		1.6900000e+02		1.6850000e+02		7.1904320e-01		8.2644996e-115		2.1312551e-115		1.4314533e-114		1.4314533e-114		0.0000000e+00
1.6900000e+02		1.7000000e+02		1.6950000e+02		9.0554889e-01		4.4790245e-114		1.1725872e-114		7.7578980e-114		7.7578980e-114		0.0000000e+00
1.7000000e+02		1.7100000e+02		1.7050000e+02		1.0161854e+00		2.3793865e-113		6.3225766e-114		4.1212183e-113		4.1212183e-113		0.0000000e+00
1.7100000e+02		1.7200000e+02		1.7150000e+02		1.0130704e+00		1.2394072e-112		3.3422249e-113		2.1467162e-112		2.1467162e-112		0.0000000e+00
1.7200000e+02		1.7300000e+02		1.7250000e+02		1.0571150e+00		6.3325590e-112		1.7326868e-112		1.0968314e-111		1.0968314e-111		0.0000000e+00
1.7300000e+02		1.7400000e+02		1.7350000e+02		1.0479596e+00		3.1747245e-111		8.8123945e-112		5.4987841e-111		5.4987841e-111		0.0000000e+00
1.7400000e+02		1.7500000e+02		1.7450000e+02		1.2530722e+00		1.5621993e-110		4.3984593e-111		2.7058086e-110		2.7058086e-110		0.0000000e+00
1.7500000e+02		1.7600000e+02		1.7550000e+02		1.4954862e+00		7.5475733e-110		2.1551679e-110		1.3072780e-109		1.3072780e-109		0.0000000e+00
1.7600000e+02		1.7700000e+02		1.7650000e+02		1.6135596e+00		3.5814372e-109		1.0369807e-109		6.2032312e-109		6.2032312e-109		0.0000000e+00
1.7700000e+02		1.7800000e+02		1.7750000e+02		1.9010195e+00		1.6696182e-108		4.9012193e-109		2.8918635e-108		2.8918635e-108		0.0000000e+00
1.7800000e+02		1.7900000e+02		1.7850000e+02		2.0776624e+00		7.6492050e-108		2.2762097e-108		1.3248812e-107		1.3248812e-107		0.0000000e+00
1.7900000e+02		1.8000000e+02		1.7950000e+02		2.0198657e+00		3.4449243e-107		1.0390201e-107		5.9667840e-107		5.9667840e-107		0.0000000e+00
1.8000000e+02		1.8100000e+02		1.8050000e+02		2.4976225e+00		1.5255749e-106		4.6629731e-107		2.6423733e-106		2.6423733e-106		0.0000000e+00
1.8100000e+02		1.8200000e+02		1.8150000e+02		3.0410490e+00		6.6449966e-106		2.0580400e-106		1.1509472e-105		1.1509472e-105		0.0000000e+00
1.8200000e+02		1.8300000e+02		1.8250000e+02		2.8073836e+00		2.8475559e-105		8.9355608e-106		4.9321115e-105		4.9321115e-105		0.0000000e+00
1.8300000e+02		1.8400000e+02		1.8350000e+02		2.9562417e+00		1.2009201e-104		3.8173788e-105		2.0800546e-104		2.0800546e-104		0.0000000e+00
1.8400000e+02		1.8500000e+02		1.8450000e+02		2.5409769e+00		4.9850485e-104		1.6052252e-104		8.6343573e-104		8.6343573e-104		0.0000000e+00
1.8500000e+02		1.8600000e+02		1.8550000e+02		2.8735562e+00		2.0377357e-103		6.6448983e-104		3.5294618e-103		3.5294618e-103		0.0000000e+00
1.8600000e+02		1.8700000e+02		1.8650000e+02		3.2604304e+00		8.2016411e-103		2.7090933e-103		1.4205659e-102		1.4205659e-102		0.0000000e+00
1.8700000e+02		1.8800000e+02		1.8750000e+02		3.6946466e+00		3.2526204e-102		1.0877609e-102		5.6337039e-102		5.6337039e-102		0.0000000e+00
1.8800000e+02		1.8900000e+02		1.8850000e+02		3.8870616e+00		1.2705045e-101		4.3041025e-102		2.2005783e-101		2.2005783e-101		0.0000000e+00
1.8900000e+02		1.9000000e+02		1.8950000e+02		4.3106081e+00		4.8928462e-101		1.6779520e-101		8.4746583e-101		8.4746583e-101		0.0000000e+00
1.9000000e+02		1.9100000e+02		1.9050000e+02		4.4384288e+00		1.8564036e-100		6.4501683e-101		3.2153853e-100		3.2153853e-100		0.0000000e+00
1.9100000e+02		1.9200000e+02		1.9150000e+02		4.8094361e+00		6.9461348e-100		2.4443116e-100		1.2031058e-99		1.2031058e-99		0.0000000e+00
1.9200000e+02		1.9300000e+02		1.9250000e+02		5.0365493e+00		2.5629941e-99		9.1349187e-100		4.4392361e-99		4.4392361e-99		0.0000000e+00
1.9300000e+02		1.9400000e+02		1.9350000e+02		3.8447944e+00		9.3223406e-99		3.3686876e-99		1.6146768e-98		1.6146768e-98		0.0000000e+00
1.9400000e+02		1.9500000e+02		1.9450000e+02		6.1679797e+00		3.3460330e-98		1.2254671e-98		5.7954992e-98		5.7954992e-98		0.0000000e+00
1.9500000e+02		1.9600000e+02		1.9550000e+02		5.9528271e+00		1.1828506e-97		4.4041512e-98		2.0487574e-97		2.0487574e-97		0.0000000e+00
1.9600000e+02		1.9700000e+02		1.9650000e+02		6.5508102e+00		4.1303192e-97		1.5614873e-97		7.1539227e-97		7.1539227e-97		0.0000000e+00
1.9700000e+02		1.9800000e+02		1.9750000e+02		6.5190955e+00		1.4213610e-96		5.4706993e-97		2.4618695e-96		2.4618695e-96		0.0000000e+00
1.9800000e+02		1.9900000e+02		1.9850000e+02		6.3883794e+00		4.8071949e-96		1.8974731e-96		8.3263058e-96		8.3263058e-96		0.0000000e+00
1.9900000e+02		2.0000000e+02		1.9950000e+02		6.7274707e+00		1.5988984e-95		6.5139884e-96		2.7693732e-95		2.7693732e-95		0.0000000e+00
2.0000000e+02		2.0100000e+02		2.0050000e+02		7.1125146e+00		5.2195330e-95		2.2160974e-95		9.0404963e-95		9.0404963e-95		0.0000000e+00
2.0100000e+02		2.0200000e+02		2.0150000e+02		7.5701275e+00		1.5562764e-94		7.7748640e-95		2.6955498e-94		2.6955498e-94		0.0000000e+00
2.0200000e+02		2.0300000e+02		2.0250000e+02		7.4828608e+00		4.8999462e-94		2.6069951e-94		8.4869557e-94		8.4869557e-94		0.0000000e+00
2.0300000e+02		2.0400000e+02		2.0350000e+02		8.0092047e+00		1.4048447e-93		9.3612581e-94		2.4332624e-93		2.4332624e-93		0.0000000e+00
2.0400000e+02		2.0500000e+02		2.0450000e+02		8.6207445e+00		4.6673657e-03		9.8457914e-02		8.0841146e-03		8.0841146e-03		0.0000000e+00
2.0500000e+02		2.0600000e+02		2.0550000e+02		8.6400754e+00		4.7821668e-03		9.9779670e-02		8.2829559e-03		8.2829559e-03		0.0000000e+00
2.0600000e+02		2.0700000e+02		2.0650000e+02		8.6510225e+00		4.8943896e-03		1.0101433e-01		8.4773315e-03		8.4773315e-03		0.0000000e+00
2.0700000e+02		2.0800000e+02		2.0750000e+02		9.3957826e+00		5.4329084e-03		1.1092060e-01		9.4100734e-03		9.4100734e-03		0.0000000e+00
2.0800000e+02		2.0900000e+02		2.0850000e+02		1.0163489e+01		6.0055893e-03		1.2129943e-01		1.0401986e-02		1.0401986e-02		0.0000000e+00
2.0900000e+02		2.1000000e+02		2.0950000e+02		1.3129215e+01		7.9270326e-03		1.5840348e-01		1.3730023e-02		1.3730023e-02		0.0000000e+00
2.1000000e+02		2.1100000e+02		2.1050000e+02		1.6183343e+01		9.9826422e-03		1.9736851e-01		1.7290443e-02		1.7290443e-02		0.0000000e+00
2.1100000e+02		2.1200000e+02		2.1150000e+02		1.8424170e+01		1.1609606e-02		2.2711987e-01		2.0108428e-02		2.0108428e-02		0.0000000e+00
2.1200000e+02		2.1300000e+02		2.1250000e+02		1.6428561e+01		1.0573746e-02		2.0469091e-01		1.8314266e-02		1.8314266e-02		0.0000000e+00
2.1300000e+02		2.1400000e+02		2.1350000e+02		1.6737981e+01		1.1002220e-02		2.1076985e-01		1.9056405e-02		1.9056405e-02		0.0000000e+00
2.1400000e+02		2.1500000e+02		2.1450000e+02		2.1432541e+01		1.4386247e-02		2.7274718e-01		2.4917710e-02		2.4917710e-02		0.0000000e+00
2.1500000e+02		2.1600000e+02		2.1550000e+02		1.8408135e+01		1.2616226e-02		2.3672969e-01		2.1851944e-02		2.1851944e-02		0.0000000e+00
2.1600000e+02		2.1700000e+02		2.1650000e+02		1.7036901e+01		1.1920813e-02		2.2139371e-01		2.0647453e-02		2.0647453e-02		0.0000000e+00
2.1700000e+02		2.1800000e+02		2.1750000e+02		1.7640866e+01		1.2600307e-02		2.3163384e-01		2.1824372e-02		2.1824372e-02		0.0000000e+00
2.1800000e+02		2.1900000e+02		2.1850000e+02		2.3730294e+01		1.7300601e-02		3.1482456e-01		2.9965521e-02		2.9965521e-02		0.0000000e+00
2.1900000e+02		2.2000000e+02		2.1950000e+02		2.5052511e+01		1.8640503e-02		3.3579665e-01		3.2286297e-02		3.2286297e-02		0.0000000e+00
2.2000000e+02		2.2100000e+02		2.2050000e+02		2.5203754e+01		1.9136909e-02		3.4129226e-01		3.3146099e-02		3.3146099e-02		0.0000000e+00
2.2100000e+02		2.2200000e+02		2.2150000e+02		2.0176768e+01		1.5631867e-02		2.7601054e-01		2.7075187e-02		2.7075187e-02		0.0000000e+00
2.2200000e+02		2.2300000e+02		2.2250000e+02		2.7154039e+01		2.1463439e-02		3.7523073e-01		3.7175767e-02		3.7175767e-02		0.0000000e+00
2.2300000e+02		2.2400000e+02		2.2350000e+02		3.5163062e+01		2.8353760e-02		4.9081497e-01		4.9110153e-02		4.9110153e-02		0.0000000e+00
2.2400000e+02		2.2500000e+02		2.2450000e+02		3.2875934e+01		2.7040525e-02		4.6350443e-01		4.6835564e-02		4.6835564e-02		0.0000000e+00
2.2500000e+02		2.2600000e+02		2.2550000e+02		2.8720078e+01		2.4092958e-02		4.0896284e-01		4.1730228e-02		4.1730228e-02		0.0000000e+00
2.2600000e+02		2.2700000e+02		2.2650000e+02		2.1037217e+01		1.7997625e-02		3.0254290e-01		3.1172800e-02		3.1172800e-02		0.0000000e+00
2.2700000e+02		2.2800000e+02		2.2750000e+02		2.0463841e+01		1.7852204e-02		2.9721077e-01		3.0920924e-02		3.0920924e-02		0.0000000e+00
2.2800000e+02		2.2900000e+02		2.2850000e+02		2.8509984e+01		2.5359183e-02		4.1814946e-01		4.3923394e-02		4.3923394e-02		0.0000000e+00
2.2900000e+02		2.3000000e+02		2.2950000e+02		2.5620938e+01		2.3233959e-02		3.7945955e-01		4.0242397e-02		4.0242397e-02		0.0000000e+00
2.3000000e+02		2.3100000e+02		2.3050000e+02		2.9055844e+01		2.6860143e-02		4.3452904e-01		4.6523133e-02		4.6523133e-02		0.0000000e+00
2.3100000e+02		2.3200000e+02		2.3150000e+02		2.7387429e+01		2.5806548e-02		4.1355243e-01		4.4698252e-02		4.4698252e-02		0.0000000e+00
2.3200000e+02		2.3300000e+02		2.3250000e+02		2.9413108e+01		2.8247563e-02		4.4842893e-01		4.8926215e-02		4.8926215e-02		0.0000000e+00
2.3300000e+02		2.3400000e+02		2.3350000e+02		2.6543685e+01		2.5978899e-02		4.0857042e-01		4.4996773e-02		4.4996773e-02		0.0000000e+00
2.3400000e+02		2.3500000e+02		2.3450000e+02		2.3194371e+01		2.3132365e-02		3.6043016e-01		4.0066432e-02		4.0066432e-02		0.0000000e+00
2.3500000e+02		2.3600000e+02		2.3550000e+02		3.1223226e+01		3.1728679e-02		4.8981169e-01		5.4955685e-02		5.4955685e-02		0.0000000e+00
2.3600000e+02		2.3700000e+02		2.3650000e+02		2.8911473e+01		2.9932328e-02		4.5784100e-01		5.1844313e-02		5.1844313e-02		0.0000000e+00
2.3700000e+02		2.3800000e+02		2.3750000e+02		3.0878004e+01		3.2566811e-02		4.9359099e-01		5.6407371e-02		5.6407371e-02		0.0000000e+00
2.3800000e+02		2.3900000e+02		2.3850000e+02		2.5598090e+01		2.7501057e-02		4.1302824e-01		4.7633227e-02		4.7633227e-02		0.0000000e+00
2.3900000e+02		2.4000000e+02		2.3950000e+02		2.7890834e+01		3.0519652e-02		4.5422258e-01		5.2861588e-02		5.2861588e-02		0.0000000e+00
2.4000000e+02		2.4100000e+02		2.4050000e+02		2.5623038e+01		2.8555239e-02		4.2116659e-01		4.9459126e-02		4.9459126e-02		0.0000000e+00
2.4100000e+02		2.4200000e+02		2.4150000e+02		3.0005079e+01		3.4052444e-02		4.9775472e-01		5.8980563e-02		5.8980563e-02		0.0000000e+00
2.4200000e+02		2.4300000e+02		2.4250000e+02		4.1301739e+01		4.7728938e-02		6.9146100e-01		8.2668946e-02		8.2668946e-02		0.0000000e+00
2.4300000e+02		2.4400000e+02		2.4350000e+02		3.8791639e+01		4.5642922e-02		6.5538702e-01		7.9055860e-02		7.9055860e-02		0.0000000e+00
2.4400000e+02		2.4500000e+02		2.4450000e+02		3.6329084e+01		4.3518504e-02		6.1937877e-01		7.5376260e-02		7.5376260e-02		0.0000000e+00
2.4500000e+02		2.4600000e+02		2.4550000e+02		2.9476122e+01		3.5944855e-02		5.0710322e-01		6.2258315e-02		6.2258315e-02		0.0000000e+00
2.4600000e+02		2.4700000e+02		2.4650000e+02		2.8685918e+01		3.5607793e-02		4.9796760e-01		6.1674506e-02		6.1674506e-02		0.0000000e+00
2.4700000e+02		2.4800000e+02		2.4750000e+02		3.1678139e+01		4.0022963e-02		5.5485647e-01		6.9321806e-02		6.9321806e-02		0.0000000e+00
2.4800000e+02		2.4900000e+02		2.4850000e+02		2.5406301e+01		3.2668411e-02		4.4898684e-01		5.6583348e-02		5.6583348e-02		0.0000000e+00
2.4900000e+02		2.5000000e+02		2.4950000e+02		3.0967514e+01		4.0522289e-02		5.5214403e-01		7.0186664e-02		7.0186664e-02		0.0000000e+00
2.5000000e+02		2.5100000e+02		2.5050000e+02		3.3448743e+01		4.4538221e-02		6.0167585e-01		7.7142462e-02		7.7142462e-02		0.0000000e+00
2.5100000e+02		2.5200000e+02		2.5150000e+02		2.7888154e+01		3.7783568e-02		5.0608365e-01		6.5443060e-02		6.5443060e-02		0.0000000e+00
2.5200000e+02		2.5300000e+02		2.5250000e+02		2.5069906e+01		3.4556606e-02		4.5894243e-01		5.9853798e-02		5.9853798e-02		0.0000000e+00
2.5300000e+02		2.5400000e+02		2.5350000e+02		3.1592540e+01		4.4302012e-02		5.8341337e-01		7.6733335e-02		7.6733335e-02		8.6160503e-318
2.5400000e+02		2.5500000e+02		2.5450000e+02		3.5730773e+01		5.0969164e-02		6.6558587e-01		8.8281181e-02		8.8281181e-02		2.5839674e-312
2.5500000e+02		2.5600000e+02		2.5550000e+02		4.8755658e+01		7.0742805e-02		9.1609441e-01		1.2253013e-01		1.2253013e-01		7.1550985e-307
2.5600000e+02		2.5700000e+02		2.5650000e+02		6.2803876e+01		9.2683438e-02		1.1902523e+00		1.6053242e-01		1.6053242e-01		1.4412898e-301
2.5700000e+02		2.5800000e+02		2.5750000e+02		7.8843355e+01		1.1833298e-01		1.5070895e+00		2.0495873e-01		2.0495873e-01		2.1950114e-296
2.5800000e+02		2.5900000e+02		2.5850000e+02		8.2991293e+01		1.2666748e-01		1.5999706e+00		2.1939451e-01		2.1939451e-01		2.1886063e-291
2.5900000e+02		2.6000000e+02		2.5950000e+02		7.0629481e+01		1.0961694e-01		1.3732680e+00		1.8986210e-01		1.8986210e-01		1.3863419e-286
2.6000000e+02		2.6100000e+02		2.6050000e+02		5.7868388e+01		9.1318662e-02		1.1347102e+00		1.5816856e-01		1.5816856e-01		6.6838048e-282
2.6100000e+02		2.6200000e+02		2.6150000e+02		5.9092703e+01		9.4808278e-02		1.1685203e+00		1.6421276e-01		1.6421276e-01		3.1940063e-277
2.6200000e+02		2.6300000e+02		2.6250000e+02		7.0528613e+01		1.1503765e-01		1.4064081e+00		1.9925106e-01		1.9925106e-01		1.4269370e-272
2.6300000e+02		2.6400000e+02		2.6350000e+02		1.0614195e+02		1.7599174e-01		2.1343300e+00		3.0482664e-01		3.0482664e-01		6.4657154e-268
2.6400000e+02		2.6500000e+02		2.6450000e+02		1.6548208e+02		2.7890438e-01		3.3553590e+00		4.8307655e-01		4.8307655e-01		2.4545570e-263
2.6500000e+02		2.6600000e+02		2.6550000e+02		1.7356948e+02		2.9733477e-01		3.5486247e+00		5.1499892e-01		5.1499892e-01		5.0965723e-259
2.6600000e+02		2.6700000e+02		2.6650000e+02		1.6826276e+02		2.9295264e-01		3.4686358e+00		5.0740885e-01		5.0740885e-01		7.9926105e-255
2.6700000e+02		2.6800000e+02		2.6750000e+02		1.6940220e+02		2.9973323e-01		3.5209444e+00		5.1915318e-01		5.1915318e-01		1.0690162e-250
2.6800000e+02		2.6900000e+02		2.6850000e+02		1.6778062e+02		3.0167110e-01		3.5159033e+00		5.2250967e-01		5.2250967e-01		1.1607344e-246
2.6900000e+02		2.7000000e+02		2.6950000e+02		1.5737310e+02		2.8752019e-01		3.3248062e+00		4.9799959e-01		4.9799959e-01		9.8956873e-243
2.7000000e+02		2.7100000e+02		2.7050000e+02		1.8181465e+02		3.3750702e-01		3.8724985e+00		5.8457930e-01		5.8457930e-01		8.6545228e-239
2.7100000e+02		2.7200000e+02		2.7150000e+02		1.5108640e+02		2.8494810e-01		3.2441451e+00		4.9354459e-01		4.9354459e-01		4.5544274e-235
2.7200000e+02		2.7300000e+02		2.7250000e+02		1.2154404e+02		2.3287944e-01		2.6309172e+00		4.0335903e-01		4.0335903e-01		1.9493836e-231
2.7300000e+02		2.7400000e+02		2.7350000e+02		1.2960124e+02		2.5225199e-01		2.8279225e+00		4.3691326e-01		4.3691326e-01		9.3303653e-228
2.7400000e+02		2.7500000e+02		2.7450000e+02		8.9183780e+01		1.7632358e-01		1.9616223e+00		3.0540139e-01		3.0540139e-01		2.4414147e-224
2.7500000e+02		2.7600000e+02		2.7550000e+02		1.1893609e+02		2.3884083e-01		2.6369435e+00		4.1368446e-01		4.1368446e-01		1.0528936e-220
2.7600000e+02		2.7700000e+02		2.7650000e+02		1.6564211e+02		3.3783735e-01		3.7017081e+00		5.8515145e-01		5.8515145e-01		4.0483002e-217
2.7700000e+02		2.7800000e+02		2.7750000e+02		1.5837296e+02		3.2804373e-01		3.5673310e+00		5.6818841e-01		5.6818841e-01		9.1569673e-214
2.7800000e+02		2.7900000e+02		2.7850000e+02		1.0921797e+02		2.2973684e-01		2.4795579e+00		3.9791588e-01		3.9791588e-01		1.2848355e-210
2.7900000e+02		2.8000000e+02		2.7950000e+02		6.1368404e+01		1.3108092e-01		1.4042024e+00		2.2703881e-01		2.2703881e-01		1.2677108e-207
2.8000000e+02		2.8100000e+02		2.8050000e+02		6.7313201e+01		1.4599079e-01		1.5523045e+00		2.5286347e-01		2.5286347e-01		2.1146159e-204
2.8100000e+02		2.8200000e+02		2.8150000e+02		1.3943196e+02		3.0703708e-01		3.2405445e+00		5.3180382e-01		5.3180382e-01		5.7880413e-201
2.8200000e+02		2.8300000e+02		2.8250000e+02		1.8983287e+02		4.2440071e-01		4.4462444e+00		7.3508359e-01		7.3508359e-01		9.0775996e-198
2.8300000e+02		2.8400000e+02		2.8350000e+02		1.9610227e+02		4.4507852e-01		4.6286912e+00		7.7089862e-01		7.7089862e-01		9.4466792e-195
2.8400000e+02		2.8500000e+02		2.8450000e+02		1.4459284e+02		3.3313746e-01		3.4392485e+00		5.7701100e-01		5.7701100e-01		6.1551011e-192
2.8500000e+02		2.8600000e+02		2.8550000e+02		9.2944992e+01		2.1736964e-01		2.2277762e+00		3.7649526e-01		3.7649526e-01		3.0761307e-189
2.8600000e+02		2.8700000e+02		2.8650000e+02		1.9045522e+02		4.5210129e-01		4.5999697e+00		7.8306240e-01		7.8306240e-01		4.3244215e-186
2.8700000e+02		2.8800000e+02		2.8750000e+02		2.2108403e+02		5.3265273e-01		5.3805148e+00		9.2258160e-01		9.2258160e-01		3.0474686e-183
2.8800000e+02		2.8900000e+02		2.8850000e+02		2.1010240e+02		5.1373113e-01		5.1521651e+00		8.8980841e-01		8.8980841e-01		1.5600939e-180
2.8900000e+02		2.9000000e+02		2.8950000e+02		3.1885068e+02		7.9119705e-01		7.8781902e+00		1.3703935e+00		1.3703935e+00		1.1347670e-177
2.9000000e+02		2.9100000e+02		2.9050000e+02		4.1860542e+02		1.0540693e+00		1.0421074e+01		1.8257015e+00		1.8257015e+00		6.3696508e-175
2.9100000e+02		2.9200000e+02		2.9150000e+02		4.0318642e+02		1.0301772e+00		1.0112773e+01		1.7843192e+00		1.7843192e+00		2.3458917e-172
2.9200000e+02		2.9300000e+02		2.9250000e+02		3.5818014e+02		9.2859045e-01		9.0513001e+00		1.6083658e+00		1.6083658e+00		7.1445616e-170
2.9300000e+02		2.9400000e+02		2.9350000e+02		3.7393440e+02		9.8358053e-01		9.5200324e+00		1.7036115e+00		1.7036115e+00		2.2980826e-167
2.9400000e+02		2.9500000e+02		2.9450000e+02		3.4819581e+02		9.2919134e-01		8.9307646e+00		1.6094066e+00		1.6094066e+00		5.9393759e-165
2.9500000e+02		2.9600000e+02		2.9550000e+02		3.7701055e+02		1.0206521e+00		9.7415787e+00		1.7678212e+00		1.7678212e+00		1.6116120e-162
2.9600000e+02		2.9700000e+02		2.9650000e+02		3.4493460e+02		9.4728192e-01		8.9786714e+00		1.6407404e+00		1.6407404e+00		3.3438688e-160
2.9700000e+02		2.9800000e+02		2.9750000e+02		3.5165811e+02		9.7961914e-01		9.2211326e+00		1.6967501e+00		1.6967501e+00		7.0113332e-158
2.9800000e+02		2.9900000e+02		2.9850000e+02		3.0223333e+02		8.5398285e-01		7.9833143e+00		1.4791417e+00		1.4791417e+00		1.1263439e-155
2.9900000e+02		3.0000000e+02		2.9950000e+02		3.4101318e+02		9.7729199e-01		9.0735722e+00		1.6927194e+00		1.6927194e+00		2.1633629e-153
3.0000000e+02		3.0100000e+02		3.0050000e+02		2.7131061e+02		7.8857448e-01		7.2715884e+00		1.3658511e+00		1.3658511e+00		2.6736803e-151
3.0100000e+02		3.0200000e+02		3.0150000e+02		3.1202593e+02		9.1974184e-01		8.4236007e+00		1.5930396e+00		1.5930396e+00		4.3674315e-149
3.0200000e+02		3.0300000e+02		3.0250000e+02		3.2846528e+02		9.8184011e-01		8.9316239e+00		1.7005970e+00		1.7005970e+00		5.9821480e-147
3.0300000e+02		3.0400000e+02		3.0350000e+02		4.2601061e+02		1.2912925e+00		1.1667683e+01		2.2365843e+00		2.2365843e+00		9.2655064e-145
3.0400000e+02		3.0500000e+02		3.0450000e+02		4.0776836e+02		1.2532789e+00		1.1248392e+01		2.1707428e+00		2.1707428e+00		9.7383497e-143
3.0500000e+02		3.0600000e+02		3.0550000e+02		4.1174793e+02		1.2831365e+00		1.1439594e+01		2.2224576e+00		2.2224576e+00		9.9458485e-141
3.0600000e+02		3.0700000e+02		3.0650000e+02		3.9053943e+02		1.2339311e+00		1.0927882e+01		2.1372314e+00		2.1372314e+00		8.8039314e-139
3.0700000e+02		3.0800000e+02		3.0750000e+02		4.3847484e+02		1.4045359e+00		1.2356556e+01		2.4327275e+00		2.4327275e+00		8.5262289e-137
3.0800000e+02		3.0900000e+02		3.0850000e+02		4.3035211e+02		1.3975004e+00		1.2213725e+01		2.4205417e+00		2.4205417e+00		6.6826544e-135
3.0900000e+02		3.1000000e+02		3.0950000e+02		3.4901328e+02		1.1489143e+00		9.9753352e+00		1.9899780e+00		1.9899780e+00		4.0132129e-133
3.1000000e+02		3.1100000e+02		3.1050000e+02		4.3927411e+02		1.4658077e+00		1.2643650e+01		2.5388535e+00		2.5388535e+00		3.4737908e-131
3.1100000e+02		3.1200000e+02		3.1150000e+02		5.2246540e+02		1.7671475e+00		1.5143832e+01		3.0607893e+00		3.0607893e+00		2.6430195e-129
3.1200000e+02		3.1300000e+02		3.1250000e+02		4.6521908e+02		1.5948688e+00		1.3578983e+01		2.7623939e+00		2.7623939e+00		1.4024197e-127
3.1300000e+02		3.1400000e+02		3.1350000e+02		4.9544367e+02		1.7214420e+00		1.4562158e+01		2.9816249e+00		2.9816249e+00		8.3029309e-126
3.1400000e+02		3.1500000e+02		3.1450000e+02		4.6729179e+02		1.6454910e+00		1.3830301e+01		2.8500740e+00		2.8500740e+00		4.0671992e-124
3.1500000e+02		3.1600000e+02		3.1550000e+02		4.5343123e+02		1.6181054e+00		1.3513172e+01		2.8026408e+00		2.8026408e+00		1.9175588e-122
3.1600000e+02		3.1700000e+02		3.1650000e+02		4.4229406e+02		1.5994601e+00		1.3272410e+01		2.7703461e+00		2.7703461e+00		8.5138243e-121
3.1700000e+02		3.1800000e+02		3.1750000e+02		5.6102832e+02		2.0558577e+00		1.6951449e+01		3.5608500e+00		3.5608500e+00		4.6109958e-119
3.1800000e+02		3.1900000e+02		3.1850000e+02		4.6340678e+02		1.7206629e+00		1.4098029e+01		2.9802756e+00		2.9802756e+00		1.5273908e-117
3.1900000e+02		3.2000000e+02		3.1950000e+02		4.9774832e+02		1.8726115e+00		1.5246509e+01		3.2434583e+00		3.2434583e+00		6.1872886e-116
3.2000000e+02		3.2100000e+02		3.2050000e+02		5.7184857e+02		2.1797309e+00		1.7635876e+01		3.7754046e+00		3.7754046e+00		2.5243032e-114
3.2100000e+02		3.2200000e+02		3.2150000e+02		4.8024660e+02		1.8545975e+00		1.4911677e+01		3.2122571e+00		3.2122571e+00		7.0970548e-113
3.2200000e+02		3.2300000e+02		3.2250000e+02		4.8228681e+02		1.8868355e+00		1.5076643e+01		3.2680949e+00		3.2680949e+00		2.2520003e-111
3.2300000e+02		3.2400000e+02		3.2350000e+02		4.6607071e+02		1.8471561e+00		1.4668278e+01		3.1993683e+00		3.1993683e+00		6.4976567e-110
3.2400000e+02		3.2500000e+02		3.2450000e+02		5.4882129e+02		2.2033622e+00		1.7389110e+01		3.8163353e+00		3.8163353e+00		2.1610100e-108
3.2500000e+02		3.2600000e+02		3.2550000e+02		6.3196128e+02		2.5699737e+00		2.0157981e+01		4.4513251e+00		4.4513251e+00		6.6556566e-107
3.2600000e+02		3.2700000e+02		3.2650000e+02		7.1301257e+02		2.9369662e+00		2.2895762e+01		5.0869747e+00		5.0869747e+00		1.9041169e-105
3.2700000e+02		3.2800000e+02		3.2750000e+02		6.8984049e+02		2.8780237e+00		2.2299709e+01		4.9848833e+00		4.9848833e+00		4.4331451e-104
3.2800000e+02		3.2900000e+02		3.2850000e+02		6.6596082e+02		2.8139658e+00		2.1671207e+01		4.8739317e+00		4.8739317e+00		9.7834973e-103
3.2900000e+02		3.3000000e+02		3.2950000e+02		7.7527139e+02		3.3176378e+00		2.5395890e+01		5.7463173e+00		5.7463173e+00		2.4758826e-101
3.3000000e+02		3.3100000e+02		3.3050000e+02		7.3029799e+02		3.1649086e+00		2.4081110e+01		5.4817825e+00		5.4817825e+00		4.8259059e-100
3.3100000e+02		3.3200000e+02		3.3150000e+02		6.9881652e+02		3.0668389e+00		2.3195182e+01		5.3119208e+00		5.3119208e+00		9.1039469e-99
3.3200000e+02		3.3300000e+02		3.3250000e+02		6.8562051e+02		3.0469080e+00		2.2907000e+01		5.2773995e+00		5.2773995e+00		1.6792983e-97
3.3300000e+02		3.3400000e+02		3.3350000e+02		6.5878216e+02		2.9644644e+00		2.2154791e+01		5.1346030e+00		5.1346030e+00		2.8956634e-96
3.3400000e+02		3.3500000e+02		3.3450000e+02		6.9405546e+02		3.1623410e+00		2.3493792e+01		5.4773353e+00		5.4773353e+00		5.2303874e-95
3.3500000e+02		3.3600000e+02		3.3550000e+02		6.8541663e+02		3.1619911e+00		2.3352774e+01		5.4767292e+00		5.4767292e+00		8.4679169e-94
3.3600000e+02		3.3700000e+02		3.3650000e+02		5.6469084e+02		2.6374832e+00		1.9364723e+01		4.5682550e+00		4.5682550e+00		1.0945442e-92
3.3700000e+02		3.3800000e+02		3.3750000e+02		5.9573781e+02		2.8170119e+00		2.0561950e+01		4.8792078e+00		4.8792078e+00		1.7352313e-91
3.3800000e+02		3.3900000e+02		3.3850000e+02		6.4448401e+02		3.0851901e+00		2.2388336e+01		5.3437060e+00		5.3437060e+00		2.7041211e-90
3.3900000e+02		3.4000000e+02		3.3950000e+02		6.7448220e+02		3.2685743e+00		2.3581570e+01		5.6613367e+00		5.6613367e+00		3.9108774e-89
3.4000000e+02		3.4100000e+02		3.4050000e+02		7.1196374e+02		3.4925751e+00		2.5052133e+01		6.0493176e+00		6.0493176e+00		5.4772979e-88
3.4100000e+02		3.4200000e+02		3.4150000e+02		6.4984945e+02		3.2268791e+00		2.3013163e+01		5.5891186e+00		5.5891186e+00		6.3734051e-87
3.4200000e+02		3.4300000e+02		3.4250000e+02		7.0477558e+02		3.5422972e+00		2.5117900e+01		6.1354388e+00		6.1354388e+00		8.4728323e-86
3.4300000e+02		3.4400000e+02		3.4350000e+02		6.9264465e+02		3.5236366e+00		2.4843005e+01		6.1031176e+00		6.1031176e+00		9.8218179e-85
3.4400000e+02		3.4500000e+02		3.4450000e+02		5.5710877e+02		2.8684643e+00		2.0108843e+01		4.9683260e+00		4.9683260e+00		8.9726112e-84
3.4500000e+02		3.4600000e+02		3.4550000e+02		6.7138909e+02		3.4986061e+00		2.4387495e+01		6.0597636e+00		6.0597636e+00		1.1834424e-82
3.4600000e+02		3.4700000e+02		3.4650000e+02		6.5194093e+02		3.4381348e+00		2.3830842e+01		5.9550242e+00		5.9550242e+00		1.2127388e-81
3.4700000e+02		3.4800000e+02		3.4750000e+02		6.4525828e+02		3.4436961e+00		2.3735338e+01		5.9646565e+00		5.9646565e+00		1.2222524e-80
3.4800000e+02		3.4900000e+02		3.4850000e+02		6.6761091e+02		3.6055706e+00		2.4712033e+01		6.2450314e+00		6.2450314e+00		1.2433230e-79
3.4900000e+02		3.5000000e+02		3.4950000e+02		6.3989005e+02		3.4970204e+00		2.3834509e+01		6.0570171e+00		6.0570171e+00		1.1319890e-78
3.5000000e+02		3.5100000e+02		3.5050000e+02		7.6650484e+02		4.2387025e+00		2.8729242e+01		7.3416481e+00		7.3416481e+00		1.2452078e-77
3.5100000e+02		3.5200000e+02		3.5150000e+02		7.1211510e+02		3.9845248e+00		2.6857190e+01		6.9013994e+00		6.9013994e+00		1.0276548e-76
3.5200000e+02		3.5300000e+02		3.5250000e+02		6.5785102e+02		3.7243062e+00		2.4965012e+01		6.4506876e+00		6.4506876e+00		8.1627102e-76
3.5300000e+02		3.5400000e+02		3.5350000e+02		7.5263834e+02		4.3110091e+00		2.8739367e+01		7.4668867e+00		7.4668867e+00		7.7767421e-75
3.5400000e+02		3.5500000e+02		3.5450000e+02		8.0329241e+02		4.6550506e+00		3.0863417e+01		8.0627842e+00		8.0627842e+00		6.6978090e-74
3.5500000e+02		3.5600000e+02		3.5550000e+02		7.5433512e+02		4.4223865e+00		2.9161311e+01		7.6597981e+00		7.6597981e+00		4.9210626e-73
3.5600000e+02		3.5700000e+02		3.5650000e+02		6.5576441e+02		3.8892458e+00		2.5506794e+01		6.7363714e+00		6.7363714e+00		3.2471647e-72
3.5700000e+02		3.5800000e+02		3.5750000e+02		5.7307986e+02		3.4382824e+00		2.2427532e+01		5.9552798e+00		5.9552798e+00		2.0907114e-71
3.5800000e+02		3.5900000e+02		3.5850000e+02		4.9194729e+02		2.9856409e+00		1.9370296e+01		5.1712818e+00		5.1712818e+00		1.2841306e-70
3.5900000e+02		3.6000000e+02		3.5950000e+02		7.1030971e+02		4.3605694e+00		2.8139079e+01		7.5527278e+00		7.5527278e+00		1.2890333e-69
3.6000000e+02		3.6100000e+02		3.6050000e+02		7.0092701e+02		4.3523983e+00		2.7936533e+01		7.5385750e+00		7.5385750e+00		8.5970247e-69
3.6100000e+02		3.6200000e+02		3.6150000e+02		6.5110481e+02		4.0893205e+00		2.6108469e+01		7.0829109e+00		7.0829109e+00		5.2496943e-68
3.6200000e+02		3.6300000e+02		3.6250000e+02		7.3500056e+02		4.6689202e+00		2.9651194e+01		8.0868069e+00		8.0868069e+00		3.7908594e-67
3.6300000e+02		3.6400000e+02		3.6350000e+02		7.1558904e+02		4.5973248e+00		2.9042600e+01		7.9628002e+00		7.9628002e+00		2.2985112e-66
3.6400000e+02		3.6500000e+02		3.6450000e+02		7.4837927e+02		4.8625075e+00		3.0556542e+01		8.4221100e+00		8.4221100e+00		1.4581613e-65
3.6500000e+02		3.6600000e+02		3.6550000e+02		8.5179486e+02		5.5969954e+00		3.4988190e+01		9.6942805e+00		9.6942805e+00		9.8103812e-65
3.6600000e+02		3.6700000e+02		3.6650000e+02		9.1042532e+02		6.0496484e+00		3.7620818e+01		1.0478298e+01		1.0478298e+01		6.0425783e-64
3.6700000e+02		3.6800000e+02		3.6750000e+02		8.7909512e+02		5.9070696e+00		3.6543546e+01		1.0231345e+01		1.0231345e+01		3.2793780e-63
3.6800000e+02		3.6900000e+02		3.6850000e+02		8.1047729e+02		5.5069625e+00		3.3892226e+01		9.5383389e+00		9.5383389e+00		1.6581004e-62
3.6900000e+02		3.7000000e+02		3.6950000e+02		8.9967825e+02		6.1812778e+00		3.7846389e+01		1.0706287e+01		1.0706287e+01		9.8535093e-62
3.7000000e+02		3.7100000e+02		3.7050000e+02		8.4427990e+02		5.8651896e+00		3.5726895e+01		1.0158806e+01		1.0158806e+01		4.8341715e-61
3.7100000e+02		3.7200000e+02		3.7150000e+02		8.7164560e+02		6.1224464e+00		3.7103425e+01		1.0604388e+01		1.0604388e+01		2.5490674e-60
3.7200000e+02		3.7300000e+02		3.7250000e+02		7.2411383e+02		5.1424053e+00		3.1005578e+01		8.9069072e+00		8.9069072e+00		1.0570593e-59
3.7300000e+02		3.7400000e+02		3.7350000e+02		6.3155746e+02		4.5345248e+00		2.7201856e+01		7.8540273e+00		7.8540273e+00		4.4995653e-59
3.7400000e+02		3.7500000e+02		3.7450000e+02		6.4642322e+02		4.6922423e+00		2.8005869e+01		8.1272020e+00		8.1272020e+00		2.1984630e-58
3.7500000e+02		3.7600000e+02		3.7550000e+02		7.4036161e+02		5.4329680e+00		3.2263856e+01		9.4101766e+00		9.4101766e+00		1.1760656e-57
3.7600000e+02		3.7700000e+02		3.7650000e+02		7.6758018e+02		5.6941913e+00		3.3645753e+01		9.8626287e+00		9.8626287e+00		5.5743762e-57
3.7700000e+02		3.7800000e+02		3.7750000e+02		9.0048278e+02		6.7528036e+00		3.9701777e+01		1.1696199e+01		1.1696199e+01		2.9274429e-56
3.7800000e+02		3.7900000e+02		3.7850000e+02		9.3786543e+02		7.1094348e+00		4.1590777e+01		1.2313902e+01		1.2313902e+01		1.3369084e-55
3.7900000e+02		3.8000000e+02		3.7950000e+02		7.6051322e+02		5.8273709e+00		3.3921827e+01		1.0093302e+01		1.0093302e+01		4.6577181e-55
3.8000000e+02		3.8100000e+02		3.8050000e+02		8.2814537e+02		6.4140065e+00		3.7152584e+01		1.1109385e+01		1.1109385e+01		2.1359075e-54
3.8100000e+02		3.8200000e+02		3.8150000e+02		7.4366886e+02		5.8216354e+00		3.3555683e+01		1.0083368e+01		1.0083368e+01		7.9197708e-54
3.8200000e+02		3.8300000e+02		3.8250000e+02		5.3336093e+02		4.2200240e+00		2.4205042e+01		7.3092959e+00		7.3092959e+00		2.3003828e-53
3.8300000e+02		3.8400000e+02		3.8350000e+02		4.7073026e+02		3.7642630e+00		2.1485677e+01		6.5198947e+00		6.5198947e+00		8.0672247e-53
3.8400000e+02		3.8500000e+02		3.8450000e+02		6.2969557e+02		5.0890706e+00		2.8906402e+01		8.8145288e+00		8.8145288e+00		4.2084152e-52
3.8500000e+02		3.8600000e+02		3.8550000e+02		6.6694888e+02		5.4473631e+00		3.0791911e+01		9.4351097e+00		9.4351097e+00		1.7065226e-51
3.8600000e+02		3.8700000e+02		3.8650000e+02		6.6977732e+02		5.5283582e+00		3.1099219e+01		9.5753973e+00		9.5753973e+00		6.4432918e-51
3.8700000e+02		3.8800000e+02		3.8750000e+02		6.6902499e+02		5.5804103e+00		3.1241410e+01		9.6655542e+00		9.6655542e+00		2.3770155e-50
3.8800000e+02		3.8900000e+02		3.8850000e+02		6.7841027e+02		5.7182141e+00		3.1859890e+01		9.9042374e+00		9.9042374e+00		8.7473011e-50
3.8900000e+02		3.9000000e+02		3.8950000e+02		8.1451188e+02		6.9373861e+00		3.8468674e+01		1.2015905e+01		1.2015905e+01		3.7460549e-49
3.9000000e+02		3.9100000e+02		3.9050000e+02		8.5560997e+02		7.3636139e+00		4.0638529e+01		1.2754153e+01		1.2754153e+01		1.3799760e-48
3.9100000e+02		3.9200000e+02		3.9150000e+02		9.2006232e+02		8.0008387e+00		4.3946690e+01		1.3857859e+01		1.3857859e+01		5.1176937e-48
3.9200000e+02		3.9300000e+02		3.9250000e+02		7.0614281e+02		6.2044079e+00		3.3918976e+01		1.0746350e+01		1.0746350e+01		1.3325077e-47
3.9300000e+02		3.9400000e+02		3.9350000e+02		4.3291589e+02		3.8431502e+00		2.0911707e+01		6.6565314e+00		6.6565314e+00		2.7269305e-47
3.9400000e+02		3.9500000e+02		3.9450000e+02		7.1565803e+02		6.4187723e+00		3.4763366e+01		1.1117640e+01		1.1117640e+01		1.4809974e-46
3.9500000e+02		3.9600000e+02		3.9550000e+02		8.7888136e+02		7.9639018e+00		4.2931042e+01		1.3793883e+01		1.3793883e+01		5.8823713e-46
3.9600000e+02		3.9700000e+02		3.9650000e+02		6.0712893e+02		5.5579225e+00		2.9822333e+01		9.6266042e+00		9.6266042e+00		1.2941342e-45
3.9700000e+02		3.9800000e+02		3.9750000e+02		6.8053003e+02		6.2936346e+00		3.3614151e+01		1.0900895e+01		1.0900895e+01		4.5502031e-45
3.9800000e+02		3.9900000e+02		3.9850000e+02		1.0480559e+03		9.7914763e+00		5.2055682e+01		1.6959334e+01		1.6959334e+01		2.1655369e-44
3.9900000e+02		4.0000000e+02		3.9950000e+02		1.1577145e+03		1.0926010e+01		5.7821417e+01		1.8924404e+01		1.8924404e+01		7.2844249e-44
4.0000000e+02		4.0100000e+02		4.0050000e+02		1.1939713e+03		1.1382491e+01		5.9962461e+01		1.9715053e+01		1.9715053e+01		2.2548365e-43
4.0100000e+02		4.0200000e+02		4.0150000e+02		1.2509583e+03		1.2046382e+01		6.3171543e+01		2.0864945e+01		2.0864945e+01		6.9904431e-43
4.0200000e+02		4.0300000e+02		4.0250000e+02		1.2664199e+03		1.2318247e+01		6.4304932e+01		2.1335830e+01		2.1335830e+01		2.0648580e-42
4.0300000e+02		4.0400000e+02		4.0350000e+02		1.2115903e+03		1.1903414e+01		6.1859312e+01		2.0617317e+01		2.0617317e+01		5.6849038e-42
4.0400000e+02		4.0500000e+02		4.0450000e+02		1.1914959e+03		1.1823336e+01		6.1167323e+01		2.0478618e+01		2.0478618e+01		1.5871297e-41
4.0500000e+02		4.0600000e+02		4.0550000e+02		1.1904731e+03		1.1931253e+01		6.1449597e+01		2.0665536e+01		2.0665536e+01		4.4420228e-41
4.0600000e+02		4.0700000e+02		4.0650000e+02		1.1388815e+03		1.1527929e+01		5.9107891e+01		1.9966959e+01		1.9966959e+01		1.1747888e-40
4.0700000e+02		4.0800000e+02		4.0750000e+02		1.1575323e+03		1.1833128e+01		6.0403553e+01		2.0495578e+01		2.0495578e+01		3.2583735e-40
4.0800000e+02		4.0900000e+02		4.0850000e+02		1.2307397e+03		1.2706143e+01		6.4573305e+01		2.2007685e+01		2.2007685e+01		9.3341276e-40
4.0900000e+02		4.1000000e+02		4.0950000e+02		1.2243097e+03		1.2764606e+01		6.4584837e+01		2.2108946e+01		2.2108946e+01		2.4704534e-39
4.1000000e+02		4.1100000e+02		4.1050000e+02		1.1216634e+03		1.1809589e+01		5.9490737e+01		2.0454809e+01		2.0454809e+01		5.9476711e-39
4.1100000e+02		4.1200000e+02		4.1150000e+02		1.3003372e+03		1.3825217e+01		6.9340251e+01		2.3945979e+01		2.3945979e+01		1.7899588e-38
4.1200000e+02		4.1300000e+02		4.1250000e+02		1.2760342e+03		1.3699657e+01		6.8411557e+01		2.3728501e+01		2.3728501e+01		4.5054266e-38
4.1300000e+02		4.1400000e+02		4.1350000e+02		1.2308584e+03		1.3343648e+01		6.6344990e+01		2.3111875e+01		2.3111875e+01		1.1016178e-37
4.1400000e+02		4.1500000e+02		4.1450000e+02		1.2488872e+03		1.3670883e+01		6.7678592e+01		2.3678663e+01		2.3678663e+01		2.8005027e-37
4.1500000e+02		4.1600000e+02		4.1550000e+02		1.2477523e+03		1.3791021e+01		6.7979778e+01		2.3886749e+01		2.3886749e+01		6.9302345e-37
4.1600000e+02		4.1700000e+02		4.1650000e+02		1.2947363e+03		1.4448805e+01		7.0917135e+01		2.5026064e+01		2.5026064e+01		1.7611619e-36
4.1700000e+02		4.1800000e+02		4.1750000e+02		1.1781342e+03		1.3274429e+01		6.4875150e+01		2.2991986e+01		2.2991986e+01		3.8812912e-36
4.1800000e+02		4.1900000e+02		4.1850000e+02		1.2217101e+03		1.3897854e+01		6.7633337e+01		2.4071790e+01		2.4071790e+01		9.6416447e-36
4.1900000e+02		4.2000000e+02		4.1950000e+02		1.2338424e+03		1.4170521e+01		6.8668364e+01		2.4544062e+01		2.4544062e+01		2.3075580e-35
4.2000000e+02		4.2100000e+02		4.2050000e+02		1.2494927e+03		1.4487533e+01		6.9908571e+01		2.5093144e+01		2.5093144e+01		5.4791722e-35
4.2100000e+02		4.2200000e+02		4.2150000e+02		1.2299982e+03		1.4397529e+01		6.9182498e+01		2.4937252e+01		2.4937252e+01		1.2514725e-34
4.2200000e+02		4.2300000e+02		4.2250000e+02		1.1657134e+03		1.3774829e+01		6.5913445e+01		2.3858704e+01		2.3858704e+01		2.7236945e-34
4.2300000e+02		4.2400000e+02		4.2350000e+02		1.2419943e+03		1.4815395e+01		7.0597236e+01		2.5661017e+01		2.5661017e+01		6.5965492e-34
4.2400000e+02		4.2500000e+02		4.2450000e+02		1.2850442e+03		1.5473879e+01		7.3428978e+01		2.6801544e+01		2.6801544e+01		1.5360014e-33
4.2500000e+02		4.2600000e+02		4.2550000e+02		1.2367256e+03		1.5032469e+01		7.1039445e+01		2.6037000e+01		2.6037000e+01		3.2940721e-33
4.2600000e+02		4.2700000e+02		4.2650000e+02		1.2316584e+03		1.5111636e+01		7.1119513e+01		2.6174121e+01		2.6174121e+01		7.2395045e-33
4.2700000e+02		4.2800000e+02		4.2750000e+02		1.1420512e+03		1.4143584e+01		6.6290590e+01		2.4497406e+01		2.4497406e+01		1.4672270e-32
4.2800000e+02		4.2900000e+02		4.2850000e+02		1.1495483e+03		1.4369521e+01		6.7074414e+01		2.4888741e+01		2.4888741e+01		3.1976242e-32
4.2900000e+02		4.3000000e+02		4.2950000e+02		1.0698649e+03		1.3498134e+01		6.2750549e+01		2.3379454e+01		2.3379454e+01		6.3836996e-32
4.3000000e+02		4.3100000e+02		4.3050000e+02		8.6065012e+02		1.0959475e+01		5.0742253e+01		1.8982367e+01		1.8982367e+01		1.0915073e-31
4.3100000e+02		4.3200000e+02		4.3150000e+02		1.0641754e+03		1.3676762e+01		6.3067623e+01		2.3688846e+01		2.3688846e+01		2.8427669e-31
4.3200000e+02		4.3300000e+02		4.3250000e+02		1.1990384e+03		1.5552450e+01		7.1428596e+01		2.6937633e+01		2.6937633e+01		6.6867764e-31
4.3300000e+02		4.3400000e+02		4.3350000e+02		1.3017454e+03		1.7040257e+01		7.7948277e+01		2.9514591e+01		2.9514591e+01		1.5022753e-30
4.3400000e+02		4.3500000e+02		4.3450000e+02		1.1054356e+03		1.4603491e+01		6.6535136e+01		2.5293989e+01		2.5293989e+01		2.6171889e-30
4.3500000e+02		4.3600000e+02		4.3550000e+02		1.2347447e+03		1.6461235e+01		7.4701207e+01		2.8511696e+01		2.8511696e+01		5.9463396e-30
4.3600000e+02		4.3700000e+02		4.3650000e+02		1.3814970e+03		1.8586005e+01		8.4009611e+01		3.2191906e+01		3.2191906e+01		1.3419560e-29
4.3700000e+02		4.3800000e+02		4.3750000e+02		1.2223713e+03		1.6595068e+01		7.4714777e+01		2.8743501e+01		2.8743501e+01		2.3752266e-29
4.3800000e+02		4.3900000e+02		4.3850000e+02		1.1905029e+03		1.6309292e+01		7.3139827e+01		2.8248522e+01		2.8248522e+01		4.5898103e-29
4.3900000e+02		4.4000000e+02		4.3950000e+02		1.3250738e+03		1.8317343e+01		8.1823764e+01		3.1726569e+01		3.1726569e+01		1.0054620e-28
4.4000000e+02		4.4100000e+02		4.4050000e+02		1.2562739e+03		1.7523206e+01		7.7971423e+01		3.0351083e+01		3.0351083e+01		1.8613165e-28
4.4100000e+02		4.4200000e+02		4.4150000e+02		1.3817384e+03		1.9446926e+01		8.6195487e+01		3.3683064e+01		3.3683064e+01		3.9661507e-28
4.4200000e+02		4.4300000e+02		4.4250000e+02		1.4526378e+03		2.0628495e+01		9.1079258e+01		3.5729601e+01		3.5729601e+01		8.0159268e-28
4.4300000e+02		4.4400000e+02		4.4350000e+02		1.4050936e+03		2.0132129e+01		8.8545547e+01		3.4869870e+01		3.4869870e+01		1.4792693e-27
4.4400000e+02		4.4500000e+02		4.4450000e+02		1.4475318e+03		2.0925509e+01		9.1682156e+01		3.6244045e+01		3.6244045e+01		2.8857213e-27
4.4500000e+02		4.4600000e+02		4.4550000e+02		1.3420773e+03		1.9573937e+01		8.5432949e+01		3.3903054e+01		3.3903054e+01		5.0288978e-27
4.4600000e+02		4.4700000e+02		4.4650000e+02		1.3689269e+03		2.0142946e+01		8.7582076e+01		3.4888605e+01		3.4888605e+01		9.5713611e-27
4.4700000e+02		4.4800000e+02		4.4750000e+02		1.4837056e+03		2.2025302e+01		9.5403825e+01		3.8148943e+01		3.8148943e+01		1.9218208e-26
4.4800000e+02		4.4900000e+02		4.4850000e+02		1.4587166e+03		2.1845696e+01		9.4268814e+01		3.7837855e+01		3.7837855e+01		3.4755594e-26
4.4900000e+02		4.5000000e+02		4.4950000e+02		1.4737837e+03		2.2265834e+01		9.5720715e+01		3.8565555e+01		3.8565555e+01		6.4140963e-26
4.5000000e+02		4.5100000e+02		4.5050000e+02		1.5636828e+03		2.3831622e+01		1.0206855e+02		4.1277581e+01		4.1277581e+01		1.2345260e-25
4.5100000e+02		4.5200000e+02		4.5150000e+02		1.5589734e+03		2.3968062e+01		1.0227021e+02		4.1513901e+01		4.1513901e+01		2.2175999e-25
4.5200000e+02		4.5300000e+02		4.5250000e+02		1.4757889e+03		2.2887443e+01		9.7296646e+01		3.9642213e+01		3.9642213e+01		3.7570309e-25
4.5300000e+02		4.5400000e+02		4.5350000e+02		1.4141855e+03		2.2123195e+01		9.3699937e+01		3.8318497e+01		3.8318497e+01		6.4006956e-25
4.5400000e+02		4.5500000e+02		4.5450000e+02		1.5096596e+03		2.3822018e+01		1.0052344e+02		4.1260946e+01		4.1260946e+01		1.2068758e-24
4.5500000e+02		4.5600000e+02		4.5550000e+02		1.4952815e+03		2.3799632e+01		1.0006053e+02		4.1222171e+01		4.1222171e+01		2.0978353e-24
4.5600000e+02		4.5700000e+02		4.5650000e+02		1.5527317e+03		2.4927640e+01		1.0442005e+02		4.3175939e+01		4.3175939e+01		3.7988229e-24
4.5700000e+02		4.5800000e+02		4.5750000e+02		1.5677329e+03		2.5385402e+01		1.0595058e+02		4.3968806e+01		4.3968806e+01		6.6467086e-24
4.5800000e+02		4.5900000e+02		4.5850000e+02		1.4734199e+03		2.4063319e+01		1.0006859e+02		4.1678892e+01		4.1678892e+01		1.0758645e-23
4.5900000e+02		4.6000000e+02		4.5950000e+02		1.5222067e+03		2.5073185e+01		1.0389175e+02		4.3428030e+01		4.3428030e+01		1.9026169e-23
4.6000000e+02		4.6100000e+02		4.6050000e+02		1.5039223e+03		2.4983772e+01		1.0314904e+02		4.3273163e+01		4.3273163e+01		3.1984266e-23
4.6100000e+02		4.6200000e+02		4.6150000e+02		1.5386000e+03		2.5777749e+01		1.0604596e+02		4.4648371e+01		4.4648371e+01		5.5346654e-23
4.6200000e+02		4.6300000e+02		4.6250000e+02		1.5538294e+03		2.6254225e+01		1.0762089e+02		4.5473651e+01		4.5473651e+01		9.3989671e-23
4.6300000e+02		4.6400000e+02		4.6350000e+02		1.5018384e+03		2.5590906e+01		1.0452918e+02		4.4324750e+01		4.4324750e+01		1.5188032e-22
4.6400000e+02		4.6500000e+02		4.6450000e+02		1.5281564e+03		2.6259526e+01		1.0688076e+02		4.5482833e+01		4.5482833e+01		2.5690434e-22
4.6500000e+02		4.6600000e+02		4.6550000e+02		1.4760608e+03		2.5578201e+01		1.0374081e+02		4.4302744e+01		4.4302744e+01		4.1019459e-22
4.6600000e+02		4.6700000e+02		4.6650000e+02		1.4854121e+03		2.5956700e+01		1.0490648e+02		4.4958324e+01		4.4958324e+01		6.7858510e-22
4.6700000e+02		4.6800000e+02		4.6750000e+02		1.4997486e+03		2.6427002e+01		1.0643393e+02		4.5772910e+01		4.5772910e+01		1.1201316e-21
4.6800000e+02		4.6900000e+02		4.6850000e+02		1.4665907e+03		2.6058862e+01		1.0458592e+02		4.5135272e+01		4.5135272e+01		1.7811719e-21
4.6900000e+02		4.7000000e+02		4.6950000e+02		1.5086728e+03		2.7030175e+01		1.0810813e+02		4.6817636e+01		4.6817636e+01		2.9636173e-21
4.7000000e+02		4.7100000e+02		4.7050000e+02		1.4256243e+03		2.5754695e+01		1.0265113e+02		4.4608440e+01		4.4608440e+01		4.5058519e-21
4.7100000e+02		4.7200000e+02		4.7150000e+02		1.4904926e+03		2.7149944e+01		1.0784008e+02		4.7025082e+01		4.7025082e+01		7.5403435e-21
4.7200000e+02		4.7300000e+02		4.7250000e+02		1.5269264e+03		2.8043701e+01		1.1100860e+02		4.8573114e+01		4.8573114e+01		1.2301080e-20
4.7300000e+02		4.7400000e+02		4.7350000e+02		1.4995420e+03		2.7767981e+01		1.0954227e+02		4.8095554e+01		4.8095554e+01		1.9140395e-20
4.7400000e+02		4.7500000e+02		4.7450000e+02		1.5448084e+03		2.8841584e+01		1.1339103e+02		4.9955090e+01		4.9955090e+01		3.1086100e-20
4.7500000e+02		4.7600000e+02		4.7550000e+02		1.5413846e+03		2.9013809e+01		1.1368221e+02		5.0253392e+01		5.0253392e+01		4.8658932e-20
4.7600000e+02		4.7700000e+02		4.7650000e+02		1.4853490e+03		2.8187848e+01		1.1007379e+02		4.8822786e+01		4.8822786e+01		7.3202881e-20
4.7700000e+02		4.7800000e+02		4.7750000e+02		1.5508368e+03		2.9670829e+01		1.1547603e+02		5.1391384e+01		5.1391384e+01		1.1874892e-19
4.7800000e+02		4.7900000e+02		4.7850000e+02		1.5358791e+03		2.9623836e+01		1.1490783e+02		5.1309989e+01		5.1309989e+01		1.8185574e-19
4.7900000e+02		4.8000000e+02		4.7950000e+02		1.5403519e+03		2.9951284e+01		1.1579129e+02		5.1877145e+01		5.1877145e+01		2.8071539e-19
4.8000000e+02		4.8100000e+02		4.8050000e+02		1.5442750e+03		3.0270663e+01		1.1663810e+02		5.2430326e+01		5.2430326e+01		4.3116361e-19
4.8100000e+02		4.8200000e+02		4.8150000e+02		1.5475498e+03		3.0579778e+01		1.1744021e+02		5.2965730e+01		5.2965730e+01		6.5895364e-19
4.8200000e+02		4.8300000e+02		4.8250000e+02		1.5416562e+03		3.0708619e+01		1.1754730e+02		5.3188889e+01		5.3188889e+01		9.9663789e-19
4.8300000e+02		4.8400000e+02		4.8350000e+02		1.5183412e+03		3.0487082e+01		1.1631721e+02		5.2805176e+01		5.2805176e+01		1.4836471e-18
4.8400000e+02		4.8500000e+02		4.8450000e+02		1.4920771e+03		3.0199669e+01		1.1484495e+02		5.2307362e+01		5.2307362e+01		2.1941190e-18
4.8500000e+02		4.8600000e+02		4.8550000e+02		1.4021236e+03		2.8605688e+01		1.0843002e+02		4.9546505e+01		4.9546505e+01		3.0894675e-18
4.8600000e+02		4.8700000e+02		4.8650000e+02		1.2173217e+03		2.5033260e+01		9.4581851e+01		4.3358878e+01		4.3358878e+01		4.0019879e-18
4.8700000e+02		4.8800000e+02		4.8750000e+02		1.3927585e+03		2.8868526e+01		1.0872116e+02		5.0001753e+01		5.0001753e+01		6.8027990e-18
4.8800000e+02		4.8900000e+02		4.8850000e+02		1.4651201e+03		3.0609032e+01		1.1490632e+02		5.3016398e+01		5.3016398e+01		1.0588094e-17
4.8900000e+02		4.9000000e+02		4.8950000e+02		1.4372192e+03		3.0263407e+01		1.1324596e+02		5.2417758e+01		5.2417758e+01		1.5304342e-17
4.9000000e+02		4.9100000e+02		4.9050000e+02		1.5307557e+03		3.2487031e+01		1.2118009e+02		5.6269188e+01		5.6269188e+01		2.3921117e-17
4.9100000e+02		4.9200000e+02		4.9150000e+02		1.4425606e+03		3.0855917e+01		1.1473127e+02		5.3444016e+01		5.3444016e+01		3.2949795e-17
4.9200000e+02		4.9300000e+02		4.9250000e+02		1.3729411e+03		2.9596987e+01		1.0970303e+02		5.1263486e+01		5.1263486e+01		4.5655643e-17
4.9300000e+02		4.9400000e+02		4.9350000e+02		1.4509629e+03		3.1523475e+01		1.1647660e+02		5.4600261e+01		5.4600261e+01		6.9972133e-17
4.9400000e+02		4.9500000e+02		4.9450000e+02		1.4929449e+03		3.2688483e+01		1.2040333e+02		5.6618113e+01		5.6618113e+01		1.0400705e-16
4.9500000e+02		4.9600000e+02		4.9550000e+02		1.4663156e+03		3.2355096e+01		1.1880405e+02		5.6040670e+01		5.6040670e+01		1.4700813e-16
4.9600000e+02		4.9700000e+02		4.9650000e+02		1.4846220e+03		3.3013110e+01		1.2084409e+02		5.7180384e+01		5.7180384e+01		2.1339774e-16
4.9700000e+02		4.9800000e+02		4.9750000e+02		1.5123203e+03		3.3889155e+01		1.2366755e+02		5.8697738e+01		5.8697738e+01		3.1050130e-16
4.9800000e+02		4.9900000e+02		4.9850000e+02		1.3744029e+03		3.1036202e+01		1.1290814e+02		5.3756279e+01		5.3756279e+01		4.0159220e-16
4.9900000e+02		5.0000000e+02		4.9950000e+02		1.4721832e+03		3.3500020e+01		1.2149795e+02		5.8023736e+01		5.8023736e+01		6.0997177e-16
