Left Bin Edge (nm)	Right Bin Edge (nm)	Bin Center (nm)		Top of Atm Intensity (erg/s/nm/cm2)		Total Surface Flux (erg/s/nm/cm2)		Total Intensity at BOA (erg/s/nm/cm2)		Total Surface Intensity (erg/s/nm/cm2)		Total Surface Diffuse Intensity (erg/s/nm/cm2)		Total Surface Direct Intensity (erg/s/nm/cm2)
1.0000000e+02		1.0100000e+02		1.0050000e+02		4.4569042e-02		2.4525372e-199		0.0000000e+00		4.2479191e-199		4.2479191e-199		0.0000000e+00
1.0100000e+02		1.0200000e+02		1.0150000e+02		1.7387199e-01		2.8780736e-197		0.0000000e+00		4.9849697e-197		4.9849697e-197		0.0000000e+00
1.0200000e+02		1.0300000e+02		1.0250000e+02		9.2286085e-01		3.0760912e-195		0.0000000e+00		5.3279463e-195		5.3279463e-195		0.0000000e+00
1.0300000e+02		1.0400000e+02		1.0350000e+02		7.0094286e-01		3.0025211e-193		0.0000000e+00		5.2005190e-193		5.2005190e-193		0.0000000e+00
1.0400000e+02		1.0500000e+02		1.0450000e+02		1.4124828e-01		2.6834646e-191		0.0000000e+00		4.6478970e-191		4.6478970e-191		0.0000000e+00
1.0500000e+02		1.0600000e+02		1.0550000e+02		4.8389941e-02		2.2015012e-189		0.0000000e+00		3.8131119e-189		3.8131119e-189		0.0000000e+00
1.0600000e+02		1.0700000e+02		1.0650000e+02		4.5487167e-02		1.6618987e-187		0.0000000e+00		2.8784930e-187		2.8784930e-187		0.0000000e+00
1.0700000e+02		1.0800000e+02		1.0750000e+02		5.0757295e-02		1.1570780e-185		0.0000000e+00		2.0041179e-185		2.0041179e-185		0.0000000e+00
1.0800000e+02		1.0900000e+02		1.0850000e+02		7.1152114e-02		7.4465809e-184		0.0000000e+00		1.2897857e-183		1.2897857e-183		0.0000000e+00
1.0900000e+02		1.1000000e+02		1.0950000e+02		5.5817450e-02		4.4391931e-182		0.0000000e+00		7.6889080e-182		7.6889080e-182		0.0000000e+00
1.1000000e+02		1.1100000e+02		1.1050000e+02		5.4043772e-02		2.4568806e-180		0.0000000e+00		4.2554420e-180		4.2554420e-180		0.0000000e+00
1.1100000e+02		1.1200000e+02		1.1150000e+02		5.0797691e-02		1.2648850e-178		0.0000000e+00		2.1908451e-178		2.1908451e-178		0.0000000e+00
1.1200000e+02		1.1300000e+02		1.1250000e+02		5.1969037e-02		6.0686081e-177		0.0000000e+00		1.0511138e-176		1.0511138e-176		0.0000000e+00
1.1300000e+02		1.1400000e+02		1.1350000e+02		4.1221387e-02		2.7183846e-175		0.0000000e+00		4.7083802e-175		4.7083802e-175		0.0000000e+00
1.1400000e+02		1.1500000e+02		1.1450000e+02		3.1562600e-02		1.1389535e-173		0.0000000e+00		1.9727253e-173		1.9727253e-173		0.0000000e+00
1.1500000e+02		1.1600000e+02		1.1550000e+02		4.3552050e-02		4.4699747e-172		0.0000000e+00		7.7422232e-172		7.7422232e-172		0.0000000e+00
1.1600000e+02		1.1700000e+02		1.1650000e+02		1.0143732e-01		1.6443414e-170		0.0000000e+00		2.8480828e-170		2.8480828e-170		0.0000000e+00
1.1700000e+02		1.1800000e+02		1.1750000e+02		3.6108525e-01		5.6788420e-169		0.0000000e+00		9.8360428e-169		9.8360428e-169		0.0000000e+00
1.1800000e+02		1.1900000e+02		1.1850000e+02		1.2283927e-01		1.8330848e-167		0.0000000e+00		3.1749960e-167		3.1749960e-167		0.0000000e+00
1.1900000e+02		1.2000000e+02		1.1950000e+02		1.7115732e-01		5.6144691e-166		0.0000000e+00		9.7245457e-166		9.7245457e-166		0.0000000e+00
1.2000000e+02		1.2100000e+02		1.2050000e+02		9.3056497e-01		1.6370933e-164		0.0000000e+00		2.8355289e-164		2.8355289e-164		0.0000000e+00
1.2100000e+02		1.2200000e+02		1.2150000e+02		3.6941242e+01		4.5201159e-163		0.0000000e+00		7.8290704e-163		7.8290704e-163		0.0000000e+00
1.2200000e+02		1.2300000e+02		1.2250000e+02		2.4773856e-01		1.1800659e-161		2.2227587e-162		2.0439342e-161		2.0439342e-161		0.0000000e+00
1.2300000e+02		1.2400000e+02		1.2350000e+02		1.3344721e-01		2.9189350e-160		4.0743841e-161		5.0557438e-160		5.0557438e-160		0.0000000e+00
1.2400000e+02		1.2500000e+02		1.2450000e+02		1.0726631e-01		6.8505606e-159		9.0205674e-160		1.1865519e-158		1.1865519e-158		0.0000000e+00
1.2500000e+02		1.2600000e+02		1.2550000e+02		1.0471361e-01		1.5272874e-157		1.9547734e-158		2.6453394e-157		2.6453394e-157		0.0000000e+00
1.2600000e+02		1.2700000e+02		1.2650000e+02		1.4644878e-01		3.2400497e-156		4.0762753e-157		5.6119308e-156		5.6119308e-156		0.0000000e+00
1.2700000e+02		1.2800000e+02		1.2750000e+02		7.6659940e-02		6.5483157e-155		8.2043865e-156		1.1342016e-154		1.1342016e-154		0.0000000e+00
1.2800000e+02		1.2900000e+02		1.2850000e+02		6.1165494e-02		1.2623447e-153		1.5910690e-154		2.1864452e-153		2.1864452e-153		0.0000000e+00
1.2900000e+02		1.3000000e+02		1.2950000e+02		8.1594975e-02		2.3239343e-152		2.9570777e-153		4.0251722e-152		4.0251722e-152		0.0000000e+00
1.3000000e+02		1.3100000e+02		1.3050000e+02		6.7007791e-01		4.0900791e-151		5.2701679e-152		7.0842249e-151		7.0842249e-151		0.0000000e+00
1.3100000e+02		1.3200000e+02		1.3150000e+02		9.0731094e-02		6.8885864e-150		9.0376936e-151		1.1931382e-149		1.1931382e-149		0.0000000e+00
1.3200000e+02		1.3300000e+02		1.3250000e+02		7.0547730e-02		1.1113703e-148		1.4911644e-149		1.9249499e-148		1.9249499e-148		0.0000000e+00
1.3300000e+02		1.3400000e+02		1.3350000e+02		9.5357088e-01		1.7193408e-147		2.3614692e-148		2.9779857e-147		2.9779857e-147		0.0000000e+00
1.3400000e+02		1.3500000e+02		1.3450000e+02		6.5246966e-02		2.5529960e-146		3.5910808e-147		4.4219187e-146		4.4219187e-146		0.0000000e+00
1.3500000e+02		1.3600000e+02		1.3550000e+02		1.3692679e-01		3.6415434e-145		5.2694165e-146		6.3073381e-145		6.3073381e-145		0.0000000e+00
1.3600000e+02		1.3700000e+02		1.3650000e+02		8.9861989e-02		4.9948643e-144		7.4016506e-145		8.6513588e-144		8.6513588e-144		0.0000000e+00
1.3700000e+02		1.3800000e+02		1.3750000e+02		9.2282630e-02		6.5929962e-143		1.0026334e-143		1.1419404e-142		1.1419404e-142		0.0000000e+00
1.3800000e+02		1.3900000e+02		1.3850000e+02		9.4180145e-02		8.3822079e-142		1.3057007e-142		1.4518410e-141		1.4518410e-141		0.0000000e+00
1.3900000e+02		1.4000000e+02		1.3950000e+02		3.1801144e-01		1.0273224e-140		1.6353174e-141		1.7793747e-140		1.7793747e-140		0.0000000e+00
1.4000000e+02		1.4100000e+02		1.4050000e+02		2.7729440e-01		1.2147253e-139		1.9697133e-140		2.1039660e-139		2.1039660e-139		0.0000000e+00
1.4100000e+02		1.4200000e+02		1.4150000e+02		1.3359910e-01		1.3866663e-138		2.2914294e-139		2.4017764e-138		2.4017764e-138		0.0000000e+00
1.4200000e+02		1.4300000e+02		1.4250000e+02		1.4479671e-01		1.5293770e-137		2.5754208e-138		2.6489586e-137		2.6489586e-137		0.0000000e+00
1.4300000e+02		1.4400000e+02		1.4350000e+02		1.6064305e-01		1.6309015e-136		2.7961638e-137		2.8248043e-136		2.8248043e-136		0.0000000e+00
1.4400000e+02		1.4500000e+02		1.4450000e+02		1.5363637e-01		1.6826783e-135		2.9391362e-136		2.9144842e-135		2.9144842e-135		0.0000000e+00
1.4500000e+02		1.4600000e+02		1.4550000e+02		1.6382583e-01		1.6808605e-134		2.9926795e-135		2.9113358e-134		2.9113358e-134		0.0000000e+00
1.4600000e+02		1.4700000e+02		1.4650000e+02		1.9977093e-01		1.6266789e-133		2.9552430e-134		2.8174905e-133		2.8174905e-133		0.0000000e+00
1.4700000e+02		1.4800000e+02		1.4750000e+02		2.4643334e-01		1.5261798e-132		2.8281796e-133		2.6434209e-132		2.6434209e-132		0.0000000e+00
1.4800000e+02		1.4900000e+02		1.4850000e+02		2.4167300e-01		1.3890773e-131		2.6222231e-132		2.4059524e-131		2.4059524e-131		0.0000000e+00
1.4900000e+02		1.5000000e+02		1.4950000e+02		2.1832777e-01		1.2271925e-130		2.3605938e-131		2.1255597e-130		2.1255597e-130		0.0000000e+00
1.5000000e+02		1.5100000e+02		1.5050000e+02		2.4023073e-01		1.0529701e-129		2.0656909e-130		1.8237976e-129		1.8237976e-129		0.0000000e+00
1.5100000e+02		1.5200000e+02		1.5150000e+02		2.5258505e-01		8.7799792e-129		1.7571937e-129		1.5207370e-128		1.5207370e-128		0.0000000e+00
1.5200000e+02		1.5300000e+02		1.5250000e+02		3.2229547e-01		7.1183750e-128		1.4549158e-128		1.2329387e-127		1.2329387e-127		0.0000000e+00
1.5300000e+02		1.5400000e+02		1.5350000e+02		3.5701286e-01		5.6149098e-127		1.1706112e-127		9.7253091e-127		9.7253091e-127		0.0000000e+00
1.5400000e+02		1.5500000e+02		1.5450000e+02		9.5486931e-01		4.3112798e-126		9.1620035e-127		7.4673557e-126		7.4673557e-126		0.0000000e+00
1.5500000e+02		1.5600000e+02		1.5550000e+02		7.8587524e-01		3.2238291e-125		6.9928039e-126		5.5838358e-125		5.5838358e-125		0.0000000e+00
1.5600000e+02		1.5700000e+02		1.5650000e+02		4.6648084e-01		2.3487271e-124		5.2174404e-125		4.0681147e-124		4.0681147e-124		0.0000000e+00
1.5700000e+02		1.5800000e+02		1.5750000e+02		4.2309893e-01		1.6683456e-123		3.7837788e-124		2.8896593e-123		2.8896593e-123		0.0000000e+00
1.5800000e+02		1.5900000e+02		1.5850000e+02		3.9008072e-01		1.1558799e-122		2.6744997e-123		2.0020427e-122		2.0020427e-122		0.0000000e+00
1.5900000e+02		1.6000000e+02		1.5950000e+02		3.8042347e-01		7.8128225e-122		1.8568355e-122		1.3532206e-121		1.3532206e-121		0.0000000e+00
1.6000000e+02		1.6100000e+02		1.6050000e+02		4.1635449e-01		5.1558961e-121		1.2552063e-121		8.9302740e-121		8.9302740e-121		0.0000000e+00
1.6100000e+02		1.6200000e+02		1.6150000e+02		4.7164413e-01		3.3235998e-120		8.2607004e-121		5.7566438e-120		5.7566438e-120		0.0000000e+00
1.6200000e+02		1.6300000e+02		1.6250000e+02		5.2241459e-01		2.0926046e-119		5.3671712e-120		3.6244974e-119		3.6244974e-119		0.0000000e+00
1.6300000e+02		1.6400000e+02		1.6350000e+02		1.1072121e+00		1.2879124e-118		3.4082959e-119		2.2307297e-118		2.2307297e-118		0.0000000e+00
1.6400000e+02		1.6500000e+02		1.6450000e+02		1.1323318e+00		7.7542342e-118		2.0991130e-118		1.3430728e-117		1.3430728e-117		0.0000000e+00
1.6500000e+02		1.6600000e+02		1.6550000e+02		1.3255566e+00		4.5634145e-117		1.2897983e-117		7.9040658e-117		7.9040658e-117		0.0000000e+00
1.6600000e+02		1.6700000e+02		1.6650000e+02		6.2522883e-01		2.6284024e-116		7.7424158e-117		4.5525264e-116		4.5525264e-116		0.0000000e+00
1.6700000e+02		1.6800000e+02		1.6750000e+02		6.6723830e-01		1.4828907e-115		4.5044040e-116		2.5684420e-115		2.5684420e-115		0.0000000e+00
1.6800000e+02		1.6900000e+02		1.6850000e+02		7.1904320e-01		8.1790311e-115		2.6497573e-115		1.4166497e-114		1.4166497e-114		0.0000000e+00
1.6900000e+02		1.7000000e+02		1.6950000e+02		9.0554889e-01		4.4281060e-114		1.4769830e-114		7.6697046e-114		7.6697046e-114		0.0000000e+00
1.7000000e+02		1.7100000e+02		1.7050000e+02		1.0161854e+00		2.3446018e-113		8.3331796e-114		4.0609695e-113		4.0609695e-113		0.0000000e+00
1.7100000e+02		1.7200000e+02		1.7150000e+02		1.0130704e+00		1.2163578e-112		4.6265650e-113		2.1067936e-112		2.1067936e-112		0.0000000e+00
1.7200000e+02		1.7300000e+02		1.7250000e+02		1.0571150e+00		6.1832681e-112		2.5315076e-112		1.0709735e-111		1.0709735e-111		2.4709044e-307
1.7300000e+02		1.7400000e+02		1.7350000e+02		1.0479596e+00		3.0803019e-111		1.3646085e-111		5.3352393e-111		5.3352393e-111		5.6054118e-243
1.7400000e+02		1.7500000e+02		1.7450000e+02		1.2530722e+00		1.5042387e-110		7.2307982e-111		2.6054179e-110		2.6054179e-110		2.2741406e-194
1.7500000e+02		1.7600000e+02		1.7550000e+02		1.4954862e+00		3.9535414e-91		7.3732157e-86		6.8477345e-91		6.8477345e-91		5.2635773e-137
1.7600000e+02		1.7700000e+02		1.7650000e+02		1.6135596e+00		1.3576233e-72		2.3469283e-68		2.3514725e-72		2.3514725e-72		3.8470878e-110
1.7700000e+02		1.7800000e+02		1.7750000e+02		1.9010195e+00		4.3813294e-57		1.0445737e-53		7.5886851e-57		7.5886851e-57		1.0701873e-87
1.7800000e+02		1.7900000e+02		1.7850000e+02		2.0776624e+00		5.9874524e-45		3.0332608e-42		1.0370572e-44		1.0370572e-44		3.9244488e-70
1.7900000e+02		1.8000000e+02		1.7950000e+02		2.0198657e+00		2.9348508e-34		3.7957262e-32		5.0833106e-34		5.0833106e-34		1.1128706e-54
1.8000000e+02		1.8100000e+02		1.8050000e+02		2.4976225e+00		3.0219060e-27		1.6230716e-25		5.2340947e-27		5.2340947e-27		1.4202019e-44
1.8100000e+02		1.8200000e+02		1.8150000e+02		3.0410490e+00		4.9046114e-21		1.2171471e-19		8.4950361e-21		8.4950361e-21		1.1395810e-35
1.8200000e+02		1.8300000e+02		1.8250000e+02		2.8073836e+00		4.7106050e-15		5.5365388e-14		8.1590071e-15		8.1590071e-15		3.7502465e-27
1.8300000e+02		1.8400000e+02		1.8350000e+02		2.9562417e+00		2.1480621e-13		2.0638407e-12		3.7205527e-13		3.7205527e-13		1.0705515e-24
1.8400000e+02		1.8500000e+02		1.8450000e+02		2.5409769e+00		1.5166300e-09		9.1480910e-09		2.6268803e-09		2.6268803e-09		2.4910839e-19
1.8500000e+02		1.8600000e+02		1.8550000e+02		2.8735562e+00		4.8747853e-09		2.7827441e-08		8.4433759e-09		8.4433759e-09		1.7303408e-18
1.8600000e+02		1.8700000e+02		1.8650000e+02		3.2604304e+00		2.2624100e-06		9.6809340e-06		3.9186090e-06		3.9186090e-06		6.0288872e-15
1.8700000e+02		1.8800000e+02		1.8750000e+02		3.6946466e+00		5.8869330e-06		2.4176578e-05		1.0196467e-05		1.0196467e-05		2.9406570e-14
1.8800000e+02		1.8900000e+02		1.8850000e+02		3.8870616e+00		2.0929135e-04		7.3953981e-04		3.6250325e-04		3.6250325e-04		2.7134370e-12
1.8900000e+02		1.9000000e+02		1.8950000e+02		4.3106081e+00		4.4358424e-04		1.5217216e-03		7.6831044e-04		7.6831043e-04		9.5521569e-12
1.9000000e+02		1.9100000e+02		1.9050000e+02		4.4384288e+00		3.1474125e-03		1.0037957e-02		5.4514784e-03		5.4514783e-03		1.0722146e-10
1.9100000e+02		1.9200000e+02		1.9150000e+02		4.8094361e+00		7.9957179e-03		2.4689344e-02		1.3848990e-02		1.3848989e-02		4.0037632e-10
1.9200000e+02		1.9300000e+02		1.9250000e+02		5.0365493e+00		1.6341142e-02		4.9203435e-02		2.8303688e-02		2.8303687e-02		1.1700352e-09
1.9300000e+02		1.9400000e+02		1.9350000e+02		3.8447944e+00		2.6430210e-02		7.7550480e-02		4.5778467e-02		4.5778465e-02		2.5320756e-09
1.9400000e+02		1.9500000e+02		1.9450000e+02		6.1679797e+00		6.4549080e-02		1.8634286e-01		1.1180229e-01		1.1180228e-01		8.6040901e-09
1.9500000e+02		1.9600000e+02		1.9550000e+02		5.9528271e+00		1.0648569e-01		3.0189725e-01		1.8443864e-01		1.8443862e-01		1.8448567e-08
1.9600000e+02		1.9700000e+02		1.9650000e+02		6.5508102e+00		1.4972089e-01		4.1974687e-01		2.5932421e-01		2.5932417e-01		3.6331133e-08
1.9700000e+02		1.9800000e+02		1.9750000e+02		6.5190955e+00		1.8827097e-01		5.2219748e-01		3.2609491e-01		3.2609484e-01		6.3205708e-08
1.9800000e+02		1.9900000e+02		1.9850000e+02		6.3883794e+00		2.3105757e-01		6.3430900e-01		4.0020348e-01		4.0020337e-01		1.0599445e-07
1.9900000e+02		2.0000000e+02		1.9950000e+02		6.7274707e+00		2.8164581e-01		7.6652471e-01		4.8782491e-01		4.8782473e-01		1.8010681e-07
2.0000000e+02		2.0100000e+02		2.0050000e+02		7.1125146e+00		3.2870206e-01		8.8774547e-01		5.6932876e-01		5.6932847e-01		2.9573624e-07
2.0100000e+02		2.0200000e+02		2.0150000e+02		7.5701275e+00		3.8666525e-01		1.0363222e+00		6.6972401e-01		6.6972352e-01		4.8552884e-07
2.0200000e+02		2.0300000e+02		2.0250000e+02		7.4828608e+00		3.9019949e-01		1.0393520e+00		6.7584556e-01		6.7584486e-01		7.0157642e-07
2.0300000e+02		2.0400000e+02		2.0350000e+02		8.0092047e+00		4.2632841e-01		1.1286663e+00		7.3842281e-01		7.3842172e-01		1.0882475e-06
2.0400000e+02		2.0500000e+02		2.0450000e+02		8.6207445e+00		4.6820462e-01		1.2321832e+00		8.1095470e-01		8.1095303e-01		1.6730843e-06
2.0500000e+02		2.0600000e+02		2.0550000e+02		8.6400754e+00		4.7862020e-01		1.2522983e+00		8.2899523e-01		8.2899286e-01		2.3661432e-06
2.0600000e+02		2.0700000e+02		2.0650000e+02		8.6510225e+00		4.8868012e-01		1.2713384e+00		8.4641982e-01		8.4641651e-01		3.3109239e-06
2.0700000e+02		2.0800000e+02		2.0750000e+02		9.3957826e+00		5.4109908e-01		1.3998286e+00		9.3721263e-01		9.3720765e-01		4.9787702e-06
2.0800000e+02		2.0900000e+02		2.0850000e+02		1.0163489e+01		5.9659245e-01		1.5348951e+00		1.0333307e+00		1.0333233e+00		7.3896565e-06
2.0900000e+02		2.1000000e+02		2.0950000e+02		1.3129215e+01		7.8536375e-01		2.0096264e+00		1.3602939e+00		1.3602809e+00		1.2984578e-05
2.1000000e+02		2.1100000e+02		2.1050000e+02		1.6183343e+01		9.8629093e-01		2.5103430e+00		1.7083127e+00		1.7082911e+00		2.1587659e-05
2.1100000e+02		2.1200000e+02		2.1150000e+02		1.8424170e+01		1.1437694e+00		2.8959397e+00		1.9810768e+00		1.9810439e+00		3.2880228e-05
2.1200000e+02		2.1300000e+02		2.1250000e+02		1.6428561e+01		1.0386618e+00		2.6162975e+00		1.7990271e+00		1.7989882e+00		3.8916443e-05
2.1300000e+02		2.1400000e+02		2.1350000e+02		1.6737981e+01		1.0774909e+00		2.7003918e+00		1.8662851e+00		1.8662329e+00		5.2229042e-05
2.1400000e+02		2.1500000e+02		2.1450000e+02		2.1432541e+01		1.4045368e+00		3.5025496e+00		2.4327562e+00		2.4326688e+00		8.7448806e-05
2.1500000e+02		2.1600000e+02		2.1550000e+02		1.8408135e+01		1.2278138e+00		3.0469049e+00		2.1266660e+00		2.1265685e+00		9.7512519e-05
2.1600000e+02		2.1700000e+02		2.1650000e+02		1.7036901e+01		1.1563574e+00		2.8558174e+00		2.0029057e+00		2.0027894e+00		1.1636168e-04
2.1700000e+02		2.1800000e+02		2.1750000e+02		1.7640866e+01		1.2181951e+00		2.9943558e+00		2.1100236e+00		2.1098692e+00		1.5431286e-04
2.1800000e+02		2.1900000e+02		2.1850000e+02		2.3730294e+01		1.6669147e+00		4.0783443e+00		2.8872627e+00		2.8869986e+00		2.6414008e-04
2.1900000e+02		2.2000000e+02		2.1950000e+02		2.5052511e+01		1.7897559e+00		4.3589667e+00		3.1000572e+00		3.0997046e+00		3.5261941e-04
2.2000000e+02		2.2100000e+02		2.2050000e+02		2.5203754e+01		1.8308808e+00		4.4391922e+00		3.1713165e+00		3.1708706e+00		4.4586574e-04
2.2100000e+02		2.2200000e+02		2.2150000e+02		2.0176768e+01		1.4901151e+00		3.5970980e+00		2.5810930e+00		2.5806470e+00		4.4598155e-04
2.2200000e+02		2.2300000e+02		2.2250000e+02		2.7154039e+01		2.0384408e+00		4.8995165e+00		3.5309137e+00		3.5301680e+00		7.4567214e-04
2.2300000e+02		2.2400000e+02		2.2350000e+02		3.5163062e+01		2.6826802e+00		6.4206703e+00		4.6469074e+00		4.6457144e+00		1.1930168e-03
2.2400000e+02		2.2500000e+02		2.2450000e+02		3.2875934e+01		2.5486072e+00		6.0744098e+00		4.4147412e+00		4.4133705e+00		1.3707435e-03
2.2500000e+02		2.2600000e+02		2.2550000e+02		2.8720078e+01		2.2619241e+00		5.3691055e+00		3.9182203e+00		3.9167563e+00		1.4639456e-03
2.2600000e+02		2.2700000e+02		2.2650000e+02		2.1037217e+01		1.6829616e+00		3.9788137e+00		2.9153785e+00		2.9140741e+00		1.3043682e-03
2.2700000e+02		2.2800000e+02		2.2750000e+02		2.0463841e+01		1.6626215e+00		3.9152614e+00		2.8802201e+00		2.8786843e+00		1.5358514e-03
2.2800000e+02		2.2900000e+02		2.2850000e+02		2.8509984e+01		2.3520755e+00		5.5174550e+00		4.0747118e+00		4.0721340e+00		2.5778070e-03
2.2900000e+02		2.3000000e+02		2.2950000e+02		2.5620938e+01		2.1459813e+00		5.0149389e+00		3.7178080e+00		3.7150299e+00		2.7780664e-03
2.3000000e+02		2.3100000e+02		2.3050000e+02		2.9055844e+01		2.4704179e+00		5.7516723e+00		4.2800529e+00		4.2762916e+00		3.7612954e-03
2.3100000e+02		2.3200000e+02		2.3150000e+02		2.7387429e+01		2.3633306e+00		5.4823128e+00		4.0947124e+00		4.0904981e+00		4.2143538e-03
2.3200000e+02		2.3300000e+02		2.3250000e+02		2.9413108e+01		2.5756183e+00		5.9534395e+00		4.4627591e+00		4.4574015e+00		5.3576128e-03
2.3300000e+02		2.3400000e+02		2.3350000e+02		2.6543685e+01		2.3583108e+00		5.4320775e+00		4.0864775e+00		4.0807775e+00		5.6999430e-03
2.3400000e+02		2.3500000e+02		2.3450000e+02		2.3194371e+01		2.0905201e+00		4.7987597e+00		3.6226963e+00		3.6168478e+00		5.8485826e-03
2.3500000e+02		2.3600000e+02		2.3550000e+02		3.1223226e+01		2.8544006e+00		6.5302600e+00		4.9468157e+00		4.9376062e+00		9.2094620e-03
2.3600000e+02		2.3700000e+02		2.3650000e+02		2.8911473e+01		2.6804455e+00		6.1121580e+00		4.6457421e+00		4.6358042e+00		9.9378643e-03
2.3700000e+02		2.3800000e+02		2.3750000e+02		3.0878004e+01		2.9028233e+00		6.5979845e+00		5.0316500e+00		5.0193257e+00		1.2324316e-02
2.3800000e+02		2.3900000e+02		2.3850000e+02		2.5598090e+01		2.4397724e+00		5.5280780e+00		4.2294668e+00		4.2176451e+00		1.1821739e-02
2.3900000e+02		2.4000000e+02		2.3950000e+02		2.7890834e+01		2.6946981e+00		6.0869562e+00		4.6719487e+00		4.6570959e+00		1.4852802e-02
2.4000000e+02		2.4100000e+02		2.4050000e+02		2.5623038e+01		2.5091310e+00		5.6507964e+00		4.3507936e+00		4.3351115e+00		1.5682149e-02
2.4100000e+02		2.4200000e+02		2.4150000e+02		3.0005079e+01		2.9776219e+00		6.6862594e+00		5.1639002e+00		5.1428628e+00		2.1037463e-02
2.4200000e+02		2.4300000e+02		2.4250000e+02		4.1301739e+01		4.1530183e+00		9.2989944e+00		7.2034686e+00		7.1703993e+00		3.3069337e-02
2.4300000e+02		2.4400000e+02		2.4350000e+02		3.8791639e+01		3.9517892e+00		8.8237976e+00		6.8556385e+00		6.8202773e+00		3.5361180e-02
2.4400000e+02		2.4500000e+02		2.4450000e+02		3.6329084e+01		3.7489558e+00		8.3482019e+00		6.5050106e+00		6.4674196e+00		3.7591039e-02
2.4500000e+02		2.4600000e+02		2.4550000e+02		2.9476122e+01		3.0808267e+00		6.8422984e+00		5.3468274e+00		5.3123061e+00		3.4521275e-02
2.4600000e+02		2.4700000e+02		2.4650000e+02		2.8685918e+01		3.0363248e+00		6.7261482e+00		5.2707987e+00		5.2328802e+00		3.7918544e-02
2.4700000e+02		2.4800000e+02		2.4750000e+02		3.1678139e+01		3.3951883e+00		7.5023437e+00		5.8952189e+00		5.8480863e+00		4.7132676e-02
2.4800000e+02		2.4900000e+02		2.4850000e+02		2.5406301e+01		2.7568509e+00		6.0770489e+00		4.7881330e+00		4.7456976e+00		4.2435467e-02
2.4900000e+02		2.5000000e+02		2.4950000e+02		3.0967514e+01		3.4016479e+00		7.4807773e+00		5.9097429e+00		5.8518273e+00		5.7915603e-02
2.5000000e+02		2.5100000e+02		2.5050000e+02		3.3448743e+01		3.7189319e+00		8.1599056e+00		6.4629924e+00		6.3931245e+00		6.9867910e-02
2.5100000e+02		2.5200000e+02		2.5150000e+02		2.7888154e+01		3.1380403e+00		6.8701566e+00		5.4553226e+00		5.3904199e+00		6.4902695e-02
2.5200000e+02		2.5300000e+02		2.5250000e+02		2.5069906e+01		2.8545479e+00		6.2361767e+00		4.9642829e+00		4.8994336e+00		6.4849317e-02
2.5300000e+02		2.5400000e+02		2.5350000e+02		3.1592540e+01		3.6396640e+00		7.9350031e+00		6.3321168e+00		6.2414937e+00		9.0623145e-02
2.5400000e+02		2.5500000e+02		2.5450000e+02		3.5730773e+01		4.1644548e+00		9.0610918e+00		7.2481276e+00		7.1347263e+00		1.1340123e-01
2.5500000e+02		2.5600000e+02		2.5550000e+02		4.8755658e+01		5.7481395e+00		1.2482975e+01		1.0008915e+01		9.8380848e+00		1.7083069e-01
2.5600000e+02		2.5700000e+02		2.5650000e+02		6.2803876e+01		7.4889930e+00		1.6233587e+01		1.3046307e+01		1.2803890e+01		2.4241670e-01
2.5700000e+02		2.5800000e+02		2.5750000e+02		7.8843355e+01		9.5079218e+00		2.0573530e+01		1.6571698e+01		1.6237140e+01		3.3455723e-01
2.5800000e+02		2.5900000e+02		2.5850000e+02		8.2991293e+01		1.0120128e+01		2.1861161e+01		1.7648093e+01		1.7261740e+01		3.8635331e-01
2.5900000e+02		2.6000000e+02		2.5950000e+02		7.0629481e+01		8.7080826e+00		1.8780432e+01		1.5194212e+01		1.4834193e+01		3.6001887e-01
2.6000000e+02		2.6100000e+02		2.6050000e+02		5.7868388e+01		7.2129291e+00		1.5531818e+01		1.2592878e+01		1.2270526e+01		3.2235192e-01
2.6100000e+02		2.6200000e+02		2.6150000e+02		5.9092703e+01		7.4454201e+00		1.6008813e+01		1.3006917e+01		1.2647866e+01		3.5905116e-01
2.6200000e+02		2.6300000e+02		2.6250000e+02		7.0528613e+01		8.9816825e+00		1.9284951e+01		1.5701065e+01		1.5234485e+01		4.6658009e-01
2.6300000e+02		2.6400000e+02		2.6350000e+02		1.0614195e+02		1.3660574e+01		2.9292217e+01		2.3896887e+01		2.3133735e+01		7.6315239e-01
2.6400000e+02		2.6500000e+02		2.6450000e+02		1.6548208e+02		2.1521649e+01		4.6090632e+01		3.7675916e+01		3.6385044e+01		1.2908718e+00
2.6500000e+02		2.6600000e+02		2.6550000e+02		1.7356948e+02		2.2808375e+01		4.8788395e+01		3.9958916e+01		3.8492433e+01		1.4664830e+00
2.6600000e+02		2.6700000e+02		2.6650000e+02		1.6826276e+02		2.2338794e+01		4.7730726e+01		3.9167469e+01		3.7630217e+01		1.5372526e+00
2.6700000e+02		2.6800000e+02		2.6750000e+02		1.6940220e+02		2.2719375e+01		4.8493299e+01		3.9867974e+01		3.8197154e+01		1.6708206e+00
2.6800000e+02		2.6900000e+02		2.6850000e+02		1.6778062e+02		2.2728995e+01		4.8466680e+01		3.9919557e+01		3.8135850e+01		1.7837068e+00
2.6900000e+02		2.7000000e+02		2.6950000e+02		1.5737310e+02		2.1532084e+01		4.5873010e+01		3.7851673e+01		3.6051073e+01		1.8006004e+00
2.7000000e+02		2.7100000e+02		2.7050000e+02		1.8181465e+02		2.5122230e+01		5.3477076e+01		4.4204518e+01		4.1969034e+01		2.2354840e+00
2.7100000e+02		2.7200000e+02		2.7150000e+02		1.5108640e+02		2.1080727e+01		4.4839757e+01		3.7129536e+01		3.5136154e+01		1.9933818e+00
2.7200000e+02		2.7300000e+02		2.7250000e+02		1.2154404e+02		1.7123104e+01		3.6396359e+01		3.0189640e+01		2.8471323e+01		1.7183169e+00
2.7300000e+02		2.7400000e+02		2.7350000e+02		1.2960124e+02		1.8433373e+01		3.9156814e+01		3.2534031e+01		3.0573470e+01		1.9605609e+00
2.7400000e+02		2.7500000e+02		2.7450000e+02		8.9183780e+01		1.2805223e+01		2.7186024e+01		2.2625277e+01		2.1183592e+01		1.4416849e+00
2.7500000e+02		2.7600000e+02		2.7550000e+02		1.1893609e+02		1.7237720e+01		3.6578254e+01		3.0491328e+01		2.8439517e+01		2.0518107e+00
2.7600000e+02		2.7700000e+02		2.7650000e+02		1.6564211e+02		2.4230460e+01		5.1394609e+01		4.2910533e+01		3.9864931e+01		3.0456025e+00
2.7700000e+02		2.7800000e+02		2.7750000e+02		1.5837296e+02		2.3380671e+01		4.9573944e+01		4.1455382e+01		3.8355713e+01		3.0996697e+00
2.7800000e+02		2.7900000e+02		2.7850000e+02		1.0921797e+02		1.6271063e+01		3.4488981e+01		2.8885333e+01		2.6612715e+01		2.2726183e+00
2.7900000e+02		2.8000000e+02		2.7950000e+02		6.1368404e+01		9.2251585e+00		1.9549388e+01		1.6397911e+01		1.5041929e+01		1.3559823e+00
2.8000000e+02		2.8100000e+02		2.8050000e+02		6.7313201e+01		1.0209354e+01		2.1631118e+01		1.8171122e+01		1.6593593e+01		1.5775289e+00
2.8100000e+02		2.8200000e+02		2.8150000e+02		1.3943196e+02		2.1334949e+01		4.5198054e+01		3.8024131e+01		3.4562264e+01		3.4618667e+00
2.8200000e+02		2.8300000e+02		2.8250000e+02		1.8983287e+02		2.9301828e+01		6.2072007e+01		5.2295198e+01		4.7307444e+01		4.9877543e+00
2.8300000e+02		2.8400000e+02		2.8350000e+02		1.9610227e+02		3.0532556e+01		6.4678840e+01		5.4568833e+01		4.9122203e+01		5.4466304e+00
2.8400000e+02		2.8500000e+02		2.8450000e+02		1.4459284e+02		2.2706397e+01		4.8102741e+01		4.0640489e+01		3.6399757e+01		4.2407314e+00
2.8500000e+02		2.8600000e+02		2.8550000e+02		9.2944992e+01		1.4720158e+01		3.1187502e+01		2.6385593e+01		2.3510073e+01		2.8755201e+00
2.8600000e+02		2.8700000e+02		2.8650000e+02		1.9045522e+02		3.0417879e+01		6.4456553e+01		5.4606115e+01		4.8396882e+01		6.2092325e+00
2.8700000e+02		2.8800000e+02		2.8750000e+02		2.2108403e+02		3.5604753e+01		7.5463875e+01		6.4016550e+01		5.6428584e+01		7.5879657e+00
2.8800000e+02		2.8900000e+02		2.8850000e+02		2.1010240e+02		3.4116273e+01		7.2328269e+01		6.1437211e+01		5.3853179e+01		7.5840318e+00
2.8900000e+02		2.9000000e+02		2.8950000e+02		3.1885068e+02		5.2199182e+01		1.1069994e+02		9.4152659e+01		8.2059343e+01		1.2093317e+01
2.9000000e+02		2.9100000e+02		2.9050000e+02		4.1860542e+02		6.9086503e+01		1.4656673e+02		1.2481711e+02		1.0815043e+02		1.6666677e+01
2.9100000e+02		2.9200000e+02		2.9150000e+02		4.0318642e+02		6.7076888e+01		1.4236206e+02		1.2138878e+02		1.0455264e+02		1.6836136e+01
2.9200000e+02		2.9300000e+02		2.9250000e+02		3.5818014e+02		6.0063989e+01		1.2753660e+02		1.0888219e+02		9.3209431e+01		1.5672762e+01
2.9300000e+02		2.9400000e+02		2.9350000e+02		3.7393440e+02		6.3200594e+01		1.3426434e+02		1.1476591e+02		9.7635380e+01		1.7130526e+01
2.9400000e+02		2.9500000e+02		2.9450000e+02		3.4819581e+02		5.9310301e+01		1.2606877e+02		1.0789033e+02		9.1203944e+01		1.6686383e+01
2.9500000e+02		2.9600000e+02		2.9550000e+02		3.7701055e+02		6.4715617e+01		1.3763938e+02		1.1793246e+02		9.9048376e+01		1.8884083e+01
2.9600000e+02		2.9700000e+02		2.9650000e+02		3.4493460e+02		5.9663657e+01		1.2697479e+02		1.0892231e+02		9.0878378e+01		1.8043933e+01
2.9700000e+02		2.9800000e+02		2.9750000e+02		3.5165811e+02		6.1288662e+01		1.3052060e+02		1.1209346e+02		9.2896908e+01		1.9196551e+01
2.9800000e+02		2.9900000e+02		2.9850000e+02		3.0223333e+02		5.3071024e+01		1.1310044e+02		9.7243548e+01		8.0040053e+01		1.7203495e+01
2.9900000e+02		3.0000000e+02		2.9950000e+02		3.4101318e+02		6.0326961e+01		1.2865961e+02		1.1074589e+02		9.0520899e+01		2.0224988e+01
3.0000000e+02		3.0100000e+02		3.0050000e+02		2.7131061e+02		4.8350629e+01		1.0319826e+02		8.8928371e+01		7.2174898e+01		1.6753473e+01
3.0100000e+02		3.0200000e+02		3.0150000e+02		3.1202593e+02		5.6013322e+01		1.1965089e+02		1.0321918e+02		8.3172847e+01		2.0046331e+01
3.0200000e+02		3.0300000e+02		3.0250000e+02		3.2846528e+02		5.9391727e+01		1.2697531e+02		1.0965647e+02		8.7716714e+01		2.1939759e+01
3.0300000e+02		3.0400000e+02		3.0350000e+02		4.2601061e+02		7.7582470e+01		1.6601197e+02		1.4352222e+02		1.1395847e+02		2.9563755e+01
3.0400000e+02		3.0500000e+02		3.0450000e+02		4.0776836e+02		7.4788460e+01		1.6017919e+02		1.3862607e+02		1.0924588e+02		2.9380192e+01
3.0500000e+02		3.0600000e+02		3.0550000e+02		4.1174793e+02		7.6050461e+01		1.6303532e+02		1.4124532e+02		1.1046410e+02		3.0781226e+01
3.0600000e+02		3.0700000e+02		3.0650000e+02		3.9053943e+02		7.2636757e+01		1.5586793e+02		1.3517529e+02		1.0490264e+02		3.0272644e+01
3.0700000e+02		3.0800000e+02		3.0750000e+02		4.3847484e+02		8.2116312e+01		1.7638506e+02		1.5312469e+02		1.1790506e+02		3.5219625e+01
3.0800000e+02		3.0900000e+02		3.0850000e+02		4.3035211e+02		8.1147333e+01		1.7448162e+02		1.5162501e+02		1.1582790e+02		3.5797115e+01
3.0900000e+02		3.1000000e+02		3.0950000e+02		3.4901328e+02		6.6256800e+01		1.4261311e+02		1.2405474e+02		9.4008832e+01		3.0045903e+01
3.1000000e+02		3.1100000e+02		3.1050000e+02		4.3927411e+02		8.3952806e+01		1.8089551e+02		1.5751048e+02		1.1839589e+02		3.9114598e+01
3.1100000e+02		3.1200000e+02		3.1150000e+02		5.2246540e+02		1.0051744e+02		2.1682386e+02		1.8897820e+02		1.4088686e+02		4.8091344e+01
3.1200000e+02		3.1300000e+02		3.1250000e+02		4.6521908e+02		9.0094680e+01		1.9455698e+02		1.6973434e+02		1.2549339e+02		4.4240954e+01
3.1300000e+02		3.1400000e+02		3.1350000e+02		4.9544367e+02		9.6575588e+01		2.0878801e+02		1.8232327e+02		1.3367410e+02		4.8649173e+01
3.1400000e+02		3.1500000e+02		3.1450000e+02		4.6729179e+02		9.1678318e+01		1.9842819e+02		1.7343991e+02		1.2608715e+02		4.7352752e+01
3.1500000e+02		3.1600000e+02		3.1550000e+02		4.5343123e+02		8.9530197e+01		1.9400475e+02		1.6973159e+02		1.2233894e+02		4.7392651e+01
3.1600000e+02		3.1700000e+02		3.1650000e+02		4.4229406e+02		8.7886731e+01		1.9066865e+02		1.6696673e+02		1.1930996e+02		4.7656766e+01
3.1700000e+02		3.1800000e+02		3.1750000e+02		5.6102832e+02		1.1218267e+02		2.4366972e+02		2.1357394e+02		1.5128826e+02		6.2285682e+01
3.1800000e+02		3.1900000e+02		3.1850000e+02		4.6340678e+02		9.3241046e+01		2.0277243e+02		1.7788832e+02		1.2490533e+02		5.2982990e+01
3.1900000e+02		3.2000000e+02		3.1950000e+02		4.9774832e+02		1.0077052e+02		2.1941535e+02		1.9266076e+02		1.3408207e+02		5.8578689e+01
3.2000000e+02		3.2100000e+02		3.2050000e+02		5.7184857e+02		1.1648207e+02		2.5393916e+02		2.2317195e+02		1.5393210e+02		6.9239851e+01
3.2100000e+02		3.2200000e+02		3.2150000e+02		4.8024660e+02		9.8417495e+01		2.1482506e+02		1.8896204e+02		1.2916518e+02		5.9796857e+01
3.2200000e+02		3.2300000e+02		3.2250000e+02		4.8228681e+02		9.9430412e+01		2.1730936e+02		1.9131272e+02		1.2958840e+02		6.1724321e+01
3.2300000e+02		3.2400000e+02		3.2350000e+02		4.6607071e+02		9.6660179e+01		2.1152296e+02		1.8637808e+02		1.2509486e+02		6.1283218e+01
3.2400000e+02		3.2500000e+02		3.2450000e+02		5.4882129e+02		1.1449459e+02		2.5087038e+02		2.2123551e+02		1.4712745e+02		7.4108058e+01
3.2500000e+02		3.2600000e+02		3.2550000e+02		6.3196128e+02		1.3261090e+02		2.9093875e+02		2.5678603e+02		1.6919100e+02		8.7595027e+01
3.2600000e+02		3.2700000e+02		3.2650000e+02		7.1301257e+02		1.5048646e+02		3.3058316e+02		2.9201909e+02		1.9061529e+02		1.0140380e+02
3.2700000e+02		3.2800000e+02		3.2750000e+02		6.8984049e+02		1.4643245e+02		3.2209525e+02		2.8475535e+02		1.8413380e+02		1.0062155e+02
3.2800000e+02		3.2900000e+02		3.2850000e+02		6.6596082e+02		1.4216833e+02		3.1312370e+02		2.7704926e+02		1.7746352e+02		9.9585743e+01
3.2900000e+02		3.3000000e+02		3.2950000e+02		7.7527139e+02		1.6643736e+02		3.6705576e+02		3.2502970e+02		2.0622523e+02		1.1880447e+02
3.3000000e+02		3.3100000e+02		3.3050000e+02		7.3029799e+02		1.5765857e+02		3.4815185e+02		3.0853623e+02		1.9389590e+02		1.1464033e+02
3.3100000e+02		3.3200000e+02		3.3150000e+02		6.9881652e+02		1.5169763e+02		3.3542952e+02		2.9749643e+02		1.8516791e+02		1.1232851e+02
3.3200000e+02		3.3300000e+02		3.3250000e+02		6.8562051e+02		1.4964959e+02		3.3133745e+02		2.9409701e+02		1.8129039e+02		1.1280662e+02
3.3300000e+02		3.3400000e+02		3.3350000e+02		6.5878216e+02		1.4457319e+02		3.2052076e+02		2.8471641e+02		1.7381061e+02		1.1090580e+02
3.3400000e+02		3.3500000e+02		3.3450000e+02		6.9405546e+02		1.5313435e+02		3.3995000e+02		3.0220687e+02		1.8269555e+02		1.1951132e+02
3.3500000e+02		3.3600000e+02		3.3550000e+02		6.8541663e+02		1.5203518e+02		3.3795658e+02		3.0066290e+02		1.7998832e+02		1.2067458e+02
3.3600000e+02		3.3700000e+02		3.3650000e+02		5.6469084e+02		1.2591860e+02		2.8027295e+02		2.4953217e+02		1.4791547e+02		1.0161670e+02
3.3700000e+02		3.3800000e+02		3.3750000e+02		5.9573781e+02		1.3353739e+02		2.9762439e+02		2.6517776e+02		1.5564287e+02		1.0953489e+02
3.3800000e+02		3.3900000e+02		3.3850000e+02		6.4448401e+02		1.4521365e+02		3.2407617e+02		2.8895865e+02		1.6792529e+02		1.2103336e+02
3.3900000e+02		3.4000000e+02		3.3950000e+02		6.7448220e+02		1.5275401e+02		3.4135454e+02		3.0458688e+02		1.7525233e+02		1.2933454e+02
3.4000000e+02		3.4100000e+02		3.4050000e+02		7.1196374e+02		1.6206388e+02		3.6263682e+02		3.2381071e+02		1.8445935e+02		1.3935136e+02
3.4100000e+02		3.4200000e+02		3.4150000e+02		6.4984945e+02		1.4867122e+02		3.3310733e+02		2.9765571e+02		1.6786720e+02		1.2978852e+02
3.4200000e+02		3.4300000e+02		3.4250000e+02		7.0477558e+02		1.6204310e+02		3.6354505e+02		3.2508428e+02		1.8149962e+02		1.4358466e+02
3.4300000e+02		3.4400000e+02		3.4350000e+02		6.9264465e+02		1.6004262e+02		3.5952772e+02		3.2171757e+02		1.7781538e+02		1.4390219e+02
3.4400000e+02		3.4500000e+02		3.4450000e+02		5.5710877e+02		1.2935724e+02		2.9097449e+02		2.6055476e+02		1.4255933e+02		1.1799543e+02
3.4500000e+02		3.4600000e+02		3.4550000e+02		6.7138909e+02		1.5665016e+02		3.5282615e+02		3.1615759e+02		1.7123409e+02		1.4492349e+02
3.4600000e+02		3.4700000e+02		3.4650000e+02		6.5194093e+02		1.5284493e+02		3.4470281e+02		3.0908895e+02		1.6570998e+02		1.4337897e+02
3.4700000e+02		3.4800000e+02		3.4750000e+02		6.4525828e+02		1.5199987e+02		3.4324071e+02		3.0798558e+02		1.6344185e+02		1.4454373e+02
3.4800000e+02		3.4900000e+02		3.4850000e+02		6.6761091e+02		1.5800858e+02		3.5726941e+02		3.2078753e+02		1.6850306e+02		1.5228447e+02
3.4900000e+02		3.5000000e+02		3.4950000e+02		6.3989005e+02		1.5215671e+02		3.4447962e+02		3.0950837e+02		1.6092016e+02		1.4858820e+02
3.5000000e+02		3.5100000e+02		3.5050000e+02		7.6650484e+02		1.8310923e+02		4.1508541e+02		3.7319062e+02		1.9204696e+02		1.8114367e+02
3.5100000e+02		3.5200000e+02		3.5150000e+02		7.1211510e+02		1.7089776e+02		3.8789644e+02		3.4897206e+02		1.7774502e+02		1.7122704e+02
3.5200000e+02		3.5300000e+02		3.5250000e+02		6.5785102e+02		1.5859371e+02		3.6042497e+02		3.2446554e+02		1.6356764e+02		1.6089789e+02
3.5300000e+02		3.5400000e+02		3.5350000e+02		7.5263834e+02		1.8226301e+02		4.1473826e+02		3.7359745e+02		1.8640059e+02		1.8719687e+02
3.5400000e+02		3.5500000e+02		3.5450000e+02		8.0329241e+02		1.9539856e+02		4.4518514e+02		4.0127661e+02		1.9815032e+02		2.0312629e+02
3.5500000e+02		3.5600000e+02		3.5550000e+02		7.5433512e+02		1.8430172e+02		4.2042582e+02		3.7919557e+02		1.8531700e+02		1.9387858e+02
3.5600000e+02		3.5700000e+02		3.5650000e+02		6.5576441e+02		1.6092084e+02		3.6754443e+02		3.3170479e+02		1.6043489e+02		1.7126990e+02
3.5700000e+02		3.5800000e+02		3.5750000e+02		5.7307986e+02		1.4124112e+02		3.2299296e+02		2.9167576e+02		1.3961657e+02		1.5205919e+02
3.5800000e+02		3.5900000e+02		3.5850000e+02		4.9194729e+02		1.2176669e+02		2.7879913e+02		2.5191931e+02		1.1933905e+02		1.3258026e+02
3.5900000e+02		3.6000000e+02		3.5950000e+02		7.1030971e+02		1.7656476e+02		4.0475724e+02		3.6595258e+02		1.7156386e+02		1.9438872e+02
3.6000000e+02		3.6100000e+02		3.6050000e+02		7.0092701e+02		1.7496778e+02		4.0158074e+02		3.6329602e+02		1.6855334e+02		1.9474268e+02
3.6100000e+02		3.6200000e+02		3.6150000e+02		6.5110481e+02		1.6321045e+02		3.7504505e+02		3.3948941e+02		1.5587445e+02		1.8361496e+02
3.6200000e+02		3.6300000e+02		3.6250000e+02		7.3500056e+02		1.8500328e+02		4.2562977e+02		3.8550258e+02		1.7516392e+02		2.1033866e+02
3.6300000e+02		3.6400000e+02		3.6350000e+02		7.1558904e+02		1.8085612e+02		4.1658078e+02		3.7752395e+02		1.6975698e+02		2.0776697e+02
3.6400000e+02		3.6500000e+02		3.6450000e+02		7.4837927e+02		1.8991194e+02		4.3795354e+02		3.9711913e+02		1.7671247e+02		2.2040667e+02
3.6500000e+02		3.6600000e+02		3.6550000e+02		8.5179486e+02		2.1702507e+02		5.0106222e+02		4.5460003e+02		2.0018750e+02		2.5441253e+02
3.6600000e+02		3.6700000e+02		3.6650000e+02		9.1042532e+02		2.3288798e+02		5.3830824e+02		4.8866521e+02		2.1295030e+02		2.7571490e+02
3.6700000e+02		3.6800000e+02		3.6750000e+02		8.7909512e+02		2.2576162e+02		5.2243521e+02		4.7451833e+02		2.0463400e+02		2.6988433e+02
3.6800000e+02		3.6900000e+02		3.6850000e+02		8.1047729e+02		2.0895386e+02		4.8409123e+02		4.3993197e+02		1.8774451e+02		2.5218746e+02
3.6900000e+02		3.7000000e+02		3.6950000e+02		8.9967825e+02		2.3284987e+02		5.4006171e+02		4.9106286e+02		2.0738391e+02		2.8367895e+02
3.7000000e+02		3.7100000e+02		3.7050000e+02		8.4427990e+02		2.1935045e+02		5.0932214e+02		4.6336078e+02		1.9364804e+02		2.6971274e+02
3.7100000e+02		3.7200000e+02		3.7150000e+02		8.7164560e+02		2.2732100e+02		5.2841633e+02		4.8098733e+02		1.9892222e+02		2.8206510e+02
3.7200000e+02		3.7300000e+02		3.7250000e+02		7.2411383e+02		1.8955634e+02		4.4111687e+02		4.0173478e+02		1.6441643e+02		2.3731835e+02
3.7300000e+02		3.7400000e+02		3.7350000e+02		6.3155746e+02		1.6594368e+02		3.8659008e+02		3.5225935e+02		1.4266750e+02		2.0959186e+02
3.7400000e+02		3.7500000e+02		3.7450000e+02		6.4642322e+02		1.7047699e+02		3.9758170e+02		3.6246160e+02		1.4527206e+02		2.1718954e+02
3.7500000e+02		3.7600000e+02		3.7550000e+02		7.4036161e+02		1.9596498e+02		4.5751532e+02		4.1731385e+02		1.6551663e+02		2.5179721e+02
3.7600000e+02		3.7700000e+02		3.7650000e+02		7.6758018e+02		2.0390551e+02		4.7656117e+02		4.3490570e+02		1.7070025e+02		2.6420544e+02
3.7700000e+02		3.7800000e+02		3.7750000e+02		9.0048278e+02		2.4006912e+02		5.6167413e+02		5.1283534e+02		1.9919524e+02		3.1364010e+02
3.7800000e+02		3.7900000e+02		3.7850000e+02		9.3786543e+02		2.5092403e+02		5.8768516e+02		5.3685021e+02		2.0635646e+02		3.3049375e+02
3.7900000e+02		3.8000000e+02		3.7950000e+02		7.6051322e+02		2.0419008e+02		4.7872638e+02		4.3753064e+02		1.6643306e+02		2.7109758e+02
3.8000000e+02		3.8100000e+02		3.8050000e+02		8.2814537e+02		2.2312386e+02		5.2365459e+02		4.7882473e+02		1.8025045e+02		2.9857428e+02
3.8100000e+02		3.8200000e+02		3.8150000e+02		7.4366886e+02		2.0105560e+02		4.7234262e+02		4.3211288e+02		1.6097869e+02		2.7113419e+02
3.8200000e+02		3.8300000e+02		3.8250000e+02		5.3336093e+02		1.4469069e+02		3.4026678e+02		3.1143393e+02		1.1481839e+02		1.9661554e+02
3.8300000e+02		3.8400000e+02		3.8350000e+02		4.7073026e+02		1.2813275e+02		3.0162894e+02		2.7619994e+02		1.0077357e+02		1.7542637e+02
3.8400000e+02		3.8500000e+02		3.8450000e+02		6.2969557e+02		1.7197814e+02		4.0524339e+02		3.7125185e+02		1.3405180e+02		2.3720005e+02
3.8500000e+02		3.8600000e+02		3.8550000e+02		6.6694888e+02		1.8275776e+02		4.3106648e+02		3.9509088e+02		1.4118403e+02		2.5390685e+02
3.8600000e+02		3.8700000e+02		3.8650000e+02		6.6977732e+02		1.8413680e+02		4.3474109e+02		3.9864054e+02		1.4098030e+02		2.5766024e+02
3.8700000e+02		3.8800000e+02		3.8750000e+02		6.6902499e+02		1.8452945e+02		4.3608727e+02		4.0005544e+02		1.4001984e+02		2.6003561e+02
3.8800000e+02		3.8900000e+02		3.8850000e+02		6.7841027e+02		1.8772210e+02		4.4405495e+02		4.0754680e+02		1.4117034e+02		2.6637645e+02
3.8900000e+02		3.9000000e+02		3.8950000e+02		8.1451188e+02		2.2610316e+02		5.3534961e+02		4.9155293e+02		1.6851450e+02		3.2303843e+02
3.9000000e+02		3.9100000e+02		3.9050000e+02		8.5560997e+02		2.3826376e+02		5.6466954e+02		5.1870115e+02		1.7599073e+02		3.4271043e+02
3.9100000e+02		3.9200000e+02		3.9150000e+02		9.2006232e+02		2.5701540e+02		6.0967312e+02		5.6028373e+02		1.8814423e+02		3.7213950e+02
3.9200000e+02		3.9300000e+02		3.9250000e+02		7.0614281e+02		1.9787054e+02		4.6980387e+02		4.3193036e+02		1.4355287e+02		2.8837750e+02
3.9300000e+02		3.9400000e+02		3.9350000e+02		4.3291589e+02		1.2168188e+02		2.8917112e+02		2.6597226e+02		8.7489269e+01		1.7848299e+02
3.9400000e+02		3.9500000e+02		3.9450000e+02		7.1565803e+02		2.0176642e+02		4.7991852e+02		4.4160230e+02		1.4377233e+02		2.9782997e+02
3.9500000e+02		3.9600000e+02		3.9550000e+02		8.7888136e+02		2.4853174e+02		5.9167903e+02		5.4466631e+02		1.7551143e+02		3.6915488e+02
3.9600000e+02		3.9700000e+02		3.9650000e+02		6.0712893e+02		1.7219805e+02		4.1031210e+02		3.7786558e+02		1.2051710e+02		2.5734848e+02
3.9700000e+02		3.9800000e+02		3.9750000e+02		6.8053003e+02		1.9358773e+02		4.6168082e+02		4.2534533e+02		1.3427498e+02		2.9107035e+02
3.9800000e+02		3.9900000e+02		3.9850000e+02		1.0480559e+03		2.9901011e+02		7.1371351e+02		6.5780744e+02		2.0554178e+02		4.5226565e+02
3.9900000e+02		4.0000000e+02		3.9950000e+02		1.1577145e+03		3.3125434e+02		7.9135221e+02		7.2965556e+02		2.2566960e+02		5.0398596e+02
4.0000000e+02		4.0100000e+02		4.0050000e+02		1.1939713e+03		3.4261041e+02		8.1917216e+02		7.5560479e+02		2.3131817e+02		5.2428662e+02
4.0100000e+02		4.0200000e+02		4.0150000e+02		1.2509583e+03		3.5998473e+02		8.6143259e+02		7.9489634e+02		2.4087493e+02		5.5402141e+02
4.0200000e+02		4.0300000e+02		4.0250000e+02		1.2664199e+03		3.6546152e+02		8.7526128e+02		8.0796928e+02		2.4235294e+02		5.6561634e+02
4.0300000e+02		4.0400000e+02		4.0350000e+02		1.2115903e+03		3.5061513e+02		8.4039178e+02		7.7607758e+02		2.3042910e+02		5.4564849e+02
4.0400000e+02		4.0500000e+02		4.0450000e+02		1.1914959e+03		3.4575358e+02		8.2940990e+02		7.6622630e+02		2.2520316e+02		5.4102314e+02
4.0500000e+02		4.0600000e+02		4.0550000e+02		1.1904731e+03		3.4640284e+02		8.3163294e+02		7.6856805e+02		2.2361020e+02		5.4495784e+02
4.0600000e+02		4.0700000e+02		4.0650000e+02		1.1388815e+03		3.3228956e+02		7.9838244e+02		7.3811282e+02		2.1258402e+02		5.2552880e+02
4.0700000e+02		4.0800000e+02		4.0750000e+02		1.1575323e+03		3.3863844e+02		8.1427471e+02		7.5308187e+02		2.1471156e+02		5.3837031e+02
4.0800000e+02		4.0900000e+02		4.0850000e+02		1.2307397e+03		3.6101321e+02		8.6874959e+02		8.0375500e+02		2.2685544e+02		5.7689956e+02
4.0900000e+02		4.1000000e+02		4.0950000e+02		1.2243097e+03		3.6007322e+02		8.6715273e+02		8.0256622e+02		2.2424648e+02		5.7831974e+02
4.1000000e+02		4.1100000e+02		4.1050000e+02		1.1216634e+03		3.3074534e+02		7.9712828e+02		7.3801994e+02		2.0414520e+02		5.3387474e+02
4.1100000e+02		4.1200000e+02		4.1150000e+02		1.3003372e+03		3.8442173e+02		9.2718973e+02		8.5873961e+02		2.3516141e+02		6.2357820e+02
4.1200000e+02		4.1300000e+02		4.1250000e+02		1.2760342e+03		3.7820235e+02		9.1286726e+02		8.4576935e+02		2.2929639e+02		6.1647297e+02
4.1300000e+02		4.1400000e+02		4.1350000e+02		1.2308584e+03		3.6573733e+02		8.8342964e+02		8.1877797e+02		2.1976545e+02		5.9901252e+02
4.1400000e+02		4.1500000e+02		4.1450000e+02		1.2488872e+03		3.7202585e+02		8.9927319e+02		8.3374676e+02		2.2155563e+02		6.1219113e+02
4.1500000e+02		4.1600000e+02		4.1550000e+02		1.2477523e+03		3.7261171e+02		9.0133762e+02		8.3594329e+02		2.1993193e+02		6.1601136e+02
4.1600000e+02		4.1700000e+02		4.1650000e+02		1.2947363e+03		3.8759423e+02		9.3824746e+02		8.7046640e+02		2.2674295e+02		6.4372345e+02
4.1700000e+02		4.1800000e+02		4.1750000e+02		1.1781342e+03		3.5354794e+02		8.5643457e+02		7.9482698e+02		2.0498981e+02		5.8983717e+02
4.1800000e+02		4.1900000e+02		4.1850000e+02		1.2217101e+03		3.6750997e+02		8.9087645e+02		8.2706227e+02		2.1119488e+02		6.1586739e+02
4.1900000e+02		4.2000000e+02		4.1950000e+02		1.2338424e+03		3.7204715e+02		9.0249655e+02		8.3812180e+02		2.1190709e+02		6.2621471e+02
4.2000000e+02		4.2100000e+02		4.2050000e+02		1.2494927e+03		3.7765859e+02		9.1673312e+02		8.5161620e+02		2.1319804e+02		6.3841816e+02
4.2100000e+02		4.2200000e+02		4.2150000e+02		1.2299982e+03		3.7263839e+02		9.0515703e+02		8.4112956e+02		2.0850232e+02		6.3262724e+02
4.2200000e+02		4.2300000e+02		4.2250000e+02		1.1657134e+03		3.5398317e+02		8.6041614e+02		7.9980492e+02		1.9631280e+02		6.0349213e+02
4.2300000e+02		4.2400000e+02		4.2350000e+02		1.2419943e+03		3.7801449e+02		9.1943460e+02		8.5493190e+02		2.0778801e+02		6.4714389e+02
4.2400000e+02		4.2500000e+02		4.2450000e+02		1.2850442e+03		3.9200836e+02		9.5409384e+02		8.8743292e+02		2.1357816e+02		6.7385476e+02
4.2500000e+02		4.2600000e+02		4.2550000e+02		1.2367256e+03		3.7811992e+02		9.2088540e+02		8.5680586e+02		2.0419449e+02		6.5261136e+02
4.2600000e+02		4.2700000e+02		4.2650000e+02		1.2316584e+03		3.7741227e+02		9.1974890e+02		8.5600667e+02		2.0201660e+02		6.5399007e+02
4.2700000e+02		4.2800000e+02		4.2750000e+02		1.1420512e+03		3.5072889e+02		8.5526169e+02		7.9622642e+02		1.8608135e+02		6.1014507e+02
4.2800000e+02		4.2900000e+02		4.2850000e+02		1.1495483e+03		3.5380520e+02		8.6330233e+02		8.0394963e+02		1.8606278e+02		6.1788685e+02
4.2900000e+02		4.3000000e+02		4.2950000e+02		1.0698649e+03		3.2999535e+02		8.0570265e+02		7.5052950e+02		1.7201684e+02		5.7851266e+02
4.3000000e+02		4.3100000e+02		4.3050000e+02		8.6065012e+02		2.6603476e+02		6.4993616e+02		6.0560495e+02		1.3745903e+02		4.6814592e+02
4.3100000e+02		4.3200000e+02		4.3150000e+02		1.0641754e+03		3.2964682e+02		8.0583042e+02		7.5108110e+02		1.6883385e+02		5.8224725e+02
4.3200000e+02		4.3300000e+02		4.3250000e+02		1.1990384e+03		3.7220640e+02		9.1041246e+02		8.4879841e+02		1.8896191e+02		6.5983650e+02
4.3300000e+02		4.3400000e+02		4.3350000e+02		1.3017454e+03		4.0493294e+02		9.9104693e+02		9.2423521e+02		2.0377807e+02		7.2045714e+02
4.3400000e+02		4.3500000e+02		4.3450000e+02		1.1054356e+03		3.4457846e+02		8.4382658e+02		7.8715847e+02		1.7188999e+02		6.1526848e+02
4.3500000e+02		4.3600000e+02		4.3550000e+02		1.2347447e+03		3.8567448e+02		9.4501163e+02		8.8179081e+02		1.9071098e+02		6.9107983e+02
4.3600000e+02		4.3700000e+02		4.3650000e+02		1.3814970e+03		4.3238858e+02		1.0600807e+03		9.8943109e+02		2.1194623e+02		7.7748486e+02
4.3700000e+02		4.3800000e+02		4.3750000e+02		1.2223713e+03		3.8335359e+02		9.4039423e+02		8.7795776e+02		1.8627393e+02		6.9168384e+02
4.3800000e+02		4.3900000e+02		4.3850000e+02		1.1905029e+03		3.7410252e+02		9.1821441e+02		8.5747921e+02		1.8019746e+02		6.7728176e+02
4.3900000e+02		4.4000000e+02		4.3950000e+02		1.3250738e+03		4.1721103e+02		1.0245889e+03		9.5707019e+02		1.9921581e+02		7.5785438e+02
4.4000000e+02		4.4100000e+02		4.4050000e+02		1.2562739e+03		3.9632131e+02		9.7382081e+02		9.0988537e+02		1.8759877e+02		7.2228660e+02
4.4100000e+02		4.4200000e+02		4.4150000e+02		1.3817384e+03		4.3674526e+02		1.0737298e+03		1.0034944e+03		2.0494150e+02		7.9855293e+02
4.4200000e+02		4.4300000e+02		4.4250000e+02		1.4526378e+03		4.6003513e+02		1.1315934e+03		1.0578438e+03		2.1400134e+02		8.4384247e+02
4.4300000e+02		4.4400000e+02		4.4350000e+02		1.4050936e+03		4.4582280e+02		1.0972150e+03		1.0259660e+03		2.0559677e+02		8.2036920e+02
4.4400000e+02		4.4500000e+02		4.4450000e+02		1.4475318e+03		4.6015131e+02		1.1330725e+03		1.0597608e+03		2.1037199e+02		8.4938876e+02
4.4500000e+02		4.4600000e+02		4.4550000e+02		1.3420773e+03		4.2742295e+02		1.0530280e+03		9.8513992e+02		1.9372388e+02		7.9141604e+02
4.4600000e+02		4.4700000e+02		4.4650000e+02		1.3689269e+03		4.3677788e+02		1.0766272e+03		1.0074653e+03		1.9625868e+02		8.1120660e+02
4.4700000e+02		4.4800000e+02		4.4750000e+02		1.4837056e+03		4.7426445e+02		1.1696219e+03		1.0947524e+03		2.1126941e+02		8.8348294e+02
4.4800000e+02		4.4900000e+02		4.4850000e+02		1.4587166e+03		4.6712026e+02		1.1525809e+03		1.0790620e+03		2.0629917e+02		8.7276285e+02
4.4900000e+02		4.5000000e+02		4.4950000e+02		1.4737837e+03		4.7279079e+02		1.1671513e+03		1.0929636e+03		2.0701199e+02		8.8595156e+02
4.5000000e+02		4.5100000e+02		4.5050000e+02		1.5636828e+03		5.0252078e+02		1.2411528e+03		1.1625356e+03		2.1814399e+02		9.4439163e+02
4.5100000e+02		4.5200000e+02		4.5150000e+02		1.5589734e+03		5.0188807e+02		1.2401918e+03		1.1619069e+03		2.1600504e+02		9.4590189e+02
4.5200000e+02		4.5300000e+02		4.5250000e+02		1.4757889e+03		4.7593536e+02		1.1766260e+03		1.1026086e+03		2.0308501e+02		8.9952355e+02
4.5300000e+02		4.5400000e+02		4.5350000e+02		1.4141855e+03		4.5685516e+02		1.1299916e+03		1.0591502e+03		1.9327978e+02		8.6587042e+02
4.5400000e+02		4.5500000e+02		4.5450000e+02		1.5096596e+03		4.8853144e+02		1.2089078e+03		1.1333758e+03		2.0491963e+02		9.2845616e+02
4.5500000e+02		4.5600000e+02		4.5550000e+02		1.4952815e+03		4.8469748e+02		1.1999778e+03		1.1252561e+03		2.0158127e+02		9.2367485e+02
4.5600000e+02		4.5700000e+02		4.5650000e+02		1.5527317e+03		5.0416374e+02		1.2487446e+03		1.1712464e+03		2.0789527e+02		9.6335109e+02
4.5700000e+02		4.5800000e+02		4.5750000e+02		1.5677329e+03		5.0987976e+02		1.2634766e+03		1.1853247e+03		2.0846810e+02		9.7685657e+02
4.5800000e+02		4.5900000e+02		4.5850000e+02		1.4734199e+03		4.7999415e+02		1.1899553e+03		1.1165940e+03		1.9458614e+02		9.2200790e+02
4.5900000e+02		4.6000000e+02		4.5950000e+02		1.5222067e+03		4.9669527e+02		1.2319069e+03		1.1562084e+03		1.9965280e+02		9.5655563e+02
4.6000000e+02		4.6100000e+02		4.6050000e+02		1.5039223e+03		4.9152104e+02		1.2196102e+03		1.1449116e+03		1.9590354e+02		9.4900806e+02
4.6100000e+02		4.6200000e+02		4.6150000e+02		1.5386000e+03		5.0365850e+02		1.2502709e+03		1.1739423e+03		1.9904739e+02		9.7489491e+02
4.6200000e+02		4.6300000e+02		4.6250000e+02		1.5538294e+03		5.0944931e+02		1.2651905e+03		1.1881994e+03		1.9963967e+02		9.8855978e+02
4.6300000e+02		4.6400000e+02		4.6350000e+02		1.5018384e+03		4.9317561e+02		1.2252974e+03		1.1509722e+03		1.9163658e+02		9.5933560e+02
4.6400000e+02		4.6500000e+02		4.6450000e+02		1.5281564e+03		5.0259774e+02		1.2492329e+03		1.1736963e+03		1.9365725e+02		9.8003910e+02
4.6500000e+02		4.6600000e+02		4.6550000e+02		1.4760608e+03		4.8621124e+02		1.2090072e+03		1.1361334e+03		1.8577192e+02		9.5036152e+02
4.6600000e+02		4.6700000e+02		4.6650000e+02		1.4854121e+03		4.9003766e+02		1.2190244e+03		1.1457770e+03		1.8566578e+02		9.6011125e+02
4.6700000e+02		4.6800000e+02		4.6750000e+02		1.4997486e+03		4.9551467e+02		1.2331520e+03		1.1592863e+03		1.8617089e+02		9.7311539e+02
4.6800000e+02		4.6900000e+02		4.6850000e+02		1.4665907e+03		4.8528447e+02		1.2081803e+03		1.1360340e+03		1.8080483e+02		9.5522919e+02
4.6900000e+02		4.7000000e+02		4.6950000e+02		1.5086728e+03		4.9994918e+02		1.2451870e+03		1.1710592e+03		1.8471553e+02		9.8634368e+02
4.7000000e+02		4.7100000e+02		4.7050000e+02		1.4256243e+03		4.7312208e+02		1.1788362e+03		1.1088724e+03		1.7334856e+02		9.3552381e+02
4.7100000e+02		4.7200000e+02		4.7150000e+02		1.4904926e+03		4.9536958e+02		1.2347506e+03		1.1616903e+03		1.7999125e+02		9.8169905e+02
4.7200000e+02		4.7300000e+02		4.7250000e+02		1.5269264e+03		5.0820987e+02		1.2672458e+03		1.1924885e+03		1.8312422e+02		1.0093643e+03
4.7300000e+02		4.7400000e+02		4.7350000e+02		1.4995420e+03		4.9980809e+02		1.2467723e+03		1.1734426e+03		1.7860442e+02		9.9483814e+02
4.7400000e+02		4.7500000e+02		4.7450000e+02		1.5448084e+03		5.1562403e+02		1.2867119e+03		1.2112578e+03		1.8273171e+02		1.0285261e+03
4.7500000e+02		4.7600000e+02		4.7550000e+02		1.5413846e+03		5.1520221e+02		1.2861406e+03		1.2109425e+03		1.8107395e+02		1.0298685e+03
4.7600000e+02		4.7700000e+02		4.7650000e+02		1.4853490e+03		4.9716177e+02		1.2415646e+03		1.1691854e+03		1.7329224e+02		9.9589311e+02
4.7700000e+02		4.7800000e+02		4.7750000e+02		1.5508368e+03		5.1979517e+02		1.2985628e+03		1.2230810e+03		1.7968939e+02		1.0433917e+03
4.7800000e+02		4.7900000e+02		4.7850000e+02		1.5358791e+03		5.1548325e+02		1.2882576e+03		1.2135913e+03		1.7673363e+02		1.0368577e+03
4.7900000e+02		4.8000000e+02		4.7950000e+02		1.5403519e+03		5.1768237e+02		1.2942177e+03		1.2194213e+03		1.7603059e+02		1.0433907e+03
4.8000000e+02		4.8100000e+02		4.8050000e+02		1.5442750e+03		5.1969500e+02		1.2997105e+03		1.2248108e+03		1.7526659e+02		1.0495442e+03
4.8100000e+02		4.8200000e+02		4.8150000e+02		1.5475498e+03		5.2148718e+02		1.3046506e+03		1.2296792e+03		1.7443184e+02		1.0552474e+03
4.8200000e+02		4.8300000e+02		4.8250000e+02		1.5416562e+03		5.2018320e+02		1.3018406e+03		1.2272411e+03		1.7257412e+02		1.0546670e+03
4.8300000e+02		4.8400000e+02		4.8350000e+02		1.5183412e+03		5.1298267e+02		1.2842616e+03		1.2108751e+03		1.6879710e+02		1.0420780e+03
4.8400000e+02		4.8500000e+02		4.8450000e+02		1.4920771e+03		5.0475880e+02		1.2641030e+03		1.1920688e+03		1.6473840e+02		1.0273304e+03
4.8500000e+02		4.8600000e+02		4.8550000e+02		1.4021236e+03		4.7493382e+02		1.1898107e+03		1.1221968e+03		1.5374409e+02		9.6845272e+02
4.8600000e+02		4.8700000e+02		4.8650000e+02		1.2173217e+03		4.1285849e+02		1.0346433e+03		9.7600814e+02		1.3256433e+02		8.4344381e+02
4.8700000e+02		4.8800000e+02		4.8750000e+02		1.3927585e+03		4.7295049e+02		1.1856275e+03		1.1186185e+03		1.5062845e+02		9.6799000e+02
4.8800000e+02		4.8900000e+02		4.8850000e+02		1.4651201e+03		4.9814078e+02		1.2491838e+03		1.1787733e+03		1.5736750e+02		1.0214058e+03
4.8900000e+02		4.9000000e+02		4.8950000e+02		1.4372192e+03		4.8925575e+02		1.2272989e+03		1.1583075e+03		1.5331203e+02		1.0049955e+03
4.9000000e+02		4.9100000e+02		4.9050000e+02		1.5307557e+03		5.2173261e+02		1.3091852e+03		1.2357867e+03		1.6217032e+02		1.0736164e+03
4.9100000e+02		4.9200000e+02		4.9150000e+02		1.4425606e+03		4.9226672e+02		1.2356369e+03		1.1665450e+03		1.5177937e+02		1.0147657e+03
4.9200000e+02		4.9300000e+02		4.9250000e+02		1.3729411e+03		4.6907019e+02		1.1777797e+03		1.1120960e+03		1.4346459e+02		9.6863141e+02
4.9300000e+02		4.9400000e+02		4.9350000e+02		1.4509629e+03		4.9631455e+02		1.2465729e+03		1.1772340e+03		1.5057895e+02		1.0266551e+03
4.9400000e+02		4.9500000e+02		4.9450000e+02		1.4929449e+03		5.1127498e+02		1.2845419e+03		1.2132761e+03		1.5387496e+02		1.0594012e+03
4.9500000e+02		4.9600000e+02		4.9550000e+02		1.4663156e+03		5.0274022e+02		1.2634819e+03		1.1935649e+03		1.5009594e+02		1.0434690e+03
4.9600000e+02		4.9700000e+02		4.9650000e+02		1.4846220e+03		5.0960406e+02		1.2811163e+03		1.2104047e+03		1.5093009e+02		1.0594746e+03
4.9700000e+02		4.9800000e+02		4.9750000e+02		1.5123203e+03		5.1970514e+02		1.3068979e+03		1.2349464e+03		1.5269451e+02		1.0822519e+03
4.9800000e+02		4.9900000e+02		4.9850000e+02		1.3744029e+03		4.7284525e+02		1.1894093e+03		1.1240911e+03		1.3782075e+02		9.8627039e+02
4.9900000e+02		5.0000000e+02		4.9950000e+02		1.4721832e+03		5.0705386e+02		1.2758297e+03		1.2059410e+03		1.4661711e+02		1.0593239e+03
