Left Bin Edge (nm)	Right Bin Edge (nm)	Bin Center (nm)		Top of Atm Intensity (erg/s/nm/cm2)		Total Surface Flux (erg/s/nm/cm2)		Total Intensity at BOA (erg/s/nm/cm2)		Total Surface Intensity (erg/s/nm/cm2)		Total Surface Diffuse Intensity (erg/s/nm/cm2)		Total Surface Direct Intensity (erg/s/nm/cm2)
1.0000000e+02		1.0100000e+02		1.0050000e+02		4.4569042e-02		2.4525374e-199		0.0000000e+00		4.2479194e-199		4.2479194e-199		0.0000000e+00
1.0100000e+02		1.0200000e+02		1.0150000e+02		1.7387199e-01		2.8780738e-197		0.0000000e+00		4.9849701e-197		4.9849701e-197		0.0000000e+00
1.0200000e+02		1.0300000e+02		1.0250000e+02		9.2286085e-01		3.0760917e-195		0.0000000e+00		5.3279472e-195		5.3279472e-195		0.0000000e+00
1.0300000e+02		1.0400000e+02		1.0350000e+02		7.0094286e-01		3.0025220e-193		0.0000000e+00		5.2005206e-193		5.2005206e-193		0.0000000e+00
1.0400000e+02		1.0500000e+02		1.0450000e+02		1.4124828e-01		2.6834656e-191		0.0000000e+00		4.6478987e-191		4.6478987e-191		0.0000000e+00
1.0500000e+02		1.0600000e+02		1.0550000e+02		4.8389941e-02		2.2015023e-189		0.0000000e+00		3.8131138e-189		3.8131138e-189		0.0000000e+00
1.0600000e+02		1.0700000e+02		1.0650000e+02		4.5487167e-02		1.6619000e-187		0.0000000e+00		2.8784952e-187		2.8784952e-187		0.0000000e+00
1.0700000e+02		1.0800000e+02		1.0750000e+02		5.0757295e-02		1.1570804e-185		0.0000000e+00		2.0041220e-185		2.0041220e-185		0.0000000e+00
1.0800000e+02		1.0900000e+02		1.0850000e+02		7.1152114e-02		7.4467736e-184		0.0000000e+00		1.2898190e-183		1.2898190e-183		0.0000000e+00
1.0900000e+02		1.1000000e+02		1.0950000e+02		5.5817450e-02		4.4397242e-182		0.0000000e+00		7.6898278e-182		7.6898278e-182		0.0000000e+00
1.1000000e+02		1.1100000e+02		1.1050000e+02		5.4043772e-02		2.4571448e-180		0.0000000e+00		4.2558997e-180		4.2558997e-180		0.0000000e+00
1.1100000e+02		1.1200000e+02		1.1150000e+02		5.0797691e-02		1.2649211e-178		0.0000000e+00		2.1909077e-178		2.1909077e-178		0.0000000e+00
1.1200000e+02		1.1300000e+02		1.1250000e+02		5.1969037e-02		6.0686756e-177		0.0000000e+00		1.0511255e-176		1.0511255e-176		0.0000000e+00
1.1300000e+02		1.1400000e+02		1.1350000e+02		4.1221387e-02		2.7185203e-175		0.0000000e+00		4.7086154e-175		4.7086154e-175		0.0000000e+00
1.1400000e+02		1.1500000e+02		1.1450000e+02		3.1562600e-02		1.1390991e-173		0.0000000e+00		1.9729775e-173		1.9729775e-173		0.0000000e+00
1.1500000e+02		1.1600000e+02		1.1550000e+02		4.3552050e-02		4.4723442e-172		0.0000000e+00		7.7463273e-172		7.7463273e-172		0.0000000e+00
1.1600000e+02		1.1700000e+02		1.1650000e+02		1.0143732e-01		1.6480911e-170		0.0000000e+00		2.8545775e-170		2.8545775e-170		0.0000000e+00
1.1700000e+02		1.1800000e+02		1.1750000e+02		3.6108525e-01		5.7095700e-169		0.0000000e+00		9.8892653e-169		9.8892653e-169		0.0000000e+00
1.1800000e+02		1.1900000e+02		1.1850000e+02		1.2283927e-01		1.8623968e-167		0.0000000e+00		3.2257658e-167		3.2257658e-167		0.0000000e+00
1.1900000e+02		1.2000000e+02		1.1950000e+02		1.7115732e-01		5.7288343e-166		0.0000000e+00		9.9226320e-166		9.9226320e-166		0.0000000e+00
1.2000000e+02		1.2100000e+02		1.2050000e+02		9.3056497e-01		1.6642783e-164		0.0000000e+00		2.8826146e-164		2.8826146e-164		0.0000000e+00
1.2100000e+02		1.2200000e+02		1.2150000e+02		3.6941242e+01		4.5725122e-163		0.0000000e+00		7.9198235e-163		7.9198235e-163		0.0000000e+00
1.2200000e+02		1.2300000e+02		1.2250000e+02		2.4773856e-01		1.1897147e-161		0.0000000e+00		2.0606463e-161		2.0606463e-161		0.0000000e+00
1.2300000e+02		1.2400000e+02		1.2350000e+02		1.3344721e-01		2.9353938e-160		3.4434830e-161		5.0842512e-160		5.0842512e-160		0.0000000e+00
1.2400000e+02		1.2500000e+02		1.2450000e+02		1.0726631e-01		6.8767401e-159		8.2826028e-160		1.1910863e-158		1.1910863e-158		0.0000000e+00
1.2500000e+02		1.2600000e+02		1.2550000e+02		1.0471361e-01		1.5315475e-157		1.8931138e-158		2.6527181e-157		2.6527181e-157		0.0000000e+00
1.2600000e+02		1.2700000e+02		1.2650000e+02		1.4644878e-01		3.2466306e-156		4.1177516e-157		5.6233291e-156		5.6233291e-156		0.0000000e+00
1.2700000e+02		1.2800000e+02		1.2750000e+02		7.6659940e-02		6.5583636e-155		8.5332881e-156		1.1359419e-154		1.1359419e-154		0.0000000e+00
1.2800000e+02		1.2900000e+02		1.2850000e+02		6.1165494e-02		1.2638872e-153		1.6865930e-154		2.1891169e-153		2.1891169e-153		0.0000000e+00
1.2900000e+02		1.3000000e+02		1.2950000e+02		8.1594975e-02		2.3261964e-152		3.1825961e-153		4.0290903e-152		4.0290903e-152		0.0000000e+00
1.3000000e+02		1.3100000e+02		1.3050000e+02		6.7007791e-01		4.0932646e-151		5.7397098e-152		7.0897423e-151		7.0897423e-151		0.0000000e+00
1.3100000e+02		1.3200000e+02		1.3150000e+02		9.0731094e-02		6.8932614e-150		9.9036523e-151		1.1939479e-149		1.1939479e-149		0.0000000e+00
1.3200000e+02		1.3300000e+02		1.3250000e+02		7.0547730e-02		1.1121001e-148		1.6365450e-149		1.9262139e-148		1.9262139e-148		0.0000000e+00
1.3300000e+02		1.3400000e+02		1.3350000e+02		9.5357088e-01		1.7204697e-147		2.5923558e-148		2.9799409e-147		2.9799409e-147		0.0000000e+00
1.3400000e+02		1.3500000e+02		1.3450000e+02		6.5246966e-02		2.5547090e-146		3.9400681e-147		4.4248857e-146		4.4248857e-146		0.0000000e+00
1.3500000e+02		1.3600000e+02		1.3550000e+02		1.3692679e-01		3.6443669e-145		5.7513858e-146		6.3122287e-145		6.3122287e-145		0.0000000e+00
1.3600000e+02		1.3700000e+02		1.3650000e+02		8.9861989e-02		4.9988831e-144		8.0694856e-145		8.6583196e-144		8.6583196e-144		0.0000000e+00
1.3700000e+02		1.3800000e+02		1.3750000e+02		9.2282630e-02		6.5988190e-143		1.0892572e-143		1.1429490e-142		1.1429490e-142		0.0000000e+00
1.3800000e+02		1.3900000e+02		1.3850000e+02		9.4180145e-02		8.3900323e-142		1.4157028e-142		1.4531962e-141		1.4531962e-141		0.0000000e+00
1.3900000e+02		1.4000000e+02		1.3950000e+02		3.1801144e-01		1.0282922e-140		1.7730579e-141		1.7810543e-140		1.7810543e-140		0.0000000e+00
1.4000000e+02		1.4100000e+02		1.4050000e+02		2.7729440e-01		1.2158114e-139		2.1415255e-140		2.1058471e-139		2.1058471e-139		0.0000000e+00
1.4100000e+02		1.4200000e+02		1.4150000e+02		1.3359910e-01		1.3878550e-138		2.4964584e-139		2.4038354e-138		2.4038354e-138		0.0000000e+00
1.4200000e+02		1.4300000e+02		1.4250000e+02		1.4479671e-01		1.5306380e-137		2.8109240e-138		2.6511428e-137		2.6511428e-137		0.0000000e+00
1.4300000e+02		1.4400000e+02		1.4350000e+02		1.6064305e-01		1.6321675e-136		3.0592107e-137		2.8269971e-136		2.8269971e-136		0.0000000e+00
1.4400000e+02		1.4500000e+02		1.4450000e+02		1.5363637e-01		1.6839350e-135		3.2204722e-136		2.9166610e-135		2.9166610e-135		0.0000000e+00
1.4500000e+02		1.4600000e+02		1.4550000e+02		1.6382583e-01		1.6820948e-134		3.2815397e-135		2.9134737e-134		2.9134737e-134		0.0000000e+00
1.4600000e+02		1.4700000e+02		1.4650000e+02		1.9977093e-01		1.6279021e-133		3.2387439e-134		2.8196092e-133		2.8196092e-133		0.0000000e+00
1.4700000e+02		1.4800000e+02		1.4750000e+02		2.4643334e-01		1.5273520e-132		3.0980806e-133		2.6454512e-132		2.6454512e-132		0.0000000e+00
1.4800000e+02		1.4900000e+02		1.4850000e+02		2.4167300e-01		1.3901313e-131		2.8740657e-132		2.4077780e-131		2.4077780e-131		0.0000000e+00
1.4900000e+02		1.5000000e+02		1.4950000e+02		2.1832777e-01		1.2281281e-130		2.5873992e-131		2.1271802e-130		2.1271802e-130		0.0000000e+00
1.5000000e+02		1.5100000e+02		1.5050000e+02		2.4023073e-01		1.0538067e-129		2.2618100e-130		1.8252468e-129		1.8252468e-129		0.0000000e+00
1.5100000e+02		1.5200000e+02		1.5150000e+02		2.5258505e-01		8.7873788e-129		1.9209936e-129		1.5220187e-128		1.5220187e-128		0.0000000e+00
1.5200000e+02		1.5300000e+02		1.5250000e+02		3.2229547e-01		7.1249799e-128		1.5860729e-128		1.2340827e-127		1.2340827e-127		0.0000000e+00
1.5300000e+02		1.5400000e+02		1.5350000e+02		3.5701286e-01		5.6204691e-127		1.2737325e-127		9.7349381e-127		9.7349381e-127		0.0000000e+00
1.5400000e+02		1.5500000e+02		1.5450000e+02		9.5486931e-01		4.3157716e-126		9.9546915e-127		7.4751356e-126		7.4751356e-126		0.0000000e+00
1.5500000e+02		1.5600000e+02		1.5550000e+02		7.8587524e-01		3.2275091e-125		7.5754661e-126		5.5902098e-125		5.5902098e-125		0.0000000e+00
1.5600000e+02		1.5700000e+02		1.5650000e+02		4.6648084e-01		2.3519064e-124		5.6163568e-125		4.0736214e-124		4.0736214e-124		0.0000000e+00
1.5700000e+02		1.5800000e+02		1.5750000e+02		4.2309893e-01		1.6708277e-123		4.0583654e-124		2.8939585e-123		2.8939585e-123		0.0000000e+00
1.5800000e+02		1.5900000e+02		1.5850000e+02		3.9008072e-01		1.1577418e-122		2.8597010e-123		2.0052676e-122		2.0052676e-122		0.0000000e+00
1.5900000e+02		1.6000000e+02		1.5950000e+02		3.8042347e-01		7.8282314e-122		1.9660960e-122		1.3558894e-121		1.3558894e-121		0.0000000e+00
1.6000000e+02		1.6100000e+02		1.6050000e+02		4.1635449e-01		5.1675849e-121		1.3193490e-121		8.9505196e-121		8.9505196e-121		0.0000000e+00
1.6100000e+02		1.6200000e+02		1.6150000e+02		4.7164413e-01		3.3317926e-120		8.6452601e-121		5.7708340e-120		5.7708340e-120		0.0000000e+00
1.6200000e+02		1.6300000e+02		1.6250000e+02		5.2241459e-01		2.0990484e-119		5.5350292e-120		3.6356584e-119		3.6356584e-119		0.0000000e+00
1.6300000e+02		1.6400000e+02		1.6350000e+02		1.1072121e+00		1.2927278e-118		3.4635374e-119		2.2390702e-118		2.2390702e-118		0.0000000e+00
1.6400000e+02		1.6500000e+02		1.6450000e+02		1.1323318e+00		7.7859810e-118		2.1189231e-118		1.3485715e-117		1.3485715e-117		0.0000000e+00
1.6500000e+02		1.6600000e+02		1.6550000e+02		1.3255566e+00		4.5878911e-117		1.2683442e-117		7.9464606e-117		7.9464606e-117		0.0000000e+00
1.6600000e+02		1.6700000e+02		1.6650000e+02		6.2522883e-01		2.6459459e-116		7.4292610e-117		4.5829127e-116		4.5829127e-116		0.0000000e+00
1.6700000e+02		1.6800000e+02		1.6750000e+02		6.6723830e-01		1.4941220e-115		4.2594724e-116		2.5878951e-115		2.5878951e-115		0.0000000e+00
1.6800000e+02		1.6900000e+02		1.6850000e+02		7.1904320e-01		8.2638820e-115		2.3927908e-115		1.4313463e-114		1.4313463e-114		0.0000000e+00
1.6900000e+02		1.7000000e+02		1.6950000e+02		9.0554889e-01		4.4786526e-114		1.3162044e-114		7.7572538e-114		7.7572538e-114		0.0000000e+00
1.7000000e+02		1.7100000e+02		1.7050000e+02		1.0161854e+00		2.3791289e-113		7.0995458e-114		4.1207721e-113		4.1207721e-113		0.0000000e+00
1.7100000e+02		1.7200000e+02		1.7150000e+02		1.0130704e+00		1.2392340e-112		3.7549197e-113		2.1464163e-112		2.1464163e-112		0.0000000e+00
1.7200000e+02		1.7300000e+02		1.7250000e+02		1.0571150e+00		6.3314201e-112		1.9480993e-112		1.0966341e-111		1.0966341e-111		0.0000000e+00
1.7300000e+02		1.7400000e+02		1.7350000e+02		1.0479596e+00		3.1739922e-111		9.9180389e-112		5.4975157e-111		5.4975157e-111		0.0000000e+00
1.7400000e+02		1.7500000e+02		1.7450000e+02		1.2530722e+00		1.5617418e-110		4.9566166e-111		2.7050161e-110		2.7050161e-110		0.0000000e+00
1.7500000e+02		1.7600000e+02		1.7550000e+02		1.4954862e+00		7.5443336e-110		2.4367701e-110		1.3067169e-109		1.3067169e-109		0.0000000e+00
1.7600000e+02		1.7700000e+02		1.7650000e+02		1.6135596e+00		3.5794750e-109		1.1755248e-109		6.1998325e-109		6.1998325e-109		0.0000000e+00
1.7700000e+02		1.7800000e+02		1.7750000e+02		1.9010195e+00		1.6684308e-108		5.5761754e-109		2.8898069e-108		2.8898069e-108		0.0000000e+00
1.7800000e+02		1.7900000e+02		1.7850000e+02		2.0776624e+00		7.6421199e-108		2.6018979e-108		1.3236540e-107		1.3236540e-107		0.0000000e+00
1.7900000e+02		1.8000000e+02		1.7950000e+02		2.0198657e+00		3.4405780e-107		1.1964856e-107		5.9592559e-107		5.9592559e-107		0.0000000e+00
1.8000000e+02		1.8100000e+02		1.8050000e+02		2.4976225e+00		1.5230694e-106		5.4123071e-107		2.6380335e-106		2.6380335e-106		0.0000000e+00
1.8100000e+02		1.8200000e+02		1.8150000e+02		3.0410490e+00		6.6301603e-106		2.4177855e-106		1.1483775e-105		1.1483775e-105		0.0000000e+00
1.8200000e+02		1.8300000e+02		1.8250000e+02		2.8073836e+00		2.8378061e-105		1.0750443e-105		4.9152244e-105		4.9152244e-105		0.0000000e+00
1.8300000e+02		1.8400000e+02		1.8350000e+02		2.9562417e+00		1.1961449e-104		4.6335781e-105		2.0717838e-104		2.0717838e-104		0.0000000e+00
1.8400000e+02		1.8500000e+02		1.8450000e+02		2.5409769e+00		4.9527700e-104		2.0358247e-104		8.5784493e-104		8.5784493e-104		0.0000000e+00
1.8500000e+02		1.8600000e+02		1.8550000e+02		2.8735562e+00		2.0236461e-103		8.4626641e-104		3.5050579e-103		3.5050579e-103		7.2242020e-310
1.8600000e+02		1.8700000e+02		1.8650000e+02		3.2604304e+00		8.1040125e-103		3.7122521e-103		1.4036561e-102		1.4036561e-102		3.1780890e-181
1.8700000e+02		1.8800000e+02		1.8750000e+02		3.6946466e+00		3.2102977e-102		1.5062236e-102		5.5603988e-102		5.5603988e-102		4.9925731e-166
1.8800000e+02		1.8900000e+02		1.8850000e+02		3.8870616e+00		2.5233988e-98		1.3625391e-92		2.6115939e-98		2.0867189e-99		2.4029221e-98
1.8900000e+02		1.9000000e+02		1.8950000e+02		4.3106081e+00		8.7204475e-88		1.2161910e-82		9.0508671e-88		7.8178095e-89		8.2690861e-88
1.9000000e+02		1.9100000e+02		1.9050000e+02		4.4384288e+00		1.3146198e-55		2.9134342e-52		1.3925676e-55		1.8442648e-56		1.2081411e-55
1.9100000e+02		1.9200000e+02		1.9150000e+02		4.8094361e+00		4.5225637e-43		2.0146522e-40		4.8641814e-43		8.0827615e-44		4.0559053e-43
1.9200000e+02		1.9300000e+02		1.9250000e+02		5.0365493e+00		6.2887135e-34		8.7319564e-32		6.8850403e-34		1.4109245e-34		5.4741158e-34
1.9300000e+02		1.9400000e+02		1.9350000e+02		3.8447944e+00		2.2596964e-24		9.2273547e-23		2.5599894e-24		7.1050074e-25		1.8494887e-24
1.9400000e+02		1.9500000e+02		1.9450000e+02		6.1679797e+00		2.7282415e-19		6.0682354e-18		3.1810017e-19		1.0712421e-19		2.1097596e-19
1.9500000e+02		1.9600000e+02		1.9550000e+02		5.9528271e+00		2.5655865e-13		2.7814826e-12		3.1977637e-13		1.4957475e-13		1.7020163e-13
1.9600000e+02		1.9700000e+02		1.9650000e+02		6.5508102e+00		8.2821844e-11		6.7989691e-10		1.0805531e-10		5.9703013e-11		4.8352294e-11
1.9700000e+02		1.9800000e+02		1.9750000e+02		6.5190955e+00		1.7905824e-08		1.1600047e-07		2.4981301e-08		1.6740756e-08		8.2405441e-09
1.9800000e+02		1.9900000e+02		1.9850000e+02		6.3883794e+00		3.8471749e-06		2.0565219e-05		5.9475966e-06		4.9696513e-06		9.7794535e-07
1.9900000e+02		2.0000000e+02		1.9950000e+02		6.7274707e+00		1.9361238e-04		9.0465368e-04		3.2111541e-04		3.0167541e-04		1.9440003e-05
2.0000000e+02		2.0100000e+02		2.0050000e+02		7.1125146e+00		3.9941023e-03		1.6618978e-02		6.8189597e-03		6.6836845e-03		1.3527520e-04
2.0100000e+02		2.0200000e+02		2.0150000e+02		7.5701275e+00		4.4750920e-01		1.6048908e+00		7.7427842e-01		7.7314429e-01		1.1341389e-03
2.0200000e+02		2.0300000e+02		2.0250000e+02		7.4828608e+00		8.9848483e-01		3.1754949e+00		1.5550470e+00		1.5534429e+00		1.6041633e-03
2.0300000e+02		2.0400000e+02		2.0350000e+02		8.0092047e+00		3.8280183e+00		1.3263436e+01		6.6283813e+00		6.6257300e+00		2.6513414e-03
2.0400000e+02		2.0500000e+02		2.0450000e+02		8.6207445e+00		8.1329932e+00		2.8002472e+01		1.4084038e+01		1.4080323e+01		3.7149733e-03
2.0500000e+02		2.0600000e+02		2.0550000e+02		8.6400754e+00		8.2218814e+00		2.8294953e+01		1.4237479e+01		1.4233057e+01		4.4220069e-03
2.0600000e+02		2.0700000e+02		2.0650000e+02		8.6510225e+00		8.3015054e+00		2.8555489e+01		1.4374798e+01		1.4369565e+01		5.2332889e-03
2.0700000e+02		2.0800000e+02		2.0750000e+02		9.3957826e+00		9.0897001e+00		3.1252166e+01		1.5738927e+01		1.5732240e+01		6.6869803e-03
2.0800000e+02		2.0900000e+02		2.0850000e+02		1.0163489e+01		9.9101818e+00		3.4057478e+01		1.7158737e+01		1.7150265e+01		8.4719130e-03
2.0900000e+02		2.1000000e+02		2.0950000e+02		1.3129215e+01		1.2900252e+01		4.4313035e+01		2.2334549e+01		2.2321787e+01		1.2762491e-02
2.1000000e+02		2.1100000e+02		2.1050000e+02		1.6183343e+01		1.6019539e+01		5.5003145e+01		2.7733282e+01		2.7715014e+01		1.8268441e-02
2.1100000e+02		2.1200000e+02		2.1150000e+02		1.8424170e+01		1.8369480e+01		6.3043457e+01		3.1799263e+01		3.1775208e+01		2.4054490e-02
2.1200000e+02		2.1300000e+02		2.1250000e+02		1.6428561e+01		1.6494660e+01		5.6583956e+01		2.8551501e+01		2.8526790e+01		2.4710332e-02
2.1300000e+02		2.1400000e+02		2.1350000e+02		1.6737981e+01		1.6919693e+01		5.8016290e+01		2.9284616e+01		2.9255722e+01		2.8893766e-02
2.1400000e+02		2.1500000e+02		2.1450000e+02		2.1432541e+01		2.1808307e+01		7.4745908e+01		3.7742126e+01		3.7699820e+01		4.2305919e-02
2.1500000e+02		2.1600000e+02		2.1550000e+02		1.8408135e+01		1.8850935e+01		6.4581256e+01		3.2620469e+01		3.2579067e+01		4.1401803e-02
2.1600000e+02		2.1700000e+02		2.1650000e+02		1.7036901e+01		1.7555246e+01		6.0115775e+01		3.0374726e+01		3.0331217e+01		4.3509787e-02
2.1700000e+02		2.1800000e+02		2.1750000e+02		1.7640866e+01		1.8287325e+01		6.2594933e+01		3.1637252e+01		3.1586265e+01		5.0986535e-02
2.1800000e+02		2.1900000e+02		2.1850000e+02		2.3730294e+01		2.4744028e+01		8.4657620e+01		4.2801274e+01		4.2723903e+01		7.7370609e-02
2.1900000e+02		2.2000000e+02		2.1950000e+02		2.5052511e+01		2.6271248e+01		8.9842527e+01		4.5435893e+01		4.5344038e+01		9.1855157e-02
2.2000000e+02		2.2100000e+02		2.2050000e+02		2.5203754e+01		2.6575661e+01		9.0842603e+01		4.5954550e+01		4.5850945e+01		1.0360515e-01
2.2100000e+02		2.2200000e+02		2.2150000e+02		2.0176768e+01		2.1388929e+01		7.3079768e+01		3.6978839e+01		3.6886123e+01		9.2716477e-02
2.2200000e+02		2.2300000e+02		2.2250000e+02		2.7154039e+01		2.8934874e+01		9.8816718e+01		5.0014851e+01		4.9875762e+01		1.3908929e-01
2.2300000e+02		2.2400000e+02		2.2350000e+02		3.5163062e+01		3.7657930e+01		1.2854757e+02		6.5078879e+01		6.4878661e+01		2.0021773e-01
2.2400000e+02		2.2500000e+02		2.2450000e+02		3.2875934e+01		3.5380592e+01		1.2071707e+02		6.1129058e+01		6.0921524e+01		2.0753427e-01
2.2500000e+02		2.2600000e+02		2.2550000e+02		2.8720078e+01		3.1054615e+01		1.0590667e+02		5.3641410e+01		5.3440931e+01		2.0047851e-01
2.2600000e+02		2.2700000e+02		2.2650000e+02		2.1037217e+01		2.2851790e+01		7.7894737e+01		3.9461887e+01		3.9299911e+01		1.6197560e-01
2.2700000e+02		2.2800000e+02		2.2750000e+02		2.0463841e+01		2.2328004e+01		7.6072110e+01		3.8546323e+01		3.8372955e+01		1.7336803e-01
2.2800000e+02		2.2900000e+02		2.2850000e+02		2.8509984e+01		3.1241465e+01		1.0638769e+02		5.3917710e+01		5.3652572e+01		2.6513836e-01
2.2900000e+02		2.3000000e+02		2.2950000e+02		2.5620938e+01		2.8193136e+01		9.5958698e+01		4.8640911e+01		4.8379955e+01		2.6095646e-01
2.3000000e+02		2.3100000e+02		2.3050000e+02		2.9055844e+01		3.2102543e+01		1.0920883e+02		5.5366492e+01		5.5043094e+01		3.2339792e-01
2.3100000e+02		2.3200000e+02		2.3150000e+02		2.7387429e+01		3.0378037e+01		1.0328841e+02		5.2372978e+01		5.2040588e+01		3.3238960e-01
2.3200000e+02		2.3300000e+02		2.3250000e+02		2.9413108e+01		3.2749001e+01		1.1129087e+02		5.6438579e+01		5.6050143e+01		3.8843539e-01
2.3300000e+02		2.3400000e+02		2.3350000e+02		2.6543685e+01		2.9662957e+01		1.0074916e+02		5.1099086e+01		5.0718426e+01		3.8065946e-01
2.3400000e+02		2.3500000e+02		2.3450000e+02		2.3194371e+01		2.6012403e+01		8.8301640e+01		4.4790904e+01		4.4430410e+01		3.6049317e-01
2.3500000e+02		2.3600000e+02		2.3550000e+02		3.1223226e+01		3.5137429e+01		1.1921070e+02		6.0475540e+01		5.9950615e+01		5.2492536e-01
2.3600000e+02		2.3700000e+02		2.3650000e+02		2.8911473e+01		3.2644315e+01		1.1068922e+02		5.6157439e+01		5.5632649e+01		5.2479006e-01
2.3700000e+02		2.3800000e+02		2.3750000e+02		3.0878004e+01		3.4977079e+01		1.1853026e+02		6.0139881e+01		5.9535830e+01		6.0405102e-01
2.3800000e+02		2.3900000e+02		2.3850000e+02		2.5598090e+01		2.9086517e+01		9.8510089e+01		4.9984943e+01		4.9446206e+01		5.3873698e-01
2.3900000e+02		2.4000000e+02		2.3950000e+02		2.7890834e+01		3.1786988e+01		1.0759125e+02		5.4595176e+01		5.3964752e+01		6.3042437e-01
2.4000000e+02		2.4100000e+02		2.4050000e+02		2.5623038e+01		2.9287147e+01		9.9069138e+01		5.0272232e+01		4.9651244e+01		6.2098736e-01
2.4100000e+02		2.4200000e+02		2.4150000e+02		3.0005079e+01		3.4391851e+01		1.1626414e+02		5.8998575e+01		5.8220133e+01		7.7844181e-01
2.4200000e+02		2.4300000e+02		2.4250000e+02		4.1301739e+01		4.7467915e+01		1.6036678e+02		8.1378466e+01		8.0233224e+01		1.1452417e+00
2.4300000e+02		2.4400000e+02		2.4350000e+02		3.8791639e+01		4.4699080e+01		1.5091482e+02		7.6580762e+01		7.5432869e+01		1.1478931e+00
2.4400000e+02		2.4500000e+02		2.4450000e+02		3.6329084e+01		4.1966428e+01		1.4159548e+02		7.1849397e+01		7.0703864e+01		1.1455333e+00
2.4500000e+02		2.4600000e+02		2.4550000e+02		2.9476122e+01		3.4132204e+01		1.1508555e+02		5.8394729e+01		5.7405751e+01		9.8897823e-01
2.4600000e+02		2.4700000e+02		2.4650000e+02		2.8685918e+01		3.3294257e+01		1.1218372e+02		5.6918692e+01		5.5896015e+01		1.0226772e+00
2.4700000e+02		2.4800000e+02		2.4750000e+02		3.1678139e+01		3.6849176e+01		1.2407588e+02		6.2947380e+01		6.1749013e+01		1.1983670e+00
2.4800000e+02		2.4900000e+02		2.4850000e+02		2.5406301e+01		2.9616852e+01		9.9653488e+01		5.0552309e+01		4.9533823e+01		1.0184859e+00
2.4900000e+02		2.5000000e+02		2.4950000e+02		3.0967514e+01		3.6173929e+01		1.2162933e+02		6.1693287e+01		6.0379449e+01		1.3138382e+00
2.5000000e+02		2.5100000e+02		2.5050000e+02		3.3448743e+01		3.9149333e+01		1.3153793e+02		6.6710558e+01		6.5210559e+01		1.4999990e+00
2.5100000e+02		2.5200000e+02		2.5150000e+02		2.7888154e+01		3.2702701e+01		1.0979671e+02		5.5676209e+01		5.4355902e+01		1.3203068e+00
2.5200000e+02		2.5300000e+02		2.5250000e+02		2.5069906e+01		2.9451044e+01		9.8805364e+01		5.0094536e+01		4.8843027e+01		1.2515095e+00
2.5300000e+02		2.5400000e+02		2.5350000e+02		3.1592540e+01		3.7177674e+01		1.2463249e+02		6.3177632e+01		6.1516560e+01		1.6610719e+00
2.5400000e+02		2.5500000e+02		2.5450000e+02		3.5730773e+01		4.2116866e+01		1.4108130e+02		7.1501715e+01		6.9525300e+01		1.9764153e+00
2.5500000e+02		2.5600000e+02		2.5550000e+02		4.8755658e+01		5.7560107e+01		1.9266132e+02		9.7622326e+01		9.4788227e+01		2.8340990e+00
2.5600000e+02		2.5700000e+02		2.5650000e+02		6.2803876e+01		7.4256357e+01		2.4834839e+02		1.2581031e+02		1.2197795e+02		3.8323521e+00
2.5700000e+02		2.5800000e+02		2.5750000e+02		7.8843355e+01		9.3353642e+01		3.1196729e+02		1.5799990e+02		1.5295468e+02		5.0452177e+00
2.5800000e+02		2.5900000e+02		2.5850000e+02		8.2991293e+01		9.8398102e+01		3.2855641e+02		1.6635781e+02		1.6079439e+02		5.5634196e+00
2.5900000e+02		2.6000000e+02		2.5950000e+02		7.0629481e+01		8.3849008e+01		2.7974479e+02		1.4160329e+02		1.3664811e+02		4.9551837e+00
2.6000000e+02		2.6100000e+02		2.6050000e+02		5.7868388e+01		6.8783042e+01		2.2928826e+02		1.1602829e+02		1.1178346e+02		4.2448332e+00
2.6100000e+02		2.6200000e+02		2.6150000e+02		5.9092703e+01		7.0319042e+01		2.3420993e+02		1.1848155e+02		1.1395372e+02		4.5278322e+00
2.6200000e+02		2.6300000e+02		2.6250000e+02		7.0528613e+01		8.4018547e+01		2.7959867e+02		1.4139580e+02		1.3575603e+02		5.6397670e+00
2.6300000e+02		2.6400000e+02		2.6350000e+02		1.0614195e+02		1.2657266e+02		4.2084592e+02		2.1275176e+02		2.0390194e+02		8.8498196e+00
2.6400000e+02		2.6500000e+02		2.6450000e+02		1.6548208e+02		1.9752393e+02		6.5617859e+02		3.3159913e+02		3.1722532e+02		1.4373808e+01
2.6500000e+02		2.6600000e+02		2.6550000e+02		1.7356948e+02		2.0736313e+02		6.8825422e+02		3.4767559e+02		3.3198283e+02		1.5692755e+01
2.6600000e+02		2.6700000e+02		2.6650000e+02		1.6826276e+02		2.0119155e+02		6.6717239e+02		3.3689153e+02		3.2106959e+02		1.5821931e+01
2.6700000e+02		2.6800000e+02		2.6750000e+02		1.6940220e+02		2.0271180e+02		6.7160578e+02		3.3898924e+02		3.2243590e+02		1.6553345e+01
2.6800000e+02		2.6900000e+02		2.6850000e+02		1.6778062e+02		2.0091637e+02		6.6504951e+02		3.3553492e+02		3.1851090e+02		1.7024018e+01
2.6900000e+02		2.7000000e+02		2.6950000e+02		1.5737310e+02		1.8857907e+02		6.2363665e+02		3.1449988e+02		2.9793184e+02		1.6568036e+01
2.7000000e+02		2.7100000e+02		2.7050000e+02		1.8181465e+02		2.1800063e+02		7.2026412e+02		3.6306018e+02		3.4321456e+02		1.9845616e+01
2.7100000e+02		2.7200000e+02		2.7150000e+02		1.5108640e+02		1.8125800e+02		5.9830624e+02		3.0144028e+02		2.8435433e+02		1.7085950e+01
2.7200000e+02		2.7300000e+02		2.7250000e+02		1.2154404e+02		1.4589015e+02		4.8110650e+02		2.4227181e+02		2.2804144e+02		1.4230365e+01
2.7300000e+02		2.7400000e+02		2.7350000e+02		1.2960124e+02		1.5563244e+02		5.1274436e+02		2.5807118e+02		2.4237268e+02		1.5698503e+01
2.7400000e+02		2.7500000e+02		2.7450000e+02		8.9183780e+01		1.0714062e+02		3.5264460e+02		1.7739686e+02		1.6622804e+02		1.1168814e+01
2.7500000e+02		2.7600000e+02		2.7550000e+02		1.1893609e+02		1.4293496e+02		4.7000308e+02		2.3630485e+02		2.2091553e+02		1.5389319e+01
2.7600000e+02		2.7700000e+02		2.7650000e+02		1.6564211e+02		1.9912777e+02		6.5413923e+02		3.2869916e+02		3.0656921e+02		2.2129949e+01
2.7700000e+02		2.7800000e+02		2.7750000e+02		1.5837296e+02		1.9044020e+02		6.2498586e+02		3.1386897e+02		2.9203561e+02		2.1833363e+01
2.7800000e+02		2.7900000e+02		2.7850000e+02		1.0921797e+02		1.3136177e+02		4.3067624e+02		2.1615848e+02		2.0063117e+02		1.5527310e+01
2.7900000e+02		2.8000000e+02		2.7950000e+02		6.1368404e+01		7.3824122e+01		2.4179529e+02		1.2128465e+02		1.1229282e+02		8.9918351e+00
2.8000000e+02		2.8100000e+02		2.8050000e+02		6.7313201e+01		8.0986765e+01		2.6498946e+02		1.3283630e+02		1.2267732e+02		1.0158981e+01
2.8100000e+02		2.8200000e+02		2.8150000e+02		1.3943196e+02		1.6777172e+02		5.4839790e+02		2.7473105e+02		2.5306849e+02		2.1662555e+01
2.8200000e+02		2.8300000e+02		2.8250000e+02		1.8983287e+02		2.2843003e+02		7.4591661e+02		3.7343906e+02		3.4309504e+02		3.0344012e+01
2.8300000e+02		2.8400000e+02		2.8350000e+02		1.9610227e+02		2.3597879e+02		7.6978208e+02		3.8513106e+02		3.5289804e+02		3.2233017e+01
2.8400000e+02		2.8500000e+02		2.8450000e+02		1.4459284e+02		1.7399205e+02		5.6699568e+02		2.8348211e+02		2.5905625e+02		2.4425859e+01
2.8500000e+02		2.8600000e+02		2.8550000e+02		9.2944992e+01		1.1183688e+02		3.6407325e+02		1.8190046e+02		1.6577221e+02		1.6128246e+01
2.8600000e+02		2.8700000e+02		2.8650000e+02		1.9045522e+02		2.2914635e+02		7.4519178e+02		3.7205425e+02		3.3812372e+02		3.3930530e+01
2.8700000e+02		2.8800000e+02		2.8750000e+02		2.2108403e+02		2.6596439e+02		8.6402852e+02		4.3107577e+02		3.9065772e+02		4.0418053e+01
2.8800000e+02		2.8900000e+02		2.8850000e+02		2.1010240e+02		2.5271364e+02		8.2012662e+02		4.0887261e+02		3.6947609e+02		3.9396518e+01
2.8900000e+02		2.9000000e+02		2.8950000e+02		3.1885068e+02		3.8344447e+02		1.2430844e+03		6.1927514e+02		5.5798137e+02		6.1293773e+01
2.9000000e+02		2.9100000e+02		2.9050000e+02		4.1860542e+02		5.0329633e+02		1.6299198e+03		8.1137120e+02		7.2891295e+02		8.2458243e+01
2.9100000e+02		2.9200000e+02		2.9150000e+02		4.0318642e+02		4.8463565e+02		1.5678359e+03		7.7986393e+02		6.9851760e+02		8.1346324e+01
2.9200000e+02		2.9300000e+02		2.9250000e+02		3.5818014e+02		4.3041625e+02		1.3909620e+03		6.9134208e+02		6.1735713e+02		7.3984948e+01
2.9300000e+02		2.9400000e+02		2.9350000e+02		3.7393440e+02		4.4920837e+02		1.4501551e+03		7.2018888e+02		6.4114679e+02		7.9042098e+01
2.9400000e+02		2.9500000e+02		2.9450000e+02		3.4819581e+02		4.1814717e+02		1.3484491e+03		6.6913782e+02		5.9385025e+02		7.5287571e+01
2.9500000e+02		2.9600000e+02		2.9550000e+02		3.7701055e+02		4.5258553e+02		1.4579536e+03		7.2288414e+02		6.3953338e+02		8.3350765e+01
2.9600000e+02		2.9700000e+02		2.9650000e+02		3.4493460e+02		4.1391787e+02		1.3319679e+03		6.5986912e+02		5.8192689e+02		7.7942227e+01
2.9700000e+02		2.9800000e+02		2.9750000e+02		3.5165811e+02		4.2181051e+02		1.3559154e+03		6.7116728e+02		5.8998446e+02		8.1182823e+01
2.9800000e+02		2.9900000e+02		2.9850000e+02		3.0223333e+02		3.6236638e+02		1.1635842e+03		5.7547359e+02		5.0421707e+02		7.1256522e+01
2.9900000e+02		3.0000000e+02		2.9950000e+02		3.4101318e+02		4.0867239e+02		1.3108686e+03		6.4775602e+02		5.6567795e+02		8.2078073e+01
3.0000000e+02		3.0100000e+02		3.0050000e+02		2.7131061e+02		3.2498226e+02		1.0413021e+03		5.1410191e+02		4.4746190e+02		6.6640010e+01
3.0100000e+02		3.0200000e+02		3.0150000e+02		3.1202593e+02		3.7356209e+02		1.1956732e+03		5.8979446e+02		5.1161128e+02		7.8183178e+01
3.0200000e+02		3.0300000e+02		3.0250000e+02		3.2846528e+02		3.9303538e+02		1.2566473e+03		6.1931697e+02		5.3538799e+02		8.3928979e+01
3.0300000e+02		3.0400000e+02		3.0350000e+02		4.2601061e+02		5.0947610e+02		1.6271860e+03		8.0120544e+02		6.9023904e+02		1.1096641e+02
3.0400000e+02		3.0500000e+02		3.0450000e+02		4.0776836e+02		4.8738216e+02		1.5549422e+03		7.6493394e+02		6.5669455e+02		1.0823938e+02
3.0500000e+02		3.0600000e+02		3.0550000e+02		4.1174793e+02		4.9184926e+02		1.5675002e+03		7.7039990e+02		6.5905788e+02		1.1134202e+02
3.0600000e+02		3.0700000e+02		3.0650000e+02		3.9053943e+02		4.6623201e+02		1.4842546e+03		7.2880614e+02		6.2125705e+02		1.0754909e+02
3.0700000e+02		3.0800000e+02		3.0750000e+02		4.3847484e+02		5.2313151e+02		1.6635957e+03		8.1609850e+02		6.9316734e+02		1.2293116e+02
3.0800000e+02		3.0900000e+02		3.0850000e+02		4.3035211e+02		5.1311161e+02		1.6299688e+03		7.9884314e+02		6.7604807e+02		1.2279507e+02
3.0900000e+02		3.1000000e+02		3.0950000e+02		3.4901328e+02		4.1585750e+02		1.3196007e+03		6.4611313e+02		5.4479067e+02		1.0132246e+02
3.1000000e+02		3.1100000e+02		3.1050000e+02		4.3927411e+02		5.2305354e+02		1.6579628e+03		8.1100043e+02		6.8128966e+02		1.2971077e+02
3.1100000e+02		3.1200000e+02		3.1150000e+02		5.2246540e+02		6.2168382e+02		1.9684709e+03		9.6194922e+02		8.0507659e+02		1.5687263e+02
3.1200000e+02		3.1300000e+02		3.1250000e+02		4.6521908e+02		5.5317793e+02		1.7496665e+03		8.5418507e+02		7.1219053e+02		1.4199454e+02
3.1300000e+02		3.1400000e+02		3.1350000e+02		4.9544367e+02		5.8869586e+02		1.8599991e+03		9.0715130e+02		7.5347366e+02		1.5367765e+02
3.1400000e+02		3.1500000e+02		3.1450000e+02		4.6729179e+02		5.5484101e+02		1.7511444e+03		8.5321041e+02		7.0594959e+02		1.4726082e+02
3.1500000e+02		3.1600000e+02		3.1550000e+02		4.5343123e+02		5.3798493e+02		1.6961163e+03		8.2557010e+02		6.8043383e+02		1.4513627e+02
3.1600000e+02		3.1700000e+02		3.1650000e+02		4.4229406e+02		5.2437610e+02		1.6514331e+03		8.0300926e+02		6.5925314e+02		1.4375612e+02
3.1700000e+02		3.1800000e+02		3.1750000e+02		5.6102832e+02		6.6463732e+02		2.0909130e+03		1.0156731e+03		8.3055949e+02		1.8511358e+02
3.1800000e+02		3.1900000e+02		3.1850000e+02		4.6340678e+02		5.4856207e+02		1.7238948e+03		8.3653557e+02		6.8135263e+02		1.5518294e+02
3.1900000e+02		3.2000000e+02		3.1950000e+02		4.9774832e+02		5.8875169e+02		1.8482111e+03		8.9593865e+02		7.2681217e+02		1.6912649e+02
3.2000000e+02		3.2100000e+02		3.2050000e+02		5.7184857e+02		6.7586213e+02		2.1193988e+03		1.0263368e+03		8.2923190e+02		1.9710487e+02
3.2100000e+02		3.2200000e+02		3.2150000e+02		4.8024660e+02		5.6714230e+02		1.7765710e+03		8.5942469e+02		6.9154756e+02		1.6787712e+02
3.2200000e+02		3.2300000e+02		3.2250000e+02		4.8228681e+02		5.6908869e+02		1.7807677e+03		8.6055424e+02		6.8961491e+02		1.7093933e+02
3.2300000e+02		3.2400000e+02		3.2350000e+02		4.6607071e+02		5.4950238e+02		1.7176497e+03		8.2918041e+02		6.6172532e+02		1.6745509e+02
3.2400000e+02		3.2500000e+02		3.2450000e+02		5.4882129e+02		6.4652971e+02		2.0187947e+03		9.7352674e+02		7.7368329e+02		1.9984346e+02
3.2500000e+02		3.2600000e+02		3.2550000e+02		6.3196128e+02		7.4384858e+02		2.3202130e+03		1.1176937e+03		8.8452714e+02		2.3316659e+02
3.2600000e+02		3.2700000e+02		3.2650000e+02		7.1301257e+02		8.3854183e+02		2.6128157e+03		1.2573059e+03		9.9080652e+02		2.6649942e+02
3.2700000e+02		3.2800000e+02		3.2750000e+02		6.8984049e+02		8.1060045e+02		2.5230898e+03		1.2128309e+03		9.5168741e+02		2.6114347e+02
3.2800000e+02		3.2900000e+02		3.2850000e+02		6.6596082e+02		7.8187039e+02		2.4311044e+03		1.1673597e+03		9.1207746e+02		2.5528223e+02
3.2900000e+02		3.3000000e+02		3.2950000e+02		7.7527139e+02		9.0942159e+02		2.8247386e+03		1.3549123e+03		1.0540423e+03		3.0086996e+02
3.3000000e+02		3.3100000e+02		3.3050000e+02		7.3029799e+02		8.5592297e+02		2.6557862e+03		1.2724954e+03		9.8562100e+02		2.8687442e+02
3.3100000e+02		3.3200000e+02		3.3150000e+02		6.9881652e+02		8.1831146e+02		2.5364352e+03		1.2139912e+03		9.3618835e+02		2.7780286e+02
3.3200000e+02		3.3300000e+02		3.3250000e+02		6.8562051e+02		8.0215472e+02		2.4837697e+03		1.1874909e+03		9.1171520e+02		2.7577570e+02
3.3300000e+02		3.3400000e+02		3.3350000e+02		6.5878216e+02		7.7007527e+02		2.3819672e+03		1.1375764e+03		8.6951694e+02		2.6805943e+02
3.3400000e+02		3.3500000e+02		3.3450000e+02		6.9405546e+02		8.1058921e+02		2.5046915e+03		1.1948780e+03		9.0923701e+02		2.8564098e+02
3.3500000e+02		3.3600000e+02		3.3550000e+02		6.8541663e+02		7.9978823e+02		2.4687705e+03		1.1764497e+03		8.9119051e+02		2.8525915e+02
3.3600000e+02		3.3700000e+02		3.3650000e+02		5.6469084e+02		6.5832965e+02		2.0300321e+03		9.6631276e+02		7.2869585e+02		2.3761691e+02
3.3700000e+02		3.3800000e+02		3.3750000e+02		5.9573781e+02		6.9390314e+02		2.1375370e+03		1.0163647e+03		7.6295229e+02		2.5341243e+02
3.3800000e+02		3.3900000e+02		3.3850000e+02		6.4448401e+02		7.5000766e+02		2.3080082e+03		1.0962092e+03		8.1912168e+02		2.7708754e+02
3.3900000e+02		3.4000000e+02		3.3950000e+02		6.7448220e+02		7.8421092e+02		2.4108101e+03		1.1437691e+03		8.5072377e+02		2.9304533e+02
3.4000000e+02		3.4100000e+02		3.4050000e+02		7.1196374e+02		8.2704324e+02		2.5399106e+03		1.2036832e+03		8.9113983e+02		3.1254342e+02
3.4100000e+02		3.4200000e+02		3.4150000e+02		6.4984945e+02		7.5420649e+02		2.3138876e+03		1.0953520e+03		8.0715898e+02		2.8819303e+02
3.4200000e+02		3.4300000e+02		3.4250000e+02		7.0477558e+02		8.1721226e+02		2.5046689e+03		1.1843465e+03		8.6864898e+02		3.1569753e+02
3.4300000e+02		3.4400000e+02		3.4350000e+02		6.9264465e+02		8.0241766e+02		2.4568640e+03		1.1604488e+03		8.4711078e+02		3.1333803e+02
3.4400000e+02		3.4500000e+02		3.4450000e+02		5.5710877e+02		6.4481560e+02		1.9723461e+03		9.3055887e+02		6.7607585e+02		2.5448303e+02
3.4500000e+02		3.4600000e+02		3.4550000e+02		6.7138909e+02		7.7638126e+02		2.3724188e+03		1.1180661e+03		8.0843513e+02		3.0963102e+02
3.4600000e+02		3.4700000e+02		3.4650000e+02		6.5194093e+02		7.5320642e+02		2.2993277e+03		1.0824106e+03		7.7890538e+02		3.0350519e+02
3.4700000e+02		3.4800000e+02		3.4750000e+02		6.4525828e+02		7.4480784e+02		2.2714515e+03		1.0680936e+03		7.6490234e+02		3.0319127e+02
3.4800000e+02		3.4900000e+02		3.4850000e+02		6.6761091e+02		7.6990820e+02		2.3456997e+03		1.1017744e+03		7.8520395e+02		3.1657049e+02
3.4900000e+02		3.5000000e+02		3.4950000e+02		6.3989005e+02		7.3726875e+02		2.2440649e+03		1.0528583e+03		7.4669295e+02		3.0616537e+02
3.5000000e+02		3.5100000e+02		3.5050000e+02		7.6650484e+02		8.8234917e+02		2.6830459e+03		1.2574095e+03		8.8740225e+02		3.7000724e+02
3.5100000e+02		3.5200000e+02		3.5150000e+02		7.1211510e+02		8.1899479e+02		2.4879906e+03		1.1646928e+03		8.1793035e+02		3.4676248e+02
3.5200000e+02		3.5300000e+02		3.5250000e+02		6.5785102e+02		7.5589975e+02		2.2941072e+03		1.0727300e+03		7.4962841e+02		3.2310159e+02
3.5300000e+02		3.5400000e+02		3.5350000e+02		7.5263834e+02		8.6403059e+02		2.6197661e+03		1.2236391e+03		8.5084278e+02		3.7279628e+02
3.5400000e+02		3.5500000e+02		3.5450000e+02		8.0329241e+02		9.2134668e+02		2.7908877e+03		1.3021091e+03		9.0089367e+02		4.0121547e+02
3.5500000e+02		3.5600000e+02		3.5550000e+02		7.5433512e+02		8.6441232e+02		2.6159422e+03		1.2191231e+03		8.3925466e+02		3.7986842e+02
3.5600000e+02		3.5700000e+02		3.5650000e+02		6.5576441e+02		7.5077937e+02		2.2699142e+03		1.0566800e+03		7.2376866e+02		3.3291134e+02
3.5700000e+02		3.5800000e+02		3.5750000e+02		5.7307986e+02		6.5552343e+02		1.9800553e+03		9.2071722e+02		6.2745525e+02		2.9326198e+02
3.5800000e+02		3.5900000e+02		3.5850000e+02		4.9194729e+02		5.6221319e+02		1.6966184e+03		7.8804020e+02		5.3431245e+02		2.5372775e+02
3.5900000e+02		3.6000000e+02		3.5950000e+02		7.1030971e+02		8.1103659e+02		2.4452299e+03		1.1344871e+03		7.6529217e+02		3.6919495e+02
3.6000000e+02		3.6100000e+02		3.6050000e+02		7.0092701e+02		7.9960713e+02		2.4085414e+03		1.1162208e+03		7.4911593e+02		3.6710485e+02
3.6100000e+02		3.6200000e+02		3.6150000e+02		6.5110481e+02		7.4210767e+02		2.2332878e+03		1.0338494e+03		6.9026845e+02		3.4358099e+02
3.6200000e+02		3.6300000e+02		3.6250000e+02		7.3500056e+02		8.3698347e+02		2.5165009e+03		1.1636620e+03		7.7292981e+02		3.9073223e+02
3.6300000e+02		3.6400000e+02		3.6350000e+02		7.1558904e+02		8.1415517e+02		2.4456368e+03		1.1296386e+03		7.4644181e+02		3.8319679e+02
3.6400000e+02		3.6500000e+02		3.6450000e+02		7.4837927e+02		8.5070837e+02		2.5531257e+03		1.1779807e+03		7.7433476e+02		4.0364598e+02
3.6500000e+02		3.6600000e+02		3.6550000e+02		8.5179486e+02		9.6741013e+02		2.9007546e+03		1.3368914e+03		8.7420204e+02		4.6268935e+02
3.6600000e+02		3.6700000e+02		3.6650000e+02		9.1042532e+02		1.0330893e+03		3.0949188e+03		1.4248012e+03		9.2680036e+02		4.9800086e+02
3.6700000e+02		3.6800000e+02		3.6750000e+02		8.7909512e+02		9.9666367e+02		2.9831372e+03		1.3718257e+03		8.8764289e+02		4.8418280e+02
3.6800000e+02		3.6900000e+02		3.6850000e+02		8.1047729e+02		9.1806660e+02		2.7454540e+03		1.2611345e+03		8.1170739e+02		4.4942712e+02
3.6900000e+02		3.7000000e+02		3.6950000e+02		8.9967825e+02		1.0182221e+03		3.0422865e+03		1.3959496e+03		8.9371285e+02		5.0223678e+02
3.7000000e+02		3.7100000e+02		3.7050000e+02		8.4427990e+02		9.5469617e+02		2.8499847e+03		1.3062777e+03		8.3185083e+02		4.7442687e+02
3.7100000e+02		3.7200000e+02		3.7150000e+02		8.7164560e+02		9.8478986e+02		2.9372634e+03		1.3448077e+03		8.5181139e+02		4.9299633e+02
3.7200000e+02		3.7300000e+02		3.7250000e+02		7.2411383e+02		8.1740424e+02		2.4359054e+03		1.1140457e+03		7.0186134e+02		4.1218441e+02
3.7300000e+02		3.7400000e+02		3.7350000e+02		6.3155746e+02		7.1231303e+02		2.1209031e+03		9.6892422e+02		6.0714858e+02		3.6177563e+02
3.7400000e+02		3.7500000e+02		3.7450000e+02		6.4642322e+02		7.2845803e+02		2.1671208e+03		9.8896188e+02		6.1635871e+02		3.7260317e+02
3.7500000e+02		3.7600000e+02		3.7550000e+02		7.4036161e+02		8.3360954e+02		2.4778335e+03		1.1295284e+03		7.0015143e+02		4.2937692e+02
3.7600000e+02		3.7700000e+02		3.7650000e+02		7.6758018e+02		8.6352594e+02		2.5645899e+03		1.1678114e+03		7.1994701e+02		4.4786434e+02
3.7700000e+02		3.7800000e+02		3.7750000e+02		9.0048278e+02		1.0121890e+03		3.0035817e+03		1.3662343e+03		8.3768020e+02		5.2855406e+02
3.7800000e+02		3.7900000e+02		3.7850000e+02		9.3786543e+02		1.0533264e+03		3.1230461e+03		1.4190454e+03		8.6530051e+02		5.5374492e+02
3.7900000e+02		3.8000000e+02		3.7950000e+02		7.6051322e+02		8.5342866e+02		2.5282642e+03		1.1475558e+03		6.9591228e+02		4.5164352e+02
3.8000000e+02		3.8100000e+02		3.8050000e+02		8.2814537e+02		9.2855325e+02		2.7485529e+03		1.2462071e+03		7.5157697e+02		4.9463009e+02
3.8100000e+02		3.8200000e+02		3.8150000e+02		7.4366886e+02		8.3314658e+02		2.4641264e+03		1.1160539e+03		6.6936601e+02		4.4668793e+02
3.8200000e+02		3.8300000e+02		3.8250000e+02		5.3336093e+02		5.9704411e+02		1.7643898e+03		7.9827804e+02		4.7612459e+02		3.2215345e+02
3.8300000e+02		3.8400000e+02		3.8350000e+02		4.7073026e+02		5.2650510e+02		1.5546745e+03		7.0264827e+02		4.1675920e+02		2.8588907e+02
3.8400000e+02		3.8500000e+02		3.8450000e+02		6.2969557e+02		7.0373349e+02		2.0763288e+03		9.3742152e+02		5.5291181e+02		3.8450971e+02
3.8500000e+02		3.8600000e+02		3.8550000e+02		6.6694888e+02		7.4476477e+02		2.1956358e+03		9.9024083e+02		5.8080259e+02		4.0943824e+02
3.8600000e+02		3.8700000e+02		3.8650000e+02		6.6977732e+02		7.4732226e+02		2.2014286e+03		9.9180970e+02		5.7846351e+02		4.1334620e+02
3.8700000e+02		3.8800000e+02		3.8750000e+02		6.6902499e+02		7.4588632e+02		2.1954679e+03		9.8808786e+02		5.7305500e+02		4.1503287e+02
3.8800000e+02		3.8900000e+02		3.8850000e+02		6.7841027e+02		7.5574882e+02		2.2227566e+03		9.9932479e+02		5.7630693e+02		4.2301786e+02
3.8900000e+02		3.9000000e+02		3.8950000e+02		8.1451188e+02		9.0664903e+02		2.6645009e+03		1.1966811e+03		6.8622336e+02		5.1045779e+02
3.9000000e+02		3.9100000e+02		3.9050000e+02		8.5560997e+02		9.5164791e+02		2.7945857e+03		1.2538034e+03		7.1490750e+02		5.3889587e+02
3.9100000e+02		3.9200000e+02		3.9150000e+02		9.2006232e+02		1.0225354e+03		3.0004487e+03		1.3447738e+03		7.6242414e+02		5.8234966e+02
3.9200000e+02		3.9300000e+02		3.9250000e+02		7.0614281e+02		7.8418101e+02		2.2992865e+03		1.0294584e+03		5.8033247e+02		4.4912590e+02
3.9300000e+02		3.9400000e+02		3.9350000e+02		4.3291589e+02		4.8038780e+02		1.4074724e+03		6.2952056e+02		3.5285191e+02		2.7666865e+02
3.9400000e+02		3.9500000e+02		3.9450000e+02		7.1565803e+02		7.9352509e+02		2.3231752e+03		1.0380254e+03		5.7849406e+02		4.5953139e+02
3.9500000e+02		3.9600000e+02		3.9550000e+02		8.7888136e+02		9.7376479e+02		2.8487279e+03		1.2715537e+03		7.0457615e+02		5.6697756e+02
3.9600000e+02		3.9700000e+02		3.9650000e+02		6.0712893e+02		6.7216435e+02		1.9649441e+03		8.7618004e+02		4.8270632e+02		3.9347373e+02
3.9700000e+02		3.9800000e+02		3.9750000e+02		6.8053003e+02		7.5286068e+02		2.1992234e+03		9.7965619e+02		5.3660394e+02		4.4305225e+02
3.9800000e+02		3.9900000e+02		3.9850000e+02		1.0480559e+03		1.1585815e+03		3.3819217e+03		1.5049803e+03		8.1958836e+02		6.8539194e+02
3.9900000e+02		4.0000000e+02		3.9950000e+02		1.1577145e+03		1.2788526e+03		3.7302837e+03		1.6583410e+03		8.9787926e+02		7.6046176e+02
4.0000000e+02		4.0100000e+02		4.0050000e+02		1.1939713e+03		1.3179285e+03		3.8414911e+03		1.7060758e+03		9.1836634e+02		7.8770941e+02
4.0100000e+02		4.0200000e+02		4.0150000e+02		1.2509583e+03		1.3798179e+03		4.0190053e+03		1.7831397e+03		9.5426960e+02		8.2887012e+02
4.0200000e+02		4.0300000e+02		4.0250000e+02		1.2664199e+03		1.3958532e+03		4.0628194e+03		1.8007958e+03		9.5810440e+02		8.4269136e+02
4.0300000e+02		4.0400000e+02		4.0350000e+02		1.2115903e+03		1.3344520e+03		3.8813595e+03		1.7186712e+03		9.0907252e+02		8.0959870e+02
4.0400000e+02		4.0500000e+02		4.0450000e+02		1.1914959e+03		1.3113751e+03		3.8115636e+03		1.6861102e+03		8.8663282e+02		7.9947737e+02
4.0500000e+02		4.0600000e+02		4.0550000e+02		1.1904731e+03		1.3093123e+03		3.8029181e+03		1.6806430e+03		8.7857797e+02		8.0206507e+02
4.0600000e+02		4.0700000e+02		4.0650000e+02		1.1388815e+03		1.2516807e+03		3.6330128e+03		1.6039951e+03		8.3358481e+02		7.7041031e+02
4.0700000e+02		4.0800000e+02		4.0750000e+02		1.1575323e+03		1.2712811e+03		3.6873701e+03		1.6264187e+03		8.4026458e+02		7.8615412e+02
4.0800000e+02		4.0900000e+02		4.0850000e+02		1.2307397e+03		1.3507352e+03		3.9151577e+03		1.7252273e+03		8.8605785e+02		8.3916943e+02
4.0900000e+02		4.1000000e+02		4.0950000e+02		1.2243097e+03		1.3427430e+03		3.8893586e+03		1.7122154e+03		8.7418109e+02		8.3803430e+02
4.1000000e+02		4.1100000e+02		4.1050000e+02		1.1216634e+03		1.2293168e+03		3.5584191e+03		1.5650304e+03		7.9430690e+02		7.7072354e+02
4.1100000e+02		4.1200000e+02		4.1150000e+02		1.3003372e+03		1.4241608e+03		4.1196713e+03		1.8101539e+03		9.1326946e+02		8.9688443e+02
4.1200000e+02		4.1300000e+02		4.1250000e+02		1.2760342e+03		1.3965908e+03		4.0372451e+03		1.7722592e+03		8.8884084e+02		8.8341833e+02
4.1300000e+02		4.1400000e+02		4.1350000e+02		1.2308584e+03		1.3462350e+03		3.8891194e+03		1.7056289e+03		8.5033524e+02		8.5529370e+02
4.1400000e+02		4.1500000e+02		4.1450000e+02		1.2488872e+03		1.3650356e+03		3.9408593e+03		1.7267018e+03		8.5571161e+02		8.7099022e+02
4.1500000e+02		4.1600000e+02		4.1550000e+02		1.2477523e+03		1.3628849e+03		3.9321021e+03		1.7212594e+03		8.4792324e+02		8.7333615e+02
4.1600000e+02		4.1700000e+02		4.1650000e+02		1.2947363e+03		1.4132670e+03		4.0748399e+03		1.7820882e+03		8.7264039e+02		9.0944783e+02
4.1700000e+02		4.1800000e+02		4.1750000e+02		1.1781342e+03		1.2851441e+03		3.7030614e+03		1.6180006e+03		7.8754711e+02		8.3045353e+02
4.1800000e+02		4.1900000e+02		4.1850000e+02		1.2217101e+03		1.3318074e+03		3.8350882e+03		1.6741495e+03		8.0999018e+02		8.6415937e+02
4.1900000e+02		4.2000000e+02		4.1950000e+02		1.2338424e+03		1.3441608e+03		3.8682275e+03		1.6870737e+03		8.1134057e+02		8.7573308e+02
4.2000000e+02		4.2100000e+02		4.2050000e+02		1.2494927e+03		1.3603340e+03		3.9123279e+03		1.7047568e+03		8.1491312e+02		8.8984371e+02
4.2100000e+02		4.2200000e+02		4.2150000e+02		1.2299982e+03		1.3382543e+03		3.8464427e+03		1.6745327e+03		7.9564325e+02		8.7888949e+02
4.2200000e+02		4.2300000e+02		4.2250000e+02		1.1657134e+03		1.2675069e+03		3.6408592e+03		1.5836072e+03		7.4790133e+02		8.3570591e+02
4.2300000e+02		4.2400000e+02		4.2350000e+02		1.2419943e+03		1.3495984e+03		3.8742981e+03		1.6836348e+03		7.9033843e+02		8.9329633e+02
4.2400000e+02		4.2500000e+02		4.2450000e+02		1.2850442e+03		1.3955052e+03		4.0036567e+03		1.7383010e+03		8.1106370e+02		9.2723734e+02
4.2500000e+02		4.2600000e+02		4.2550000e+02		1.2367256e+03		1.3421998e+03		3.8484111e+03		1.6694175e+03		7.7420528e+02		8.9521218e+02
4.2600000e+02		4.2700000e+02		4.2650000e+02		1.2316584e+03		1.3358772e+03		3.8279979e+03		1.6591001e+03		7.6475351e+02		8.9434656e+02
4.2700000e+02		4.2800000e+02		4.2750000e+02		1.1420512e+03		1.2379306e+03		3.5452288e+03		1.5351987e+03		7.0334405e+02		8.3185467e+02
4.2800000e+02		4.2900000e+02		4.2850000e+02		1.1495483e+03		1.2453011e+03		3.5642415e+03		1.5420873e+03		7.0220376e+02		8.3988354e+02
4.2900000e+02		4.3000000e+02		4.2950000e+02		1.0698649e+03		1.1582825e+03		3.3132483e+03		1.4322518e+03		6.4821828e+02		7.8403349e+02
4.3000000e+02		4.3100000e+02		4.3050000e+02		8.6065012e+02		9.3122060e+02		2.6622002e+03		1.1498249e+03		5.1722337e+02		6.3260155e+02
4.3100000e+02		4.3200000e+02		4.3150000e+02		1.0641754e+03		1.1507514e+03		3.2879122e+03		1.4188579e+03		6.3434674e+02		7.8451114e+02
4.3200000e+02		4.3300000e+02		4.3250000e+02		1.1990384e+03		1.2958231e+03		3.7002994e+03		1.5954577e+03		7.0894322e+02		8.8651449e+02
4.3300000e+02		4.3400000e+02		4.3350000e+02		1.3017454e+03		1.4059987e+03		4.0126424e+03		1.7286644e+03		7.6343522e+02		9.6522918e+02
4.3400000e+02		4.3500000e+02		4.3450000e+02		1.1054356e+03		1.1932749e+03		3.4036297e+03		1.4650634e+03		6.4305829e+02		8.2200506e+02
4.3500000e+02		4.3600000e+02		4.3550000e+02		1.2347447e+03		1.3320925e+03		3.7974694e+03		1.6332186e+03		7.1247205e+02		9.2074655e+02
4.3600000e+02		4.3700000e+02		4.3650000e+02		1.3814970e+03		1.4895641e+03		4.2440364e+03		1.8237577e+03		7.9071040e+02		1.0330473e+03
4.3700000e+02		4.3800000e+02		4.3750000e+02		1.2223713e+03		1.3172444e+03		3.7510090e+03		1.6105574e+03		6.9398582e+02		9.1657154e+02
4.3800000e+02		4.3900000e+02		4.3850000e+02		1.1905029e+03		1.2821816e+03		3.6491773e+03		1.5655436e+03		6.7044169e+02		8.9510196e+02
4.3900000e+02		4.4000000e+02		4.3950000e+02		1.3250738e+03		1.4263199e+03		4.0572133e+03		1.7391708e+03		7.4021336e+02		9.9895747e+02
4.4000000e+02		4.4100000e+02		4.4050000e+02		1.2562739e+03		1.3515149e+03		3.8423691e+03		1.6457343e+03		6.9613062e+02		9.4960371e+02
4.4100000e+02		4.4200000e+02		4.4150000e+02		1.3817384e+03		1.4856751e+03		4.2215430e+03		1.8066756e+03		7.5949522e+02		1.0471803e+03
4.4200000e+02		4.4300000e+02		4.4250000e+02		1.4526378e+03		1.5610569e+03		4.4334012e+03		1.8958167e+03		7.9205020e+02		1.1037665e+03
4.4300000e+02		4.4400000e+02		4.4350000e+02		1.4050936e+03		1.5091482e+03		4.2837379e+03		1.8303520e+03		7.5997643e+02		1.0703756e+03
4.4400000e+02		4.4500000e+02		4.4450000e+02		1.4475318e+03		1.5538955e+03		4.4084640e+03		1.8821469e+03		7.7665097e+02		1.1054959e+03
4.4500000e+02		4.4600000e+02		4.4550000e+02		1.3420773e+03		1.4399259e+03		4.0830234e+03		1.7418253e+03		7.1430165e+02		1.0275237e+03
4.4600000e+02		4.4700000e+02		4.4650000e+02		1.3689269e+03		1.4679579e+03		4.1603829e+03		1.7734323e+03		7.2276014e+02		1.0506721e+03
4.4700000e+02		4.4800000e+02		4.4750000e+02		1.4837056e+03		1.5902068e+03		4.5045670e+03		1.9186465e+03		7.7709659e+02		1.1415499e+03
4.4800000e+02		4.4900000e+02		4.4850000e+02		1.4587166e+03		1.5626119e+03		4.4241722e+03		1.8829405e+03		7.5790550e+02		1.1250350e+03
4.4900000e+02		4.5000000e+02		4.4950000e+02		1.4737837e+03		1.5779385e+03		4.4653360e+03		1.8989932e+03		7.5962339e+02		1.1393698e+03
4.5000000e+02		4.5100000e+02		4.5050000e+02		1.5636828e+03		1.6733350e+03		4.7329490e+03		2.0112581e+03		7.9953466e+02		1.2117234e+03
4.5100000e+02		4.5200000e+02		4.5150000e+02		1.5589734e+03		1.6674492e+03		4.7139839e+03		2.0016716e+03		7.9077883e+02		1.2108928e+03
4.5200000e+02		4.5300000e+02		4.5250000e+02		1.4757889e+03		1.5776823e+03		4.4580332e+03		1.8915543e+03		7.4262906e+02		1.1489252e+03
4.5300000e+02		4.5400000e+02		4.5350000e+02		1.4141855e+03		1.5110710e+03		4.2677456e+03		1.8094510e+03		7.0597472e+02		1.1034763e+03
4.5400000e+02		4.5500000e+02		4.5450000e+02		1.5096596e+03		1.6122872e+03		4.5514277e+03		1.9282830e+03		7.4765391e+02		1.1806291e+03
4.5500000e+02		4.5600000e+02		4.5550000e+02		1.4952815e+03		1.5961473e+03		4.5037203e+03		1.9066516e+03		7.3466119e+02		1.1719905e+03
4.5600000e+02		4.5700000e+02		4.5650000e+02		1.5527317e+03		1.6566652e+03		4.6722713e+03		1.9765455e+03		7.5684495e+02		1.2197006e+03
4.5700000e+02		4.5800000e+02		4.5750000e+02		1.5677329e+03		1.6718620e+03		4.7129215e+03		1.9922774e+03		7.5811089e+02		1.2341665e+03
4.5800000e+02		4.5900000e+02		4.5850000e+02		1.4734199e+03		1.5705314e+03		4.4252160e+03		1.8692909e+03		7.0687269e+02		1.1624182e+03
4.5900000e+02		4.6000000e+02		4.5950000e+02		1.5222067e+03		1.6217619e+03		4.5674589e+03		1.9279772e+03		7.2451300e+02		1.2034642e+03
4.6000000e+02		4.6100000e+02		4.6050000e+02		1.5039223e+03		1.6015258e+03		4.5084033e+03		1.9016771e+03		7.1016575e+02		1.1915114e+03
4.6100000e+02		4.6200000e+02		4.6150000e+02		1.5386000e+03		1.6376873e+03		4.6081081e+03		1.9423409e+03		7.2081820e+02		1.2215227e+03
4.6200000e+02		4.6300000e+02		4.6250000e+02		1.5538294e+03		1.6531297e+03		4.6494656e+03		1.9583782e+03		7.2222577e+02		1.2361525e+03
4.6300000e+02		4.6400000e+02		4.6350000e+02		1.5018384e+03		1.5970804e+03		4.4898194e+03		1.8897968e+03		6.9257441e+02		1.1972224e+03
4.6400000e+02		4.6500000e+02		4.6450000e+02		1.5281564e+03		1.6243252e+03		4.5643884e+03		1.9198332e+03		6.9917939e+02		1.2206538e+03
4.6500000e+02		4.6600000e+02		4.6550000e+02		1.4760608e+03		1.5682404e+03		4.4048518e+03		1.8514365e+03		6.7004913e+02		1.1813874e+03
4.6600000e+02		4.6700000e+02		4.6650000e+02		1.4854121e+03		1.5774666e+03		4.4288340e+03		1.8602250e+03		6.6901364e+02		1.1912113e+03
4.6700000e+02		4.6800000e+02		4.6750000e+02		1.4997486e+03		1.5919817e+03		4.4676525e+03		1.8752361e+03		6.7018722e+02		1.2050489e+03
4.6800000e+02		4.6900000e+02		4.6850000e+02		1.4665907e+03		1.5560964e+03		4.3650719e+03		1.8309243e+03		6.5024996e+02		1.1806744e+03
4.6900000e+02		4.7000000e+02		4.6950000e+02		1.5086728e+03		1.6000448e+03		4.4864428e+03		1.8805526e+03		6.6368849e+02		1.2168641e+03
4.7000000e+02		4.7100000e+02		4.7050000e+02		1.4256243e+03		1.5113089e+03		4.2358424e+03		1.7743096e+03		6.2226623e+02		1.1520434e+03
4.7100000e+02		4.7200000e+02		4.7150000e+02		1.4904926e+03		1.5793944e+03		4.4248155e+03		1.8522216e+03		6.4551601e+02		1.2067056e+03
4.7200000e+02		4.7300000e+02		4.7250000e+02		1.5269264e+03		1.6173091e+03		4.5291537e+03		1.8946322e+03		6.5615355e+02		1.2384787e+03
4.7300000e+02		4.7400000e+02		4.7350000e+02		1.4995420e+03		1.5876297e+03		4.4442059e+03		1.8578643e+03		6.3938193e+02		1.2184824e+03
4.7400000e+02		4.7500000e+02		4.7450000e+02		1.5448084e+03		1.6348668e+03		4.5745636e+03		1.9110997e+03		6.5357414e+02		1.2575256e+03
4.7500000e+02		4.7600000e+02		4.7550000e+02		1.5413846e+03		1.6305624e+03		4.5606684e+03		1.9040480e+03		6.4707402e+02		1.2569740e+03
4.7600000e+02		4.7700000e+02		4.7650000e+02		1.4853490e+03		1.5706342e+03		4.3912819e+03		1.8321386e+03		6.1872600e+02		1.2134126e+03
4.7700000e+02		4.7800000e+02		4.7750000e+02		1.5508368e+03		1.6392087e+03		4.5811773e+03		1.9101328e+03		6.4101337e+02		1.2691195e+03
4.7800000e+02		4.7900000e+02		4.7850000e+02		1.5358791e+03		1.6227374e+03		4.5333483e+03		1.8889779e+03		6.2993159e+02		1.2590463e+03
4.7900000e+02		4.8000000e+02		4.7950000e+02		1.5403519e+03		1.6268057e+03		4.5429283e+03		1.8917634e+03		6.2689661e+02		1.2648668e+03
4.8000000e+02		4.8100000e+02		4.8050000e+02		1.5442750e+03		1.6302956e+03		4.5508996e+03		1.8938832e+03		6.2365511e+02		1.2702281e+03
4.8100000e+02		4.8200000e+02		4.8150000e+02		1.5475498e+03		1.6331035e+03		4.5569757e+03		1.8952194e+03		6.2017267e+02		1.2750467e+03
4.8200000e+02		4.8300000e+02		4.8250000e+02		1.5416562e+03		1.6262429e+03		4.5360918e+03		1.8853555e+03		6.1306702e+02		1.2722885e+03
4.8300000e+02		4.8400000e+02		4.8350000e+02		1.5183412e+03		1.6010226e+03		4.4640459e+03		1.8542596e+03		5.9916513e+02		1.2550945e+03
4.8400000e+02		4.8500000e+02		4.8450000e+02		1.4920771e+03		1.5727183e+03		4.3834719e+03		1.8196689e+03		5.8429135e+02		1.2353776e+03
4.8500000e+02		4.8600000e+02		4.8550000e+02		1.4021236e+03		1.4773349e+03		4.1160785e+03		1.7076224e+03		5.4486618e+02		1.1627563e+03
4.8600000e+02		4.8700000e+02		4.8650000e+02		1.2173217e+03		1.2821309e+03		3.5708843e+03		1.4805389e+03		4.6943839e+02		1.0111005e+03
4.8700000e+02		4.8800000e+02		4.8750000e+02		1.3927585e+03		1.4663530e+03		4.0824601e+03		1.6916232e+03		5.3299494e+02		1.1586282e+03
4.8800000e+02		4.8900000e+02		4.8850000e+02		1.4651201e+03		1.5419596e+03		4.2913874e+03		1.7771283e+03		5.5641506e+02		1.2207132e+03
4.8900000e+02		4.9000000e+02		4.8950000e+02		1.4372192e+03		1.5120327e+03		4.2065734e+03		1.7409676e+03		5.4166577e+02		1.1993018e+03
4.9000000e+02		4.9100000e+02		4.9050000e+02		1.5307557e+03		1.6098439e+03		4.4770805e+03		1.8518253e+03		5.7253412e+02		1.2792912e+03
4.9100000e+02		4.9200000e+02		4.9150000e+02		1.4425606e+03		1.5165370e+03		4.2160837e+03		1.7428459e+03		5.3545261e+02		1.2073932e+03
4.9200000e+02		4.9300000e+02		4.9250000e+02		1.3729411e+03		1.4428234e+03		4.0097357e+03		1.6565780e+03		5.0574867e+02		1.1508293e+03
4.9300000e+02		4.9400000e+02		4.9350000e+02		1.4509629e+03		1.5242676e+03		4.2345899e+03		1.7484596e+03		5.3044384e+02		1.2180157e+03
4.9400000e+02		4.9500000e+02		4.9450000e+02		1.4929449e+03		1.5678107e+03		4.3540415e+03		1.7967457e+03		5.4166596e+02		1.2550797e+03
4.9500000e+02		4.9600000e+02		4.9550000e+02		1.4663156e+03		1.5393008e+03		4.2733892e+03		1.7624549e+03		5.2798829e+02		1.2344667e+03
4.9600000e+02		4.9700000e+02		4.9650000e+02		1.4846220e+03		1.5579711e+03		4.3237400e+03		1.7822079e+03		5.3054987e+02		1.2516580e+03
4.9700000e+02		4.9800000e+02		4.9750000e+02		1.5123203e+03		1.5864852e+03		4.4013773e+03		1.8131857e+03		5.3637929e+02		1.2768065e+03
4.9800000e+02		4.9900000e+02		4.9850000e+02		1.3744029e+03		1.4413062e+03		3.9972605e+03		1.6457836e+03		4.8379860e+02		1.1619850e+03
4.9900000e+02		5.0000000e+02		4.9950000e+02		1.4721832e+03		1.5433174e+03		4.2787432e+03		1.7606975e+03		5.1432681e+02		1.2463707e+03
