Left Bin Edge (nm)	Right Bin Edge (nm)	Bin Center (nm)		Top of Atm Intensity (erg/s/nm/cm2)		Total Surface Flux (erg/s/nm/cm2)		Total Intensity at BOA (erg/s/nm/cm2)		Total Surface Intensity (erg/s/nm/cm2)		Total Surface Diffuse Intensity (erg/s/nm/cm2)		Total Surface Direct Intensity (erg/s/nm/cm2)
1.0000000e+02		1.0100000e+02		1.0050000e+02		4.4569042e-02		2.4525372e-199		0.0000000e+00		4.2479191e-199		4.2479191e-199		0.0000000e+00
1.0100000e+02		1.0200000e+02		1.0150000e+02		1.7387199e-01		2.8780736e-197		0.0000000e+00		4.9849697e-197		4.9849697e-197		0.0000000e+00
1.0200000e+02		1.0300000e+02		1.0250000e+02		9.2286085e-01		3.0760913e-195		0.0000000e+00		5.3279465e-195		5.3279465e-195		0.0000000e+00
1.0300000e+02		1.0400000e+02		1.0350000e+02		7.0094286e-01		3.0025214e-193		0.0000000e+00		5.2005196e-193		5.2005196e-193		0.0000000e+00
1.0400000e+02		1.0500000e+02		1.0450000e+02		1.4124828e-01		2.6834650e-191		0.0000000e+00		4.6478977e-191		4.6478977e-191		0.0000000e+00
1.0500000e+02		1.0600000e+02		1.0550000e+02		4.8389941e-02		2.2015016e-189		0.0000000e+00		3.8131127e-189		3.8131127e-189		0.0000000e+00
1.0600000e+02		1.0700000e+02		1.0650000e+02		4.5487167e-02		1.6618995e-187		0.0000000e+00		2.8784944e-187		2.8784944e-187		0.0000000e+00
1.0700000e+02		1.0800000e+02		1.0750000e+02		5.0757295e-02		1.1570799e-185		0.0000000e+00		2.0041212e-185		2.0041212e-185		0.0000000e+00
1.0800000e+02		1.0900000e+02		1.0850000e+02		7.1152114e-02		7.4467722e-184		0.0000000e+00		1.2898188e-183		1.2898188e-183		0.0000000e+00
1.0900000e+02		1.1000000e+02		1.0950000e+02		5.5817450e-02		4.4397206e-182		0.0000000e+00		7.6898216e-182		7.6898216e-182		0.0000000e+00
1.1000000e+02		1.1100000e+02		1.1050000e+02		5.4043772e-02		2.4571431e-180		0.0000000e+00		4.2558967e-180		4.2558967e-180		0.0000000e+00
1.1100000e+02		1.1200000e+02		1.1150000e+02		5.0797691e-02		1.2649209e-178		0.0000000e+00		2.1909073e-178		2.1909073e-178		0.0000000e+00
1.1200000e+02		1.1300000e+02		1.1250000e+02		5.1969037e-02		6.0686752e-177		0.0000000e+00		1.0511254e-176		1.0511254e-176		0.0000000e+00
1.1300000e+02		1.1400000e+02		1.1350000e+02		4.1221387e-02		2.7185195e-175		0.0000000e+00		4.7086139e-175		4.7086139e-175		0.0000000e+00
1.1400000e+02		1.1500000e+02		1.1450000e+02		3.1562600e-02		1.1390982e-173		0.0000000e+00		1.9729759e-173		1.9729759e-173		0.0000000e+00
1.1500000e+02		1.1600000e+02		1.1550000e+02		4.3552050e-02		4.4723296e-172		0.0000000e+00		7.7463022e-172		7.7463022e-172		0.0000000e+00
1.1600000e+02		1.1700000e+02		1.1650000e+02		1.0143732e-01		1.6480685e-170		0.0000000e+00		2.8545383e-170		2.8545383e-170		0.0000000e+00
1.1700000e+02		1.1800000e+02		1.1750000e+02		3.6108525e-01		5.7093862e-169		0.0000000e+00		9.8889470e-169		9.8889470e-169		0.0000000e+00
1.1800000e+02		1.1900000e+02		1.1850000e+02		1.2283927e-01		1.8622195e-167		0.0000000e+00		3.2254588e-167		3.2254588e-167		0.0000000e+00
1.1900000e+02		1.2000000e+02		1.1950000e+02		1.7115732e-01		5.7281484e-166		0.0000000e+00		9.9214441e-166		9.9214441e-166		0.0000000e+00
1.2000000e+02		1.2100000e+02		1.2050000e+02		9.3056497e-01		1.6641207e-164		0.0000000e+00		2.8823416e-164		2.8823416e-164		0.0000000e+00
1.2100000e+02		1.2200000e+02		1.2150000e+02		3.6941242e+01		4.5722198e-163		0.0000000e+00		7.9193170e-163		7.9193170e-163		0.0000000e+00
1.2200000e+02		1.2300000e+02		1.2250000e+02		2.4773856e-01		1.1896626e-161		0.0000000e+00		2.0605562e-161		2.0605562e-161		0.0000000e+00
1.2300000e+02		1.2400000e+02		1.2350000e+02		1.3344721e-01		2.9353078e-160		2.9986655e-161		5.0841022e-160		5.0841022e-160		0.0000000e+00
1.2400000e+02		1.2500000e+02		1.2450000e+02		1.0726631e-01		6.8766074e-159		7.2181160e-160		1.1910633e-158		1.1910633e-158		0.0000000e+00
1.2500000e+02		1.2600000e+02		1.2550000e+02		1.0471361e-01		1.5315265e-157		1.6512902e-158		2.6526817e-157		2.6526817e-157		0.0000000e+00
1.2600000e+02		1.2700000e+02		1.2650000e+02		1.4644878e-01		3.2465991e-156		3.5947390e-157		5.6232746e-156		5.6232746e-156		0.0000000e+00
1.2700000e+02		1.2800000e+02		1.2750000e+02		7.6659940e-02		6.5583168e-155		7.4551712e-156		1.1359338e-154		1.1359338e-154		0.0000000e+00
1.2800000e+02		1.2900000e+02		1.2850000e+02		6.1165494e-02		1.2638803e-153		1.4745731e-154		2.1891049e-153		2.1891049e-153		0.0000000e+00
1.2900000e+02		1.3000000e+02		1.2950000e+02		8.1594975e-02		2.3261864e-152		2.7844730e-153		4.0290731e-152		4.0290731e-152		0.0000000e+00
1.3000000e+02		1.3100000e+02		1.3050000e+02		6.7007791e-01		4.0932510e-151		5.0251455e-152		7.0897187e-151		7.0897187e-151		0.0000000e+00
1.3100000e+02		1.3200000e+02		1.3150000e+02		9.0731094e-02		6.8932421e-150		8.6764224e-151		1.1939446e-149		1.1939446e-149		0.0000000e+00
1.3200000e+02		1.3300000e+02		1.3250000e+02		7.0547730e-02		1.1120972e-148		1.4346661e-149		1.9262088e-148		1.9262088e-148		0.0000000e+00
1.3300000e+02		1.3400000e+02		1.3350000e+02		9.5357088e-01		1.7204653e-147		2.2739988e-148		2.9799334e-147		2.9799334e-147		0.0000000e+00
1.3400000e+02		1.3500000e+02		1.3450000e+02		6.5246966e-02		2.5547025e-146		3.4583415e-147		4.4248746e-146		4.4248746e-146		0.0000000e+00
1.3500000e+02		1.3600000e+02		1.3550000e+02		1.3692679e-01		3.6443567e-145		5.0512209e-146		6.3122109e-145		6.3122109e-145		0.0000000e+00
1.3600000e+02		1.3700000e+02		1.3650000e+02		8.9861989e-02		4.9988690e-144		7.0913861e-145		8.6582951e-144		8.6582951e-144		0.0000000e+00
1.3700000e+02		1.3800000e+02		1.3750000e+02		9.2282630e-02		6.5987993e-143		9.5779190e-144		1.1429456e-142		1.1429456e-142		0.0000000e+00
1.3800000e+02		1.3900000e+02		1.3850000e+02		9.4180145e-02		8.3900068e-142		1.2455668e-142		1.4531918e-141		1.4531918e-141		0.0000000e+00
1.3900000e+02		1.4000000e+02		1.3950000e+02		3.1801144e-01		1.0282891e-140		1.5608871e-141		1.7810490e-140		1.7810490e-140		0.0000000e+00
1.4000000e+02		1.4100000e+02		1.4050000e+02		2.7729440e-01		1.2158081e-139		1.8863654e-140		2.1058414e-139		2.1058414e-139		0.0000000e+00
1.4100000e+02		1.4200000e+02		1.4150000e+02		1.3359910e-01		1.3878516e-138		2.2002759e-139		2.4038294e-138		2.4038294e-138		0.0000000e+00
1.4200000e+02		1.4300000e+02		1.4250000e+02		1.4479671e-01		1.5306345e-137		2.4788428e-138		2.6511367e-137		2.6511367e-137		0.0000000e+00
1.4300000e+02		1.4400000e+02		1.4350000e+02		1.6064305e-01		1.6321641e-136		2.6993190e-137		2.8269912e-136		2.8269912e-136		0.0000000e+00
1.4400000e+02		1.4500000e+02		1.4450000e+02		1.5363637e-01		1.6839318e-135		2.8431874e-136		2.9166554e-135		2.9166554e-135		0.0000000e+00
1.4500000e+02		1.4600000e+02		1.4550000e+02		1.6382583e-01		1.6820918e-134		2.8986853e-135		2.9134685e-134		2.9134685e-134		0.0000000e+00
1.4600000e+02		1.4700000e+02		1.4650000e+02		1.9977093e-01		1.6278993e-133		2.8624198e-134		2.8196042e-133		2.8196042e-133		0.0000000e+00
1.4700000e+02		1.4800000e+02		1.4750000e+02		2.4643334e-01		1.5273494e-132		2.7395562e-133		2.6454467e-132		2.6454467e-132		0.0000000e+00
1.4800000e+02		1.4900000e+02		1.4850000e+02		2.4167300e-01		1.3901290e-131		2.5428080e-132		2.4077741e-131		2.4077741e-131		0.0000000e+00
1.4900000e+02		1.5000000e+02		1.4950000e+02		2.1832777e-01		1.2281262e-130		2.2903748e-131		2.1271769e-130		2.1271769e-130		0.0000000e+00
1.5000000e+02		1.5100000e+02		1.5050000e+02		2.4023073e-01		1.0538051e-129		2.0031880e-130		1.8252440e-129		1.8252440e-129		0.0000000e+00
1.5100000e+02		1.5200000e+02		1.5150000e+02		2.5258505e-01		8.7873653e-129		1.7022012e-129		1.5220163e-128		1.5220163e-128		0.0000000e+00
1.5200000e+02		1.5300000e+02		1.5250000e+02		3.2229547e-01		7.1249685e-128		1.4061240e-128		1.2340807e-127		1.2340807e-127		0.0000000e+00
1.5300000e+02		1.5400000e+02		1.5350000e+02		3.5701286e-01		5.6204601e-127		1.1297776e-127		9.7349224e-127		9.7349224e-127		0.0000000e+00
1.5400000e+02		1.5500000e+02		1.5450000e+02		9.5486931e-01		4.3157647e-126		8.8339490e-127		7.4751237e-126		7.4751237e-126		0.0000000e+00
1.5500000e+02		1.5600000e+02		1.5550000e+02		7.8587524e-01		3.2275038e-125		6.7258122e-126		5.5902006e-125		5.5902006e-125		0.0000000e+00
1.5600000e+02		1.5700000e+02		1.5650000e+02		4.6648084e-01		2.3519021e-124		4.9887530e-125		4.0736140e-124		4.0736140e-124		0.0000000e+00
1.5700000e+02		1.5800000e+02		1.5750000e+02		4.2309893e-01		1.6708246e-123		3.6065453e-124		2.8939531e-123		2.8939531e-123		0.0000000e+00
1.5800000e+02		1.5900000e+02		1.5850000e+02		3.9008072e-01		1.1577396e-122		2.5425073e-123		2.0052638e-122		2.0052638e-122		0.0000000e+00
1.5900000e+02		1.6000000e+02		1.5950000e+02		3.8042347e-01		7.8282146e-122		1.7487883e-122		1.3558865e-121		1.3558865e-121		0.0000000e+00
1.6000000e+02		1.6100000e+02		1.6050000e+02		4.1635449e-01		5.1675732e-121		1.1740427e-121		8.9504993e-121		8.9504993e-121		0.0000000e+00
1.6100000e+02		1.6200000e+02		1.6150000e+02		4.7164413e-01		3.3317850e-120		7.6965396e-121		5.7708209e-120		5.7708209e-120		0.0000000e+00
1.6200000e+02		1.6300000e+02		1.6250000e+02		5.2241459e-01		2.0990430e-119		4.9296391e-120		3.6356490e-119		3.6356490e-119		0.0000000e+00
1.6300000e+02		1.6400000e+02		1.6350000e+02		1.1072121e+00		1.2927241e-118		3.0859596e-119		2.2390639e-118		2.2390639e-118		0.0000000e+00
1.6400000e+02		1.6500000e+02		1.6450000e+02		1.1323318e+00		7.7859592e-118		1.8887269e-118		1.3485677e-117		1.3485677e-117		0.0000000e+00
1.6500000e+02		1.6600000e+02		1.6550000e+02		1.3255566e+00		4.5878762e-117		1.1309546e-117		7.9464347e-117		7.9464347e-117		0.0000000e+00
1.6600000e+02		1.6700000e+02		1.6650000e+02		6.2522883e-01		2.6459365e-116		6.6268356e-117		4.5828964e-116		4.5828964e-116		0.0000000e+00
1.6700000e+02		1.6800000e+02		1.6750000e+02		6.6723830e-01		1.4941167e-115		3.8008505e-116		2.5878861e-115		2.5878861e-115		0.0000000e+00
1.6800000e+02		1.6900000e+02		1.6850000e+02		7.1904320e-01		8.2638484e-115		2.1356932e-115		1.4313405e-114		1.4313405e-114		0.0000000e+00
1.6900000e+02		1.7000000e+02		1.6950000e+02		9.0554889e-01		4.4786361e-114		1.1752156e-114		7.7572253e-114		7.7572253e-114		0.0000000e+00
1.7000000e+02		1.7100000e+02		1.7050000e+02		1.0161854e+00		2.3791199e-113		6.3404790e-114		4.1207566e-113		4.1207566e-113		0.0000000e+00
1.7100000e+02		1.7200000e+02		1.7150000e+02		1.0130704e+00		1.2392296e-112		3.3540617e-113		2.1464086e-112		2.1464086e-112		0.0000000e+00
1.7200000e+02		1.7300000e+02		1.7250000e+02		1.0571150e+00		6.3314011e-112		1.7403451e-112		1.0966308e-111		1.0966308e-111		0.0000000e+00
1.7300000e+02		1.7400000e+02		1.7350000e+02		1.0479596e+00		3.1739862e-111		8.8608419e-112		5.4975053e-111		5.4975053e-111		0.0000000e+00
1.7400000e+02		1.7500000e+02		1.7450000e+02		1.2530722e+00		1.5617418e-110		4.4282419e-111		2.7050161e-110		2.7050161e-110		0.0000000e+00
1.7500000e+02		1.7600000e+02		1.7550000e+02		1.4954862e+00		7.5443586e-110		2.1759041e-110		1.3067212e-109		1.3067212e-109		0.0000000e+00
1.7600000e+02		1.7700000e+02		1.7650000e+02		1.6135596e+00		3.5795048e-109		1.0493370e-109		6.1998842e-109		6.1998842e-109		0.0000000e+00
1.7700000e+02		1.7800000e+02		1.7750000e+02		1.9010195e+00		1.6684574e-108		4.9747622e-109		2.8898530e-108		2.8898530e-108		0.0000000e+00
1.7800000e+02		1.7900000e+02		1.7850000e+02		2.0776624e+00		7.6423279e-108		2.3193623e-108		1.3236900e-107		1.3236900e-107		0.0000000e+00
1.7900000e+02		1.8000000e+02		1.7950000e+02		2.0198657e+00		3.4407346e-107		1.0650282e-107		5.9595271e-107		5.9595271e-107		0.0000000e+00
1.8000000e+02		1.8100000e+02		1.8050000e+02		2.4976225e+00		1.5231758e-106		4.8102620e-107		2.6382178e-106		2.6382178e-106		0.0000000e+00
1.8100000e+02		1.8200000e+02		1.8150000e+02		3.0410490e+00		6.6308824e-106		2.1435858e-106		1.1485025e-105		1.1485025e-105		0.0000000e+00
1.8200000e+02		1.8300000e+02		1.8250000e+02		2.8073836e+00		2.8383396e-105		9.4843187e-106		4.9161484e-105		4.9161484e-105		0.0000000e+00
1.8300000e+02		1.8400000e+02		1.8350000e+02		2.9562417e+00		1.1964337e-104		4.0813904e-105		2.0722839e-104		2.0722839e-104		0.0000000e+00
1.8400000e+02		1.8500000e+02		1.8450000e+02		2.5409769e+00		4.9549076e-104		1.7778913e-104		8.5821517e-104		8.5821517e-104		0.0000000e+00
1.8500000e+02		1.8600000e+02		1.8550000e+02		2.8735562e+00		2.0246542e-103		7.3868598e-104		3.5068040e-103		3.5068040e-103		0.0000000e+00
1.8600000e+02		1.8700000e+02		1.8650000e+02		3.2604304e+00		8.1115478e-103		3.1993177e-103		1.4049613e-102		1.4049613e-102		0.0000000e+00
1.8700000e+02		1.8800000e+02		1.8750000e+02		3.6946466e+00		3.2137765e-102		1.2963494e-102		5.5664242e-102		5.5664242e-102		0.0000000e+00
1.8800000e+02		1.8900000e+02		1.8850000e+02		3.8870616e+00		1.2447631e-101		5.6062552e-102		2.1559929e-101		2.1559929e-101		0.0000000e+00
1.8900000e+02		1.9000000e+02		1.8950000e+02		4.3106081e+00		4.7821056e-101		2.2273140e-101		8.2828499e-101		8.2828499e-101		1.6285948e-289
1.9000000e+02		1.9100000e+02		1.9050000e+02		4.4384288e+00		1.7894433e-100		9.5325240e-101		3.0994068e-100		3.0994068e-100		2.4441186e-182
1.9100000e+02		1.9200000e+02		1.9150000e+02		4.8094361e+00		3.6295566e-94		1.0598436e-88		6.2865764e-94		6.2865764e-94		1.0268767e-140
1.9200000e+02		1.9300000e+02		1.9250000e+02		5.0365493e+00		3.3423753e-73		6.6082934e-69		5.7891638e-73		5.7891638e-73		2.2159017e-110
1.9300000e+02		1.9400000e+02		1.9350000e+02		3.8447944e+00		4.4588193e-51		5.0858763e-48		7.7229016e-51		7.7229016e-51		2.1460482e-78
1.9400000e+02		1.9500000e+02		1.9450000e+02		6.1679797e+00		1.0074281e-39		2.7619157e-37		1.7449166e-39		1.7449166e-39		4.4877818e-62
1.9500000e+02		1.9600000e+02		1.9550000e+02		5.9528271e+00		5.1568087e-26		2.4707593e-24		8.9318546e-26		8.9318546e-26		2.1061191e-42
1.9600000e+02		1.9700000e+02		1.9650000e+02		6.5508102e+00		2.0000047e-20		4.7624452e-19		3.4641097e-20		3.4641097e-20		2.2163239e-34
1.9700000e+02		1.9800000e+02		1.9750000e+02		6.5190955e+00		3.0376656e-15		3.7937964e-14		5.2613911e-15		5.2613911e-15		5.3890183e-27
1.9800000e+02		1.9900000e+02		1.9850000e+02		6.3883794e+00		2.5520761e-10		1.7536389e-09		4.4203255e-10		4.4203255e-10		4.0791855e-20
1.9900000e+02		2.0000000e+02		1.9950000e+02		6.7274707e+00		3.2686516e-07		1.5759501e-06		5.6614706e-07		5.6614706e-07		6.7636924e-16
2.0000000e+02		2.0100000e+02		2.0050000e+02		7.1125146e+00		3.8360075e-05		1.4896375e-04		6.6441598e-05		6.6441598e-05		3.3652195e-13
2.0100000e+02		2.0200000e+02		2.0150000e+02		7.5701275e+00		2.0555626e-02		6.3464661e-02		3.5603389e-02		3.5603388e-02		3.0804688e-10
2.0200000e+02		2.0300000e+02		2.0250000e+02		7.4828608e+00		4.5238874e-02		1.3601214e-01		7.8356028e-02		7.8356027e-02		8.8913895e-10
2.0300000e+02		2.0400000e+02		2.0350000e+02		8.0092047e+00		1.8990173e-01		5.5116857e-01		3.2891945e-01		3.2891944e-01		3.5953298e-09
2.0400000e+02		2.0500000e+02		2.0450000e+02		8.6207445e+00		3.7373501e-01		1.0671450e+00		6.4732804e-01		6.4732803e-01		8.2997016e-09
2.0500000e+02		2.0600000e+02		2.0550000e+02		8.6400754e+00		3.8195204e-01		1.0834456e+00		6.6156034e-01		6.6156033e-01		1.3180625e-08
2.0600000e+02		2.0700000e+02		2.0650000e+02		8.6510225e+00		3.8990267e-01		1.0988448e+00		6.7533124e-01		6.7533122e-01		2.0644784e-08
2.0700000e+02		2.0800000e+02		2.0750000e+02		9.3957826e+00		4.3166318e-01		1.2087866e+00		7.4766256e-01		7.4766253e-01		3.4642638e-08
2.0800000e+02		2.0900000e+02		2.0850000e+02		1.0163489e+01		4.7588779e-01		1.3242676e+00		8.2426185e-01		8.2426179e-01		5.7206642e-08
2.0900000e+02		2.1000000e+02		2.0950000e+02		1.3129215e+01		6.2643674e-01		1.7324332e+00		1.0850203e+00		1.0850202e+00		1.1151449e-07
2.1000000e+02		2.1100000e+02		2.1050000e+02		1.6183343e+01		7.8670341e-01		2.1624165e+00		1.3626103e+00		1.3626101e+00		2.0510629e-07
2.1100000e+02		2.1200000e+02		2.1150000e+02		1.8424170e+01		9.1235377e-01		2.4927634e+00		1.5802432e+00		1.5802428e+00		3.4467201e-07
2.1200000e+02		2.1300000e+02		2.1250000e+02		1.6428561e+01		8.2858334e-01		2.2505223e+00		1.4351486e+00		1.4351481e+00		4.4891865e-07
2.1300000e+02		2.1400000e+02		2.1350000e+02		1.6737981e+01		8.5966735e-01		2.3213800e+00		1.4889877e+00		1.4889871e+00		6.6132006e-07
2.1400000e+02		2.1500000e+02		2.1450000e+02		2.1432541e+01		1.1207833e+00		3.0091575e+00		1.9412539e+00		1.9412527e+00		1.2124264e-06
2.1500000e+02		2.1600000e+02		2.1550000e+02		1.8408135e+01		9.7996116e-01		2.6162419e+00		1.6973430e+00		1.6973415e+00		1.4768423e-06
2.1600000e+02		2.1700000e+02		2.1650000e+02		1.7036901e+01		9.2314900e-01		2.4508929e+00		1.5989416e+00		1.5989396e+00		1.9206965e-06
2.1700000e+02		2.1800000e+02		2.1750000e+02		1.7640866e+01		9.7278040e-01		2.5685503e+00		1.6849059e+00		1.6849032e+00		2.7698730e-06
2.1800000e+02		2.1900000e+02		2.1850000e+02		2.3730294e+01		1.3315082e+00		3.4968305e+00		2.3062415e+00		2.3062363e+00		5.1447591e-06
2.1900000e+02		2.2000000e+02		2.1950000e+02		2.5052511e+01		1.4301134e+00		3.7358968e+00		2.4770313e+00		2.4770239e+00		7.4370890e-06
2.2000000e+02		2.2100000e+02		2.2050000e+02		2.5203754e+01		1.4635113e+00		3.8032064e+00		2.5348791e+00		2.5348689e+00		1.0162201e-05
2.2100000e+02		2.2200000e+02		2.2150000e+02		2.0176768e+01		1.1915926e+00		3.0806774e+00		2.0639023e+00		2.0638913e+00		1.0963150e-05
2.2200000e+02		2.2300000e+02		2.2250000e+02		2.7154039e+01		1.6307604e+00		4.1947684e+00		2.8245660e+00		2.8245463e+00		1.9732175e-05
2.2300000e+02		2.2400000e+02		2.2350000e+02		3.5163062e+01		2.1471218e+00		5.4955118e+00		3.7189345e+00		3.7189006e+00		3.3921965e-05
2.2400000e+02		2.2500000e+02		2.2450000e+02		3.2875934e+01		2.0407865e+00		5.1977633e+00		3.5347588e+00		3.5347170e+00		4.1804309e-05
2.2500000e+02		2.2600000e+02		2.2550000e+02		2.8720078e+01		1.8121339e+00		4.5931437e+00		3.1387228e+00		3.1386750e+00		4.7804244e-05
2.2600000e+02		2.2700000e+02		2.2650000e+02		2.1037217e+01		1.3490075e+00		3.4030461e+00		2.3365636e+00		2.3365181e+00		4.5528899e-05
2.2700000e+02		2.2800000e+02		2.2750000e+02		2.0463841e+01		1.3334334e+00		3.3480427e+00		2.3095922e+00		2.3095350e+00		5.7210012e-05
2.2800000e+02		2.2900000e+02		2.2850000e+02		2.8509984e+01		1.8874544e+00		4.7173091e+00		3.2691986e+00		3.2690962e+00		1.0231058e-04
2.2900000e+02		2.3000000e+02		2.2950000e+02		2.5620938e+01		1.7230881e+00		4.2870169e+00		2.9845124e+00		2.9843951e+00		1.1729831e-04
2.3000000e+02		2.3100000e+02		2.3050000e+02		2.9055844e+01		1.9848015e+00		4.9161582e+00		3.4378292e+00		3.4376605e+00		1.6870062e-04
2.3100000e+02		2.3200000e+02		2.3150000e+02		2.7387429e+01		1.8999605e+00		4.6853846e+00		3.2908901e+00		3.2906896e+00		2.0049815e-04
2.3200000e+02		2.3300000e+02		2.3250000e+02		2.9413108e+01		2.0719680e+00		5.0875194e+00		3.5888374e+00		3.5885674e+00		2.6998468e-04
2.3300000e+02		2.3400000e+02		2.3350000e+02		2.6543685e+01		1.8984175e+00		4.6415944e+00		3.2882495e+00		3.2879456e+00		3.0383135e-04
2.3400000e+02		2.3500000e+02		2.3450000e+02		2.3194371e+01		1.6839977e+00		4.1001444e+00		2.9168715e+00		2.9165421e+00		3.2932891e-04
2.3500000e+02		2.3600000e+02		2.3550000e+02		3.1223226e+01		2.3009413e+00		5.5792366e+00		3.9855165e+00		3.9849694e+00		5.4710410e-04
2.3600000e+02		2.3700000e+02		2.3650000e+02		2.8911473e+01		2.1622594e+00		5.2217696e+00		3.7453356e+00		3.7447135e+00		6.2207176e-04
2.3700000e+02		2.3800000e+02		2.3750000e+02		3.0878004e+01		2.3433545e+00		5.6366019e+00		4.0590602e+00		4.0582483e+00		8.1188136e-04
2.3800000e+02		2.3900000e+02		2.3850000e+02		2.5598090e+01		1.9710125e+00		4.7224427e+00		3.4141470e+00		3.4133284e+00		8.1861348e-04
2.3900000e+02		2.4000000e+02		2.3950000e+02		2.7890834e+01		2.1786058e+00		5.1997462e+00		3.7737899e+00		3.7727101e+00		1.0798752e-03
2.4000000e+02		2.4100000e+02		2.4050000e+02		2.5623038e+01		2.0301394e+00		4.8270689e+00		3.5166744e+00		3.5154786e+00		1.1957823e-03
2.4100000e+02		2.4200000e+02		2.4150000e+02		3.0005079e+01		2.4110781e+00		5.7115082e+00		4.1766296e+00		4.1749491e+00		1.6805387e-03
2.4200000e+02		2.4300000e+02		2.4250000e+02		4.1301739e+01		3.3655012e+00		7.9432582e+00		5.8300742e+00		5.8273096e+00		2.7645819e-03
2.4300000e+02		2.4400000e+02		2.4350000e+02		3.8791639e+01		3.2050036e+00		7.5372718e+00		5.5521851e+00		5.5490946e+00		3.0905259e-03
2.4400000e+02		2.4500000e+02		2.4450000e+02		3.6329084e+01		3.0429747e+00		7.1309577e+00		5.2716483e+00		5.2682170e+00		3.4312840e-03
2.4500000e+02		2.4600000e+02		2.4550000e+02		2.9476122e+01		2.5027226e+00		5.8445766e+00		4.3358598e+00		4.3325720e+00		3.2877798e-03
2.4600000e+02		2.4700000e+02		2.4650000e+02		2.8685918e+01		2.4686243e+00		5.7453037e+00		4.2769473e+00		4.2731828e+00		3.7644312e-03
2.4700000e+02		2.4800000e+02		2.4750000e+02		3.1678139e+01		2.7627121e+00		6.4082281e+00		4.7866652e+00		4.7817922e+00		4.8730512e-03
2.4800000e+02		2.4900000e+02		2.4850000e+02		2.5406301e+01		2.2451917e+00		5.1907089e+00		3.8901984e+00		3.8856333e+00		4.5650877e-03
2.4900000e+02		2.5000000e+02		2.4950000e+02		3.0967514e+01		2.7726885e+00		6.3895712e+00		4.8044410e+00		4.7979639e+00		6.4770529e-03
2.5000000e+02		2.5100000e+02		2.5050000e+02		3.3448743e+01		3.0339222e+00		6.9694559e+00		5.2574181e+00		5.2493020e+00		8.1161838e-03
2.5100000e+02		2.5200000e+02		2.5150000e+02		2.7888154e+01		2.5622525e+00		5.8676809e+00		4.4403720e+00		4.4325473e+00		7.8247306e-03
2.5200000e+02		2.5300000e+02		2.5250000e+02		2.5069906e+01		2.3328156e+00		5.3260029e+00		4.0430633e+00		4.0349557e+00		8.1076383e-03
2.5300000e+02		2.5400000e+02		2.5350000e+02		3.1592540e+01		2.9770512e+00		6.7765703e+00		5.1600356e+00		5.1482956e+00		1.1740032e-02
2.5400000e+02		2.5500000e+02		2.5450000e+02		3.5730773e+01		3.4093150e+00		7.7378387e+00		5.9098123e+00		5.8946013e+00		1.5210971e-02
2.5500000e+02		2.5600000e+02		2.5550000e+02		4.8755658e+01		4.7100127e+00		1.0659326e+01		8.1653151e+00		8.1416074e+00		2.3707756e-02
2.5600000e+02		2.5700000e+02		2.5650000e+02		6.2803876e+01		6.1419409e+00		1.3861002e+01		1.0648913e+01		1.0614131e+01		3.4782213e-02
2.5700000e+02		2.5800000e+02		2.5750000e+02		7.8843355e+01		7.8047080e+00		1.7565205e+01		1.3533492e+01		1.3483899e+01		4.9593882e-02
2.5800000e+02		2.5900000e+02		2.5850000e+02		8.2991293e+01		8.3147110e+00		1.8662831e+01		1.4419793e+01		1.4360664e+01		5.9129747e-02
2.5900000e+02		2.6000000e+02		2.5950000e+02		7.0629481e+01		7.1610191e+00		1.6031173e+01		1.2420835e+01		1.2363986e+01		5.6848457e-02
2.6000000e+02		2.6100000e+02		2.6050000e+02		5.7868388e+01		5.9368484e+00		1.3256622e+01		1.0299158e+01		1.0246676e+01		5.2482130e-02
2.6100000e+02		2.6200000e+02		2.6150000e+02		5.9092703e+01		6.1337518e+00		1.3662051e+01		1.0642603e+01		1.0582368e+01		6.0234899e-02
2.6200000e+02		2.6300000e+02		2.6250000e+02		7.0528613e+01		7.4060716e+00		1.6455717e+01		1.2852627e+01		1.2772023e+01		8.0604365e-02
2.6300000e+02		2.6400000e+02		2.6350000e+02		1.0614195e+02		1.1274382e+01		2.4991213e+01		1.9569775e+01		1.9434093e+01		1.3568154e-01
2.6400000e+02		2.6500000e+02		2.6450000e+02		1.6548208e+02		1.7778418e+01		3.9316957e+01		3.0866146e+01		3.0630091e+01		2.3605486e-01
2.6500000e+02		2.6600000e+02		2.6550000e+02		1.7356948e+02		1.8858439e+01		4.1611303e+01		3.2749049e+01		3.2473387e+01		2.7566190e-01
2.6600000e+02		2.6700000e+02		2.6650000e+02		1.6826276e+02		1.8486932e+01		4.0702008e+01		3.2112142e+01		3.1815269e+01		2.9687291e-01
2.6700000e+02		2.6800000e+02		2.6750000e+02		1.6940220e+02		1.8818933e+01		4.1344535e+01		3.2697840e+01		3.2366524e+01		3.3131608e-01
2.6800000e+02		2.6900000e+02		2.6850000e+02		1.6778062e+02		1.8843952e+01		4.1313687e+01		3.2750971e+01		3.2387984e+01		3.6298704e-01
2.6900000e+02		2.7000000e+02		2.6950000e+02		1.5737310e+02		1.7867775e+01		3.9094720e+01		3.1064162e+01		3.0688313e+01		3.7584881e-01
2.7000000e+02		2.7100000e+02		2.7050000e+02		1.8181465e+02		2.0865781e+01		4.5565355e+01		3.6288578e+01		3.5810196e+01		4.7838144e-01
2.7100000e+02		2.7200000e+02		2.7150000e+02		1.5108640e+02		1.7524811e+01		3.8197316e+01		3.0489080e+01		3.0051977e+01		4.3710350e-01
2.7200000e+02		2.7300000e+02		2.7250000e+02		1.2154404e+02		1.4247568e+01		3.0997489e+01		2.4796889e+01		2.4410987e+01		3.8590234e-01
2.7300000e+02		2.7400000e+02		2.7350000e+02		1.2960124e+02		1.5351565e+01		3.3340463e+01		2.6729126e+01		2.6278382e+01		4.5074317e-01
2.7400000e+02		2.7500000e+02		2.7450000e+02		8.9183780e+01		1.0673910e+01		2.3142095e+01		1.8592669e+01		1.8253518e+01		3.3915099e-01
2.7500000e+02		2.7600000e+02		2.7550000e+02		1.1893609e+02		1.4381483e+01		3.1129341e+01		2.5062175e+01		2.4568503e+01		4.9367145e-01
2.7600000e+02		2.7700000e+02		2.7650000e+02		1.6564211e+02		2.0233535e+01		4.3727241e+01		3.5277253e+01		3.4528117e+01		7.4913586e-01
2.7700000e+02		2.7800000e+02		2.7750000e+02		1.5837296e+02		1.9541239e+01		4.2167068e+01		3.4087436e+01		3.3308319e+01		7.7911687e-01
2.7800000e+02		2.7900000e+02		2.7850000e+02		1.0921797e+02		1.3611147e+01		2.9328099e+01		2.3755698e+01		2.3172211e+01		5.8348689e-01
2.7900000e+02		2.8000000e+02		2.7950000e+02		6.1368404e+01		7.7238699e+00		1.6619535e+01		1.3488097e+01		1.3132631e+01		3.5546583e-01
2.8000000e+02		2.8100000e+02		2.8050000e+02		6.7313201e+01		8.5553980e+00		1.8384240e+01		1.4948950e+01		1.4526879e+01		4.2207183e-01
2.8100000e+02		2.8200000e+02		2.8150000e+02		1.3943196e+02		1.7894227e+01		3.8403134e+01		3.1286031e+01		3.0341069e+01		9.4496262e-01
2.8200000e+02		2.8300000e+02		2.8250000e+02		1.8983287e+02		2.4597665e+01		5.2725719e+01		4.3033926e+01		4.1645449e+01		1.3884765e+00
2.8300000e+02		2.8400000e+02		2.8350000e+02		1.9610227e+02		2.5653025e+01		5.4924823e+01		4.4910502e+01		4.3364791e+01		1.5457112e+00
2.8400000e+02		2.8500000e+02		2.8450000e+02		1.4459284e+02		1.9094060e+01		4.0837228e+01		3.3451280e+01		3.2224831e+01		1.2264495e+00
2.8500000e+02		2.8600000e+02		2.8550000e+02		9.2944992e+01		1.2388979e+01		2.6469617e+01		2.1720415e+01		2.0873229e+01		8.4718620e-01
2.8600000e+02		2.8700000e+02		2.8650000e+02		1.9045522e+02		2.5622607e+01		5.4690990e+01		4.4955955e+01		4.3092999e+01		1.8629559e+00
2.8700000e+02		2.8800000e+02		2.8750000e+02		2.2108403e+02		3.0017326e+01		6.4013386e+01		5.2708485e+01		5.0390854e+01		2.3176308e+00
2.8800000e+02		2.8900000e+02		2.8850000e+02		2.1010240e+02		2.8786811e+01		6.1337275e+01		5.0589464e+01		4.8232089e+01		2.3573751e+00
2.8900000e+02		2.9000000e+02		2.8950000e+02		3.1885068e+02		4.4082062e+01		9.3853522e+01		7.7535378e+01		7.3711163e+01		3.8242147e+00
2.9000000e+02		2.9100000e+02		2.9050000e+02		4.1860542e+02		5.8392346e+01		1.2423036e+02		1.0279665e+02		9.7436511e+01		5.3601381e+00
2.9100000e+02		2.9200000e+02		2.9150000e+02		4.0318642e+02		5.6741184e+01		1.2063646e+02		9.9981594e+01		9.4476504e+01		5.5050894e+00
2.9200000e+02		2.9300000e+02		2.9250000e+02		3.5818014e+02		5.0851144e+01		1.0804737e+02		8.9688061e+01		8.4479349e+01		5.2087122e+00
2.9300000e+02		2.9400000e+02		2.9350000e+02		3.7393440e+02		5.3550934e+01		1.1372043e+02		9.4542449e+01		8.8757638e+01		5.7848117e+00
2.9400000e+02		2.9500000e+02		2.9450000e+02		3.4819581e+02		5.0296023e+01		1.0675482e+02		8.8885919e+01		8.3162071e+01		5.7238482e+00
2.9500000e+02		2.9600000e+02		2.9550000e+02		3.7701055e+02		5.4924806e+01		1.1652762e+02		9.7167490e+01		9.0589312e+01		6.5781777e+00
2.9600000e+02		2.9700000e+02		2.9650000e+02		3.4493460e+02		5.0678475e+01		1.0747668e+02		8.9751701e+01		8.3370479e+01		6.3812219e+00
2.9700000e+02		2.9800000e+02		2.9750000e+02		3.5165811e+02		5.2101035e+01		1.1045642e+02		9.2373141e+01		8.5482803e+01		6.8903386e+00
2.9800000e+02		2.9900000e+02		2.9850000e+02		3.0223333e+02		4.5151748e+01		9.5696549e+01		8.0143364e+01		7.3877758e+01		6.2656062e+00
2.9900000e+02		3.0000000e+02		2.9950000e+02		3.4101318e+02		5.1366243e+01		1.0884274e+02		9.1280451e+01		8.3808215e+01		7.4722358e+00
3.0000000e+02		3.0100000e+02		3.0050000e+02		2.7131061e+02		4.1201792e+01		8.7289146e+01		7.3305455e+01		6.7028163e+01		6.2772917e+00
3.0100000e+02		3.0200000e+02		3.0150000e+02		3.1202593e+02		4.7769571e+01		1.0119058e+02		8.5095156e+01		7.7479643e+01		7.6155134e+00
3.0200000e+02		3.0300000e+02		3.0250000e+02		3.2846528e+02		5.0690950e+01		1.0737065e+02		9.0412858e+01		8.1964216e+01		8.4486422e+00
3.0300000e+02		3.0400000e+02		3.0350000e+02		4.2601061e+02		6.6269089e+01		1.4036343e+02		1.1835043e+02		1.0681320e+02		1.1537233e+01
3.0400000e+02		3.0500000e+02		3.0450000e+02		4.0776836e+02		6.3932750e+01		1.3541762e+02		1.1432835e+02		1.0271167e+02		1.1616684e+01
3.0500000e+02		3.0600000e+02		3.0550000e+02		4.1174793e+02		6.5062470e+01		1.3781985e+02		1.1650519e+02		1.0417699e+02		1.2328195e+01
3.0600000e+02		3.0700000e+02		3.0650000e+02		3.9053943e+02		6.2190434e+01		1.3175116e+02		1.1151537e+02		9.9236658e+01		1.2278707e+01
3.0700000e+02		3.0800000e+02		3.0750000e+02		4.3847484e+02		7.0361258e+01		1.4908498e+02		1.2634358e+02		1.1187984e+02		1.4463734e+01
3.0800000e+02		3.0900000e+02		3.0850000e+02		4.3035211e+02		6.9584743e+01		1.4746981e+02		1.2512782e+02		1.1024641e+02		1.4881403e+01
3.0900000e+02		3.1000000e+02		3.0950000e+02		3.4901328e+02		5.6859689e+01		1.2053170e+02		1.0239439e+02		8.9753147e+01		1.2641246e+01
3.1000000e+02		3.1100000e+02		3.1050000e+02		4.3927411e+02		7.2101142e+01		1.5288511e+02		1.3003403e+02		1.1338217e+02		1.6651863e+01
3.1100000e+02		3.1200000e+02		3.1150000e+02		5.2246540e+02		8.6393279e+01		1.8325140e+02		1.5604474e+02		1.3533271e+02		2.0712028e+01
3.1200000e+02		3.1300000e+02		3.1250000e+02		4.6521908e+02		7.7493986e+01		1.6443613e+02		1.4018524e+02		1.2091326e+02		1.9271972e+01
3.1300000e+02		3.1400000e+02		3.1350000e+02		4.9544367e+02		8.3131438e+01		1.7647112e+02		1.5061742e+02		1.2918659e+02		2.1430833e+01
3.1400000e+02		3.1500000e+02		3.1450000e+02		4.6729179e+02		7.8975509e+01		1.6772454e+02		1.4331389e+02		1.2222331e+02		2.1090575e+01
3.1500000e+02		3.1600000e+02		3.1550000e+02		4.5343123e+02		7.7183066e+01		1.6399790e+02		1.4028582e+02		1.1894784e+02		2.1337974e+01
3.1600000e+02		3.1700000e+02		3.1650000e+02		4.4229406e+02		7.5823064e+01		1.6119275e+02		1.3803800e+02		1.1635163e+02		2.1686364e+01
3.1700000e+02		3.1800000e+02		3.1750000e+02		5.6102832e+02		9.6856377e+01		2.0602299e+02		1.7662025e+02		1.4797894e+02		2.8641318e+01
3.1800000e+02		3.1900000e+02		3.1850000e+02		4.6340678e+02		8.0562491e+01		1.7146621e+02		1.4715303e+02		1.2253757e+02		2.4615463e+01
3.1900000e+02		3.2000000e+02		3.1950000e+02		4.9774832e+02		8.7132764e+01		1.8556660e+02		1.5942287e+02		1.3193104e+02		2.7491830e+01
3.2000000e+02		3.2100000e+02		3.2050000e+02		5.7184857e+02		1.0079252e+02		2.1479950e+02		1.8473054e+02		1.5191045e+02		3.2820090e+01
3.2100000e+02		3.2200000e+02		3.2150000e+02		4.8024660e+02		8.5223968e+01		1.8174687e+02		1.5646656e+02		1.2784388e+02		2.8622680e+01
3.2200000e+02		3.2300000e+02		3.2250000e+02		4.8228681e+02		8.6164409e+01		1.8388505e+02		1.5846922e+02		1.2863830e+02		2.9830917e+01
3.2300000e+02		3.2400000e+02		3.2350000e+02		4.6607071e+02		8.3825191e+01		1.7902720e+02		1.5443874e+02		1.2453940e+02		2.9899342e+01
3.2400000e+02		3.2500000e+02		3.2450000e+02		5.4882129e+02		9.9364046e+01		2.1237917e+02		1.8339303e+02		1.4689848e+02		3.6494556e+01
3.2500000e+02		3.2600000e+02		3.2550000e+02		6.3196128e+02		1.1517016e+02		2.4636135e+02		2.1294735e+02		1.6941433e+02		4.3533023e+01
3.2600000e+02		3.2700000e+02		3.2650000e+02		7.1301257e+02		1.3078975e+02		2.8000617e+02		2.4226529e+02		1.9141356e+02		5.0851730e+01
3.2700000e+02		3.2800000e+02		3.2750000e+02		6.8984049e+02		1.2735861e+02		2.7289424e+02		2.3633998e+02		1.8543136e+02		5.0908621e+01
3.2800000e+02		3.2900000e+02		3.2850000e+02		6.6596082e+02		1.2373931e+02		2.6537280e+02		2.3004555e+02		1.7921975e+02		5.0825799e+01
3.2900000e+02		3.3000000e+02		3.2950000e+02		7.7527139e+02		1.4496684e+02		3.1117886e+02		2.7000861e+02		2.0885168e+02		6.1156928e+01
3.3000000e+02		3.3100000e+02		3.3050000e+02		7.3029799e+02		1.3741928e+02		2.9525100e+02		2.5642750e+02		1.9691387e+02		5.9513637e+01
3.3100000e+02		3.3200000e+02		3.3150000e+02		6.9881652e+02		1.3231843e+02		2.8456110e+02		2.4737177e+02		1.8857186e+02		5.8799909e+01
3.3200000e+02		3.3300000e+02		3.3250000e+02		6.8562051e+02		1.3062542e+02		2.8119218e+02		2.4466677e+02		1.8513189e+02		5.9534873e+01
3.3300000e+02		3.3400000e+02		3.3350000e+02		6.5878216e+02		1.2628444e+02		2.7211601e+02		2.3698389e+02		1.7797942e+02		5.9004476e+01
3.3400000e+02		3.3500000e+02		3.3450000e+02		6.9405546e+02		1.3385786e+02		2.8872529e+02		2.5167408e+02		1.8758584e+02		6.4088241e+01
3.3500000e+02		3.3600000e+02		3.3550000e+02		6.8541663e+02		1.3299147e+02		2.8715016e+02		2.5052303e+02		1.8530472e+02		6.5218312e+01
3.3600000e+02		3.3700000e+02		3.3650000e+02		5.6469084e+02		1.1022429e+02		2.3823970e+02		2.0803373e+02		1.5269234e+02		5.5341394e+01
3.3700000e+02		3.3800000e+02		3.3750000e+02		5.9573781e+02		1.1697615e+02		2.5310022e+02		2.2120215e+02		1.6109632e+02		6.0105830e+01
3.3800000e+02		3.3900000e+02		3.3850000e+02		6.4448401e+02		1.2729408e+02		2.7572003e+02		2.4117848e+02		1.7426754e+02		6.6910942e+01
3.3900000e+02		3.4000000e+02		3.3950000e+02		6.7448220e+02		1.3399822e+02		2.9055618e+02		2.5437245e+02		1.8234728e+02		7.2025174e+01
3.4000000e+02		3.4100000e+02		3.4050000e+02		7.1196374e+02		1.4226485e+02		3.0882003e+02		2.7058984e+02		1.9242536e+02		7.8164482e+01
3.4100000e+02		3.4200000e+02		3.4150000e+02		6.4984945e+02		1.3059981e+02		2.8381322e+02		2.4888638e+02		1.7556770e+02		7.3318675e+01
3.4200000e+02		3.4300000e+02		3.4250000e+02		7.0477558e+02		1.4244586e+02		3.0990397e+02		2.7199106e+02		1.9031044e+02		8.1680620e+01
3.4300000e+02		3.4400000e+02		3.4350000e+02		6.9264465e+02		1.4078549e+02		3.0663889e+02		2.6934581e+02		1.8691976e+02		8.2426047e+01
3.4400000e+02		3.4500000e+02		3.4450000e+02		5.5710877e+02		1.1387155e+02		2.4830247e+02		2.1828110e+02		1.5023509e+02		6.8046008e+01
3.4500000e+02		3.4600000e+02		3.4550000e+02		6.7138909e+02		1.3799298e+02		3.0124743e+02		2.6503741e+02		1.8090337e+02		8.4134041e+01
3.4600000e+02		3.4700000e+02		3.4650000e+02		6.5194093e+02		1.3473431e+02		2.9447533e+02		2.5928547e+02		1.7549977e+02		8.3785698e+01
3.4700000e+02		3.4800000e+02		3.4750000e+02		6.4525828e+02		1.3408207e+02		2.9339268e+02		2.5853582e+02		1.7352153e+02		8.5014288e+01
3.4800000e+02		3.4900000e+02		3.4850000e+02		6.6761091e+02		1.3947868e+02		3.0556068e+02		2.6946841e+02		1.7932914e+02		9.0139273e+01
3.4900000e+02		3.5000000e+02		3.4950000e+02		6.3989005e+02		1.3440558e+02		2.9479555e+02		2.6017593e+02		1.7167112e+02		8.8504814e+01
3.5000000e+02		3.5100000e+02		3.5050000e+02		7.6650484e+02		1.6185823e+02		3.5543081e+02		3.1393080e+02		2.0536603e+02		1.0856477e+02
3.5100000e+02		3.5200000e+02		3.5150000e+02		7.1211510e+02		1.5116757e+02		3.3235172e+02		2.9376927e+02		1.9052139e+02		1.0324788e+02
3.5200000e+02		3.5300000e+02		3.5250000e+02		6.5785102e+02		1.4038001e+02		3.0900514e+02		2.7333841e+02		1.7573552e+02		9.7602896e+01
3.5300000e+02		3.5400000e+02		3.5350000e+02		7.5263834e+02		1.6144115e+02		3.5579322e+02		3.1496055e+02		2.0073171e+02		1.1422884e+02
3.5400000e+02		3.5500000e+02		3.5450000e+02		8.0329241e+02		1.7319398e+02		3.8215612e+02		3.3854770e+02		2.1387536e+02		1.2467234e+02
3.5500000e+02		3.5600000e+02		3.5550000e+02		7.5433512e+02		1.6346917e+02		3.6113526e+02		3.2015962e+02		2.0047918e+02		1.1968044e+02
3.5600000e+02		3.5700000e+02		3.5650000e+02		6.5576441e+02		1.4282793e+02		3.1591795e+02		2.8027585e+02		1.7395288e+02		1.0632298e+02
3.5700000e+02		3.5800000e+02		3.5750000e+02		5.7307986e+02		1.2544567e+02		2.7780811e+02		2.4664263e+02		1.5171877e+02		9.4923865e+01
3.5800000e+02		3.5900000e+02		3.5850000e+02		4.9194729e+02		1.0822211e+02		2.3995731e+02		2.1318971e+02		1.2997064e+02		8.3219067e+01
3.5900000e+02		3.6000000e+02		3.5950000e+02		7.1030971e+02		1.5703044e+02		3.4860297e+02		3.0993423e+02		1.8725770e+02		1.2267653e+02
3.6000000e+02		3.6100000e+02		3.6050000e+02		7.0092701e+02		1.5571465e+02		3.4610372e+02		3.0792728e+02		1.8437128e+02		1.2355601e+02
3.6100000e+02		3.6200000e+02		3.6150000e+02		6.5110481e+02		1.4534839e+02		3.2345709e+02		2.8797797e+02		1.7086918e+02		1.1710879e+02
3.6200000e+02		3.6300000e+02		3.6250000e+02		7.3500056e+02		1.6486628e+02		3.6733969e+02		3.2727167e+02		1.9242314e+02		1.3484853e+02
3.6300000e+02		3.6400000e+02		3.6350000e+02		7.1558904e+02		1.6127796e+02		3.5978276e+02		3.2075704e+02		1.8687666e+02		1.3388038e+02
3.6400000e+02		3.6500000e+02		3.6450000e+02		7.4837927e+02		1.6946607e+02		3.7850963e+02		3.3768004e+02		1.9493974e+02		1.4274030e+02
3.6500000e+02		3.6600000e+02		3.6550000e+02		8.5179486e+02		1.9378863e+02		4.3336188e+02		3.8687364e+02		2.2129263e+02		1.6558101e+02
3.6600000e+02		3.6700000e+02		3.6650000e+02		9.1042532e+02		2.0809068e+02		4.6591050e+02		4.1620596e+02		2.3588274e+02		1.8032322e+02
3.6700000e+02		3.6800000e+02		3.6750000e+02		8.7909512e+02		2.0185619e+02		4.5249988e+02		4.0449117e+02		2.2713012e+02		1.7736105e+02
3.6800000e+02		3.6900000e+02		3.6850000e+02		8.1047729e+02		1.8695107e+02		4.1959451e+02		3.7532077e+02		2.0880188e+02		1.6651889e+02
3.6900000e+02		3.7000000e+02		3.6950000e+02		8.9967825e+02		2.0846751e+02		4.6845129e+02		4.1929232e+02		2.3110196e+02		1.8819036e+02
3.7000000e+02		3.7100000e+02		3.7050000e+02		8.4427990e+02		1.9651012e+02		4.4211357e+02		3.9597108e+02		2.1621927e+02		1.7975181e+02
3.7100000e+02		3.7200000e+02		3.7150000e+02		8.7164560e+02		2.0378356e+02		4.5902826e+02		4.1138051e+02		2.2254029e+02		1.8884022e+02
3.7200000e+02		3.7300000e+02		3.7250000e+02		7.2411383e+02		1.7003968e+02		3.8347788e+02		3.4388782e+02		1.8429179e+02		1.5959602e+02
3.7300000e+02		3.7400000e+02		3.7350000e+02		6.3155746e+02		1.4895470e+02		3.3632740e+02		3.0179250e+02		1.6021851e+02		1.4157400e+02
3.7400000e+02		3.7500000e+02		3.7450000e+02		6.4642322e+02		1.5312284e+02		3.4614986e+02		3.1079760e+02		1.6345120e+02		1.4734640e+02
3.7500000e+02		3.7600000e+02		3.7550000e+02		7.4036161e+02		1.7612966e+02		3.9863081e+02		3.5813705e+02		1.8657679e+02		1.7156026e+02
3.7600000e+02		3.7700000e+02		3.7650000e+02		7.6758018e+02		1.8338422e+02		4.1553962e+02		3.7355395e+02		1.9277544e+02		1.8077851e+02
3.7700000e+02		3.7800000e+02		3.7750000e+02		9.0048278e+02		2.1604657e+02		4.9012607e+02		4.4086825e+02		2.2536670e+02		2.1550155e+02
3.7800000e+02		3.7900000e+02		3.7850000e+02		9.3786543e+02		2.2595945e+02		5.1321415e+02		4.6191006e+02		2.3389119e+02		2.2801888e+02
3.7900000e+02		3.8000000e+02		3.7950000e+02		7.6051322e+02		1.8399210e+02		4.1838162e+02		3.7677914e+02		1.8897841e+02		1.8780073e+02
3.8000000e+02		3.8100000e+02		3.8050000e+02		8.2814537e+02		2.0118052e+02		4.5799657e+02		4.1269538e+02		2.0503010e+02		2.0766528e+02
3.8100000e+02		3.8200000e+02		3.8150000e+02		7.4366886e+02		1.8139717e+02		4.1343493e+02		3.7275664e+02		1.8342996e+02		1.8932668e+02
3.8200000e+02		3.8300000e+02		3.8250000e+02		5.3336093e+02		1.3062564e+02		2.9805941e+02		2.6888689e+02		1.3105873e+02		1.3782816e+02
3.8300000e+02		3.8400000e+02		3.8350000e+02		4.7073026e+02		1.1574988e+02		2.6441739e+02		2.3867291e+02		1.1522477e+02		1.2344814e+02
3.8400000e+02		3.8500000e+02		3.8450000e+02		6.2969557e+02		1.5545520e+02		3.5552247e+02		3.2108811e+02		1.5353545e+02		1.6755266e+02
3.8500000e+02		3.8600000e+02		3.8550000e+02		6.6694888e+02		1.6530213e+02		3.7846852e+02		3.4200211e+02		1.6197599e+02		1.8002612e+02
3.8600000e+02		3.8700000e+02		3.8650000e+02		6.6977732e+02		1.6665289e+02		3.8198896e+02		3.4537387e+02		1.6201110e+02		1.8336277e+02
3.8700000e+02		3.8800000e+02		3.8750000e+02		6.6902499e+02		1.6711159e+02		3.8346724e+02		3.4690008e+02		1.6117198e+02		1.8572810e+02
3.8800000e+02		3.8900000e+02		3.8850000e+02		6.7841027e+02		1.7010769e+02		3.9077465e+02		3.5370224e+02		1.6276068e+02		1.9094156e+02
3.8900000e+02		3.9000000e+02		3.8950000e+02		8.1451188e+02		2.0501319e+02		4.7147856e+02		4.2697901e+02		1.9459954e+02		2.3237946e+02
3.9000000e+02		3.9100000e+02		3.9050000e+02		8.5560997e+02		2.1617166e+02		4.9768382e+02		4.5095074e+02		2.0355669e+02		2.4739405e+02
3.9100000e+02		3.9200000e+02		3.9150000e+02		9.2006232e+02		2.3332672e+02		5.3776280e+02		4.8752314e+02		2.1795668e+02		2.6956647e+02
3.9200000e+02		3.9300000e+02		3.9250000e+02		7.0614281e+02		1.7974218e+02		4.1471010e+02		3.7616284e+02		1.6655876e+02		2.0960408e+02
3.9300000e+02		3.9400000e+02		3.9350000e+02		4.3291589e+02		1.1060053e+02		2.5545651e+02		2.3183178e+02		1.0166688e+02		1.3016490e+02
3.9400000e+02		3.9500000e+02		3.9450000e+02		7.1565803e+02		1.8350234e+02		4.2429044e+02		3.8524933e+02		1.6732543e+02		2.1792390e+02
3.9500000e+02		3.9600000e+02		3.9550000e+02		8.7888136e+02		2.2616994e+02		5.2349818e+02		4.7556997e+02		2.0457232e+02		2.7099765e+02
3.9600000e+02		3.9700000e+02		3.9650000e+02		6.0712893e+02		1.5679799e+02		3.6330897e+02		3.3021282e+02		1.4068179e+02		1.8953103e+02
3.9700000e+02		3.9800000e+02		3.9750000e+02		6.8053003e+02		1.7637956e+02		4.0910603e+02		3.7202339e+02		1.5697306e+02		2.1505033e+02
3.9800000e+02		3.9900000e+02		3.9850000e+02		1.0480559e+03		2.7259215e+02		6.3292119e+02		5.7583565e+02		2.4063789e+02		3.3519776e+02
3.9900000e+02		4.0000000e+02		3.9950000e+02		1.1577145e+03		3.0216557e+02		7.0230629e+02		6.3927548e+02		2.6458426e+02		3.7469121e+02
4.0000000e+02		4.0100000e+02		4.0050000e+02		1.1939713e+03		3.1270784e+02		7.2754901e+02		6.6257393e+02		2.7159451e+02		3.9097942e+02
4.0100000e+02		4.0200000e+02		4.0150000e+02		1.2509583e+03		3.2875773e+02		7.6566351e+02		6.9761963e+02		2.8321510e+02		4.1440452e+02
4.0200000e+02		4.0300000e+02		4.0250000e+02		1.2664199e+03		3.3395359e+02		7.7854400e+02		7.0969315e+02		2.8535143e+02		4.2434172e+02
4.0300000e+02		4.0400000e+02		4.0350000e+02		1.2115903e+03		3.2057269e+02		7.4809232e+02		6.8225613e+02		2.7168739e+02		4.1056874e+02
4.0400000e+02		4.0500000e+02		4.0450000e+02		1.1914959e+03		3.1630992e+02		7.3887280e+02		6.7416286e+02		2.6588911e+02		4.0827375e+02
4.0500000e+02		4.0600000e+02		4.0550000e+02		1.1904731e+03		3.1708572e+02		7.4140972e+02		6.7679077e+02		2.6436572e+02		4.1242505e+02
4.0600000e+02		4.0700000e+02		4.0650000e+02		1.1388815e+03		3.0434059e+02		7.1229966e+02		6.5051605e+02		2.5166640e+02		3.9884965e+02
4.0700000e+02		4.0800000e+02		4.0750000e+02		1.1575323e+03		3.1033174e+02		7.2702084e+02		6.6426201e+02		2.5452173e+02		4.0974027e+02
4.0800000e+02		4.0900000e+02		4.0850000e+02		1.2307397e+03		3.3102336e+02		7.7623573e+02		7.0954773e+02		2.6926954e+02		4.4027819e+02
4.0900000e+02		4.1000000e+02		4.0950000e+02		1.2243097e+03		3.3034732e+02		7.7538362e+02		7.0908487e+02		2.6651772e+02		4.4256714e+02
4.1000000e+02		4.1100000e+02		4.1050000e+02		1.1216634e+03		3.0361059e+02		7.1329656e+02		6.5259468e+02		2.4293829e+02		4.0965638e+02
4.1100000e+02		4.1200000e+02		4.1150000e+02		1.3003372e+03		3.5308001e+02		8.3029086e+02		7.5996511e+02		2.8020324e+02		4.7976187e+02
4.1200000e+02		4.1300000e+02		4.1250000e+02		1.2760342e+03		3.4756038e+02		8.1806500e+02		7.4909937e+02		2.7355751e+02		4.7554187e+02
4.1300000e+02		4.1400000e+02		4.1350000e+02		1.2308584e+03		3.3629077e+02		7.9226316e+02		7.2578425e+02		2.6251207e+02		4.6327218e+02
4.1400000e+02		4.1500000e+02		4.1450000e+02		1.2488872e+03		3.4226082e+02		8.0705884e+02		7.3965295e+02		2.6497522e+02		4.7467773e+02
4.1500000e+02		4.1600000e+02		4.1550000e+02		1.2477523e+03		3.4298709e+02		8.0949809e+02		7.4220111e+02		2.6335257e+02		4.7884853e+02
4.1600000e+02		4.1700000e+02		4.1650000e+02		1.2947363e+03		3.5697232e+02		8.4325554e+02		7.7347490e+02		2.7183426e+02		5.0164064e+02
4.1700000e+02		4.1800000e+02		4.1750000e+02		1.1781342e+03		3.2579192e+02		7.7027912e+02		7.0682956e+02		2.4604704e+02		4.6078252e+02
4.1800000e+02		4.1900000e+02		4.1850000e+02		1.2217101e+03		3.3883998e+02		8.0182978e+02		7.3608272e+02		2.5379271e+02		4.8229001e+02
4.1900000e+02		4.2000000e+02		4.1950000e+02		1.2338424e+03		3.4320674e+02		8.1286728e+02		7.4651797e+02		2.5494449e+02		4.9157348e+02
4.2000000e+02		4.2100000e+02		4.2050000e+02		1.2494927e+03		3.4856860e+02		8.2627571e+02		7.5913696e+02		2.5679244e+02		5.0234452e+02
4.2100000e+02		4.2200000e+02		4.2150000e+02		1.2299982e+03		3.4411715e+02		8.1641793e+02		7.5037883e+02		2.5142209e+02		4.9895674e+02
4.2200000e+02		4.2300000e+02		4.2250000e+02		1.1657134e+03		3.2706187e+02		7.7660869e+02		7.1407123e+02		2.3698962e+02		4.7708161e+02
4.2300000e+02		4.2400000e+02		4.2350000e+02		1.2419943e+03		3.4944842e+02		8.3045894e+02		7.6388342e+02		2.5112160e+02		5.1276182e+02
4.2400000e+02		4.2500000e+02		4.2450000e+02		1.2850442e+03		3.6257351e+02		8.6236384e+02		7.9353757e+02		2.5840333e+02		5.3513425e+02
4.2500000e+02		4.2600000e+02		4.2550000e+02		1.2367256e+03		3.4990903e+02		8.3292455e+02		7.6674166e+02		2.4731918e+02		5.1942248e+02
4.2600000e+02		4.2700000e+02		4.2650000e+02		1.2316584e+03		3.4943404e+02		8.3246973e+02		7.6661395e+02		2.4494480e+02		5.2166915e+02
4.2700000e+02		4.2800000e+02		4.2750000e+02		1.1420512e+03		3.2489504e+02		7.7463256e+02		7.1362053e+02		2.2586367e+02		4.8775686e+02
4.2800000e+02		4.2900000e+02		4.2850000e+02		1.1495483e+03		3.2791165e+02		7.8244830e+02		7.2108922e+02		2.2607910e+02		4.9501012e+02
4.2900000e+02		4.3000000e+02		4.2950000e+02		1.0698649e+03		3.0599921e+02		7.3073846e+02		6.7368295e+02		2.0923017e+02		4.6445278e+02
4.3000000e+02		4.3100000e+02		4.3050000e+02		8.6065012e+02		2.4681381e+02		5.8986242e+02		5.4400518e+02		1.6736868e+02		3.7663650e+02
4.3100000e+02		4.3200000e+02		4.3150000e+02		1.0641754e+03		3.0598299e+02		7.3183798e+02		6.7518762e+02		2.0578000e+02		4.6940761e+02
4.3200000e+02		4.3300000e+02		4.3250000e+02		1.1990384e+03		3.4565935e+02		8.2736880e+02		7.6359731e+02		2.3054510e+02		5.3305221e+02
4.3300000e+02		4.3400000e+02		4.3350000e+02		1.3017454e+03		3.7623777e+02		9.0124570e+02		8.3207545e+02		2.4886988e+02		5.8320557e+02
4.3400000e+02		4.3500000e+02		4.3450000e+02		1.1054356e+03		3.2031773e+02		7.6787160e+02		7.0918721e+02		2.1013292e+02		4.9905429e+02
4.3500000e+02		4.3600000e+02		4.3550000e+02		1.2347447e+03		3.5869560e+02		8.6051280e+02		7.9502533e+02		2.3336904e+02		5.6165629e+02
4.3600000e+02		4.3700000e+02		4.3650000e+02		1.3814970e+03		4.0233740e+02		9.6592238e+02		8.9272102e+02		2.5960479e+02		6.3311623e+02
4.3700000e+02		4.3800000e+02		4.3750000e+02		1.2223713e+03		3.5688272e+02		8.5742228e+02		7.9271446e+02		2.2837788e+02		5.6433658e+02
4.3800000e+02		4.3900000e+02		4.3850000e+02		1.1905029e+03		3.4843771e+02		8.3773901e+02		7.7477899e+02		2.2113687e+02		5.5364211e+02
4.3900000e+02		4.4000000e+02		4.3950000e+02		1.3250738e+03		3.8877432e+02		9.3538940e+02		8.6538072e+02		2.4470477e+02		6.2067595e+02
4.4000000e+02		4.4100000e+02		4.4050000e+02		1.2562739e+03		3.6948366e+02		8.8960733e+02		8.2329868e+02		2.3064838e+02		5.9265030e+02
4.4100000e+02		4.4200000e+02		4.4150000e+02		1.3817384e+03		4.0736226e+02		9.8149734e+02		9.0863848e+02		2.5220160e+02		6.5643688e+02
4.4200000e+02		4.4300000e+02		4.4250000e+02		1.4526378e+03		4.2928637e+02		1.0350413e+03		9.5852014e+02		2.6358925e+02		6.9493089e+02
4.4300000e+02		4.4400000e+02		4.4350000e+02		1.4050936e+03		4.1621779e+02		1.0042237e+03		9.3028128e+02		2.5346415e+02		6.7681712e+02
4.4400000e+02		4.4500000e+02		4.4450000e+02		1.4475318e+03		4.2979369e+02		1.0376866e+03		9.6158768e+02		2.5958113e+02		7.0200655e+02
4.4500000e+02		4.4600000e+02		4.4550000e+02		1.3420773e+03		3.9940820e+02		9.6497604e+02		8.9449272e+02		2.3924848e+02		6.5524424e+02
4.4600000e+02		4.4700000e+02		4.4650000e+02		1.3689269e+03		4.0833659e+02		9.8720728e+02		9.1538734e+02		2.4258932e+02		6.7279802e+02
4.4700000e+02		4.4800000e+02		4.4750000e+02		1.4837056e+03		4.4358364e+02		1.0731321e+03		9.9537042e+02		2.6136788e+02		7.3400254e+02
4.4800000e+02		4.4900000e+02		4.4850000e+02		1.4587166e+03		4.3709888e+02		1.0581376e+03		9.8176460e+02		2.5543588e+02		7.2632872e+02
4.4900000e+02		4.5000000e+02		4.4950000e+02		1.4737837e+03		4.4260345e+02		1.0721590e+03		9.9507737e+02		2.5653395e+02		7.3854342e+02
4.5000000e+02		4.5100000e+02		4.5050000e+02		1.5636828e+03		4.7064491e+02		1.1408194e+03		1.0591214e+03		2.7055381e+02		7.8856761e+02
4.5100000e+02		4.5200000e+02		4.5150000e+02		1.5589734e+03		4.7026055e+02		1.1406133e+03		1.0592470e+03		2.6812143e+02		7.9112553e+02
4.5200000e+02		4.5300000e+02		4.5250000e+02		1.4757889e+03		4.4613958e+02		1.0827900e+03		1.0058466e+03		2.5228939e+02		7.5355719e+02
4.5300000e+02		4.5400000e+02		4.5350000e+02		1.4141855e+03		4.2844115e+02		1.0404844e+03		9.6683094e+02		2.4030195e+02		7.2652899e+02
4.5400000e+02		4.5500000e+02		4.5450000e+02		1.5096596e+03		4.5834638e+02		1.1137978e+03		1.0352557e+03		2.5497671e+02		7.8027897e+02
4.5500000e+02		4.5600000e+02		4.5550000e+02		1.4952815e+03		4.5494561e+02		1.1062099e+03		1.0284990e+03		2.5102069e+02		7.7747830e+02
4.5600000e+02		4.5700000e+02		4.5650000e+02		1.5527317e+03		4.7341992e+02		1.1518275e+03		1.0712175e+03		2.5908530e+02		8.1213218e+02
4.5700000e+02		4.5800000e+02		4.5750000e+02		1.5677329e+03		4.7899137e+02		1.1660812e+03		1.0847802e+03		2.5999982e+02		8.2478036e+02
4.5800000e+02		4.5900000e+02		4.5850000e+02		1.4734199e+03		4.5110707e+02		1.0988498e+03		1.0225225e+03		2.4287180e+02		7.7965066e+02
4.5900000e+02		4.6000000e+02		4.5950000e+02		1.5222067e+03		4.6699937e+02		1.1382300e+03		1.0594609e+03		2.4938418e+02		8.1007673e+02
4.6000000e+02		4.6100000e+02		4.6050000e+02		1.5039223e+03		4.6232752e+02		1.1274984e+03		1.0497603e+03		2.4488411e+02		8.0487615e+02
4.6100000e+02		4.6200000e+02		4.6150000e+02		1.5386000e+03		4.7394067e+02		1.1564852e+03		1.0770415e+03		2.4899824e+02		8.2804323e+02
4.6200000e+02		4.6300000e+02		4.6250000e+02		1.5538294e+03		4.7958739e+02		1.1709309e+03		1.0907887e+03		2.4992214e+02		8.4086661e+02
4.6300000e+02		4.6400000e+02		4.6350000e+02		1.5018384e+03		4.6445768e+02		1.1346308e+03		1.0572554e+03		2.4007729e+02		8.1717806e+02
4.6400000e+02		4.6500000e+02		4.6450000e+02		1.5281564e+03		4.7352366e+02		1.1574243e+03		1.0787796e+03		2.4278281e+02		8.3599679e+02
4.6500000e+02		4.6600000e+02		4.6550000e+02		1.4760608e+03		4.5827014e+02		1.1207596e+03		1.0448799e+03		2.3306257e+02		8.1181731e+02
4.6600000e+02		4.6700000e+02		4.6650000e+02		1.4854121e+03		4.6206200e+02		1.1306516e+03		1.0543756e+03		2.3309310e+02		8.2128250e+02
4.6700000e+02		4.6800000e+02		4.6750000e+02		1.4997486e+03		4.6741255e+02		1.1443638e+03		1.0674371e+03		2.3388978e+02		8.3354733e+02
4.6800000e+02		4.6900000e+02		4.6850000e+02		1.4665907e+03		4.5794375e+02		1.1217827e+03		1.0466404e+03		2.2730463e+02		8.1933573e+02
4.6900000e+02		4.7000000e+02		4.6950000e+02		1.5086728e+03		4.7196776e+02		1.1567498e+03		1.0795374e+03		2.3237927e+02		8.4715816e+02
4.7000000e+02		4.7100000e+02		4.7050000e+02		1.4256243e+03		4.4681655e+02		1.0956820e+03		1.0228014e+03		2.1822619e+02		8.0457518e+02
4.7100000e+02		4.7200000e+02		4.7150000e+02		1.4904926e+03		4.6800853e+02		1.1482460e+03		1.0721343e+03		2.2673975e+02		8.4539452e+02
4.7200000e+02		4.7300000e+02		4.7250000e+02		1.5269264e+03		4.8032456e+02		1.1790700e+03		1.1011850e+03		2.3083875e+02		8.7034621e+02
4.7300000e+02		4.7400000e+02		4.7350000e+02		1.4995420e+03		4.7256449e+02		1.1606125e+03		1.0842100e+03		2.2528841e+02		8.5892155e+02
4.7400000e+02		4.7500000e+02		4.7450000e+02		1.5448084e+03		4.8770357e+02		1.1983984e+03		1.1197778e+03		2.3064359e+02		8.8913418e+02
4.7500000e+02		4.7600000e+02		4.7550000e+02		1.5413846e+03		4.8748845e+02		1.1984683e+03		1.1201100e+03		2.2869748e+02		8.9141249e+02
4.7600000e+02		4.7700000e+02		4.7650000e+02		1.4853490e+03		4.7059472e+02		1.1575080e+03		1.0820832e+03		2.1900781e+02		8.6307536e+02
4.7700000e+02		4.7800000e+02		4.7750000e+02		1.5508368e+03		4.9220173e+02		1.2112469e+03		1.1325852e+03		2.2723498e+02		9.0535021e+02
4.7800000e+02		4.7900000e+02		4.7850000e+02		1.5358791e+03		4.8829909e+02		1.2022254e+03		1.1244100e+03		2.2363587e+02		9.0077416e+02
4.7900000e+02		4.8000000e+02		4.7950000e+02		1.5403519e+03		4.9056219e+02		1.2083768e+03		1.1304227e+03		2.2288312e+02		9.0753959e+02
4.8000000e+02		4.8100000e+02		4.8050000e+02		1.5442750e+03		4.9264885e+02		1.2140932e+03		1.1360285e+03		2.2205073e+02		9.1397782e+02
4.8100000e+02		4.8200000e+02		4.8150000e+02		1.5475498e+03		4.9452665e+02		1.2192939e+03		1.1411519e+03		2.2112620e+02		9.2002569e+02
4.8200000e+02		4.8300000e+02		4.8250000e+02		1.5416562e+03		4.9346735e+02		1.2172485e+03		1.1394917e+03		2.1890154e+02		9.2059021e+02
4.8300000e+02		4.8400000e+02		4.8350000e+02		1.5183412e+03		4.8681027e+02		1.2013806e+03		1.1248862e+03		2.1423687e+02		9.1064928e+02
4.8400000e+02		4.8500000e+02		4.8450000e+02		1.4920771e+03		4.7917571e+02		1.1830790e+03		1.1079925e+03		2.0920767e+02		8.9878480e+02
4.8500000e+02		4.8600000e+02		4.8550000e+02		1.4021236e+03		4.5102099e+02		1.1140683e+03		1.0435880e+03		1.9535842e+02		8.4822959e+02
4.8600000e+02		4.8700000e+02		4.8650000e+02		1.2173217e+03		3.9220812e+02		9.6922754e+02		9.0810561e+02		1.6854225e+02		7.3956336e+02
4.8700000e+02		4.8800000e+02		4.8750000e+02		1.3927585e+03		4.4945029e+02		1.1111764e+03		1.0413245e+03		1.9161744e+02		8.4970708e+02
4.8800000e+02		4.8900000e+02		4.8850000e+02		1.4651201e+03		4.7355196e+02		1.1712760e+03		1.0978776e+03		2.0030256e+02		8.9757507e+02
4.8900000e+02		4.9000000e+02		4.8950000e+02		1.4372192e+03		4.6526457e+02		1.1512772e+03		1.0793577e+03		1.9524895e+02		8.8410875e+02
4.9000000e+02		4.9100000e+02		4.9050000e+02		1.5307557e+03		4.9631737e+02		1.2286434e+03		1.1521294e+03		2.0664383e+02		9.4548558e+02
4.9100000e+02		4.9200000e+02		4.9150000e+02		1.4425606e+03		4.6844474e+02		1.1601372e+03		1.0881126e+03		1.9350848e+02		8.9460414e+02
4.9200000e+02		4.9300000e+02		4.9250000e+02		1.3729411e+03		4.4652017e+02		1.1063049e+03		1.0378332e+03		1.8300621e+02		8.5482704e+02
4.9300000e+02		4.9400000e+02		4.9350000e+02		1.4509629e+03		4.7261181e+02		1.1714378e+03		1.0991563e+03		1.9218385e+02		9.0697244e+02
4.9400000e+02		4.9500000e+02		4.9450000e+02		1.4929449e+03		4.8701844e+02		1.2076447e+03		1.1333552e+03		1.9649422e+02		9.3686099e+02
4.9500000e+02		4.9600000e+02		4.9550000e+02		1.4663156e+03		4.7904549e+02		1.1883596e+03		1.1154769e+03		1.9176869e+02		9.2370821e+02
4.9600000e+02		4.9700000e+02		4.9650000e+02		1.4846220e+03		4.8574378e+02		1.2054631e+03		1.1317531e+03		1.9293423e+02		9.3881888e+02
4.9700000e+02		4.9800000e+02		4.9750000e+02		1.5123203e+03		4.9553191e+02		1.2302465e+03		1.1552452e+03		1.9528969e+02		9.5995548e+02
4.9800000e+02		4.9900000e+02		4.9850000e+02		1.3744029e+03		4.5099619e+02		1.1201224e+03		1.0520370e+03		1.7635622e+02		8.7568073e+02
4.9900000e+02		5.0000000e+02		4.9950000e+02		1.4721832e+03		4.8377805e+02		1.2020130e+03		1.1291650e+03		1.8770631e+02		9.4145866e+02
