Left Bin Edge (nm)	Right Bin Edge (nm)	Bin Center (nm)		Top of Atm Intensity (erg/s/nm/cm2)		Total Surface Flux (erg/s/nm/cm2)		Total Intensity at BOA (erg/s/nm/cm2)		Total Surface Intensity (erg/s/nm/cm2)		Total Surface Diffuse Intensity (erg/s/nm/cm2)		Total Surface Direct Intensity (erg/s/nm/cm2)
1.0000000e+02		1.0100000e+02		1.0050000e+02		4.4569042e-02		2.4525372e-199		0.0000000e+00		4.2479191e-199		4.2479191e-199		0.0000000e+00
1.0100000e+02		1.0200000e+02		1.0150000e+02		1.7387199e-01		2.8780736e-197		0.0000000e+00		4.9849697e-197		4.9849697e-197		0.0000000e+00
1.0200000e+02		1.0300000e+02		1.0250000e+02		9.2286085e-01		3.0760913e-195		0.0000000e+00		5.3279464e-195		5.3279464e-195		0.0000000e+00
1.0300000e+02		1.0400000e+02		1.0350000e+02		7.0094286e-01		3.0025213e-193		0.0000000e+00		5.2005194e-193		5.2005194e-193		0.0000000e+00
1.0400000e+02		1.0500000e+02		1.0450000e+02		1.4124828e-01		2.6834648e-191		0.0000000e+00		4.6478974e-191		4.6478974e-191		0.0000000e+00
1.0500000e+02		1.0600000e+02		1.0550000e+02		4.8389941e-02		2.2015015e-189		0.0000000e+00		3.8131124e-189		3.8131124e-189		0.0000000e+00
1.0600000e+02		1.0700000e+02		1.0650000e+02		4.5487167e-02		1.6618993e-187		0.0000000e+00		2.8784939e-187		2.8784939e-187		0.0000000e+00
1.0700000e+02		1.0800000e+02		1.0750000e+02		5.0757295e-02		1.1570795e-185		0.0000000e+00		2.0041206e-185		2.0041206e-185		0.0000000e+00
1.0800000e+02		1.0900000e+02		1.0850000e+02		7.1152114e-02		7.4467702e-184		0.0000000e+00		1.2898184e-183		1.2898184e-183		0.0000000e+00
1.0900000e+02		1.1000000e+02		1.0950000e+02		5.5817450e-02		4.4397157e-182		0.0000000e+00		7.6898132e-182		7.6898132e-182		0.0000000e+00
1.1000000e+02		1.1100000e+02		1.1050000e+02		5.4043772e-02		2.4571407e-180		0.0000000e+00		4.2558925e-180		4.2558925e-180		0.0000000e+00
1.1100000e+02		1.1200000e+02		1.1150000e+02		5.0797691e-02		1.2649206e-178		0.0000000e+00		2.1909067e-178		2.1909067e-178		0.0000000e+00
1.1200000e+02		1.1300000e+02		1.1250000e+02		5.1969037e-02		6.0686746e-177		0.0000000e+00		1.0511253e-176		1.0511253e-176		0.0000000e+00
1.1300000e+02		1.1400000e+02		1.1350000e+02		4.1221387e-02		2.7185182e-175		0.0000000e+00		4.7086117e-175		4.7086117e-175		0.0000000e+00
1.1400000e+02		1.1500000e+02		1.1450000e+02		3.1562600e-02		1.1390968e-173		0.0000000e+00		1.9729736e-173		1.9729736e-173		0.0000000e+00
1.1500000e+02		1.1600000e+02		1.1550000e+02		4.3552050e-02		4.4723079e-172		0.0000000e+00		7.7462645e-172		7.7462645e-172		0.0000000e+00
1.1600000e+02		1.1700000e+02		1.1650000e+02		1.0143732e-01		1.6480339e-170		0.0000000e+00		2.8544784e-170		2.8544784e-170		0.0000000e+00
1.1700000e+02		1.1800000e+02		1.1750000e+02		3.6108525e-01		5.7091000e-169		0.0000000e+00		9.8884513e-169		9.8884513e-169		0.0000000e+00
1.1800000e+02		1.1900000e+02		1.1850000e+02		1.2283927e-01		1.8619377e-167		0.0000000e+00		3.2249707e-167		3.2249707e-167		0.0000000e+00
1.1900000e+02		1.2000000e+02		1.1950000e+02		1.7115732e-01		5.7270349e-166		0.0000000e+00		9.9195155e-166		9.9195155e-166		0.0000000e+00
1.2000000e+02		1.2100000e+02		1.2050000e+02		9.3056497e-01		1.6638590e-164		0.0000000e+00		2.8818883e-164		2.8818883e-164		0.0000000e+00
1.2100000e+02		1.2200000e+02		1.2150000e+02		3.6941242e+01		4.5717228e-163		0.0000000e+00		7.9184562e-163		7.9184562e-163		0.0000000e+00
1.2200000e+02		1.2300000e+02		1.2250000e+02		2.4773856e-01		1.1895720e-161		0.0000000e+00		2.0603992e-161		2.0603992e-161		0.0000000e+00
1.2300000e+02		1.2400000e+02		1.2350000e+02		1.3344721e-01		2.9351544e-160		3.0150967e-161		5.0838365e-160		5.0838365e-160		0.0000000e+00
1.2400000e+02		1.2500000e+02		1.2450000e+02		1.0726631e-01		6.8763646e-159		7.2370171e-160		1.1910213e-158		1.1910213e-158		0.0000000e+00
1.2500000e+02		1.2600000e+02		1.2550000e+02		1.0471361e-01		1.5314871e-157		1.6543687e-158		2.6526135e-157		2.6526135e-157		0.0000000e+00
1.2600000e+02		1.2700000e+02		1.2650000e+02		1.4644878e-01		3.2465384e-156		3.5995017e-157		5.6231694e-156		5.6231694e-156		0.0000000e+00
1.2700000e+02		1.2800000e+02		1.2750000e+02		7.6659940e-02		6.5582243e-155		7.4624548e-156		1.1359178e-154		1.1359178e-154		0.0000000e+00
1.2800000e+02		1.2900000e+02		1.2850000e+02		6.1165494e-02		1.2638661e-153		1.4756931e-154		2.1890803e-153		2.1890803e-153		0.0000000e+00
1.2900000e+02		1.3000000e+02		1.2950000e+02		8.1594975e-02		2.3261656e-152		2.7861176e-153		4.0290371e-152		4.0290371e-152		0.0000000e+00
1.3000000e+02		1.3100000e+02		1.3050000e+02		6.7007791e-01		4.0932217e-151		5.0274639e-152		7.0896680e-151		7.0896680e-151		0.0000000e+00
1.3100000e+02		1.3200000e+02		1.3150000e+02		9.0731094e-02		6.8931991e-150		8.6798278e-151		1.1939371e-149		1.1939371e-149		0.0000000e+00
1.3200000e+02		1.3300000e+02		1.3250000e+02		7.0547730e-02		1.1120905e-148		1.4351980e-149		1.9261972e-148		1.9261972e-148		0.0000000e+00
1.3300000e+02		1.3400000e+02		1.3350000e+02		9.5357088e-01		1.7204549e-147		2.2748220e-148		2.9799154e-147		2.9799154e-147		0.0000000e+00
1.3400000e+02		1.3500000e+02		1.3450000e+02		6.5246966e-02		2.5546868e-146		3.4595906e-147		4.4248473e-146		4.4248473e-146		0.0000000e+00
1.3500000e+02		1.3600000e+02		1.3550000e+02		1.3692679e-01		3.6443307e-145		5.0532795e-146		6.3121659e-145		6.3121659e-145		0.0000000e+00
1.3600000e+02		1.3700000e+02		1.3650000e+02		8.9861989e-02		4.9988320e-144		7.0943144e-145		8.6582311e-144		8.6582311e-144		0.0000000e+00
1.3700000e+02		1.3800000e+02		1.3750000e+02		9.2282630e-02		6.5987457e-143		9.5821582e-144		1.1429363e-142		1.1429363e-142		0.0000000e+00
1.3800000e+02		1.3900000e+02		1.3850000e+02		9.4180145e-02		8.3899347e-142		1.2461358e-142		1.4531793e-141		1.4531793e-141		0.0000000e+00
1.3900000e+02		1.4000000e+02		1.3950000e+02		3.1801144e-01		1.0282802e-140		1.5615911e-141		1.7810335e-140		1.7810335e-140		0.0000000e+00
1.4000000e+02		1.4100000e+02		1.4050000e+02		2.7729440e-01		1.2157981e-139		1.8871523e-140		2.1058241e-139		2.1058241e-139		0.0000000e+00
1.4100000e+02		1.4200000e+02		1.4150000e+02		1.3359910e-01		1.3878406e-138		2.2011353e-139		2.4038105e-138		2.4038105e-138		0.0000000e+00
1.4200000e+02		1.4300000e+02		1.4250000e+02		1.4479671e-01		1.5306229e-137		2.4797520e-138		2.6511166e-137		2.6511166e-137		0.0000000e+00
1.4300000e+02		1.4400000e+02		1.4350000e+02		1.6064305e-01		1.6321525e-136		2.7002293e-137		2.8269710e-136		2.8269710e-136		0.0000000e+00
1.4400000e+02		1.4500000e+02		1.4450000e+02		1.5363637e-01		1.6839202e-135		2.8440882e-136		2.9166353e-135		2.9166353e-135		0.0000000e+00
1.4500000e+02		1.4600000e+02		1.4550000e+02		1.6382583e-01		1.6820804e-134		2.8995671e-135		2.9134488e-134		2.9134488e-134		0.0000000e+00
1.4600000e+02		1.4700000e+02		1.4650000e+02		1.9977093e-01		1.6278880e-133		2.8632907e-134		2.8195847e-133		2.8195847e-133		0.0000000e+00
1.4700000e+02		1.4800000e+02		1.4750000e+02		2.4643334e-01		1.5273386e-132		2.7403876e-133		2.6454280e-132		2.6454280e-132		0.0000000e+00
1.4800000e+02		1.4900000e+02		1.4850000e+02		2.4167300e-01		1.3901193e-131		2.5435527e-132		2.4077573e-131		2.4077573e-131		0.0000000e+00
1.4900000e+02		1.5000000e+02		1.4950000e+02		2.1832777e-01		1.2281175e-130		2.2910330e-131		2.1271620e-130		2.1271620e-130		0.0000000e+00
1.5000000e+02		1.5100000e+02		1.5050000e+02		2.4023073e-01		1.0537974e-129		2.0037741e-130		1.8252307e-129		1.8252307e-129		0.0000000e+00
1.5100000e+02		1.5200000e+02		1.5150000e+02		2.5258505e-01		8.7872971e-129		1.7027171e-129		1.5220045e-128		1.5220045e-128		0.0000000e+00
1.5200000e+02		1.5300000e+02		1.5250000e+02		3.2229547e-01		7.1249076e-128		1.4065824e-128		1.2340702e-127		1.2340702e-127		0.0000000e+00
1.5300000e+02		1.5400000e+02		1.5350000e+02		3.5701286e-01		5.6204088e-127		1.1301615e-127		9.7348336e-127		9.7348336e-127		0.0000000e+00
1.5400000e+02		1.5500000e+02		1.5450000e+02		9.5486931e-01		4.3157232e-126		8.8370353e-127		7.4750519e-126		7.4750519e-126		0.0000000e+00
1.5500000e+02		1.5600000e+02		1.5550000e+02		7.8587524e-01		3.2274699e-125		6.7283277e-126		5.5901418e-125		5.5901418e-125		0.0000000e+00
1.5600000e+02		1.5700000e+02		1.5650000e+02		4.6648084e-01		2.3518728e-124		4.9909149e-125		4.0735632e-124		4.0735632e-124		0.0000000e+00
1.5700000e+02		1.5800000e+02		1.5750000e+02		4.2309893e-01		1.6708017e-123		3.6082239e-124		2.8939134e-123		2.8939134e-123		0.0000000e+00
1.5800000e+02		1.5900000e+02		1.5850000e+02		3.9008072e-01		1.1577224e-122		2.5437593e-123		2.0052341e-122		2.0052341e-122		0.0000000e+00
1.5900000e+02		1.6000000e+02		1.5950000e+02		3.8042347e-01		7.8280722e-122		1.7498188e-122		1.3558619e-121		1.3558619e-121		0.0000000e+00
1.6000000e+02		1.6100000e+02		1.6050000e+02		4.1635449e-01		5.1674651e-121		1.1748199e-121		8.9503121e-121		8.9503121e-121		0.0000000e+00
1.6100000e+02		1.6200000e+02		1.6150000e+02		4.7164413e-01		3.3317092e-120		7.7019545e-121		5.7706897e-120		5.7706897e-120		0.0000000e+00
1.6200000e+02		1.6300000e+02		1.6250000e+02		5.2241459e-01		2.0989833e-119		4.9338744e-120		3.6355457e-119		3.6355457e-119		0.0000000e+00
1.6300000e+02		1.6400000e+02		1.6350000e+02		1.1072121e+00		1.2926795e-118		3.0891067e-119		2.2389866e-118		2.2389866e-118		0.0000000e+00
1.6400000e+02		1.6500000e+02		1.6450000e+02		1.1323318e+00		7.7856648e-118		1.8907889e-118		1.3485167e-117		1.3485167e-117		0.0000000e+00
1.6500000e+02		1.6600000e+02		1.6550000e+02		1.3255566e+00		4.5876488e-117		1.1325361e-117		7.9460408e-117		7.9460408e-117		0.0000000e+00
1.6600000e+02		1.6700000e+02		1.6650000e+02		6.2522883e-01		2.6457732e-116		6.6381115e-117		4.5826135e-116		4.5826135e-116		0.0000000e+00
1.6700000e+02		1.6800000e+02		1.6750000e+02		6.6723830e-01		1.4940120e-115		3.8080266e-116		2.5877048e-115		2.5877048e-115		0.0000000e+00
1.6800000e+02		1.6900000e+02		1.6850000e+02		7.1904320e-01		8.2630542e-115		2.1410940e-115		1.4312030e-114		1.4312030e-114		0.0000000e+00
1.6900000e+02		1.7000000e+02		1.6950000e+02		9.0554889e-01		4.4781624e-114		1.1784135e-114		7.7564047e-114		7.7564047e-114		0.0000000e+00
1.7000000e+02		1.7100000e+02		1.7050000e+02		1.0161854e+00		2.3787949e-113		6.3622443e-114		4.1201936e-113		4.1201936e-113		0.0000000e+00
1.7100000e+02		1.7200000e+02		1.7150000e+02		1.0130704e+00		1.2390130e-112		3.3684396e-113		2.1460335e-112		2.1460335e-112		0.0000000e+00
1.7200000e+02		1.7300000e+02		1.7250000e+02		1.0571150e+00		6.3299892e-112		1.7496373e-112		1.0963863e-111		1.0963863e-111		0.0000000e+00
1.7300000e+02		1.7400000e+02		1.7350000e+02		1.0479596e+00		3.1730859e-111		8.9195458e-112		5.4959461e-111		5.4959461e-111		0.0000000e+00
1.7400000e+02		1.7500000e+02		1.7450000e+02		1.2530722e+00		1.5611839e-110		4.4642720e-111		2.7040499e-110		2.7040499e-110		0.0000000e+00
1.7500000e+02		1.7600000e+02		1.7550000e+02		1.4954862e+00		7.5404413e-110		2.2009012e-110		1.3060427e-109		1.3060427e-109		0.0000000e+00
1.7600000e+02		1.7700000e+02		1.7650000e+02		1.6135596e+00		3.5771508e-109		1.0641900e-109		6.1958070e-109		6.1958070e-109		0.0000000e+00
1.7700000e+02		1.7800000e+02		1.7750000e+02		1.9010195e+00		1.6670440e-108		5.0628290e-109		2.8874049e-108		2.8874049e-108		0.0000000e+00
1.7800000e+02		1.7900000e+02		1.7850000e+02		2.0776624e+00		7.6339583e-108		2.3707882e-108		1.3222404e-107		1.3222404e-107		0.0000000e+00
1.7900000e+02		1.8000000e+02		1.7950000e+02		2.0198657e+00		3.4356398e-107		1.0957964e-107		5.9507027e-107		5.9507027e-107		0.0000000e+00
1.8000000e+02		1.8100000e+02		1.8050000e+02		2.4976225e+00		1.5202610e-106		4.9831566e-107		2.6331693e-106		2.6331693e-106		0.0000000e+00
1.8100000e+02		1.8200000e+02		1.8150000e+02		3.0410490e+00		6.6137588e-106		2.2428439e-106		1.1455366e-105		1.1455366e-105		0.0000000e+00
1.8200000e+02		1.8300000e+02		1.8250000e+02		2.8073836e+00		2.8271894e-105		1.0107022e-105		4.8968356e-105		4.8968356e-105		0.0000000e+00
1.8300000e+02		1.8400000e+02		1.8350000e+02		2.9562417e+00		1.1910119e-104		4.3784443e-105		2.0628932e-104		2.0628932e-104		0.0000000e+00
1.8400000e+02		1.8500000e+02		1.8450000e+02		2.5409769e+00		4.9186862e-104		1.9645992e-104		8.5194144e-104		8.5194144e-104		0.0000000e+00
1.8500000e+02		1.8600000e+02		1.8550000e+02		2.8735562e+00		2.0089435e-103		8.1857831e-104		3.4795922e-103		3.4795922e-103		0.0000000e+00
1.8600000e+02		1.8700000e+02		1.8650000e+02		3.2604304e+00		8.0044911e-103		3.6943086e-103		1.3864185e-102		1.3864185e-102		1.0622205e-276
1.8700000e+02		1.8800000e+02		1.8750000e+02		3.6946466e+00		3.1676990e-102		1.5049437e-102		5.4866156e-102		5.4866156e-102		9.2737093e-254
1.8800000e+02		1.8900000e+02		1.8850000e+02		3.8870616e+00		1.5020162e-101		6.4172516e-96		2.6015684e-101		2.6015684e-101		7.9017133e-152
1.8900000e+02		1.9000000e+02		1.8950000e+02		4.3106081e+00		2.6126911e-91		5.2191520e-86		4.5253136e-91		4.5253136e-91		6.7002855e-136
1.9000000e+02		1.9100000e+02		1.9050000e+02		4.4384288e+00		1.0519444e-57		2.8114332e-54		1.8220212e-57		1.8220212e-57		2.0485069e-87
1.9100000e+02		1.9200000e+02		1.9150000e+02		4.8094361e+00		1.3296174e-44		6.6665006e-42		2.3029649e-44		2.3029649e-44		1.7071464e-68
1.9200000e+02		1.9300000e+02		1.9250000e+02		5.0365493e+00		4.9277447e-35		7.3001563e-33		8.5351042e-35		8.5351042e-35		1.1174474e-54
1.9300000e+02		1.9400000e+02		1.9350000e+02		3.8447944e+00		5.5133529e-25		2.2474464e-23		9.5494073e-25		9.5494073e-25		3.3920199e-40
1.9400000e+02		1.9500000e+02		1.9450000e+02		6.1679797e+00		1.1923993e-19		2.5469793e-18		2.0652962e-19		2.0652962e-19		1.3151175e-32
1.9500000e+02		1.9600000e+02		1.9550000e+02		5.9528271e+00		2.5694225e-13		2.4981055e-12		4.4503703e-13		4.4503703e-13		1.2436630e-23
1.9600000e+02		1.9700000e+02		1.9650000e+02		6.5508102e+00		1.1370005e-10		8.0595970e-10		1.9693427e-10		1.9693427e-10		6.9682967e-20
1.9700000e+02		1.9800000e+02		1.9750000e+02		6.5190955e+00		3.2635677e-08		1.7320048e-07		5.6526651e-08		5.6526651e-08		1.8940039e-16
1.9800000e+02		1.9900000e+02		1.9850000e+02		6.3883794e+00		7.7786137e-06		3.1687007e-05		1.3472954e-05		1.3472954e-05		2.9942225e-13
1.9900000e+02		2.0000000e+02		1.9950000e+02		6.7274707e+00		2.8337466e-04		9.8752775e-04		4.9081932e-04		4.9081929e-04		3.0878460e-11
2.0000000e+02		2.0100000e+02		2.0050000e+02		7.1125146e+00		3.3873063e-03		1.0722353e-02		5.8669869e-03		5.8669862e-03		6.5187646e-10
2.0100000e+02		2.0200000e+02		2.0150000e+02		7.5701275e+00		9.6364485e-02		2.7539225e-01		1.6690819e-01		1.6690817e-01		1.8071138e-08
2.0200000e+02		2.0300000e+02		2.0250000e+02		7.4828608e+00		1.4502826e-01		4.0827487e-01		2.5119632e-01		2.5119628e-01		3.5575963e-08
2.0300000e+02		2.0400000e+02		2.0350000e+02		8.0092047e+00		3.0260126e-01		8.3595360e-01		5.2412079e-01		5.2412071e-01		8.4683888e-08
2.0400000e+02		2.0500000e+02		2.0450000e+02		8.6207445e+00		4.1201772e-01		1.1266341e+00		7.1363567e-01		7.1363551e-01		1.5613350e-07
2.0500000e+02		2.0600000e+02		2.0550000e+02		8.6400754e+00		4.2146516e-01		1.1453488e+00		7.2999915e-01		7.2999892e-01		2.3255430e-07
2.0600000e+02		2.0700000e+02		2.0650000e+02		8.6510225e+00		4.3060794e-01		1.1630818e+00		7.4583494e-01		7.4583459e-01		3.4223068e-07
2.0700000e+02		2.0800000e+02		2.0750000e+02		9.3957826e+00		4.7710874e-01		1.2809738e+00		8.2637675e-01		8.2637621e-01		5.4048042e-07
2.0800000e+02		2.0900000e+02		2.0850000e+02		1.0163489e+01		5.2637874e-01		1.4049398e+00		9.1171498e-01		9.1171414e-01		8.4137914e-07
2.0900000e+02		2.1000000e+02		2.0950000e+02		1.3129215e+01		6.9337546e-01		1.8399484e+00		1.2009620e+00		1.2009605e+00		1.5486215e-06
2.1000000e+02		2.1100000e+02		2.1050000e+02		1.6183343e+01		8.7131853e-01		2.2989662e+00		1.5091688e+00		1.5091661e+00		2.6935903e-06
2.1100000e+02		2.1200000e+02		2.1150000e+02		1.8424170e+01		1.0110721e+00		2.6527500e+00		1.7512296e+00		1.7512253e+00		4.2869203e-06
2.1200000e+02		2.1300000e+02		2.1250000e+02		1.6428561e+01		9.1872875e-01		2.3971739e+00		1.5912865e+00		1.5912812e+00		5.2956744e-06
2.1300000e+02		2.1400000e+02		2.1350000e+02		1.6737981e+01		9.5366106e-01		2.4748180e+00		1.6517917e+00		1.6517843e+00		7.4094656e-06
2.1400000e+02		2.1500000e+02		2.1450000e+02		2.1432541e+01		1.2438813e+00		3.2107280e+00		2.1544696e+00		2.1544566e+00		1.2919335e-05
2.1500000e+02		2.1600000e+02		2.1550000e+02		1.8408135e+01		1.0880325e+00		2.7936991e+00		1.8845322e+00		1.8845172e+00		1.4986419e-05
2.1600000e+02		2.1700000e+02		2.1650000e+02		1.7036901e+01		1.0253292e+00		2.6190971e+00		1.7759281e+00		1.7759095e+00		1.8584589e-05
2.1700000e+02		2.1800000e+02		2.1750000e+02		1.7640866e+01		1.0808079e+00		2.7467807e+00		1.8720222e+00		1.8719966e+00		2.5586968e-05
2.1800000e+02		2.1900000e+02		2.1850000e+02		2.3730294e+01		1.4798036e+00		3.7419933e+00		2.5631091e+00		2.5630637e+00		4.5426195e-05
2.1900000e+02		2.2000000e+02		2.1950000e+02		2.5052511e+01		1.5897992e+00		4.0003718e+00		2.7536324e+00		2.7535695e+00		6.2838851e-05
2.2000000e+02		2.2100000e+02		2.2050000e+02		2.5203754e+01		1.6272907e+00		4.0749065e+00		2.8185757e+00		2.8184934e+00		8.2258952e-05
2.2100000e+02		2.2200000e+02		2.2150000e+02		2.0176768e+01		1.3251970e+00		3.3026466e+00		2.2953349e+00		2.2952498e+00		8.5108337e-05
2.2200000e+02		2.2300000e+02		2.2250000e+02		2.7154039e+01		1.8139001e+00		4.4994397e+00		3.1418126e+00		3.1416656e+00		1.4706523e-04
2.2300000e+02		2.2400000e+02		2.2350000e+02		3.5163062e+01		2.3885696e+00		5.8976665e+00		4.1371990e+00		4.1369560e+00		2.4297265e-04
2.2400000e+02		2.2500000e+02		2.2450000e+02		3.2875934e+01		2.2705174e+00		5.5808172e+00		3.9327406e+00		3.9324526e+00		2.8805042e-04
2.2500000e+02		2.2600000e+02		2.2550000e+02		2.8720078e+01		2.0162861e+00		4.9338815e+00		3.4924080e+00		3.4920908e+00		3.1717709e-04
2.2600000e+02		2.2700000e+02		2.2650000e+02		2.1037217e+01		1.5010662e+00		3.6570643e+00		2.6000131e+00		2.5997219e+00		2.9114867e-04
2.2700000e+02		2.2800000e+02		2.2750000e+02		2.0463841e+01		1.4837815e+00		3.5994078e+00		2.5700942e+00		2.5697412e+00		3.5292660e-04
2.2800000e+02		2.2900000e+02		2.2850000e+02		2.8509984e+01		2.1002846e+00		5.0734035e+00		3.6379882e+00		3.6373788e+00		6.0939433e-04
2.2900000e+02		2.3000000e+02		2.2950000e+02		2.5620938e+01		1.9173553e+00		4.6122781e+00		3.3211657e+00		3.3204905e+00		6.7515692e-04
2.3000000e+02		2.3100000e+02		2.3050000e+02		2.9055844e+01		2.2084949e+00		5.2909302e+00		3.8255159e+00		3.8245767e+00		9.3912543e-04
2.3100000e+02		2.3200000e+02		2.3150000e+02		2.7387429e+01		2.1139722e+00		5.0441557e+00		3.6618414e+00		3.6607611e+00		1.0803380e-03
2.3200000e+02		2.3300000e+02		2.3250000e+02		2.9413108e+01		2.3051789e+00		5.4787059e+00		3.9931230e+00		3.9917138e+00		1.4091883e-03
2.3300000e+02		2.3400000e+02		2.3350000e+02		2.6543685e+01		2.1118940e+00		4.9998830e+00		3.6583832e+00		3.6568459e+00		1.5373464e-03
2.3400000e+02		2.3500000e+02		2.3450000e+02		2.3194371e+01		1.8731515e+00		4.4177898e+00		3.2448937e+00		3.2432771e+00		1.6165807e-03
2.3500000e+02		2.3600000e+02		2.3550000e+02		3.1223226e+01		2.5590605e+00		6.0129403e+00		4.4332293e+00		4.4306221e+00		2.6072098e-03
2.3600000e+02		2.3700000e+02		2.3650000e+02		2.8911473e+01		2.4044695e+00		5.6289761e+00		4.1655542e+00		4.1626742e+00		2.8799584e-03
2.3700000e+02		2.3800000e+02		2.3750000e+02		3.0878004e+01		2.6054282e+00		6.0774648e+00		4.5138644e+00		4.5102104e+00		3.6540191e-03
2.3800000e+02		2.3900000e+02		2.3850000e+02		2.5598090e+01		2.1910567e+00		5.0928327e+00		3.7961303e+00		3.7925462e+00		3.5840510e-03
2.3900000e+02		2.4000000e+02		2.3950000e+02		2.7890834e+01		2.4213623e+00		5.6086343e+00		4.1953462e+00		4.1907440e+00		4.6021684e-03
2.4000000e+02		2.4100000e+02		2.4050000e+02		2.5623038e+01		2.2558899e+00		5.2075778e+00		3.9088514e+00		3.9038877e+00		4.9636784e-03
2.4100000e+02		2.4200000e+02		2.4150000e+02		3.0005079e+01		2.6786041e+00		6.1627678e+00		4.6415815e+00		4.6347828e+00		6.7986716e-03
2.4200000e+02		2.4300000e+02		2.4250000e+02		4.1301739e+01		3.7380641e+00		8.5721988e+00		6.4778909e+00		6.4669844e+00		1.0906448e-02
2.4300000e+02		2.4400000e+02		2.4350000e+02		3.8791639e+01		3.5589351e+00		8.1352797e+00		6.1679366e+00		6.1560403e+00		1.1896298e-02
2.4400000e+02		2.4500000e+02		2.4450000e+02		3.6329084e+01		3.3781543e+00		7.6978157e+00		5.8551238e+00		5.8422293e+00		1.2894433e-02
2.4500000e+02		2.4600000e+02		2.4550000e+02		2.9476122e+01		2.7776576e+00		6.3100237e+00		4.8147774e+00		4.8027090e+00		1.2068366e-02
2.4600000e+02		2.4700000e+02		2.4650000e+02		2.8685918e+01		2.7390587e+00		6.2036389e+00		4.7483663e+00		4.7348619e+00		1.3504328e-02
2.4700000e+02		2.4800000e+02		2.4750000e+02		3.1678139e+01		3.0644886e+00		6.9202965e+00		5.3131377e+00		5.2960444e+00		1.7093225e-02
2.4800000e+02		2.4900000e+02		2.4850000e+02		2.5406301e+01		2.4897043e+00		5.6061488e+00		4.3171404e+00		4.3014751e+00		1.5665246e-02
2.4900000e+02		2.5000000e+02		2.4950000e+02		3.0967514e+01		3.0737143e+00		6.9017491e+00		5.3305589e+00		5.3088049e+00		2.1754069e-02
2.5000000e+02		2.5100000e+02		2.5050000e+02		3.3448743e+01		3.3622599e+00		7.5289507e+00		5.8318622e+00		5.8051694e+00		2.6692805e-02
2.5100000e+02		2.5200000e+02		2.5150000e+02		2.7888154e+01		2.8386358e+00		6.3394138e+00		4.9244604e+00		4.8992494e+00		2.5210993e-02
2.5200000e+02		2.5300000e+02		2.5250000e+02		2.5069906e+01		2.5836032e+00		5.7548002e+00		4.4828521e+00		4.4572493e+00		2.5602762e-02
2.5300000e+02		2.5400000e+02		2.5350000e+02		3.1592540e+01		3.2959924e+00		7.3229236e+00		5.7200715e+00		5.6837200e+00		3.6351497e-02
2.5400000e+02		2.5500000e+02		2.5450000e+02		3.5730773e+01		3.7732763e+00		8.3625681e+00		6.5497985e+00		6.5035972e+00		4.6201301e-02
2.5500000e+02		2.5600000e+02		2.5550000e+02		4.8755658e+01		5.2110155e+00		1.1521132e+01		9.0476039e+00		8.9769378e+00		7.0666073e-02
2.5600000e+02		2.5700000e+02		2.5650000e+02		6.2803876e+01		6.7928517e+00		1.4983236e+01		1.1797051e+01		1.1695267e+01		1.0178301e-01
2.5700000e+02		2.5800000e+02		2.5750000e+02		7.8843355e+01		8.6287312e+00		1.8989357e+01		1.4989493e+01		1.4846960e+01		1.4253241e-01
2.5800000e+02		2.5900000e+02		2.5850000e+02		8.2991293e+01		9.1892262e+00		2.0178143e+01		1.5967857e+01		1.5800892e+01		1.6696463e-01
2.5900000e+02		2.6000000e+02		2.5950000e+02		7.0629481e+01		7.9112661e+00		1.7334702e+01		1.3751521e+01		1.3593749e+01		1.5777254e-01
2.6000000e+02		2.6100000e+02		2.6050000e+02		5.7868388e+01		6.5563861e+00		1.4336143e+01		1.1400296e+01		1.1257085e+01		1.4321076e-01
2.6100000e+02		2.6200000e+02		2.6150000e+02		5.9092703e+01		6.7712732e+00		1.4776270e+01		1.1778200e+01		1.1616534e+01		1.6166540e-01
2.6200000e+02		2.6300000e+02		2.6250000e+02		7.0528613e+01		8.1727068e+00		1.7799853e+01		1.4221389e+01		1.4008535e+01		2.1285388e-01
2.6300000e+02		2.6400000e+02		2.6350000e+02		1.0614195e+02		1.2436640e+01		2.7035784e+01		2.1649984e+01		2.1297334e+01		3.5264972e-01
2.6400000e+02		2.6500000e+02		2.6450000e+02		1.6548208e+02		1.9603532e+01		4.2538776e+01		3.4141176e+01		3.3537119e+01		6.0405642e-01
2.6500000e+02		2.6600000e+02		2.6550000e+02		1.7356948e+02		2.0786269e+01		4.5026829e+01		3.6217788e+01		3.5523049e+01		6.9473887e-01
2.6600000e+02		2.6700000e+02		2.6650000e+02		1.6826276e+02		2.0368734e+01		4.4048631e+01		3.5507704e+01		3.4770596e+01		7.3710744e-01
2.6700000e+02		2.6800000e+02		2.6750000e+02		1.6940220e+02		2.0726288e+01		4.4749979e+01		3.6149766e+01		3.5339085e+01		8.1068079e-01
2.6800000e+02		2.6900000e+02		2.6850000e+02		1.6778062e+02		2.0745547e+01		4.4722746e+01		3.6203186e+01		3.5327650e+01		8.7553631e-01
2.6900000e+02		2.7000000e+02		2.6950000e+02		1.5737310e+02		1.9662961e+01		4.2326664e+01		3.4333778e+01		3.3439861e+01		8.9391721e-01
2.7000000e+02		2.7100000e+02		2.7050000e+02		1.8181465e+02		2.2952916e+01		4.9339390e+01		4.0102775e+01		3.8980544e+01		1.1222300e+00
2.7100000e+02		2.7200000e+02		2.7150000e+02		1.5108640e+02		1.9269956e+01		4.1367243e+01		3.3689497e+01		3.2677836e+01		1.0116602e+00
2.7200000e+02		2.7300000e+02		2.7250000e+02		1.2154404e+02		1.5659998e+01		3.3575041e+01		2.7396579e+01		2.6515151e+01		8.8142864e-01
2.7300000e+02		2.7400000e+02		2.7350000e+02		1.2960124e+02		1.6866569e+01		3.6118484e+01		2.9528135e+01		2.8511858e+01		1.0162768e+00
2.7400000e+02		2.7500000e+02		2.7450000e+02		8.9183780e+01		1.1722504e+01		2.5074362e+01		2.0537535e+01		1.9782513e+01		7.5502277e-01
2.7500000e+02		2.7600000e+02		2.7550000e+02		1.1893609e+02		1.5787850e+01		3.3734005e+01		2.7681128e+01		2.6595709e+01		1.0854191e+00
2.7600000e+02		2.7700000e+02		2.7650000e+02		1.6564211e+02		2.2203085e+01		4.7393866e+01		3.8960213e+01		3.7333097e+01		1.6271153e+00
2.7700000e+02		2.7800000e+02		2.7750000e+02		1.5837296e+02		2.1434618e+01		4.5710584e+01		3.7643105e+01		3.5971006e+01		1.6720989e+00
2.7800000e+02		2.7900000e+02		2.7850000e+02		1.0921797e+02		1.4923834e+01		3.1798140e+01		2.6231696e+01		2.4994060e+01		1.2376360e+00
2.7900000e+02		2.8000000e+02		2.7950000e+02		6.1368404e+01		8.4653055e+00		1.8022379e+01		1.4892911e+01		1.4147560e+01		7.4535083e-01
2.8000000e+02		2.8100000e+02		2.8050000e+02		6.7313201e+01		9.3728133e+00		1.9939546e+01		1.6504891e+01		1.5629813e+01		8.7507749e-01
2.8100000e+02		2.8200000e+02		2.8150000e+02		1.3943196e+02		1.9595885e+01		4.1659431e+01		3.4540460e+01		3.2602851e+01		1.9376085e+00
2.8200000e+02		2.8300000e+02		2.8250000e+02		1.8983287e+02		2.6925771e+01		5.7206697e+01		4.7508003e+01		4.4691741e+01		2.8162619e+00
2.8300000e+02		2.8400000e+02		2.8350000e+02		1.9610227e+02		2.8069546e+01		5.9603419e+01		4.9577459e+01		4.6475503e+01		3.1019563e+00
2.8400000e+02		2.8500000e+02		2.8450000e+02		1.4459284e+02		2.0884203e+01		4.4323824e+01		3.6925965e+01		3.4490301e+01		2.4356645e+00
2.8500000e+02		2.8600000e+02		2.8550000e+02		9.2944992e+01		1.3544976e+01		2.8734737e+01		2.3975742e+01		2.2310441e+01		1.6653013e+00
2.8600000e+02		2.8700000e+02		2.8650000e+02		1.9045522e+02		2.8002028e+01		5.9381881e+01		4.9622415e+01		4.5997095e+01		3.6253201e+00
2.8700000e+02		2.8800000e+02		2.8750000e+02		2.2108403e+02		3.2791555e+01		6.9516418e+01		5.8178119e+01		5.3712315e+01		4.4658046e+00
2.8800000e+02		2.8900000e+02		2.8850000e+02		2.1010240e+02		3.1434590e+01		6.6622226e+01		5.5837927e+01		5.1339343e+01		4.4985834e+00
2.8900000e+02		2.9000000e+02		2.8950000e+02		3.1885068e+02		4.8117252e+01		1.0195835e+02		8.5577692e+01		7.8349010e+01		7.2286827e+00
2.9000000e+02		2.9100000e+02		2.9050000e+02		4.1860542e+02		6.3711816e+01		1.3498231e+02		1.1345726e+02		1.0341945e+02		1.0037813e+01
2.9100000e+02		2.9200000e+02		2.9150000e+02		4.0318642e+02		6.1885384e+01		1.3110030e+02		1.1034868e+02		1.0013344e+02		1.0215237e+01
2.9200000e+02		2.9300000e+02		2.9250000e+02		3.5818014e+02		5.5439150e+01		1.1743953e+02		9.8986573e+01		8.9407831e+01		9.5787413e+00
2.9300000e+02		2.9400000e+02		2.9350000e+02		3.7393440e+02		5.8359230e+01		1.2362674e+02		1.0434311e+02		9.3798441e+01		1.0544664e+01
2.9400000e+02		2.9500000e+02		2.9450000e+02		3.4819581e+02		5.4790261e+01		1.1607371e+02		9.8099236e+01		8.7755749e+01		1.0343487e+01
2.9500000e+02		2.9600000e+02		2.9550000e+02		3.7701055e+02		5.9808930e+01		1.2672030e+02		1.0723824e+02		9.5451655e+01		1.1786588e+01
2.9600000e+02		2.9700000e+02		2.9650000e+02		3.4493460e+02		5.5163191e+01		1.1689631e+02		9.9052983e+01		8.7714451e+01		1.1338533e+01
2.9700000e+02		2.9800000e+02		2.9750000e+02		3.5165811e+02		5.6689304e+01		1.2015584e+02		1.0194518e+02		8.9802080e+01		1.2143097e+01
2.9800000e+02		2.9900000e+02		2.9850000e+02		3.0223333e+02		4.9108747e+01		1.0411554e+02		8.8447262e+01		7.7493789e+01		1.0953473e+01
2.9900000e+02		3.0000000e+02		2.9950000e+02		3.4101318e+02		5.5846015e+01		1.1843552e+02		1.0073723e+02		8.7777331e+01		1.2959902e+01
3.0000000e+02		3.0100000e+02		3.0050000e+02		2.7131061e+02		4.4777639e+01		9.4995637e+01		8.0899036e+01		7.0095968e+01		1.0803068e+01
3.0100000e+02		3.0200000e+02		3.0150000e+02		3.1202593e+02		5.1895264e+01		1.1013922e+02		9.3908721e+01		8.0902307e+01		1.3006414e+01
3.0200000e+02		3.0300000e+02		3.0250000e+02		3.2846528e+02		5.5047640e+01		1.1688085e+02		9.9775604e+01		8.5454136e+01		1.4321467e+01
3.0300000e+02		3.0400000e+02		3.0350000e+02		4.2601061e+02		7.1936907e+01		1.5281462e+02		1.3060385e+02		1.1119043e+02		1.9413413e+01
3.0400000e+02		3.0500000e+02		3.0450000e+02		4.0776836e+02		6.9374079e+01		1.4744717e+02		1.2616263e+02		1.0675654e+02		1.9406095e+01
3.0500000e+02		3.0600000e+02		3.0550000e+02		4.1174793e+02		7.0572917e+01		1.5007917e+02		1.2856162e+02		1.0811289e+02		2.0448724e+01
3.0600000e+02		3.0700000e+02		3.0650000e+02		3.9053943e+02		6.7431895e+01		1.4348529e+02		1.2305193e+02		1.0282715e+02		2.0224786e+01
3.0700000e+02		3.0800000e+02		3.0750000e+02		4.3847484e+02		7.6262354e+01		1.6237828e+02		1.3940965e+02		1.1574887e+02		2.3660778e+01
3.0800000e+02		3.0900000e+02		3.0850000e+02		4.3035211e+02		7.5392134e+01		1.6063308e+02		1.3806309e+02		1.1388281e+02		2.4180280e+01
3.0900000e+02		3.1000000e+02		3.0950000e+02		3.4901328e+02		6.1581811e+01		1.3130088e+02		1.1297489e+02		9.2570359e+01		2.0404536e+01
3.1000000e+02		3.1100000e+02		3.1050000e+02		4.3927411e+02		7.8059659e+01		1.6655685e+02		1.4346393e+02		1.1676041e+02		2.6703520e+01
3.1100000e+02		3.1200000e+02		3.1150000e+02		5.2246540e+02		9.3497830e+01		1.9965127e+02		1.7215217e+02		1.3914976e+02		3.3002406e+01
3.1200000e+02		3.1300000e+02		3.1250000e+02		4.6521908e+02		8.3835349e+01		1.7916198e+02		1.5464680e+02		1.2413176e+02		3.0515034e+01
3.1300000e+02		3.1400000e+02		3.1350000e+02		4.9544367e+02		8.9900601e+01		1.9228366e+02		1.6614478e+02		1.3242086e+02		3.3723914e+01
3.1400000e+02		3.1500000e+02		3.1450000e+02		4.6729179e+02		8.5374541e+01		1.8276025e+02		1.5807748e+02		1.2509039e+02		3.2987096e+01
3.1500000e+02		3.1600000e+02		3.1550000e+02		4.5343123e+02		8.3405967e+01		1.7870472e+02		1.5472592e+02		1.2155098e+02		3.3174941e+01
3.1600000e+02		3.1700000e+02		3.1650000e+02		4.4229406e+02		8.1906066e+01		1.7565155e+02		1.5223439e+02		1.1871557e+02		3.3518820e+01
3.1700000e+02		3.1800000e+02		3.1750000e+02		5.6102832e+02		1.0458829e+02		2.2450551e+02		1.9476756e+02		1.5075437e+02		4.4013183e+01
3.1800000e+02		3.1900000e+02		3.1850000e+02		4.6340678e+02		8.6961764e+01		1.8684901e+02		1.6225736e+02		1.2464526e+02		3.7612095e+01
3.1900000e+02		3.2000000e+02		3.1950000e+02		4.9774832e+02		9.4019512e+01		2.0221298e+02		1.7576885e+02		1.3399601e+02		4.1772840e+01
3.2000000e+02		3.2100000e+02		3.2050000e+02		5.7184857e+02		1.0871921e+02		2.3406447e+02		2.0364935e+02		1.5405396e+02		4.9595382e+01
3.2100000e+02		3.2200000e+02		3.2150000e+02		4.8024660e+02		9.1892840e+01		1.9804239e+02		1.7247090e+02		1.2945170e+02		4.3019200e+01
3.2200000e+02		3.2300000e+02		3.2250000e+02		4.8228681e+02		9.2873154e+01		2.0036537e+02		1.7465701e+02		1.3005978e+02		4.4597230e+01
3.2300000e+02		3.2400000e+02		3.2350000e+02		4.6607071e+02		9.0319098e+01		1.9506361e+02		1.7019273e+02		1.2572652e+02		4.4466206e+01
3.2400000e+02		3.2500000e+02		3.2450000e+02		5.4882129e+02		1.0702309e+02		2.3139083e+02		2.0207286e+02		1.4807695e+02		5.3995909e+01
3.2500000e+02		3.2600000e+02		3.2550000e+02		6.3196128e+02		1.2400287e+02		2.6839831e+02		2.3460355e+02		1.7051914e+02		6.4084404e+01
3.2600000e+02		3.2700000e+02		3.2650000e+02		7.1301257e+02		1.4076977e+02		3.0503087e+02		2.6686243e+02		1.9237625e+02		7.4486185e+01
3.2700000e+02		3.2800000e+02		3.2750000e+02		6.8984049e+02		1.3702768e+02		2.9725938e+02		2.6029393e+02		1.8608899e+02		7.4204941e+01
3.2800000e+02		3.2900000e+02		3.2850000e+02		6.6596082e+02		1.3308600e+02		2.8904047e+02		2.5331915e+02		1.7959131e+02		7.3727843e+01
3.2900000e+02		3.3000000e+02		3.2950000e+02		7.7527139e+02		1.5586132e+02		3.3889834e+02		2.9727324e+02		2.0897898e+02		8.8294259e+01
3.3000000e+02		3.3100000e+02		3.3050000e+02		7.3029799e+02		1.4769395e+02		3.2151701e+02		2.8226922e+02		1.9674762e+02		8.5521597e+01
3.3100000e+02		3.3200000e+02		3.3150000e+02		6.9881652e+02		1.4216118e+02		3.0983998e+02		2.7224911e+02		1.8814042e+02		8.4108687e+01
3.3200000e+02		3.3300000e+02		3.3250000e+02		6.8562051e+02		1.4029249e+02		3.0613336e+02		2.6921883e+02		1.8444295e+02		8.4775874e+01
3.3300000e+02		3.3400000e+02		3.3350000e+02		6.5878216e+02		1.3558227e+02		2.9621240e+02		2.6071146e+02		1.7706384e+02		8.3647619e+01
3.3400000e+02		3.3500000e+02		3.3450000e+02		6.9405546e+02		1.4366254e+02		3.1424757e+02		2.7681356e+02		1.8635591e+02		9.0457654e+01
3.3500000e+02		3.3600000e+02		3.3550000e+02		6.8541663e+02		1.4268239e+02		3.1248589e+02		2.7548686e+02		1.8383003e+02		9.1656829e+01
3.3600000e+02		3.3700000e+02		3.3650000e+02		5.6469084e+02		1.1821460e+02		2.5921855e+02		2.2871156e+02		1.5126483e+02		7.7446729e+01
3.3700000e+02		3.3800000e+02		3.3750000e+02		5.9573781e+02		1.2541186e+02		2.7534138e+02		2.4313173e+02		1.5936798e+02		8.3763754e+01
3.3800000e+02		3.3900000e+02		3.3850000e+02		6.4448401e+02		1.3642605e+02		2.9989603e+02		2.6502427e+02		1.7215938e+02		9.2864887e+01
3.3900000e+02		3.4000000e+02		3.3950000e+02		6.7448220e+02		1.4356090e+02		3.1597483e+02		2.7945305e+02		1.7989386e+02		9.9559184e+01
3.4000000e+02		3.4100000e+02		3.4050000e+02		7.1196374e+02		1.5236425e+02		3.3577190e+02		2.9719320e+02		1.8957732e+02		1.0761587e+02
3.4100000e+02		3.4200000e+02		3.4150000e+02		6.4984945e+02		1.3982236e+02		3.0852096e+02		2.7328393e+02		1.7273485e+02		1.0054908e+02
3.4200000e+02		3.4300000e+02		3.4250000e+02		7.0477558e+02		1.5245187e+02		3.3681317e+02		2.9857276e+02		1.8698788e+02		1.1158489e+02
3.4300000e+02		3.4400000e+02		3.4350000e+02		6.9264465e+02		1.5062253e+02		3.3319292e+02		2.9558707e+02		1.8341121e+02		1.1217586e+02
3.4400000e+02		3.4500000e+02		3.4450000e+02		5.5710877e+02		1.2178581e+02		2.6974477e+02		2.3947938e+02		1.4721979e+02		9.2259583e+01
3.4500000e+02		3.4600000e+02		3.4550000e+02		6.7138909e+02		1.4753262e+02		3.2718673e+02		2.9069201e+02		1.7703943e+02		1.1365257e+02
3.4600000e+02		3.4700000e+02		3.4650000e+02		6.5194093e+02		1.4399889e+02		3.1975589e+02		2.8429894e+02		1.7152715e+02		1.1277179e+02
3.4700000e+02		3.4800000e+02		3.4750000e+02		6.4525828e+02		1.4325236e+02		3.1850281e+02		2.8339110e+02		1.6937414e+02		1.1401696e+02
3.4800000e+02		3.4900000e+02		3.4850000e+02		6.6761091e+02		1.4896673e+02		3.3162930e+02		2.9528346e+02		1.7481814e+02		1.2046532e+02
3.4900000e+02		3.5000000e+02		3.4950000e+02		6.3989005e+02		1.4349917e+02		3.1986373e+02		2.8501094e+02		1.6713956e+02		1.1787138e+02
3.5000000e+02		3.5100000e+02		3.5050000e+02		7.6650484e+02		1.7274989e+02		3.8555384e+02		3.4378661e+02		1.9969241e+02		1.4409419e+02
3.5100000e+02		3.5200000e+02		3.5150000e+02		7.1211510e+02		1.6128455e+02		3.6042184e+02		3.2160258e+02		1.8502575e+02		1.3657683e+02
3.5200000e+02		3.5300000e+02		3.5250000e+02		6.5785102e+02		1.4972378e+02		3.3501133e+02		2.9913659e+02		1.7045431e+02		1.2868228e+02
3.5300000e+02		3.5400000e+02		3.5350000e+02		7.5263834e+02		1.7212795e+02		3.8562887e+02		3.4457073e+02		1.9445943e+02		1.5011130e+02
3.5400000e+02		3.5500000e+02		3.5450000e+02		8.0329241e+02		1.8459580e+02		4.1408389e+02		3.7024838e+02		2.0693930e+02		1.6330908e+02
3.5500000e+02		3.5600000e+02		3.5550000e+02		7.5433512e+02		1.7417148e+02		3.9119262e+02		3.5001664e+02		1.9374265e+02		1.5627399e+02
3.5600000e+02		3.5700000e+02		3.5650000e+02		6.5576441e+02		1.5212715e+02		3.4211020e+02		3.0630530e+02		1.6790589e+02		1.3839941e+02
3.5700000e+02		3.5800000e+02		3.5750000e+02		5.7307986e+02		1.3356785e+02		3.0074980e+02		2.6945209e+02		1.4627044e+02		1.2318165e+02
3.5800000e+02		3.5900000e+02		3.5850000e+02		4.9194729e+02		1.1519010e+02		2.5969345e+02		2.3282104e+02		1.2515554e+02		1.0766550e+02
3.5900000e+02		3.6000000e+02		3.5950000e+02		7.1030971e+02		1.6708451e+02		3.7715736e+02		3.3834997e+02		1.8010951e+02		1.5824046e+02
3.6000000e+02		3.6100000e+02		3.6050000e+02		7.0092701e+02		1.6562858e+02		3.7433483e+02		3.3603420e+02		1.7712789e+02		1.5890631e+02
3.6100000e+02		3.6200000e+02		3.6150000e+02		6.5110481e+02		1.5455027e+02		3.4972863e+02		3.1414596e+02		1.6396787e+02		1.5017809e+02
3.6200000e+02		3.6300000e+02		3.6250000e+02		7.3500056e+02		1.7524490e+02		3.9704619e+02		3.5687470e+02		1.8444131e+02		1.7243339e+02
3.6300000e+02		3.6400000e+02		3.6350000e+02		7.1558904e+02		1.7137318e+02		3.8875000e+02		3.4963668e+02		1.7892310e+02		1.7071358e+02
3.6400000e+02		3.6500000e+02		3.6450000e+02		7.4837927e+02		1.8001354e+02		4.0884825e+02		3.6794085e+02		1.8643471e+02		1.8150614e+02
3.6500000e+02		3.6600000e+02		3.6550000e+02		8.5179486e+02		2.0578114e+02		4.6793918e+02		4.2137817e+02		2.1140387e+02		2.0997430e+02
3.6600000e+02		3.6700000e+02		3.6650000e+02		9.1042532e+02		2.2089457e+02		5.0291330e+02		4.5314789e+02		2.2509521e+02		2.2805269e+02
3.6700000e+02		3.6800000e+02		3.6750000e+02		8.7909512e+02		2.1420517e+02		4.8826938e+02		4.4021827e+02		2.1650775e+02		2.2371052e+02
3.6800000e+02		3.6900000e+02		3.6850000e+02		8.1047729e+02		1.9832232e+02		4.5260544e+02		4.0830773e+02		1.9882282e+02		2.0948491e+02
3.6900000e+02		3.7000000e+02		3.6950000e+02		8.9967825e+02		2.2107421e+02		5.0512862e+02		4.5595985e+02		2.1982297e+02		2.3613688e+02
3.7000000e+02		3.7100000e+02		3.7050000e+02		8.4427990e+02		2.0832482e+02		4.7656005e+02		4.3042414e+02		2.0544989e+02		2.2497424e+02
3.7100000e+02		3.7200000e+02		3.7150000e+02		8.7164560e+02		2.1596429e+02		4.9461606e+02		4.4699137e+02		2.1123539e+02		2.3575598e+02
3.7200000e+02		3.7300000e+02		3.7250000e+02		7.2411383e+02		1.8014413e+02		4.1305978e+02		3.7350239e+02		1.7474911e+02		1.9875328e+02
3.7300000e+02		3.7400000e+02		3.7350000e+02		6.3155746e+02		1.5775438e+02		3.6214085e+02		3.2764623e+02		1.5176689e+02		1.7587934e+02
3.7400000e+02		3.7500000e+02		3.7450000e+02		6.4642322e+02		1.6211563e+02		3.7258129e+02		3.3728227e+02		1.5467217e+02		1.8261010e+02
3.7500000e+02		3.7600000e+02		3.7550000e+02		7.4036161e+02		1.8641268e+02		4.2891216e+02		3.8849310e+02		1.7637855e+02		2.1211455e+02
3.7600000e+02		3.7700000e+02		3.7650000e+02		7.6758018e+02		1.9402752e+02		4.4694039e+02		4.0504635e+02		1.8205737e+02		2.2298898e+02
3.7700000e+02		3.7800000e+02		3.7750000e+02		9.0048278e+02		2.2851122e+02		5.2696739e+02		4.7783365e+02		2.1262730e+02		2.6520636e+02
3.7800000e+02		3.7900000e+02		3.7850000e+02		9.3786543e+02		2.3891851e+02		5.5158507e+02		5.0042742e+02		2.2045509e+02		2.7997233e+02
3.7900000e+02		3.8000000e+02		3.7950000e+02		7.6051322e+02		1.9448135e+02		4.4949375e+02		4.0802388e+02		1.7795070e+02		2.3007318e+02
3.8000000e+02		3.8100000e+02		3.8050000e+02		8.2814537e+02		2.1258107e+02		4.9186931e+02		4.4672756e+02		1.9288151e+02		2.5384605e+02
3.8100000e+02		3.8200000e+02		3.8150000e+02		7.4366886e+02		1.9161497e+02		4.4384409e+02		4.0332240e+02		1.7239827e+02		2.3092413e+02
3.8200000e+02		3.8300000e+02		3.8250000e+02		5.3336093e+02		1.3793930e+02		3.1986100e+02		2.9081035e+02		1.2306156e+02		1.6774879e+02
3.8300000e+02		3.8400000e+02		3.8350000e+02		4.7073026e+02		1.2219155e+02		2.8365019e+02		2.5802165e+02		1.0809367e+02		1.4992798e+02
3.8400000e+02		3.8500000e+02		3.8450000e+02		6.2969557e+02		1.6405419e+02		3.8123626e+02		3.4696814e+02		1.4390145e+02		2.0306669e+02
3.8500000e+02		3.8600000e+02		3.8550000e+02		6.6694888e+02		1.7439033e+02		4.0568648e+02		3.6940785e+02		1.5167474e+02		2.1773310e+02
3.8600000e+02		3.8700000e+02		3.8650000e+02		6.6977732e+02		1.7575960e+02		4.0930287e+02		3.7288801e+02		1.5157152e+02		2.2131649e+02
3.8700000e+02		3.8800000e+02		3.8750000e+02		6.6902499e+02		1.7618767e+02		4.1072874e+02		3.7437313e+02		1.5065258e+02		2.2372055e+02
3.8800000e+02		3.8900000e+02		3.8850000e+02		6.7841027e+02		1.7928997e+02		4.1839425e+02		3.8154796e+02		1.5200389e+02		2.2954407e+02
3.8900000e+02		3.9000000e+02		3.8950000e+02		8.1451188e+02		2.1601177e+02		5.0460728e+02		4.6039301e+02		1.8158048e+02		2.7881253e+02
3.9000000e+02		3.9100000e+02		3.9050000e+02		8.5560997e+02		2.2769756e+02		5.3244786e+02		4.8602881e+02		1.8977489e+02		2.9625391e+02
3.9100000e+02		3.9200000e+02		3.9150000e+02		9.2006232e+02		2.4569061e+02		5.7510364e+02		5.2521694e+02		2.0302685e+02		3.2219009e+02
3.9200000e+02		3.9300000e+02		3.9250000e+02		7.0614281e+02		1.8920777e+02		4.4333459e+02		4.0506983e+02		1.5501887e+02		2.5005095e+02
3.9300000e+02		3.9400000e+02		3.9350000e+02		4.3291589e+02		1.1638890e+02		2.7298294e+02		2.4953843e+02		9.4544049e+01		1.5499438e+02
3.9400000e+02		3.9500000e+02		3.9450000e+02		7.1565803e+02		1.9304643e+02		4.5322436e+02		4.1449267e+02		1.5547409e+02		2.5901858e+02
3.9500000e+02		3.9600000e+02		3.9550000e+02		8.7888136e+02		2.3785997e+02		5.5898040e+02		5.1144614e+02		1.8992760e+02		3.2151854e+02
3.9600000e+02		3.9700000e+02		3.9650000e+02		6.0712893e+02		1.6485182e+02		3.8778315e+02		3.5496867e+02		1.3050525e+02		2.2446342e+02
3.9700000e+02		3.9800000e+02		3.9750000e+02		6.8053003e+02		1.8538251e+02		4.3649587e+02		3.9973949e+02		1.4550159e+02		2.5423790e+02
3.9800000e+02		3.9900000e+02		3.9850000e+02		1.0480559e+03		2.8641885e+02		6.7503364e+02		6.1846658e+02		2.2287576e+02		3.9559082e+02
3.9900000e+02		4.0000000e+02		3.9950000e+02		1.1577145e+03		3.1739602e+02		7.4874503e+02		6.8630441e+02		2.4486271e+02		4.4144170e+02
4.0000000e+02		4.0100000e+02		4.0050000e+02		1.1939713e+03		3.2837041e+02		7.7535645e+02		7.1100781e+02		2.5115569e+02		4.5985211e+02
4.0100000e+02		4.0200000e+02		4.0150000e+02		1.2509583e+03		3.4512027e+02		8.1565972e+02		7.4829053e+02		2.6170101e+02		4.8658952e+02
4.0200000e+02		4.0300000e+02		4.0250000e+02		1.2664199e+03		3.5046961e+02		8.2906072e+02		7.6091123e+02		2.6347507e+02		4.9743616e+02
4.0300000e+02		4.0400000e+02		4.0350000e+02		1.2115903e+03		3.3632646e+02		7.9632566e+02		7.3117773e+02		2.5067031e+02		4.8050742e+02
4.0400000e+02		4.0500000e+02		4.0450000e+02		1.1914959e+03		3.3175549e+02		7.8620859e+02		7.2219222e+02		2.4513842e+02		4.7705381e+02
4.0500000e+02		4.0600000e+02		4.0550000e+02		1.1904731e+03		3.3247064e+02		7.8860451e+02		7.2469499e+02		2.4355486e+02		4.8114013e+02
4.0600000e+02		4.0700000e+02		4.0650000e+02		1.1388815e+03		3.1901297e+02		7.5735047e+02		6.9626104e+02		2.3168670e+02		4.6457435e+02
4.0700000e+02		4.0800000e+02		4.0750000e+02		1.1575323e+03		3.2519738e+02		7.7270645e+02		7.1066867e+02		2.3414683e+02		4.7652184e+02
4.0800000e+02		4.0900000e+02		4.0850000e+02		1.2307397e+03		3.4677868e+02		8.2469846e+02		7.5879333e+02		2.4753780e+02		5.1125553e+02
4.0900000e+02		4.1000000e+02		4.0950000e+02		1.2243097e+03		3.4596964e+02		8.2347883e+02		7.5797471e+02		2.4483559e+02		5.1313912e+02
4.1000000e+02		4.1100000e+02		4.1050000e+02		1.1216634e+03		3.1787628e+02		7.5725232e+02		6.9729272e+02		2.2301898e+02		4.7427373e+02
4.1100000e+02		4.1200000e+02		4.1150000e+02		1.3003372e+03		3.6956335e+02		8.8112157e+02		8.1167261e+02		2.5705120e+02		5.5462141e+02
4.1200000e+02		4.1300000e+02		4.1250000e+02		1.2760342e+03		3.6368143e+02		8.6781856e+02		7.9972902e+02		2.5078349e+02		5.4894553e+02
4.1300000e+02		4.1400000e+02		4.1350000e+02		1.2308584e+03		3.5178837e+02		8.4013021e+02		7.7451122e+02		2.4049528e+02		5.3401595e+02
4.1400000e+02		4.1500000e+02		4.1450000e+02		1.2488872e+03		3.5793152e+02		8.5549771e+02		7.8897911e+02		2.4258984e+02		5.4638927e+02
4.1500000e+02		4.1600000e+02		4.1550000e+02		1.2477523e+03		3.5858930e+02		8.5776141e+02		7.9136541e+02		2.4094509e+02		5.5042032e+02
4.1600000e+02		4.1700000e+02		4.1650000e+02		1.2947363e+03		3.7310534e+02		8.9319735e+02		8.2436638e+02		2.4854266e+02		5.7582372e+02
4.1700000e+02		4.1800000e+02		4.1750000e+02		1.1781342e+03		3.4042009e+02		8.1559480e+02		7.5302254e+02		2.2481958e+02		5.2820296e+02
4.1800000e+02		4.1900000e+02		4.1850000e+02		1.2217101e+03		3.5395498e+02		8.4868626e+02		7.8386233e+02		2.3174874e+02		5.5211359e+02
4.1900000e+02		4.2000000e+02		4.1950000e+02		1.2338424e+03		3.5841673e+02		8.6005034e+02		7.9464658e+02		2.3265322e+02		5.6199336e+02
4.2000000e+02		4.2100000e+02		4.2050000e+02		1.2494927e+03		3.6391536e+02		8.7391473e+02		8.0774665e+02		2.3419294e+02		5.7355371e+02
4.2100000e+02		4.2200000e+02		4.2150000e+02		1.2299982e+03		3.5916888e+02		8.6317145e+02		7.9810052e+02		2.2915325e+02		5.6894727e+02
4.2200000e+02		4.2300000e+02		4.2250000e+02		1.1657134e+03		3.4127396e+02		8.2078207e+02		7.5917392e+02		2.1586677e+02		5.4330715e+02
4.2300000e+02		4.2400000e+02		4.2350000e+02		1.2419943e+03		3.6453376e+02		8.7737549e+02		8.1180233e+02		2.2860055e+02		5.8320178e+02
4.2400000e+02		4.2500000e+02		4.2450000e+02		1.2850442e+03		3.7812271e+02		9.1075224e+02		8.4297546e+02		2.3508820e+02		6.0788726e+02
4.2500000e+02		4.2600000e+02		4.2550000e+02		1.2367256e+03		3.6481649e+02		8.7934321e+02		8.1418200e+02		2.2487068e+02		5.8931132e+02
4.2600000e+02		4.2700000e+02		4.2650000e+02		1.2316584e+03		3.6422330e+02		8.7854685e+02		8.1371990e+02		2.2258111e+02		5.9113879e+02
4.2700000e+02		4.2800000e+02		4.2750000e+02		1.1420512e+03		3.3855515e+02		8.1721558e+02		7.5716778e+02		2.0512293e+02		5.5204486e+02
4.2800000e+02		4.2900000e+02		4.2850000e+02		1.1495483e+03		3.4160766e+02		8.2516662e+02		7.6478820e+02		2.0520063e+02		5.5958757e+02
4.2900000e+02		4.3000000e+02		4.2950000e+02		1.0698649e+03		3.1869560e+02		7.7036012e+02		7.1422646e+02		1.8979977e+02		5.2442669e+02
4.3000000e+02		4.3100000e+02		4.3050000e+02		8.6065012e+02		2.5698681e+02		6.2162590e+02		5.7651743e+02		1.5174042e+02		4.2477701e+02
4.3100000e+02		4.3200000e+02		4.3150000e+02		1.0641754e+03		3.1851133e+02		7.7097554e+02		7.1525968e+02		1.8646125e+02		5.2879843e+02
4.3200000e+02		4.3300000e+02		4.3250000e+02		1.1990384e+03		3.5971847e+02		8.7131023e+02		8.0860119e+02		2.0878639e+02		5.9981480e+02
4.3300000e+02		4.3400000e+02		4.3350000e+02		1.3017454e+03		3.9143916e+02		9.4878027e+02		8.8077356e+02		2.2525895e+02		6.5551460e+02
4.3400000e+02		4.3500000e+02		4.3450000e+02		1.1054356e+03		3.3317384e+02		8.0809155e+02		7.5040356e+02		1.9009459e+02		5.6030897e+02
4.3500000e+02		4.3600000e+02		4.3550000e+02		1.2347447e+03		3.7299639e+02		9.0527304e+02		8.4090757e+02		2.1100236e+02		6.2990522e+02
4.3600000e+02		4.3700000e+02		4.3650000e+02		1.3814970e+03		4.1827148e+02		1.0158171e+03		9.4388100e+02		2.3459980e+02		7.0928120e+02
4.3700000e+02		4.3800000e+02		4.3750000e+02		1.2223713e+03		3.7092255e+02		9.0140489e+02		8.3782504e+02		2.0627295e+02		6.3155208e+02
4.3800000e+02		4.3900000e+02		4.3850000e+02		1.1905029e+03		3.6205401e+02		8.8041312e+02		8.1855968e+02		1.9962968e+02		6.1893000e+02
4.3900000e+02		4.4000000e+02		4.3950000e+02		1.3250738e+03		4.0386562e+02		9.8270604e+02		9.1393770e+02		2.2079257e+02		6.9314513e+02
4.4000000e+02		4.4100000e+02		4.4050000e+02		1.2562739e+03		3.8373046e+02		9.3429438e+02		8.6916966e+02		2.0800456e+02		6.6116510e+02
4.4100000e+02		4.4200000e+02		4.4150000e+02		1.3817384e+03		4.2296472e+02		1.0304562e+03		9.5890798e+02		2.2732804e+02		7.3157994e+02
4.4200000e+02		4.4300000e+02		4.4250000e+02		1.4526378e+03		4.4561870e+02		1.0863102e+03		1.0111757e+03		2.3747501e+02		7.7370072e+02
4.4300000e+02		4.4400000e+02		4.4350000e+02		1.4050936e+03		4.3194705e+02		1.0536183e+03		9.8102522e+02		2.2824121e+02		7.5278402e+02
4.4400000e+02		4.4500000e+02		4.4450000e+02		1.4475318e+03		4.4592732e+02		1.0883697e+03		1.0136691e+03		2.3363622e+02		7.8003288e+02
4.4500000e+02		4.4600000e+02		4.4550000e+02		1.3420773e+03		4.1430083e+02		1.0117776e+03		9.4259791e+02		2.1523257e+02		7.2736534e+02
4.4600000e+02		4.4700000e+02		4.4650000e+02		1.3689269e+03		4.2346014e+02		1.0347512e+03		9.6426820e+02		2.1813454e+02		7.4613366e+02
4.4700000e+02		4.4800000e+02		4.4750000e+02		1.4837056e+03		4.5990250e+02		1.1244514e+03		1.0481462e+03		2.3490978e+02		8.1323645e+02
4.4800000e+02		4.4900000e+02		4.4850000e+02		1.4587166e+03		4.5307131e+02		1.1083842e+03		1.0334504e+03		2.2947165e+02		8.0397879e+02
4.4900000e+02		4.5000000e+02		4.4950000e+02		1.4737837e+03		4.5866850e+02		1.1227135e+03		1.0470929e+03		2.3035220e+02		8.1674070e+02
4.5000000e+02		4.5100000e+02		4.5050000e+02		1.5636828e+03		4.8761308e+02		1.1942329e+03		1.1140922e+03		2.4283073e+02		8.7126146e+02
4.5100000e+02		4.5200000e+02		4.5150000e+02		1.5589734e+03		4.8710097e+02		1.1936412e+03		1.1138342e+03		2.4053930e+02		8.7329492e+02
4.5200000e+02		4.5300000e+02		4.5250000e+02		1.4757889e+03		4.6200883e+02		1.1327750e+03		1.0573140e+03		2.2623516e+02		8.3107882e+02
4.5300000e+02		4.5400000e+02		4.5350000e+02		1.4141855e+03		4.4357841e+02		1.0881778e+03		1.0159506e+03		2.1539073e+02		8.0055990e+02
4.5400000e+02		4.5500000e+02		4.5450000e+02		1.5096596e+03		4.7443130e+02		1.1644917e+03		1.0874780e+03		2.2844456e+02		8.5903340e+02
4.5500000e+02		4.5600000e+02		4.5550000e+02		1.4952815e+03		4.7080375e+02		1.1562031e+03		1.0800116e+03		2.2480316e+02		8.5520848e+02
4.5600000e+02		4.5700000e+02		4.5650000e+02		1.5527317e+03		4.8981094e+02		1.2035147e+03		1.1244882e+03		2.3192641e+02		8.9256175e+02
4.5700000e+02		4.5800000e+02		4.5750000e+02		1.5677329e+03		4.9546361e+02		1.2180385e+03		1.1383415e+03		2.3264672e+02		9.0569482e+02
4.5800000e+02		4.5900000e+02		4.5850000e+02		1.4734199e+03		4.6651590e+02		1.1474655e+03		1.0726505e+03		2.1722978e+02		8.5542076e+02
4.5900000e+02		4.6000000e+02		4.5950000e+02		1.5222067e+03		4.8284356e+02		1.1882320e+03		1.1110301e+03		2.2296229e+02		8.8806783e+02
4.6000000e+02		4.6100000e+02		4.6050000e+02		1.5039223e+03		4.7790750e+02		1.1766787e+03		1.1004935e+03		2.1884935e+02		8.8164411e+02
4.6100000e+02		4.6200000e+02		4.6150000e+02		1.5386000e+03		4.8980433e+02		1.2065731e+03		1.1287224e+03		2.2243590e+02		9.0628650e+02
4.6200000e+02		4.6300000e+02		4.6250000e+02		1.5538294e+03		4.9553181e+02		1.2212857e+03		1.1427565e+03		2.2317170e+02		9.1958477e+02
4.6300000e+02		4.6400000e+02		4.6350000e+02		1.5018384e+03		4.7979496e+02		1.1830793e+03		1.1072666e+03		2.1429551e+02		8.9297108e+02
4.6400000e+02		4.6500000e+02		4.6450000e+02		1.5281564e+03		4.8905485e+02		1.2064962e+03		1.1294454e+03		2.1662537e+02		9.1282001e+02
4.6500000e+02		4.6600000e+02		4.6550000e+02		1.4760608e+03		4.7319961e+02		1.1679407e+03		1.0936038e+03		2.0787154e+02		8.8573227e+02
4.6600000e+02		4.6700000e+02		4.6650000e+02		1.4854121e+03		4.7701343e+02		1.1779121e+03		1.1031919e+03		2.0781879e+02		8.9537313e+02
4.6700000e+02		4.6800000e+02		4.6750000e+02		1.4997486e+03		4.8243505e+02		1.1918588e+03		1.1165059e+03		2.0844967e+02		9.0805624e+02
4.6800000e+02		4.6900000e+02		4.6850000e+02		1.4665907e+03		4.7256260e+02		1.1680108e+03		1.0944102e+03		2.0250444e+02		8.9190578e+02
4.6900000e+02		4.7000000e+02		4.6950000e+02		1.5086728e+03		4.8693260e+02		1.2040813e+03		1.1284576e+03		2.0694818e+02		9.2150939e+02
4.7000000e+02		4.7100000e+02		4.7050000e+02		1.4256243e+03		4.6088828e+02		1.1401973e+03		1.0688201e+03		1.9427224e+02		8.7454789e+02
4.7100000e+02		4.7200000e+02		4.7150000e+02		1.4904926e+03		4.8264818e+02		1.1945665e+03		1.1200289e+03		2.0177753e+02		9.1825134e+02
4.7200000e+02		4.7300000e+02		4.7250000e+02		1.5269264e+03		4.9524804e+02		1.2262971e+03		1.1500268e+03		2.0535097e+02		9.4467581e+02
4.7300000e+02		4.7400000e+02		4.7350000e+02		1.4995420e+03		4.8714776e+02		1.2067711e+03		1.1319562e+03		2.0034173e+02		9.3161450e+02
4.7400000e+02		4.7500000e+02		4.7450000e+02		1.5448084e+03		5.0265243e+02		1.2457224e+03		1.1687390e+03		2.0503124e+02		9.6370780e+02
4.7500000e+02		4.7600000e+02		4.7550000e+02		1.5413846e+03		5.0232986e+02		1.2454600e+03		1.1687369e+03		2.0322994e+02		9.6550697e+02
4.7600000e+02		4.7700000e+02		4.7650000e+02		1.4853490e+03		4.8482510e+02		1.2025724e+03		1.1287247e+03		1.9455174e+02		9.3417297e+02
4.7700000e+02		4.7800000e+02		4.7750000e+02		1.5508368e+03		5.0698504e+02		1.2580697e+03		1.1810559e+03		2.0179083e+02		9.7926511e+02
4.7800000e+02		4.7900000e+02		4.7850000e+02		1.5358791e+03		5.0286621e+02		1.2483707e+03		1.1721884e+03		1.9852718e+02		9.7366118e+02
4.7900000e+02		4.8000000e+02		4.7950000e+02		1.5403519e+03		5.0509808e+02		1.2544301e+03		1.1781147e+03		1.9779232e+02		9.8032237e+02
4.8000000e+02		4.8100000e+02		4.8050000e+02		1.5442750e+03		5.0714808e+02		1.2600371e+03		1.1836160e+03		1.9698796e+02		9.8662808e+02
4.8100000e+02		4.8200000e+02		4.8150000e+02		1.5475498e+03		5.0898296e+02		1.2651084e+03		1.1886140e+03		1.9610306e+02		9.9251094e+02
4.8200000e+02		4.8300000e+02		4.8250000e+02		1.5416562e+03		5.0779540e+02		1.2626628e+03		1.1865478e+03		1.9406675e+02		9.9248109e+02
4.8300000e+02		4.8400000e+02		4.8350000e+02		1.5183412e+03		5.0084971e+02		1.2458862e+03		1.1710089e+03		1.8986989e+02		9.8113903e+02
4.8400000e+02		4.8500000e+02		4.8450000e+02		1.4920771e+03		4.9290179e+02		1.2265970e+03		1.1530998e+03		1.8535336e+02		9.6774641e+02
4.8500000e+02		4.8600000e+02		4.8550000e+02		1.4021236e+03		4.6385349e+02		1.1547583e+03		1.0857716e+03		1.7302839e+02		9.1274321e+02
4.8600000e+02		4.8700000e+02		4.8650000e+02		1.2173217e+03		4.0329206e+02		1.0043776e+03		9.4455217e+02		1.4923056e+02		7.9532161e+02
4.8700000e+02		4.8800000e+02		4.8750000e+02		1.3927585e+03		4.6206633e+02		1.1511900e+03		1.0828212e+03		1.6960910e+02		9.1321210e+02
4.8800000e+02		4.8900000e+02		4.8850000e+02		1.4651201e+03		4.8675500e+02		1.2131562e+03		1.1413176e+03		1.7724218e+02		9.6407542e+02
4.8900000e+02		4.9000000e+02		4.8950000e+02		1.4372192e+03		4.7814919e+02		1.1921522e+03		1.1217621e+03		1.7271780e+02		9.4904429e+02
4.9000000e+02		4.9100000e+02		4.9050000e+02		1.5307557e+03		5.0996940e+02		1.2719577e+03		1.1970720e+03		1.8274266e+02		1.0143293e+03
4.9100000e+02		4.9200000e+02		4.9150000e+02		1.4425606e+03		4.8124337e+02		1.2007483e+03		1.1302574e+03		1.7107555e+02		9.5918182e+02
4.9200000e+02		4.9300000e+02		4.9250000e+02		1.3729411e+03		4.5863771e+02		1.1447588e+03		1.0777460e+03		1.6174299e+02		9.1600301e+02
4.9300000e+02		4.9400000e+02		4.9350000e+02		1.4509629e+03		4.8535115e+02		1.2118692e+03		1.1411283e+03		1.6980463e+02		9.7132366e+02
4.9400000e+02		4.9500000e+02		4.9450000e+02		1.4929449e+03		5.0005784e+02		1.2490326e+03		1.1763271e+03		1.7356280e+02		1.0027643e+03
4.9500000e+02		4.9600000e+02		4.9550000e+02		1.4663156e+03		4.9178523e+02		1.2288002e+03		1.1574720e+03		1.6934020e+02		9.8813175e+02
4.9600000e+02		4.9700000e+02		4.9650000e+02		1.4846220e+03		4.9857486e+02		1.2461975e+03		1.1740599e+03		1.7032108e+02		1.0037389e+03
4.9700000e+02		4.9800000e+02		4.9750000e+02		1.5123203e+03		5.0853363e+02		1.2715264e+03		1.1981253e+03		1.7235201e+02		1.0257733e+03
4.9800000e+02		4.9900000e+02		4.9850000e+02		1.3744029e+03		4.6274994e+02		1.1574434e+03		1.0908107e+03		1.5559906e+02		9.3521168e+02
4.9900000e+02		5.0000000e+02		4.9950000e+02		1.4721832e+03		4.9630155e+02		1.2417815e+03		1.1704879e+03		1.6556762e+02		1.0049203e+03
