Left Bin Edge (nm)	Right Bin Edge (nm)	Bin Center (nm)		Top of Atm Intensity (erg/s/nm/cm2)		Total Surface Flux (erg/s/nm/cm2)		Total Intensity at BOA (erg/s/nm/cm2)		Total Surface Intensity (erg/s/nm/cm2)		Total Surface Diffuse Intensity (erg/s/nm/cm2)		Total Surface Direct Intensity (erg/s/nm/cm2)
1.0000000e+02		1.0100000e+02		1.0050000e+02		4.4569042e-02		2.4525374e-199		0.0000000e+00		4.2479194e-199		4.2479194e-199		0.0000000e+00
1.0100000e+02		1.0200000e+02		1.0150000e+02		1.7387199e-01		2.8780738e-197		0.0000000e+00		4.9849701e-197		4.9849701e-197		0.0000000e+00
1.0200000e+02		1.0300000e+02		1.0250000e+02		9.2286085e-01		3.0760917e-195		0.0000000e+00		5.3279472e-195		5.3279472e-195		0.0000000e+00
1.0300000e+02		1.0400000e+02		1.0350000e+02		7.0094286e-01		3.0025219e-193		0.0000000e+00		5.2005206e-193		5.2005206e-193		0.0000000e+00
1.0400000e+02		1.0500000e+02		1.0450000e+02		1.4124828e-01		2.6834656e-191		0.0000000e+00		4.6478987e-191		4.6478987e-191		0.0000000e+00
1.0500000e+02		1.0600000e+02		1.0550000e+02		4.8389941e-02		2.2015022e-189		0.0000000e+00		3.8131137e-189		3.8131137e-189		0.0000000e+00
1.0600000e+02		1.0700000e+02		1.0650000e+02		4.5487167e-02		1.6618999e-187		0.0000000e+00		2.8784951e-187		2.8784951e-187		0.0000000e+00
1.0700000e+02		1.0800000e+02		1.0750000e+02		5.0757295e-02		1.1570803e-185		0.0000000e+00		2.0041219e-185		2.0041219e-185		0.0000000e+00
1.0800000e+02		1.0900000e+02		1.0850000e+02		7.1152114e-02		7.4467733e-184		0.0000000e+00		1.2898190e-183		1.2898190e-183		0.0000000e+00
1.0900000e+02		1.1000000e+02		1.0950000e+02		5.5817450e-02		4.4397233e-182		0.0000000e+00		7.6898263e-182		7.6898263e-182		0.0000000e+00
1.1000000e+02		1.1100000e+02		1.1050000e+02		5.4043772e-02		2.4571444e-180		0.0000000e+00		4.2558989e-180		4.2558989e-180		0.0000000e+00
1.1100000e+02		1.1200000e+02		1.1150000e+02		5.0797691e-02		1.2649211e-178		0.0000000e+00		2.1909075e-178		2.1909075e-178		0.0000000e+00
1.1200000e+02		1.1300000e+02		1.1250000e+02		5.1969037e-02		6.0686755e-177		0.0000000e+00		1.0511254e-176		1.0511254e-176		0.0000000e+00
1.1300000e+02		1.1400000e+02		1.1350000e+02		4.1221387e-02		2.7185201e-175		0.0000000e+00		4.7086149e-175		4.7086149e-175		0.0000000e+00
1.1400000e+02		1.1500000e+02		1.1450000e+02		3.1562600e-02		1.1390988e-173		0.0000000e+00		1.9729770e-173		1.9729770e-173		0.0000000e+00
1.1500000e+02		1.1600000e+02		1.1550000e+02		4.3552050e-02		4.4723393e-172		0.0000000e+00		7.7463189e-172		7.7463189e-172		0.0000000e+00
1.1600000e+02		1.1700000e+02		1.1650000e+02		1.0143732e-01		1.6480831e-170		0.0000000e+00		2.8545637e-170		2.8545637e-170		0.0000000e+00
1.1700000e+02		1.1800000e+02		1.1750000e+02		3.6108525e-01		5.7095016e-169		0.0000000e+00		9.8891469e-169		9.8891469e-169		0.0000000e+00
1.1800000e+02		1.1900000e+02		1.1850000e+02		1.2283927e-01		1.8623274e-167		0.0000000e+00		3.2256457e-167		3.2256457e-167		0.0000000e+00
1.1900000e+02		1.2000000e+02		1.1950000e+02		1.7115732e-01		5.7285519e-166		0.0000000e+00		9.9221430e-166		9.9221430e-166		0.0000000e+00
1.2000000e+02		1.2100000e+02		1.2050000e+02		9.3056497e-01		1.6642100e-164		0.0000000e+00		2.8824963e-164		2.8824963e-164		0.0000000e+00
1.2100000e+02		1.2200000e+02		1.2150000e+02		3.6941242e+01		4.5723789e-163		0.0000000e+00		7.9195925e-163		7.9195925e-163		0.0000000e+00
1.2200000e+02		1.2300000e+02		1.2250000e+02		2.4773856e-01		1.1896897e-161		0.0000000e+00		2.0606030e-161		2.0606030e-161		0.0000000e+00
1.2300000e+02		1.2400000e+02		1.2350000e+02		1.3344721e-01		2.9353504e-160		3.4578011e-161		5.0841759e-160		5.0841759e-160		0.0000000e+00
1.2400000e+02		1.2500000e+02		1.2450000e+02		1.0726631e-01		6.8766695e-159		8.2984250e-160		1.1910741e-158		1.1910741e-158		0.0000000e+00
1.2500000e+02		1.2600000e+02		1.2550000e+02		1.0471361e-01		1.5315357e-157		1.8956891e-158		2.6526977e-157		2.6526977e-157		0.0000000e+00
1.2600000e+02		1.2700000e+02		1.2650000e+02		1.4644878e-01		3.2466120e-156		4.1217334e-157		5.6232970e-156		5.6232970e-156		0.0000000e+00
1.2700000e+02		1.2800000e+02		1.2750000e+02		7.6659940e-02		6.5583346e-155		8.5393734e-156		1.1359369e-154		1.1359369e-154		0.0000000e+00
1.2800000e+02		1.2900000e+02		1.2850000e+02		6.1165494e-02		1.2638827e-153		1.6875280e-154		2.1891090e-153		2.1891090e-153		0.0000000e+00
1.2900000e+02		1.3000000e+02		1.2950000e+02		8.1594975e-02		2.3261895e-152		3.1839683e-153		4.0290785e-152		4.0290785e-152		0.0000000e+00
1.3000000e+02		1.3100000e+02		1.3050000e+02		6.7007791e-01		4.0932548e-151		5.7416428e-152		7.0897252e-151		7.0897252e-151		0.0000000e+00
1.3100000e+02		1.3200000e+02		1.3150000e+02		9.0731094e-02		6.8932467e-150		9.9064898e-151		1.1939453e-149		1.1939453e-149		0.0000000e+00
1.3200000e+02		1.3300000e+02		1.3250000e+02		7.0547730e-02		1.1120977e-148		1.6369879e-149		1.9262098e-148		1.9262098e-148		0.0000000e+00
1.3300000e+02		1.3400000e+02		1.3350000e+02		9.5357088e-01		1.7204660e-147		2.5930407e-148		2.9799345e-147		2.9799345e-147		0.0000000e+00
1.3400000e+02		1.3500000e+02		1.3450000e+02		6.5246966e-02		2.5547032e-146		3.9411068e-147		4.4248758e-146		4.4248758e-146		0.0000000e+00
1.3500000e+02		1.3600000e+02		1.3550000e+02		1.3692679e-01		3.6443573e-145		5.7530966e-146		6.3122119e-145		6.3122119e-145		0.0000000e+00
1.3600000e+02		1.3700000e+02		1.3650000e+02		8.9861989e-02		4.9988691e-144		8.0719174e-145		8.6582952e-144		8.6582952e-144		0.0000000e+00
1.3700000e+02		1.3800000e+02		1.3750000e+02		9.2282630e-02		6.5987983e-143		1.0896090e-143		1.1429454e-142		1.1429454e-142		0.0000000e+00
1.3800000e+02		1.3900000e+02		1.3850000e+02		9.4180145e-02		8.3900039e-142		1.4161746e-142		1.4531913e-141		1.4531913e-141		0.0000000e+00
1.3900000e+02		1.4000000e+02		1.3950000e+02		3.1801144e-01		1.0282886e-140		1.7736414e-141		1.7810481e-140		1.7810481e-140		0.0000000e+00
1.4000000e+02		1.4100000e+02		1.4050000e+02		2.7729440e-01		1.2158073e-139		2.1421773e-140		2.1058400e-139		2.1058400e-139		0.0000000e+00
1.4100000e+02		1.4200000e+02		1.4150000e+02		1.3359910e-01		1.3878505e-138		2.4971697e-139		2.4038275e-138		2.4038275e-138		0.0000000e+00
1.4200000e+02		1.4300000e+02		1.4250000e+02		1.4479671e-01		1.5306331e-137		2.8116762e-138		2.6511343e-137		2.6511343e-137		0.0000000e+00
1.4300000e+02		1.4400000e+02		1.4350000e+02		1.6064305e-01		1.6321625e-136		3.0599633e-137		2.8269884e-136		2.8269884e-136		0.0000000e+00
1.4400000e+02		1.4500000e+02		1.4450000e+02		1.5363637e-01		1.6839299e-135		3.2212165e-136		2.9166522e-135		2.9166522e-135		0.0000000e+00
1.4500000e+02		1.4600000e+02		1.4550000e+02		1.6382583e-01		1.6820898e-134		3.2822679e-135		2.9134650e-134		2.9134650e-134		0.0000000e+00
1.4600000e+02		1.4700000e+02		1.4650000e+02		1.9977093e-01		1.6278971e-133		3.2394625e-134		2.8196004e-133		2.8196004e-133		0.0000000e+00
1.4700000e+02		1.4800000e+02		1.4750000e+02		2.4643334e-01		1.5273471e-132		3.0987663e-133		2.6454427e-132		2.6454427e-132		0.0000000e+00
1.4800000e+02		1.4900000e+02		1.4850000e+02		2.4167300e-01		1.3901268e-131		2.8746794e-132		2.4077702e-131		2.4077702e-131		0.0000000e+00
1.4900000e+02		1.5000000e+02		1.4950000e+02		2.1832777e-01		1.2281240e-130		2.5879414e-131		2.1271732e-130		2.1271732e-130		0.0000000e+00
1.5000000e+02		1.5100000e+02		1.5050000e+02		2.4023073e-01		1.0538031e-129		2.2622924e-130		1.8252405e-129		1.8252405e-129		0.0000000e+00
1.5100000e+02		1.5200000e+02		1.5150000e+02		2.5258505e-01		8.7873461e-129		1.9214180e-129		1.5220130e-128		1.5220130e-128		0.0000000e+00
1.5200000e+02		1.5300000e+02		1.5250000e+02		3.2229547e-01		7.1249504e-128		1.5864498e-128		1.2340776e-127		1.2340776e-127		0.0000000e+00
1.5300000e+02		1.5400000e+02		1.5350000e+02		3.5701286e-01		5.6204440e-127		1.2740480e-127		9.7348946e-127		9.7348946e-127		0.0000000e+00
1.5400000e+02		1.5500000e+02		1.5450000e+02		9.5486931e-01		4.3157510e-126		9.9572259e-127		7.4751000e-126		7.4751000e-126		0.0000000e+00
1.5500000e+02		1.5600000e+02		1.5550000e+02		7.8587524e-01		3.2274921e-125		7.5775304e-126		5.5901803e-125		5.5901803e-125		0.0000000e+00
1.5600000e+02		1.5700000e+02		1.5650000e+02		4.6648084e-01		2.3518916e-124		5.6181300e-125		4.0735957e-124		4.0735957e-124		0.0000000e+00
1.5700000e+02		1.5800000e+02		1.5750000e+02		4.2309893e-01		1.6708160e-123		4.0597413e-124		2.8939382e-123		2.8939382e-123		0.0000000e+00
1.5800000e+02		1.5900000e+02		1.5850000e+02		3.9008072e-01		1.1577329e-122		2.8607267e-123		2.0052522e-122		2.0052522e-122		0.0000000e+00
1.5900000e+02		1.6000000e+02		1.5950000e+02		3.8042347e-01		7.8281570e-122		1.9669396e-122		1.3558766e-121		1.3558766e-121		0.0000000e+00
1.6000000e+02		1.6100000e+02		1.6050000e+02		4.1635449e-01		5.1675279e-121		1.3199849e-121		8.9504209e-121		8.9504209e-121		0.0000000e+00
1.6100000e+02		1.6200000e+02		1.6150000e+02		4.7164413e-01		3.3317523e-120		8.6496881e-121		5.7707642e-120		5.7707642e-120		0.0000000e+00
1.6200000e+02		1.6300000e+02		1.6250000e+02		5.2241459e-01		2.0990164e-119		5.5384905e-120		3.6356030e-119		3.6356030e-119		0.0000000e+00
1.6300000e+02		1.6400000e+02		1.6350000e+02		1.1072121e+00		1.2927037e-118		3.4661078e-119		2.2390284e-118		2.2390284e-118		0.0000000e+00
1.6400000e+02		1.6500000e+02		1.6450000e+02		1.1323318e+00		7.7858204e-118		2.1206062e-118		1.3485436e-117		1.3485436e-117		0.0000000e+00
1.6500000e+02		1.6600000e+02		1.6550000e+02		1.3255566e+00		4.5877661e-117		1.2696344e-117		7.9462440e-117		7.9462440e-117		0.0000000e+00
1.6600000e+02		1.6700000e+02		1.6650000e+02		6.2522883e-01		2.6458554e-116		7.4384536e-117		4.5827560e-116		4.5827560e-116		0.0000000e+00
1.6700000e+02		1.6800000e+02		1.6750000e+02		6.6723830e-01		1.4940635e-115		4.2653191e-116		2.5877939e-115		2.5877939e-115		0.0000000e+00
1.6800000e+02		1.6900000e+02		1.6850000e+02		7.1904320e-01		8.2634353e-115		2.3971880e-115		1.4312690e-114		1.4312690e-114		0.0000000e+00
1.6900000e+02		1.7000000e+02		1.6950000e+02		9.0554889e-01		4.4783843e-114		1.3188065e-114		7.7567891e-114		7.7567891e-114		0.0000000e+00
1.7000000e+02		1.7100000e+02		1.7050000e+02		1.0161854e+00		2.3789435e-113		7.1172437e-114		4.1204510e-113		4.1204510e-113		0.0000000e+00
1.7100000e+02		1.7200000e+02		1.7150000e+02		1.0130704e+00		1.2391097e-112		3.7666024e-113		2.1462009e-112		2.1462009e-112		0.0000000e+00
1.7200000e+02		1.7300000e+02		1.7250000e+02		1.0571150e+00		6.3306043e-112		1.9556440e-112		1.0964928e-111		1.0964928e-111		0.0000000e+00
1.7300000e+02		1.7400000e+02		1.7350000e+02		1.0479596e+00		3.1734687e-111		9.9656650e-112		5.4966091e-111		5.4966091e-111		0.0000000e+00
1.7400000e+02		1.7500000e+02		1.7450000e+02		1.2530722e+00		1.5614155e-110		4.9858234e-111		2.7044509e-110		2.7044509e-110		0.0000000e+00
1.7500000e+02		1.7600000e+02		1.7550000e+02		1.4954862e+00		7.5420283e-110		2.4570101e-110		1.3063176e-109		1.3063176e-109		0.0000000e+00
1.7600000e+02		1.7700000e+02		1.7650000e+02		1.6135596e+00		3.5780816e-109		1.1875387e-109		6.1974192e-109		6.1974192e-109		0.0000000e+00
1.7700000e+02		1.7800000e+02		1.7750000e+02		1.9010195e+00		1.6675895e-108		5.6473234e-109		2.8883497e-108		2.8883497e-108		0.0000000e+00
1.7800000e+02		1.7900000e+02		1.7850000e+02		2.0776624e+00		7.6371104e-108		2.6433874e-108		1.3227863e-107		1.3227863e-107		0.0000000e+00
1.7900000e+02		1.8000000e+02		1.7950000e+02		2.0198657e+00		3.4375119e-107		1.2212647e-107		5.9539452e-107		5.9539452e-107		0.0000000e+00
1.8000000e+02		1.8100000e+02		1.8050000e+02		2.4976225e+00		1.5213059e-106		5.5512882e-107		2.6349791e-106		2.6349791e-106		0.0000000e+00
1.8100000e+02		1.8200000e+02		1.8150000e+02		3.0410490e+00		6.6197447e-106		2.4973749e-106		1.1465734e-105		1.1465734e-105		0.0000000e+00
1.8200000e+02		1.8300000e+02		1.8250000e+02		2.8073836e+00		2.8309854e-105		1.1247633e-105		4.9034105e-105		4.9034105e-105		0.0000000e+00
1.8300000e+02		1.8400000e+02		1.8350000e+02		2.9562417e+00		1.1928119e-104		4.8702761e-105		2.0660108e-104		2.0660108e-104		1.4821969e-323
1.8400000e+02		1.8500000e+02		1.8450000e+02		2.5409769e+00		4.9303601e-104		2.1835322e-104		8.5396343e-104		8.5396343e-104		3.4784862e-200
1.8500000e+02		1.8600000e+02		1.8550000e+02		2.8735562e+00		2.0138818e-103		9.0938177e-104		3.4881456e-103		3.4881456e-103		1.0329170e-187
1.8600000e+02		1.8700000e+02		1.8650000e+02		3.2604304e+00		8.0369470e-103		3.5845210e-100		1.3920400e-102		1.3920400e-102		1.8378797e-110
1.8700000e+02		1.8800000e+02		1.8750000e+02		3.6946466e+00		3.2276272e-101		2.4403734e-95		3.5523266e-101		7.6824700e-102		2.7840796e-101
1.8800000e+02		1.8900000e+02		1.8850000e+02		3.8870616e+00		1.3638848e-60		5.6854422e-57		1.4351493e-60		1.6861345e-61		1.2665358e-60
1.8900000e+02		1.9000000e+02		1.8950000e+02		4.3106081e+00		3.2835214e-54		6.0554931e-51		3.4711294e-54		4.4388518e-55		3.0272442e-54
1.9000000e+02		1.9100000e+02		1.9050000e+02		4.4384288e+00		7.5556077e-35		1.1683258e-32		8.2259294e-35		1.5859981e-35		6.6399313e-35
1.9100000e+02		1.9200000e+02		1.9150000e+02		4.8094361e+00		2.8851363e-27		1.7098194e-25		3.2093487e-27		7.6709477e-28		2.4422539e-27
1.9200000e+02		1.9300000e+02		1.9250000e+02		5.0365493e+00		1.0028034e-21		2.9676292e-20		1.1433252e-21		3.3247806e-22		8.1084710e-22
1.9300000e+02		1.9400000e+02		1.9350000e+02		3.8447944e+00		5.5828097e-16		8.0355313e-15		6.6653376e-16		2.5612886e-16		4.1040491e-16
1.9400000e+02		1.9500000e+02		1.9450000e+02		6.1679797e+00		8.6043739e-13		8.6929609e-12		1.0665981e-12		4.8778152e-13		5.7881660e-13
1.9500000e+02		1.9600000e+02		1.9550000e+02		5.9528271e+00		4.0887327e-09		2.7663138e-08		5.5083509e-09		3.3588525e-09		2.1494983e-09
1.9600000e+02		1.9700000e+02		1.9650000e+02		6.5508102e+00		1.6756555e-07		9.7732742e-07		2.3816607e-07		1.6704264e-07		7.1123435e-08
1.9700000e+02		1.9800000e+02		1.9750000e+02		6.5190955e+00		5.8366534e-06		3.0082443e-05		8.8940555e-06		7.2338908e-06		1.6601646e-06
1.9800000e+02		1.9900000e+02		1.9850000e+02		6.3883794e+00		2.5364098e-04		1.1545534e-03		4.1667455e-04		3.8574157e-04		3.0932986e-05
1.9900000e+02		2.0000000e+02		1.9950000e+02		6.7274707e+00		4.3681708e-03		1.7958889e-02		7.4175403e-03		7.2148856e-03		2.0265468e-04
2.0000000e+02		2.0100000e+02		2.0050000e+02		7.1125146e+00		3.8439491e-02		1.4677275e-01		6.6061571e-02		6.5354543e-02		7.0702812e-04
2.0100000e+02		2.0200000e+02		2.0150000e+02		7.5701275e+00		1.1463757e+00		4.0294210e+00		1.9835599e+00		1.9807991e+00		2.7608435e-03
2.0200000e+02		2.0300000e+02		2.0250000e+02		7.4828608e+00		1.8857201e+00		6.5745895e+00		3.2635337e+00		3.2599419e+00		3.5918207e-03
2.0300000e+02		2.0400000e+02		2.0350000e+02		8.0092047e+00		5.2455268e+00		1.8090175e+01		9.0816482e+00		9.0763607e+00		5.2875089e-03
2.0400000e+02		2.0500000e+02		2.0450000e+02		8.6207445e+00		9.0025640e+00		3.0926577e+01		1.5587735e+01		1.5580681e+01		7.0535877e-03
2.0500000e+02		2.0600000e+02		2.0550000e+02		8.6400754e+00		9.0698523e+00		3.1143924e+01		1.5703384e+01		1.5695105e+01		8.2792273e-03
2.0600000e+02		2.0700000e+02		2.0650000e+02		8.6510225e+00		9.1276078e+00		3.1328466e+01		1.5802405e+01		1.5792739e+01		9.6655900e-03
2.0700000e+02		2.0800000e+02		2.0750000e+02		9.3957826e+00		9.9626766e+00		3.4179714e+01		1.7246940e+01		1.7234752e+01		1.2187895e-02
2.0800000e+02		2.0900000e+02		2.0850000e+02		1.0163489e+01		1.0828971e+01		3.7135620e+01		1.8745169e+01		1.8729925e+01		1.5243389e-02
2.0900000e+02		2.1000000e+02		2.0950000e+02		1.3129215e+01		1.4055075e+01		4.8177947e+01		2.4327503e+01		2.4304826e+01		2.2677135e-02
2.1000000e+02		2.1100000e+02		2.1050000e+02		1.6183343e+01		1.7404534e+01		5.9633368e+01		3.0122062e+01		3.0089996e+01		3.2066628e-02
2.1100000e+02		2.1200000e+02		2.1150000e+02		1.8424170e+01		1.9903639e+01		6.8166519e+01		3.4443569e+01		3.4401845e+01		4.1724261e-02
2.1200000e+02		2.1300000e+02		2.1250000e+02		1.6428561e+01		1.7825676e+01		6.1023324e+01		3.0843960e+01		3.0801591e+01		4.2369064e-02
2.1300000e+02		2.1400000e+02		2.1350000e+02		1.6737981e+01		1.8239119e+01		6.2411435e+01		3.1555220e+01		3.1506232e+01		4.8987458e-02
2.1400000e+02		2.1500000e+02		2.1450000e+02		2.1432541e+01		2.3452112e+01		8.0214272e+01		4.0568315e+01		4.0497370e+01		7.0944845e-02
2.1500000e+02		2.1600000e+02		2.1550000e+02		1.8408135e+01		2.0224584e+01		6.9144442e+01		3.4979722e+01		3.4911031e+01		6.8691394e-02
2.1600000e+02		2.1700000e+02		2.1650000e+02		1.7036901e+01		1.8792159e+01		6.4218574e+01		3.2496675e+01		3.2425233e+01		7.1442048e-02
2.1700000e+02		2.1800000e+02		2.1750000e+02		1.7640866e+01		1.9533395e+01		6.6721541e+01		3.3772164e+01		3.3689289e+01		8.2874903e-02
2.1800000e+02		2.1900000e+02		2.1850000e+02		2.3730294e+01		2.6374782e+01		9.0049093e+01		4.5591304e+01		4.5466779e+01		1.2452520e-01
2.1900000e+02		2.2000000e+02		2.1950000e+02		2.5052511e+01		2.7946139e+01		9.5370028e+01		4.8296944e+01		4.8150522e+01		1.4642258e-01
2.2000000e+02		2.2100000e+02		2.2050000e+02		2.5203754e+01		2.8214873e+01		9.6242097e+01		4.8749821e+01		4.8586209e+01		1.6361208e-01
2.2100000e+02		2.2200000e+02		2.2150000e+02		2.0176768e+01		2.2665480e+01		7.7276207e+01		3.9151554e+01		3.9006468e+01		1.4508530e-01
2.2200000e+02		2.2300000e+02		2.2250000e+02		2.7154039e+01		3.0606028e+01		1.0429861e+02		5.2853277e+01		5.2637556e+01		2.1572102e-01
2.2300000e+02		2.2400000e+02		2.2350000e+02		3.5163062e+01		3.9762876e+01		1.3543676e+02		6.8645964e+01		6.8338120e+01		3.0784382e-01
2.2400000e+02		2.2500000e+02		2.2450000e+02		3.2875934e+01		3.7294749e+01		1.2696677e+02		6.4364776e+01		6.4048373e+01		3.1640310e-01
2.2500000e+02		2.2600000e+02		2.2550000e+02		2.8720078e+01		3.2680912e+01		1.1120294e+02		5.6383091e+01		5.6079959e+01		3.0313272e-01
2.2600000e+02		2.2700000e+02		2.2650000e+02		2.1037217e+01		2.4010258e+01		8.1657235e+01		4.1409135e+01		4.1166185e+01		2.4295006e-01
2.2700000e+02		2.2800000e+02		2.2750000e+02		2.0463841e+01		2.3423794e+01		7.9620813e+01		4.0382330e+01		4.0124328e+01		2.5800291e-01
2.2800000e+02		2.2900000e+02		2.2850000e+02		2.8509984e+01		3.2725832e+01		1.1118014e+02		5.6396160e+01		5.6004599e+01		3.9156108e-01
2.2900000e+02		2.3000000e+02		2.2950000e+02		2.5620938e+01		2.9490012e+01		1.0013229e+02		5.0798180e+01		5.0415666e+01		3.8251384e-01
2.3000000e+02		2.3100000e+02		2.3050000e+02		2.9055844e+01		3.3532252e+01		1.1379415e+02		5.7735065e+01		5.7264471e+01		4.7059451e-01
2.3100000e+02		2.3200000e+02		2.3150000e+02		2.7387429e+01		3.1687894e+01		1.0747411e+02		5.4533477e+01		5.4053231e+01		4.8024595e-01
2.3200000e+02		2.3300000e+02		2.3250000e+02		2.9413108e+01		3.4116146e+01		1.1564286e+02		5.8682902e+01		5.8125568e+01		5.5733415e-01
2.3300000e+02		2.3400000e+02		2.3350000e+02		2.6543685e+01		3.0861836e+01		1.0454999e+02		5.3057142e+01		5.2514660e+01		5.4248265e-01
2.3400000e+02		2.3500000e+02		2.3450000e+02		2.3194371e+01		2.7030224e+01		9.1514571e+01		4.6444119e+01		4.5933769e+01		5.1035029e-01
2.3500000e+02		2.3600000e+02		2.3550000e+02		3.1223226e+01		3.6468409e+01		1.2339303e+02		6.2624631e+01		6.1886287e+01		7.3834396e-01
2.3600000e+02		2.3700000e+02		2.3650000e+02		2.8911473e+01		3.3841314e+01		1.1443240e+02		5.8077912e+01		5.7344408e+01		7.3350394e-01
2.3700000e+02		2.3800000e+02		2.3750000e+02		3.0878004e+01		3.6218511e+01		1.2239259e+02		6.2118042e+01		6.1278949e+01		8.3909302e-01
2.3800000e+02		2.3900000e+02		2.3850000e+02		2.5598090e+01		3.0085705e+01		1.0160198e+02		5.1565421e+01		5.0821554e+01		7.4386665e-01
2.3900000e+02		2.4000000e+02		2.3950000e+02		2.7890834e+01		3.2843749e+01		1.1084262e+02		5.6253560e+01		5.5388206e+01		8.6535349e-01
2.4000000e+02		2.4100000e+02		2.4050000e+02		2.5623038e+01		3.0229312e+01		1.0195042e+02		5.1738284e+01		5.0890775e+01		8.4750900e-01
2.4100000e+02		2.4200000e+02		2.4150000e+02		3.0005079e+01		3.5462315e+01		1.1951687e+02		6.0649162e+01		5.9592719e+01		1.0564425e+00
2.4200000e+02		2.4300000e+02		2.4250000e+02		4.1301739e+01		4.8897206e+01		1.6468048e+02		8.3560900e+01		8.2015181e+01		1.5457189e+00
2.4300000e+02		2.4400000e+02		2.4350000e+02		3.8791639e+01		4.6000908e+01		1.5481572e+02		7.8547821e+01		7.7006821e+01		1.5409997e+00
2.4400000e+02		2.4500000e+02		2.4450000e+02		3.6329084e+01		4.3148425e+01		1.4511048e+02		7.3615387e+01		7.2085607e+01		1.5297804e+00
2.4500000e+02		2.4600000e+02		2.4550000e+02		2.9476122e+01		3.5061716e+01		1.1782754e+02		5.9766794e+01		5.8452841e+01		1.3139521e+00
2.4600000e+02		2.4700000e+02		2.4650000e+02		2.8685918e+01		3.4170746e+01		1.1474734e+02		5.8195790e+01		5.6843865e+01		1.3519248e+00
2.4700000e+02		2.4800000e+02		2.4750000e+02		3.1678139e+01		3.7786727e+01		1.2679340e+02		6.4294508e+01		6.2718082e+01		1.5764252e+00
2.4800000e+02		2.4900000e+02		2.4850000e+02		2.5406301e+01		3.0344952e+01		1.0174376e+02		5.1582893e+01		5.0249509e+01		1.3333840e+00
2.4900000e+02		2.5000000e+02		2.4950000e+02		3.0967514e+01		3.7032984e+01		1.2407057e+02		6.2889736e+01		6.1177732e+01		1.7120035e+00
2.5000000e+02		2.5100000e+02		2.5050000e+02		3.3448743e+01		4.0047179e+01		1.3406196e+02		6.7939446e+01		6.5993813e+01		1.9456330e+00
2.5100000e+02		2.5200000e+02		2.5150000e+02		2.7888154e+01		3.3426780e+01		1.1180898e+02		5.6648817e+01		5.4943931e+01		1.7048865e+00
2.5200000e+02		2.5300000e+02		2.5250000e+02		2.5069906e+01		3.0080390e+01		1.0053309e+02		5.0922917e+01		4.9313948e+01		1.6089692e+00
2.5300000e+02		2.5400000e+02		2.5350000e+02		3.1592540e+01		3.7944175e+01		1.2670950e+02		6.4164637e+01		6.2038280e+01		2.1263572e+00
2.5400000e+02		2.5500000e+02		2.5450000e+02		3.5730773e+01		4.2954341e+01		1.4331932e+02		7.2554759e+01		7.0035341e+01		2.5194184e+00
2.5500000e+02		2.5600000e+02		2.5550000e+02		4.8755658e+01		5.8663573e+01		1.9556673e+02		9.8974434e+01		9.5376522e+01		3.5979122e+00
2.5600000e+02		2.5700000e+02		2.5650000e+02		6.2803876e+01		7.5628238e+01		2.5190367e+02		1.2744468e+02		1.2259903e+02		4.8456548e+00
2.5700000e+02		2.5800000e+02		2.5750000e+02		7.8843355e+01		9.5015041e+01		3.1620031e+02		1.5991934e+02		1.5356521e+02		6.3541231e+00
2.5800000e+02		2.5900000e+02		2.5850000e+02		8.2991293e+01		1.0008424e+02		3.3277482e+02		1.6824142e+02		1.6126163e+02		6.9797897e+00
2.5900000e+02		2.6000000e+02		2.5950000e+02		7.0629481e+01		8.5231799e+01		2.8313714e+02		1.4309202e+02		1.3689874e+02		6.1932745e+00
2.6000000e+02		2.6100000e+02		2.6050000e+02		5.7868388e+01		6.9874161e+01		2.3190912e+02		1.1715608e+02		1.1187022e+02		5.2858593e+00
2.6100000e+02		2.6200000e+02		2.6150000e+02		5.9092703e+01		7.1391451e+01		2.3672776e+02		1.1954104e+02		1.1392315e+02		5.6178893e+00
2.6200000e+02		2.6300000e+02		2.6250000e+02		7.0528613e+01		8.5249696e+01		2.8241868e+02		1.4255239e+02		1.3557964e+02		6.9727571e+00
2.6300000e+02		2.6400000e+02		2.6350000e+02		1.0614195e+02		1.2835364e+02		4.2481740e+02		2.1433303e+02		2.0342942e+02		1.0903606e+01
2.6400000e+02		2.6500000e+02		2.6450000e+02		1.6548208e+02		2.0019104e+02		6.6195481e+02		3.3382077e+02		3.1617133e+02		1.7649441e+01
2.6500000e+02		2.6600000e+02		2.6550000e+02		1.7356948e+02		2.1004821e+02		6.9388646e+02		3.4975521e+02		3.3055032e+02		1.9204896e+01
2.6600000e+02		2.6700000e+02		2.6650000e+02		1.6826276e+02		2.0368800e+02		6.7222839e+02		3.3866944e+02		3.1936953e+02		1.9299915e+01
2.6700000e+02		2.6800000e+02		2.6750000e+02		1.6940220e+02		2.0512028e+02		6.7629838e+02		3.4054426e+02		3.2041658e+02		2.0127676e+01
2.6800000e+02		2.6900000e+02		2.6850000e+02		1.6778062e+02		2.0320024e+02		6.6931229e+02		3.3684708e+02		3.1621182e+02		2.0635260e+01
2.6900000e+02		2.7000000e+02		2.6950000e+02		1.5737310e+02		1.9062814e+02		6.2728225e+02		3.1552122e+02		2.9550019e+02		2.0021027e+01
2.7000000e+02		2.7100000e+02		2.7050000e+02		1.8181465e+02		2.2026279e+02		7.2407778e+02		3.6400323e+02		3.4009354e+02		2.3909697e+01
2.7100000e+02		2.7200000e+02		2.7150000e+02		1.5108640e+02		1.8305243e+02		6.0115226e+02		3.0203125e+02		2.8150693e+02		2.0524324e+01
2.7200000e+02		2.7300000e+02		2.7250000e+02		1.2154404e+02		1.4726657e+02		4.8314223e+02		2.4259554e+02		2.2555075e+02		1.7044784e+01
2.7300000e+02		2.7400000e+02		2.7350000e+02		1.2960124e+02		1.5703015e+02		5.1465089e+02		2.5825815e+02		2.3950802e+02		1.8750129e+01
2.7400000e+02		2.7500000e+02		2.7450000e+02		8.9183780e+01		1.0805542e+02		3.5377915e+02		1.7741904e+02		1.6411609e+02		1.3302948e+01
2.7500000e+02		2.7600000e+02		2.7550000e+02		1.1893609e+02		1.4409368e+02		4.7128531e+02		2.3619561e+02		2.1791551e+02		1.8280106e+01
2.7600000e+02		2.7700000e+02		2.7650000e+02		1.6564211e+02		2.0065821e+02		6.5561145e+02		3.2835811e+02		3.0214121e+02		2.6216900e+01
2.7700000e+02		2.7800000e+02		2.7750000e+02		1.5837296e+02		1.9182570e+02		6.2610114e+02		3.1336642e+02		2.8756843e+02		2.5797984e+01
2.7800000e+02		2.7900000e+02		2.7850000e+02		1.0921797e+02		1.3226487e+02		4.3124884e+02		2.1569306e+02		1.9739321e+02		1.8299852e+01
2.7900000e+02		2.8000000e+02		2.7950000e+02		6.1368404e+01		7.4302843e+01		2.4200942e+02		1.2095794e+02		1.1038715e+02		1.0570790e+01
2.8000000e+02		2.8100000e+02		2.8050000e+02		6.7313201e+01		8.1481112e+01		2.6510933e+02		1.3240816e+02		1.2049470e+02		1.1913464e+01
2.8100000e+02		2.8200000e+02		2.8150000e+02		1.3943196e+02		1.6873355e+02		5.4841416e+02		2.7370320e+02		2.4836085e+02		2.5342352e+01
2.8200000e+02		2.8300000e+02		2.8250000e+02		1.8983287e+02		2.2965699e+02		7.4563117e+02		3.7185244e+02		3.3643806e+02		3.5414380e+01
2.8300000e+02		2.8400000e+02		2.8350000e+02		1.9610227e+02		2.3716309e+02		7.6917793e+02		3.8330352e+02		3.4577196e+02		3.7531557e+01
2.8400000e+02		2.8500000e+02		2.8450000e+02		1.4459284e+02		1.7480546e+02		5.6632830e+02		2.8199915e+02		2.5362299e+02		2.8376160e+01
2.8500000e+02		2.8600000e+02		2.8550000e+02		9.2944992e+01		1.1232225e+02		3.6350549e+02		1.8086240e+02		1.6216773e+02		1.8694668e+01
2.8600000e+02		2.8700000e+02		2.8650000e+02		1.9045522e+02		2.3006604e+02		7.4375187e+02		3.6975792e+02		3.3051453e+02		3.9243382e+01
2.8700000e+02		2.8800000e+02		2.8750000e+02		2.2108403e+02		2.6694725e+02		8.6204499e+02		4.2821897e+02		3.8157300e+02		4.6645979e+01
2.8800000e+02		2.8900000e+02		2.8850000e+02		2.1010240e+02		2.5356921e+02		8.1795344e+02		4.0598096e+02		3.6061009e+02		4.5370876e+01
2.8900000e+02		2.9000000e+02		2.8950000e+02		3.1885068e+02		3.8462685e+02		1.2393615e+03		6.1462594e+02		5.4418368e+02		7.0442257e+01
2.9000000e+02		2.9100000e+02		2.9050000e+02		4.1860542e+02		5.0470027e+02		1.6244904e+03		8.0493457e+02		7.1036198e+02		9.4572586e+01
2.9100000e+02		2.9200000e+02		2.9150000e+02		4.0318642e+02		4.8584870e+02		1.5621000e+03		7.7335285e+02		6.8024212e+02		9.3110729e+01
2.9200000e+02		2.9300000e+02		2.9250000e+02		3.5818014e+02		4.3137352e+02		1.3854297e+03		6.8528903e+02		6.0077054e+02		8.4518491e+01
2.9300000e+02		2.9400000e+02		2.9350000e+02		3.7393440e+02		4.5008541e+02		1.4439373e+03		7.1359719e+02		6.2347557e+02		9.0121622e+01
2.9400000e+02		2.9500000e+02		2.9450000e+02		3.4819581e+02		4.1885299e+02		1.3422599e+03		6.6275372e+02		5.7707534e+02		8.5678386e+01
2.9500000e+02		2.9600000e+02		2.9550000e+02		3.7701055e+02		4.5323297e+02		1.4508331e+03		7.1571328e+02		6.2103509e+02		9.4678192e+01
2.9600000e+02		2.9700000e+02		2.9650000e+02		3.4493460e+02		4.1440628e+02		1.3250818e+03		6.5307913e+02		5.6470601e+02		8.8373113e+01
2.9700000e+02		2.9800000e+02		2.9750000e+02		3.5165811e+02		4.2220538e+02		1.3485281e+03		6.6401852e+02		5.7213603e+02		9.1882491e+01
2.9800000e+02		2.9900000e+02		2.9850000e+02		3.0223333e+02		3.6261964e+02		1.1569300e+03		5.6914112e+02		4.8863508e+02		8.0506041e+01
2.9900000e+02		3.0000000e+02		2.9950000e+02		3.4101318e+02		4.0886369e+02		1.3030272e+03		6.4040523e+02		5.4783317e+02		9.2572059e+01
3.0000000e+02		3.0100000e+02		3.0050000e+02		2.7131061e+02		3.2506142e+02		1.0348070e+03		5.0809521e+02		4.3306259e+02		7.5032621e+01
3.0100000e+02		3.0200000e+02		3.0150000e+02		3.1202593e+02		3.7357154e+02		1.1879182e+03		5.8271023e+02		4.9482745e+02		8.7882776e+01
3.0200000e+02		3.0300000e+02		3.0250000e+02		3.2846528e+02		3.9296189e+02		1.2481936e+03		6.1168035e+02		5.1749344e+02		9.4186917e+01
3.0300000e+02		3.0400000e+02		3.0350000e+02		4.2601061e+02		5.0927571e+02		1.6158583e+03		7.9107658e+02		6.6674802e+02		1.2432856e+02
3.0400000e+02		3.0500000e+02		3.0450000e+02		4.0776836e+02		4.8709271e+02		1.5437637e+03		7.5503153e+02		6.3395006e+02		1.2108147e+02
3.0500000e+02		3.0600000e+02		3.0550000e+02		4.1174793e+02		4.9146130e+02		1.5558854e+03		7.6019899e+02		6.3584019e+02		1.2435880e+02
3.0600000e+02		3.0700000e+02		3.0650000e+02		3.9053943e+02		4.6577597e+02		1.4729387e+03		7.1894610e+02		5.9900696e+02		1.1993914e+02
3.0700000e+02		3.0800000e+02		3.0750000e+02		4.3847484e+02		5.2252360e+02		1.6505669e+03		8.0482866e+02		6.6794094e+02		1.3688772e+02
3.0800000e+02		3.0900000e+02		3.0850000e+02		4.3035211e+02		5.1242369e+02		1.6168751e+03		7.8759353e+02		6.5105884e+02		1.3653469e+02
3.0900000e+02		3.1000000e+02		3.0950000e+02		3.4901328e+02		4.1522785e+02		1.3087426e+03		6.3684269e+02		5.2434634e+02		1.1249634e+02
3.1000000e+02		3.1100000e+02		3.1050000e+02		4.3927411e+02		5.2217352e+02		1.6440070e+03		7.9915460e+02		6.5534426e+02		1.4381034e+02
3.1100000e+02		3.1200000e+02		3.1150000e+02		5.2246540e+02		6.2053629e+02		1.9515409e+03		9.4765679e+02		7.7397541e+02		1.7368138e+02
3.1200000e+02		3.1300000e+02		3.1250000e+02		4.6521908e+02		5.5206917e+02		1.7343082e+03		8.4128506e+02		6.8429213e+02		1.5699293e+02
3.1300000e+02		3.1400000e+02		3.1350000e+02		4.9544367e+02		5.8742540e+02		1.8433532e+03		8.9323597e+02		7.2355558e+02		1.6968040e+02
3.1400000e+02		3.1500000e+02		3.1450000e+02		4.6729179e+02		5.5356088e+02		1.7351822e+03		8.3992568e+02		6.7754639e+02		1.6237929e+02
3.1500000e+02		3.1600000e+02		3.1550000e+02		4.5343123e+02		5.3666593e+02		1.6803835e+03		8.1253077e+02		6.5270324e+02		1.5982754e+02
3.1600000e+02		3.1700000e+02		3.1650000e+02		4.4229406e+02		5.2301700e+02		1.6358588e+03		7.9015162e+02		6.3204731e+02		1.5810432e+02
3.1700000e+02		3.1800000e+02		3.1750000e+02		5.6102832e+02		6.6282447e+02		2.0708810e+03		9.9919594e+02		7.9586346e+02		2.0333248e+02
3.1800000e+02		3.1900000e+02		3.1850000e+02		4.6340678e+02		5.4699369e+02		1.7071299e+03		8.2279334e+02		6.5254897e+02		1.7024437e+02
3.1900000e+02		3.2000000e+02		3.1950000e+02		4.9774832e+02		5.8699344e+02		1.8299794e+03		8.8104276e+02		6.9572816e+02		1.8531460e+02
3.2000000e+02		3.2100000e+02		3.2050000e+02		5.7184857e+02		6.7376043e+02		2.0982069e+03		1.0090755e+03		7.9336393e+02		2.1571155e+02
3.2100000e+02		3.2200000e+02		3.2150000e+02		4.8024660e+02		5.6531103e+02		1.7585768e+03		8.4481048e+02		6.6130281e+02		1.8350768e+02
3.2200000e+02		3.2300000e+02		3.2250000e+02		4.8228681e+02		5.6718547e+02		1.7625087e+03		8.4576562e+02		6.5912772e+02		1.8663790e+02
3.2300000e+02		3.2400000e+02		3.2350000e+02		4.6607071e+02		5.4760335e+02		1.6998314e+03		8.1478623e+02		6.3216150e+02		1.8262473e+02
3.2400000e+02		3.2500000e+02		3.2450000e+02		5.4882129e+02		6.4422561e+02		1.9976191e+03		9.5646246e+02		7.3876033e+02		2.1770214e+02
3.2500000e+02		3.2600000e+02		3.2550000e+02		6.3196128e+02		7.4112011e+02		2.2956180e+03		1.0979201e+03		8.4419784e+02		2.5372226e+02
3.2600000e+02		3.2700000e+02		3.2650000e+02		7.1301257e+02		8.3538158e+02		2.5848400e+03		1.2348642e+03		9.4518601e+02		2.8967819e+02
3.2700000e+02		3.2800000e+02		3.2750000e+02		6.8984049e+02		8.0746669e+02		2.4958163e+03		1.1909984e+03		9.0744582e+02		2.8355260e+02
3.2800000e+02		3.2900000e+02		3.2850000e+02		6.6596082e+02		7.7877432e+02		2.4045864e+03		1.1461744e+03		8.6927788e+02		2.7689651e+02
3.2900000e+02		3.3000000e+02		3.2950000e+02		7.7527139e+02		9.0573810e+02		2.7936611e+03		1.3301315e+03		1.0041256e+03		3.2600595e+02
3.3000000e+02		3.3100000e+02		3.3050000e+02		7.3029799e+02		8.5238144e+02		2.6263281e+03		1.2490484e+03		9.3852417e+02		3.1052426e+02
3.3100000e+02		3.3200000e+02		3.3150000e+02		6.9881652e+02		8.1485668e+02		2.5080823e+03		1.1914628e+03		8.9105964e+02		3.0040316e+02
3.3200000e+02		3.3300000e+02		3.3250000e+02		6.8562051e+02		7.9870312e+02		2.4558010e+03		1.1653043e+03		8.6738759e+02		2.9791667e+02
3.3300000e+02		3.3400000e+02		3.3350000e+02		6.5878216e+02		7.6670160e+02		2.3549577e+03		1.1161842e+03		8.2688464e+02		2.8929953e+02
3.3400000e+02		3.3500000e+02		3.3450000e+02		6.9405546e+02		8.0697715e+02		2.4761028e+03		1.1722689e+03		8.6428949e+02		3.0797938e+02
3.3500000e+02		3.3600000e+02		3.3550000e+02		6.8541663e+02		7.9616651e+02		2.4404158e+03		1.1540576e+03		8.4677937e+02		3.0727821e+02
3.3600000e+02		3.3700000e+02		3.3650000e+02		5.6469084e+02		6.5530278e+02		2.0065788e+03		9.4781669e+02		6.9209534e+02		2.5572135e+02
3.3700000e+02		3.3800000e+02		3.3750000e+02		5.9573781e+02		6.9066641e+02		2.1127042e+03		9.9680621e+02		7.2433455e+02		2.7247166e+02
3.3800000e+02		3.3900000e+02		3.3850000e+02		6.4448401e+02		7.4646119e+02		2.2810543e+03		1.0750065e+03		7.7734656e+02		2.9765994e+02
3.3900000e+02		3.4000000e+02		3.3950000e+02		6.7448220e+02		7.8045452e+02		2.3825165e+03		1.1215391e+03		8.0701481e+02		3.1452431e+02
3.4000000e+02		3.4100000e+02		3.4050000e+02		7.1196374e+02		8.2303294e+02		2.5099634e+03		1.1801810e+03		8.4502130e+02		3.3515967e+02
3.4100000e+02		3.4200000e+02		3.4150000e+02		6.4984945e+02		7.5050681e+02		2.2864865e+03		1.0738714e+03		7.6508894e+02		3.0878251e+02
3.4200000e+02		3.4300000e+02		3.4250000e+02		7.0477558e+02		8.1315937e+02		2.4748876e+03		1.1610245e+03		8.2305778e+02		3.3796674e+02
3.4300000e+02		3.4400000e+02		3.4350000e+02		6.9264465e+02		7.9839670e+02		2.4275398e+03		1.1375079e+03		8.0234565e+02		3.3516222e+02
3.4400000e+02		3.4500000e+02		3.4450000e+02		5.5710877e+02		6.4155256e+02		1.9487213e+03		9.1209455e+02		6.4010922e+02		2.7198533e+02
3.4500000e+02		3.4600000e+02		3.4550000e+02		6.7138909e+02		7.7241586e+02		2.3439081e+03		1.0958038e+03		7.6514414e+02		3.3065968e+02
3.4600000e+02		3.4700000e+02		3.4650000e+02		6.5194093e+02		7.4932555e+02		2.2716109e+03		1.0607874e+03		7.3692660e+02		3.2386078e+02
3.4700000e+02		3.4800000e+02		3.4750000e+02		6.4525828e+02		7.4093837e+02		2.2439934e+03		1.0466905e+03		7.2341743e+02		3.2327312e+02
3.4800000e+02		3.4900000e+02		3.4850000e+02		6.6761091e+02		7.6587698e+02		2.3172705e+03		1.0796326e+03		7.4235370e+02		3.3727887e+02
3.4900000e+02		3.5000000e+02		3.4950000e+02		6.3989005e+02		7.3337989e+02		2.2168028e+03		1.0316422e+03		7.0569626e+02		3.2594597e+02
3.5000000e+02		3.5100000e+02		3.5050000e+02		7.6650484e+02		8.7766266e+02		2.6503804e+03		1.2320076e+03		8.3838901e+02		3.9361854e+02
3.5100000e+02		3.5200000e+02		3.5150000e+02		7.1211510e+02		8.1461629e+02		2.4576406e+03		1.1411087e+03		7.7248945e+02		3.6861930e+02
3.5200000e+02		3.5300000e+02		3.5250000e+02		6.5785102e+02		7.5183369e+02		2.2660732e+03		1.0509609e+03		7.0774259e+02		3.4321831e+02
3.5300000e+02		3.5400000e+02		3.5350000e+02		7.5263834e+02		8.5935601e+02		2.5877026e+03		1.1987578e+03		8.0303321e+02		3.9572457e+02
3.5400000e+02		3.5500000e+02		3.5450000e+02		8.0329241e+02		9.1633500e+02		2.7566830e+03		1.2755836e+03		8.4999123e+02		4.2559234e+02
3.5500000e+02		3.5600000e+02		3.5550000e+02		7.5433512e+02		8.5968650e+02		2.5838435e+03		1.1942463e+03		7.9157703e+02		4.0266929e+02
3.5600000e+02		3.5700000e+02		3.5650000e+02		6.5576441e+02		7.4665535e+02		2.2420333e+03		1.0350851e+03		6.8243214e+02		3.5265297e+02
3.5700000e+02		3.5800000e+02		3.5750000e+02		5.7307986e+02		6.5190676e+02		1.9557143e+03		9.0187514e+02		5.9143154e+02		3.1044359e+02
3.5800000e+02		3.5900000e+02		3.5850000e+02		4.9194729e+02		5.5909859e+02		1.6757478e+03		7.7189357e+02		5.0347832e+02		2.6841525e+02
3.5900000e+02		3.6000000e+02		3.5950000e+02		7.1030971e+02		8.0652644e+02		2.4151353e+03		1.1112169e+03		7.2090528e+02		3.9031158e+02
3.6000000e+02		3.6100000e+02		3.6050000e+02		7.0092701e+02		7.9514488e+02		2.3788881e+03		1.0933037e+03		7.0545140e+02		3.8785233e+02
3.6100000e+02		3.6200000e+02		3.6150000e+02		6.5110481e+02		7.3795286e+02		2.2057869e+03		1.0126066e+03		6.4983765e+02		3.6276892e+02
3.6200000e+02		3.6300000e+02		3.6250000e+02		7.3500056e+02		8.3228353e+02		2.4855112e+03		1.1397359e+03		7.2744023e+02		4.1229571e+02
3.6300000e+02		3.6400000e+02		3.6350000e+02		7.1558904e+02		8.0957098e+02		2.4155230e+03		1.1063996e+03		7.0230415e+02		4.0409549e+02
3.6400000e+02		3.6500000e+02		3.6450000e+02		7.4837927e+02		8.4590653e+02		2.5216961e+03		1.1537375e+03		7.2833578e+02		4.2540167e+02
3.6500000e+02		3.6600000e+02		3.6550000e+02		8.5179486e+02		9.6193738e+02		2.8650595e+03		1.3093699e+03		8.2203419e+02		4.8733572e+02
3.6600000e+02		3.6700000e+02		3.6650000e+02		9.1042532e+02		1.0272333e+03		3.0568542e+03		1.3954653e+03		8.7124636e+02		5.2421898e+02
3.6700000e+02		3.6800000e+02		3.6750000e+02		8.7909512e+02		9.9100413e+02		2.9464714e+03		1.3435794e+03		8.3420216e+02		5.0937729e+02
3.6800000e+02		3.6900000e+02		3.6850000e+02		8.1047729e+02		9.1284524e+02		2.7117360e+03		1.2351694e+03		7.6262717e+02		4.7254224e+02
3.6900000e+02		3.7000000e+02		3.6950000e+02		8.9967825e+02		1.0124234e+03		3.0049568e+03		1.3672144e+03		8.3944453e+02		5.2776983e+02
3.7000000e+02		3.7100000e+02		3.7050000e+02		8.4427990e+02		9.4925294e+02		2.8150506e+03		1.2793964e+03		7.8112789e+02		4.9826854e+02
3.7100000e+02		3.7200000e+02		3.7150000e+02		8.7164560e+02		9.7916972e+02		2.9013009e+03		1.3171449e+03		7.9965797e+02		5.1748698e+02
3.7200000e+02		3.7300000e+02		3.7250000e+02		7.2411383e+02		8.1273582e+02		2.4061189e+03		1.0911416e+03		6.5871522e+02		4.3242641e+02
3.7300000e+02		3.7400000e+02		3.7350000e+02		6.3155746e+02		7.0824248e+02		2.0950042e+03		9.4901611e+02		5.6967652e+02		3.7933959e+02
3.7400000e+02		3.7500000e+02		3.7450000e+02		6.4642322e+02		7.2429357e+02		2.1406968e+03		9.6865677e+02		5.7816954e+02		3.9048723e+02
3.7500000e+02		3.7600000e+02		3.7550000e+02		7.4036161e+02		8.2884288e+02		2.4476691e+03		1.1063563e+03		6.5660375e+02		4.4975253e+02
3.7600000e+02		3.7700000e+02		3.7650000e+02		7.6758018e+02		8.5858796e+02		2.5334224e+03		1.1438760e+03		6.7499874e+02		4.6887725e+02
3.7700000e+02		3.7800000e+02		3.7750000e+02		9.0048278e+02		1.0064015e+03		2.9671449e+03		1.3382605e+03		7.8518692e+02		5.5307360e+02
3.7800000e+02		3.7900000e+02		3.7850000e+02		9.3786543e+02		1.0473053e+03		3.0852320e+03		1.3900226e+03		8.1087788e+02		5.7914476e+02
3.7900000e+02		3.8000000e+02		3.7950000e+02		7.6051322e+02		8.4855229e+02		2.4977129e+03		1.1241138e+03		6.5198555e+02		4.7212826e+02
3.8000000e+02		3.8100000e+02		3.8050000e+02		8.2814537e+02		9.2325066e+02		2.7154091e+03		1.2207827e+03		7.0396844e+02		5.1681429e+02
3.8100000e+02		3.8200000e+02		3.8150000e+02		7.4366886e+02		8.2839221e+02		2.4344774e+03		1.0933163e+03		6.2681719e+02		4.6649914e+02
3.8200000e+02		3.8300000e+02		3.8250000e+02		5.3336093e+02		5.9363998e+02		1.7432085e+03		7.8203838e+02		4.4575539e+02		3.3628299e+02
3.8300000e+02		3.8400000e+02		3.8350000e+02		4.7073026e+02		5.2350614e+02		1.5360549e+03		6.8837618e+02		3.9008672e+02		2.9828947e+02
3.8400000e+02		3.8500000e+02		3.8450000e+02		6.2969557e+02		6.9972954e+02		2.0515226e+03		9.1841183e+02		5.1740785e+02		4.0100398e+02
3.8500000e+02		3.8600000e+02		3.8550000e+02		6.6694888e+02		7.4053268e+02		2.1694707e+03		9.7019443e+02		5.4338552e+02		4.2680891e+02
3.8600000e+02		3.8700000e+02		3.8650000e+02		6.6977732e+02		7.4308149e+02		2.1752631e+03		9.7176751e+02		5.4107694e+02		4.3069058e+02
3.8700000e+02		3.8800000e+02		3.8750000e+02		6.6902499e+02		7.4166006e+02		2.1694437e+03		9.6815821e+02		5.3590038e+02		4.3225783e+02
3.8800000e+02		3.8900000e+02		3.8850000e+02		6.7841027e+02		7.5147361e+02		2.1964821e+03		9.7920770e+02		5.3882464e+02		4.4038306e+02
3.8900000e+02		3.9000000e+02		3.8950000e+02		8.1451188e+02		9.0152909e+02		2.6330945e+03		1.1726398e+03		6.4145481e+02		5.3118498e+02
3.9000000e+02		3.9100000e+02		3.9050000e+02		8.5560997e+02		9.4628378e+02		2.7617425e+03		1.2286671e+03		6.6812620e+02		5.6054093e+02
3.9100000e+02		3.9200000e+02		3.9150000e+02		9.2006232e+02		1.0167830e+03		2.9652919e+03		1.3178721e+03		7.1238451e+02		6.0548763e+02
3.9200000e+02		3.9300000e+02		3.9250000e+02		7.0614281e+02		7.7977858e+02		2.2724282e+03		1.0089105e+03		5.4213189e+02		4.6677859e+02
3.9300000e+02		3.9400000e+02		3.9350000e+02		4.3291589e+02		4.7769672e+02		1.3910832e+03		6.1698433e+02		3.2955802e+02		2.8742631e+02
3.9400000e+02		3.9500000e+02		3.9450000e+02		7.1565803e+02		7.8908994e+02		2.2962101e+03		1.0174033e+03		5.4019516e+02		4.7720812e+02
3.9500000e+02		3.9600000e+02		3.9550000e+02		8.7888136e+02		9.6833513e+02		2.8157711e+03		1.2463537e+03		6.5779890e+02		5.8855475e+02
3.9600000e+02		3.9700000e+02		3.9650000e+02		6.0712893e+02		6.6842562e+02		1.9422878e+03		8.5885906e+02		4.5057036e+02		4.0828870e+02
3.9700000e+02		3.9800000e+02		3.9750000e+02		6.8053003e+02		7.4868379e+02		2.1739523e+03		9.6033929e+02		5.0078227e+02		4.5955701e+02
3.9800000e+02		3.9900000e+02		3.9850000e+02		1.0480559e+03		1.1521707e+03		3.3431952e+03		1.4753830e+03		7.6472857e+02		7.1065443e+02
3.9900000e+02		4.0000000e+02		3.9950000e+02		1.1577145e+03		1.2717956e+03		3.6877191e+03		1.6258154e+03		8.3761974e+02		7.8819563e+02
4.0000000e+02		4.0100000e+02		4.0050000e+02		1.1939713e+03		1.3106764e+03		3.7978150e+03		1.6727058e+03		8.5657091e+02		8.1613493e+02
4.0100000e+02		4.0200000e+02		4.0150000e+02		1.2509583e+03		1.3722473e+03		3.9734778e+03		1.7483604e+03		8.8989303e+02		8.5846735e+02
4.0200000e+02		4.0300000e+02		4.0250000e+02		1.2664199e+03		1.3882175e+03		4.0169663e+03		1.7657727e+03		8.9330518e+02		8.7246749e+02
4.0300000e+02		4.0400000e+02		4.0350000e+02		1.2115903e+03		1.3271745e+03		3.8377193e+03		1.6853430e+03		8.4743574e+02		8.3790726e+02
4.0400000e+02		4.0500000e+02		4.0450000e+02		1.1914959e+03		1.3042460e+03		3.7688719e+03		1.6535107e+03		8.2636935e+02		8.2714139e+02
4.0500000e+02		4.0600000e+02		4.0550000e+02		1.1904731e+03		1.3022173e+03		3.7604883e+03		1.6482478e+03		8.1871691e+02		8.2953089e+02
4.0600000e+02		4.0700000e+02		4.0650000e+02		1.1388815e+03		1.2449204e+03		3.5926378e+03		1.5731727e+03		7.7665330e+02		7.9651939e+02
4.0700000e+02		4.0800000e+02		4.0750000e+02		1.1575323e+03		1.2644380e+03		3.6465541e+03		1.5952634e+03		7.8274137e+02		8.1252207e+02
4.0800000e+02		4.0900000e+02		4.0850000e+02		1.2307397e+03		1.3434894e+03		3.8719948e+03		1.6922847e+03		8.2525851e+02		8.6702616e+02
4.0900000e+02		4.1000000e+02		4.0950000e+02		1.2243097e+03		1.3355653e+03		3.8466550e+03		1.6796271e+03		8.1405904e+02		8.6556810e+02
4.1000000e+02		4.1100000e+02		4.1050000e+02		1.1216634e+03		1.2227690e+03		3.5195103e+03		1.5353415e+03		7.3955459e+02		7.9578692e+02
4.1100000e+02		4.1200000e+02		4.1150000e+02		1.3003372e+03		1.4166027e+03		4.0748136e+03		1.7759296e+03		8.5017648e+02		9.2575307e+02
4.1200000e+02		4.1300000e+02		4.1250000e+02		1.2760342e+03		1.3892065e+03		3.9934703e+03		1.7388648e+03		8.2730038e+02		9.1156438e+02
4.1300000e+02		4.1400000e+02		4.1350000e+02		1.2308584e+03		1.3391437e+03		3.8471306e+03		1.6736003e+03		7.9133301e+02		8.8226734e+02
4.1400000e+02		4.1500000e+02		4.1450000e+02		1.2488872e+03		1.3578727e+03		3.8984952e+03		1.6943903e+03		7.9620925e+02		8.9818108e+02
4.1500000e+02		4.1600000e+02		4.1550000e+02		1.2477523e+03		1.3557611e+03		3.8900161e+03		1.6891632e+03		7.8883798e+02		9.0032526e+02
4.1600000e+02		4.1700000e+02		4.1650000e+02		1.2947363e+03		1.4059090e+03		4.0314177e+03		1.7489764e+03		8.1170617e+02		9.3727020e+02
4.1700000e+02		4.1800000e+02		4.1750000e+02		1.1781342e+03		1.2784799e+03		3.6637761e+03		1.5880462e+03		7.3244178e+02		8.5560439e+02
4.1800000e+02		4.1900000e+02		4.1850000e+02		1.2217101e+03		1.3249292e+03		3.7945843e+03		1.6432689e+03		7.5319967e+02		8.9006919e+02
4.1900000e+02		4.2000000e+02		4.1950000e+02		1.2338424e+03		1.3372473e+03		3.8275581e+03		1.6560696e+03		7.5434168e+02		9.0172792e+02
4.2000000e+02		4.2100000e+02		4.2050000e+02		1.2494927e+03		1.3533665e+03		3.8713821e+03		1.6735449e+03		7.5755037e+02		9.1599454e+02
4.2100000e+02		4.2200000e+02		4.2150000e+02		1.2299982e+03		1.3314287e+03		3.8063713e+03		1.6439900e+03		7.3952797e+02		9.0446204e+02
4.2200000e+02		4.2300000e+02		4.2250000e+02		1.1657134e+03		1.2610697e+03		3.6031051e+03		1.5548332e+03		6.9505196e+02		8.5978128e+02
4.2300000e+02		4.2400000e+02		4.2350000e+02		1.2419943e+03		1.3427738e+03		3.8343108e+03		1.6531613e+03		7.3438454e+02		9.1877672e+02
4.2400000e+02		4.2500000e+02		4.2450000e+02		1.2850442e+03		1.3884792e+03		3.9625286e+03		1.7069606e+03		7.5353521e+02		9.5342542e+02
4.2500000e+02		4.2600000e+02		4.2550000e+02		1.2367256e+03		1.3354719e+03		3.8090649e+03		1.6394374e+03		7.1918988e+02		9.2024748e+02
4.2600000e+02		4.2700000e+02		4.2650000e+02		1.2316584e+03		1.3292108e+03		3.7890472e+03		1.6294235e+03		7.1031087e+02		9.1911265e+02
4.2700000e+02		4.2800000e+02		4.2750000e+02		1.1420512e+03		1.2317807e+03		3.5093285e+03		1.5078484e+03		6.5318321e+02		8.5466521e+02
4.2800000e+02		4.2900000e+02		4.2850000e+02		1.1495483e+03		1.2391427e+03		3.5283233e+03		1.5147253e+03		6.5203548e+02		8.6268982e+02
4.2900000e+02		4.3000000e+02		4.2950000e+02		1.0698649e+03		1.1525807e+03		3.2800219e+03		1.4069422e+03		6.0182592e+02		8.0511630e+02
4.3000000e+02		4.3100000e+02		4.3050000e+02		8.6065012e+02		9.2665770e+02		2.6356335e+03		1.1295897e+03		4.8014228e+02		6.4944743e+02
4.3100000e+02		4.3200000e+02		4.3150000e+02		1.0641754e+03		1.1451391e+03		3.2552632e+03		1.3939916e+03		5.8879126e+02		8.0520030e+02
4.3200000e+02		4.3300000e+02		4.3250000e+02		1.1990384e+03		1.2895329e+03		3.6637377e+03		1.5676132e+03		6.5794496e+02		9.0966823e+02
4.3300000e+02		4.3400000e+02		4.3350000e+02		1.3017454e+03		1.3992061e+03		3.9731922e+03		1.6986221e+03		7.0842584e+02		9.9019627e+02
4.3400000e+02		4.3500000e+02		4.3450000e+02		1.1054356e+03		1.1875376e+03		3.3703349e+03		1.4397102e+03		5.9664672e+02		8.4306344e+02
4.3500000e+02		4.3600000e+02		4.3550000e+02		1.2347447e+03		1.3257185e+03		3.7605094e+03		1.6050762e+03		6.6096745e+02		9.4410877e+02
4.3600000e+02		4.3700000e+02		4.3650000e+02		1.3814970e+03		1.4824712e+03		4.2029396e+03		1.7924673e+03		7.3345861e+02		1.0590087e+03
4.3700000e+02		4.3800000e+02		4.3750000e+02		1.2223713e+03		1.3110027e+03		3.7148716e+03		1.5830446e+03		6.4365814e+02		9.3938650e+02
4.3800000e+02		4.3900000e+02		4.3850000e+02		1.1905029e+03		1.2761359e+03		3.6142012e+03		1.5389166e+03		6.2174569e+02		9.1717089e+02
4.3900000e+02		4.4000000e+02		4.3950000e+02		1.3250738e+03		1.4196278e+03		4.0185266e+03		1.7097206e+03		6.8636696e+02		1.0233536e+03
4.4000000e+02		4.4100000e+02		4.4050000e+02		1.2562739e+03		1.3452054e+03		3.8059206e+03		1.6179895e+03		6.4541408e+02		9.7257544e+02
4.4100000e+02		4.4200000e+02		4.4150000e+02		1.3817384e+03		1.4787741e+03		4.1817060e+03		1.7763530e+03		7.0407927e+02		1.0722737e+03
4.4200000e+02		4.4300000e+02		4.4250000e+02		1.4526378e+03		1.5538424e+03		4.3917835e+03		1.8641405e+03		7.3417331e+02		1.1299672e+03
4.4300000e+02		4.4400000e+02		4.4350000e+02		1.4050936e+03		1.5022089e+03		4.2437362e+03		1.7999074e+03		7.0436201e+02		1.0955453e+03
4.4400000e+02		4.4500000e+02		4.4450000e+02		1.4475318e+03		1.5467870e+03		4.3675146e+03		1.8509825e+03		7.1973422e+02		1.1312483e+03
4.4500000e+02		4.4600000e+02		4.4550000e+02		1.3420773e+03		1.4333726e+03		4.0452977e+03		1.7131157e+03		6.6187947e+02		1.0512363e+03
4.4600000e+02		4.4700000e+02		4.4650000e+02		1.3689269e+03		1.4613115e+03		4.1221468e+03		1.7443357e+03		6.6964246e+02		1.0746932e+03
4.4700000e+02		4.4800000e+02		4.4750000e+02		1.4837056e+03		1.5830443e+03		4.4633885e+03		1.8873124e+03		7.1990608e+02		1.1674063e+03
4.4800000e+02		4.4900000e+02		4.4850000e+02		1.4587166e+03		1.5556104e+03		4.3839454e+03		1.8523319e+03		7.0205067e+02		1.1502812e+03
4.4900000e+02		4.5000000e+02		4.4950000e+02		1.4737837e+03		1.5709054e+03		4.4249532e+03		1.8682674e+03		7.0356593e+02		1.1647014e+03
4.5000000e+02		4.5100000e+02		4.5050000e+02		1.5636828e+03		1.6659160e+03		4.6903771e+03		1.9788681e+03		7.4045273e+02		1.2384154e+03
4.5100000e+02		4.5200000e+02		4.5150000e+02		1.5589734e+03		1.6600954e+03		4.6718124e+03		1.9695876e+03		7.3226648e+02		1.2373211e+03
4.5200000e+02		4.5300000e+02		4.5250000e+02		1.4757889e+03		1.5707614e+03		4.4183682e+03		1.8613786e+03		6.8760753e+02		1.1737710e+03
4.5300000e+02		4.5400000e+02		4.5350000e+02		1.4141855e+03		1.5044777e+03		4.2299808e+03		1.7807221e+03		6.5360125e+02		1.1271208e+03
4.5400000e+02		4.5500000e+02		4.5450000e+02		1.5096596e+03		1.6052901e+03		4.5113730e+03		1.8978134e+03		6.9211755e+02		1.2056958e+03
4.5500000e+02		4.5600000e+02		4.5550000e+02		1.4952815e+03		1.5892575e+03		4.4643031e+03		1.8766682e+03		6.8002102e+02		1.1966472e+03
4.5600000e+02		4.5700000e+02		4.5650000e+02		1.5527317e+03		1.6495529e+03		4.6316042e+03		1.9456125e+03		7.0048465e+02		1.2451279e+03
4.5700000e+02		4.5800000e+02		4.5750000e+02		1.5677329e+03		1.6647234e+03		4.6721273e+03		1.9612489e+03		7.0158672e+02		1.2596622e+03
4.5800000e+02		4.5900000e+02		4.5850000e+02		1.4734199e+03		1.5638620e+03		4.3871244e+03		1.8403191e+03		6.5410460e+02		1.1862145e+03
4.5900000e+02		4.6000000e+02		4.5950000e+02		1.5222067e+03		1.6149127e+03		4.5283615e+03		1.8982414e+03		6.7036295e+02		1.2278785e+03
4.6000000e+02		4.6100000e+02		4.6050000e+02		1.5039223e+03		1.5947992e+03		4.4700265e+03		1.8724905e+03		6.5702488e+02		1.2154657e+03
4.6100000e+02		4.6200000e+02		4.6150000e+02		1.5386000e+03		1.6308467e+03		4.5691018e+03		1.9126766e+03		6.6681680e+02		1.2458598e+03
4.6200000e+02		4.6300000e+02		4.6250000e+02		1.5538294e+03		1.6462628e+03		4.6103299e+03		1.9286165e+03		6.6805606e+02		1.2605605e+03
4.6300000e+02		4.6400000e+02		4.6350000e+02		1.5018384e+03		1.5904832e+03		4.4522398e+03		1.8612195e+03		6.4056902e+02		1.2206505e+03
4.6400000e+02		4.6500000e+02		4.6450000e+02		1.5281564e+03		1.6176528e+03		4.5263999e+03		1.8909459e+03		6.4661846e+02		1.2443274e+03
4.6500000e+02		4.6600000e+02		4.6550000e+02		1.4760608e+03		1.5618343e+03		4.3683982e+03		1.8237172e+03		6.1962157e+02		1.2040957e+03
4.6600000e+02		4.6700000e+02		4.6650000e+02		1.4854121e+03		1.5710589e+03		4.3923894e+03		1.8325135e+03		6.1860818e+02		1.2139053e+03
4.6700000e+02		4.6800000e+02		4.6750000e+02		1.4997486e+03		1.5855514e+03		4.4310971e+03		1.8474412e+03		6.1963801e+02		1.2278032e+03
4.6800000e+02		4.6900000e+02		4.6850000e+02		1.4665907e+03		1.5498464e+03		4.3295589e+03		1.8039229e+03		6.0115140e+02		1.2027715e+03
4.6900000e+02		4.7000000e+02		4.6950000e+02		1.5086728e+03		1.5936547e+03		4.4501505e+03		1.8529594e+03		6.1352156e+02		1.2394379e+03
4.7000000e+02		4.7100000e+02		4.7050000e+02		1.4256243e+03		1.5053074e+03		4.2017730e+03		1.7484073e+03		5.7518054e+02		1.1732268e+03
4.7100000e+02		4.7200000e+02		4.7150000e+02		1.4904926e+03		1.5731582e+03		4.3894299e+03		1.8253194e+03		5.9661994e+02		1.2286995e+03
4.7200000e+02		4.7300000e+02		4.7250000e+02		1.5269264e+03		1.6109595e+03		4.4931415e+03		1.8672544e+03		6.0640029e+02		1.2608541e+03
4.7300000e+02		4.7400000e+02		4.7350000e+02		1.4995420e+03		1.5814322e+03		4.4090722e+03		1.8311552e+03		5.9085080e+02		1.2403044e+03
4.7400000e+02		4.7500000e+02		4.7450000e+02		1.5448084e+03		1.6285214e+03		4.5386077e+03		1.8837662e+03		6.0391562e+02		1.2798506e+03
4.7500000e+02		4.7600000e+02		4.7550000e+02		1.5413846e+03		1.6242701e+03		4.5250286e+03		1.8769555e+03		5.9786022e+02		1.2790953e+03
4.7600000e+02		4.7700000e+02		4.7650000e+02		1.4853490e+03		1.5646080e+03		4.3571641e+03		1.8062038e+03		5.7162172e+02		1.2345821e+03
4.7700000e+02		4.7800000e+02		4.7750000e+02		1.5508368e+03		1.6329557e+03		4.5457902e+03		1.8832339e+03		5.9216462e+02		1.2910693e+03
4.7800000e+02		4.7900000e+02		4.7850000e+02		1.5358791e+03		1.6165830e+03		4.4985337e+03		1.8625148e+03		5.8188094e+02		1.2806339e+03
4.7900000e+02		4.8000000e+02		4.7950000e+02		1.5403519e+03		1.6206716e+03		4.5082429e+03		1.8653992e+03		5.7903175e+02		1.2863674e+03
4.8000000e+02		4.8100000e+02		4.8050000e+02		1.5442750e+03		1.6241839e+03		4.5163555e+03		1.8676270e+03		5.7599275e+02		1.2916343e+03
4.8100000e+02		4.8200000e+02		4.8150000e+02		1.5475498e+03		1.6270169e+03		4.5225871e+03		1.8690820e+03		5.7273216e+02		1.2963498e+03
4.8200000e+02		4.8300000e+02		4.8250000e+02		1.5416562e+03		1.6202171e+03		4.5020607e+03		1.8594904e+03		5.6612672e+02		1.2933637e+03
4.8300000e+02		4.8400000e+02		4.8350000e+02		1.5183412e+03		1.5951249e+03		4.4307511e+03		1.8289547e+03		5.5324730e+02		1.2757074e+03
4.8400000e+02		4.8500000e+02		4.8450000e+02		1.4920771e+03		1.5669587e+03		4.3509695e+03		1.7949668e+03		5.3947292e+02		1.2554939e+03
4.8500000e+02		4.8600000e+02		4.8550000e+02		1.4021236e+03		1.4719563e+03		4.0857376e+03		1.6845637e+03		5.0303451e+02		1.1815292e+03
4.8600000e+02		4.8700000e+02		4.8650000e+02		1.2173217e+03		1.2774903e+03		3.5447168e+03		1.4606523e+03		4.3336576e+02		1.0272865e+03
4.8700000e+02		4.8800000e+02		4.8750000e+02		1.3927585e+03		1.4610768e+03		4.0527196e+03		1.6690216e+03		4.9200267e+02		1.1770189e+03
4.8800000e+02		4.8900000e+02		4.8850000e+02		1.4651201e+03		1.5364440e+03		4.2603088e+03		1.7535104e+03		5.1358454e+02		1.2399258e+03
4.8900000e+02		4.9000000e+02		4.8950000e+02		1.4372192e+03		1.5066560e+03		4.1762886e+03		1.7179534e+03		4.9993492e+02		1.2180184e+03
4.9000000e+02		4.9100000e+02		4.9050000e+02		1.5307557e+03		1.6041532e+03		4.4450384e+03		1.8274762e+03		5.2838779e+02		1.2990884e+03
4.9100000e+02		4.9200000e+02		4.9150000e+02		1.4425606e+03		1.5112077e+03		4.1860877e+03		1.7200521e+03		4.9413095e+02		1.2259211e+03
4.9200000e+02		4.9300000e+02		4.9250000e+02		1.3729411e+03		1.4377832e+03		3.9813765e+03		1.6350284e+03		4.6668698e+02		1.1683414e+03
4.9300000e+02		4.9400000e+02		4.9350000e+02		1.4509629e+03		1.5189745e+03		4.2048177e+03		1.7258367e+03		4.8944124e+02		1.2363955e+03
4.9400000e+02		4.9500000e+02		4.9450000e+02		1.4929449e+03		1.5623986e+03		4.3236108e+03		1.7736229e+03		4.9976197e+02		1.2738609e+03
4.9500000e+02		4.9600000e+02		4.9550000e+02		1.4663156e+03		1.5340187e+03		4.2436994e+03		1.7398955e+03		4.8710966e+02		1.2527859e+03
4.9600000e+02		4.9700000e+02		4.9650000e+02		1.4846220e+03		1.5526568e+03		4.2938788e+03		1.7595186e+03		4.8944033e+02		1.2700783e+03
4.9700000e+02		4.9800000e+02		4.9750000e+02		1.5123203e+03		1.5811058e+03		4.3711605e+03		1.7902267e+03		4.9478544e+02		1.2954413e+03
4.9800000e+02		4.9900000e+02		4.9850000e+02		1.3744029e+03		1.4364482e+03		3.9699812e+03		1.6250569e+03		4.4625302e+02		1.1788039e+03
4.9900000e+02		5.0000000e+02		4.9950000e+02		1.4721832e+03		1.5381466e+03		4.2497168e+03		1.7386438e+03		4.7438139e+02		1.2642624e+03
