Left Bin Edge (nm)	Right Bin Edge (nm)	Bin Center (nm)		Top of Atm Intensity (erg/s/nm/cm2)		Total Surface Flux (erg/s/nm/cm2)		Total Intensity at BOA (erg/s/nm/cm2)		Total Surface Intensity (erg/s/nm/cm2)		Total Surface Diffuse Intensity (erg/s/nm/cm2)		Total Surface Direct Intensity (erg/s/nm/cm2)
1.0000000e+02		1.0100000e+02		1.0050000e+02		4.4569042e-02		2.4525374e-199		0.0000000e+00		4.2479194e-199		4.2479194e-199		0.0000000e+00
1.0100000e+02		1.0200000e+02		1.0150000e+02		1.7387199e-01		2.8780738e-197		0.0000000e+00		4.9849701e-197		4.9849701e-197		0.0000000e+00
1.0200000e+02		1.0300000e+02		1.0250000e+02		9.2286085e-01		3.0760917e-195		0.0000000e+00		5.3279471e-195		5.3279471e-195		0.0000000e+00
1.0300000e+02		1.0400000e+02		1.0350000e+02		7.0094286e-01		3.0025219e-193		0.0000000e+00		5.2005205e-193		5.2005205e-193		0.0000000e+00
1.0400000e+02		1.0500000e+02		1.0450000e+02		1.4124828e-01		2.6834655e-191		0.0000000e+00		4.6478986e-191		4.6478986e-191		0.0000000e+00
1.0500000e+02		1.0600000e+02		1.0550000e+02		4.8389941e-02		2.2015022e-189		0.0000000e+00		3.8131136e-189		3.8131136e-189		0.0000000e+00
1.0600000e+02		1.0700000e+02		1.0650000e+02		4.5487167e-02		1.6618998e-187		0.0000000e+00		2.8784949e-187		2.8784949e-187		0.0000000e+00
1.0700000e+02		1.0800000e+02		1.0750000e+02		5.0757295e-02		1.1570799e-185		0.0000000e+00		2.0041213e-185		2.0041213e-185		0.0000000e+00
1.0800000e+02		1.0900000e+02		1.0850000e+02		7.1152114e-02		7.4467271e-184		0.0000000e+00		1.2898110e-183		1.2898110e-183		0.0000000e+00
1.0900000e+02		1.1000000e+02		1.0950000e+02		5.5817450e-02		4.4395912e-182		0.0000000e+00		7.6895975e-182		7.6895975e-182		0.0000000e+00
1.1000000e+02		1.1100000e+02		1.1050000e+02		5.4043772e-02		2.4570763e-180		0.0000000e+00		4.2557811e-180		4.2557811e-180		0.0000000e+00
1.1100000e+02		1.1200000e+02		1.1150000e+02		5.0797691e-02		1.2649114e-178		0.0000000e+00		2.1908909e-178		2.1908909e-178		0.0000000e+00
1.1200000e+02		1.1300000e+02		1.1250000e+02		5.1969037e-02		6.0686569e-177		0.0000000e+00		1.0511222e-176		1.0511222e-176		0.0000000e+00
1.1300000e+02		1.1400000e+02		1.1350000e+02		4.1221387e-02		2.7184814e-175		0.0000000e+00		4.7085479e-175		4.7085479e-175		0.0000000e+00
1.1400000e+02		1.1500000e+02		1.1450000e+02		3.1562600e-02		1.1390560e-173		0.0000000e+00		1.9729028e-173		1.9729028e-173		0.0000000e+00
1.1500000e+02		1.1600000e+02		1.1550000e+02		4.3552050e-02		4.4716198e-172		0.0000000e+00		7.7450727e-172		7.7450727e-172		0.0000000e+00
1.1600000e+02		1.1700000e+02		1.1650000e+02		1.0143732e-01		1.6469076e-170		0.0000000e+00		2.8525277e-170		2.8525277e-170		0.0000000e+00
1.1700000e+02		1.1800000e+02		1.1750000e+02		3.6108525e-01		5.6995571e-169		0.0000000e+00		9.8719226e-169		9.8719226e-169		0.0000000e+00
1.1800000e+02		1.1900000e+02		1.1850000e+02		1.2283927e-01		1.8525099e-167		0.0000000e+00		3.2086413e-167		3.2086413e-167		0.0000000e+00
1.1900000e+02		1.2000000e+02		1.1950000e+02		1.7115732e-01		5.6890287e-166		0.0000000e+00		9.8536868e-166		9.8536868e-166		0.0000000e+00
1.2000000e+02		1.2100000e+02		1.2050000e+02		9.3056497e-01		1.6545554e-164		0.0000000e+00		2.8657740e-164		2.8657740e-164		0.0000000e+00
1.2100000e+02		1.2200000e+02		1.2150000e+02		3.6941242e+01		4.5532776e-163		0.0000000e+00		7.8865081e-163		7.8865081e-163		0.0000000e+00
1.2200000e+02		1.2300000e+02		1.2250000e+02		2.4773856e-01		1.1860788e-161		2.2227587e-162		2.0543488e-161		2.0543488e-161		0.0000000e+00
1.2300000e+02		1.2400000e+02		1.2350000e+02		1.3344721e-01		2.9290291e-160		4.6783660e-161		5.0732272e-160		5.0732272e-160		0.0000000e+00
1.2400000e+02		1.2500000e+02		1.2450000e+02		1.0726631e-01		6.8663540e-159		1.0349562e-159		1.1892874e-158		1.1892874e-158		0.0000000e+00
1.2500000e+02		1.2600000e+02		1.2550000e+02		1.0471361e-01		1.5298141e-157		2.2408266e-158		2.6497157e-157		2.6497157e-157		0.0000000e+00
1.2600000e+02		1.2700000e+02		1.2650000e+02		1.4644878e-01		3.2438856e-156		4.6690139e-157		5.6185747e-156		5.6185747e-156		0.0000000e+00
1.2700000e+02		1.2800000e+02		1.2750000e+02		7.6659940e-02		6.5540694e-155		9.3903239e-156		1.1351981e-154		1.1351981e-154		0.0000000e+00
1.2800000e+02		1.2900000e+02		1.2850000e+02		6.1165494e-02		1.2632121e-153		1.8197549e-154		2.1879476e-153		2.1879476e-153		0.0000000e+00
1.2900000e+02		1.3000000e+02		1.2950000e+02		8.1594975e-02		2.3251831e-152		3.3797503e-153		4.0273352e-152		4.0273352e-152		0.0000000e+00
1.3000000e+02		1.3100000e+02		1.3050000e+02		6.7007791e-01		4.0918050e-151		6.0193821e-152		7.0872142e-151		7.0872142e-151		0.0000000e+00
1.3100000e+02		1.3200000e+02		1.3150000e+02		9.0731094e-02		6.8910714e-150		1.0315725e-150		1.1935686e-149		1.1935686e-149		0.0000000e+00
1.3200000e+02		1.3300000e+02		1.3250000e+02		7.0547730e-02		1.1117508e-148		1.7009439e-149		1.9256089e-148		1.9256089e-148		0.0000000e+00
1.3300000e+02		1.3400000e+02		1.3350000e+02		9.5357088e-01		1.7199179e-147		2.6919905e-148		2.9789852e-147		2.9789852e-147		0.0000000e+00
1.3400000e+02		1.3500000e+02		1.3450000e+02		6.5246966e-02		2.5538543e-146		4.0911656e-147		4.4234054e-146		4.4234054e-146		0.0000000e+00
1.3500000e+02		1.3600000e+02		1.3550000e+02		1.3692679e-01		3.6429298e-145		5.9995946e-146		6.3097395e-145		6.3097395e-145		0.0000000e+00
1.3600000e+02		1.3700000e+02		1.3650000e+02		8.9861989e-02		4.9967977e-144		8.4221937e-145		8.6547075e-144		8.6547075e-144		0.0000000e+00
1.3700000e+02		1.3800000e+02		1.3750000e+02		9.2282630e-02		6.5957399e-143		1.1401995e-143		1.1424157e-142		1.1424157e-142		0.0000000e+00
1.3800000e+02		1.3900000e+02		1.3850000e+02		9.4180145e-02		8.3858182e-142		1.4839734e-142		1.4524663e-141		1.4524663e-141		0.0000000e+00
1.3900000e+02		1.4000000e+02		1.3950000e+02		3.1801144e-01		1.0277605e-140		1.8575044e-141		1.7801334e-140		1.7801334e-140		0.0000000e+00
1.4000000e+02		1.4100000e+02		1.4050000e+02		2.7729440e-01		1.2152056e-139		2.2360281e-140		2.1047978e-139		2.1047978e-139		0.0000000e+00
1.4100000e+02		1.4200000e+02		1.4150000e+02		1.3359910e-01		1.3871807e-138		2.5997446e-139		2.4026675e-138		2.4026675e-138		0.0000000e+00
1.4200000e+02		1.4300000e+02		1.4250000e+02		1.4479671e-01		1.5299110e-137		2.9202867e-138		2.6498835e-137		2.6498835e-137		0.0000000e+00
1.4300000e+02		1.4400000e+02		1.4350000e+02		1.6064305e-01		1.6314260e-136		3.1688056e-137		2.8257127e-136		2.8257127e-136		0.0000000e+00
1.4400000e+02		1.4500000e+02		1.4450000e+02		1.5363637e-01		1.6831875e-135		3.3289845e-136		2.9153662e-135		2.9153662e-135		0.0000000e+00
1.4500000e+02		1.4600000e+02		1.4550000e+02		1.6382583e-01		1.6813496e-134		3.3877746e-135		2.9121830e-134		2.9121830e-134		0.0000000e+00
1.4600000e+02		1.4700000e+02		1.4650000e+02		1.9977093e-01		1.6271528e-133		3.3435898e-134		2.8183114e-133		2.8183114e-133		0.0000000e+00
1.4700000e+02		1.4800000e+02		1.4750000e+02		2.4643334e-01		1.5266238e-132		3.1981204e-133		2.6441899e-132		2.6441899e-132		0.0000000e+00
1.4800000e+02		1.4900000e+02		1.4850000e+02		2.4167300e-01		1.3894675e-131		2.9636554e-132		2.4066283e-131		2.4066283e-131		0.0000000e+00
1.4900000e+02		1.5000000e+02		1.4950000e+02		2.1832777e-01		1.2275310e-130		2.6665658e-131		2.1261461e-130		2.1261461e-130		0.0000000e+00
1.5000000e+02		1.5100000e+02		1.5050000e+02		2.4023073e-01		1.0532659e-129		2.3322340e-130		1.8243101e-129		1.8243101e-129		0.0000000e+00
1.5100000e+02		1.5200000e+02		1.5150000e+02		2.5258505e-01		8.7825355e-129		1.9829174e-129		1.5211798e-128		1.5211798e-128		0.0000000e+00
1.5200000e+02		1.5300000e+02		1.5250000e+02		3.2229547e-01		7.1206041e-128		1.6409808e-128		1.2333248e-127		1.2333248e-127		0.0000000e+00
1.5300000e+02		1.5400000e+02		1.5350000e+02		3.5701286e-01		5.6167426e-127		1.3196568e-127		9.7284835e-127		9.7284835e-127		0.0000000e+00
1.5400000e+02		1.5500000e+02		1.5450000e+02		9.5486931e-01		4.3127262e-126		1.0323419e-126		7.4698608e-126		7.4698608e-126		0.0000000e+00
1.5500000e+02		1.5600000e+02		1.5550000e+02		7.8587524e-01		3.2249864e-125		7.8753781e-126		5.5858402e-125		5.5858402e-125		0.0000000e+00
1.5600000e+02		1.5700000e+02		1.5650000e+02		4.6648084e-01		2.3497033e-124		5.8730841e-125		4.0698055e-124		4.0698055e-124		0.0000000e+00
1.5700000e+02		1.5800000e+02		1.5750000e+02		4.2309893e-01		1.6690897e-123		4.2572090e-124		2.8909482e-123		2.8909482e-123		0.0000000e+00
1.5800000e+02		1.5900000e+02		1.5850000e+02		3.9008072e-01		1.1564249e-122		3.0076974e-123		2.0029866e-122		2.0029866e-122		0.0000000e+00
1.5900000e+02		1.6000000e+02		1.5950000e+02		3.8042347e-01		7.8172246e-122		2.0871684e-122		1.3539830e-121		1.3539830e-121		0.0000000e+00
1.6000000e+02		1.6100000e+02		1.6050000e+02		4.1635449e-01		5.1591554e-121		1.4102407e-121		8.9359192e-121		8.9359192e-121		0.0000000e+00
1.6100000e+02		1.6200000e+02		1.6150000e+02		4.7164413e-01		3.3258296e-120		9.2766532e-121		5.7605058e-120		5.7605058e-120		0.0000000e+00
1.6200000e+02		1.6300000e+02		1.6250000e+02		5.2241459e-01		2.0943155e-119		6.0243856e-120		3.6274608e-119		3.6274608e-119		0.0000000e+00
1.6300000e+02		1.6400000e+02		1.6350000e+02		1.1072121e+00		1.2891595e-118		3.8238170e-119		2.2328897e-118		2.2328897e-118		0.0000000e+00
1.6400000e+02		1.6500000e+02		1.6450000e+02		1.1323318e+00		7.7622565e-118		2.3539262e-118		1.3444623e-117		1.3444623e-117		0.0000000e+00
1.6500000e+02		1.6600000e+02		1.6550000e+02		1.3255566e+00		4.5694425e-117		1.4456460e-117		7.9145066e-117		7.9145066e-117		0.0000000e+00
1.6600000e+02		1.6700000e+02		1.6650000e+02		6.2522883e-01		2.6326125e-116		8.6735594e-117		4.5598187e-116		4.5598187e-116		0.0000000e+00
1.6700000e+02		1.6800000e+02		1.6750000e+02		6.6723830e-01		1.4855184e-115		5.0436547e-116		2.5729933e-115		2.5729933e-115		0.0000000e+00
1.6800000e+02		1.6900000e+02		1.6850000e+02		7.1904320e-01		8.1983353e-115		2.9652452e-115		1.4199933e-114		1.4199933e-114		1.1298187e-285
1.6900000e+02		1.7000000e+02		1.6950000e+02		9.0554889e-01		4.4393132e-114		1.6520020e-114		7.6891160e-114		7.6891160e-114		5.4536930e-258
1.7000000e+02		1.7100000e+02		1.7050000e+02		1.0161854e+00		2.3520390e-113		9.3147424e-114		4.0738511e-113		4.0738511e-113		1.1844796e-199
1.7100000e+02		1.7200000e+02		1.7150000e+02		1.0130704e+00		1.2211390e-112		5.1679300e-113		2.1150749e-112		2.1150749e-112		2.3830124e-156
1.7200000e+02		1.7300000e+02		1.7250000e+02		1.0571150e+00		6.2132604e-112		2.6336452e-110		1.0761683e-111		1.0761683e-111		5.6910225e-123
1.7300000e+02		1.7400000e+02		1.7350000e+02		1.0479596e+00		2.7558757e-97		1.2151529e-91		2.8711166e-97		2.7266288e-98		2.5984537e-97
1.7400000e+02		1.7500000e+02		1.7450000e+02		1.2530722e+00		7.5053770e-78		2.7298276e-73		7.8898149e-78		9.0959000e-79		6.9802249e-78
1.7500000e+02		1.7600000e+02		1.7550000e+02		1.4954862e+00		6.4407486e-55		1.2389436e-51		6.9034714e-55		1.0948139e-55		5.8086575e-55
1.7600000e+02		1.7700000e+02		1.7650000e+02		1.6135596e+00		3.5605652e-44		1.7354625e-41		3.8741253e-44		7.4189109e-45		3.1322342e-44
1.7700000e+02		1.7800000e+02		1.7750000e+02		1.9010195e+00		3.6191011e-35		5.6407841e-33		4.0149532e-35		9.3659610e-36		3.0783571e-35
1.7800000e+02		1.7900000e+02		1.7850000e+02		2.0776624e+00		4.0215843e-28		2.5807195e-26		4.5677640e-28		1.2922752e-28		3.2754888e-28
1.7900000e+02		1.8000000e+02		1.7950000e+02		2.0198657e+00		6.1385737e-22		1.8165664e-20		7.2110566e-22		2.5375217e-22		4.6735348e-22
1.8000000e+02		1.8100000e+02		1.8050000e+02		2.4976225e+00		8.0439618e-18		1.4541832e-16		9.7701390e-18		4.0841792e-18		5.6859598e-18
1.8100000e+02		1.8200000e+02		1.8150000e+02		3.0410490e+00		3.6152617e-14		4.2867261e-13		4.5969896e-14		2.3227932e-14		2.2741964e-14
1.8200000e+02		1.8300000e+02		1.8250000e+02		2.8073836e+00		1.1019587e-10		8.9089152e-10		1.5134966e-10		9.7370912e-11		5.3978748e-11
1.8300000e+02		1.8400000e+02		1.8350000e+02		2.9562417e+00		1.2047680e-09		8.7680631e-09		1.6982093e-09		1.1674945e-09		5.3071476e-10
1.8400000e+02		1.8500000e+02		1.8450000e+02		2.5409769e+00		2.7768686e-07		1.6415055e-06		4.3200392e-07		3.6511807e-07		6.6885848e-08
1.8500000e+02		1.8600000e+02		1.8550000e+02		2.8735562e+00		6.9069026e-07		3.9380231e-06		1.0821180e-06		9.2612800e-07		1.5599001e-07
1.8600000e+02		1.8700000e+02		1.8650000e+02		3.2604304e+00		5.8916749e-05		2.8536213e-04		9.8862378e-05		9.4512372e-05		4.3500058e-06
1.8700000e+02		1.8800000e+02		1.8750000e+02		3.6946466e+00		1.3474801e-04		6.3157282e-04		2.2693238e-04		2.1811055e-04		8.8218268e-06
1.8800000e+02		1.8900000e+02		1.8850000e+02		3.8870616e+00		2.7166580e-03		1.1260718e-02		4.6649388e-03		4.6096818e-03		5.5256987e-05
1.8900000e+02		1.9000000e+02		1.8950000e+02		4.3106081e+00		5.4510862e-03		2.2049124e-02		9.3704559e-03		9.2733283e-03		9.7127587e-05
1.9000000e+02		1.9100000e+02		1.9050000e+02		4.4384288e+00		3.3643241e-02		1.2766113e-01		5.8082013e-02		5.7822755e-02		2.5925749e-04
1.9100000e+02		1.9200000e+02		1.9150000e+02		4.8094361e+00		8.3973697e-02		3.1052916e-01		1.4510989e-01		1.4464979e-01		4.6010056e-04
1.9200000e+02		1.9300000e+02		1.9250000e+02		5.0365493e+00		1.7309607e-01		6.2834777e-01		2.9928011e-01		2.9855466e-01		7.2545556e-04
1.9300000e+02		1.9400000e+02		1.9350000e+02		3.8447944e+00		2.9316524e-01		1.0446779e+00		5.0716285e-01		5.0632378e-01		8.3907316e-04
1.9400000e+02		1.9500000e+02		1.9450000e+02		6.1679797e+00		7.4992457e-01		2.6471967e+00		1.2975783e+00		1.2957626e+00		1.8157050e-03
1.9500000e+02		1.9600000e+02		1.9550000e+02		5.9528271e+00		1.3727183e+00		4.7941282e+00		2.3758543e+00		2.3734452e+00		2.4091447e-03
1.9600000e+02		1.9700000e+02		1.9650000e+02		6.5508102e+00		2.0526233e+00		7.1360268e+00		3.5528002e+00		3.5494566e+00		3.3436152e-03
1.9700000e+02		1.9800000e+02		1.9750000e+02		6.5190955e+00		2.7874672e+00		9.6514830e+00		4.8249912e+00		4.8208336e+00		4.1575662e-03
1.9800000e+02		1.9900000e+02		1.9850000e+02		6.3883794e+00		3.7738924e+00		1.3019621e+01		6.5328783e+00		6.5278308e+00		5.0475433e-03
1.9900000e+02		2.0000000e+02		1.9950000e+02		6.7274707e+00		4.9462185e+00		1.7025070e+01		8.5623927e+00		8.5559600e+00		6.4327340e-03
2.0000000e+02		2.0100000e+02		2.0050000e+02		7.1125146e+00		6.0627742e+00		2.0836066e+01		1.0495099e+01		1.0486993e+01		8.1060446e-03
2.0100000e+02		2.0200000e+02		2.0150000e+02		7.5701275e+00		7.5614403e+00		2.5947631e+01		1.3089291e+01		1.3079036e+01		1.0255238e-02
2.0200000e+02		2.0300000e+02		2.0250000e+02		7.4828608e+00		7.5303078e+00		2.5828419e+01		1.3034242e+01		1.3022448e+01		1.1794027e-02
2.0300000e+02		2.0400000e+02		2.0350000e+02		8.0092047e+00		8.1188541e+00		2.7833717e+01		1.4051553e+01		1.4036917e+01		1.4636414e-02
2.0400000e+02		2.0500000e+02		2.0450000e+02		8.6207445e+00		8.7998945e+00		3.0154208e+01		1.5228570e+01		1.5210409e+01		1.8160604e-02
2.0500000e+02		2.0600000e+02		2.0550000e+02		8.6400754e+00		8.8790143e+00		3.0410979e+01		1.5363618e+01		1.5342738e+01		2.0880271e-02
2.0600000e+02		2.0700000e+02		2.0650000e+02		8.6510225e+00		8.9482439e+00		3.0633615e+01		1.5481323e+01		1.5457431e+01		2.3891725e-02
2.0700000e+02		2.0800000e+02		2.0750000e+02		9.3957826e+00		9.7799782e+00		3.3465118e+01		1.6917792e+01		1.6888249e+01		2.9543314e-02
2.0800000e+02		2.0900000e+02		2.0850000e+02		1.0163489e+01		1.0643792e+01		3.6403551e+01		1.8409049e+01		1.8372795e+01		3.6253850e-02
2.0900000e+02		2.1000000e+02		2.0950000e+02		1.3129215e+01		1.3831126e+01		4.7282055e+01		2.3917455e+01		2.3864510e+01		5.2945127e-02
2.1000000e+02		2.1100000e+02		2.1050000e+02		1.6183343e+01		1.7146334e+01		5.8586790e+01		2.9644493e+01		2.9570962e+01		7.3531295e-02
2.1100000e+02		2.1200000e+02		2.1150000e+02		1.8424170e+01		1.9628927e+01		6.7036678e+01		3.3929475e+01		3.3835460e+01		9.4015098e-02
2.1200000e+02		2.1300000e+02		2.1250000e+02		1.6428561e+01		1.7596944e+01		6.0067320e+01		3.0410096e+01		3.0316242e+01		9.3853407e-02
2.1300000e+02		2.1400000e+02		2.1350000e+02		1.6737981e+01		1.8021691e+01		6.1486374e+01		3.1136355e+01		3.1029628e+01		1.0672693e-01
2.1400000e+02		2.1500000e+02		2.1450000e+02		2.1432541e+01		2.3192550e+01		7.9088107e+01		4.0059340e+01		3.9907255e+01		1.5208536e-01
2.1500000e+02		2.1600000e+02		2.1550000e+02		1.8408135e+01		2.0016887e+01		6.8223704e+01		3.4564153e+01		3.4419199e+01		1.4495389e-01
2.1600000e+02		2.1700000e+02		2.1650000e+02		1.7036901e+01		1.8613184e+01		6.3406233e+01		3.2130298e+01		3.1981834e+01		1.4846365e-01
2.1700000e+02		2.1800000e+02		2.1750000e+02		1.7640866e+01		1.9360940e+01		6.5918372e+01		3.3409926e+01		3.3240258e+01		1.6966808e-01
2.1800000e+02		2.1900000e+02		2.1850000e+02		2.3730294e+01		2.6158989e+01		8.9015525e+01		4.5124768e+01		4.4873515e+01		2.5125345e-01
2.1900000e+02		2.2000000e+02		2.1950000e+02		2.5052511e+01		2.7734278e+01		9.4324002e+01		4.7823951e+01		4.7532677e+01		2.9127431e-01
2.2000000e+02		2.2100000e+02		2.2050000e+02		2.5203754e+01		2.8016676e+01		9.5230949e+01		4.8291318e+01		4.7970318e+01		3.2100037e-01
2.2100000e+02		2.2200000e+02		2.2150000e+02		2.0176768e+01		2.2517919e+01		7.6496458e+01		3.8796590e+01		3.8515748e+01		2.8084162e-01
2.2200000e+02		2.2300000e+02		2.2250000e+02		2.7154039e+01		3.0421269e+01		1.0328499e+02		5.2389489e+01		5.1977368e+01		4.1212189e-01
2.2300000e+02		2.2400000e+02		2.2350000e+02		3.5163062e+01		3.9540135e+01		1.3416521e+02		6.8060469e+01		6.7479836e+01		5.8063283e-01
2.2400000e+02		2.2500000e+02		2.2450000e+02		3.2875934e+01		3.7100674e+01		1.2581153e+02		6.3828803e+01		6.3239433e+01		5.8937040e-01
2.2500000e+02		2.2600000e+02		2.2550000e+02		2.8720078e+01		3.2522696e+01		1.1021910e+02		5.5922611e+01		5.5364795e+01		5.5781625e-01
2.2600000e+02		2.2700000e+02		2.2650000e+02		2.1037217e+01		2.3901912e+01		8.0952339e+01		4.1075913e+01		4.0634123e+01		4.4179058e-01
2.2700000e+02		2.2800000e+02		2.2750000e+02		2.0463841e+01		2.3325040e+01		7.8947828e+01		4.0060660e+01		3.9596901e+01		4.6375820e-01
2.2800000e+02		2.2900000e+02		2.2850000e+02		2.8509984e+01		3.2596556e+01		1.1025672e+02		5.5949445e+01		5.5253529e+01		6.9591595e-01
2.2900000e+02		2.3000000e+02		2.2950000e+02		2.5620938e+01		2.9380489e+01		9.9312161e+01		5.0396285e+01		4.9723906e+01		6.7237851e-01
2.3000000e+02		2.3100000e+02		2.3050000e+02		2.9055844e+01		3.3414705e+01		1.1287181e+02		5.7276893e+01		5.6458544e+01		8.1834901e-01
2.3100000e+02		2.3200000e+02		2.3150000e+02		2.7387429e+01		3.1582571e+01		1.0660907e+02		5.4097647e+01		5.3271243e+01		8.2640461e-01
2.3200000e+02		2.3300000e+02		2.3250000e+02		2.9413108e+01		3.4008089e+01		1.1471548e+02		5.8208823e+01		5.7259550e+01		9.4927277e-01
2.3300000e+02		2.3400000e+02		2.3350000e+02		2.6543685e+01		3.0768170e+01		1.0371198e+02		5.2622373e+01		5.1707600e+01		9.1477327e-01
2.3400000e+02		2.3500000e+02		2.3450000e+02		2.3194371e+01		2.6951146e+01		9.0779172e+01		4.6056886e+01		4.5204668e+01		8.5221873e-01
2.3500000e+02		2.3600000e+02		2.3550000e+02		3.1223226e+01		3.6364918e+01		1.2239611e+02		6.2091886e+01		6.0870659e+01		1.2212272e+00
2.3600000e+02		2.3700000e+02		2.3650000e+02		2.8911473e+01		3.3747551e+01		1.1350045e+02		5.7572573e+01		5.6370607e+01		1.2019663e+00
2.3700000e+02		2.3800000e+02		2.3750000e+02		3.0878004e+01		3.6119889e+01		1.2138537e+02		6.1564041e+01		6.0201510e+01		1.3625311e+00
2.3800000e+02		2.3900000e+02		2.3850000e+02		2.5598090e+01		3.0004662e+01		1.0075525e+02		5.1093183e+01		4.9895975e+01		1.1972080e+00
2.3900000e+02		2.4000000e+02		2.3950000e+02		2.7890834e+01		3.2755667e+01		1.0990532e+02		5.5723746e+01		5.4343059e+01		1.3806874e+00
2.4000000e+02		2.4100000e+02		2.4050000e+02		2.5623038e+01		3.0148103e+01		1.0107413e+02		5.1236520e+01		4.9895732e+01		1.3407880e+00
2.4100000e+02		2.4200000e+02		2.4150000e+02		3.0005079e+01		3.5366337e+01		1.1847108e+02		6.0042901e+01		5.8385377e+01		1.6575243e+00
2.4200000e+02		2.4300000e+02		2.4250000e+02		4.1301739e+01		4.8763177e+01		1.6321158e+02		8.2699272e+01		8.0293665e+01		2.4056074e+00
2.4300000e+02		2.4400000e+02		2.4350000e+02		3.8791639e+01		4.5872600e+01		1.5340647e+02		7.7711875e+01		7.5332535e+01		2.3793409e+00
2.4400000e+02		2.4500000e+02		2.4450000e+02		3.6329084e+01		4.3025440e+01		1.4376118e+02		7.2806467e+01		7.0462666e+01		2.3438005e+00
2.4500000e+02		2.4600000e+02		2.4550000e+02		2.9476122e+01		3.4959221e+01		1.1670751e+02		5.9088549e+01		5.7090602e+01		1.9979467e+00
2.4600000e+02		2.4700000e+02		2.4650000e+02		2.8685918e+01		3.4067980e+01		1.1363156e+02		5.7513701e+01		5.5473170e+01		2.0405306e+00
2.4700000e+02		2.4800000e+02		2.4750000e+02		3.1678139e+01		3.7669514e+01		1.2553160e+02		6.3516242e+01		6.1154016e+01		2.3622266e+00
2.4800000e+02		2.4900000e+02		2.4850000e+02		2.5406301e+01		3.0247661e+01		1.0070714e+02		5.0938133e+01		4.8954184e+01		1.9839493e+00
2.4900000e+02		2.5000000e+02		2.4950000e+02		3.0967514e+01		3.6910059e+01		1.2277608e+02		6.2078204e+01		5.9548471e+01		2.5297332e+00
2.5000000e+02		2.5100000e+02		2.5050000e+02		3.3448743e+01		3.9909386e+01		1.3262939e+02		6.7034667e+01		6.4179105e+01		2.8555621e+00
2.5100000e+02		2.5200000e+02		2.5150000e+02		2.7888154e+01		3.3307452e+01		1.1058524e+02		5.5870532e+01		5.3384820e+01		2.4857122e+00
2.5200000e+02		2.5300000e+02		2.5250000e+02		2.5069906e+01		2.9968918e+01		9.9406145e+01		5.0201482e+01		4.7870761e+01		2.3307208e+00
2.5300000e+02		2.5400000e+02		2.5350000e+02		3.1592540e+01		3.7798157e+01		1.2525490e+02		6.3227710e+01		6.0166968e+01		3.0607417e+00
2.5400000e+02		2.5500000e+02		2.5450000e+02		3.5730773e+01		4.2782678e+01		1.4163469e+02		7.1463381e+01		6.7859272e+01		3.6041090e+00
2.5500000e+02		2.5600000e+02		2.5550000e+02		4.8755658e+01		5.8420128e+01		1.9321350e+02		9.7441608e+01		9.2325815e+01		5.1157933e+00
2.5600000e+02		2.5700000e+02		2.5650000e+02		6.2803876e+01		7.5302432e+01		2.4880157e+02		1.2541372e+02		1.1856458e+02		6.8491379e+00
2.5700000e+02		2.5800000e+02		2.5750000e+02		7.8843355e+01		9.4590292e+01		3.1221646e+02		1.5729853e+02		1.4836928e+02		8.9292463e+00
2.5800000e+02		2.5900000e+02		2.5850000e+02		8.2991293e+01		9.9620206e+01		3.2848677e+02		1.6540769e+02		1.5565486e+02		9.7528288e+00
2.5900000e+02		2.6000000e+02		2.5950000e+02		7.0629481e+01		8.4822201e+01		2.7940709e+02		1.4061650e+02		1.3201073e+02		8.6057688e+00
2.6000000e+02		2.6100000e+02		2.6050000e+02		5.7868388e+01		6.9526341e+01		2.2878684e+02		1.1507557e+02		1.0777063e+02		7.3049404e+00
2.6100000e+02		2.6200000e+02		2.6150000e+02		5.9092703e+01		7.1023619e+01		2.3347194e+02		1.1736329e+02		1.0964083e+02		7.7224550e+00
2.6200000e+02		2.6300000e+02		2.6250000e+02		7.0528613e+01		8.4795416e+01		2.7845248e+02		1.3988994e+02		1.3035504e+02		9.5348972e+00
2.6300000e+02		2.6400000e+02		2.6350000e+02		1.0614195e+02		1.2764680e+02		4.1872819e+02		2.1023152e+02		1.9539753e+02		1.4833985e+01
2.6400000e+02		2.6500000e+02		2.6450000e+02		1.6548208e+02		1.9905270e+02		6.5227495e+02		3.2727972e+02		3.0338837e+02		2.3891346e+01
2.6500000e+02		2.6600000e+02		2.6550000e+02		1.7356948e+02		2.0881596e+02		6.8353954e+02		3.4274206e+02		3.1687254e+02		2.5869513e+01
2.6600000e+02		2.6700000e+02		2.6650000e+02		1.6826276e+02		2.0245623e+02		6.6201146e+02		3.3172434e+02		3.0585163e+02		2.5872706e+01
2.6700000e+02		2.6800000e+02		2.6750000e+02		1.6940220e+02		2.0384270e+02		6.6582661e+02		3.3340635e+02		3.0655088e+02		2.6855467e+01
2.6800000e+02		2.6900000e+02		2.6850000e+02		1.6778062e+02		2.0189783e+02		6.5875905e+02		3.2963484e+02		3.0222900e+02		2.7405838e+01
2.6900000e+02		2.7000000e+02		2.6950000e+02		1.5737310e+02		1.8937185e+02		6.1721544e+02		3.0862429e+02		2.8215429e+02		2.6470000e+01
2.7000000e+02		2.7100000e+02		2.7050000e+02		1.8181465e+02		2.1877151e+02		7.1225598e+02		3.5588473e+02		3.2441337e+02		3.1471363e+01
2.7100000e+02		2.7200000e+02		2.7150000e+02		1.5108640e+02		1.8178024e+02		5.9117178e+02		2.9516178e+02		2.6826361e+02		2.6898169e+01
2.7200000e+02		2.7300000e+02		2.7250000e+02		1.2154404e+02		1.4621682e+02		4.7498936e+02		2.3697188e+02		2.1472878e+02		2.2243098e+01
2.7300000e+02		2.7400000e+02		2.7350000e+02		1.2960124e+02		1.5588298e+02		5.0582783e+02		2.5215967e+02		2.2779309e+02		2.4366582e+01
2.7400000e+02		2.7500000e+02		2.7450000e+02		8.9183780e+01		1.0724705e+02		3.4762010e+02		1.7315353e+02		1.5593640e+02		1.7217124e+01
2.7500000e+02		2.7600000e+02		2.7550000e+02		1.1893609e+02		1.4299063e+02		4.6295719e+02		2.3041701e+02		2.0685302e+02		2.3563984e+01
2.7600000e+02		2.7700000e+02		2.7650000e+02		1.6564211e+02		1.9908759e+02		6.4385703e+02		3.2018737e+02		2.8652515e+02		3.3662218e+01
2.7700000e+02		2.7800000e+02		2.7750000e+02		1.5837296e+02		1.9029155e+02		6.1471694e+02		3.0543930e+02		2.7244250e+02		3.2996801e+01
2.7800000e+02		2.7900000e+02		2.7850000e+02		1.0921797e+02		1.3118484e+02		4.2329999e+02		2.1014886e+02		1.8683089e+02		2.3317975e+01
2.7900000e+02		2.8000000e+02		2.7950000e+02		6.1368404e+01		7.3683785e+01		2.3748935e+02		1.1780023e+02		1.0438062e+02		1.3419603e+01
2.8000000e+02		2.8100000e+02		2.8050000e+02		6.7313201e+01		8.0788929e+01		2.6009404e+02		1.2889911e+02		1.1382991e+02		1.5069202e+01
2.8100000e+02		2.8200000e+02		2.8150000e+02		1.3943196e+02		1.6727301e+02		5.3791000e+02		2.6634287e+02		2.3440180e+02		3.1941062e+01
2.8200000e+02		2.8300000e+02		2.8250000e+02		1.8983287e+02		2.2763274e+02		7.3117722e+02		3.6171006e+02		3.1723035e+02		4.4479707e+01
2.8300000e+02		2.8400000e+02		2.8350000e+02		1.9610227e+02		2.3503579e+02		7.5409348e+02		3.7270419e+02		3.2572693e+02		4.6977254e+01
2.8400000e+02		2.8500000e+02		2.8450000e+02		1.4459284e+02		1.7321079e+02		5.5509661e+02		2.7409658e+02		2.3869834e+02		3.5398241e+01
2.8500000e+02		2.8600000e+02		2.8550000e+02		9.2944992e+01		1.1128076e+02		3.5621764e+02		1.7572815e+02		1.5248417e+02		2.3243978e+01
2.8600000e+02		2.8700000e+02		2.8650000e+02		1.9045522e+02		2.2789900e+02		7.2868340e+02		3.5912920e+02		3.1049400e+02		4.8635202e+01
2.8700000e+02		2.8800000e+02		2.8750000e+02		2.2108403e+02		2.6439443e+02		8.4440223e+02		4.1575962e+02		3.5813389e+02		5.7625734e+01
2.8800000e+02		2.8900000e+02		2.8850000e+02		2.1010240e+02		2.5110865e+02		8.0104871e+02		3.9402907e+02		3.3815334e+02		5.5875725e+01
2.8900000e+02		2.9000000e+02		2.8950000e+02		3.1885068e+02		3.8084166e+02		1.2135050e+03		5.9632460e+02		5.0983813e+02		8.6486476e+01
2.9000000e+02		2.9100000e+02		2.9050000e+02		4.1860542e+02		4.9966562e+02		1.5902897e+03		7.8070106e+02		6.6493700e+02		1.1576406e+02
2.9100000e+02		2.9200000e+02		2.9150000e+02		4.0318642e+02		4.8093843e+02		1.5289236e+03		7.4982057e+02		6.3618197e+02		1.1363860e+02
2.9200000e+02		2.9300000e+02		2.9250000e+02		3.5818014e+02		4.2695869e+02		1.3557563e+03		6.6422016e+02		5.6136666e+02		1.0285350e+02
2.9300000e+02		2.9400000e+02		2.9350000e+02		3.7393440e+02		4.4542306e+02		1.4127587e+03		6.9143792e+02		5.8207740e+02		1.0936052e+02
2.9400000e+02		2.9500000e+02		2.9450000e+02		3.4819581e+02		4.1446344e+02		1.3130498e+03		6.4197365e+02		5.3829494e+02		1.0367870e+02
2.9500000e+02		2.9600000e+02		2.9550000e+02		3.7701055e+02		4.4842974e+02		1.4190224e+03		6.9306228e+02		5.7880681e+02		1.1425547e+02
2.9600000e+02		2.9700000e+02		2.9650000e+02		3.4493460e+02		4.0996711e+02		1.2958182e+03		6.3222310e+02		5.2586330e+02		1.0635979e+02
2.9700000e+02		2.9800000e+02		2.9750000e+02		3.5165811e+02		4.1763579e+02		1.3185401e+03		6.4262753e+02		5.3233617e+02		1.1029135e+02
2.9800000e+02		2.9900000e+02		2.9850000e+02		3.0223333e+02		3.5865591e+02		1.1310315e+03		5.5065159e+02		4.5426665e+02		9.6384935e+01
2.9900000e+02		3.0000000e+02		2.9950000e+02		3.4101318e+02		4.0435184e+02		1.2736723e+03		6.1943082e+02		5.0888235e+02		1.1054848e+02
3.0000000e+02		3.0100000e+02		3.0050000e+02		2.7131061e+02		3.2144154e+02		1.0113524e+03		4.9132320e+02		4.0194434e+02		8.9378865e+01
3.0100000e+02		3.0200000e+02		3.0150000e+02		3.1202593e+02		3.6937500e+02		1.1608362e+03		5.6332919e+02		4.5890053e+02		1.0442865e+02
3.0200000e+02		3.0300000e+02		3.0250000e+02		3.2846528e+02		3.8851051e+02		1.2195789e+03		5.9118688e+02		4.7953743e+02		1.1164945e+02
3.0300000e+02		3.0400000e+02		3.0350000e+02		4.2601061e+02		5.0346048e+02		1.5786180e+03		7.6438582e+02		6.1735598e+02		1.4702984e+02
3.0400000e+02		3.0500000e+02		3.0450000e+02		4.0776836e+02		4.8148814e+02		1.5080048e+03		7.2938395e+02		5.8652779e+02		1.4285616e+02
3.0500000e+02		3.0600000e+02		3.0550000e+02		4.1174793e+02		4.8576506e+02		1.5196719e+03		7.3420712e+02		5.8782022e+02		1.4638690e+02
3.0600000e+02		3.0700000e+02		3.0650000e+02		3.9053943e+02		4.6033972e+02		1.4384987e+03		6.9421019e+02		5.5334348e+02		1.4086671e+02
3.0700000e+02		3.0800000e+02		3.0750000e+02		4.3847484e+02		5.1638441e+02		1.6118058e+03		7.7697056e+02		6.1655346e+02		1.6041710e+02
3.0800000e+02		3.0900000e+02		3.0850000e+02		4.3035211e+02		5.0636498e+02		1.5787487e+03		7.6017376e+02		6.0051801e+02		1.5965574e+02
3.0900000e+02		3.1000000e+02		3.0950000e+02		3.4901328e+02		4.1028874e+02		1.2777618e+03		6.1454770e+02		4.8328190e+02		1.3126580e+02
3.1000000e+02		3.1100000e+02		3.1050000e+02		4.3927411e+02		5.1592671e+02		1.6049466e+03		7.7102775e+02		6.0357554e+02		1.6745221e+02
3.1100000e+02		3.1200000e+02		3.1150000e+02		5.2246540e+02		6.1307240e+02		1.9050131e+03		9.1413243e+02		7.1231566e+02		2.0181676e+02
3.1200000e+02		3.1300000e+02		3.1250000e+02		4.6521908e+02		5.4539462e+02		1.6928250e+03		8.1137770e+02		6.2932273e+02		1.8205497e+02
3.1300000e+02		3.1400000e+02		3.1350000e+02		4.9544367e+02		5.8028879e+02		1.7991272e+03		8.6133274e+02		6.6495710e+02		1.9637563e+02
3.1400000e+02		3.1500000e+02		3.1450000e+02		4.6729179e+02		5.4680476e+02		1.6934328e+03		8.0979192e+02		6.2223430e+02		1.8755762e+02
3.1500000e+02		3.1600000e+02		3.1550000e+02		4.5343123e+02		5.3008761e+02		1.6398452e+03		7.8325500e+02		5.9900047e+02		1.8425453e+02
3.1600000e+02		3.1700000e+02		3.1650000e+02		4.4229406e+02		5.1657985e+02		1.5962974e+03		7.6156590e+02		5.7964320e+02		1.8192269e+02
3.1700000e+02		3.1800000e+02		3.1750000e+02		5.6102832e+02		6.5463540e+02		2.0206851e+03		9.6290689e+02		7.2937818e+02		2.3352872e+02
3.1800000e+02		3.1900000e+02		3.1850000e+02		4.6340678e+02		5.4021150e+02		1.6656643e+03		7.9280036e+02		5.9763166e+02		1.9516870e+02
3.1900000e+02		3.2000000e+02		3.1950000e+02		4.9774832e+02		5.7969097e+02		1.7854449e+03		8.4881358e+02		6.3675093e+02		2.1206265e+02
3.2000000e+02		3.2100000e+02		3.2050000e+02		5.7184857e+02		6.6535249e+02		2.0470561e+03		9.7203978e+02		7.2562992e+02		2.4640986e+02
3.2100000e+02		3.2200000e+02		3.2150000e+02		4.8024660e+02		5.5823612e+02		1.7156384e+03		8.1370594e+02		6.0444810e+02		2.0925784e+02
3.2200000e+02		3.2300000e+02		3.2250000e+02		4.8228681e+02		5.6006822e+02		1.7194141e+03		8.1453314e+02		6.0207046e+02		2.1246268e+02
3.2300000e+02		3.2400000e+02		3.2350000e+02		4.6607071e+02		5.4071503e+02		1.6582181e+03		7.8461324e+02		5.7706937e+02		2.0754387e+02
3.2400000e+02		3.2500000e+02		3.2450000e+02		5.4882129e+02		6.3610379e+02		1.9486633e+03		9.2094938e+02		6.7395190e+02		2.4699747e+02
3.2500000e+02		3.2600000e+02		3.2550000e+02		6.3196128e+02		7.3175779e+02		2.2393076e+03		1.0570537e+03		7.6965844e+02		2.8739528e+02
3.2600000e+02		3.2700000e+02		3.2650000e+02		7.1301257e+02		8.2480921e+02		2.5213869e+03		1.1887940e+03		8.6119724e+02		3.2759676e+02
3.2700000e+02		3.2800000e+02		3.2750000e+02		6.8984049e+02		7.9723094e+02		2.4345113e+03		1.1464687e+03		8.2630550e+02		3.2016324e+02
3.2800000e+02		3.2900000e+02		3.2850000e+02		6.6596082e+02		7.6888808e+02		2.3454950e+03		1.1032346e+03		7.9107231e+02		3.1216227e+02
3.2900000e+02		3.3000000e+02		3.2950000e+02		7.7527139e+02		8.9422570e+02		2.7249866e+03		1.2802075e+03		9.1324268e+02		3.6696479e+02
3.3000000e+02		3.3100000e+02		3.3050000e+02		7.3029799e+02		8.4153562e+02		2.5617557e+03		1.2020876e+03		8.5307505e+02		3.4901251e+02
3.3100000e+02		3.3200000e+02		3.3150000e+02		6.9881652e+02		8.0447907e+02		2.4464149e+03		1.1465969e+03		8.0945946e+02		3.3713744e+02
3.3200000e+02		3.3300000e+02		3.3250000e+02		6.8562051e+02		7.8852391e+02		2.3954251e+03		1.1213609e+03		7.8750080e+02		3.3386011e+02
3.3300000e+02		3.3400000e+02		3.3350000e+02		6.5878216e+02		7.5692486e+02		2.2970744e+03		1.0740391e+03		7.5030026e+02		3.2373880e+02
3.3400000e+02		3.3500000e+02		3.3450000e+02		6.9405546e+02		7.9668286e+02		2.4152640e+03		1.1279552e+03		7.8379888e+02		3.4415637e+02
3.3500000e+02		3.3600000e+02		3.3550000e+02		6.8541663e+02		7.8600786e+02		2.3804832e+03		1.1103881e+03		7.6749182e+02		3.4289625e+02
3.3600000e+02		3.3700000e+02		3.3650000e+02		5.6469084e+02		6.4694092e+02		1.9573309e+03		9.1191958e+02		6.2694624e+02		2.8497334e+02
3.3700000e+02		3.3800000e+02		3.3750000e+02		5.9573781e+02		6.8185408e+02		2.0608898e+03		9.5902512e+02		6.5579374e+02		3.0323139e+02
3.3800000e+02		3.3900000e+02		3.3850000e+02		6.4448401e+02		7.3693923e+02		2.2251590e+03		1.0342357e+03		7.0341106e+02		3.3082467e+02
3.3900000e+02		3.4000000e+02		3.3950000e+02		6.7448220e+02		7.7050278e+02		2.3241919e+03		1.0789819e+03		7.2986944e+02		3.4911246e+02
3.4000000e+02		3.4100000e+02		3.4050000e+02		7.1196374e+02		8.1254382e+02		2.4485859e+03		1.1353812e+03		7.6384143e+02		3.7153977e+02
3.4100000e+02		3.4200000e+02		3.4150000e+02		6.4984945e+02		7.4094840e+02		2.2306409e+03		1.0330962e+03		6.9122913e+02		3.4186708e+02
3.4200000e+02		3.4300000e+02		3.4250000e+02		7.0477558e+02		8.0281137e+02		2.4145199e+03		1.1169333e+03		7.4322042e+02		3.7371286e+02
3.4300000e+02		3.4400000e+02		3.4350000e+02		6.9264465e+02		7.8824611e+02		2.3684111e+03		1.0943080e+03		7.2415015e+02		3.7015783e+02
3.4400000e+02		3.4500000e+02		3.4450000e+02		5.5710877e+02		6.3340478e+02		1.9013279e+03		8.7745782e+02		5.7743568e+02		3.0002214e+02
3.4500000e+02		3.4600000e+02		3.4550000e+02		6.7138909e+02		7.6261787e+02		2.2869966e+03		1.0541983e+03		6.8988669e+02		3.6431160e+02
3.4600000e+02		3.4700000e+02		3.4650000e+02		6.5194093e+02		7.3983304e+02		2.2165503e+03		1.0205230e+03		6.6411952e+02		3.5640345e+02
3.4700000e+02		3.4800000e+02		3.4750000e+02		6.4525828e+02		7.3156568e+02		2.1897019e+03		1.0069769e+03		6.5162989e+02		3.5534698e+02
3.4800000e+02		3.4900000e+02		3.4850000e+02		6.6761091e+02		7.5620398e+02		2.2613143e+03		1.0386894e+03		6.6836762e+02		3.7032176e+02
3.4900000e+02		3.5000000e+02		3.4950000e+02		6.3989005e+02		7.2413292e+02		2.1633811e+03		9.9254242e+02		6.3506370e+02		3.5747872e+02
3.5000000e+02		3.5100000e+02		3.5050000e+02		7.6650484e+02		8.6661634e+02		2.5866454e+03		1.1853464e+03		7.5412341e+02		4.3122298e+02
3.5100000e+02		3.5200000e+02		3.5150000e+02		7.1211510e+02		8.0438303e+02		2.3986711e+03		1.0979247e+03		6.9452706e+02		4.0339764e+02
3.5200000e+02		3.5300000e+02		3.5250000e+02		6.5785102e+02		7.4240815e+02		2.2118254e+03		1.0112239e+03		6.3602485e+02		3.7519904e+02
3.5300000e+02		3.5400000e+02		3.5350000e+02		7.5263834e+02		8.4860537e+02		2.5259033e+03		1.1534772e+03		7.2133456e+02		4.3214267e+02
3.5400000e+02		3.5500000e+02		3.5450000e+02		8.0329241e+02		9.0489709e+02		2.6910111e+03		1.2274530e+03		7.6317559e+02		4.6427745e+02
3.5500000e+02		3.5600000e+02		3.5550000e+02		7.5433512e+02		8.4898068e+02		2.5224467e+03		1.1492375e+03		7.1041527e+02		4.3882223e+02
3.5600000e+02		3.5700000e+02		3.5650000e+02		6.5576441e+02		7.3737970e+02		2.1888994e+03		9.9612385e+02		6.1219521e+02		3.8392863e+02
3.5700000e+02		3.5800000e+02		3.5750000e+02		5.7307986e+02		6.4382863e+02		1.9094921e+03		8.6797366e+02		5.3033283e+02		3.3764082e+02
3.5800000e+02		3.5900000e+02		3.5850000e+02		4.9194729e+02		5.5218866e+02		1.6362535e+03		7.4291962e+02		4.5127430e+02		2.9164532e+02
3.5900000e+02		3.6000000e+02		3.5950000e+02		7.1030971e+02		7.9658559e+02		2.3583791e+03		1.0695692e+03		6.4588618e+02		4.2368303e+02
3.6000000e+02		3.6100000e+02		3.6050000e+02		7.0092701e+02		7.8537181e+02		2.3231491e+03		1.0523929e+03		6.3177874e+02		4.2061419e+02
3.6100000e+02		3.6200000e+02		3.6150000e+02		6.5110481e+02		7.2890899e+02		2.1542607e+03		9.7477904e+02		5.8173478e+02		3.9304426e+02
3.6200000e+02		3.6300000e+02		3.6250000e+02		7.3500056e+02		8.2211402e+02		2.4276312e+03		1.0972342e+03		6.5094132e+02		4.4629288e+02
3.6300000e+02		3.6400000e+02		3.6350000e+02		7.1558904e+02		7.9970934e+02		2.3594517e+03		1.0652168e+03		6.2819749e+02		4.3701935e+02
3.6400000e+02		3.6500000e+02		3.6450000e+02		7.4837927e+02		8.3563473e+02		2.4633506e+03		1.1108748e+03		6.5122504e+02		4.5964978e+02
3.6500000e+02		3.6600000e+02		3.6550000e+02		8.5179486e+02		9.5029438e+02		2.7989895e+03		1.2608222e+03		7.3471659e+02		5.2610556e+02
3.6600000e+02		3.6700000e+02		3.6650000e+02		9.1042532e+02		1.0148412e+03		2.9866002e+03		1.3438322e+03		7.7840114e+02		5.6543105e+02
3.6700000e+02		3.6800000e+02		3.6750000e+02		8.7909512e+02		9.7908957e+02		2.8789883e+03		1.2939723e+03		7.4502063e+02		5.4895171e+02
3.6800000e+02		3.6900000e+02		3.6850000e+02		8.1047729e+02		9.0190840e+02		2.6498477e+03		1.1896657e+03		6.8084102e+02		5.0882466e+02
3.6900000e+02		3.7000000e+02		3.6950000e+02		8.9967825e+02		1.0003364e+03		2.9366223e+03		1.3169608e+03		7.4914146e+02		5.6781939e+02
3.7000000e+02		3.7100000e+02		3.7050000e+02		8.4427990e+02		9.3796112e+02		2.7512682e+03		1.2324812e+03		6.9684191e+02		5.3563925e+02
3.7100000e+02		3.7200000e+02		3.7150000e+02		8.7164560e+02		9.6756495e+02		2.8358081e+03		1.2689621e+03		7.1311334e+02		5.5584877e+02
3.7200000e+02		3.7300000e+02		3.7250000e+02		7.2411383e+02		8.0313974e+02		2.3520089e+03		1.0513254e+03		5.8721349e+02		4.6411187e+02
3.7300000e+02		3.7400000e+02		3.7350000e+02		6.3155746e+02		6.9991214e+02		2.0480710e+03		9.1447429e+02		5.0765950e+02		4.0681479e+02
3.7400000e+02		3.7500000e+02		3.7450000e+02		6.4642322e+02		7.1580758e+02		2.0929264e+03		9.3349217e+02		5.1504727e+02		4.1844489e+02
3.7500000e+02		3.7600000e+02		3.7550000e+02		7.4036161e+02		8.1917038e+02		2.3932639e+03		1.0663003e+03		5.8471564e+02		4.8158464e+02
3.7600000e+02		3.7700000e+02		3.7650000e+02		7.6758018e+02		8.4860860e+02		2.4773363e+03		1.1025749e+03		6.0089081e+02		5.0168413e+02
3.7700000e+02		3.7800000e+02		3.7750000e+02		9.0048278e+02		9.9475184e+02		2.9017231e+03		1.2900762e+03		6.9874489e+02		5.9133129e+02
3.7800000e+02		3.7900000e+02		3.7850000e+02		9.3786543e+02		1.0352324e+03		3.0174860e+03		1.3401176e+03		7.2136614e+02		6.1875150e+02
3.7900000e+02		3.8000000e+02		3.7950000e+02		7.6051322e+02		8.3881166e+02		2.4430959e+03		1.0838733e+03		5.7982200e+02		5.0405127e+02
3.8000000e+02		3.8100000e+02		3.8050000e+02		8.2814537e+02		9.1269772e+02		2.6562819e+03		1.1772117e+03		6.2584675e+02		5.5136493e+02
3.8100000e+02		3.8200000e+02		3.8150000e+02		7.4366886e+02		8.1896442e+02		2.3816933e+03		1.0544130e+03		5.5707730e+02		4.9733569e+02
3.8200000e+02		3.8300000e+02		3.8250000e+02		5.3336093e+02		5.8691342e+02		1.7055753e+03		7.5429712e+02		3.9603407e+02		3.5826304e+02
3.8300000e+02		3.8400000e+02		3.8350000e+02		4.7073026e+02		5.1760055e+02		1.5030385e+03		6.6403414e+02		3.4646561e+02		3.1756853e+02
3.8400000e+02		3.8500000e+02		3.8450000e+02		6.2969557e+02		6.9187139e+02		2.0076208e+03		8.8603918e+02		4.5940592e+02		4.2663326e+02
3.8500000e+02		3.8600000e+02		3.8550000e+02		6.6694888e+02		7.3225403e+02		2.1232517e+03		9.3610764e+02		4.8232283e+02		4.5378481e+02
3.8600000e+02		3.8700000e+02		3.8650000e+02		6.6977732e+02		7.3481245e+02		2.1291292e+03		9.3773818e+02		4.8012743e+02		4.5761075e+02
3.8700000e+02		3.8800000e+02		3.8750000e+02		6.6902499e+02		7.3344511e+02		2.1236423e+03		9.3436893e+02		4.7539087e+02		4.5897806e+02
3.8800000e+02		3.8900000e+02		3.8850000e+02		6.7841027e+02		7.4318897e+02		2.1503226e+03		9.4514909e+02		4.7784277e+02		4.6730632e+02
3.8900000e+02		3.9000000e+02		3.8950000e+02		8.1451188e+02		8.9163722e+02		2.5780158e+03		1.1319941e+03		5.6869044e+02		5.6330364e+02
3.9000000e+02		3.9100000e+02		3.9050000e+02		8.5560997e+02		9.3595049e+02		2.7042427e+03		1.1862285e+03		5.9216419e+02		5.9406434e+02
3.9100000e+02		3.9200000e+02		3.9150000e+02		9.2006232e+02		1.0057335e+03		2.9038453e+03		1.2725139e+03		6.3120922e+02		6.4130468e+02
3.9200000e+02		3.9300000e+02		3.9250000e+02		7.0614281e+02		7.7134591e+02		2.2255629e+03		9.7431088e+02		4.8022027e+02		4.9409061e+02
3.9300000e+02		3.9400000e+02		3.9350000e+02		4.3291589e+02		4.7255622e+02		1.3625319e+03		5.9590251e+02		2.9184047e+02		3.0406205e+02
3.9400000e+02		3.9500000e+02		3.9450000e+02		7.1565803e+02		7.8064064e+02		2.2493092e+03		9.8276768e+02		4.7823772e+02		5.0452997e+02
3.9500000e+02		3.9600000e+02		3.9550000e+02		8.7888136e+02		9.5801839e+02		2.7585382e+03		1.2040822e+03		5.8219325e+02		6.2188896e+02
3.9600000e+02		3.9700000e+02		3.9650000e+02		6.0712893e+02		6.6134006e+02		1.9030029e+03		8.2983990e+02		3.9867490e+02		4.3116500e+02
3.9700000e+02		3.9800000e+02		3.9750000e+02		6.8053003e+02		7.4078780e+02		2.1301992e+03		9.2801521e+02		4.4298480e+02		4.8503041e+02
3.9800000e+02		3.9900000e+02		3.9850000e+02		1.0480559e+03		1.1400816e+03		3.2762450e+03		1.4259148e+03		6.7628871e+02		7.4962608e+02
3.9900000e+02		4.0000000e+02		3.9950000e+02		1.1577145e+03		1.2585202e+03		3.6142400e+03		1.5715160e+03		7.4055613e+02		8.3095991e+02
4.0000000e+02		4.0100000e+02		4.0050000e+02		1.1939713e+03		1.2970662e+03		3.7225244e+03		1.6170607e+03		7.5711519e+02		8.5994556e+02
4.0100000e+02		4.0200000e+02		4.0150000e+02		1.2509583e+03		1.3580724e+03		3.8951052e+03		1.6904302e+03		7.8636701e+02		9.0406321e+02
4.0200000e+02		4.0300000e+02		4.0250000e+02		1.2664199e+03		1.3739532e+03		3.9381414e+03		1.7075009e+03		7.8918249e+02		9.1831845e+02
4.0300000e+02		4.0400000e+02		4.0350000e+02		1.2115903e+03		1.3136098e+03		3.7627996e+03		1.6299514e+03		7.4847228e+02		8.8147912e+02
4.0400000e+02		4.0500000e+02		4.0450000e+02		1.1914959e+03		1.2909868e+03		3.6956774e+03		1.5993882e+03		7.2968554e+02		8.6970263e+02
4.0500000e+02		4.0600000e+02		4.0550000e+02		1.1904731e+03		1.2890499e+03		3.6878373e+03		1.5945207e+03		7.2275169e+02		8.7176901e+02
4.0600000e+02		4.0700000e+02		4.0650000e+02		1.1388815e+03		1.2324004e+03		3.5235934e+03		1.5221068e+03		6.8545281e+02		8.3665401e+02
4.0700000e+02		4.0800000e+02		4.0750000e+02		1.1575323e+03		1.2517909e+03		3.5768430e+03		1.5436985e+03		6.9066089e+02		8.5303762e+02
4.0800000e+02		4.0900000e+02		4.0850000e+02		1.2307397e+03		1.3301251e+03		3.7983664e+03		1.6378159e+03		7.2800433e+02		9.0981156e+02
4.0900000e+02		4.1000000e+02		4.0950000e+02		1.2243097e+03		1.3223529e+03		3.7738983e+03		1.6257972e+03		7.1795693e+02		9.0784026e+02
4.1000000e+02		4.1100000e+02		4.1050000e+02		1.1216634e+03		1.2107393e+03		3.4532979e+03		1.4863480e+03		6.5209730e+02		8.3425075e+02
4.1100000e+02		4.1200000e+02		4.1150000e+02		1.3003372e+03		1.4027436e+03		3.9985672e+03		1.7195053e+03		7.4946621e+02		9.7003904e+02
4.1200000e+02		4.1300000e+02		4.1250000e+02		1.2760342e+03		1.3756913e+03		3.9191504e+03		1.6838601e+03		7.2913528e+02		9.5472486e+02
4.1300000e+02		4.1400000e+02		4.1350000e+02		1.2308584e+03		1.3261887e+03		3.7759234e+03		1.6208939e+03		6.9727997e+02		9.2361393e+02
4.1400000e+02		4.1500000e+02		4.1450000e+02		1.2488872e+03		1.3448107e+03		3.8267316e+03		1.6412664e+03		7.0142176e+02		9.3984465e+02
4.1500000e+02		4.1600000e+02		4.1550000e+02		1.2477523e+03		1.3427933e+03		3.8188015e+03		1.6364403e+03		6.9477632e+02		9.4166402e+02
4.1600000e+02		4.1700000e+02		4.1650000e+02		1.2947363e+03		1.3925381e+03		3.9580214e+03		1.6946327e+03		7.1476335e+02		9.7986932e+02
4.1700000e+02		4.1800000e+02		4.1750000e+02		1.1781342e+03		1.2663905e+03		3.5974424e+03		1.5389268e+03		6.4482790e+02		8.9409892e+02
4.1800000e+02		4.1900000e+02		4.1850000e+02		1.2217101e+03		1.3124726e+03		3.7262643e+03		1.5926736e+03		6.6296277e+02		9.2971087e+02
4.1900000e+02		4.2000000e+02		4.1950000e+02		1.2338424e+03		1.3247474e+03		3.7590292e+03		1.6053147e+03		6.6382936e+02		9.4148534e+02
4.2000000e+02		4.2100000e+02		4.2050000e+02		1.2494927e+03		1.3407892e+03		3.8024572e+03		1.6224917e+03		6.6651542e+02		9.5597632e+02
4.2100000e+02		4.2200000e+02		4.2150000e+02		1.2299982e+03		1.3191273e+03		3.7389852e+03		1.5940719e+03		6.5052595e+02		9.4354595e+02
4.2200000e+02		4.2300000e+02		4.2250000e+02		1.1657134e+03		1.2494864e+03		3.5396779e+03		1.5078434e+03		6.1127917e+02		8.9656418e+02
4.2300000e+02		4.2400000e+02		4.2350000e+02		1.2419943e+03		1.3305123e+03		3.7671963e+03		1.6034350e+03		6.4574214e+02		9.5769290e+02
4.2400000e+02		4.2500000e+02		4.2450000e+02		1.2850442e+03		1.3758749e+03		3.8935646e+03		1.6558594e+03		6.6245042e+02		9.9340893e+02
4.2500000e+02		4.2600000e+02		4.2550000e+02		1.2367256e+03		1.3234204e+03		3.7431505e+03		1.5905913e+03		6.3213316e+02		9.5845813e+02
4.2600000e+02		4.2700000e+02		4.2650000e+02		1.2316584e+03		1.3172868e+03		3.7238549e+03		1.5811083e+03		6.2420835e+02		9.5689995e+02
4.2700000e+02		4.2800000e+02		4.2750000e+02		1.1420512e+03		1.2207964e+03		3.4492961e+03		1.4633533e+03		5.7389594e+02		8.8945741e+02
4.2800000e+02		4.2900000e+02		4.2850000e+02		1.1495483e+03		1.2281586e+03		3.4683142e+03		1.4702436e+03		5.7277928e+02		8.9746431e+02
4.2900000e+02		4.3000000e+02		4.2950000e+02		1.0698649e+03		1.1424250e+03		3.2245587e+03		1.3658266e+03		5.2857400e+02		8.3725265e+02
4.3000000e+02		4.3100000e+02		4.3050000e+02		8.6065012e+02		9.1854167e+02		2.5913253e+03		1.0967406e+03		4.2162327e+02		6.7511737e+02
4.3100000e+02		4.3200000e+02		4.3150000e+02		1.0641754e+03		1.1351699e+03		3.2008568e+03		1.3536526e+03		5.1693575e+02		8.3671689e+02
4.3200000e+02		4.3300000e+02		4.3250000e+02		1.1990384e+03		1.2783744e+03		3.6028619e+03		1.5224739e+03		5.7754553e+02		9.4492835e+02
4.3300000e+02		4.3400000e+02		4.3350000e+02		1.3017454e+03		1.3871719e+03		3.9075613e+03		1.6499529e+03		6.2174651e+02		1.0282063e+03
4.3400000e+02		4.3500000e+02		4.3450000e+02		1.1054356e+03		1.1773858e+03		3.3149892e+03		1.3986647e+03		5.2355145e+02		8.7511325e+02
4.3500000e+02		4.3600000e+02		4.3550000e+02		1.2347447e+03		1.3144544e+03		3.6991202e+03		1.5595451e+03		5.7989072e+02		9.7965438e+02
4.3600000e+02		4.3700000e+02		4.3650000e+02		1.3814970e+03		1.4699521e+03		4.1347329e+03		1.7418759e+03		6.4337843e+02		1.0984974e+03
4.3700000e+02		4.3800000e+02		4.3750000e+02		1.2223713e+03		1.2999993e+03		3.6549423e+03		1.5385894e+03		5.6451015e+02		9.7407924e+02
4.3800000e+02		4.3900000e+02		4.3850000e+02		1.1905029e+03		1.2654909e+03		3.5562419e+03		1.4959194e+03		5.4519979e+02		9.5071962e+02
4.3900000e+02		4.4000000e+02		4.3950000e+02		1.3250738e+03		1.4078585e+03		3.9544667e+03		1.6621941e+03		6.0176437e+02		1.0604297e+03
4.4000000e+02		4.4100000e+02		4.4050000e+02		1.2562739e+03		1.3341219e+03		3.7456117e+03		1.5732425e+03		5.6576557e+02		1.0074769e+03
4.4100000e+02		4.4200000e+02		4.4150000e+02		1.3817384e+03		1.4666652e+03		4.1158384e+03		1.7274781e+03		6.1708982e+02		1.1103882e+03
4.4200000e+02		4.4300000e+02		4.4250000e+02		1.4526378e+03		1.5411975e+03		4.3230213e+03		1.8131140e+03		6.4336129e+02		1.1697527e+03
4.4300000e+02		4.4400000e+02		4.4350000e+02		1.4050936e+03		1.4900600e+03		4.1776908e+03		1.7508934e+03		6.1713834e+02		1.1337550e+03
4.4400000e+02		4.4500000e+02		4.4450000e+02		1.4475318e+03		1.5343553e+03		4.2999518e+03		1.8008388e+03		6.3050677e+02		1.1703320e+03
4.4500000e+02		4.4600000e+02		4.4550000e+02		1.3420773e+03		1.4219241e+03		3.9830966e+03		1.6669482e+03		5.7973331e+02		1.0872149e+03
4.4600000e+02		4.4700000e+02		4.4650000e+02		1.3689269e+03		1.4497126e+03		4.0591469e+03		1.6975720e+03		5.8644162e+02		1.1111304e+03
4.4700000e+02		4.4800000e+02		4.4750000e+02		1.4837056e+03		1.5705577e+03		4.3955862e+03		1.8369805e+03		6.3036315e+02		1.2066173e+03
4.4800000e+02		4.4900000e+02		4.4850000e+02		1.4587166e+03		1.5434170e+03		4.3177537e+03		1.8031923e+03		6.1463504e+02		1.1885573e+03
4.4900000e+02		4.5000000e+02		4.4950000e+02		1.4737837e+03		1.5586693e+03		4.3585482e+03		1.8189661e+03		6.1586885e+02		1.2030972e+03
4.5000000e+02		4.5100000e+02		4.5050000e+02		1.5636828e+03		1.6530213e+03		4.6204172e+03		1.9269242e+03		6.4806124e+02		1.2788629e+03
4.5100000e+02		4.5200000e+02		4.5150000e+02		1.5589734e+03		1.6473265e+03		4.6025542e+03		1.9181613e+03		6.4080192e+02		1.2773594e+03
4.5200000e+02		4.5300000e+02		4.5250000e+02		1.4757889e+03		1.5587558e+03		4.3532673e+03		1.8130360e+03		6.0163334e+02		1.2114027e+03
4.5300000e+02		4.5400000e+02		4.5350000e+02		1.4141855e+03		1.4930513e+03		4.1680368e+03		1.7347209e+03		5.7179642e+02		1.1629245e+03
4.5400000e+02		4.5500000e+02		4.5450000e+02		1.5096596e+03		1.5931750e+03		4.4457130e+03		1.8490495e+03		6.0540549e+02		1.2436440e+03
4.5500000e+02		4.5600000e+02		4.5550000e+02		1.4952815e+03		1.5773393e+03		4.3997269e+03		1.8287062e+03		5.9474038e+02		1.2339658e+03
4.5600000e+02		4.5700000e+02		4.5650000e+02		1.5527317e+03		1.6372609e+03		4.5650196e+03		1.8961558e+03		6.1255196e+02		1.2836039e+03
4.5700000e+02		4.5800000e+02		4.5750000e+02		1.5677329e+03		1.6523971e+03		4.6053735e+03		1.9116635e+03		6.1343073e+02		1.2982327e+03
4.5800000e+02		4.5900000e+02		4.5850000e+02		1.4734199e+03		1.5523561e+03		4.3248288e+03		1.7940426e+03		5.7183648e+02		1.2222061e+03
4.5900000e+02		4.6000000e+02		4.5950000e+02		1.5222067e+03		1.6031068e+03		4.4644572e+03		1.8507670e+03		5.8597050e+02		1.2647965e+03
4.6000000e+02		4.6100000e+02		4.6050000e+02		1.5039223e+03		1.5832145e+03		4.4073352e+03		1.8259145e+03		5.7423449e+02		1.2516800e+03
4.6100000e+02		4.6200000e+02		4.6150000e+02		1.5386000e+03		1.6190757e+03		4.5054174e+03		1.8653601e+03		5.8271515e+02		1.2826449e+03
4.6200000e+02		4.6300000e+02		4.6250000e+02		1.5538294e+03		1.6344564e+03		4.5464688e+03		1.8811661e+03		5.8372136e+02		1.2974447e+03
4.6300000e+02		4.6400000e+02		4.6350000e+02		1.5018384e+03		1.5791496e+03		4.3909511e+03		1.8156777e+03		5.5963143e+02		1.2560463e+03
4.6400000e+02		4.6500000e+02		4.6450000e+02		1.5281564e+03		1.6061994e+03		4.4644772e+03		1.8449304e+03		5.6484376e+02		1.2800867e+03
4.6500000e+02		4.6600000e+02		4.6550000e+02		1.4760608e+03		1.5508469e+03		4.3090084e+03		1.7795816e+03		5.4119205e+02		1.2383896e+03
4.6600000e+02		4.6700000e+02		4.6650000e+02		1.4854121e+03		1.5600774e+03		4.3330450e+03		1.7884092e+03		5.4023878e+02		1.2481704e+03
4.6700000e+02		4.6800000e+02		4.6750000e+02		1.4997486e+03		1.5745397e+03		4.3716026e+03		1.8032230e+03		5.4107057e+02		1.2621524e+03
4.6800000e+02		4.6900000e+02		4.6850000e+02		1.4665907e+03		1.5391518e+03		4.2717902e+03		1.7609850e+03		5.2486311e+02		1.2361219e+03
4.6900000e+02		4.7000000e+02		4.6950000e+02		1.5086728e+03		1.5827284e+03		4.3911433e+03		1.8090987e+03		5.3559792e+02		1.2735008e+03
4.7000000e+02		4.7100000e+02		4.7050000e+02		1.4256243e+03		1.4950532e+03		4.1464073e+03		1.7072512e+03		5.0206581e+02		1.2051854e+03
4.7100000e+02		4.7200000e+02		4.7150000e+02		1.4904926e+03		1.5625107e+03		4.3319530e+03		1.7825918e+03		5.2071749e+02		1.2618743e+03
4.7200000e+02		4.7300000e+02		4.7250000e+02		1.5269264e+03		1.6001264e+03		4.4346748e+03		1.8237887e+03		5.2919079e+02		1.2945979e+03
4.7300000e+02		4.7400000e+02		4.7350000e+02		1.4995420e+03		1.5708662e+03		4.3520587e+03		1.7887677e+03		5.1556056e+02		1.2732072e+03
4.7400000e+02		4.7500000e+02		4.7450000e+02		1.5448084e+03		1.6177109e+03		4.4802871e+03		1.8404048e+03		5.2689930e+02		1.3135055e+03
4.7500000e+02		4.7600000e+02		4.7550000e+02		1.5413846e+03		1.6135574e+03		4.4672471e+03		1.8339929e+03		5.2155610e+02		1.3124368e+03
4.7600000e+02		4.7700000e+02		4.7650000e+02		1.4853490e+03		1.5543554e+03		4.3018754e+03		1.7650926e+03		4.9860956e+02		1.2664830e+03
4.7700000e+02		4.7800000e+02		4.7750000e+02		1.5508368e+03		1.6223243e+03		4.4884704e+03		1.8406103e+03		5.1647030e+02		1.3241400e+03
4.7800000e+02		4.7900000e+02		4.7850000e+02		1.5358791e+03		1.6061262e+03		4.4421663e+03		1.8205975e+03		5.0744446e+02		1.3131530e+03
4.7900000e+02		4.8000000e+02		4.7950000e+02		1.5403519e+03		1.6102561e+03		4.4521090e+03		1.8236536e+03		5.0490393e+02		1.3187497e+03
4.8000000e+02		4.8100000e+02		4.8050000e+02		1.5442750e+03		1.6138134e+03		4.4604746e+03		1.8260676e+03		5.0219900e+02		1.3238686e+03
4.8100000e+02		4.8200000e+02		4.8150000e+02		1.5475498e+03		1.6166955e+03		4.4669815e+03		1.8277254e+03		4.9930203e+02		1.3284234e+03
4.8200000e+02		4.8300000e+02		4.8250000e+02		1.5416562e+03		1.6100055e+03		4.4470562e+03		1.8185791e+03		4.9349052e+02		1.3250886e+03
4.8300000e+02		4.8400000e+02		4.8350000e+02		1.5183412e+03		1.5851364e+03		4.3769590e+03		1.7889434e+03		4.8221236e+02		1.3067310e+03
4.8400000e+02		4.8500000e+02		4.8450000e+02		1.4920771e+03		1.5572102e+03		4.2984791e+03		1.7559220e+03		4.7015710e+02		1.2857649e+03
4.8500000e+02		4.8600000e+02		4.8550000e+02		1.4021236e+03		1.4628582e+03		4.0367581e+03		1.6481288e+03		4.3835493e+02		1.2097738e+03
4.8600000e+02		4.8700000e+02		4.8650000e+02		1.2173217e+03		1.2696454e+03		3.5024912e+03		1.4292401e+03		3.7760517e+02		1.0516350e+03
4.8700000e+02		4.8800000e+02		4.8750000e+02		1.3927585e+03		1.4521627e+03		4.0047475e+03		1.6333330e+03		4.2865358e+02		1.2046794e+03
4.8800000e+02		4.8900000e+02		4.8850000e+02		1.4651201e+03		1.5271309e+03		4.2101980e+03		1.7162292e+03		4.4741138e+02		1.2688178e+03
4.8900000e+02		4.9000000e+02		4.8950000e+02		1.4372192e+03		1.4975826e+03		4.1274765e+03		1.6816368e+03		4.3547686e+02		1.2461600e+03
4.9000000e+02		4.9100000e+02		4.9050000e+02		1.5307557e+03		1.5945554e+03		4.3934137e+03		1.7890654e+03		4.6021559e+02		1.3288498e+03
4.9100000e+02		4.9200000e+02		4.9150000e+02		1.4425606e+03		1.5022247e+03		4.1377779e+03		1.6841062e+03		4.3033630e+02		1.2537699e+03
4.9200000e+02		4.9300000e+02		4.9250000e+02		1.3729411e+03		1.4292921e+03		3.9357198e+03		1.6010553e+03		4.0639597e+02		1.1946593e+03
4.9300000e+02		4.9400000e+02		4.9350000e+02		1.4509629e+03		1.5100621e+03		4.1569039e+03		1.6901826e+03		4.2616959e+02		1.2640130e+03
4.9400000e+02		4.9500000e+02		4.9450000e+02		1.4929449e+03		1.5532910e+03		4.2746551e+03		1.7371921e+03		4.3511465e+02		1.3020774e+03
4.9500000e+02		4.9600000e+02		4.9550000e+02		1.4663156e+03		1.5251346e+03		4.1959527e+03		1.7043630e+03		4.2405896e+02		1.2803040e+03
4.9600000e+02		4.9700000e+02		4.9650000e+02		1.4846220e+03		1.5437231e+03		4.2458734e+03		1.7237922e+03		4.2604812e+02		1.2977441e+03
4.9700000e+02		4.9800000e+02		4.9750000e+02		1.5123203e+03		1.5720674e+03		4.3226006e+03		1.7540862e+03		4.3066106e+02		1.3234252e+03
4.9800000e+02		4.9900000e+02		4.9850000e+02		1.3744029e+03		1.4282901e+03		3.9261575e+03		1.5924400e+03		3.8838284e+02		1.2040572e+03
4.9900000e+02		5.0000000e+02		4.9950000e+02		1.4721832e+03		1.5294677e+03		4.2031023e+03		1.7039485e+03		4.1282603e+02		1.2911224e+03
