Left Bin Edge (nm)	Right Bin Edge (nm)	Bin Center (nm)		Top of Atm Intensity (erg/s/nm/cm2)		Total Surface Flux (erg/s/nm/cm2)		Total Intensity at BOA (erg/s/nm/cm2)		Total Surface Intensity (erg/s/nm/cm2)		Total Surface Diffuse Intensity (erg/s/nm/cm2)		Total Surface Direct Intensity (erg/s/nm/cm2)
1.0000000e+02		1.0100000e+02		1.0050000e+02		4.4569042e-02		2.4525372e-199		0.0000000e+00		4.2479191e-199		4.2479191e-199		0.0000000e+00
1.0100000e+02		1.0200000e+02		1.0150000e+02		1.7387199e-01		2.8780736e-197		0.0000000e+00		4.9849696e-197		4.9849696e-197		0.0000000e+00
1.0200000e+02		1.0300000e+02		1.0250000e+02		9.2286085e-01		3.0760915e-195		0.0000000e+00		5.3279468e-195		5.3279468e-195		0.0000000e+00
1.0300000e+02		1.0400000e+02		1.0350000e+02		7.0094286e-01		3.0025218e-193		0.0000000e+00		5.2005203e-193		5.2005203e-193		0.0000000e+00
1.0400000e+02		1.0500000e+02		1.0450000e+02		1.4124828e-01		2.6834654e-191		0.0000000e+00		4.6478983e-191		4.6478983e-191		0.0000000e+00
1.0500000e+02		1.0600000e+02		1.0550000e+02		4.8389941e-02		2.2015021e-189		0.0000000e+00		3.8131134e-189		3.8131134e-189		0.0000000e+00
1.0600000e+02		1.0700000e+02		1.0650000e+02		4.5487167e-02		1.6618999e-187		0.0000000e+00		2.8784951e-187		2.8784951e-187		0.0000000e+00
1.0700000e+02		1.0800000e+02		1.0750000e+02		5.0757295e-02		1.1570804e-185		0.0000000e+00		2.0041220e-185		2.0041220e-185		0.0000000e+00
1.0800000e+02		1.0900000e+02		1.0850000e+02		7.1152114e-02		7.4467737e-184		0.0000000e+00		1.2898190e-183		1.2898190e-183		0.0000000e+00
1.0900000e+02		1.1000000e+02		1.0950000e+02		5.5817450e-02		4.4397245e-182		0.0000000e+00		7.6898283e-182		7.6898283e-182		0.0000000e+00
1.1000000e+02		1.1100000e+02		1.1050000e+02		5.4043772e-02		2.4571450e-180		0.0000000e+00		4.2559000e-180		4.2559000e-180		0.0000000e+00
1.1100000e+02		1.1200000e+02		1.1150000e+02		5.0797691e-02		1.2649212e-178		0.0000000e+00		2.1909077e-178		2.1909077e-178		0.0000000e+00
1.1200000e+02		1.1300000e+02		1.1250000e+02		5.1969037e-02		6.0686757e-177		0.0000000e+00		1.0511255e-176		1.0511255e-176		0.0000000e+00
1.1300000e+02		1.1400000e+02		1.1350000e+02		4.1221387e-02		2.7185205e-175		0.0000000e+00		4.7086156e-175		4.7086156e-175		0.0000000e+00
1.1400000e+02		1.1500000e+02		1.1450000e+02		3.1562600e-02		1.1390992e-173		0.0000000e+00		1.9729778e-173		1.9729778e-173		0.0000000e+00
1.1500000e+02		1.1600000e+02		1.1550000e+02		4.3552050e-02		4.4723470e-172		0.0000000e+00		7.7463322e-172		7.7463322e-172		0.0000000e+00
1.1600000e+02		1.1700000e+02		1.1650000e+02		1.0143732e-01		1.6480961e-170		0.0000000e+00		2.8545861e-170		2.8545861e-170		0.0000000e+00
1.1700000e+02		1.1800000e+02		1.1750000e+02		3.6108525e-01		5.7096148e-169		0.0000000e+00		9.8893429e-169		9.8893429e-169		0.0000000e+00
1.1800000e+02		1.1900000e+02		1.1850000e+02		1.2283927e-01		1.8624447e-167		0.0000000e+00		3.2258488e-167		3.2258488e-167		0.0000000e+00
1.1900000e+02		1.2000000e+02		1.1950000e+02		1.7115732e-01		5.7290385e-166		0.0000000e+00		9.9229857e-166		9.9229857e-166		0.0000000e+00
1.2000000e+02		1.2100000e+02		1.2050000e+02		9.3056497e-01		1.6643298e-164		0.0000000e+00		2.8827038e-164		2.8827038e-164		0.0000000e+00
1.2100000e+02		1.2200000e+02		1.2150000e+02		3.6941242e+01		4.5726169e-163		0.0000000e+00		7.9200047e-163		7.9200047e-163		0.0000000e+00
1.2200000e+02		1.2300000e+02		1.2250000e+02		2.4773856e-01		1.1897350e-161		0.0000000e+00		2.0606815e-161		2.0606815e-161		0.0000000e+00
1.2300000e+02		1.2400000e+02		1.2350000e+02		1.3344721e-01		2.9354303e-160		2.9904161e-161		5.0843145e-160		5.0843145e-160		0.0000000e+00
1.2400000e+02		1.2500000e+02		1.2450000e+02		1.0726631e-01		6.8768012e-159		7.2030074e-160		1.1910969e-158		1.1910969e-158		0.0000000e+00
1.2500000e+02		1.2600000e+02		1.2550000e+02		1.0471361e-01		1.5315580e-157		1.6488276e-158		2.6527362e-157		2.6527362e-157		0.0000000e+00
1.2600000e+02		1.2700000e+02		1.2650000e+02		1.4644878e-01		3.2466476e-156		3.5909312e-157		5.6233586e-156		5.6233586e-156		0.0000000e+00
1.2700000e+02		1.2800000e+02		1.2750000e+02		7.6659940e-02		6.5583908e-155		7.4493499e-156		1.1359466e-154		1.1359466e-154		0.0000000e+00
1.2800000e+02		1.2900000e+02		1.2850000e+02		6.1165494e-02		1.2638916e-153		1.4736782e-154		2.1891245e-153		2.1891245e-153		0.0000000e+00
1.2900000e+02		1.3000000e+02		1.2950000e+02		8.1594975e-02		2.3262031e-152		2.7831591e-153		4.0291019e-152		4.0291019e-152		0.0000000e+00
1.3000000e+02		1.3100000e+02		1.3050000e+02		6.7007791e-01		4.0932744e-151		5.0232936e-152		7.0897593e-151		7.0897593e-151		0.0000000e+00
1.3100000e+02		1.3200000e+02		1.3150000e+02		9.0731094e-02		6.8932764e-150		8.6737023e-151		1.1939505e-149		1.1939505e-149		0.0000000e+00
1.3200000e+02		1.3300000e+02		1.3250000e+02		7.0547730e-02		1.1121025e-148		1.4342412e-149		1.9262181e-148		1.9262181e-148		0.0000000e+00
1.3300000e+02		1.3400000e+02		1.3350000e+02		9.5357088e-01		1.7204736e-147		2.2733413e-148		2.9799477e-147		2.9799477e-147		0.0000000e+00
1.3400000e+02		1.3500000e+02		1.3450000e+02		6.5246966e-02		2.5547151e-146		3.4573438e-147		4.4248964e-146		4.4248964e-146		0.0000000e+00
1.3500000e+02		1.3600000e+02		1.3550000e+02		1.3692679e-01		3.6443774e-145		5.0495764e-146		6.3122469e-145		6.3122469e-145		0.0000000e+00
1.3600000e+02		1.3700000e+02		1.3650000e+02		8.9861989e-02		4.9988986e-144		7.0890470e-145		8.6583463e-144		8.6583463e-144		0.0000000e+00
1.3700000e+02		1.3800000e+02		1.3750000e+02		9.2282630e-02		6.5988421e-143		9.5745327e-144		1.1429530e-142		1.1429530e-142		0.0000000e+00
1.3800000e+02		1.3900000e+02		1.3850000e+02		9.4180145e-02		8.3900643e-142		1.2451123e-142		1.4532018e-141		1.4532018e-141		0.0000000e+00
1.3900000e+02		1.4000000e+02		1.3950000e+02		3.1801144e-01		1.0282962e-140		1.5603247e-141		1.7810613e-140		1.7810613e-140		0.0000000e+00
1.4000000e+02		1.4100000e+02		1.4050000e+02		2.7729440e-01		1.2158161e-139		1.8857368e-140		2.1058553e-139		2.1058553e-139		0.0000000e+00
1.4100000e+02		1.4200000e+02		1.4150000e+02		1.3359910e-01		1.3878603e-138		2.1995895e-139		2.4038446e-138		2.4038446e-138		0.0000000e+00
1.4200000e+02		1.4300000e+02		1.4250000e+02		1.4479671e-01		1.5306438e-137		2.4781165e-138		2.6511528e-137		2.6511528e-137		0.0000000e+00
1.4300000e+02		1.4400000e+02		1.4350000e+02		1.6064305e-01		1.6321734e-136		2.6985920e-137		2.8270073e-136		2.8270073e-136		0.0000000e+00
1.4400000e+02		1.4500000e+02		1.4450000e+02		1.5363637e-01		1.6839410e-135		2.8424679e-136		2.9166714e-135		2.9166714e-135		0.0000000e+00
1.4500000e+02		1.4600000e+02		1.4550000e+02		1.6382583e-01		1.6821009e-134		2.8979809e-135		2.9134842e-134		2.9134842e-134		0.0000000e+00
1.4600000e+02		1.4700000e+02		1.4650000e+02		1.9977093e-01		1.6279083e-133		2.8617242e-134		2.8196198e-133		2.8196198e-133		0.0000000e+00
1.4700000e+02		1.4800000e+02		1.4750000e+02		2.4643334e-01		1.5273580e-132		2.7388921e-133		2.6454616e-132		2.6454616e-132		0.0000000e+00
1.4800000e+02		1.4900000e+02		1.4850000e+02		2.4167300e-01		1.3901368e-131		2.5422133e-132		2.4077875e-131		2.4077875e-131		0.0000000e+00
1.4900000e+02		1.5000000e+02		1.4950000e+02		2.1832777e-01		1.2281330e-130		2.2898491e-131		2.1271888e-130		2.1271888e-130		0.0000000e+00
1.5000000e+02		1.5100000e+02		1.5050000e+02		2.4023073e-01		1.0538113e-129		2.0027199e-130		1.8252547e-129		1.8252547e-129		0.0000000e+00
1.5100000e+02		1.5200000e+02		1.5150000e+02		2.5258505e-01		8.7874198e-129		1.7017891e-129		1.5220257e-128		1.5220257e-128		0.0000000e+00
1.5200000e+02		1.5300000e+02		1.5250000e+02		3.2229547e-01		7.1250171e-128		1.4057579e-128		1.2340892e-127		1.2340892e-127		0.0000000e+00
1.5300000e+02		1.5400000e+02		1.5350000e+02		3.5701286e-01		5.6205010e-127		1.1294709e-127		9.7349933e-127		9.7349933e-127		0.0000000e+00
1.5400000e+02		1.5500000e+02		1.5450000e+02		9.5486931e-01		4.3157977e-126		8.8314838e-127		7.4751810e-126		7.4751810e-126		0.0000000e+00
1.5500000e+02		1.5600000e+02		1.5550000e+02		7.8587524e-01		3.2275309e-125		6.7238030e-126		5.5902476e-125		5.5902476e-125		0.0000000e+00
1.5600000e+02		1.5700000e+02		1.5650000e+02		4.6648084e-01		2.3519256e-124		4.9870261e-125		4.0736546e-124		4.0736546e-124		0.0000000e+00
1.5700000e+02		1.5800000e+02		1.5750000e+02		4.2309893e-01		1.6708429e-123		3.6052044e-124		2.8939848e-123		2.8939848e-123		0.0000000e+00
1.5800000e+02		1.5900000e+02		1.5850000e+02		3.9008072e-01		1.1577533e-122		2.5415071e-123		2.0052876e-122		2.0052876e-122		0.0000000e+00
1.5900000e+02		1.6000000e+02		1.5950000e+02		3.8042347e-01		7.8283283e-122		1.7479650e-122		1.3559062e-121		1.3559062e-121		0.0000000e+00
1.6000000e+02		1.6100000e+02		1.6050000e+02		4.1635449e-01		5.1676594e-121		1.1734217e-121		8.9506487e-121		8.9506487e-121		0.0000000e+00
1.6100000e+02		1.6200000e+02		1.6150000e+02		4.7164413e-01		3.3318455e-120		7.6922129e-121		5.7709257e-120		5.7709257e-120		0.0000000e+00
1.6200000e+02		1.6300000e+02		1.6250000e+02		5.2241459e-01		2.0990906e-119		4.9262545e-120		3.6357315e-119		3.6357315e-119		0.0000000e+00
1.6300000e+02		1.6400000e+02		1.6350000e+02		1.1072121e+00		1.2927598e-118		3.0834442e-119		2.2391256e-118		2.2391256e-118		0.0000000e+00
1.6400000e+02		1.6500000e+02		1.6450000e+02		1.1323318e+00		7.7861943e-118		1.8870787e-118		1.3486084e-117		1.3486084e-117		0.0000000e+00
1.6500000e+02		1.6600000e+02		1.6550000e+02		1.3255566e+00		4.5880578e-117		1.1296900e-117		7.9467493e-117		7.9467493e-117		0.0000000e+00
1.6600000e+02		1.6700000e+02		1.6650000e+02		6.2522883e-01		2.6460669e-116		6.6178165e-117		4.5831224e-116		4.5831224e-116		0.0000000e+00
1.6700000e+02		1.6800000e+02		1.6750000e+02		6.6723830e-01		1.4942004e-115		3.7951096e-116		2.5880309e-115		2.5880309e-115		0.0000000e+00
1.6800000e+02		1.6900000e+02		1.6850000e+02		7.1904320e-01		8.2644828e-115		2.1313697e-115		1.4314504e-114		1.4314504e-114		0.0000000e+00
1.6900000e+02		1.7000000e+02		1.6950000e+02		9.0554889e-01		4.4790145e-114		1.1726551e-114		7.7578806e-114		7.7578806e-114		0.0000000e+00
1.7000000e+02		1.7100000e+02		1.7050000e+02		1.0161854e+00		2.3793796e-113		6.3230389e-114		4.1212064e-113		4.1212064e-113		0.0000000e+00
1.7100000e+02		1.7200000e+02		1.7150000e+02		1.0130704e+00		1.2394026e-112		3.3425307e-113		2.1467083e-112		2.1467083e-112		0.0000000e+00
1.7200000e+02		1.7300000e+02		1.7250000e+02		1.0571150e+00		6.3325292e-112		1.7328847e-112		1.0968262e-111		1.0968262e-111		0.0000000e+00
1.7300000e+02		1.7400000e+02		1.7350000e+02		1.0479596e+00		3.1747055e-111		8.8136475e-112		5.4987512e-111		5.4987512e-111		0.0000000e+00
1.7400000e+02		1.7500000e+02		1.7450000e+02		1.2530722e+00		1.5621875e-110		4.3992301e-111		2.7057882e-110		2.7057882e-110		0.0000000e+00
1.7500000e+02		1.7600000e+02		1.7550000e+02		1.4954862e+00		7.5474903e-110		2.1557054e-110		1.3072637e-109		1.3072637e-109		0.0000000e+00
1.7600000e+02		1.7700000e+02		1.7650000e+02		1.6135596e+00		3.5813874e-109		1.0373015e-109		6.2031449e-109		6.2031449e-109		0.0000000e+00
1.7700000e+02		1.7800000e+02		1.7750000e+02		1.9010195e+00		1.6695882e-108		4.9031315e-109		2.8918116e-108		2.8918116e-108		0.0000000e+00
1.7800000e+02		1.7900000e+02		1.7850000e+02		2.0776624e+00		7.6490274e-108		2.2773342e-108		1.3248504e-107		1.3248504e-107		0.0000000e+00
1.7900000e+02		1.8000000e+02		1.7950000e+02		2.0198657e+00		3.4448162e-107		1.0397002e-107		5.9665966e-107		5.9665966e-107		0.0000000e+00
1.8000000e+02		1.8100000e+02		1.8050000e+02		2.4976225e+00		1.5255129e-106		4.6668384e-107		2.6422659e-106		2.6422659e-106		0.0000000e+00
1.8100000e+02		1.8200000e+02		1.8150000e+02		3.0410490e+00		6.6446318e-106		2.0602975e-106		1.1508840e-105		1.1508840e-105		0.0000000e+00
1.8200000e+02		1.8300000e+02		1.8250000e+02		2.8073836e+00		2.8473174e-105		8.9502024e-106		4.9316983e-105		4.9316983e-105		0.0000000e+00
1.8300000e+02		1.8400000e+02		1.8350000e+02		2.9562417e+00		1.2008039e-104		3.8244535e-105		2.0798534e-104		2.0798534e-104		0.0000000e+00
1.8400000e+02		1.8500000e+02		1.8450000e+02		2.5409769e+00		4.9842661e-104		1.6099509e-104		8.6330021e-104		8.6330021e-104		0.0000000e+00
1.8500000e+02		1.8600000e+02		1.8550000e+02		2.8735562e+00		2.0373961e-103		6.6652521e-104		3.5288735e-103		3.5288735e-103		0.0000000e+00
1.8600000e+02		1.8700000e+02		1.8650000e+02		3.2604304e+00		8.1992907e-103		2.7230568e-103		1.4201588e-102		1.4201588e-102		0.0000000e+00
1.8700000e+02		1.8800000e+02		1.8750000e+02		3.6946466e+00		3.2516063e-102		1.0937377e-102		5.6319473e-102		5.6319473e-102		0.0000000e+00
1.8800000e+02		1.8900000e+02		1.8850000e+02		3.8870616e+00		1.2698268e-101		4.3436750e-102		2.1994045e-101		2.1994045e-101		0.0000000e+00
1.8900000e+02		1.9000000e+02		1.8950000e+02		4.3106081e+00		4.8899249e-101		1.6948699e-101		8.4695983e-101		8.4695983e-101		0.0000000e+00
1.9000000e+02		1.9100000e+02		1.9050000e+02		4.4384288e+00		1.8546141e-100		6.5527685e-101		3.2122858e-100		3.2122858e-100		0.0000000e+00
1.9100000e+02		1.9200000e+02		1.9150000e+02		4.8094361e+00		6.9373575e-100		2.4941575e-100		1.2015856e-99		1.2015856e-99		0.0000000e+00
1.9200000e+02		1.9300000e+02		1.9250000e+02		5.0365493e+00		2.5588045e-99		9.3705127e-100		4.4319793e-99		4.4319793e-99		0.0000000e+00
1.9300000e+02		1.9400000e+02		1.9350000e+02		3.8447944e+00		9.3001247e-99		3.4921540e-99		1.6108288e-98		1.6108288e-98		0.0000000e+00
1.9400000e+02		1.9500000e+02		1.9450000e+02		6.1679797e+00		3.3357015e-98		1.2822396e-98		5.7776045e-98		5.7776045e-98		0.0000000e+00
1.9500000e+02		1.9600000e+02		1.9550000e+02		5.9528271e+00		1.1770895e-97		4.7156761e-98		2.0387789e-97		2.0387789e-97		0.0000000e+00
1.9600000e+02		1.9700000e+02		1.9650000e+02		6.5508102e+00		4.1041913e-97		1.7008129e-97		7.1086678e-97		7.1086678e-97		0.0000000e+00
1.9700000e+02		1.9800000e+02		1.9750000e+02		6.5190955e+00		1.4089031e-96		6.1236436e-97		2.4402918e-96		2.4402918e-96		0.0000000e+00
1.9800000e+02		1.9900000e+02		1.9850000e+02		6.3883794e+00		4.7411508e-96		2.2353192e-96		8.2119141e-96		8.2119141e-96		0.0000000e+00
1.9900000e+02		2.0000000e+02		1.9950000e+02		6.7274707e+00		1.5655013e-95		8.1788107e-96		2.7115278e-95		2.7115278e-95		7.5700902e-305
2.0000000e+02		2.0100000e+02		2.0050000e+02		7.1125146e+00		5.0574981e-95		3.0048972e-95		8.7598436e-95		8.7598436e-95		4.7704891e-217
2.0100000e+02		2.0200000e+02		2.0150000e+02		7.5701275e+00		6.1957116e-39		1.9847457e-36		1.0731287e-38		1.0731287e-38		6.6916258e-120
2.0200000e+02		2.0300000e+02		2.0250000e+02		7.4828608e+00		2.1226863e-30		2.3758311e-28		3.6766005e-30		3.6766005e-30		3.9032285e-109
2.0300000e+02		2.0400000e+02		2.0350000e+02		8.0092047e+00		1.3123500e-14		2.3744443e-13		2.2730568e-14		2.2730568e-14		2.9450589e-94
2.0400000e+02		2.0500000e+02		2.0450000e+02		8.6207445e+00		4.3462537e-03		3.1560366e-02		7.5279322e-03		7.5279322e-03		7.7040307e-88
2.0500000e+02		2.0600000e+02		2.0550000e+02		8.6400754e+00		4.7993126e-03		3.4460085e-02		8.3126533e-03		8.3126533e-03		6.5219815e-86
2.0600000e+02		2.0700000e+02		2.0650000e+02		8.6510225e+00		5.2803611e-03		3.7494115e-02		9.1458537e-03		9.1458537e-03		4.8816918e-84
2.0700000e+02		2.0800000e+02		2.0750000e+02		9.3957826e+00		6.2855882e-03		4.4142625e-02		1.0886958e-02		1.0886958e-02		3.5219682e-82
2.0800000e+02		2.0900000e+02		2.0850000e+02		1.0163489e+01		7.4334753e-03		5.1637618e-02		1.2875157e-02		1.2875157e-02		2.2575827e-80
2.0900000e+02		2.1000000e+02		2.0950000e+02		1.3129215e+01		1.0473193e-02		7.1972010e-02		1.8140103e-02		1.8140103e-02		1.5474318e-78
2.1000000e+02		2.1100000e+02		2.1050000e+02		1.6183343e+01		1.4047191e-02		9.5506140e-02		2.4330449e-02		2.4330449e-02		9.0949137e-77
2.1100000e+02		2.1200000e+02		2.1150000e+02		1.8424170e+01		1.7362528e-02		1.1680408e-01		3.0072781e-02		3.0072781e-02		4.4521057e-75
2.1200000e+02		2.1300000e+02		2.1250000e+02		1.6428561e+01		1.6771936e-02		1.1165457e-01		2.9049845e-02		2.9049845e-02		1.5443997e-73
2.1300000e+02		2.1400000e+02		2.1350000e+02		1.6737981e+01		1.8472731e-02		1.2170731e-01		3.1995708e-02		3.1995708e-02		5.5561473e-72
2.1400000e+02		2.1500000e+02		2.1450000e+02		2.1432541e+01		2.5518874e-02		1.6641116e-01		4.4199986e-02		4.4199986e-02		2.2872960e-70
2.1500000e+02		2.1600000e+02		2.1550000e+02		1.8408135e+01		2.3599434e-02		1.5233514e-01		4.0875418e-02		4.0875418e-02		5.7675938e-69
2.1600000e+02		2.1700000e+02		2.1650000e+02		1.7036901e+01		2.3472435e-02		1.4999459e-01		4.0655450e-02		4.0655450e-02		1.4352001e-67
2.1700000e+02		2.1800000e+02		2.1750000e+02		1.7640866e+01		2.6071240e-02		1.6494480e-01		4.5156713e-02		4.5156713e-02		3.6692400e-66
2.1800000e+02		2.1900000e+02		2.1850000e+02		2.3730294e+01		3.7552893e-02		2.3524459e-01		6.5043519e-02		6.5043519e-02		1.1221324e-64
2.1900000e+02		2.2000000e+02		2.1950000e+02		2.5052511e+01		4.2377875e-02		2.6287772e-01		7.3400633e-02		7.3400633e-02		2.4862187e-63
2.2000000e+02		2.2100000e+02		2.2050000e+02		2.5203754e+01		4.5496073e-02		2.7948931e-01		7.8801509e-02		7.8801509e-02		4.8577217e-62
2.2100000e+02		2.2200000e+02		2.2150000e+02		2.0176768e+01		3.8804078e-02		2.3609295e-01		6.7210635e-02		6.7210635e-02		7.0058956e-61
2.2200000e+02		2.2300000e+02		2.2250000e+02		2.7154039e+01		5.5551532e-02		3.3477504e-01		9.6218075e-02		9.6218075e-02		1.5792541e-59
2.2300000e+02		2.2400000e+02		2.2350000e+02		3.5163062e+01		7.6405478e-02		4.5610969e-01		1.3233817e-01		1.3233817e-01		3.1917603e-58
2.2400000e+02		2.2500000e+02		2.2450000e+02		3.2875934e+01		7.5762349e-02		4.4804515e-01		1.3122424e-01		1.3122424e-01		4.3490508e-57
2.2500000e+02		2.2600000e+02		2.2550000e+02		2.8720078e+01		7.0093862e-02		4.1068336e-01		1.2140613e-01		1.2140613e-01		5.1810166e-56
2.2600000e+02		2.2700000e+02		2.2650000e+02		2.1037217e+01		5.4300368e-02		3.1522693e-01		9.4050997e-02		9.4050997e-02		4.8521283e-55
2.2700000e+02		2.2800000e+02		2.2750000e+02		2.0463841e+01		5.5788122e-02		3.2091485e-01		9.6627861e-02		9.6627861e-02		5.6686595e-54
2.2800000e+02		2.2900000e+02		2.2850000e+02		2.8509984e+01		8.1984153e-02		4.6734665e-01		1.4200072e-01		1.4200072e-01		8.9264027e-53
2.2900000e+02		2.3000000e+02		2.2950000e+02		2.5620938e+01		7.7617965e-02		4.3849610e-01		1.3443826e-01		1.3443826e-01		8.5481734e-52
2.3000000e+02		2.3100000e+02		2.3050000e+02		2.9055844e+01		9.2620698e-02		5.1860705e-01		1.6042375e-01		1.6042375e-01		9.7560075e-51
2.3100000e+02		2.3200000e+02		2.3150000e+02		2.7387429e+01		9.1753517e-02		5.0922785e-01		1.5892175e-01		1.5892175e-01		8.7545678e-50
2.3200000e+02		2.3300000e+02		2.3250000e+02		2.9413108e+01		1.0344627e-01		5.6910850e-01		1.7917420e-01		1.7917420e-01		8.4811030e-49
2.3300000e+02		2.3400000e+02		2.3350000e+02		2.6543685e+01		9.7894589e-02		5.3390132e-01		1.6955840e-01		1.6955840e-01		6.5517669e-48
2.3400000e+02		2.3500000e+02		2.3450000e+02		2.3194371e+01		8.9606530e-02		4.8450129e-01		1.5520306e-01		1.5520306e-01		4.6577487e-47
2.3500000e+02		2.3600000e+02		2.3550000e+02		3.1223226e+01		1.2622488e-01		6.7668055e-01		2.1862790e-01		2.1862790e-01		4.8552081e-46
2.3600000e+02		2.3700000e+02		2.3650000e+02		2.8911473e+01		1.2218337e-01		6.4947791e-01		2.1162780e-01		2.1162780e-01		3.3180818e-45
2.3700000e+02		2.3800000e+02		2.3750000e+02		3.0878004e+01		1.3628370e-01		7.1835560e-01		2.3605029e-01		2.3605029e-01		2.4962711e-44
2.3800000e+02		2.3900000e+02		2.3850000e+02		2.5598090e+01		1.1788169e-01		6.1618988e-01		2.0417707e-01		2.0417707e-01		1.3931081e-43
2.3900000e+02		2.4000000e+02		2.3950000e+02		2.7890834e+01		1.3389007e-01		6.9409389e-01		2.3190440e-01		2.3190440e-01		9.7776185e-43
2.4000000e+02		2.4100000e+02		2.4050000e+02		2.5623038e+01		1.2810965e-01		6.5869142e-01		2.2189242e-01		2.2189242e-01		5.5435650e-42
2.4100000e+02		2.4200000e+02		2.4150000e+02		3.0005079e+01		1.5611281e-01		7.9615449e-01		2.7039531e-01		2.7039531e-01		3.8428071e-41
2.4200000e+02		2.4300000e+02		2.4250000e+02		4.1301739e+01		2.2343146e-01		1.1302898e+00		3.8699465e-01		3.8699465e-01		3.0069398e-40
2.4300000e+02		2.4400000e+02		2.4350000e+02		3.8791639e+01		2.1802043e-01		1.0941001e+00		3.7762247e-01		3.7762247e-01		1.5434296e-39
2.4400000e+02		2.4500000e+02		2.4450000e+02		3.6329084e+01		2.1196210e-01		1.0552609e+00		3.6712913e-01		3.6712913e-01		7.6024404e-39
2.4500000e+02		2.4600000e+02		2.4550000e+02		2.9476122e+01		1.7839837e-01		8.8117346e-01		3.0899505e-01		3.0899505e-01		3.1255684e-38
2.4600000e+02		2.4700000e+02		2.4650000e+02		2.8685918e+01		1.7996507e-01		8.8197129e-01		3.1170865e-01		3.1170865e-01		1.4863981e-37
2.4700000e+02		2.4800000e+02		2.4750000e+02		3.1678139e+01		2.0585905e-01		1.0010562e+00		3.5655834e-01		3.5655834e-01		7.7429410e-37
2.4800000e+02		2.4900000e+02		2.4850000e+02		2.5406301e+01		1.7090075e-01		8.2467148e-01		2.9600878e-01		2.9600878e-01		2.8304188e-36
2.4900000e+02		2.5000000e+02		2.4950000e+02		3.0967514e+01		2.1548230e-01		1.0318656e+00		3.7322629e-01		3.7322629e-01		1.5207563e-35
2.5000000e+02		2.5100000e+02		2.5050000e+02		3.3448743e+01		2.4060638e-01		1.1434547e+00		4.1674247e-01		4.1674247e-01		7.0088015e-35
2.5100000e+02		2.5200000e+02		2.5150000e+02		2.7888154e+01		2.0725121e-01		9.7754041e-01		3.5896962e-01		3.5896962e-01		2.4156503e-34
2.5200000e+02		2.5300000e+02		2.5250000e+02		2.5069906e+01		1.9236062e-01		9.0054387e-01		3.3317836e-01		3.3317836e-01		8.7040223e-34
2.5300000e+02		2.5400000e+02		2.5350000e+02		3.1592540e+01		2.5013723e-01		1.1623666e+00		4.3325039e-01		4.3325039e-01		4.2663654e-33
2.5400000e+02		2.5500000e+02		2.5450000e+02		3.5730773e+01		2.9175509e-01		1.3458111e+00		5.0533464e-01		5.0533464e-01		1.8227008e-32
2.5500000e+02		2.5600000e+02		2.5550000e+02		4.8755658e+01		4.1033889e-01		1.8790304e+00		7.1072781e-01		7.1072781e-01		9.1310416e-32
2.5600000e+02		2.5700000e+02		2.5650000e+02		6.2803876e+01		5.4451816e-01		2.4754450e+00		9.4313312e-01		9.4313312e-01		4.1999808e-31
2.5700000e+02		2.5800000e+02		2.5750000e+02		7.8843355e+01		7.0383831e-01		3.1767843e+00		1.2190837e+00		1.2190837e+00		1.8325025e-30
2.5800000e+02		2.5900000e+02		2.5850000e+02		8.2991293e+01		7.6243463e-01		3.4167662e+00		1.3205755e+00		1.3205755e+00		6.5295732e-30
2.5900000e+02		2.6000000e+02		2.5950000e+02		7.0629481e+01		6.6742933e-01		2.9698839e+00		1.1560215e+00		1.1560215e+00		1.8333963e-29
2.6000000e+02		2.6100000e+02		2.6050000e+02		5.7868388e+01		5.6221588e-01		2.4841757e+00		9.7378647e-01		9.7378647e-01		4.8334698e-29
2.6100000e+02		2.6200000e+02		2.6150000e+02		5.9092703e+01		5.8998013e-01		2.5887191e+00		1.0218756e+00		1.0218756e+00		1.5498952e-28
2.6200000e+02		2.6300000e+02		2.6250000e+02		7.0528613e+01		7.2329580e-01		3.1517730e+00		1.2527851e+00		1.2527851e+00		5.6722386e-28
2.6300000e+02		2.6400000e+02		2.6350000e+02		1.0614195e+02		1.1176240e+00		4.8366990e+00		1.9357815e+00		1.9357815e+00		2.5575622e-27
2.6400000e+02		2.6500000e+02		2.6450000e+02		1.6548208e+02		1.7882744e+00		7.6864287e+00		3.0973822e+00		3.0973822e+00		1.1679388e-26
2.6500000e+02		2.6600000e+02		2.6550000e+02		1.7356948e+02		1.9242121e+00		8.2149136e+00		3.3328331e+00		3.3328331e+00		3.5099122e-26
2.6600000e+02		2.6700000e+02		2.6650000e+02		1.6826276e+02		1.9128942e+00		8.1119078e+00		3.3132299e+00		3.3132299e+00		9.5416947e-26
2.6700000e+02		2.6800000e+02		2.6750000e+02		1.6940220e+02		1.9741371e+00		8.3159824e+00		3.4193058e+00		3.4193058e+00		2.6379215e-25
2.6800000e+02		2.6900000e+02		2.6850000e+02		1.6778062e+02		2.0035130e+00		8.3840647e+00		3.4701864e+00		3.4701864e+00		7.0291642e-25
2.6900000e+02		2.7000000e+02		2.6950000e+02		1.5737310e+02		1.9249277e+00		8.0024858e+00		3.3340726e+00		3.3340726e+00		1.7387711e-24
2.7000000e+02		2.7100000e+02		2.7050000e+02		1.8181465e+02		2.2771534e+00		9.4052963e+00		3.9441454e+00		3.9441454e+00		5.1955606e-24
2.7100000e+02		2.7200000e+02		2.7150000e+02		1.5108640e+02		1.9369507e+00		7.9485877e+00		3.3548970e+00		3.3548970e+00		1.0956375e-23
2.7200000e+02		2.7300000e+02		2.7250000e+02		1.2154404e+02		1.5944508e+00		6.5012231e+00		2.7616697e+00		2.7616697e+00		2.1956263e-23
2.7300000e+02		2.7400000e+02		2.7350000e+02		1.2960124e+02		1.7391193e+00		7.0460721e+00		3.0122430e+00		3.0122430e+00		5.7273709e-23
2.7400000e+02		2.7500000e+02		2.7450000e+02		8.9183780e+01		1.2238025e+00		4.9270142e+00		2.1196882e+00		2.1196882e+00		9.4728395e-23
2.7500000e+02		2.7600000e+02		2.7550000e+02		1.1893609e+02		1.6684401e+00		6.6751145e+00		2.8898231e+00		2.8898231e+00		2.9844550e-22
2.7600000e+02		2.7700000e+02		2.7650000e+02		1.6564211e+02		2.3747021e+00		9.4417733e+00		4.1131046e+00		4.1131046e+00		9.6553006e-22
2.7700000e+02		2.7800000e+02		2.7750000e+02		1.5837296e+02		2.3197130e+00		9.1663327e+00		4.0178609e+00		4.0178609e+00		2.1094981e-21
2.7800000e+02		2.7900000e+02		2.7850000e+02		1.0921797e+02		1.6339511e+00		6.4170841e+00		2.8300864e+00		2.8300864e+00		3.2713176e-21
2.7900000e+02		2.8000000e+02		2.7950000e+02		6.1368404e+01		9.3747930e-01		3.6594679e+00		1.6237618e+00		1.6237618e+00		4.0690588e-21
2.8000000e+02		2.8100000e+02		2.8050000e+02		6.7313201e+01		1.0497173e+00		4.0729242e+00		1.8181637e+00		1.8181637e+00		9.7301421e-21
2.8100000e+02		2.8200000e+02		2.8150000e+02		1.3943196e+02		2.2190964e+00		8.5587003e+00		3.8435877e+00		3.8435877e+00		4.3286722e-20
2.8200000e+02		2.8300000e+02		2.8250000e+02		1.8983287e+02		3.0825945e+00		1.1818587e+01		5.3392103e+00		5.3392103e+00		1.2473580e-19
2.8300000e+02		2.8400000e+02		2.8350000e+02		1.9610227e+02		3.2482621e+00		1.2380479e+01		5.6261551e+00		5.6261551e+00		2.6886237e-19
2.8400000e+02		2.8500000e+02		2.8450000e+02		1.4459284e+02		2.4424956e+00		9.2550112e+00		4.2305265e+00		4.2305265e+00		4.0790949e-19
2.8500000e+02		2.8600000e+02		2.8550000e+02		9.2944992e+01		1.6007715e+00		6.0304357e+00		2.7726176e+00		2.7726176e+00		5.3222280e-19
2.8600000e+02		2.8700000e+02		2.8650000e+02		1.9045522e+02		3.3435897e+00		1.2523560e+01		5.7912672e+00		5.7912672e+00		2.1843724e-18
2.8700000e+02		2.8800000e+02		2.8750000e+02		2.2108403e+02		3.9554610e+00		1.4730808e+01		6.8510595e+00		6.8510595e+00		5.0130709e-18
2.8800000e+02		2.8900000e+02		2.8850000e+02		2.1010240e+02		3.8299732e+00		1.4182697e+01		6.6337081e+00		6.6337081e+00		9.2996042e-18
2.8900000e+02		2.9000000e+02		2.8950000e+02		3.1885068e+02		5.9208593e+00		2.1802203e+01		1.0255229e+01		1.0255229e+01		2.7208636e-17
2.9000000e+02		2.9100000e+02		2.9050000e+02		4.1860542e+02		7.9167123e+00		2.8988905e+01		1.3712148e+01		1.3712148e+01		6.8034576e-17
2.9100000e+02		2.9200000e+02		2.9150000e+02		4.0318642e+02		7.7642711e+00		2.8273369e+01		1.3448112e+01		1.3448112e+01		1.2333139e-16
2.9200000e+02		2.9300000e+02		2.9250000e+02		3.5818014e+02		7.0220733e+00		2.5430251e+01		1.2162588e+01		1.2162588e+01		2.0382842e-16
2.9300000e+02		2.9400000e+02		2.9350000e+02		3.7393440e+02		7.4618181e+00		2.6875513e+01		1.2924248e+01		1.2924248e+01		3.9139746e-16
2.9400000e+02		2.9500000e+02		2.9450000e+02		3.4819581e+02		7.0709291e+00		2.5329910e+01		1.2247208e+01		1.2247208e+01		6.6294673e-16
2.9500000e+02		2.9600000e+02		2.9550000e+02		3.7701055e+02		7.7898728e+00		2.7755607e+01		1.3492456e+01		1.3492456e+01		1.2915760e-15
2.9600000e+02		2.9700000e+02		2.9650000e+02		3.4493460e+02		7.2503612e+00		2.5695744e+01		1.2557994e+01		1.2557994e+01		2.1037644e-15
2.9700000e+02		2.9800000e+02		2.9750000e+02		3.5165811e+02		7.5181922e+00		2.6504161e+01		1.3021891e+01		1.3021891e+01		3.7788370e-15
2.9800000e+02		2.9900000e+02		2.9850000e+02		3.0223333e+02		6.5709878e+00		2.3043485e+01		1.1381285e+01		1.1381285e+01		5.6641961e-15
2.9900000e+02		3.0000000e+02		2.9950000e+02		3.4101318e+02		7.5384541e+00		2.6298700e+01		1.3056986e+01		1.3056986e+01		1.1035768e-14
3.0000000e+02		3.0100000e+02		3.0050000e+02		2.7131061e+02		6.0971890e+00		2.1160877e+01		1.0560641e+01		1.0560641e+01		1.5014256e-14
3.0100000e+02		3.0200000e+02		3.0150000e+02		3.1202593e+02		7.1274768e+00		2.4609867e+01		1.2345152e+01		1.2345152e+01		2.9247881e-14
3.0200000e+02		3.0300000e+02		3.0250000e+02		3.2846528e+02		7.6251582e+00		2.6194435e+01		1.3207161e+01		1.3207161e+01		5.1666556e-14
3.0300000e+02		3.0400000e+02		3.0350000e+02		4.2601061e+02		1.0049109e+01		3.4347224e+01		1.7405567e+01		1.7405567e+01		1.1142755e-13
3.0400000e+02		3.0500000e+02		3.0450000e+02		4.0776836e+02		9.7724469e+00		3.3234442e+01		1.6926375e+01		1.6926375e+01		1.7577541e-13
3.0500000e+02		3.0600000e+02		3.0550000e+02		4.1174793e+02		1.0023980e+01		3.3920573e+01		1.7362042e+01		1.7362042e+01		2.8996868e-13
3.0600000e+02		3.0700000e+02		3.0650000e+02		3.9053943e+02		9.6567332e+00		3.2516815e+01		1.6725953e+01		1.6725953e+01		4.4549404e-13
3.0700000e+02		3.0800000e+02		3.0750000e+02		4.3847484e+02		1.1010462e+01		3.6893918e+01		1.9070679e+01		1.9070679e+01		8.0341462e-13
3.0800000e+02		3.0900000e+02		3.0850000e+02		4.3035211e+02		1.0972876e+01		3.6589614e+01		1.9005579e+01		1.9005579e+01		1.2562430e-12
3.0900000e+02		3.1000000e+02		3.0950000e+02		3.4901328e+02		9.0347376e+00		2.9981786e+01		1.5648625e+01		1.5648625e+01		1.6101174e-12
3.1000000e+02		3.1100000e+02		3.1050000e+02		4.3927411e+02		1.1543269e+01		3.8123414e+01		1.9993529e+01		1.9993529e+01		3.1776110e-12
3.1100000e+02		3.1200000e+02		3.1150000e+02		5.2246540e+02		1.3935227e+01		4.5805149e+01		2.4136522e+01		2.4136522e+01		5.8806666e-12
3.1200000e+02		3.1300000e+02		3.1250000e+02		4.6521908e+02		1.2592795e+01		4.1197972e+01		2.1811361e+01		2.1811361e+01		8.0863705e-12
3.1300000e+02		3.1400000e+02		3.1350000e+02		4.9544367e+02		1.3608582e+01		4.4313504e+01		2.3570755e+01		2.3570755e+01		1.3201048e-11
3.1400000e+02		3.1500000e+02		3.1450000e+02		4.6729179e+02		1.3022896e+01		4.2210091e+01		2.2556317e+01		2.2556317e+01		1.8948579e-11
3.1500000e+02		3.1600000e+02		3.1550000e+02		4.5343123e+02		1.2819751e+01		4.1360868e+01		2.2204460e+01		2.2204460e+01		2.7784027e-11
3.1600000e+02		3.1700000e+02		3.1650000e+02		4.4229406e+02		1.2684603e+01		4.0738405e+01		2.1970377e+01		2.1970377e+01		4.0669937e-11
3.1700000e+02		3.1800000e+02		3.1750000e+02		5.6102832e+02		1.6319166e+01		5.2174444e+01		2.8265624e+01		2.8265624e+01		7.6890073e-11
3.1800000e+02		3.1900000e+02		3.1850000e+02		4.6340678e+02		1.3670162e+01		4.3509272e+01		2.3677416e+01		2.3677416e+01		9.4031900e-11
3.1900000e+02		3.2000000e+02		3.1950000e+02		4.9774832e+02		1.4889181e+01		4.7178338e+01		2.5788818e+01		2.5788818e+01		1.4856349e-10
3.2000000e+02		3.2100000e+02		3.2050000e+02		5.7184857e+02		1.7343798e+01		5.4713573e+01		3.0040340e+01		3.0040340e+01		2.4945523e-10
3.2100000e+02		3.2200000e+02		3.2150000e+02		4.8024660e+02		1.4766682e+01		4.6379712e+01		2.5576644e+01		2.5576644e+01		3.0427058e-10
3.2200000e+02		3.2300000e+02		3.2250000e+02		4.8228681e+02		1.5032581e+01		4.7009762e+01		2.6037194e+01		2.6037194e+01		4.4107709e-10
3.2300000e+02		3.2400000e+02		3.2350000e+02		4.6607071e+02		1.4724630e+01		4.5848306e+01		2.5503808e+01		2.5503808e+01		6.1158474e-10
3.2400000e+02		3.2500000e+02		3.2450000e+02		5.4882129e+02		1.7572906e+01		5.4483099e+01		3.0437166e+01		3.0437166e+01		1.0272249e-09
3.2500000e+02		3.2600000e+02		3.2550000e+02		6.3196128e+02		2.0505933e+01		6.3307021e+01		3.5517317e+01		3.5517317e+01		1.6774106e-09
3.2600000e+02		3.2700000e+02		3.2650000e+02		7.1301257e+02		2.3443354e+01		7.2071067e+01		4.0605080e+01		4.0605080e+01		2.6686694e-09
3.2700000e+02		3.2800000e+02		3.2750000e+02		6.8984049e+02		2.2980661e+01		7.0353741e+01		3.9803672e+01		3.9803672e+01		3.6205719e-09
3.2800000e+02		3.2900000e+02		3.2850000e+02		6.6596082e+02		2.2475649e+01		6.8522770e+01		3.8928966e+01		3.8928965e+01		4.8745847e-09
3.2900000e+02		3.3000000e+02		3.2950000e+02		7.7527139e+02		2.6504898e+01		8.0475045e+01		4.5907830e+01		4.5907830e+01		7.8718861e-09
3.3000000e+02		3.3100000e+02		3.3050000e+02		7.3029799e+02		2.5289547e+01		7.6472075e+01		4.3802780e+01		4.3802780e+01		1.0232504e-08
3.3100000e+02		3.3200000e+02		3.3150000e+02		6.9881652e+02		2.4509419e+01		7.3813501e+01		4.2451559e+01		4.2451559e+01		1.3442081e-08
3.3200000e+02		3.3300000e+02		3.3250000e+02		6.8562051e+02		2.4352498e+01		7.3046833e+01		4.2179764e+01		4.2179764e+01		1.8014261e-08
3.3300000e+02		3.3400000e+02		3.3350000e+02		6.5878216e+02		2.3694794e+01		7.0791307e+01		4.1040588e+01		4.1040588e+01		2.3526298e-08
3.3400000e+02		3.3500000e+02		3.3450000e+02		6.9405546e+02		2.5276608e+01		7.5219220e+01		4.3780369e+01		4.3780369e+01		3.3525559e-08
3.3500000e+02		3.3600000e+02		3.3550000e+02		6.8541663e+02		2.5272918e+01		7.4913884e+01		4.3773979e+01		4.3773979e+01		4.4569497e-08
3.3600000e+02		3.3700000e+02		3.3650000e+02		5.6469084e+02		2.1079040e+01		6.2239826e+01		3.6509968e+01		3.6509968e+01		4.9200052e-08
3.3700000e+02		3.3800000e+02		3.3750000e+02		5.9573781e+02		2.2511181e+01		6.6212516e+01		3.8990509e+01		3.8990509e+01		6.9229405e-08
3.3800000e+02		3.3900000e+02		3.3850000e+02		6.4448401e+02		2.4650316e+01		7.2227425e+01		4.2695600e+01		4.2695600e+01		9.9443100e-08
3.3900000e+02		3.4000000e+02		3.3950000e+02		6.7448220e+02		2.6110355e+01		7.6215567e+01		4.5224461e+01		4.5224461e+01		1.3757621e-07
3.4000000e+02		3.4100000e+02		3.4050000e+02		7.1196374e+02		2.7893131e+01		8.1113439e+01		4.8312319e+01		4.8312319e+01		1.9114381e-07
3.4100000e+02		3.4200000e+02		3.4150000e+02		6.4984945e+02		2.5764095e+01		7.4642874e+01		4.4624721e+01		4.4624721e+01		2.2866460e-07
3.4200000e+02		3.4300000e+02		3.4250000e+02		7.0477558e+02		2.8273646e+01		8.1610561e+01		4.8971391e+01		4.8971391e+01		3.2367531e-07
3.4300000e+02		3.4400000e+02		3.4350000e+02		6.9264465e+02		2.8114918e+01		8.0854750e+01		4.8696466e+01		4.8696466e+01		4.1348912e-07
3.4400000e+02		3.4500000e+02		3.4450000e+02		5.5710877e+02		2.2878559e+01		6.5556316e+01		3.9626826e+01		3.9626826e+01		4.3056997e-07
3.4500000e+02		3.4600000e+02		3.4550000e+02		6.7138909e+02		2.7892835e+01		7.9635844e+01		4.8311807e+01		4.8311806e+01		6.6913790e-07
3.4600000e+02		3.4700000e+02		3.4650000e+02		6.5194093e+02		2.7398331e+01		7.7944040e+01		4.7455302e+01		4.7455301e+01		8.3465332e-07
3.4700000e+02		3.4800000e+02		3.4750000e+02		6.4525828e+02		2.7429325e+01		7.7755211e+01		4.7508984e+01		4.7508983e+01		1.0571528e-06
3.4800000e+02		3.4900000e+02		3.4850000e+02		6.6761091e+02		2.8703786e+01		8.1081502e+01		4.9716416e+01		4.9716415e+01		1.3944849e-06
3.4900000e+02		3.5000000e+02		3.4950000e+02		6.3989005e+02		2.7824303e+01		7.8322698e+01		4.8193106e+01		4.8193105e+01		1.6978192e-06
3.5000000e+02		3.5100000e+02		3.5050000e+02		7.6650484e+02		3.3705930e+01		9.4550287e+01		5.8380383e+01		5.8380381e+01		2.5741565e-06
3.5100000e+02		3.5200000e+02		3.5150000e+02		7.1211510e+02		3.1665310e+01		8.8520903e+01		5.4845926e+01		5.4845923e+01		3.0162743e-06
3.5200000e+02		3.5300000e+02		3.5250000e+02		6.5785102e+02		2.9578302e+01		8.2404924e+01		5.1231124e+01		5.1231120e+01		3.5022169e-06
3.5300000e+02		3.5400000e+02		3.5350000e+02		7.5263834e+02		3.4214841e+01		9.5000184e+01		5.9261844e+01		5.9261839e+01		5.0190100e-06
3.5400000e+02		3.5500000e+02		3.5450000e+02		8.0329241e+02		3.6919433e+01		1.0216615e+02		6.3946336e+01		6.3946329e+01		6.6875871e-06
3.5500000e+02		3.5600000e+02		3.5550000e+02		7.5433512e+02		3.5048534e+01		9.6666497e+01		6.0705845e+01		6.0705837e+01		7.8144433e-06
3.5600000e+02		3.5700000e+02		3.5650000e+02		6.5576441e+02		3.0799869e+01		8.4668332e+01		5.3346940e+01		5.3346932e+01		8.4259470e-06
3.5700000e+02		3.5800000e+02		3.5750000e+02		5.7307986e+02		2.7207165e+01		7.4547532e+01		4.7124194e+01		4.7124185e+01		9.1043169e-06
3.5800000e+02		3.5900000e+02		3.5850000e+02		4.9194729e+02		2.3606181e+01		6.4471136e+01		4.0887109e+01		4.0887099e+01		9.6329791e-06
3.5900000e+02		3.6000000e+02		3.5950000e+02		7.1030971e+02		3.4448171e+01		9.3779304e+01		5.9665988e+01		5.9665971e+01		1.7091180e-05
3.6000000e+02		3.6100000e+02		3.6050000e+02		7.0092701e+02		3.4353814e+01		9.3224192e+01		5.9502558e+01		5.9502537e+01		2.0662129e-05
3.6100000e+02		3.6200000e+02		3.6150000e+02		6.5110481e+02		3.2248506e+01		8.7234361e+01		5.5856058e+01		5.5856034e+01		2.3444978e-05
3.6200000e+02		3.6300000e+02		3.6250000e+02		7.3500056e+02		3.6785439e+01		9.9194970e+01		6.3714259e+01		6.3714226e+01		3.2234749e-05
3.6300000e+02		3.6400000e+02		3.6350000e+02		7.1558904e+02		3.6187189e+01		9.7278217e+01		6.2678061e+01		6.2678023e+01		3.8115451e-05
3.6400000e+02		3.6500000e+02		3.6450000e+02		7.4837927e+02		3.8237491e+01		1.0247276e+02		6.6229291e+01		6.6229243e+01		4.8277464e-05
3.6500000e+02		3.6600000e+02		3.6550000e+02		8.5179486e+02		4.3969644e+01		1.1747391e+02		7.6157678e+01		7.6157612e+01		6.6366460e-05
3.6600000e+02		3.6700000e+02		3.6650000e+02		9.1042532e+02		4.7477369e+01		1.2646072e+02		8.2233242e+01		8.2233156e+01		8.5442741e-05
3.6700000e+02		3.6800000e+02		3.6750000e+02		8.7909512e+02		4.6310225e+01		1.2298082e+02		8.0211693e+01		8.0211594e+01		9.9112961e-05
3.6800000e+02		3.6900000e+02		3.6850000e+02		8.1047729e+02		4.3127584e+01		1.1418737e+02		7.4699201e+01		7.4699092e+01		1.0948774e-04
3.6900000e+02		3.7000000e+02		3.6950000e+02		8.9967825e+02		4.8355910e+01		1.2765144e+02		8.3754938e+01		8.3754793e+01		1.4525387e-04
3.7000000e+02		3.7100000e+02		3.7050000e+02		8.4427990e+02		4.5832322e+01		1.2063464e+02		7.9383961e+01		7.9383799e+01		1.6249783e-04
3.7100000e+02		3.7200000e+02		3.7150000e+02		8.7164560e+02		4.7788530e+01		1.2541761e+02		8.2772224e+01		8.2772025e+01		1.9950104e-04
3.7200000e+02		3.7300000e+02		3.7250000e+02		7.2411383e+02		4.0092612e+01		1.0491666e+02		6.9442502e+01		6.9442305e+01		1.9660650e-04
3.7300000e+02		3.7400000e+02		3.7350000e+02		6.3155746e+02		3.5311798e+01		9.2141588e+01		6.1161891e+01		6.1161688e+01		2.0293147e-04
3.7400000e+02		3.7500000e+02		3.7450000e+02		6.4642322e+02		3.6496334e+01		9.4962319e+01		6.3213581e+01		6.3213336e+01		2.4523148e-04
3.7500000e+02		3.7600000e+02		3.7550000e+02		7.4036161e+02		4.2206332e+01		1.0951062e+02		7.3103613e+01		7.3103282e+01		3.3084177e-04
3.7600000e+02		3.7700000e+02		3.7650000e+02		7.6758018e+02		4.4180963e+01		1.1431432e+02		7.6523797e+01		7.6523394e+01		4.0311474e-04
3.7700000e+02		3.7800000e+02		3.7750000e+02		9.0048278e+02		5.2328830e+01		1.3502169e+02		9.0636364e+01		9.0635810e+01		5.5454493e-04
3.7800000e+02		3.7900000e+02		3.7850000e+02		9.3786543e+02		5.5022080e+01		1.4158157e+02		9.5301248e+01		9.5300572e+01		6.7577533e-04
3.7900000e+02		3.8000000e+02		3.7950000e+02		7.6051322e+02		4.5041306e+01		1.1558405e+02		7.8014029e+01		7.8013389e+01		6.3977762e-04
3.8000000e+02		3.8100000e+02		3.8050000e+02		8.2814537e+02		4.9510301e+01		1.2670966e+02		8.5754608e+01		8.5753797e+01		8.1164281e-04
3.8100000e+02		3.8200000e+02		3.8150000e+02		7.4366886e+02		4.4877701e+01		1.1454652e+02		7.7730720e+01		7.7729872e+01		8.4735414e-04
3.8200000e+02		3.8300000e+02		3.8250000e+02		5.3336093e+02		3.2487150e+01		8.2700831e+01		5.6269613e+01		5.6268908e+01		7.0508171e-04
3.8300000e+02		3.8400000e+02		3.8350000e+02		4.7073026e+02		2.8938735e+01		7.3474142e+01		5.0123582e+01		5.0122861e+01		7.2051642e-04
3.8400000e+02		3.8500000e+02		3.8450000e+02		6.2969557e+02		3.9069047e+01		9.8935974e+01		6.7669919e+01		6.7668806e+01		1.1137583e-03
3.8500000e+02		3.8600000e+02		3.8550000e+02		6.6694888e+02		4.1760666e+01		1.0547873e+02		7.2332015e+01		7.2330655e+01		1.3604751e-03
3.8600000e+02		3.8700000e+02		3.8650000e+02		6.6977732e+02		4.2321015e+01		1.0662012e+02		7.3302634e+01		7.3301062e+01		1.5726399e-03
3.8700000e+02		3.8800000e+02		3.8750000e+02		6.6902499e+02		4.2657657e+01		1.0719516e+02		7.3885787e+01		7.3883983e+01		1.8047569e-03
3.8800000e+02		3.8900000e+02		3.8850000e+02		6.7841027e+02		4.3647010e+01		1.0940501e+02		7.5599489e+01		7.5597390e+01		2.0986321e-03
3.8900000e+02		3.9000000e+02		3.8950000e+02		8.1451188e+02		5.2874407e+01		1.3220324e+02		9.1582051e+01		9.1579167e+01		2.8841112e-03
3.9000000e+02		3.9100000e+02		3.9050000e+02		8.5560997e+02		5.6038776e+01		1.3976821e+02		9.7063078e+01		9.7059617e+01		3.4616017e-03
3.9100000e+02		3.9200000e+02		3.9150000e+02		9.2006232e+02		6.0795809e+01		1.5126060e+02		1.0530274e+02		1.0529850e+02		4.2455482e-03
3.9200000e+02		3.9300000e+02		3.9250000e+02		7.0614281e+02		4.7072965e+01		1.1683294e+02		8.1533914e+01		8.1530204e+01		3.7099266e-03
3.9300000e+02		3.9400000e+02		3.9350000e+02		4.3291589e+02		2.9112823e+01		7.2082319e+01		5.0425688e+01		5.0423103e+01		2.5851497e-03
3.9400000e+02		3.9500000e+02		3.9450000e+02		7.1565803e+02		4.8547563e+01		1.1991447e+02		8.4088345e+01		8.4083496e+01		4.8491111e-03
3.9500000e+02		3.9600000e+02		3.9550000e+02		8.7888136e+02		6.0138512e+01		1.4819227e+02		1.0416505e+02		1.0415830e+02		6.7458706e-03
3.9600000e+02		3.9700000e+02		3.9650000e+02		6.0712893e+02		4.1902843e+01		1.0301347e+02		7.2579484e+01		7.2574214e+01		5.2702115e-03
3.9700000e+02		3.9800000e+02		3.9750000e+02		6.8053003e+02		4.7372874e+01		1.1618946e+02		8.2054287e+01		8.2047617e+01		6.6701141e-03
3.9800000e+02		3.9900000e+02		3.9850000e+02		1.0480559e+03		7.3581157e+01		1.8005241e+02		1.2744989e+02		1.2743831e+02		1.1580299e-02
3.9900000e+02		4.0000000e+02		3.9950000e+02		1.1577145e+03		8.1971593e+01		2.0012428e+02		1.4198342e+02		1.4196902e+02		1.4398178e-02
4.0000000e+02		4.0100000e+02		4.0050000e+02		1.1939713e+03		8.5254174e+01		2.0766574e+02		1.4766972e+02		1.4765304e+02		1.6687939e-02
4.0100000e+02		4.0200000e+02		4.0150000e+02		1.2509583e+03		9.0075093e+01		2.1891492e+02		1.5602071e+02		1.5600109e+02		1.9619905e-02
4.0200000e+02		4.0300000e+02		4.0250000e+02		1.2664199e+03		9.1951776e+01		2.2297738e+02		1.5927203e+02		1.5924978e+02		2.2255112e-02
4.0300000e+02		4.0400000e+02		4.0350000e+02		1.2115903e+03		8.8703183e+01		2.1462411e+02		1.5364579e+02		1.5362197e+02		2.3821475e-02
4.0400000e+02		4.0500000e+02		4.0450000e+02		1.1914959e+03		8.7954412e+01		2.1234598e+02		1.5234961e+02		1.5232343e+02		2.6172122e-02
4.0500000e+02		4.0600000e+02		4.0550000e+02		1.1904731e+03		8.8602726e+01		2.1344651e+02		1.5347345e+02		1.5344427e+02		2.9173054e-02
4.0600000e+02		4.0700000e+02		4.0650000e+02		1.1388815e+03		8.5457333e+01		2.0542595e+02		1.4802606e+02		1.4799497e+02		3.1092008e-02
4.0700000e+02		4.0800000e+02		4.0750000e+02		1.1575323e+03		8.7564528e+01		2.1004219e+02		1.5167709e+02		1.5164193e+02		3.5157062e-02
4.0800000e+02		4.0900000e+02		4.0850000e+02		1.2307397e+03		9.3857011e+01		2.2466000e+02		1.6257796e+02		1.6253643e+02		4.1530334e-02
4.0900000e+02		4.1000000e+02		4.0950000e+02		1.2243097e+03		9.4119248e+01		2.2481561e+02		1.6303350e+02		1.6298766e+02		4.5838439e-02
4.1000000e+02		4.1100000e+02		4.1050000e+02		1.1216634e+03		8.6919597e+01		2.0718722e+02		1.5056355e+02		1.5051702e+02		4.6533829e-02
4.1100000e+02		4.1200000e+02		4.1150000e+02		1.3003372e+03		1.0156886e+02		2.4160800e+02		1.7594090e+02		1.7588120e+02		5.9699005e-02
4.1200000e+02		4.1300000e+02		4.1250000e+02		1.2760342e+03		1.0046111e+02		2.3848567e+02		1.7402377e+02		1.7395902e+02		6.4747646e-02
4.1300000e+02		4.1400000e+02		4.1350000e+02		1.2308584e+03		9.7668936e+01		2.3138892e+02		1.6918889e+02		1.6911994e+02		6.8940495e-02
4.1400000e+02		4.1500000e+02		4.1450000e+02		1.2488872e+03		9.9877138e+01		2.3614681e+02		1.7301613e+02		1.7293902e+02		7.7118136e-02
4.1500000e+02		4.1600000e+02		4.1550000e+02		1.2477523e+03		1.0056519e+02		2.3730212e+02		1.7421026e+02		1.7412542e+02		8.4839703e-02
4.1600000e+02		4.1700000e+02		4.1650000e+02		1.2947363e+03		1.0516205e+02		2.4766179e+02		1.8217596e+02		1.8207914e+02		9.6820644e-02
4.1700000e+02		4.1800000e+02		4.1750000e+02		1.1781342e+03		9.6430189e+01		2.2665590e+02		1.6705193e+02		1.6695515e+02		9.6779529e-02
4.1800000e+02		4.1900000e+02		4.1850000e+02		1.2217101e+03		1.0076488e+02		2.3638789e+02		1.7456395e+02		1.7445384e+02		1.1011665e-01
4.1900000e+02		4.2000000e+02		4.1950000e+02		1.2338424e+03		1.0254295e+02		2.4009982e+02		1.7764730e+02		1.7752542e+02		1.2188270e-01
4.2000000e+02		4.2100000e+02		4.2050000e+02		1.2494927e+03		1.0463268e+02		2.4452954e+02		1.8127092e+02		1.8113580e+02		1.3512090e-01
4.2100000e+02		4.2200000e+02		4.2150000e+02		1.2299982e+03		1.0377868e+02		2.4207950e+02		1.7979495e+02		1.7964950e+02		1.4545075e-01
4.2200000e+02		4.2300000e+02		4.2250000e+02		1.1657134e+03		9.9094181e+01		2.3072347e+02		1.7168274e+02		1.7153216e+02		1.5057376e-01
4.2300000e+02		4.2400000e+02		4.2350000e+02		1.2419943e+03		1.0636809e+02		2.4720467e+02		1.8428909e+02		1.8411405e+02		1.7504654e-01
4.2400000e+02		4.2500000e+02		4.2450000e+02		1.2850442e+03		1.1087359e+02		2.5720707e+02		1.9209975e+02		1.9190234e+02		1.9740846e-01
4.2500000e+02		4.2600000e+02		4.2550000e+02		1.2367256e+03		1.0749408e+02		2.4891825e+02		1.8624920e+02		1.8604234e+02		2.0686116e-01
4.2600000e+02		4.2700000e+02		4.2650000e+02		1.2316584e+03		1.0784144e+02		2.4927751e+02		1.8685618e+02		1.8663210e+02		2.2408078e-01
4.2700000e+02		4.2800000e+02		4.2750000e+02		1.1420512e+03		1.0072756e+02		2.3242282e+02		1.7453510e+02		1.7430933e+02		2.2576988e-01
4.2800000e+02		4.2900000e+02		4.2850000e+02		1.1495483e+03		1.0212699e+02		2.3524035e+02		1.7696545e+02		1.7671876e+02		2.4668209e-01
4.2900000e+02		4.3000000e+02		4.2950000e+02		1.0698649e+03		9.5736187e+01		2.2013853e+02		1.6589696e+02		1.6564799e+02		2.4896568e-01
4.3000000e+02		4.3100000e+02		4.3050000e+02		8.6065012e+02		7.7569521e+01		1.7806046e+02		1.3442147e+02		1.3420450e+02		2.1697700e-01
4.3100000e+02		4.3200000e+02		4.3150000e+02		1.0641754e+03		9.6600303e+01		2.2137017e+02		1.6740646e+02		1.6711608e+02		2.9037513e-01
4.3200000e+02		4.3300000e+02		4.3250000e+02		1.1990384e+03		1.0961822e+02		2.5078143e+02		1.8997377e+02		1.8962000e+02		3.5377487e-01
4.3300000e+02		4.3400000e+02		4.3350000e+02		1.3017454e+03		1.1985160e+02		2.7373870e+02		2.0771741e+02		2.0730249e+02		4.1491792e-01
4.3400000e+02		4.3500000e+02		4.3450000e+02		1.1054356e+03		1.0249510e+02		2.3371308e+02		1.7764436e+02		1.7726407e+02		3.8028760e-01
4.3500000e+02		4.3600000e+02		4.3550000e+02		1.2347447e+03		1.1528760e+02		2.6245679e+02		1.9982567e+02		1.9936762e+02		4.5804123e-01
4.3600000e+02		4.3700000e+02		4.3650000e+02		1.3814970e+03		1.2988981e+02		2.9522518e+02		2.2514655e+02		2.2459442e+02		5.5212535e-01
4.3700000e+02		4.3800000e+02		4.3750000e+02		1.2223713e+03		1.1572630e+02		2.6261603e+02		2.0060651e+02		2.0008065e+02		5.2585802e-01
4.3800000e+02		4.3900000e+02		4.3850000e+02		1.1905029e+03		1.1348732e+02		2.5713139e+02		1.9673619e+02		1.9618538e+02		5.5080279e-01
4.3900000e+02		4.4000000e+02		4.3950000e+02		1.3250738e+03		1.2718302e+02		2.8771550e+02		2.2049123e+02		2.1983246e+02		6.5877040e-01
4.4000000e+02		4.4100000e+02		4.4050000e+02		1.2562739e+03		1.2140314e+02		2.7421941e+02		2.1048384e+02		2.0981327e+02		6.7056369e-01
4.4100000e+02		4.4200000e+02		4.4150000e+02		1.3817384e+03		1.3443499e+02		3.0319535e+02		2.3309299e+02		2.3230180e+02		7.9119164e-01
4.4200000e+02		4.4300000e+02		4.4250000e+02		1.4526378e+03		1.4228833e+02		3.2042706e+02		2.4672642e+02		2.4583485e+02		8.9157312e-01
4.4300000e+02		4.4400000e+02		4.4350000e+02		1.4050936e+03		1.3855661e+02		3.1156210e+02		2.4027280e+02		2.3934917e+02		9.2362837e-01
4.4400000e+02		4.4500000e+02		4.4450000e+02		1.4475318e+03		1.4369604e+02		3.2264688e+02		2.4920385e+02		2.4818557e+02		1.0182772e+00
4.4500000e+02		4.4600000e+02		4.4550000e+02		1.3420773e+03		1.3411388e+02		3.0069724e+02		2.3260435e+02		2.3159481e+02		1.0095312e+00
4.4600000e+02		4.4700000e+02		4.4650000e+02		1.3689269e+03		1.3770217e+02		3.0830274e+02		2.3884752e+02		2.3774727e+02		1.1002462e+00
4.4700000e+02		4.4800000e+02		4.4750000e+02		1.4837056e+03		1.5023031e+02		3.3587899e+02		2.6060039e+02		2.5932720e+02		1.2731883e+00
4.4800000e+02		4.4900000e+02		4.4850000e+02		1.4587166e+03		1.4866717e+02		3.3192263e+02		2.5791221e+02		2.5657677e+02		1.3354375e+00
4.4900000e+02		4.5000000e+02		4.4950000e+02		1.4737837e+03		1.5118104e+02		3.3707260e+02		2.6229821e+02		2.6085983e+02		1.4383715e+00
4.5000000e+02		4.5100000e+02		4.5050000e+02		1.5636828e+03		1.6144214e+02		3.5946381e+02		2.8012890e+02		2.7850315e+02		1.6257440e+00
4.5100000e+02		4.5200000e+02		4.5150000e+02		1.5589734e+03		1.6199323e+02		3.6020950e+02		2.8111426e+02		2.7938884e+02		1.7254178e+00
4.5200000e+02		4.5300000e+02		4.5250000e+02		1.4757889e+03		1.5433261e+02		3.4272349e+02		2.6784940e+02		2.6611192e+02		1.7374886e+00
4.5300000e+02		4.5400000e+02		4.5350000e+02		1.4141855e+03		1.4883347e+02		3.3008251e+02		2.5833463e+02		2.5656476e+02		1.7698676e+00
4.5400000e+02		4.5500000e+02		4.5450000e+02		1.5096596e+03		1.5988935e+02		3.5414823e+02		2.7755734e+02		2.7555033e+02		2.0070059e+00
4.5500000e+02		4.5600000e+02		4.5550000e+02		1.4952815e+03		1.5936589e+02		3.5254328e+02		2.7668262e+02		2.7457238e+02		2.1102338e+00
4.5600000e+02		4.5700000e+02		4.5650000e+02		1.5527317e+03		1.6652769e+02		3.6792808e+02		2.8915353e+02		2.8682892e+02		2.3246027e+00
4.5700000e+02		4.5800000e+02		4.5750000e+02		1.5677329e+03		1.6918643e+02		3.7334413e+02		2.9380920e+02		2.9132103e+02		2.4881693e+00
4.5800000e+02		4.5900000e+02		4.5850000e+02		1.4734199e+03		1.5999605e+02		3.5263736e+02		2.7788768e+02		2.7541023e+02		2.4774484e+00
4.5900000e+02		4.6000000e+02		4.5950000e+02		1.5222067e+03		1.6631507e+02		3.6612876e+02		2.8890442e+02		2.8619460e+02		2.7098202e+00
4.6000000e+02		4.6100000e+02		4.6050000e+02		1.5039223e+03		1.6532733e+02		3.6352813e+02		2.8723162e+02		2.8439891e+02		2.8327182e+00
4.6100000e+02		4.6200000e+02		4.6150000e+02		1.5386000e+03		1.7017367e+02		3.7375312e+02		2.9569740e+02		2.9263303e+02		3.0643679e+00
4.6200000e+02		4.6300000e+02		4.6250000e+02		1.5538294e+03		1.7290342e+02		3.7931768e+02		3.0048915e+02		2.9721887e+02		3.2702844e+00
4.6300000e+02		4.6400000e+02		4.6350000e+02		1.5018384e+03		1.6812927e+02		3.6843243e+02		2.9224108e+02		2.8890293e+02		3.3381496e+00
4.6400000e+02		4.6500000e+02		4.6450000e+02		1.5281564e+03		1.7210527e+02		3.7673130e+02		2.9920408e+02		2.9561909e+02		3.5849885e+00
4.6500000e+02		4.6600000e+02		4.6550000e+02		1.4760608e+03		1.6723351e+02		3.6567210e+02		2.9078685e+02		2.8713425e+02		3.6525994e+00
4.6600000e+02		4.6700000e+02		4.6650000e+02		1.4854121e+03		1.6929542e+02		3.6978794e+02		2.9442698e+02		2.9055202e+02		3.8749539e+00
4.6700000e+02		4.6800000e+02		4.6750000e+02		1.4997486e+03		1.7194223e+02		3.7517775e+02		2.9908779e+02		2.9496580e+02		4.1219924e+00
4.6800000e+02		4.6900000e+02		4.6850000e+02		1.4665907e+03		1.6913189e+02		3.6866767e+02		2.9425803e+02		2.9001361e+02		4.2444115e+00
4.6900000e+02		4.7000000e+02		4.6950000e+02		1.5086728e+03		1.7500518e+02		3.8108644e+02		3.0453929e+02		2.9994437e+02		4.5949143e+00
4.7000000e+02		4.7100000e+02		4.7050000e+02		1.4256243e+03		1.6633631e+02		3.6185177e+02		2.8951568e+02		2.8494881e+02		4.5668682e+00
4.7100000e+02		4.7200000e+02		4.7150000e+02		1.4904926e+03		1.7491410e+02		3.8014350e+02		3.0451278e+02		2.9949358e+02		5.0192021e+00
4.7200000e+02		4.7300000e+02		4.7250000e+02		1.5269264e+03		1.8022421e+02		3.9131187e+02		3.1382867e+02		3.0842638e+02		5.4022916e+00
4.7300000e+02		4.7400000e+02		4.7350000e+02		1.4995420e+03		1.7800852e+02		3.8614093e+02		3.1004320e+02		3.0447211e+02		5.5710913e+00
4.7400000e+02		4.7500000e+02		4.7450000e+02		1.5448084e+03		1.8442978e+02		3.9970476e+02		3.2130510e+02		3.1528161e+02		6.0234834e+00
4.7500000e+02		4.7600000e+02		4.7550000e+02		1.5413846e+03		1.8506699e+02		4.0072689e+02		3.2249570e+02		3.1619123e+02		6.3044661e+00
4.7600000e+02		4.7700000e+02		4.7650000e+02		1.4853490e+03		1.7934748e+02		3.8800212e+02		3.1260934e+02		3.0623983e+02		6.3695052e+00
4.7700000e+02		4.7800000e+02		4.7750000e+02		1.5508368e+03		1.8830814e+02		4.0703828e+02		3.2831506e+02		3.2134620e+02		6.9688608e+00
4.7800000e+02		4.7900000e+02		4.7850000e+02		1.5358791e+03		1.8753560e+02		4.0502820e+02		3.2705732e+02		3.1982875e+02		7.2285749e+00
4.7900000e+02		4.8000000e+02		4.7950000e+02		1.5403519e+03		1.8912890e+02		4.0813406e+02		3.2992857e+02		3.2233930e+02		7.5892686e+00
4.8000000e+02		4.8100000e+02		4.8050000e+02		1.5442750e+03		1.9066081e+02		4.1110981e+02		3.3269697e+02		3.2473582e+02		7.9611528e+00
4.8100000e+02		4.8200000e+02		4.8150000e+02		1.5475498e+03		1.9211797e+02		4.1392711e+02		3.3533917e+02		3.2699550e+02		8.3436707e+00
4.8200000e+02		4.8300000e+02		4.8250000e+02		1.5416562e+03		1.9243552e+02		4.1429397e+02		3.3599590e+02		3.2730722e+02		8.6886801e+00
4.8300000e+02		4.8400000e+02		4.8350000e+02		1.5183412e+03		1.9055891e+02		4.0994742e+02		3.3282357e+02		3.2388260e+02		8.9409690e+00
4.8400000e+02		4.8500000e+02		4.8450000e+02		1.4920771e+03		1.8827873e+02		4.0474703e+02		3.2894689e+02		3.1977089e+02		9.1759959e+00
4.8500000e+02		4.8600000e+02		4.8550000e+02		1.4021236e+03		1.7788298e+02		3.8212754e+02		3.1088682e+02		3.0188573e+02		9.0010956e+00
4.8600000e+02		4.8700000e+02		4.8650000e+02		1.2173217e+03		1.5526718e+02		3.3331364e+02		2.7145302e+02		2.6329913e+02		8.1538836e+00
4.8700000e+02		4.8800000e+02		4.8750000e+02		1.3927585e+03		1.7859301e+02		3.8312928e+02		3.1234195e+02		3.0261245e+02		9.7294990e+00
4.8800000e+02		4.8900000e+02		4.8850000e+02		1.4651201e+03		1.8887063e+02		4.0491209e+02		3.3043415e+02		3.1976447e+02		1.0669678e+01
4.8900000e+02		4.9000000e+02		4.8950000e+02		1.4372192e+03		1.8625376e+02		3.9904764e+02		3.2597479e+02		3.1506855e+02		1.0906235e+01
4.9000000e+02		4.9100000e+02		4.9050000e+02		1.5307557e+03		1.9941929e+02		4.2699043e+02		3.4914707e+02		3.3704822e+02		1.2098853e+01
4.9100000e+02		4.9200000e+02		4.9150000e+02		1.4425606e+03		1.8891351e+02		4.0425294e+02		3.3087993e+02		3.1900929e+02		1.1870636e+01
4.9200000e+02		4.9300000e+02		4.9250000e+02		1.3729411e+03		1.8073282e+02		3.8652207e+02		3.1667553e+02		3.0491815e+02		1.1757387e+01
4.9300000e+02		4.9400000e+02		4.9350000e+02		1.4509629e+03		1.9199335e+02		4.1037265e+02		3.3654076e+02		3.2361507e+02		1.2925695e+01
4.9400000e+02		4.9500000e+02		4.9450000e+02		1.4929449e+03		1.9856701e+02		4.2419164e+02		3.4820621e+02		3.3437685e+02		1.3829359e+01
4.9500000e+02		4.9600000e+02		4.9550000e+02		1.4663156e+03		1.9602566e+02		4.1854152e+02		3.4389373e+02		3.2977581e+02		1.4117916e+01
4.9600000e+02		4.9700000e+02		4.9650000e+02		1.4846220e+03		1.9948595e+02		4.2571244e+02		3.5011406e+02		3.3526256e+02		1.4851498e+01
4.9700000e+02		4.9800000e+02		4.9750000e+02		1.5123203e+03		2.0423964e+02		4.3564249e+02		3.5861395e+02		3.4290172e+02		1.5712233e+01
4.9800000e+02		4.9900000e+02		4.9850000e+02		1.3744029e+03		1.8655164e+02		3.9772528e+02		3.2770281e+02		3.1287836e+02		1.4824452e+01
4.9900000e+02		5.0000000e+02		4.9950000e+02		1.4721832e+03		2.0082818e+02		4.2796710e+02		3.5294231e+02		3.3646336e+02		1.6478955e+01
