Left Bin Edge (nm)	Right Bin Edge (nm)	Bin Center (nm)		Top of Atm Intensity (erg/s/nm/cm2)		Total Surface Flux (erg/s/nm/cm2)		Total Intensity at BOA (erg/s/nm/cm2)		Total Surface Intensity (erg/s/nm/cm2)		Total Surface Diffuse Intensity (erg/s/nm/cm2)		Total Surface Direct Intensity (erg/s/nm/cm2)
1.0000000e+02		1.0100000e+02		1.0050000e+02		4.4569042e-02		2.4525372e-199		0.0000000e+00		4.2479191e-199		4.2479191e-199		0.0000000e+00
1.0100000e+02		1.0200000e+02		1.0150000e+02		1.7387199e-01		2.8780736e-197		0.0000000e+00		4.9849697e-197		4.9849697e-197		0.0000000e+00
1.0200000e+02		1.0300000e+02		1.0250000e+02		9.2286085e-01		3.0760912e-195		0.0000000e+00		5.3279463e-195		5.3279463e-195		0.0000000e+00
1.0300000e+02		1.0400000e+02		1.0350000e+02		7.0094286e-01		3.0025211e-193		0.0000000e+00		5.2005190e-193		5.2005190e-193		0.0000000e+00
1.0400000e+02		1.0500000e+02		1.0450000e+02		1.4124828e-01		2.6834646e-191		0.0000000e+00		4.6478970e-191		4.6478970e-191		0.0000000e+00
1.0500000e+02		1.0600000e+02		1.0550000e+02		4.8389941e-02		2.2015012e-189		0.0000000e+00		3.8131119e-189		3.8131119e-189		0.0000000e+00
1.0600000e+02		1.0700000e+02		1.0650000e+02		4.5487167e-02		1.6618987e-187		0.0000000e+00		2.8784929e-187		2.8784929e-187		0.0000000e+00
1.0700000e+02		1.0800000e+02		1.0750000e+02		5.0757295e-02		1.1570779e-185		0.0000000e+00		2.0041178e-185		2.0041178e-185		0.0000000e+00
1.0800000e+02		1.0900000e+02		1.0850000e+02		7.1152114e-02		7.4456785e-184		0.0000000e+00		1.2896293e-183		1.2896293e-183		0.0000000e+00
1.0900000e+02		1.1000000e+02		1.0950000e+02		5.5817450e-02		4.4344281e-182		0.0000000e+00		7.6806548e-182		7.6806548e-182		0.0000000e+00
1.1000000e+02		1.1100000e+02		1.1050000e+02		5.4043772e-02		2.4545085e-180		0.0000000e+00		4.2513335e-180		4.2513335e-180		0.0000000e+00
1.1100000e+02		1.1200000e+02		1.1150000e+02		5.0797691e-02		1.2645598e-178		0.0000000e+00		2.1902817e-178		2.1902817e-178		0.0000000e+00
1.1200000e+02		1.1300000e+02		1.1250000e+02		5.1969037e-02		6.0679996e-177		0.0000000e+00		1.0510084e-176		1.0510084e-176		0.0000000e+00
1.1300000e+02		1.1400000e+02		1.1350000e+02		4.1221387e-02		2.7171629e-175		0.0000000e+00		4.7062642e-175		4.7062642e-175		0.0000000e+00
1.1400000e+02		1.1500000e+02		1.1450000e+02		3.1562600e-02		1.1376466e-173		0.0000000e+00		1.9704617e-173		1.9704617e-173		0.0000000e+00
1.1500000e+02		1.1600000e+02		1.1550000e+02		4.3552050e-02		4.4489650e-172		0.0000000e+00		7.7058334e-172		7.7058334e-172		0.0000000e+00
1.1600000e+02		1.1700000e+02		1.1650000e+02		1.0143732e-01		1.6127471e-170		0.0000000e+00		2.7933600e-170		2.7933600e-170		0.0000000e+00
1.1700000e+02		1.1800000e+02		1.1750000e+02		3.6108525e-01		5.4404841e-169		0.0000000e+00		9.4231949e-169		9.4231949e-169		0.0000000e+00
1.1800000e+02		1.1900000e+02		1.1850000e+02		1.2283927e-01		2.2488845e-109		4.4326072e-103		3.8951822e-109		3.8951822e-109		1.5644352e-215
1.1900000e+02		1.2000000e+02		1.1950000e+02		1.7115732e-01		1.2537540e-87		1.5475664e-82		2.1715656e-87		2.1715656e-87		5.7750701e-183
1.2000000e+02		1.2100000e+02		1.2050000e+02		9.3056497e-01		5.3390124e-98		2.7145445e-92		9.2474408e-98		9.2474408e-98		1.8498551e-194
1.2100000e+02		1.2200000e+02		1.2150000e+02		3.6941242e+01		1.8742947e-124		3.4590376e-117		3.2463736e-124		3.2463736e-124		2.9718473e-229
1.2200000e+02		1.2300000e+02		1.2250000e+02		2.4773856e-01		1.0548678e-161		3.4055675e-153		1.8270846e-161		1.8270846e-161		1.0937500e-281
1.2300000e+02		1.2400000e+02		1.2350000e+02		1.3344721e-01		2.7912261e-160		8.6716083e-161		4.8345455e-160		4.8345455e-160		0.0000000e+00
1.2400000e+02		1.2500000e+02		1.2450000e+02		1.0726631e-01		6.6378242e-159		1.7838674e-159		1.1497049e-158		1.1497049e-158		0.0000000e+00
1.2500000e+02		1.2600000e+02		1.2550000e+02		1.0471361e-01		1.4917025e-157		3.5977339e-158		2.5837045e-157		2.5837045e-157		0.0000000e+00
1.2600000e+02		1.2700000e+02		1.2650000e+02		1.4644878e-01		3.1839238e-156		6.9359402e-157		5.5147177e-156		5.5147177e-156		0.0000000e+00
1.2700000e+02		1.2800000e+02		1.2750000e+02		7.6659940e-02		6.4614186e-155		1.2994295e-155		1.1191505e-154		1.1191505e-154		0.0000000e+00
1.2800000e+02		1.2900000e+02		1.2850000e+02		6.1165494e-02		1.2488847e-153		2.3774624e-154		2.1631318e-153		2.1631318e-153		0.0000000e+00
1.2900000e+02		1.3000000e+02		1.2950000e+02		8.1594975e-02		2.3040531e-152		4.1798584e-153		3.9907370e-152		3.9907370e-152		0.0000000e+00
1.3000000e+02		1.3100000e+02		1.3050000e+02		6.7007791e-01		4.0619246e-151		7.0797475e-152		7.0354598e-151		7.0354598e-151		0.0000000e+00
1.3100000e+02		1.3200000e+02		1.3150000e+02		9.0731094e-02		6.8471411e-150		1.1771000e-150		1.1859596e-149		1.1859596e-149		0.0000000e+00
1.3200000e+02		1.3300000e+02		1.3250000e+02		7.0547730e-02		1.1048949e-148		1.9219776e-149		1.9137341e-148		1.9137341e-148		0.0000000e+00
1.3300000e+02		1.3400000e+02		1.3350000e+02		9.5357088e-01		1.7093206e-147		3.0305276e-148		2.9606302e-147		2.9606302e-147		0.0000000e+00
1.3400000e+02		1.3500000e+02		1.3450000e+02		6.5246966e-02		2.5377916e-146		4.6065081e-147		4.3955840e-146		4.3955840e-146		0.0000000e+00
1.3500000e+02		1.3600000e+02		1.3550000e+02		1.3692679e-01		3.6165409e-145		6.9098370e-146		6.2640326e-145		6.2640326e-145		0.0000000e+00
1.3600000e+02		1.3700000e+02		1.3650000e+02		8.9861989e-02		4.9592921e-144		9.7292319e-145		8.5897459e-144		8.5897459e-144		0.0000000e+00
1.3700000e+02		1.3800000e+02		1.3750000e+02		9.2282630e-02		6.5415371e-143		1.3354222e-143		1.1330275e-142		1.1330275e-142		0.0000000e+00
1.3800000e+02		1.3900000e+02		1.3850000e+02		9.4180145e-02		8.3131176e-142		1.7496728e-142		1.4398742e-141		1.4398742e-141		0.0000000e+00
1.3900000e+02		1.4000000e+02		1.3950000e+02		3.1801144e-01		1.0187583e-140		2.1858177e-141		1.7645411e-140		1.7645411e-140		0.0000000e+00
1.4000000e+02		1.4100000e+02		1.4050000e+02		2.7729440e-01		1.2051181e-139		2.5935013e-140		2.0873258e-139		2.0873258e-139		0.0000000e+00
1.4100000e+02		1.4200000e+02		1.4150000e+02		1.3359910e-01		1.3761374e-138		2.9801661e-139		2.3835399e-138		2.3835399e-138		0.0000000e+00
1.4200000e+02		1.4300000e+02		1.4250000e+02		1.4479671e-01		1.5181948e-137		3.3115331e-138		2.6295905e-137		2.6295905e-137		0.0000000e+00
1.4300000e+02		1.4400000e+02		1.4350000e+02		1.6064305e-01		1.6196582e-136		3.5426463e-137		2.8053303e-136		2.8053303e-136		0.0000000e+00
1.4400000e+02		1.4500000e+02		1.4450000e+02		1.5363637e-01		1.6715058e-135		3.6845817e-136		2.8951329e-135		2.8951329e-135		0.0000000e+00
1.4500000e+02		1.4600000e+02		1.4550000e+02		1.6382583e-01		1.6698802e-134		3.7265439e-135		2.8923173e-134		2.8923173e-134		0.0000000e+00
1.4600000e+02		1.4700000e+02		1.4650000e+02		1.9977093e-01		1.6157976e-133		3.6798431e-134		2.7986436e-133		2.7986436e-133		0.0000000e+00
1.4700000e+02		1.4800000e+02		1.4750000e+02		2.4643334e-01		1.5157522e-132		3.5200947e-133		2.6253598e-132		2.6253598e-132		0.0000000e+00
1.4800000e+02		1.4900000e+02		1.4850000e+02		2.4167300e-01		1.3796960e-131		3.2448654e-132		2.3897036e-131		2.3897036e-131		0.0000000e+00
1.4900000e+02		1.5000000e+02		1.4950000e+02		2.1832777e-01		1.2188627e-130		2.9122966e-131		2.1111322e-130		2.1111322e-130		0.0000000e+00
1.5000000e+02		1.5100000e+02		1.5050000e+02		2.4023073e-01		1.0455232e-129		2.5556390e-130		1.8108994e-129		1.8108994e-129		0.0000000e+00
1.5100000e+02		1.5200000e+02		1.5150000e+02		2.5258505e-01		8.7141607e-129		2.1863338e-129		1.5093369e-128		1.5093369e-128		0.0000000e+00
1.5200000e+02		1.5300000e+02		1.5250000e+02		3.2229547e-01		7.0597042e-128		1.8320930e-128		1.2227766e-127		1.2227766e-127		0.0000000e+00
1.5300000e+02		1.5400000e+02		1.5350000e+02		3.5701286e-01		5.5655675e-127		1.4844814e-127		9.6398457e-127		9.6398457e-127		0.0000000e+00
1.5400000e+02		1.5500000e+02		1.5450000e+02		9.5486931e-01		4.2714363e-126		1.1673714e-126		7.3983448e-126		7.3983448e-126		0.0000000e+00
1.5500000e+02		1.5600000e+02		1.5550000e+02		7.8587524e-01		3.1912338e-125		9.0171911e-126		5.5273791e-125		5.5273791e-125		0.0000000e+00
1.5600000e+02		1.5700000e+02		1.5650000e+02		4.6648084e-01		2.3206653e-124		6.9130835e-125		4.0195102e-124		4.0195102e-124		0.0000000e+00
1.5700000e+02		1.5800000e+02		1.5750000e+02		4.2309893e-01		1.6464798e-123		5.0826037e-124		2.8517867e-123		2.8517867e-123		0.0000000e+00
1.5800000e+02		1.5900000e+02		1.5850000e+02		3.9008072e-01		1.1395047e-122		3.6324589e-123		1.9736800e-122		1.9736800e-122		0.0000000e+00
1.5900000e+02		1.6000000e+02		1.5950000e+02		3.8042347e-01		7.6780827e-122		2.6159646e-122		1.3298829e-121		1.3298829e-121		0.0000000e+00
1.6000000e+02		1.6100000e+02		1.6050000e+02		4.1635449e-01		5.0541306e-121		1.8125005e-121		8.7540110e-121		8.7540110e-121		0.0000000e+00
1.6100000e+02		1.6200000e+02		1.6150000e+02		4.7164413e-01		3.2524537e-120		1.2085246e-120		5.6334150e-120		5.6334150e-120		0.0000000e+00
1.6200000e+02		1.6300000e+02		1.6250000e+02		5.2241459e-01		2.0371595e-119		8.2056393e-120		3.5284637e-119		3.5284637e-119		1.6987792e-269
1.6300000e+02		1.6400000e+02		1.6350000e+02		1.1072121e+00		1.2468692e-118		5.4147961e-119		2.1596408e-118		2.1596408e-118		9.6730456e-223
1.6400000e+02		1.6500000e+02		1.6450000e+02		1.1323318e+00		7.4848185e-118		3.6672000e-118		1.2964086e-117		1.2964086e-117		7.1637626e-203
1.6500000e+02		1.6600000e+02		1.6550000e+02		1.3255566e+00		1.2212978e-103		1.1501294e-97		2.1153499e-103		2.1153499e-103		1.6177397e-157
1.6600000e+02		1.6700000e+02		1.6650000e+02		6.2522883e-01		3.6167324e-84		2.6681648e-79		6.2643642e-84		6.2643642e-84		4.6442220e-129
1.6700000e+02		1.6800000e+02		1.6750000e+02		6.6723830e-01		2.7896137e-74		5.7926356e-70		4.8317526e-74		4.8317526e-74		1.4157493e-114
1.6800000e+02		1.6900000e+02		1.6850000e+02		7.1904320e-01		1.7400978e-55		3.2563828e-52		3.0139378e-55		3.0139378e-55		2.3280927e-87
1.6900000e+02		1.7000000e+02		1.6950000e+02		9.0554889e-01		1.9197522e-50		1.9057056e-47		3.3251084e-50		3.3251084e-50		6.4690156e-80
1.7000000e+02		1.7100000e+02		1.7050000e+02		1.0161854e+00		4.8224267e-40		1.2757139e-37		8.3526880e-40		8.3526880e-40		7.7510069e-65
1.7100000e+02		1.7200000e+02		1.7150000e+02		1.0130704e+00		2.6919101e-32		2.6560403e-30		4.6625251e-32		4.6625251e-32		1.3957219e-53
1.7200000e+02		1.7300000e+02		1.7250000e+02		1.0571150e+00		2.9629522e-26		1.3634742e-24		5.1319838e-26		5.1319838e-26		8.1668441e-45
1.7300000e+02		1.7400000e+02		1.7350000e+02		1.0479596e+00		1.4284003e-21		3.6457641e-20		2.4740619e-21		2.4740619e-21		5.1720178e-38
1.7400000e+02		1.7500000e+02		1.7450000e+02		1.2530722e+00		6.5762417e-18		1.0735876e-16		1.1390385e-17		1.1390385e-17		1.0024175e-32
1.7500000e+02		1.7600000e+02		1.7550000e+02		1.4954862e+00		1.5338736e-13		1.4821937e-12		2.6567470e-13		2.6567470e-13		1.4161658e-26
1.7600000e+02		1.7700000e+02		1.7650000e+02		1.6135596e+00		2.0244544e-11		1.5236883e-10		3.5064580e-11		3.5064580e-11		1.5848542e-23
1.7700000e+02		1.7800000e+02		1.7750000e+02		1.9010195e+00		1.4623925e-09		8.9356720e-09		2.5329382e-09		2.5329382e-09		6.7617982e-21
1.7800000e+02		1.7900000e+02		1.7850000e+02		2.0776624e+00		4.4965961e-08		2.3330352e-07		7.7883329e-08		7.7883329e-08		8.5508113e-19
1.7900000e+02		1.8000000e+02		1.7950000e+02		2.0198657e+00		9.3745941e-07		4.2143596e-06		1.6237273e-06		1.6237273e-06		5.8437008e-17
1.8000000e+02		1.8100000e+02		1.8050000e+02		2.4976225e+00		9.4358009e-06		3.8609568e-05		1.6343287e-05		1.6343287e-05		1.4150568e-15
1.8100000e+02		1.8200000e+02		1.8150000e+02		3.0410490e+00		8.0319403e-05		3.0267340e-04		1.3911729e-04		1.3911729e-04		2.5068910e-14
1.8200000e+02		1.8300000e+02		1.8250000e+02		2.8073836e+00		5.6507810e-04		1.9686253e-03		9.7874397e-04		9.7874397e-04		3.1004981e-13
1.8300000e+02		1.8400000e+02		1.8350000e+02		2.9562417e+00		1.1098492e-03		3.7647329e-03		1.9223152e-03		1.9223152e-03		1.0475909e-12
1.8400000e+02		1.8500000e+02		1.8450000e+02		2.5409769e+00		4.1964057e-03		1.3530884e-02		7.2683879e-03		7.2683878e-03		5.6526838e-12
1.8500000e+02		1.8600000e+02		1.8550000e+02		2.8735562e+00		5.8825103e-03		1.8730921e-02		1.0188807e-02		1.0188807e-02		1.3518291e-11
1.8600000e+02		1.8700000e+02		1.8650000e+02		3.2604304e+00		1.9639129e-02		6.0448396e-02		3.4015969e-02		3.4015969e-02		5.9305511e-11
1.8700000e+02		1.8800000e+02		1.8750000e+02		3.6946466e+00		2.6598157e-02		8.0975580e-02		4.6069359e-02		4.6069359e-02		1.3238912e-10
1.8800000e+02		1.8900000e+02		1.8850000e+02		3.8870616e+00		5.4487752e-02		1.6241944e-01		9.4375555e-02		9.4375554e-02		3.6478073e-10
1.8900000e+02		1.9000000e+02		1.8950000e+02		4.3106081e+00		6.9506630e-02		2.0519450e-01		1.2038902e-01		1.2038901e-01		7.4812834e-10
1.9000000e+02		1.9100000e+02		1.9050000e+02		4.4384288e+00		1.0300772e-01		2.9995254e-01		1.7841461e-01		1.7841461e-01		1.5869715e-09
1.9100000e+02		1.9200000e+02		1.9150000e+02		4.8094361e+00		1.3153102e-01		3.7929655e-01		2.2781841e-01		2.2781841e-01		3.1107220e-09
1.9200000e+02		1.9300000e+02		1.9250000e+02		5.0365493e+00		1.5644337e-01		4.4711457e-01		2.7096786e-01		2.7096785e-01		5.6877991e-09
1.9300000e+02		1.9400000e+02		1.9350000e+02		3.8447944e+00		1.3642149e-01		3.8642841e-01		2.3628895e-01		2.3628894e-01		7.4889510e-09
1.9400000e+02		1.9500000e+02		1.9450000e+02		6.1679797e+00		2.3664985e-01		6.6507282e-01		4.0988958e-01		4.0988956e-01		1.9860761e-08
1.9500000e+02		1.9600000e+02		1.9550000e+02		5.9528271e+00		2.4974352e-01		6.9630384e-01		4.3256848e-01		4.3256845e-01		3.1433202e-08
1.9600000e+02		1.9700000e+02		1.9650000e+02		6.5508102e+00		2.8845810e-01		7.9848802e-01		4.9962410e-01		4.9962405e-01		5.4829609e-08
1.9700000e+02		1.9800000e+02		1.9750000e+02		6.5190955e+00		3.0044469e-01		8.2583891e-01		5.2038550e-01		5.2038541e-01		8.5265605e-08
1.9800000e+02		1.9900000e+02		1.9850000e+02		6.3883794e+00		3.0739300e-01		8.3913296e-01		5.3242034e-01		5.3242021e-01		1.2880386e-07
1.9900000e+02		2.0000000e+02		1.9950000e+02		6.7274707e+00		3.3473010e-01		9.0771758e-01		5.7976961e-01		5.7976940e-01		2.0557754e-07
2.0000000e+02		2.0100000e+02		2.0050000e+02		7.1125146e+00		3.6392377e-01		9.8054879e-01		6.3033457e-01		6.3033424e-01		3.2466171e-07
2.0100000e+02		2.0200000e+02		2.0150000e+02		7.5701275e+00		3.9849842e-01		1.0669097e+00		6.9021967e-01		6.9021916e-01		5.1052478e-07
2.0200000e+02		2.0300000e+02		2.0250000e+02		7.4828608e+00		4.0191874e-01		1.0695134e+00		6.9614391e-01		6.9614317e-01		7.3422297e-07
2.0300000e+02		2.0400000e+02		2.0350000e+02		8.0092047e+00		4.3901132e-01		1.1612136e+00		7.6039026e-01		7.6038913e-01		1.1314712e-06
2.0400000e+02		2.0500000e+02		2.0450000e+02		8.6207445e+00		4.8175949e-01		1.2667897e+00		8.3443246e-01		8.3443072e-01		1.7347225e-06
2.0500000e+02		2.0600000e+02		2.0550000e+02		8.6400754e+00		4.9198471e-01		1.2862036e+00		8.5214327e-01		8.5214082e-01		2.4513759e-06
2.0600000e+02		2.0700000e+02		2.0650000e+02		8.6510225e+00		5.0184653e-01		1.3045335e+00		8.6922475e-01		8.6922132e-01		3.4275534e-06
2.0700000e+02		2.0800000e+02		2.0750000e+02		9.3957826e+00		5.5517176e-01		1.4350916e+00		9.6158729e-01		9.6158214e-01		5.1502982e-06
2.0800000e+02		2.0900000e+02		2.0850000e+02		1.0163489e+01		6.1157584e-01		1.5722138e+00		1.0592828e+00		1.0592752e+00		7.6386857e-06
2.0900000e+02		2.1000000e+02		2.0950000e+02		1.3129215e+01		8.0441873e-01		2.0568043e+00		1.3932983e+00		1.3932848e+00		1.3412658e-05
2.1000000e+02		2.1100000e+02		2.1050000e+02		1.6183343e+01		1.0094179e+00		2.5672682e+00		1.7483700e+00		1.7483478e+00		2.2284016e-05
2.1100000e+02		2.1200000e+02		2.1150000e+02		1.8424170e+01		1.1696992e+00		2.9593963e+00		2.0259889e+00		2.0259549e+00		3.3918106e-05
2.1200000e+02		2.1300000e+02		2.1250000e+02		1.6428561e+01		1.0614364e+00		2.6717166e+00		1.8384741e+00		1.8384340e+00		4.0118671e-05
2.1300000e+02		2.1400000e+02		2.1350000e+02		1.6737981e+01		1.1003505e+00		2.7557075e+00		1.9058797e+00		1.9058259e+00		5.3808335e-05
2.1400000e+02		2.1500000e+02		2.1450000e+02		2.1432541e+01		1.4333794e+00		3.5719594e+00		2.4827138e+00		2.4826238e+00		9.0037356e-05
2.1500000e+02		2.1600000e+02		2.1550000e+02		1.8408135e+01		1.2522279e+00		3.1053399e+00		2.1689534e+00		2.1688531e+00		1.0033850e-04
2.1600000e+02		2.1700000e+02		2.1650000e+02		1.7036901e+01		1.1786299e+00		2.9088428e+00		2.0414840e+00		2.0413643e+00		1.1966368e-04
2.1700000e+02		2.1800000e+02		2.1750000e+02		1.7640866e+01		1.2409316e+00		3.0482022e+00		2.1494057e+00		2.1492471e+00		1.5860112e-04
2.1800000e+02		2.1900000e+02		2.1850000e+02		2.3730294e+01		1.6970730e+00		4.1493995e+00		2.9395007e+00		2.9392293e+00		2.7132923e-04
2.1900000e+02		2.2000000e+02		2.1950000e+02		2.5052511e+01		1.8211559e+00		4.4325724e+00		3.1544466e+00		3.1540845e+00		3.6202021e-04
2.2000000e+02		2.2100000e+02		2.2050000e+02		2.5203754e+01		1.8620405e+00		4.5118702e+00		3.2252903e+00		3.2248328e+00		4.5751046e-04
2.2100000e+02		2.2200000e+02		2.2150000e+02		2.0176768e+01		1.5147246e+00		3.6542166e+00		2.6237215e+00		2.6232641e+00		4.5739345e-04
2.2200000e+02		2.2300000e+02		2.2250000e+02		2.7154039e+01		2.0711209e+00		4.9750009e+00		3.5875231e+00		3.5867587e+00		7.6436841e-04
2.2300000e+02		2.2400000e+02		2.2350000e+02		3.5163062e+01		2.7244444e+00		6.5166799e+00		4.7192543e+00		4.7180320e+00		1.2223303e-03
2.2400000e+02		2.2500000e+02		2.2450000e+02		3.2875934e+01		2.5871495e+00		6.1625998e+00		4.4815087e+00		4.4801049e+00		1.4037532e-03
2.2500000e+02		2.2600000e+02		2.2550000e+02		2.8720078e+01		2.2951638e+00		5.4448144e+00		3.9758039e+00		3.9743054e+00		1.4985014e-03
2.2600000e+02		2.2700000e+02		2.2650000e+02		2.1037217e+01		1.7070021e+00		4.0333236e+00		2.9570272e+00		2.9556927e+00		1.3345506e-03
2.2700000e+02		2.2800000e+02		2.2750000e+02		2.0463841e+01		1.6857154e+00		3.9673936e+00		2.9202306e+00		2.9186599e+00		1.5706938e-03
2.2800000e+02		2.2900000e+02		2.2850000e+02		2.8509984e+01		2.3838536e+00		5.5888803e+00		4.1297707e+00		4.1271356e+00		2.6351474e-03
2.2900000e+02		2.3000000e+02		2.2950000e+02		2.5620938e+01		2.1741921e+00		5.0780769e+00		3.7666893e+00		3.7638506e+00		2.8386633e-03
2.3000000e+02		2.3100000e+02		2.3050000e+02		2.9055844e+01		2.5020270e+00		5.8221212e+00		4.3348263e+00		4.3309846e+00		3.8417567e-03
2.3100000e+02		2.3200000e+02		2.3150000e+02		2.7387429e+01		2.3927717e+00		5.5476618e+00		4.1457332e+00		4.1414305e+00		4.3027772e-03
2.3200000e+02		2.3300000e+02		2.3250000e+02		2.9413108e+01		2.6068671e+00		6.0225236e+00		4.5169178e+00		4.5114499e+00		5.4678779e-03
2.3300000e+02		2.3400000e+02		2.3350000e+02		2.6543685e+01		2.3861855e+00		5.4934609e+00		4.1347933e+00		4.1289783e+00		5.8150262e-03
2.3400000e+02		2.3500000e+02		2.3450000e+02		2.3194371e+01		2.1145997e+00		4.8515829e+00		3.6644393e+00		3.6584748e+00		5.9644362e-03
2.3500000e+02		2.3600000e+02		2.3550000e+02		3.1223226e+01		2.8864505e+00		6.6003045e+00		5.0023831e+00		4.9929947e+00		9.3884624e-03
2.3600000e+02		2.3700000e+02		2.3650000e+02		2.8911473e+01		2.7097925e+00		6.1760610e+00		4.6966312e+00		4.6865038e+00		1.0127411e-02
2.3700000e+02		2.3800000e+02		2.3750000e+02		3.0878004e+01		2.9338224e+00		6.6652442e+00		5.0854133e+00		5.0728583e+00		1.2555006e-02
2.3800000e+02		2.3900000e+02		2.3850000e+02		2.5598090e+01		2.4651923e+00		5.5830407e+00		4.2735625e+00		4.2615236e+00		1.2038926e-02
2.3900000e+02		2.4000000e+02		2.3950000e+02		2.7890834e+01		2.7220983e+00		6.1460001e+00		4.7194901e+00		4.7043695e+00		1.5120649e-02
2.4000000e+02		2.4100000e+02		2.4050000e+02		2.5623038e+01		2.5340372e+00		5.7042894e+00		4.3940184e+00		4.3780586e+00		1.5959769e-02
2.4100000e+02		2.4200000e+02		2.4150000e+02		3.0005079e+01		3.0064831e+00		6.7480485e+00		5.2140025e+00		5.1925994e+00		2.1403097e-02
2.4200000e+02		2.4300000e+02		2.4250000e+02		4.1301739e+01		4.1923361e+00		9.3829084e+00		7.2717436e+00		7.2381099e+00		3.3633657e-02
2.4300000e+02		2.4400000e+02		2.4350000e+02		3.8791639e+01		3.9883415e+00		8.9015747e+00		6.9191322e+00		6.8831785e+00		3.5953714e-02
2.4400000e+02		2.4500000e+02		2.4450000e+02		3.6329084e+01		3.7828435e+00		8.4200991e+00		6.5638972e+00		6.5256876e+00		3.8209618e-02
2.4500000e+02		2.4600000e+02		2.4550000e+02		2.9476122e+01		3.1080489e+00		6.8998914e+00		5.3941502e+00		5.3590710e+00		3.5079181e-02
2.4600000e+02		2.4700000e+02		2.4650000e+02		2.8685918e+01		3.0625573e+00		6.7814969e+00		5.3164211e+00		5.2779006e+00		3.8520448e-02
2.4700000e+02		2.4800000e+02		2.4750000e+02		3.1678139e+01		3.4238765e+00		7.5627155e+00		5.9451357e+00		5.8972681e+00		4.7867589e-02
2.4800000e+02		2.4900000e+02		2.4850000e+02		2.5406301e+01		2.7796389e+00		6.1248841e+00		4.8278042e+00		4.7847187e+00		4.3085476e-02
2.4900000e+02		2.5000000e+02		2.4950000e+02		3.0967514e+01		3.4291614e+00		7.5383929e+00		5.9576673e+00		5.8988801e+00		5.8787166e-02
2.5000000e+02		2.5100000e+02		2.5050000e+02		3.3448743e+01		3.7483722e+00		8.2214143e+00		6.5143041e+00		6.4434031e+00		7.0900980e-02
2.5100000e+02		2.5200000e+02		2.5150000e+02		2.7888154e+01		3.1623597e+00		6.9208551e+00		5.4977368e+00		5.4318912e+00		6.5845671e-02
2.5200000e+02		2.5300000e+02		2.5250000e+02		2.5069906e+01		2.8762103e+00		6.2812420e+00		5.0020897e+00		4.9363145e+00		6.5775218e-02
2.5300000e+02		2.5400000e+02		2.5350000e+02		3.1592540e+01		3.6667163e+00		7.9911702e+00		6.3793663e+00		6.2874715e+00		9.1894759e-02
2.5400000e+02		2.5500000e+02		2.5450000e+02		3.5730773e+01		4.1947781e+00		9.1239324e+00		7.3011328e+00		7.1861676e+00		1.1496519e-01
2.5500000e+02		2.5600000e+02		2.5550000e+02		4.8755658e+01		5.7891520e+00		1.2567818e+01		1.0080668e+01		9.9075212e+00		1.7314649e-01
2.5600000e+02		2.5700000e+02		2.5650000e+02		6.2803876e+01		7.5413628e+00		1.6341747e+01		1.3138014e+01		1.2892366e+01		2.4564711e-01
2.5700000e+02		2.5800000e+02		2.5750000e+02		7.8843355e+01		9.5731004e+00		2.0707938e+01		1.6685946e+01		1.6347006e+01		3.3894012e-01
2.5800000e+02		2.5900000e+02		2.5850000e+02		8.2991293e+01		1.0188152e+01		2.2001237e+01		1.7767453e+01		1.7376123e+01		3.9132957e-01
2.5900000e+02		2.6000000e+02		2.5950000e+02		7.0629481e+01		8.7654870e+00		1.8898486e+01		1.5295050e+01		1.4930471e+01		3.6457825e-01
2.6000000e+02		2.6100000e+02		2.6050000e+02		5.7868388e+01		7.2595704e+00		1.5627623e+01		1.2674905e+01		1.2348539e+01		3.2636619e-01
2.6100000e+02		2.6200000e+02		2.6150000e+02		5.9092703e+01		7.4926563e+00		1.6105736e+01		1.3090093e+01		1.2726645e+01		3.6344820e-01
2.6200000e+02		2.6300000e+02		2.6250000e+02		7.0528613e+01		9.0376011e+00		1.9399579e+01		1.5799657e+01		1.5327458e+01		4.7219950e-01
2.6300000e+02		2.6400000e+02		2.6350000e+02		1.0614195e+02		1.3744051e+01		2.9463191e+01		2.4044270e+01		2.3272078e+01		7.7219239e-01
2.6400000e+02		2.6500000e+02		2.6450000e+02		1.6548208e+02		2.1650758e+01		4.6354873e+01		3.7904193e+01		3.6598280e+01		1.3059124e+00
2.6500000e+02		2.6600000e+02		2.6550000e+02		1.7356948e+02		2.2942727e+01		4.9063193e+01		4.0196819e+01		3.8713528e+01		1.4832910e+00
2.6600000e+02		2.6700000e+02		2.6650000e+02		1.6826276e+02		2.2468021e+01		4.7994910e+01		3.9396660e+01		3.7842075e+01		1.5545855e+00
2.6700000e+02		2.6800000e+02		2.6750000e+02		1.6940220e+02		2.2848473e+01		4.8757112e+01		4.0097313e+01		3.8407958e+01		1.6893548e+00
2.6800000e+02		2.6900000e+02		2.6850000e+02		1.6778062e+02		2.2855880e+01		4.8725896e+01		4.0145351e+01		3.8342177e+01		1.8031746e+00
2.6900000e+02		2.7000000e+02		2.6950000e+02		1.5737310e+02		2.1650199e+01		4.6114264e+01		3.8062235e+01		3.6242297e+01		1.8199375e+00
2.7000000e+02		2.7100000e+02		2.7050000e+02		1.8181465e+02		2.5257666e+01		5.3753692e+01		4.4446408e+01		4.2187300e+01		2.2591080e+00
2.7100000e+02		2.7200000e+02		2.7150000e+02		1.5108640e+02		2.1192438e+01		4.5067926e+01		3.7329438e+01		3.5315326e+01		2.0141124e+00
2.7200000e+02		2.7300000e+02		2.7250000e+02		1.2154404e+02		1.7212311e+01		3.6578592e+01		3.0349593e+01		2.8613689e+01		1.7359041e+00
2.7300000e+02		2.7400000e+02		2.7350000e+02		1.2960124e+02		1.8527802e+01		3.9349761e+01		3.2703696e+01		3.0723385e+01		1.9803111e+00
2.7400000e+02		2.7500000e+02		2.7450000e+02		8.9183780e+01		1.2869735e+01		2.7317887e+01		2.2741436e+01		2.1285457e+01		1.4559800e+00
2.7500000e+02		2.7600000e+02		2.7550000e+02		1.1893609e+02		1.7323139e+01		3.6752931e+01		3.0645473e+01		2.8573635e+01		2.0718375e+00
2.7600000e+02		2.7700000e+02		2.7650000e+02		1.6564211e+02		2.4348580e+01		5.1636294e+01		4.3124176e+01		4.0049310e+01		3.0748665e+00
2.7700000e+02		2.7800000e+02		2.7750000e+02		1.5837296e+02		2.3492816e+01		4.9803551e+01		4.1658692e+01		3.8529701e+01		3.1289914e+00
2.7800000e+02		2.7900000e+02		2.7850000e+02		1.0921797e+02		1.6347862e+01		3.4646340e+01		2.9024901e+01		2.6731117e+01		2.2937845e+00
2.7900000e+02		2.8000000e+02		2.7950000e+02		6.1368404e+01		9.2680135e+00		1.9637271e+01		1.6475985e+01		1.5107568e+01		1.3684171e+00
2.8000000e+02		2.8100000e+02		2.8050000e+02		6.7313201e+01		1.0256038e+01		2.1726943e+01		1.8256389e+01		1.6664615e+01		1.5917738e+00
2.8100000e+02		2.8200000e+02		2.8150000e+02		1.3943196e+02		2.1430996e+01		4.5395400e+01		3.8200012e+01		3.4707362e+01		3.4926501e+00
2.8200000e+02		2.8300000e+02		2.8250000e+02		1.8983287e+02		2.9431713e+01		6.2339177e+01		5.2533678e+01		4.7502245e+01		5.0314324e+00
2.8300000e+02		2.8400000e+02		2.8350000e+02		1.9610227e+02		3.0665835e+01		6.4953318e+01		5.4814211e+01		4.9320606e+01		5.4936053e+00
2.8400000e+02		2.8500000e+02		2.8450000e+02		1.4459284e+02		2.2804017e+01		4.8304037e+01		4.0820715e+01		3.6543961e+01		4.2767546e+00
2.8500000e+02		2.8600000e+02		2.8550000e+02		9.2944992e+01		1.4782496e+01		3.1316220e+01		2.6501008e+01		2.3601428e+01		2.8995799e+00
2.8600000e+02		2.8700000e+02		2.8650000e+02		1.9045522e+02		3.0544783e+01		6.4718963e+01		5.4841751e+01		4.8581342e+01		6.2604090e+00
2.8700000e+02		2.8800000e+02		2.8750000e+02		2.2108403e+02		3.5751111e+01		7.5766965e+01		6.4289109e+01		5.6639535e+01		7.6495744e+00
2.8800000e+02		2.8900000e+02		2.8850000e+02		2.1010240e+02		3.4254466e+01		7.2614900e+01		6.1695335e+01		5.4050640e+01		7.6446952e+00
2.8900000e+02		2.9000000e+02		2.8950000e+02		3.1885068e+02		5.2407564e+01		1.1113286e+02		9.4543069e+01		8.2354449e+01		1.2188620e+01
2.9000000e+02		2.9100000e+02		2.9050000e+02		4.1860542e+02		6.9358342e+01		1.4713244e+02		1.2532798e+02		1.0853189e+02		1.6796089e+01
2.9100000e+02		2.9200000e+02		2.9150000e+02		4.0318642e+02		6.7337062e+01		1.4290445e+02		1.2187926e+02		1.0491431e+02		1.6964947e+01
2.9200000e+02		2.9300000e+02		2.9250000e+02		3.5818014e+02		6.0293673e+01		1.2801630e+02		1.0931657e+02		9.3525648e+01		1.5790921e+01
2.9300000e+02		2.9400000e+02		2.9350000e+02		3.7393440e+02		6.3438886e+01		1.3476296e+02		1.1521801e+02		9.7960214e+01		1.7257796e+01
2.9400000e+02		2.9500000e+02		2.9450000e+02		3.4819581e+02		5.9530817e+01		1.2653108e+02		1.0831007e+02		9.1501509e+01		1.6808557e+01
2.9500000e+02		2.9600000e+02		2.9550000e+02		3.7701055e+02		6.4952911e+01		1.3813786e+02		1.1838562e+02		9.9365267e+01		1.9020353e+01
2.9600000e+02		2.9700000e+02		2.9650000e+02		3.4493460e+02		5.9879433e+01		1.2742899e+02		1.0933575e+02		9.1163478e+01		1.8172268e+01
2.9700000e+02		2.9800000e+02		2.9750000e+02		3.5165811e+02		6.1507304e+01		1.3098178e+02		1.1251379e+02		9.3182661e+01		1.9331127e+01
2.9800000e+02		2.9900000e+02		2.9850000e+02		3.0223333e+02		5.3257798e+01		1.1349524e+02		9.7603826e+01		8.0281448e+01		1.7322378e+01
2.9900000e+02		3.0000000e+02		2.9950000e+02		3.4101318e+02		6.0536429e+01		1.2910334e+02		1.1115132e+02		9.0788554e+01		2.0362763e+01
3.0000000e+02		3.0100000e+02		3.0050000e+02		2.7131061e+02		4.8516282e+01		1.0354994e+02		8.9250096e+01		7.2384113e+01		1.6865983e+01
3.0100000e+02		3.0200000e+02		3.0150000e+02		3.1202593e+02		5.6202697e+01		1.2005384e+02		1.0358824e+02		8.3409188e+01		2.0179055e+01
3.0200000e+02		3.0300000e+02		3.0250000e+02		3.2846528e+02		5.9589894e+01		1.2739791e+02		1.1004401e+02		8.7961036e+01		2.2082976e+01
3.0300000e+02		3.0400000e+02		3.0350000e+02		4.2601061e+02		7.7837966e+01		1.6655809e+02		1.4402361e+02		1.1426958e+02		2.9754037e+01
3.0400000e+02		3.0500000e+02		3.0450000e+02		4.0776836e+02		7.5031573e+01		1.6070004e+02		1.3910483e+02		1.0953818e+02		2.9566653e+01
3.0500000e+02		3.0600000e+02		3.0550000e+02		4.1174793e+02		7.6294504e+01		1.6355939e+02		1.4172761e+02		1.1075375e+02		3.0973863e+01
3.0600000e+02		3.0700000e+02		3.0650000e+02		3.9053943e+02		7.2866876e+01		1.5636327e+02		1.3563166e+02		1.0517218e+02		3.0459473e+01
3.0700000e+02		3.0800000e+02		3.0750000e+02		4.3847484e+02		8.2373169e+01		1.7693927e+02		1.5363589e+02		1.1820190e+02		3.5433984e+01
3.0800000e+02		3.0900000e+02		3.0850000e+02		4.3035211e+02		8.1397967e+01		1.7502371e+02		1.5212559e+02		1.1611360e+02		3.6011992e+01
3.0900000e+02		3.1000000e+02		3.0950000e+02		3.4901328e+02		6.6458885e+01		1.4305126e+02		1.2445978e+02		9.4235998e+01		3.0223786e+01
3.1000000e+02		3.1100000e+02		3.1050000e+02		4.3927411e+02		8.4205685e+01		1.8144512e+02		1.5801914e+02		1.1867613e+02		3.9343008e+01
3.1100000e+02		3.1200000e+02		3.1150000e+02		5.2246540e+02		1.0081648e+02		2.1747537e+02		1.8958184e+02		1.4121349e+02		4.8368354e+01
3.1200000e+02		3.1300000e+02		3.1250000e+02		4.6521908e+02		9.0359423e+01		1.9513519e+02		1.7027065e+02		1.2577832e+02		4.4492330e+01
3.1300000e+02		3.1400000e+02		3.1350000e+02		4.9544367e+02		9.6855914e+01		2.0940177e+02		1.8289316e+02		1.3397130e+02		4.8921863e+01
3.1400000e+02		3.1500000e+02		3.1450000e+02		4.6729179e+02		9.1941204e+01		1.9900519e+02		1.7397624e+02		1.2636164e+02		4.7614602e+01
3.1500000e+02		3.1600000e+02		3.1550000e+02		4.5343123e+02		8.9783831e+01		1.9456282e+02		1.7025088e+02		1.2259968e+02		4.7651206e+01
3.1600000e+02		3.1700000e+02		3.1650000e+02		4.4229406e+02		8.8132727e+01		1.9121126e+02		1.6747216e+02		1.1955887e+02		4.7913286e+01
3.1700000e+02		3.1800000e+02		3.1750000e+02		5.6102832e+02		1.1249294e+02		2.4435578e+02		2.1421366e+02		1.5159718e+02		6.2616479e+01
3.1800000e+02		3.1900000e+02		3.1850000e+02		4.6340678e+02		9.3495866e+01		2.0333729e+02		1.7841558e+02		1.2515493e+02		5.3260646e+01
3.1900000e+02		3.2000000e+02		3.1950000e+02		4.9774832e+02		1.0104267e+02		2.2002012e+02		1.9322585e+02		1.3434424e+02		5.8881608e+01
3.2000000e+02		3.2100000e+02		3.2050000e+02		5.7184857e+02		1.1679297e+02		2.5463174e+02		2.2381975e+02		1.5422657e+02		6.9593181e+01
3.2100000e+02		3.2200000e+02		3.2150000e+02		4.8024660e+02		9.8677120e+01		2.1540484e+02		1.8950488e+02		1.2940689e+02		6.0097992e+01
3.2200000e+02		3.2300000e+02		3.2250000e+02		4.8228681e+02		9.9689669e+01		2.1788975e+02		1.9185666e+02		1.2982557e+02		6.2031093e+01
3.2300000e+02		3.2400000e+02		3.2350000e+02		4.6607071e+02		9.6909307e+01		2.1208204e+02		1.8690257e+02		1.2531875e+02		6.1583824e+01
3.2400000e+02		3.2500000e+02		3.2450000e+02		5.4882129e+02		1.1478630e+02		2.5152662e+02		2.2185175e+02		1.4738490e+02		7.4466846e+01
3.2500000e+02		3.2600000e+02		3.2550000e+02		6.3196128e+02		1.3294491e+02		2.9169197e+02		2.5749403e+02		1.6948042e+02		8.8013616e+01
3.2600000e+02		3.2700000e+02		3.2650000e+02		7.1301257e+02		1.5086119e+02		3.3143026e+02		2.9281610e+02		1.9093398e+02		1.0188212e+02
3.2700000e+02		3.2800000e+02		3.2750000e+02		6.8984049e+02		1.4679296e+02		3.2291218e+02		2.8552471e+02		1.8443464e+02		1.0109007e+02
3.2800000e+02		3.2900000e+02		3.2850000e+02		6.6596082e+02		1.4251441e+02		3.1390980e+02		2.7779028e+02		1.7774679e+02		1.0004349e+02
3.2900000e+02		3.3000000e+02		3.2950000e+02		7.7527139e+02		1.6683798e+02		3.6796791e+02		3.2589036e+02		2.0654678e+02		1.1934357e+02
3.3000000e+02		3.3100000e+02		3.3050000e+02		7.3029799e+02		1.5803383e+02		3.4900829e+02		3.0934507e+02		1.9419115e+02		1.1515392e+02
3.3100000e+02		3.3200000e+02		3.3150000e+02		6.9881652e+02		1.5205470e+02		3.3624635e+02		2.9826857e+02		1.8544322e+02		1.1282535e+02
3.3200000e+02		3.3300000e+02		3.3250000e+02		6.8562051e+02		1.4999794e+02		3.3213622e+02		2.9485277e+02		1.8155351e+02		1.1329926e+02
3.3300000e+02		3.3400000e+02		3.3350000e+02		6.5878216e+02		1.4490603e+02		3.2128572e+02		2.8544084e+02		1.7405682e+02		1.1138403e+02
3.3400000e+02		3.3500000e+02		3.3450000e+02		6.9405546e+02		1.5348304e+02		3.4075324e+02		3.0296822e+02		1.8294805e+02		1.2002017e+02
3.3500000e+02		3.3600000e+02		3.3550000e+02		6.8541663e+02		1.5237759e+02		3.3874716e+02		3.0141293e+02		1.8023097e+02		1.2118195e+02
3.3600000e+02		3.3700000e+02		3.3650000e+02		5.6469084e+02		1.2619912e+02		2.8092209e+02		2.5014855e+02		1.4810995e+02		1.0203860e+02
3.3700000e+02		3.3800000e+02		3.3750000e+02		5.9573781e+02		1.3383166e+02		2.9830690e+02		2.6582638e+02		1.5584237e+02		1.0998401e+02
3.3800000e+02		3.3900000e+02		3.3850000e+02		6.4448401e+02		1.4553021e+02		3.2481200e+02		2.8965856e+02		1.6813509e+02		1.2152346e+02
3.3900000e+02		3.4000000e+02		3.3950000e+02		6.7448220e+02		1.5308343e+02		3.4212196e+02		3.0531746e+02		1.7546568e+02		1.2985178e+02
3.4000000e+02		3.4100000e+02		3.4050000e+02		7.1196374e+02		1.6240965e+02		3.6344408e+02		3.2457987e+02		1.8467808e+02		1.3990179e+02
3.4100000e+02		3.4200000e+02		3.4150000e+02		6.4984945e+02		1.4898504e+02		3.3384159e+02		2.9835591e+02		1.6806103e+02		1.3029487e+02
3.4200000e+02		3.4300000e+02		3.4250000e+02		7.0477558e+02		1.6238153e+02		3.6433858e+02		3.2584161e+02		1.8170363e+02		1.4413797e+02
3.4300000e+02		3.4400000e+02		3.4350000e+02		6.9264465e+02		1.6037334e+02		3.6030482e+02		3.2245984e+02		1.7800988e+02		1.4444996e+02
3.4400000e+02		3.4500000e+02		3.4450000e+02		5.5710877e+02		1.2962173e+02		2.9159730e+02		2.6115014e+02		1.4271101e+02		1.1843912e+02
3.4500000e+02		3.4600000e+02		3.4550000e+02		6.7138909e+02		1.5696710e+02		3.5357400e+02		3.1687308e+02		1.7141126e+02		1.4546182e+02
3.4600000e+02		3.4700000e+02		3.4650000e+02		6.5194093e+02		1.5315095e+02		3.4542636e+02		3.0978175e+02		1.6587663e+02		1.4390512e+02
3.4700000e+02		3.4800000e+02		3.4750000e+02		6.4525828e+02		1.5230103e+02		3.4395423e+02		3.0866931e+02		1.6360155e+02		1.4506776e+02
3.4800000e+02		3.4900000e+02		3.4850000e+02		6.6761091e+02		1.5831839e+02		3.5800491e+02		3.2149288e+02		1.6866296e+02		1.5282992e+02
3.4900000e+02		3.5000000e+02		3.4950000e+02		6.3989005e+02		1.5245197e+02		3.4518197e+02		3.1018244e+02		1.6106840e+02		1.4911404e+02
3.5000000e+02		3.5100000e+02		3.5050000e+02		7.6650484e+02		1.8346090e+02		4.1592357e+02		3.7399566e+02		1.9221861e+02		1.8177706e+02
3.5100000e+02		3.5200000e+02		3.5150000e+02		7.1211510e+02		1.7122260e+02		3.8867218e+02		3.4971771e+02		1.7789908e+02		1.7181863e+02
3.5200000e+02		3.5300000e+02		3.5250000e+02		6.5785102e+02		1.5889208e+02		3.6113886e+02		3.2515226e+02		1.6370506e+02		1.6144719e+02
3.5300000e+02		3.5400000e+02		3.5350000e+02		7.5263834e+02		1.8260241e+02		4.1555188e+02		3.7438068e+02		1.8655230e+02		1.8782839e+02
3.5400000e+02		3.5500000e+02		3.5450000e+02		8.0329241e+02		1.9575873e+02		4.4605014e+02		4.0210992e+02		1.9830646e+02		2.0380347e+02
3.5500000e+02		3.5600000e+02		3.5550000e+02		7.5433512e+02		1.8463799e+02		4.2123493e+02		3.7997561e+02		1.8545829e+02		1.9451732e+02
3.5600000e+02		3.5700000e+02		3.5650000e+02		6.5576441e+02		1.6121149e+02		3.6824503e+02		3.3238071e+02		1.6055317e+02		1.7182754e+02
3.5700000e+02		3.5800000e+02		3.5750000e+02		5.7307986e+02		1.4149366e+02		3.2360279e+02		2.9226453e+02		1.3971603e+02		1.5254850e+02
3.5800000e+02		3.5900000e+02		3.5850000e+02		4.9194729e+02		1.2198222e+02		2.7932053e+02		2.5242305e+02		1.1942114e+02		1.3300191e+02
3.5900000e+02		3.6000000e+02		3.5950000e+02		7.1030971e+02		1.7687416e+02		4.0550703e+02		3.6667749e+02		1.7167773e+02		1.9499976e+02
3.6000000e+02		3.6100000e+02		3.6050000e+02		7.0092701e+02		1.7527132e+02		4.0231761e+02		3.6400894e+02		1.6866119e+02		1.9534774e+02
3.6100000e+02		3.6200000e+02		3.6150000e+02		6.5110481e+02		1.6349077e+02		3.7572673e+02		3.4014939e+02		1.5597053e+02		1.8417886e+02
3.6200000e+02		3.6300000e+02		3.6250000e+02		7.3500056e+02		1.8531788e+02		4.2639610e+02		3.8624501e+02		1.7526783e+02		2.1097719e+02
3.6300000e+02		3.6400000e+02		3.6350000e+02		7.1558904e+02		1.8116063e+02		4.1732376e+02		3.7824424e+02		1.6985379e+02		2.0839045e+02
3.6400000e+02		3.6500000e+02		3.6450000e+02		7.4837927e+02		1.9022854e+02		4.3872729e+02		3.9786976e+02		1.7680925e+02		2.2106051e+02
3.6500000e+02		3.6600000e+02		3.6550000e+02		8.5179486e+02		2.1738330e+02		5.0193916e+02		4.5545132e+02		2.0029268e+02		2.5515864e+02
3.6600000e+02		3.6700000e+02		3.6650000e+02		9.1042532e+02		2.3326863e+02		5.3924154e+02		4.8957180e+02		2.1305752e+02		2.7651429e+02
3.6700000e+02		3.6800000e+02		3.6750000e+02		8.7909512e+02		2.2612702e+02		5.2333251e+02		4.7539052e+02		2.0473259e+02		2.7065793e+02
3.6800000e+02		3.6900000e+02		3.6850000e+02		8.1047729e+02		2.0928875e+02		4.8491490e+02		4.4073311e+02		1.8783095e+02		2.5290216e+02
3.6900000e+02		3.7000000e+02		3.6950000e+02		8.9967825e+02		2.3321943e+02		5.4097204e+02		4.9194884e+02		2.0747501e+02		2.8447383e+02
3.7000000e+02		3.7100000e+02		3.7050000e+02		8.4427990e+02		2.1969520e+02		5.1017266e+02		4.6418907e+02		1.9372908e+02		2.7045998e+02
3.7100000e+02		3.7200000e+02		3.7150000e+02		8.7164560e+02		2.2767481e+02		5.2929052e+02		4.8183919e+02		1.9900139e+02		2.8283780e+02
3.7200000e+02		3.7300000e+02		3.7250000e+02		7.2411383e+02		1.8984853e+02		4.4183986e+02		4.0243973e+02		1.6447853e+02		2.3796120e+02
3.7300000e+02		3.7400000e+02		3.7350000e+02		6.3155746e+02		1.6619700e+02		3.8721781e+02		3.5287180e+02		1.4271853e+02		2.1015328e+02
3.7400000e+02		3.7500000e+02		3.7450000e+02		6.4642322e+02		1.7073474e+02		3.9822130e+02		3.6308600e+02		1.4532116e+02		2.1776485e+02
3.7500000e+02		3.7600000e+02		3.7550000e+02		7.4036161e+02		1.9625842e+02		4.5824453e+02		4.1802614e+02		1.6556935e+02		2.5245679e+02
3.7600000e+02		3.7700000e+02		3.7650000e+02		7.6758018e+02		2.0420792e+02		4.7731371e+02		4.3564122e+02		1.7075134e+02		2.6488988e+02
3.7700000e+02		3.7800000e+02		3.7750000e+02		9.0048278e+02		2.4042177e+02		5.6255288e+02		5.1369472e+02		1.9925108e+02		3.1444364e+02
3.7800000e+02		3.7900000e+02		3.7850000e+02		9.3786543e+02		2.5128912e+02		5.8859613e+02		5.3774161e+02		2.0641044e+02		3.3133117e+02
3.7900000e+02		3.8000000e+02		3.7950000e+02		7.6051322e+02		2.0448435e+02		4.7946163e+02		4.3825050e+02		1.6647352e+02		2.7177697e+02
3.8000000e+02		3.8100000e+02		3.8050000e+02		8.2814537e+02		2.2344237e+02		5.2445144e+02		4.7960534e+02		1.8029099e+02		2.9931436e+02
3.8100000e+02		3.8200000e+02		3.8150000e+02		7.4366886e+02		2.0133989e+02		4.7305480e+02		4.3281093e+02		1.6101200e+02		2.7179893e+02
3.8200000e+02		3.8300000e+02		3.8250000e+02		5.3336093e+02		1.4489335e+02		3.4077511e+02		3.1193245e+02		1.1484011e+02		1.9709234e+02
3.8300000e+02		3.8400000e+02		3.8350000e+02		4.7073026e+02		1.2831053e+02		3.0207543e+02		2.7663804e+02		1.0079087e+02		1.7584718e+02
3.8400000e+02		3.8500000e+02		3.8450000e+02		6.2969557e+02		1.7221452e+02		4.0583776e+02		3.7183538e+02		1.3407249e+02		2.3776289e+02
3.8500000e+02		3.8600000e+02		3.8550000e+02		6.6694888e+02		1.8300660e+02		4.3169296e+02		3.9570626e+02		1.4120342e+02		2.5450284e+02
3.8600000e+02		3.8700000e+02		3.8650000e+02		6.6977732e+02		1.8438517e+02		4.3536715e+02		3.9925583e+02		1.4099728e+02		2.5825855e+02
3.8700000e+02		3.8800000e+02		3.8750000e+02		6.6902499e+02		1.8477603e+02		4.3670954e+02		4.0066733e+02		1.4003437e+02		2.6063296e+02
3.8800000e+02		3.8900000e+02		3.8850000e+02		6.7841027e+02		1.8797062e+02		4.4468283e+02		4.0816452e+02		1.4118268e+02		2.6698183e+02
3.8900000e+02		3.9000000e+02		3.8950000e+02		8.1451188e+02		2.2639971e+02		5.3609970e+02		4.9229125e+02		1.6852650e+02		3.2376475e+02
3.9000000e+02		3.9100000e+02		3.9050000e+02		8.5560997e+02		2.3857336e+02		5.6545354e+02		5.1947324e+02		1.7600044e+02		3.4347280e+02
3.9100000e+02		3.9200000e+02		3.9150000e+02		9.2006232e+02		2.5734629e+02		6.1051193e+02		5.6111021e+02		1.8815165e+02		3.7295857e+02
3.9200000e+02		3.9300000e+02		3.9250000e+02		7.0614281e+02		1.9812293e+02		4.7044439e+02		4.3256179e+02		1.4355629e+02		2.8900550e+02
3.9300000e+02		3.9400000e+02		3.9350000e+02		4.3291589e+02		1.2183566e+02		2.8956181e+02		2.6635758e+02		8.7490006e+01		1.7886758e+02
3.9400000e+02		3.9500000e+02		3.9450000e+02		7.1565803e+02		2.0201906e+02		4.8056108e+02		4.4223634e+02		1.4377136e+02		2.9846498e+02
3.9500000e+02		3.9600000e+02		3.9550000e+02		8.7888136e+02		2.4884009e+02		5.9246408e+02		5.4544132e+02		1.7550761e+02		3.6993371e+02
3.9600000e+02		3.9700000e+02		3.9650000e+02		6.0712893e+02		1.7240974e+02		4.1085161e+02		3.7839844e+02		1.2051269e+02		2.5788575e+02
3.9700000e+02		3.9800000e+02		3.9750000e+02		6.8053003e+02		1.9382354e+02		4.6228242e+02		4.2593979e+02		1.3426811e+02		2.9167168e+02
3.9800000e+02		3.9900000e+02		3.9850000e+02		1.0480559e+03		2.9937102e+02		7.1463518e+02		6.5871858e+02		2.0552829e+02		4.5319030e+02
3.9900000e+02		4.0000000e+02		3.9950000e+02		1.1577145e+03		3.3165053e+02		7.9236497e+02		7.3065723e+02		2.2565157e+02		5.0500566e+02
4.0000000e+02		4.0100000e+02		4.0050000e+02		1.1939713e+03		3.4301647e+02		8.2021114e+02		7.5663286e+02		2.3129643e+02		5.2533643e+02
4.0100000e+02		4.0200000e+02		4.0150000e+02		1.2509583e+03		3.6040751e+02		8.6251541e+02		7.9596825e+02		2.4084894e+02		5.5511931e+02
4.0200000e+02		4.0300000e+02		4.0250000e+02		1.2664199e+03		3.6588686e+02		8.7635166e+02		8.0904915e+02		2.4232346e+02		5.6672569e+02
4.0300000e+02		4.0400000e+02		4.0350000e+02		1.2115903e+03		3.5101950e+02		8.4142939e+02		7.7710564e+02		2.3039795e+02		5.4670769e+02
4.0400000e+02		4.0500000e+02		4.0450000e+02		1.1914959e+03		3.4614875e+02		8.3042484e+02		7.6723232e+02		2.2516971e+02		5.4206262e+02
4.0500000e+02		4.0600000e+02		4.0550000e+02		1.1904731e+03		3.4679520e+02		8.3264155e+02		7.6956823e+02		2.2357402e+02		5.4599420e+02
4.0600000e+02		4.0700000e+02		4.0650000e+02		1.1388815e+03		3.3266256e+02		7.9934212e+02		7.3906489e+02		2.1254685e+02		5.2651804e+02
4.0700000e+02		4.0800000e+02		4.0750000e+02		1.1575323e+03		3.3901516e+02		8.1524482e+02		7.5404468e+02		2.1467125e+02		5.3937343e+02
4.0800000e+02		4.0900000e+02		4.0850000e+02		1.2307397e+03		3.6141124e+02		8.6977544e+02		8.0477355e+02		2.2680996e+02		5.7796359e+02
4.0900000e+02		4.1000000e+02		4.0950000e+02		1.2243097e+03		3.6046667e+02		8.6816765e+02		8.0357432e+02		2.2419870e+02		5.7937562e+02
4.1000000e+02		4.1100000e+02		4.1050000e+02		1.1216634e+03		3.3110352e+02		7.9805300e+02		7.3893882e+02		2.0409917e+02		5.3483965e+02
4.1100000e+02		4.1200000e+02		4.1150000e+02		1.3003372e+03		3.8483434e+02		9.2825585e+02		8.5979942e+02		2.3510550e+02		6.2469392e+02
4.1200000e+02		4.1300000e+02		4.1250000e+02		1.2760342e+03		3.7860469e+02		9.1390767e+02		8.4680401e+02		2.2923909e+02		6.1756492e+02
4.1300000e+02		4.1400000e+02		4.1350000e+02		1.2308584e+03		3.6612296e+02		8.8442764e+02		8.1977085e+02		2.1970791e+02		6.0006294e+02
4.1400000e+02		4.1500000e+02		4.1450000e+02		1.2488872e+03		3.7241464e+02		9.0028017e+02		8.3474896e+02		2.2149500e+02		6.1325396e+02
4.1500000e+02		4.1600000e+02		4.1550000e+02		1.2477523e+03		3.7299769e+02		9.0233806e+02		8.3693936e+02		2.1986917e+02		6.1707019e+02
4.1600000e+02		4.1700000e+02		4.1650000e+02		1.2947363e+03		3.8799219e+02		9.3927976e+02		8.7149457e+02		2.2667563e+02		6.4481894e+02
4.1700000e+02		4.1800000e+02		4.1750000e+02		1.1781342e+03		3.5390776e+02		8.5736862e+02		7.9575764e+02		2.0492661e+02		5.9083103e+02
4.1800000e+02		4.1900000e+02		4.1850000e+02		1.2217101e+03		3.6788071e+02		8.9183958e+02		8.2802226e+02		2.1112739e+02		6.1689487e+02
4.1900000e+02		4.2000000e+02		4.1950000e+02		1.2338424e+03		3.7241918e+02		9.0346374e+02		8.3908618e+02		2.1183702e+02		6.2724916e+02
4.2000000e+02		4.2100000e+02		4.2050000e+02		1.2494927e+03		3.7803293e+02		9.1770701e+02		8.5258762e+02		2.1312519e+02		6.3946243e+02
4.2100000e+02		4.2200000e+02		4.2150000e+02		1.2299982e+03		3.7300454e+02		9.0611027e+02		8.4208072e+02		2.0842882e+02		6.3365190e+02
4.2200000e+02		4.2300000e+02		4.2250000e+02		1.1657134e+03		3.5432795e+02		8.6131439e+02		8.0070153e+02		1.9624148e+02		6.0446005e+02
4.2300000e+02		4.2400000e+02		4.2350000e+02		1.2419943e+03		3.7837948e+02		9.2038615e+02		8.5588203e+02		2.0771032e+02		6.4817171e+02
4.2400000e+02		4.2500000e+02		4.2450000e+02		1.2850442e+03		3.9238358e+02		9.5507270e+02		8.8841067e+02		2.1349607e+02		6.7491460e+02
4.2500000e+02		4.2600000e+02		4.2550000e+02		1.2367256e+03		3.7847871e+02		9.2182203e+02		8.5774174e+02		2.0411390e+02		6.5362784e+02
4.2600000e+02		4.2700000e+02		4.2650000e+02		1.2316584e+03		3.7776729e+02		9.2067630e+02		8.5693365e+02		2.0193480e+02		6.5499885e+02
4.2700000e+02		4.2800000e+02		4.2750000e+02		1.1420512e+03		3.5105597e+02		8.5611664e+02		7.9708126e+02		1.8600412e+02		6.1107714e+02
4.2800000e+02		4.2900000e+02		4.2850000e+02		1.1495483e+03		3.5413230e+02		8.6415789e+02		8.0480537e+02		1.8598371e+02		6.1882166e+02
4.2900000e+02		4.3000000e+02		4.2950000e+02		1.0698649e+03		3.3029782e+02		8.0649427e+02		7.5132154e+02		1.7194204e+02		5.7937950e+02
4.3000000e+02		4.3100000e+02		4.3050000e+02		8.6065012e+02		2.6627651e+02		6.5056925e+02		6.0623859e+02		1.3739792e+02		4.6884067e+02
4.3100000e+02		4.3200000e+02		4.3150000e+02		1.0641754e+03		3.2994380e+02		8.0660864e+02		7.5186024e+02		1.6875716e+02		5.8310308e+02
4.3200000e+02		4.3300000e+02		4.3250000e+02		1.1990384e+03		3.7253886e+02		9.1128416e+02		8.4967141e+02		1.8887427e+02		6.6079714e+02
4.3300000e+02		4.3400000e+02		4.3350000e+02		1.3017454e+03		4.0529154e+02		9.9198774e+02		9.2517771e+02		2.0368164e+02		7.2149607e+02
4.3400000e+02		4.3500000e+02		4.3450000e+02		1.1054356e+03		3.4488101e+02		8.4462080e+02		7.8795436e+02		1.7180705e+02		6.1614731e+02
4.3500000e+02		4.3600000e+02		4.3550000e+02		1.2347447e+03		3.8601023e+02		9.4589350e+02		8.8267482e+02		1.9061721e+02		6.9205761e+02
4.3600000e+02		4.3700000e+02		4.3650000e+02		1.3814970e+03		4.3276180e+02		1.0610615e+03		9.9041460e+02		2.1184010e+02		7.7857451e+02
4.3700000e+02		4.3800000e+02		4.3750000e+02		1.2223713e+03		3.8368168e+02		9.4125695e+02		8.7882309e+02		1.8617898e+02		6.9264411e+02
4.3800000e+02		4.3900000e+02		4.3850000e+02		1.1905029e+03		3.7441998e+02		9.1904963e+02		8.5831721e+02		1.8010401e+02		6.7821321e+02
4.3900000e+02		4.4000000e+02		4.3950000e+02		1.3250738e+03		4.1756208e+02		1.0255130e+03		9.5799763e+02		1.9911075e+02		7.5888688e+02
4.4000000e+02		4.4100000e+02		4.4050000e+02		1.2562739e+03		3.9665197e+02		9.7469169e+02		9.1075965e+02		1.8749821e+02		7.2326144e+02
4.4100000e+02		4.4200000e+02		4.4150000e+02		1.3817384e+03		4.3710658e+02		1.0746819e+03		1.0044505e+03		2.0482988e+02		7.9962066e+02
4.4200000e+02		4.4300000e+02		4.4250000e+02		1.4526378e+03		4.6041252e+02		1.1325884e+03		1.0588433e+03		2.1388298e+02		8.4496027e+02
4.4300000e+02		4.4400000e+02		4.4350000e+02		1.4050936e+03		4.4618546e+02		1.0981717e+03		1.0269272e+03		2.0548133e+02		8.2144582e+02
4.4400000e+02		4.4500000e+02		4.4450000e+02		1.4475318e+03		4.6052248e+02		1.1340521e+03		1.0607453e+03		2.1025214e+02		8.5049315e+02
4.4500000e+02		4.4600000e+02		4.4550000e+02		1.3420773e+03		4.2776484e+02		1.0539308e+03		9.8604748e+02		1.9361192e+02		7.9243555e+02
4.4600000e+02		4.4700000e+02		4.4650000e+02		1.3689269e+03		4.3712433e+02		1.0775425e+03		1.0083856e+03		1.9614367e+02		8.1224197e+02
4.4700000e+02		4.4800000e+02		4.4750000e+02		1.4837056e+03		4.7463751e+02		1.1706079e+03		1.0957441e+03		2.1114392e+02		8.8460020e+02
4.4800000e+02		4.4900000e+02		4.4850000e+02		1.4587166e+03		4.6748463e+02		1.1535444e+03		1.0800314e+03		2.0617500e+02		8.7385644e+02
4.4900000e+02		4.5000000e+02		4.4950000e+02		1.4737837e+03		4.7315652e+02		1.1681189e+03		1.0939373e+03		2.0688577e+02		8.8705152e+02
4.5000000e+02		4.5100000e+02		4.5050000e+02		1.5636828e+03		5.0290628e+02		1.2421732e+03		1.1635627e+03		2.1800929e+02		9.4555345e+02
4.5100000e+02		4.5200000e+02		4.5150000e+02		1.5589734e+03		5.0226990e+02		1.2412029e+03		1.1629250e+03		2.1587001e+02		9.4705497e+02
4.5200000e+02		4.5300000e+02		4.5250000e+02		1.4757889e+03		4.7629446e+02		1.1775773e+03		1.1035667e+03		2.0295653e+02		9.0061014e+02
4.5300000e+02		4.5400000e+02		4.5350000e+02		1.4141855e+03		4.5719701e+02		1.1308976e+03		1.0600629e+03		1.9315606e+02		8.6690688e+02
4.5400000e+02		4.5500000e+02		4.5450000e+02		1.5096596e+03		4.8889398e+02		1.2098691e+03		1.1343444e+03		2.0478695e+02		9.2955749e+02
4.5500000e+02		4.5600000e+02		4.5550000e+02		1.4952815e+03		4.8505423e+02		1.2009240e+03		1.1262099e+03		2.0144927e+02		9.2476062e+02
4.5600000e+02		4.5700000e+02		4.5650000e+02		1.5527317e+03		5.0453176e+02		1.2497212e+03		1.1722309e+03		2.0775763e+02		9.6447331e+02
4.5700000e+02		4.5800000e+02		4.5750000e+02		1.5677329e+03		5.1024890e+02		1.2644566e+03		1.1863129e+03		2.0832859e+02		9.7798431e+02
4.5800000e+02		4.5900000e+02		4.5850000e+02		1.4734199e+03		4.8033881e+02		1.1908707e+03		1.1175173e+03		1.9445455e+02		9.2306278e+02
4.5900000e+02		4.6000000e+02		4.5950000e+02		1.5222067e+03		4.9704901e+02		1.2328468e+03		1.1571567e+03		1.9951640e+02		9.5764027e+02
4.6000000e+02		4.6100000e+02		4.6050000e+02		1.5039223e+03		4.9186824e+02		1.2205331e+03		1.1458429e+03		1.9576834e+02		9.5007454e+02
4.6100000e+02		4.6200000e+02		4.6150000e+02		1.5386000e+03		5.0401138e+02		1.2512092e+03		1.1748894e+03		1.9890866e+02		9.7598073e+02
4.6200000e+02		4.6300000e+02		4.6250000e+02		1.5538294e+03		5.0980334e+02		1.2661323e+03		1.1891502e+03		1.9949918e+02		9.8965105e+02
4.6300000e+02		4.6400000e+02		4.6350000e+02		1.5018384e+03		4.9351555e+02		1.2262020e+03		1.1518857e+03		1.9150044e+02		9.6038523e+02
4.6400000e+02		4.6500000e+02		4.6450000e+02		1.5281564e+03		5.0294137e+02		1.2501477e+03		1.1746203e+03		1.9351839e+02		9.8110191e+02
4.6500000e+02		4.6600000e+02		4.6550000e+02		1.4760608e+03		4.8654097e+02		1.2098853e+03		1.1370206e+03		1.8563751e+02		9.5138306e+02
4.6600000e+02		4.6700000e+02		4.6650000e+02		1.4854121e+03		4.9036731e+02		1.2199026e+03		1.1466644e+03		1.8553025e+02		9.6113420e+02
4.6700000e+02		4.6800000e+02		4.6750000e+02		1.4997486e+03		4.9584531e+02		1.2340332e+03		1.1601769e+03		1.8603380e+02		9.7414309e+02
4.6800000e+02		4.6900000e+02		4.6850000e+02		1.4665907e+03		4.8560568e+02		1.2090366e+03		1.1368997e+03		1.8067054e+02		9.5622917e+02
4.6900000e+02		4.7000000e+02		4.6950000e+02		1.5086728e+03		5.0027744e+02		1.2460624e+03		1.1719444e+03		1.8457718e+02		9.8736721e+02
4.7000000e+02		4.7100000e+02		4.7050000e+02		1.4256243e+03		4.7343024e+02		1.1796582e+03		1.1097038e+03		1.7321765e+02		9.3648614e+02
4.7100000e+02		4.7200000e+02		4.7150000e+02		1.4904926e+03		4.9568963e+02		1.2356047e+03		1.1625543e+03		1.7985422e+02		9.8270010e+02
4.7200000e+02		4.7300000e+02		4.7250000e+02		1.5269264e+03		5.0853560e+02		1.2681154e+03		1.1933683e+03		1.8298370e+02		1.0103846e+03
4.7300000e+02		4.7400000e+02		4.7350000e+02		1.4995420e+03		5.0012588e+02		1.2476209e+03		1.1743014e+03		1.7846630e+02		9.9583507e+02
4.7400000e+02		4.7500000e+02		4.7450000e+02		1.5448084e+03		5.1594926e+02		1.2875807e+03		1.2121372e+03		1.8258932e+02		1.0295479e+03
4.7500000e+02		4.7600000e+02		4.7550000e+02		1.5413846e+03		5.1552459e+02		1.2870021e+03		1.2118146e+03		1.8093179e+02		1.0308828e+03
4.7600000e+02		4.7700000e+02		4.7650000e+02		1.4853490e+03		4.9747039e+02		1.2423895e+03		1.1700207e+03		1.7315519e+02		9.9686551e+02
4.7700000e+02		4.7800000e+02		4.7750000e+02		1.5508368e+03		5.2011528e+02		1.2994188e+03		1.2239479e+03		1.7954624e+02		1.0444017e+03
4.7800000e+02		4.7900000e+02		4.7850000e+02		1.5358791e+03		5.1579819e+02		1.2891000e+03		1.2144446e+03		1.7659184e+02		1.0378528e+03
4.7900000e+02		4.8000000e+02		4.7950000e+02		1.5403519e+03		5.1799615e+02		1.2950572e+03		1.2202719e+03		1.7588838e+02		1.0443835e+03
4.8000000e+02		4.8100000e+02		4.8050000e+02		1.5442750e+03		5.2000752e+02		1.3005469e+03		1.2256584e+03		1.7512402e+02		1.0505344e+03
4.8100000e+02		4.8200000e+02		4.8150000e+02		1.5475498e+03		5.2179830e+02		1.3054836e+03		1.2305235e+03		1.7428899e+02		1.0562345e+03
4.8200000e+02		4.8300000e+02		4.8250000e+02		1.5416562e+03		5.2049111e+02		1.3026652e+03		1.2280770e+03		1.7243186e+02		1.0556452e+03
4.8300000e+02		4.8400000e+02		4.8350000e+02		1.5183412e+03		5.1328393e+02		1.2850686e+03		1.2116933e+03		1.6865704e+02		1.0430363e+03
4.8400000e+02		4.8500000e+02		4.8450000e+02		1.4920771e+03		5.0505290e+02		1.2648911e+03		1.1928680e+03		1.6460083e+02		1.0282671e+03
4.8500000e+02		4.8600000e+02		4.8550000e+02		1.4021236e+03		4.7520838e+02		1.1905466e+03		1.1229432e+03		1.5361489e+02		9.6932834e+02
4.8600000e+02		4.8700000e+02		4.8650000e+02		1.2173217e+03		4.1309530e+02		1.0352782e+03		9.7665223e+02		1.3245224e+02		8.4419999e+02
4.8700000e+02		4.8800000e+02		4.8750000e+02		1.3927585e+03		4.7321965e+02		1.1863493e+03		1.1193509e+03		1.5050031e+02		9.6885055e+02
4.8800000e+02		4.8900000e+02		4.8850000e+02		1.4651201e+03		4.9842207e+02		1.2499383e+03		1.1795391e+03		1.5723282e+02		1.0223062e+03
4.8900000e+02		4.9000000e+02		4.8950000e+02		1.4372192e+03		4.8952988e+02		1.2280344e+03		1.1590541e+03		1.5318005e+02		1.0058740e+03
4.9000000e+02		4.9100000e+02		4.9050000e+02		1.5307557e+03		5.2202266e+02		1.3099637e+03		1.2365770e+03		1.6202991e+02		1.0745471e+03
4.9100000e+02		4.9200000e+02		4.9150000e+02		1.4425606e+03		4.9253827e+02		1.2363659e+03		1.1672852e+03		1.5164720e+02		1.0156380e+03
4.9200000e+02		4.9300000e+02		4.9250000e+02		1.3729411e+03		4.6932694e+02		1.1784692e+03		1.1127962e+03		1.4333895e+02		9.6945720e+02
4.9300000e+02		4.9400000e+02		4.9350000e+02		1.4509629e+03		4.9658411e+02		1.2472969e+03		1.1779694e+03		1.5044636e+02		1.0275231e+03
4.9400000e+02		4.9500000e+02		4.9450000e+02		1.4929449e+03		5.1155053e+02		1.2852822e+03		1.2140282e+03		1.5373872e+02		1.0602895e+03
4.9500000e+02		4.9600000e+02		4.9550000e+02		1.4663156e+03		5.0300908e+02		1.2642044e+03		1.1942990e+03		1.4996234e+02		1.0443367e+03
4.9600000e+02		4.9700000e+02		4.9650000e+02		1.4846220e+03		5.0987449e+02		1.2818433e+03		1.2111434e+03		1.5079504e+02		1.0603484e+03
4.9700000e+02		4.9800000e+02		4.9750000e+02		1.5123203e+03		5.1997882e+02		1.3076338e+03		1.2356942e+03		1.5255717e+02		1.0831371e+03
4.9800000e+02		4.9900000e+02		4.9850000e+02		1.3744029e+03		4.7309234e+02		1.1900738e+03		1.1247666e+03		1.3769616e+02		9.8707046e+02
4.9900000e+02		5.0000000e+02		4.9950000e+02		1.4721832e+03		5.0731680e+02		1.2765370e+03		1.2066601e+03		1.4648389e+02		1.0601762e+03
