Stipulated
Z (cm)		N2	CO2	H2O	CH4	SO2	O2	O3	H2S
5.0000000e+04	9.9999925e-01	0.0000000e+00	0.0000000e+00	0.0000000e+00	0.0000000e+00	0.0000000e+00	0.0000000e+00	7.4911055e-07
1.5000000e+05	9.9999925e-01	0.0000000e+00	0.0000000e+00	0.0000000e+00	0.0000000e+00	0.0000000e+00	0.0000000e+00	7.4911055e-07
2.5000000e+05	9.9999925e-01	0.0000000e+00	0.0000000e+00	0.0000000e+00	0.0000000e+00	0.0000000e+00	0.0000000e+00	7.4911055e-07
3.5000000e+05	9.9999925e-01	0.0000000e+00	0.0000000e+00	0.0000000e+00	0.0000000e+00	0.0000000e+00	0.0000000e+00	7.4911055e-07
5.5000000e+05	9.9999925e-01	0.0000000e+00	0.0000000e+00	0.0000000e+00	0.0000000e+00	0.0000000e+00	0.0000000e+00	7.4911055e-07
7.5000000e+05	9.9999925e-01	0.0000000e+00	0.0000000e+00	0.0000000e+00	0.0000000e+00	0.0000000e+00	0.0000000e+00	7.4911055e-07
9.5000000e+05	9.9999925e-01	0.0000000e+00	0.0000000e+00	0.0000000e+00	0.0000000e+00	0.0000000e+00	0.0000000e+00	7.4911055e-07
1.1500000e+06	9.9999925e-01	0.0000000e+00	0.0000000e+00	0.0000000e+00	0.0000000e+00	0.0000000e+00	0.0000000e+00	7.4911055e-07
1.3500000e+06	9.9999925e-01	0.0000000e+00	0.0000000e+00	0.0000000e+00	0.0000000e+00	0.0000000e+00	0.0000000e+00	7.4911055e-07
1.5500000e+06	9.9999925e-01	0.0000000e+00	0.0000000e+00	0.0000000e+00	0.0000000e+00	0.0000000e+00	0.0000000e+00	7.4911055e-07
1.7500000e+06	9.9999925e-01	0.0000000e+00	0.0000000e+00	0.0000000e+00	0.0000000e+00	0.0000000e+00	0.0000000e+00	7.4911055e-07
1.9500000e+06	9.9999925e-01	0.0000000e+00	0.0000000e+00	0.0000000e+00	0.0000000e+00	0.0000000e+00	0.0000000e+00	7.4911055e-07
2.1500000e+06	9.9999925e-01	0.0000000e+00	0.0000000e+00	0.0000000e+00	0.0000000e+00	0.0000000e+00	0.0000000e+00	7.4911055e-07
2.3500000e+06	9.9999925e-01	0.0000000e+00	0.0000000e+00	0.0000000e+00	0.0000000e+00	0.0000000e+00	0.0000000e+00	7.4911055e-07
2.5500000e+06	9.9999925e-01	0.0000000e+00	0.0000000e+00	0.0000000e+00	0.0000000e+00	0.0000000e+00	0.0000000e+00	7.4911055e-07
2.7500000e+06	9.9999925e-01	0.0000000e+00	0.0000000e+00	0.0000000e+00	0.0000000e+00	0.0000000e+00	0.0000000e+00	7.4911055e-07
2.9500000e+06	9.9999925e-01	0.0000000e+00	0.0000000e+00	0.0000000e+00	0.0000000e+00	0.0000000e+00	0.0000000e+00	7.4911055e-07
3.1500000e+06	9.9999925e-01	0.0000000e+00	0.0000000e+00	0.0000000e+00	0.0000000e+00	0.0000000e+00	0.0000000e+00	7.4911055e-07
3.3500000e+06	9.9999925e-01	0.0000000e+00	0.0000000e+00	0.0000000e+00	0.0000000e+00	0.0000000e+00	0.0000000e+00	7.4911055e-07
3.5500000e+06	9.9999925e-01	0.0000000e+00	0.0000000e+00	0.0000000e+00	0.0000000e+00	0.0000000e+00	0.0000000e+00	7.4911055e-07
3.7500000e+06	9.9999925e-01	0.0000000e+00	0.0000000e+00	0.0000000e+00	0.0000000e+00	0.0000000e+00	0.0000000e+00	7.4911055e-07
3.9500000e+06	9.9999925e-01	0.0000000e+00	0.0000000e+00	0.0000000e+00	0.0000000e+00	0.0000000e+00	0.0000000e+00	7.4911055e-07
4.1500000e+06	9.9999925e-01	0.0000000e+00	0.0000000e+00	0.0000000e+00	0.0000000e+00	0.0000000e+00	0.0000000e+00	7.4911055e-07
4.3500000e+06	9.9999925e-01	0.0000000e+00	0.0000000e+00	0.0000000e+00	0.0000000e+00	0.0000000e+00	0.0000000e+00	7.4911055e-07
4.5500000e+06	9.9999925e-01	0.0000000e+00	0.0000000e+00	0.0000000e+00	0.0000000e+00	0.0000000e+00	0.0000000e+00	7.4911055e-07
4.7500000e+06	9.9999925e-01	0.0000000e+00	0.0000000e+00	0.0000000e+00	0.0000000e+00	0.0000000e+00	0.0000000e+00	7.4911055e-07
4.9500000e+06	9.9999925e-01	0.0000000e+00	0.0000000e+00	0.0000000e+00	0.0000000e+00	0.0000000e+00	0.0000000e+00	7.4911055e-07
5.1500000e+06	9.9999925e-01	0.0000000e+00	0.0000000e+00	0.0000000e+00	0.0000000e+00	0.0000000e+00	0.0000000e+00	7.4911055e-07
5.3500000e+06	9.9999925e-01	0.0000000e+00	0.0000000e+00	0.0000000e+00	0.0000000e+00	0.0000000e+00	0.0000000e+00	7.4911055e-07
5.5500000e+06	9.9999925e-01	0.0000000e+00	0.0000000e+00	0.0000000e+00	0.0000000e+00	0.0000000e+00	0.0000000e+00	7.4911055e-07
5.7500000e+06	9.9999925e-01	0.0000000e+00	0.0000000e+00	0.0000000e+00	0.0000000e+00	0.0000000e+00	0.0000000e+00	7.4911055e-07
5.9500000e+06	9.9999925e-01	0.0000000e+00	0.0000000e+00	0.0000000e+00	0.0000000e+00	0.0000000e+00	0.0000000e+00	7.4911055e-07
6.1500000e+06	9.9999925e-01	0.0000000e+00	0.0000000e+00	0.0000000e+00	0.0000000e+00	0.0000000e+00	0.0000000e+00	7.4911055e-07
6.3500000e+06	9.9999925e-01	0.0000000e+00	0.0000000e+00	0.0000000e+00	0.0000000e+00	0.0000000e+00	0.0000000e+00	7.4911055e-07
6.5500000e+06	9.9999925e-01	0.0000000e+00	0.0000000e+00	0.0000000e+00	0.0000000e+00	0.0000000e+00	0.0000000e+00	7.4911055e-07
6.7500000e+06	9.9999925e-01	0.0000000e+00	0.0000000e+00	0.0000000e+00	0.0000000e+00	0.0000000e+00	0.0000000e+00	7.4911055e-07
6.9500000e+06	9.9999925e-01	0.0000000e+00	0.0000000e+00	0.0000000e+00	0.0000000e+00	0.0000000e+00	0.0000000e+00	7.4911055e-07
7.1500000e+06	9.9999925e-01	0.0000000e+00	0.0000000e+00	0.0000000e+00	0.0000000e+00	0.0000000e+00	0.0000000e+00	7.4911055e-07
7.3500000e+06	9.9999925e-01	0.0000000e+00	0.0000000e+00	0.0000000e+00	0.0000000e+00	0.0000000e+00	0.0000000e+00	7.4911055e-07
7.5500000e+06	9.9999925e-01	0.0000000e+00	0.0000000e+00	0.0000000e+00	0.0000000e+00	0.0000000e+00	0.0000000e+00	7.4911055e-07
7.7500000e+06	9.9999925e-01	0.0000000e+00	0.0000000e+00	0.0000000e+00	0.0000000e+00	0.0000000e+00	0.0000000e+00	7.4911055e-07
7.9500000e+06	9.9999925e-01	0.0000000e+00	0.0000000e+00	0.0000000e+00	0.0000000e+00	0.0000000e+00	0.0000000e+00	7.4911055e-07
8.1500000e+06	9.9999925e-01	0.0000000e+00	0.0000000e+00	0.0000000e+00	0.0000000e+00	0.0000000e+00	0.0000000e+00	7.4911055e-07
8.3500000e+06	9.9999925e-01	0.0000000e+00	0.0000000e+00	0.0000000e+00	0.0000000e+00	0.0000000e+00	0.0000000e+00	7.4911055e-07
8.5500000e+06	9.9999925e-01	0.0000000e+00	0.0000000e+00	0.0000000e+00	0.0000000e+00	0.0000000e+00	0.0000000e+00	7.4911055e-07
8.7500000e+06	9.9999925e-01	0.0000000e+00	0.0000000e+00	0.0000000e+00	0.0000000e+00	0.0000000e+00	0.0000000e+00	7.4911055e-07
8.9500000e+06	9.9999925e-01	0.0000000e+00	0.0000000e+00	0.0000000e+00	0.0000000e+00	0.0000000e+00	0.0000000e+00	7.4911055e-07
9.1500000e+06	9.9999925e-01	0.0000000e+00	0.0000000e+00	0.0000000e+00	0.0000000e+00	0.0000000e+00	0.0000000e+00	7.4911055e-07
9.3500000e+06	9.9999925e-01	0.0000000e+00	0.0000000e+00	0.0000000e+00	0.0000000e+00	0.0000000e+00	0.0000000e+00	7.4911055e-07
9.5500000e+06	9.9999925e-01	0.0000000e+00	0.0000000e+00	0.0000000e+00	0.0000000e+00	0.0000000e+00	0.0000000e+00	7.4911055e-07
9.7500000e+06	9.9999925e-01	0.0000000e+00	0.0000000e+00	0.0000000e+00	0.0000000e+00	0.0000000e+00	0.0000000e+00	7.4911055e-07
9.9500000e+06	9.9999925e-01	0.0000000e+00	0.0000000e+00	0.0000000e+00	0.0000000e+00	0.0000000e+00	0.0000000e+00	7.4911055e-07
