Wavelength (nm)     Rayleigh Scattering XC (cm2/molecule)
1.0000000e+02        8.6915117e-24
1.0010000e+02        8.6444251e-24
1.0020000e+02        8.5976561e-24
1.0030000e+02        8.5512020e-24
1.0040000e+02        8.5050603e-24
1.0050000e+02        8.4592286e-24
1.0060000e+02        8.4137044e-24
1.0070000e+02        8.3684852e-24
1.0080000e+02        8.3235686e-24
1.0090000e+02        8.2789522e-24
1.0100000e+02        8.2346336e-24
1.0110000e+02        8.1906104e-24
1.0120000e+02        8.1468803e-24
1.0130000e+02        8.1034410e-24
1.0140000e+02        8.0602902e-24
1.0150000e+02        8.0174256e-24
1.0160000e+02        7.9748449e-24
1.0170000e+02        7.9325460e-24
1.0180000e+02        7.8905265e-24
1.0190000e+02        7.8487844e-24
1.0200000e+02        7.8073174e-24
1.0210000e+02        7.7661233e-24
1.0220000e+02        7.7252001e-24
1.0230000e+02        7.6845456e-24
1.0240000e+02        7.6441577e-24
1.0250000e+02        7.6040344e-24
1.0260000e+02        7.5641735e-24
1.0270000e+02        7.5245731e-24
1.0280000e+02        7.4852310e-24
1.0290000e+02        7.4461454e-24
1.0300000e+02        7.4073142e-24
1.0310000e+02        7.3687355e-24
1.0320000e+02        7.3304072e-24
1.0330000e+02        7.2923275e-24
1.0340000e+02        7.2544945e-24
1.0350000e+02        7.2169062e-24
1.0360000e+02        7.1795608e-24
1.0370000e+02        7.1424563e-24
1.0380000e+02        7.1055910e-24
1.0390000e+02        7.0689630e-24
1.0400000e+02        7.0325705e-24
1.0410000e+02        6.9964117e-24
1.0420000e+02        6.9604848e-24
1.0430000e+02        6.9247880e-24
1.0440000e+02        6.8893196e-24
1.0450000e+02        6.8540778e-24
1.0460000e+02        6.8190609e-24
1.0470000e+02        6.7842673e-24
1.0480000e+02        6.7496951e-24
1.0490000e+02        6.7153428e-24
1.0500000e+02        6.6812087e-24
1.0510000e+02        6.6472911e-24
1.0520000e+02        6.6135883e-24
1.0530000e+02        6.5800989e-24
1.0540000e+02        6.5468210e-24
1.0550000e+02        6.5137533e-24
1.0560000e+02        6.4808940e-24
1.0570000e+02        6.4482417e-24
1.0580000e+02        6.4157947e-24
1.0590000e+02        6.3835515e-24
1.0600000e+02        6.3515107e-24
1.0610000e+02        6.3196706e-24
1.0620000e+02        6.2880299e-24
1.0630000e+02        6.2565869e-24
1.0640000e+02        6.2253403e-24
1.0650000e+02        6.1942885e-24
1.0660000e+02        6.1634302e-24
1.0670000e+02        6.1327639e-24
1.0680000e+02        6.1022881e-24
1.0690000e+02        6.0720015e-24
1.0700000e+02        6.0419026e-24
1.0710000e+02        6.0119901e-24
1.0720000e+02        5.9822626e-24
1.0730000e+02        5.9527188e-24
1.0740000e+02        5.9233572e-24
1.0750000e+02        5.8941765e-24
1.0760000e+02        5.8651755e-24
1.0770000e+02        5.8363528e-24
1.0780000e+02        5.8077070e-24
1.0790000e+02        5.7792369e-24
1.0800000e+02        5.7509413e-24
1.0810000e+02        5.7228187e-24
1.0820000e+02        5.6948681e-24
1.0830000e+02        5.6670880e-24
1.0840000e+02        5.6394774e-24
1.0850000e+02        5.6120348e-24
1.0860000e+02        5.5847592e-24
1.0870000e+02        5.5576493e-24
1.0880000e+02        5.5307039e-24
1.0890000e+02        5.5039219e-24
1.0900000e+02        5.4773020e-24
1.0910000e+02        5.4508430e-24
1.0920000e+02        5.4245439e-24
1.0930000e+02        5.3984034e-24
1.0940000e+02        5.3724204e-24
1.0950000e+02        5.3465938e-24
1.0960000e+02        5.3209225e-24
1.0970000e+02        5.2954053e-24
1.0980000e+02        5.2700412e-24
1.0990000e+02        5.2448290e-24
1.1000000e+02        5.2197677e-24
1.1010000e+02        5.1948561e-24
1.1020000e+02        5.1700933e-24
1.1030000e+02        5.1454781e-24
1.1040000e+02        5.1210096e-24
1.1050000e+02        5.0966866e-24
1.1060000e+02        5.0725081e-24
1.1070000e+02        5.0484732e-24
1.1080000e+02        5.0245807e-24
1.1090000e+02        5.0008297e-24
1.1100000e+02        4.9772192e-24
1.1110000e+02        4.9537482e-24
1.1120000e+02        4.9304157e-24
1.1130000e+02        4.9072208e-24
1.1140000e+02        4.8841624e-24
1.1150000e+02        4.8612395e-24
1.1160000e+02        4.8384514e-24
1.1170000e+02        4.8157970e-24
1.1180000e+02        4.7932753e-24
1.1190000e+02        4.7708854e-24
1.1200000e+02        4.7486265e-24
1.1210000e+02        4.7264976e-24
1.1220000e+02        4.7044978e-24
1.1230000e+02        4.6826262e-24
1.1240000e+02        4.6608819e-24
1.1250000e+02        4.6392640e-24
1.1260000e+02        4.6177717e-24
1.1270000e+02        4.5964041e-24
1.1280000e+02        4.5751602e-24
1.1290000e+02        4.5540393e-24
1.1300000e+02        4.5330405e-24
1.1310000e+02        4.5121630e-24
1.1320000e+02        4.4914059e-24
1.1330000e+02        4.4707684e-24
1.1340000e+02        4.4502497e-24
1.1350000e+02        4.4298489e-24
1.1360000e+02        4.4095652e-24
1.1370000e+02        4.3893979e-24
1.1380000e+02        4.3693462e-24
1.1390000e+02        4.3494092e-24
1.1400000e+02        4.3295862e-24
1.1410000e+02        4.3098763e-24
1.1420000e+02        4.2902789e-24
1.1430000e+02        4.2707931e-24
1.1440000e+02        4.2514182e-24
1.1450000e+02        4.2321535e-24
1.1460000e+02        4.2129981e-24
1.1470000e+02        4.1939514e-24
1.1480000e+02        4.1750126e-24
1.1490000e+02        4.1561810e-24
1.1500000e+02        4.1374558e-24
1.1510000e+02        4.1188364e-24
1.1520000e+02        4.1003220e-24
1.1530000e+02        4.0819119e-24
1.1540000e+02        4.0636054e-24
1.1550000e+02        4.0454018e-24
1.1560000e+02        4.0273004e-24
1.1570000e+02        4.0093006e-24
1.1580000e+02        3.9914016e-24
1.1590000e+02        3.9736028e-24
1.1600000e+02        3.9559036e-24
1.1610000e+02        3.9383031e-24
1.1620000e+02        3.9208009e-24
1.1630000e+02        3.9033961e-24
1.1640000e+02        3.8860883e-24
1.1650000e+02        3.8688767e-24
1.1660000e+02        3.8517606e-24
1.1670000e+02        3.8347396e-24
1.1680000e+02        3.8178128e-24
1.1690000e+02        3.8009798e-24
1.1700000e+02        3.7842398e-24
1.1710000e+02        3.7675924e-24
1.1720000e+02        3.7510367e-24
1.1730000e+02        3.7345723e-24
1.1740000e+02        3.7181986e-24
1.1750000e+02        3.7019149e-24
1.1760000e+02        3.6857207e-24
1.1770000e+02        3.6696153e-24
1.1780000e+02        3.6535983e-24
1.1790000e+02        3.6376689e-24
1.1800000e+02        3.6218267e-24
1.1810000e+02        3.6060710e-24
1.1820000e+02        3.5904013e-24
1.1830000e+02        3.5748171e-24
1.1840000e+02        3.5593177e-24
1.1850000e+02        3.5439027e-24
1.1860000e+02        3.5285714e-24
1.1870000e+02        3.5133234e-24
1.1880000e+02        3.4981580e-24
1.1890000e+02        3.4830749e-24
1.1900000e+02        3.4680733e-24
1.1910000e+02        3.4531528e-24
1.1920000e+02        3.4383129e-24
1.1930000e+02        3.4235530e-24
1.1940000e+02        3.4088727e-24
1.1950000e+02        3.3942714e-24
1.1960000e+02        3.3797486e-24
1.1970000e+02        3.3653038e-24
1.1980000e+02        3.3509364e-24
1.1990000e+02        3.3366461e-24
1.2000000e+02        3.3224323e-24
1.2010000e+02        3.3082945e-24
1.2020000e+02        3.2942323e-24
1.2030000e+02        3.2802451e-24
1.2040000e+02        3.2663325e-24
1.2050000e+02        3.2524939e-24
1.2060000e+02        3.2387290e-24
1.2070000e+02        3.2250372e-24
1.2080000e+02        3.2114181e-24
1.2090000e+02        3.1978712e-24
1.2100000e+02        3.1843961e-24
1.2110000e+02        3.1709923e-24
1.2120000e+02        3.1576594e-24
1.2130000e+02        3.1443969e-24
1.2140000e+02        3.1312043e-24
1.2150000e+02        3.1180813e-24
1.2160000e+02        3.1050273e-24
1.2170000e+02        3.0920420e-24
1.2180000e+02        3.0791249e-24
1.2190000e+02        3.0662755e-24
1.2200000e+02        3.0534936e-24
1.2210000e+02        3.0407785e-24
1.2220000e+02        3.0281300e-24
1.2230000e+02        3.0155476e-24
1.2240000e+02        3.0030309e-24
1.2250000e+02        2.9905794e-24
1.2260000e+02        2.9781928e-24
1.2270000e+02        2.9658707e-24
1.2280000e+02        2.9536126e-24
1.2290000e+02        2.9414182e-24
1.2300000e+02        2.9292871e-24
1.2310000e+02        2.9172188e-24
1.2320000e+02        2.9052130e-24
1.2330000e+02        2.8932693e-24
1.2340000e+02        2.8813873e-24
1.2350000e+02        2.8695666e-24
1.2360000e+02        2.8578069e-24
1.2370000e+02        2.8461077e-24
1.2380000e+02        2.8344687e-24
1.2390000e+02        2.8228896e-24
1.2400000e+02        2.8113699e-24
1.2410000e+02        2.7999093e-24
1.2420000e+02        2.7885074e-24
1.2430000e+02        2.7771639e-24
1.2440000e+02        2.7658784e-24
1.2450000e+02        2.7546505e-24
1.2460000e+02        2.7434800e-24
1.2470000e+02        2.7323664e-24
1.2480000e+02        2.7213094e-24
1.2490000e+02        2.7103086e-24
1.2500000e+02        2.6993638e-24
1.2510000e+02        2.6884745e-24
1.2520000e+02        2.6776405e-24
1.2530000e+02        2.6668613e-24
1.2540000e+02        2.6561367e-24
1.2550000e+02        2.6454664e-24
1.2560000e+02        2.6348499e-24
1.2570000e+02        2.6242870e-24
1.2580000e+02        2.6137774e-24
1.2590000e+02        2.6033207e-24
1.2600000e+02        2.5929166e-24
1.2610000e+02        2.5825648e-24
1.2620000e+02        2.5722650e-24
1.2630000e+02        2.5620168e-24
1.2640000e+02        2.5518200e-24
1.2650000e+02        2.5416743e-24
1.2660000e+02        2.5315792e-24
1.2670000e+02        2.5215347e-24
1.2680000e+02        2.5115402e-24
1.2690000e+02        2.5015956e-24
1.2700000e+02        2.4917005e-24
1.2710000e+02        2.4818546e-24
1.2720000e+02        2.4720577e-24
1.2730000e+02        2.4623094e-24
1.2740000e+02        2.4526095e-24
1.2750000e+02        2.4429577e-24
1.2760000e+02        2.4333536e-24
1.2770000e+02        2.4237971e-24
1.2780000e+02        2.4142878e-24
1.2790000e+02        2.4048254e-24
1.2800000e+02        2.3954097e-24
1.2810000e+02        2.3860403e-24
1.2820000e+02        2.3767171e-24
1.2830000e+02        2.3674397e-24
1.2840000e+02        2.3582079e-24
1.2850000e+02        2.3490214e-24
1.2860000e+02        2.3398799e-24
1.2870000e+02        2.3307832e-24
1.2880000e+02        2.3217310e-24
1.2890000e+02        2.3127230e-24
1.2900000e+02        2.3037591e-24
1.2910000e+02        2.2948388e-24
1.2920000e+02        2.2859621e-24
1.2930000e+02        2.2771285e-24
1.2940000e+02        2.2683379e-24
1.2950000e+02        2.2595900e-24
1.2960000e+02        2.2508846e-24
1.2970000e+02        2.2422214e-24
1.2980000e+02        2.2336002e-24
1.2990000e+02        2.2250207e-24
1.3000000e+02        2.2164827e-24
1.3010000e+02        2.2079859e-24
1.3020000e+02        2.1995301e-24
1.3030000e+02        2.1911151e-24
1.3040000e+02        2.1827406e-24
1.3050000e+02        2.1744065e-24
1.3060000e+02        2.1661124e-24
1.3070000e+02        2.1578581e-24
1.3080000e+02        2.1496434e-24
1.3090000e+02        2.1414681e-24
1.3100000e+02        2.1333319e-24
1.3110000e+02        2.1252347e-24
1.3120000e+02        2.1171762e-24
1.3130000e+02        2.1091561e-24
1.3140000e+02        2.1011743e-24
1.3150000e+02        2.0932305e-24
1.3160000e+02        2.0853246e-24
1.3170000e+02        2.0774562e-24
1.3180000e+02        2.0696253e-24
1.3190000e+02        2.0618315e-24
1.3200000e+02        2.0540747e-24
1.3210000e+02        2.0463546e-24
1.3220000e+02        2.0386711e-24
1.3230000e+02        2.0310239e-24
1.3240000e+02        2.0234128e-24
1.3250000e+02        2.0158377e-24
1.3260000e+02        2.0082982e-24
1.3270000e+02        2.0007943e-24
1.3280000e+02        1.9933257e-24
1.3290000e+02        1.9858923e-24
1.3300000e+02        1.9784937e-24
1.3310000e+02        1.9711299e-24
1.3320000e+02        1.9638006e-24
1.3330000e+02        1.9565056e-24
1.3340000e+02        1.9492448e-24
1.3350000e+02        1.9420179e-24
1.3360000e+02        1.9348247e-24
1.3370000e+02        1.9276651e-24
1.3380000e+02        1.9205390e-24
1.3390000e+02        1.9134459e-24
1.3400000e+02        1.9063859e-24
1.3410000e+02        1.8993588e-24
1.3420000e+02        1.8923642e-24
1.3430000e+02        1.8854021e-24
1.3440000e+02        1.8784723e-24
1.3450000e+02        1.8715746e-24
1.3460000e+02        1.8647088e-24
1.3470000e+02        1.8578747e-24
1.3480000e+02        1.8510722e-24
1.3490000e+02        1.8443010e-24
1.3500000e+02        1.8375611e-24
1.3510000e+02        1.8308522e-24
1.3520000e+02        1.8241742e-24
1.3530000e+02        1.8175269e-24
1.3540000e+02        1.8109101e-24
1.3550000e+02        1.8043237e-24
1.3560000e+02        1.7977674e-24
1.3570000e+02        1.7912412e-24
1.3580000e+02        1.7847449e-24
1.3590000e+02        1.7782782e-24
1.3600000e+02        1.7718411e-24
1.3610000e+02        1.7654333e-24
1.3620000e+02        1.7590547e-24
1.3630000e+02        1.7527052e-24
1.3640000e+02        1.7463846e-24
1.3650000e+02        1.7400927e-24
1.3660000e+02        1.7338294e-24
1.3670000e+02        1.7275945e-24
1.3680000e+02        1.7213879e-24
1.3690000e+02        1.7152094e-24
1.3700000e+02        1.7090588e-24
1.3710000e+02        1.7029360e-24
1.3720000e+02        1.6968409e-24
1.3730000e+02        1.6907733e-24
1.3740000e+02        1.6847330e-24
1.3750000e+02        1.6787200e-24
1.3760000e+02        1.6727340e-24
1.3770000e+02        1.6667749e-24
1.3780000e+02        1.6608426e-24
1.3790000e+02        1.6549368e-24
1.3800000e+02        1.6490576e-24
1.3810000e+02        1.6432047e-24
1.3820000e+02        1.6373780e-24
1.3830000e+02        1.6315774e-24
1.3840000e+02        1.6258026e-24
1.3850000e+02        1.6200537e-24
1.3860000e+02        1.6143303e-24
1.3870000e+02        1.6086325e-24
1.3880000e+02        1.6029600e-24
1.3890000e+02        1.5973128e-24
1.3900000e+02        1.5916906e-24
1.3910000e+02        1.5860934e-24
1.3920000e+02        1.5805210e-24
1.3930000e+02        1.5749733e-24
1.3940000e+02        1.5694501e-24
1.3950000e+02        1.5639514e-24
1.3960000e+02        1.5584770e-24
1.3970000e+02        1.5530267e-24
1.3980000e+02        1.5476005e-24
1.3990000e+02        1.5421982e-24
1.4000000e+02        1.5368197e-24
1.4010000e+02        1.5314648e-24
1.4020000e+02        1.5261335e-24
1.4030000e+02        1.5208256e-24
1.4040000e+02        1.5155409e-24
1.4050000e+02        1.5102795e-24
1.4060000e+02        1.5050410e-24
1.4070000e+02        1.4998255e-24
1.4080000e+02        1.4946328e-24
1.4090000e+02        1.4894628e-24
1.4100000e+02        1.4843153e-24
1.4110000e+02        1.4791902e-24
1.4120000e+02        1.4740875e-24
1.4130000e+02        1.4690070e-24
1.4140000e+02        1.4639486e-24
1.4150000e+02        1.4589121e-24
1.4160000e+02        1.4538975e-24
1.4170000e+02        1.4489047e-24
1.4180000e+02        1.4439335e-24
1.4190000e+02        1.4389838e-24
1.4200000e+02        1.4340555e-24
1.4210000e+02        1.4291485e-24
1.4220000e+02        1.4242626e-24
1.4230000e+02        1.4193979e-24
1.4240000e+02        1.4145541e-24
1.4250000e+02        1.4097312e-24
1.4260000e+02        1.4049290e-24
1.4270000e+02        1.4001475e-24
1.4280000e+02        1.3953865e-24
1.4290000e+02        1.3906459e-24
1.4300000e+02        1.3859257e-24
1.4310000e+02        1.3812256e-24
1.4320000e+02        1.3765457e-24
1.4330000e+02        1.3718858e-24
1.4340000e+02        1.3672458e-24
1.4350000e+02        1.3626255e-24
1.4360000e+02        1.3580250e-24
1.4370000e+02        1.3534441e-24
1.4380000e+02        1.3488827e-24
1.4390000e+02        1.3443407e-24
1.4400000e+02        1.3398180e-24
1.4410000e+02        1.3353145e-24
1.4420000e+02        1.3308301e-24
1.4430000e+02        1.3263647e-24
1.4440000e+02        1.3219182e-24
1.4450000e+02        1.3174905e-24
1.4460000e+02        1.3130816e-24
1.4470000e+02        1.3086912e-24
1.4480000e+02        1.3043194e-24
1.4490000e+02        1.2999661e-24
1.4500000e+02        1.2956310e-24
1.4510000e+02        1.2913142e-24
1.4520000e+02        1.2870156e-24
1.4530000e+02        1.2827350e-24
1.4540000e+02        1.2784724e-24
1.4550000e+02        1.2742277e-24
1.4560000e+02        1.2700007e-24
1.4570000e+02        1.2657915e-24
1.4580000e+02        1.2615998e-24
1.4590000e+02        1.2574257e-24
1.4600000e+02        1.2532690e-24
1.4610000e+02        1.2491297e-24
1.4620000e+02        1.2450076e-24
1.4630000e+02        1.2409027e-24
1.4640000e+02        1.2368149e-24
1.4650000e+02        1.2327441e-24
1.4660000e+02        1.2286902e-24
1.4670000e+02        1.2246531e-24
1.4680000e+02        1.2206328e-24
1.4690000e+02        1.2166291e-24
1.4700000e+02        1.2126420e-24
1.4710000e+02        1.2086714e-24
1.4720000e+02        1.2047172e-24
1.4730000e+02        1.2007794e-24
1.4740000e+02        1.1968578e-24
1.4750000e+02        1.1929523e-24
1.4760000e+02        1.1890630e-24
1.4770000e+02        1.1851896e-24
1.4780000e+02        1.1813322e-24
1.4790000e+02        1.1774907e-24
1.4800000e+02        1.1736649e-24
1.4810000e+02        1.1698548e-24
1.4820000e+02        1.1660603e-24
1.4830000e+02        1.1622814e-24
1.4840000e+02        1.1585179e-24
1.4850000e+02        1.1547699e-24
1.4860000e+02        1.1510371e-24
1.4870000e+02        1.1473196e-24
1.4880000e+02        1.1436172e-24
1.4890000e+02        1.1399299e-24
1.4900000e+02        1.1362576e-24
1.4910000e+02        1.1326003e-24
1.4920000e+02        1.1289578e-24
1.4930000e+02        1.1253301e-24
1.4940000e+02        1.1217172e-24
1.4950000e+02        1.1181189e-24
1.4960000e+02        1.1145351e-24
1.4970000e+02        1.1109659e-24
1.4980000e+02        1.1074111e-24
1.4990000e+02        1.1038707e-24
1.5000000e+02        1.1003445e-24
1.5010000e+02        1.0968326e-24
1.5020000e+02        1.0933349e-24
1.5030000e+02        1.0898512e-24
1.5040000e+02        1.0863815e-24
1.5050000e+02        1.0829258e-24
1.5060000e+02        1.0794840e-24
1.5070000e+02        1.0760560e-24
1.5080000e+02        1.0726417e-24
1.5090000e+02        1.0692412e-24
1.5100000e+02        1.0658542e-24
1.5110000e+02        1.0624808e-24
1.5120000e+02        1.0591209e-24
1.5130000e+02        1.0557744e-24
1.5140000e+02        1.0524412e-24
1.5150000e+02        1.0491214e-24
1.5160000e+02        1.0458147e-24
1.5170000e+02        1.0425213e-24
1.5180000e+02        1.0392409e-24
1.5190000e+02        1.0359736e-24
1.5200000e+02        1.0327192e-24
1.5210000e+02        1.0294778e-24
1.5220000e+02        1.0262492e-24
1.5230000e+02        1.0230334e-24
1.5240000e+02        1.0198303e-24
1.5250000e+02        1.0166399e-24
1.5260000e+02        1.0134621e-24
1.5270000e+02        1.0102969e-24
1.5280000e+02        1.0071441e-24
1.5290000e+02        1.0040038e-24
1.5300000e+02        1.0008758e-24
1.5310000e+02        9.9776015e-25
1.5320000e+02        9.9465675e-25
1.5330000e+02        9.9156554e-25
1.5340000e+02        9.8848647e-25
1.5350000e+02        9.8541947e-25
1.5360000e+02        9.8236450e-25
1.5370000e+02        9.7932149e-25
1.5380000e+02        9.7629039e-25
1.5390000e+02        9.7327115e-25
1.5400000e+02        9.7026369e-25
1.5410000e+02        9.6726798e-25
1.5420000e+02        9.6428396e-25
1.5430000e+02        9.6131156e-25
1.5440000e+02        9.5835074e-25
1.5450000e+02        9.5540144e-25
1.5460000e+02        9.5246361e-25
1.5470000e+02        9.4953719e-25
1.5480000e+02        9.4662213e-25
1.5490000e+02        9.4371838e-25
1.5500000e+02        9.4082588e-25
1.5510000e+02        9.3794458e-25
1.5520000e+02        9.3507443e-25
1.5530000e+02        9.3221538e-25
1.5540000e+02        9.2936737e-25
1.5550000e+02        9.2653036e-25
1.5560000e+02        9.2370429e-25
1.5570000e+02        9.2088911e-25
1.5580000e+02        9.1808477e-25
1.5590000e+02        9.1529122e-25
1.5600000e+02        9.1250841e-25
1.5610000e+02        9.0973629e-25
1.5620000e+02        9.0697481e-25
1.5630000e+02        9.0422393e-25
1.5640000e+02        9.0148359e-25
1.5650000e+02        8.9875374e-25
1.5660000e+02        8.9603433e-25
1.5670000e+02        8.9332533e-25
1.5680000e+02        8.9062667e-25
1.5690000e+02        8.8793832e-25
1.5700000e+02        8.8526021e-25
1.5710000e+02        8.8259232e-25
1.5720000e+02        8.7993459e-25
1.5730000e+02        8.7728696e-25
1.5740000e+02        8.7464941e-25
1.5750000e+02        8.7202188e-25
1.5760000e+02        8.6940432e-25
1.5770000e+02        8.6679669e-25
1.5780000e+02        8.6419894e-25
1.5790000e+02        8.6161104e-25
1.5800000e+02        8.5903292e-25
1.5810000e+02        8.5646456e-25
1.5820000e+02        8.5390590e-25
1.5830000e+02        8.5135689e-25
1.5840000e+02        8.4881751e-25
1.5850000e+02        8.4628770e-25
1.5860000e+02        8.4376741e-25
1.5870000e+02        8.4125661e-25
1.5880000e+02        8.3875526e-25
1.5890000e+02        8.3626330e-25
1.5900000e+02        8.3378070e-25
1.5910000e+02        8.3130741e-25
1.5920000e+02        8.2884340e-25
1.5930000e+02        8.2638862e-25
1.5940000e+02        8.2394302e-25
1.5950000e+02        8.2150657e-25
1.5960000e+02        8.1907923e-25
1.5970000e+02        8.1666096e-25
1.5980000e+02        8.1425170e-25
1.5990000e+02        8.1185143e-25
1.6000000e+02        8.0946010e-25
1.6010000e+02        8.0707768e-25
1.6020000e+02        8.0470412e-25
1.6030000e+02        8.0233938e-25
1.6040000e+02        7.9998342e-25
1.6050000e+02        7.9763621e-25
1.6060000e+02        7.9529770e-25
1.6070000e+02        7.9296786e-25
1.6080000e+02        7.9064664e-25
1.6090000e+02        7.8833401e-25
1.6100000e+02        7.8602994e-25
1.6110000e+02        7.8373437e-25
1.6120000e+02        7.8144728e-25
1.6130000e+02        7.7916863e-25
1.6140000e+02        7.7689837e-25
1.6150000e+02        7.7463647e-25
1.6160000e+02        7.7238290e-25
1.6170000e+02        7.7013762e-25
1.6180000e+02        7.6790058e-25
1.6190000e+02        7.6567176e-25
1.6200000e+02        7.6345112e-25
1.6210000e+02        7.6123862e-25
1.6220000e+02        7.5903422e-25
1.6230000e+02        7.5683789e-25
1.6240000e+02        7.5464960e-25
1.6250000e+02        7.5246930e-25
1.6260000e+02        7.5029697e-25
1.6270000e+02        7.4813256e-25
1.6280000e+02        7.4597605e-25
1.6290000e+02        7.4382739e-25
1.6300000e+02        7.4168656e-25
1.6310000e+02        7.3955351e-25
1.6320000e+02        7.3742823e-25
1.6330000e+02        7.3531066e-25
1.6340000e+02        7.3320078e-25
1.6350000e+02        7.3109855e-25
1.6360000e+02        7.2900394e-25
1.6370000e+02        7.2691692e-25
1.6380000e+02        7.2483745e-25
1.6390000e+02        7.2276550e-25
1.6400000e+02        7.2070104e-25
1.6410000e+02        7.1864403e-25
1.6420000e+02        7.1659445e-25
1.6430000e+02        7.1455226e-25
1.6440000e+02        7.1251742e-25
1.6450000e+02        7.1048991e-25
1.6460000e+02        7.0846969e-25
1.6470000e+02        7.0645673e-25
1.6480000e+02        7.0445101e-25
1.6490000e+02        7.0245248e-25
1.6500000e+02        7.0046113e-25
1.6510000e+02        6.9847690e-25
1.6520000e+02        6.9649979e-25
1.6530000e+02        6.9452975e-25
1.6540000e+02        6.9256676e-25
1.6550000e+02        6.9061078e-25
1.6560000e+02        6.8866178e-25
1.6570000e+02        6.8671974e-25
1.6580000e+02        6.8478462e-25
1.6590000e+02        6.8285639e-25
1.6600000e+02        6.8093503e-25
1.6610000e+02        6.7902051e-25
1.6620000e+02        6.7711279e-25
1.6630000e+02        6.7521185e-25
1.6640000e+02        6.7331765e-25
1.6650000e+02        6.7143018e-25
1.6660000e+02        6.6954939e-25
1.6670000e+02        6.6767526e-25
1.6680000e+02        6.6580777e-25
1.6690000e+02        6.6394688e-25
1.6700000e+02        6.6209257e-25
1.6710000e+02        6.6024480e-25
1.6720000e+02        6.5840355e-25
1.6730000e+02        6.5656880e-25
1.6740000e+02        6.5474051e-25
1.6750000e+02        6.5291866e-25
1.6760000e+02        6.5110322e-25
1.6770000e+02        6.4929416e-25
1.6780000e+02        6.4749145e-25
1.6790000e+02        6.4569508e-25
1.6800000e+02        6.4390500e-25
1.6810000e+02        6.4212120e-25
1.6820000e+02        6.4034365e-25
1.6830000e+02        6.3857232e-25
1.6840000e+02        6.3680719e-25
1.6850000e+02        6.3504822e-25
1.6860000e+02        6.3329540e-25
1.6870000e+02        6.3154870e-25
1.6880000e+02        6.2980808e-25
1.6890000e+02        6.2807354e-25
1.6900000e+02        6.2634503e-25
1.6910000e+02        6.2462254e-25
1.6920000e+02        6.2290604e-25
1.6930000e+02        6.2119550e-25
1.6940000e+02        6.1949090e-25
1.6950000e+02        6.1779222e-25
1.6960000e+02        6.1609942e-25
1.6970000e+02        6.1441250e-25
1.6980000e+02        6.1273141e-25
1.6990000e+02        6.1105614e-25
1.7000000e+02        6.0938666e-25
1.7010000e+02        6.0772294e-25
1.7020000e+02        6.0606498e-25
1.7030000e+02        6.0441273e-25
1.7040000e+02        6.0276617e-25
1.7050000e+02        6.0112529e-25
1.7060000e+02        5.9949006e-25
1.7070000e+02        5.9786045e-25
1.7080000e+02        5.9623645e-25
1.7090000e+02        5.9461802e-25
1.7100000e+02        5.9300515e-25
1.7110000e+02        5.9139780e-25
1.7120000e+02        5.8979597e-25
1.7130000e+02        5.8819963e-25
1.7140000e+02        5.8660875e-25
1.7150000e+02        5.8502331e-25
1.7160000e+02        5.8344329e-25
1.7170000e+02        5.8186866e-25
1.7180000e+02        5.8029941e-25
1.7190000e+02        5.7873551e-25
1.7200000e+02        5.7717694e-25
1.7210000e+02        5.7562368e-25
1.7220000e+02        5.7407570e-25
1.7230000e+02        5.7253299e-25
1.7240000e+02        5.7099552e-25
1.7250000e+02        5.6946327e-25
1.7260000e+02        5.6793622e-25
1.7270000e+02        5.6641435e-25
1.7280000e+02        5.6489764e-25
1.7290000e+02        5.6338606e-25
1.7300000e+02        5.6187960e-25
1.7310000e+02        5.6037823e-25
1.7320000e+02        5.5888194e-25
1.7330000e+02        5.5739069e-25
1.7340000e+02        5.5590448e-25
1.7350000e+02        5.5442329e-25
1.7360000e+02        5.5294708e-25
1.7370000e+02        5.5147584e-25
1.7380000e+02        5.5000955e-25
1.7390000e+02        5.4854820e-25
1.7400000e+02        5.4709175e-25
1.7410000e+02        5.4564019e-25
1.7420000e+02        5.4419351e-25
1.7430000e+02        5.4275167e-25
1.7440000e+02        5.4131467e-25
1.7450000e+02        5.3988248e-25
1.7460000e+02        5.3845508e-25
1.7470000e+02        5.3703245e-25
1.7480000e+02        5.3561458e-25
1.7490000e+02        5.3420144e-25
1.7500000e+02        5.3279301e-25
1.7510000e+02        5.3138928e-25
1.7520000e+02        5.2999023e-25
1.7530000e+02        5.2859584e-25
1.7540000e+02        5.2720609e-25
1.7550000e+02        5.2582095e-25
1.7560000e+02        5.2444042e-25
1.7570000e+02        5.2306448e-25
1.7580000e+02        5.2169310e-25
1.7590000e+02        5.2032626e-25
1.7600000e+02        5.1896396e-25
1.7610000e+02        5.1760616e-25
1.7620000e+02        5.1625286e-25
1.7630000e+02        5.1490404e-25
1.7640000e+02        5.1355967e-25
1.7650000e+02        5.1221974e-25
1.7660000e+02        5.1088423e-25
1.7670000e+02        5.0955312e-25
1.7680000e+02        5.0822640e-25
1.7690000e+02        5.0690405e-25
1.7700000e+02        5.0558605e-25
1.7710000e+02        5.0427239e-25
1.7720000e+02        5.0296304e-25
1.7730000e+02        5.0165799e-25
1.7740000e+02        5.0035723e-25
1.7750000e+02        4.9906073e-25
1.7760000e+02        4.9776848e-25
1.7770000e+02        4.9648046e-25
1.7780000e+02        4.9519665e-25
1.7790000e+02        4.9391705e-25
1.7800000e+02        4.9264162e-25
1.7810000e+02        4.9137036e-25
1.7820000e+02        4.9010325e-25
1.7830000e+02        4.8884028e-25
1.7840000e+02        4.8758142e-25
1.7850000e+02        4.8632666e-25
1.7860000e+02        4.8507598e-25
1.7870000e+02        4.8382937e-25
1.7880000e+02        4.8258681e-25
1.7890000e+02        4.8134829e-25
1.7900000e+02        4.8011379e-25
1.7910000e+02        4.7888329e-25
1.7920000e+02        4.7765678e-25
1.7930000e+02        4.7643425e-25
1.7940000e+02        4.7521567e-25
1.7950000e+02        4.7400103e-25
1.7960000e+02        4.7279032e-25
1.7970000e+02        4.7158353e-25
1.7980000e+02        4.7038062e-25
1.7990000e+02        4.6918160e-25
1.8000000e+02        4.6798645e-25
1.8010000e+02        4.6679514e-25
1.8020000e+02        4.6560767e-25
1.8030000e+02        4.6442402e-25
1.8040000e+02        4.6324417e-25
1.8050000e+02        4.6206812e-25
1.8060000e+02        4.6089584e-25
1.8070000e+02        4.5972733e-25
1.8080000e+02        4.5856256e-25
1.8090000e+02        4.5740152e-25
1.8100000e+02        4.5624421e-25
1.8110000e+02        4.5509059e-25
1.8120000e+02        4.5394067e-25
1.8130000e+02        4.5279442e-25
1.8140000e+02        4.5165183e-25
1.8150000e+02        4.5051288e-25
1.8160000e+02        4.4937757e-25
1.8170000e+02        4.4824588e-25
1.8180000e+02        4.4711779e-25
1.8190000e+02        4.4599330e-25
1.8200000e+02        4.4487238e-25
1.8210000e+02        4.4375502e-25
1.8220000e+02        4.4264121e-25
1.8230000e+02        4.4153094e-25
1.8240000e+02        4.4042419e-25
1.8250000e+02        4.3932095e-25
1.8260000e+02        4.3822121e-25
1.8270000e+02        4.3712495e-25
1.8280000e+02        4.3603215e-25
1.8290000e+02        4.3494281e-25
1.8300000e+02        4.3385692e-25
1.8310000e+02        4.3277445e-25
1.8320000e+02        4.3169540e-25
1.8330000e+02        4.3061975e-25
1.8340000e+02        4.2954749e-25
1.8350000e+02        4.2847860e-25
1.8360000e+02        4.2741309e-25
1.8370000e+02        4.2635092e-25
1.8380000e+02        4.2529209e-25
1.8390000e+02        4.2423659e-25
1.8400000e+02        4.2318440e-25
1.8410000e+02        4.2213551e-25
1.8420000e+02        4.2108991e-25
1.8430000e+02        4.2004758e-25
1.8440000e+02        4.1900852e-25
1.8450000e+02        4.1797271e-25
1.8460000e+02        4.1694014e-25
1.8470000e+02        4.1591079e-25
1.8480000e+02        4.1488466e-25
1.8490000e+02        4.1386173e-25
1.8500000e+02        4.1284199e-25
1.8510000e+02        4.1182543e-25
1.8520000e+02        4.1081203e-25
1.8530000e+02        4.0980179e-25
1.8540000e+02        4.0879469e-25
1.8550000e+02        4.0779072e-25
1.8560000e+02        4.0678987e-25
1.8570000e+02        4.0579213e-25
1.8580000e+02        4.0479748e-25
1.8590000e+02        4.0380591e-25
1.8600000e+02        4.0281742e-25
1.8610000e+02        4.0183199e-25
1.8620000e+02        4.0084960e-25
1.8630000e+02        3.9987026e-25
1.8640000e+02        3.9889394e-25
1.8650000e+02        3.9792063e-25
1.8660000e+02        3.9695033e-25
1.8670000e+02        3.9598302e-25
1.8680000e+02        3.9501870e-25
1.8690000e+02        3.9405734e-25
1.8700000e+02        3.9309894e-25
1.8710000e+02        3.9214349e-25
1.8720000e+02        3.9119098e-25
1.8730000e+02        3.9024139e-25
1.8740000e+02        3.8929472e-25
1.8750000e+02        3.8835096e-25
1.8760000e+02        3.8741009e-25
1.8770000e+02        3.8647210e-25
1.8780000e+02        3.8553698e-25
1.8790000e+02        3.8460472e-25
1.8800000e+02        3.8367532e-25
1.8810000e+02        3.8274876e-25
1.8820000e+02        3.8182502e-25
1.8830000e+02        3.8090411e-25
1.8840000e+02        3.7998601e-25
1.8850000e+02        3.7907070e-25
1.8860000e+02        3.7815818e-25
1.8870000e+02        3.7724845e-25
1.8880000e+02        3.7634148e-25
1.8890000e+02        3.7543726e-25
1.8900000e+02        3.7453580e-25
1.8910000e+02        3.7363707e-25
1.8920000e+02        3.7274107e-25
1.8930000e+02        3.7184779e-25
1.8940000e+02        3.7095722e-25
1.8950000e+02        3.7006934e-25
1.8960000e+02        3.6918415e-25
1.8970000e+02        3.6830164e-25
1.8980000e+02        3.6742180e-25
1.8990000e+02        3.6654461e-25
1.9000000e+02        3.6567008e-25
1.9010000e+02        3.6479818e-25
1.9020000e+02        3.6392891e-25
1.9030000e+02        3.6306227e-25
1.9040000e+02        3.6219823e-25
1.9050000e+02        3.6133679e-25
1.9060000e+02        3.6047795e-25
1.9070000e+02        3.5962169e-25
1.9080000e+02        3.5876799e-25
1.9090000e+02        3.5791687e-25
1.9100000e+02        3.5706829e-25
1.9110000e+02        3.5622226e-25
1.9120000e+02        3.5537877e-25
1.9130000e+02        3.5453780e-25
1.9140000e+02        3.5369935e-25
1.9150000e+02        3.5286341e-25
1.9160000e+02        3.5202996e-25
1.9170000e+02        3.5119901e-25
1.9180000e+02        3.5037054e-25
1.9190000e+02        3.4954453e-25
1.9200000e+02        3.4872099e-25
1.9210000e+02        3.4789991e-25
1.9220000e+02        3.4708127e-25
1.9230000e+02        3.4626507e-25
1.9240000e+02        3.4545129e-25
1.9250000e+02        3.4463993e-25
1.9260000e+02        3.4383099e-25
1.9270000e+02        3.4302444e-25
1.9280000e+02        3.4222029e-25
1.9290000e+02        3.4141852e-25
1.9300000e+02        3.4061913e-25
1.9310000e+02        3.3982210e-25
1.9320000e+02        3.3902743e-25
1.9330000e+02        3.3823512e-25
1.9340000e+02        3.3744514e-25
1.9350000e+02        3.3665750e-25
1.9360000e+02        3.3587219e-25
1.9370000e+02        3.3508919e-25
1.9380000e+02        3.3430850e-25
1.9390000e+02        3.3353011e-25
1.9400000e+02        3.3275401e-25
1.9410000e+02        3.3198020e-25
1.9420000e+02        3.3120866e-25
1.9430000e+02        3.3043939e-25
1.9440000e+02        3.2967238e-25
1.9450000e+02        3.2890762e-25
1.9460000e+02        3.2814510e-25
1.9470000e+02        3.2738483e-25
1.9480000e+02        3.2662677e-25
1.9490000e+02        3.2587094e-25
1.9500000e+02        3.2511732e-25
1.9510000e+02        3.2436591e-25
1.9520000e+02        3.2361669e-25
1.9530000e+02        3.2286966e-25
1.9540000e+02        3.2212481e-25
1.9550000e+02        3.2138213e-25
1.9560000e+02        3.2064162e-25
1.9570000e+02        3.1990327e-25
1.9580000e+02        3.1916707e-25
1.9590000e+02        3.1843301e-25
1.9600000e+02        3.1770108e-25
1.9610000e+02        3.1697129e-25
1.9620000e+02        3.1624361e-25
1.9630000e+02        3.1551805e-25
1.9640000e+02        3.1479459e-25
1.9650000e+02        3.1407323e-25
1.9660000e+02        3.1335396e-25
1.9670000e+02        3.1263677e-25
1.9680000e+02        3.1192166e-25
1.9690000e+02        3.1120862e-25
1.9700000e+02        3.1049764e-25
1.9710000e+02        3.0978871e-25
1.9720000e+02        3.0908183e-25
1.9730000e+02        3.0837699e-25
1.9740000e+02        3.0767419e-25
1.9750000e+02        3.0697340e-25
1.9760000e+02        3.0627464e-25
1.9770000e+02        3.0557789e-25
1.9780000e+02        3.0488314e-25
1.9790000e+02        3.0419040e-25
1.9800000e+02        3.0349964e-25
1.9810000e+02        3.0281086e-25
1.9820000e+02        3.0212407e-25
1.9830000e+02        3.0143924e-25
1.9840000e+02        3.0075637e-25
1.9850000e+02        3.0007547e-25
1.9860000e+02        2.9939651e-25
1.9870000e+02        2.9871949e-25
1.9880000e+02        2.9804441e-25
1.9890000e+02        2.9737126e-25
1.9900000e+02        2.9670003e-25
1.9910000e+02        2.9603072e-25
1.9920000e+02        2.9536332e-25
1.9930000e+02        2.9469782e-25
1.9940000e+02        2.9403422e-25
1.9950000e+02        2.9337251e-25
1.9960000e+02        2.9271268e-25
1.9970000e+02        2.9205472e-25
1.9980000e+02        2.9139864e-25
1.9990000e+02        2.9074442e-25
2.0000000e+02        2.9009206e-25
2.0010000e+02        2.8944155e-25
2.0020000e+02        2.8879288e-25
2.0030000e+02        2.8814606e-25
2.0040000e+02        2.8750106e-25
2.0050000e+02        2.8685789e-25
2.0060000e+02        2.8621654e-25
2.0070000e+02        2.8557701e-25
2.0080000e+02        2.8493928e-25
2.0090000e+02        2.8430335e-25
2.0100000e+02        2.8366922e-25
2.0110000e+02        2.8303687e-25
2.0120000e+02        2.8240631e-25
2.0130000e+02        2.8177752e-25
2.0140000e+02        2.8115051e-25
2.0150000e+02        2.8052526e-25
2.0160000e+02        2.7990176e-25
2.0170000e+02        2.7928003e-25
2.0180000e+02        2.7866003e-25
2.0190000e+02        2.7804178e-25
2.0200000e+02        2.7742526e-25
2.0210000e+02        2.7681047e-25
2.0220000e+02        2.7619740e-25
2.0230000e+02        2.7558605e-25
2.0240000e+02        2.7497642e-25
2.0250000e+02        2.7436848e-25
2.0260000e+02        2.7376225e-25
2.0270000e+02        2.7315771e-25
2.0280000e+02        2.7255486e-25
2.0290000e+02        2.7195369e-25
2.0300000e+02        2.7135420e-25
2.0310000e+02        2.7075638e-25
2.0320000e+02        2.7016022e-25
2.0330000e+02        2.6956573e-25
2.0340000e+02        2.6897288e-25
2.0350000e+02        2.6838169e-25
2.0360000e+02        2.6779214e-25
2.0370000e+02        2.6720423e-25
2.0380000e+02        2.6661795e-25
2.0390000e+02        2.6603330e-25
2.0400000e+02        2.6545027e-25
2.0410000e+02        2.6486885e-25
2.0420000e+02        2.6428905e-25
2.0430000e+02        2.6371084e-25
2.0440000e+02        2.6313424e-25
2.0450000e+02        2.6255924e-25
2.0460000e+02        2.6198582e-25
2.0470000e+02        2.6141398e-25
2.0480000e+02        2.6084373e-25
2.0490000e+02        2.6027505e-25
2.0500000e+02        2.5970793e-25
2.0510000e+02        2.5914238e-25
2.0520000e+02        2.5857838e-25
2.0530000e+02        2.5801594e-25
2.0540000e+02        2.5745504e-25
2.0550000e+02        2.5689569e-25
2.0560000e+02        2.5633787e-25
2.0570000e+02        2.5578158e-25
2.0580000e+02        2.5522682e-25
2.0590000e+02        2.5467359e-25
2.0600000e+02        2.5412186e-25
2.0610000e+02        2.5357165e-25
2.0620000e+02        2.5302295e-25
2.0630000e+02        2.5247575e-25
2.0640000e+02        2.5193004e-25
2.0650000e+02        2.5138582e-25
2.0660000e+02        2.5084310e-25
2.0670000e+02        2.5030185e-25
2.0680000e+02        2.4976208e-25
2.0690000e+02        2.4922378e-25
2.0700000e+02        2.4868695e-25
2.0710000e+02        2.4815158e-25
2.0720000e+02        2.4761767e-25
2.0730000e+02        2.4708521e-25
2.0740000e+02        2.4655420e-25
2.0750000e+02        2.4602463e-25
2.0760000e+02        2.4549650e-25
2.0770000e+02        2.4496980e-25
2.0780000e+02        2.4444453e-25
2.0790000e+02        2.4392069e-25
2.0800000e+02        2.4339826e-25
2.0810000e+02        2.4287725e-25
2.0820000e+02        2.4235765e-25
2.0830000e+02        2.4183946e-25
2.0840000e+02        2.4132266e-25
2.0850000e+02        2.4080727e-25
2.0860000e+02        2.4029326e-25
2.0870000e+02        2.3978064e-25
2.0880000e+02        2.3926941e-25
2.0890000e+02        2.3875955e-25
2.0900000e+02        2.3825107e-25
2.0910000e+02        2.3774395e-25
2.0920000e+02        2.3723820e-25
2.0930000e+02        2.3673382e-25
2.0940000e+02        2.3623078e-25
2.0950000e+02        2.3572910e-25
2.0960000e+02        2.3522877e-25
2.0970000e+02        2.3472977e-25
2.0980000e+02        2.3423212e-25
2.0990000e+02        2.3373580e-25
2.1000000e+02        2.3324081e-25
2.1010000e+02        2.3274715e-25
2.1020000e+02        2.3225480e-25
2.1030000e+02        2.3176378e-25
2.1040000e+02        2.3127406e-25
2.1050000e+02        2.3078566e-25
2.1060000e+02        2.3029855e-25
2.1070000e+02        2.2981275e-25
2.1080000e+02        2.2932824e-25
2.1090000e+02        2.2884503e-25
2.1100000e+02        2.2836310e-25
2.1110000e+02        2.2788246e-25
2.1120000e+02        2.2740309e-25
2.1130000e+02        2.2692500e-25
2.1140000e+02        2.2644818e-25
2.1150000e+02        2.2597263e-25
2.1160000e+02        2.2549834e-25
2.1170000e+02        2.2502531e-25
2.1180000e+02        2.2455353e-25
2.1190000e+02        2.2408300e-25
2.1200000e+02        2.2361372e-25
2.1210000e+02        2.2314568e-25
2.1220000e+02        2.2267889e-25
2.1230000e+02        2.2221332e-25
2.1240000e+02        2.2174899e-25
2.1250000e+02        2.2128588e-25
2.1260000e+02        2.2082400e-25
2.1270000e+02        2.2036333e-25
2.1280000e+02        2.1990388e-25
2.1290000e+02        2.1944564e-25
2.1300000e+02        2.1898861e-25
2.1310000e+02        2.1853278e-25
2.1320000e+02        2.1807815e-25
2.1330000e+02        2.1762471e-25
2.1340000e+02        2.1717247e-25
2.1350000e+02        2.1672142e-25
2.1360000e+02        2.1627155e-25
2.1370000e+02        2.1582286e-25
2.1380000e+02        2.1537535e-25
2.1390000e+02        2.1492901e-25
2.1400000e+02        2.1448384e-25
2.1410000e+02        2.1403984e-25
2.1420000e+02        2.1359699e-25
2.1430000e+02        2.1315531e-25
2.1440000e+02        2.1271478e-25
2.1450000e+02        2.1227540e-25
2.1460000e+02        2.1183717e-25
2.1470000e+02        2.1140009e-25
2.1480000e+02        2.1096414e-25
2.1490000e+02        2.1052933e-25
2.1500000e+02        2.1009565e-25
2.1510000e+02        2.0966310e-25
2.1520000e+02        2.0923168e-25
2.1530000e+02        2.0880138e-25
2.1540000e+02        2.0837220e-25
2.1550000e+02        2.0794413e-25
2.1560000e+02        2.0751718e-25
2.1570000e+02        2.0709133e-25
2.1580000e+02        2.0666659e-25
2.1590000e+02        2.0624295e-25
2.1600000e+02        2.0582041e-25
2.1610000e+02        2.0539896e-25
2.1620000e+02        2.0497860e-25
2.1630000e+02        2.0455934e-25
2.1640000e+02        2.0414115e-25
2.1650000e+02        2.0372404e-25
2.1660000e+02        2.0330802e-25
2.1670000e+02        2.0289306e-25
2.1680000e+02        2.0247918e-25
2.1690000e+02        2.0206637e-25
2.1700000e+02        2.0165461e-25
2.1710000e+02        2.0124392e-25
2.1720000e+02        2.0083429e-25
2.1730000e+02        2.0042571e-25
2.1740000e+02        2.0001818e-25
2.1750000e+02        1.9961170e-25
2.1760000e+02        1.9920626e-25
2.1770000e+02        1.9880187e-25
2.1780000e+02        1.9839851e-25
2.1790000e+02        1.9799618e-25
2.1800000e+02        1.9759489e-25
2.1810000e+02        1.9719463e-25
2.1820000e+02        1.9679539e-25
2.1830000e+02        1.9639717e-25
2.1840000e+02        1.9599997e-25
2.1850000e+02        1.9560378e-25
2.1860000e+02        1.9520861e-25
2.1870000e+02        1.9481445e-25
2.1880000e+02        1.9442129e-25
2.1890000e+02        1.9402914e-25
2.1900000e+02        1.9363799e-25
2.1910000e+02        1.9324783e-25
2.1920000e+02        1.9285867e-25
2.1930000e+02        1.9247049e-25
2.1940000e+02        1.9208331e-25
2.1950000e+02        1.9169711e-25
2.1960000e+02        1.9131189e-25
2.1970000e+02        1.9092765e-25
2.1980000e+02        1.9054438e-25
2.1990000e+02        1.9016209e-25
2.2000000e+02        1.8978077e-25
2.2010000e+02        1.8940041e-25
2.2020000e+02        1.8902102e-25
2.2030000e+02        1.8864258e-25
2.2040000e+02        1.8826511e-25
2.2050000e+02        1.8788859e-25
2.2060000e+02        1.8751302e-25
2.2070000e+02        1.8713840e-25
2.2080000e+02        1.8676473e-25
2.2090000e+02        1.8639200e-25
2.2100000e+02        1.8602021e-25
2.2110000e+02        1.8564935e-25
2.2120000e+02        1.8527943e-25
2.2130000e+02        1.8491045e-25
2.2140000e+02        1.8454239e-25
2.2150000e+02        1.8417526e-25
2.2160000e+02        1.8380905e-25
2.2170000e+02        1.8344376e-25
2.2180000e+02        1.8307939e-25
2.2190000e+02        1.8271593e-25
2.2200000e+02        1.8235339e-25
2.2210000e+02        1.8199175e-25
2.2220000e+02        1.8163102e-25
2.2230000e+02        1.8127120e-25
2.2240000e+02        1.8091228e-25
2.2250000e+02        1.8055425e-25
2.2260000e+02        1.8019712e-25
2.2270000e+02        1.7984088e-25
2.2280000e+02        1.7948553e-25
2.2290000e+02        1.7913107e-25
2.2300000e+02        1.7877750e-25
2.2310000e+02        1.7842481e-25
2.2320000e+02        1.7807299e-25
2.2330000e+02        1.7772206e-25
2.2340000e+02        1.7737199e-25
2.2350000e+02        1.7702280e-25
2.2360000e+02        1.7667448e-25
2.2370000e+02        1.7632702e-25
2.2380000e+02        1.7598043e-25
2.2390000e+02        1.7563470e-25
2.2400000e+02        1.7528982e-25
2.2410000e+02        1.7494581e-25
2.2420000e+02        1.7460264e-25
2.2430000e+02        1.7426033e-25
2.2440000e+02        1.7391886e-25
2.2450000e+02        1.7357824e-25
2.2460000e+02        1.7323847e-25
2.2470000e+02        1.7289953e-25
2.2480000e+02        1.7256143e-25
2.2490000e+02        1.7222417e-25
2.2500000e+02        1.7188774e-25
2.2510000e+02        1.7155214e-25
2.2520000e+02        1.7121737e-25
2.2530000e+02        1.7088343e-25
2.2540000e+02        1.7055030e-25
2.2550000e+02        1.7021800e-25
2.2560000e+02        1.6988652e-25
2.2570000e+02        1.6955585e-25
2.2580000e+02        1.6922600e-25
2.2590000e+02        1.6889696e-25
2.2600000e+02        1.6856872e-25
2.2610000e+02        1.6824129e-25
2.2620000e+02        1.6791467e-25
2.2630000e+02        1.6758884e-25
2.2640000e+02        1.6726382e-25
2.2650000e+02        1.6693959e-25
2.2660000e+02        1.6661616e-25
2.2670000e+02        1.6629352e-25
2.2680000e+02        1.6597167e-25
2.2690000e+02        1.6565060e-25
2.2700000e+02        1.6533032e-25
2.2710000e+02        1.6501082e-25
2.2720000e+02        1.6469211e-25
2.2730000e+02        1.6437417e-25
2.2740000e+02        1.6405700e-25
2.2750000e+02        1.6374061e-25
2.2760000e+02        1.6342499e-25
2.2770000e+02        1.6311014e-25
2.2780000e+02        1.6279606e-25
2.2790000e+02        1.6248274e-25
2.2800000e+02        1.6217018e-25
2.2810000e+02        1.6185838e-25
2.2820000e+02        1.6154734e-25
2.2830000e+02        1.6123706e-25
2.2840000e+02        1.6092753e-25
2.2850000e+02        1.6061875e-25
2.2860000e+02        1.6031071e-25
2.2870000e+02        1.6000343e-25
2.2880000e+02        1.5969689e-25
2.2890000e+02        1.5939109e-25
2.2900000e+02        1.5908603e-25
2.2910000e+02        1.5878171e-25
2.2920000e+02        1.5847812e-25
2.2930000e+02        1.5817527e-25
2.2940000e+02        1.5787314e-25
2.2950000e+02        1.5757175e-25
2.2960000e+02        1.5727109e-25
2.2970000e+02        1.5697115e-25
2.2980000e+02        1.5667193e-25
2.2990000e+02        1.5637343e-25
2.3000000e+02        1.5607565e-25
2.3010000e+02        1.5577859e-25
2.3020000e+02        1.5548225e-25
2.3030000e+02        1.5518661e-25
2.3040000e+02        1.5489169e-25
2.3050000e+02        1.5459747e-25
2.3060000e+02        1.5430396e-25
2.3070000e+02        1.5401115e-25
2.3080000e+02        1.5371905e-25
2.3090000e+02        1.5342765e-25
2.3100000e+02        1.5313694e-25
2.3110000e+02        1.5284693e-25
2.3120000e+02        1.5255761e-25
2.3130000e+02        1.5226899e-25
2.3140000e+02        1.5198106e-25
2.3150000e+02        1.5169381e-25
2.3160000e+02        1.5140725e-25
2.3170000e+02        1.5112137e-25
2.3180000e+02        1.5083618e-25
2.3190000e+02        1.5055166e-25
2.3200000e+02        1.5026783e-25
2.3210000e+02        1.4998467e-25
2.3220000e+02        1.4970218e-25
2.3230000e+02        1.4942037e-25
2.3240000e+02        1.4913922e-25
2.3250000e+02        1.4885875e-25
2.3260000e+02        1.4857894e-25
2.3270000e+02        1.4829980e-25
2.3280000e+02        1.4802131e-25
2.3290000e+02        1.4774349e-25
2.3300000e+02        1.4746633e-25
2.3310000e+02        1.4718983e-25
2.3320000e+02        1.4691398e-25
2.3330000e+02        1.4663878e-25
2.3340000e+02        1.4636423e-25
2.3350000e+02        1.4609034e-25
2.3360000e+02        1.4581709e-25
2.3370000e+02        1.4554449e-25
2.3380000e+02        1.4527253e-25
2.3390000e+02        1.4500121e-25
2.3400000e+02        1.4473053e-25
2.3410000e+02        1.4446049e-25
2.3420000e+02        1.4419109e-25
2.3430000e+02        1.4392233e-25
2.3440000e+02        1.4365419e-25
2.3450000e+02        1.4338669e-25
2.3460000e+02        1.4311981e-25
2.3470000e+02        1.4285357e-25
2.3480000e+02        1.4258795e-25
2.3490000e+02        1.4232295e-25
2.3500000e+02        1.4205858e-25
2.3510000e+02        1.4179482e-25
2.3520000e+02        1.4153169e-25
2.3530000e+02        1.4126917e-25
2.3540000e+02        1.4100727e-25
2.3550000e+02        1.4074598e-25
2.3560000e+02        1.4048530e-25
2.3570000e+02        1.4022523e-25
2.3580000e+02        1.3996577e-25
2.3590000e+02        1.3970692e-25
2.3600000e+02        1.3944867e-25
2.3610000e+02        1.3919102e-25
2.3620000e+02        1.3893398e-25
2.3630000e+02        1.3867753e-25
2.3640000e+02        1.3842169e-25
2.3650000e+02        1.3816644e-25
2.3660000e+02        1.3791178e-25
2.3670000e+02        1.3765772e-25
2.3680000e+02        1.3740425e-25
2.3690000e+02        1.3715136e-25
2.3700000e+02        1.3689907e-25
2.3710000e+02        1.3664736e-25
2.3720000e+02        1.3639624e-25
2.3730000e+02        1.3614570e-25
2.3740000e+02        1.3589574e-25
2.3750000e+02        1.3564636e-25
2.3760000e+02        1.3539756e-25
2.3770000e+02        1.3514933e-25
2.3780000e+02        1.3490168e-25
2.3790000e+02        1.3465461e-25
2.3800000e+02        1.3440810e-25
2.3810000e+02        1.3416217e-25
2.3820000e+02        1.3391680e-25
2.3830000e+02        1.3367200e-25
2.3840000e+02        1.3342777e-25
2.3850000e+02        1.3318410e-25
2.3860000e+02        1.3294099e-25
2.3870000e+02        1.3269844e-25
2.3880000e+02        1.3245645e-25
2.3890000e+02        1.3221502e-25
2.3900000e+02        1.3197415e-25
2.3910000e+02        1.3173383e-25
2.3920000e+02        1.3149406e-25
2.3930000e+02        1.3125484e-25
2.3940000e+02        1.3101617e-25
2.3950000e+02        1.3077805e-25
2.3960000e+02        1.3054048e-25
2.3970000e+02        1.3030345e-25
2.3980000e+02        1.3006697e-25
2.3990000e+02        1.2983103e-25
2.4000000e+02        1.2959563e-25
2.4010000e+02        1.2936076e-25
2.4020000e+02        1.2912644e-25
2.4030000e+02        1.2889265e-25
2.4040000e+02        1.2865940e-25
2.4050000e+02        1.2842668e-25
2.4060000e+02        1.2819449e-25
2.4070000e+02        1.2796283e-25
2.4080000e+02        1.2773170e-25
2.4090000e+02        1.2750110e-25
2.4100000e+02        1.2727102e-25
2.4110000e+02        1.2704147e-25
2.4120000e+02        1.2681244e-25
2.4130000e+02        1.2658393e-25
2.4140000e+02        1.2635594e-25
2.4150000e+02        1.2612848e-25
2.4160000e+02        1.2590152e-25
2.4170000e+02        1.2567509e-25
2.4180000e+02        1.2544917e-25
2.4190000e+02        1.2522376e-25
2.4200000e+02        1.2499886e-25
2.4210000e+02        1.2477447e-25
2.4220000e+02        1.2455060e-25
2.4230000e+02        1.2432722e-25
2.4240000e+02        1.2410436e-25
2.4250000e+02        1.2388200e-25
2.4260000e+02        1.2366014e-25
2.4270000e+02        1.2343879e-25
2.4280000e+02        1.2321793e-25
2.4290000e+02        1.2299758e-25
2.4300000e+02        1.2277772e-25
2.4310000e+02        1.2255836e-25
2.4320000e+02        1.2233949e-25
2.4330000e+02        1.2212112e-25
2.4340000e+02        1.2190324e-25
2.4350000e+02        1.2168585e-25
2.4360000e+02        1.2146894e-25
2.4370000e+02        1.2125253e-25
2.4380000e+02        1.2103661e-25
2.4390000e+02        1.2082117e-25
2.4400000e+02        1.2060621e-25
2.4410000e+02        1.2039174e-25
2.4420000e+02        1.2017775e-25
2.4430000e+02        1.1996424e-25
2.4440000e+02        1.1975121e-25
2.4450000e+02        1.1953866e-25
2.4460000e+02        1.1932658e-25
2.4470000e+02        1.1911498e-25
2.4480000e+02        1.1890385e-25
2.4490000e+02        1.1869319e-25
2.4500000e+02        1.1848301e-25
2.4510000e+02        1.1827330e-25
2.4520000e+02        1.1806405e-25
2.4530000e+02        1.1785527e-25
2.4540000e+02        1.1764696e-25
2.4550000e+02        1.1743912e-25
2.4560000e+02        1.1723173e-25
2.4570000e+02        1.1702481e-25
2.4580000e+02        1.1681835e-25
2.4590000e+02        1.1661236e-25
2.4600000e+02        1.1640682e-25
2.4610000e+02        1.1620173e-25
2.4620000e+02        1.1599711e-25
2.4630000e+02        1.1579293e-25
2.4640000e+02        1.1558922e-25
2.4650000e+02        1.1538595e-25
2.4660000e+02        1.1518314e-25
2.4670000e+02        1.1498077e-25
2.4680000e+02        1.1477886e-25
2.4690000e+02        1.1457739e-25
2.4700000e+02        1.1437637e-25
2.4710000e+02        1.1417580e-25
2.4720000e+02        1.1397567e-25
2.4730000e+02        1.1377598e-25
2.4740000e+02        1.1357673e-25
2.4750000e+02        1.1337793e-25
2.4760000e+02        1.1317956e-25
2.4770000e+02        1.1298164e-25
2.4780000e+02        1.1278415e-25
2.4790000e+02        1.1258709e-25
2.4800000e+02        1.1239047e-25
2.4810000e+02        1.1219429e-25
2.4820000e+02        1.1199853e-25
2.4830000e+02        1.1180321e-25
2.4840000e+02        1.1160832e-25
2.4850000e+02        1.1141385e-25
2.4860000e+02        1.1121982e-25
2.4870000e+02        1.1102621e-25
2.4880000e+02        1.1083303e-25
2.4890000e+02        1.1064027e-25
2.4900000e+02        1.1044793e-25
2.4910000e+02        1.1025602e-25
2.4920000e+02        1.1006453e-25
2.4930000e+02        1.0987345e-25
2.4940000e+02        1.0968280e-25
2.4950000e+02        1.0949256e-25
2.4960000e+02        1.0930275e-25
2.4970000e+02        1.0911334e-25
2.4980000e+02        1.0892435e-25
2.4990000e+02        1.0873578e-25
2.5000000e+02        1.0854761e-25
2.5010000e+02        1.0835986e-25
2.5020000e+02        1.0817252e-25
2.5030000e+02        1.0798558e-25
2.5040000e+02        1.0779906e-25
2.5050000e+02        1.0761294e-25
2.5060000e+02        1.0742723e-25
2.5070000e+02        1.0724192e-25
2.5080000e+02        1.0705701e-25
2.5090000e+02        1.0687251e-25
2.5100000e+02        1.0668841e-25
2.5110000e+02        1.0650471e-25
2.5120000e+02        1.0632141e-25
2.5130000e+02        1.0613851e-25
2.5140000e+02        1.0595600e-25
2.5150000e+02        1.0577389e-25
2.5160000e+02        1.0559218e-25
2.5170000e+02        1.0541086e-25
2.5180000e+02        1.0522993e-25
2.5190000e+02        1.0504940e-25
2.5200000e+02        1.0486925e-25
2.5210000e+02        1.0468950e-25
2.5220000e+02        1.0451013e-25
2.5230000e+02        1.0433116e-25
2.5240000e+02        1.0415257e-25
2.5250000e+02        1.0397436e-25
2.5260000e+02        1.0379654e-25
2.5270000e+02        1.0361911e-25
2.5280000e+02        1.0344206e-25
2.5290000e+02        1.0326539e-25
2.5300000e+02        1.0308910e-25
2.5310000e+02        1.0291319e-25
2.5320000e+02        1.0273766e-25
2.5330000e+02        1.0256251e-25
2.5340000e+02        1.0238773e-25
2.5350000e+02        1.0221333e-25
2.5360000e+02        1.0203931e-25
2.5370000e+02        1.0186566e-25
2.5380000e+02        1.0169238e-25
2.5390000e+02        1.0151948e-25
2.5400000e+02        1.0134694e-25
2.5410000e+02        1.0117478e-25
2.5420000e+02        1.0100299e-25
2.5430000e+02        1.0083156e-25
2.5440000e+02        1.0066050e-25
2.5450000e+02        1.0048981e-25
2.5460000e+02        1.0031948e-25
2.5470000e+02        1.0014952e-25
2.5480000e+02        9.9979919e-26
2.5490000e+02        9.9810683e-26
2.5500000e+02        9.9641808e-26
2.5510000e+02        9.9473294e-26
2.5520000e+02        9.9305140e-26
2.5530000e+02        9.9137344e-26
2.5540000e+02        9.8969907e-26
2.5550000e+02        9.8802826e-26
2.5560000e+02        9.8636102e-26
2.5570000e+02        9.8469732e-26
2.5580000e+02        9.8303717e-26
2.5590000e+02        9.8138055e-26
2.5600000e+02        9.7972746e-26
2.5610000e+02        9.7807788e-26
2.5620000e+02        9.7643181e-26
2.5630000e+02        9.7478924e-26
2.5640000e+02        9.7315015e-26
2.5650000e+02        9.7151454e-26
2.5660000e+02        9.6988240e-26
2.5670000e+02        9.6825373e-26
2.5680000e+02        9.6662850e-26
2.5690000e+02        9.6500672e-26
2.5700000e+02        9.6338838e-26
2.5710000e+02        9.6177346e-26
2.5720000e+02        9.6016195e-26
2.5730000e+02        9.5855386e-26
2.5740000e+02        9.5694916e-26
2.5750000e+02        9.5534786e-26
2.5760000e+02        9.5374994e-26
2.5770000e+02        9.5215539e-26
2.5780000e+02        9.5056421e-26
2.5790000e+02        9.4897638e-26
2.5800000e+02        9.4739191e-26
2.5810000e+02        9.4581077e-26
2.5820000e+02        9.4423296e-26
2.5830000e+02        9.4265847e-26
2.5840000e+02        9.4108730e-26
2.5850000e+02        9.3951944e-26
2.5860000e+02        9.3795487e-26
2.5870000e+02        9.3639359e-26
2.5880000e+02        9.3483559e-26
2.5890000e+02        9.3328086e-26
2.5900000e+02        9.3172939e-26
2.5910000e+02        9.3018119e-26
2.5920000e+02        9.2863622e-26
2.5930000e+02        9.2709450e-26
2.5940000e+02        9.2555601e-26
2.5950000e+02        9.2402074e-26
2.5960000e+02        9.2248868e-26
2.5970000e+02        9.2095984e-26
2.5980000e+02        9.1943418e-26
2.5990000e+02        9.1791172e-26
2.6000000e+02        9.1639244e-26
2.6010000e+02        9.1487634e-26
2.6020000e+02        9.1336340e-26
2.6030000e+02        9.1185362e-26
2.6040000e+02        9.1034699e-26
2.6050000e+02        9.0884350e-26
2.6060000e+02        9.0734314e-26
2.6070000e+02        9.0584591e-26
2.6080000e+02        9.0435180e-26
2.6090000e+02        9.0286080e-26
2.6100000e+02        9.0137290e-26
2.6110000e+02        8.9988810e-26
2.6120000e+02        8.9840638e-26
2.6130000e+02        8.9692775e-26
2.6140000e+02        8.9545218e-26
2.6150000e+02        8.9397968e-26
2.6160000e+02        8.9251023e-26
2.6170000e+02        8.9104383e-26
2.6180000e+02        8.8958048e-26
2.6190000e+02        8.8812015e-26
2.6200000e+02        8.8666286e-26
2.6210000e+02        8.8520858e-26
2.6220000e+02        8.8375731e-26
2.6230000e+02        8.8230904e-26
2.6240000e+02        8.8086377e-26
2.6250000e+02        8.7942148e-26
2.6260000e+02        8.7798218e-26
2.6270000e+02        8.7654585e-26
2.6280000e+02        8.7511248e-26
2.6290000e+02        8.7368208e-26
2.6300000e+02        8.7225462e-26
2.6310000e+02        8.7083011e-26
2.6320000e+02        8.6940853e-26
2.6330000e+02        8.6798988e-26
2.6340000e+02        8.6657415e-26
2.6350000e+02        8.6516134e-26
2.6360000e+02        8.6375143e-26
2.6370000e+02        8.6234443e-26
2.6380000e+02        8.6094031e-26
2.6390000e+02        8.5953909e-26
2.6400000e+02        8.5814073e-26
2.6410000e+02        8.5674525e-26
2.6420000e+02        8.5535264e-26
2.6430000e+02        8.5396288e-26
2.6440000e+02        8.5257597e-26
2.6450000e+02        8.5119190e-26
2.6460000e+02        8.4981067e-26
2.6470000e+02        8.4843227e-26
2.6480000e+02        8.4705668e-26
2.6490000e+02        8.4568392e-26
2.6500000e+02        8.4431396e-26
2.6510000e+02        8.4294680e-26
2.6520000e+02        8.4158243e-26
2.6530000e+02        8.4022085e-26
2.6540000e+02        8.3886205e-26
2.6550000e+02        8.3750603e-26
2.6560000e+02        8.3615277e-26
2.6570000e+02        8.3480226e-26
2.6580000e+02        8.3345452e-26
2.6590000e+02        8.3210951e-26
2.6600000e+02        8.3076725e-26
2.6610000e+02        8.2942772e-26
2.6620000e+02        8.2809091e-26
2.6630000e+02        8.2675682e-26
2.6640000e+02        8.2542545e-26
2.6650000e+02        8.2409678e-26
2.6660000e+02        8.2277081e-26
2.6670000e+02        8.2144753e-26
2.6680000e+02        8.2012693e-26
2.6690000e+02        8.1880902e-26
2.6700000e+02        8.1749378e-26
2.6710000e+02        8.1618120e-26
2.6720000e+02        8.1487128e-26
2.6730000e+02        8.1356402e-26
2.6740000e+02        8.1225940e-26
2.6750000e+02        8.1095742e-26
2.6760000e+02        8.0965808e-26
2.6770000e+02        8.0836136e-26
2.6780000e+02        8.0706726e-26
2.6790000e+02        8.0577578e-26
2.6800000e+02        8.0448690e-26
2.6810000e+02        8.0320063e-26
2.6820000e+02        8.0191695e-26
2.6830000e+02        8.0063586e-26
2.6840000e+02        7.9935735e-26
2.6850000e+02        7.9808142e-26
2.6860000e+02        7.9680806e-26
2.6870000e+02        7.9553726e-26
2.6880000e+02        7.9426901e-26
2.6890000e+02        7.9300332e-26
2.6900000e+02        7.9174018e-26
2.6910000e+02        7.9047957e-26
2.6920000e+02        7.8922149e-26
2.6930000e+02        7.8796595e-26
2.6940000e+02        7.8671292e-26
2.6950000e+02        7.8546240e-26
2.6960000e+02        7.8421440e-26
2.6970000e+02        7.8296889e-26
2.6980000e+02        7.8172588e-26
2.6990000e+02        7.8048536e-26
2.7000000e+02        7.7924733e-26
2.7010000e+02        7.7801177e-26
2.7020000e+02        7.7677868e-26
2.7030000e+02        7.7554806e-26
2.7040000e+02        7.7431990e-26
2.7050000e+02        7.7309420e-26
2.7060000e+02        7.7187094e-26
2.7070000e+02        7.7065012e-26
2.7080000e+02        7.6943174e-26
2.7090000e+02        7.6821579e-26
2.7100000e+02        7.6700227e-26
2.7110000e+02        7.6579116e-26
2.7120000e+02        7.6458246e-26
2.7130000e+02        7.6337618e-26
2.7140000e+02        7.6217229e-26
2.7150000e+02        7.6097080e-26
2.7160000e+02        7.5977170e-26
2.7170000e+02        7.5857498e-26
2.7180000e+02        7.5738064e-26
2.7190000e+02        7.5618867e-26
2.7200000e+02        7.5499907e-26
2.7210000e+02        7.5381183e-26
2.7220000e+02        7.5262695e-26
2.7230000e+02        7.5144441e-26
2.7240000e+02        7.5026422e-26
2.7250000e+02        7.4908637e-26
2.7260000e+02        7.4791085e-26
2.7270000e+02        7.4673765e-26
2.7280000e+02        7.4556678e-26
2.7290000e+02        7.4439823e-26
2.7300000e+02        7.4323198e-26
2.7310000e+02        7.4206805e-26
2.7320000e+02        7.4090641e-26
2.7330000e+02        7.3974706e-26
2.7340000e+02        7.3859000e-26
2.7350000e+02        7.3743523e-26
2.7360000e+02        7.3628273e-26
2.7370000e+02        7.3513251e-26
2.7380000e+02        7.3398455e-26
2.7390000e+02        7.3283886e-26
2.7400000e+02        7.3169542e-26
2.7410000e+02        7.3055423e-26
2.7420000e+02        7.2941528e-26
2.7430000e+02        7.2827858e-26
2.7440000e+02        7.2714411e-26
2.7450000e+02        7.2601187e-26
2.7460000e+02        7.2488185e-26
2.7470000e+02        7.2375405e-26
2.7480000e+02        7.2262847e-26
2.7490000e+02        7.2150509e-26
2.7500000e+02        7.2038392e-26
2.7510000e+02        7.1926495e-26
2.7520000e+02        7.1814816e-26
2.7530000e+02        7.1703357e-26
2.7540000e+02        7.1592116e-26
2.7550000e+02        7.1481092e-26
2.7560000e+02        7.1370286e-26
2.7570000e+02        7.1259696e-26
2.7580000e+02        7.1149322e-26
2.7590000e+02        7.1039164e-26
2.7600000e+02        7.0929221e-26
2.7610000e+02        7.0819493e-26
2.7620000e+02        7.0709979e-26
2.7630000e+02        7.0600679e-26
2.7640000e+02        7.0491591e-26
2.7650000e+02        7.0382717e-26
2.7660000e+02        7.0274054e-26
2.7670000e+02        7.0165603e-26
2.7680000e+02        7.0057363e-26
2.7690000e+02        6.9949334e-26
2.7700000e+02        6.9841515e-26
2.7710000e+02        6.9733905e-26
2.7720000e+02        6.9626505e-26
2.7730000e+02        6.9519313e-26
2.7740000e+02        6.9412329e-26
2.7750000e+02        6.9305554e-26
2.7760000e+02        6.9198985e-26
2.7770000e+02        6.9092623e-26
2.7780000e+02        6.8986467e-26
2.7790000e+02        6.8880517e-26
2.7800000e+02        6.8774772e-26
2.7810000e+02        6.8669232e-26
2.7820000e+02        6.8563896e-26
2.7830000e+02        6.8458764e-26
2.7840000e+02        6.8353835e-26
2.7850000e+02        6.8249109e-26
2.7860000e+02        6.8144586e-26
2.7870000e+02        6.8040264e-26
2.7880000e+02        6.7936144e-26
2.7890000e+02        6.7832225e-26
2.7900000e+02        6.7728506e-26
2.7910000e+02        6.7624987e-26
2.7920000e+02        6.7521668e-26
2.7930000e+02        6.7418548e-26
2.7940000e+02        6.7315627e-26
2.7950000e+02        6.7212904e-26
2.7960000e+02        6.7110378e-26
2.7970000e+02        6.7008050e-26
2.7980000e+02        6.6905918e-26
2.7990000e+02        6.6803983e-26
2.8000000e+02        6.6702244e-26
2.8010000e+02        6.6600700e-26
2.8020000e+02        6.6499351e-26
2.8030000e+02        6.6398197e-26
2.8040000e+02        6.6297236e-26
2.8050000e+02        6.6196469e-26
2.8060000e+02        6.6095896e-26
2.8070000e+02        6.5995515e-26
2.8080000e+02        6.5895326e-26
2.8090000e+02        6.5795330e-26
2.8100000e+02        6.5695524e-26
2.8110000e+02        6.5595910e-26
2.8120000e+02        6.5496486e-26
2.8130000e+02        6.5397252e-26
2.8140000e+02        6.5298208e-26
2.8150000e+02        6.5199353e-26
2.8160000e+02        6.5100686e-26
2.8170000e+02        6.5002208e-26
2.8180000e+02        6.4903918e-26
2.8190000e+02        6.4805815e-26
2.8200000e+02        6.4707899e-26
2.8210000e+02        6.4610170e-26
2.8220000e+02        6.4512627e-26
2.8230000e+02        6.4415270e-26
2.8240000e+02        6.4318098e-26
2.8250000e+02        6.4221111e-26
2.8260000e+02        6.4124308e-26
2.8270000e+02        6.4027689e-26
2.8280000e+02        6.3931254e-26
2.8290000e+02        6.3835002e-26
2.8300000e+02        6.3738933e-26
2.8310000e+02        6.3643046e-26
2.8320000e+02        6.3547341e-26
2.8330000e+02        6.3451817e-26
2.8340000e+02        6.3356475e-26
2.8350000e+02        6.3261313e-26
2.8360000e+02        6.3166331e-26
2.8370000e+02        6.3071530e-26
2.8380000e+02        6.2976908e-26
2.8390000e+02        6.2882464e-26
2.8400000e+02        6.2788200e-26
2.8410000e+02        6.2694113e-26
2.8420000e+02        6.2600204e-26
2.8430000e+02        6.2506473e-26
2.8440000e+02        6.2412919e-26
2.8450000e+02        6.2319541e-26
2.8460000e+02        6.2226340e-26
2.8470000e+02        6.2133314e-26
2.8480000e+02        6.2040463e-26
2.8490000e+02        6.1947788e-26
2.8500000e+02        6.1855287e-26
2.8510000e+02        6.1762960e-26
2.8520000e+02        6.1670807e-26
2.8530000e+02        6.1578828e-26
2.8540000e+02        6.1487021e-26
2.8550000e+02        6.1395387e-26
2.8560000e+02        6.1303925e-26
2.8570000e+02        6.1212635e-26
2.8580000e+02        6.1121517e-26
2.8590000e+02        6.1030569e-26
2.8600000e+02        6.0939792e-26
2.8610000e+02        6.0849186e-26
2.8620000e+02        6.0758749e-26
2.8630000e+02        6.0668481e-26
2.8640000e+02        6.0578383e-26
2.8650000e+02        6.0488454e-26
2.8660000e+02        6.0398693e-26
2.8670000e+02        6.0309099e-26
2.8680000e+02        6.0219674e-26
2.8690000e+02        6.0130415e-26
2.8700000e+02        6.0041324e-26
2.8710000e+02        5.9952398e-26
2.8720000e+02        5.9863639e-26
2.8730000e+02        5.9775046e-26
2.8740000e+02        5.9686618e-26
2.8750000e+02        5.9598355e-26
2.8760000e+02        5.9510256e-26
2.8770000e+02        5.9422322e-26
2.8780000e+02        5.9334551e-26
2.8790000e+02        5.9246944e-26
2.8800000e+02        5.9159500e-26
2.8810000e+02        5.9072219e-26
2.8820000e+02        5.8985100e-26
2.8830000e+02        5.8898143e-26
2.8840000e+02        5.8811348e-26
2.8850000e+02        5.8724713e-26
2.8860000e+02        5.8638240e-26
2.8870000e+02        5.8551928e-26
2.8880000e+02        5.8465775e-26
2.8890000e+02        5.8379783e-26
2.8900000e+02        5.8293950e-26
2.8910000e+02        5.8208276e-26
2.8920000e+02        5.8122760e-26
2.8930000e+02        5.8037404e-26
2.8940000e+02        5.7952205e-26
2.8950000e+02        5.7867164e-26
2.8960000e+02        5.7782280e-26
2.8970000e+02        5.7697553e-26
2.8980000e+02        5.7612983e-26
2.8990000e+02        5.7528569e-26
2.9000000e+02        5.7444311e-26
2.9010000e+02        5.7360209e-26
2.9020000e+02        5.7276261e-26
2.9030000e+02        5.7192469e-26
2.9040000e+02        5.7108832e-26
2.9050000e+02        5.7025348e-26
2.9060000e+02        5.6942018e-26
2.9070000e+02        5.6858842e-26
2.9080000e+02        5.6775819e-26
2.9090000e+02        5.6692949e-26
2.9100000e+02        5.6610232e-26
2.9110000e+02        5.6527666e-26
2.9120000e+02        5.6445252e-26
2.9130000e+02        5.6362990e-26
2.9140000e+02        5.6280879e-26
2.9150000e+02        5.6198919e-26
2.9160000e+02        5.6117109e-26
2.9170000e+02        5.6035450e-26
2.9180000e+02        5.5953940e-26
2.9190000e+02        5.5872580e-26
2.9200000e+02        5.5791368e-26
2.9210000e+02        5.5710306e-26
2.9220000e+02        5.5629392e-26
2.9230000e+02        5.5548626e-26
2.9240000e+02        5.5468008e-26
2.9250000e+02        5.5387538e-26
2.9260000e+02        5.5307215e-26
2.9270000e+02        5.5227038e-26
2.9280000e+02        5.5147008e-26
2.9290000e+02        5.5067125e-26
2.9300000e+02        5.4987387e-26
2.9310000e+02        5.4907794e-26
2.9320000e+02        5.4828347e-26
2.9330000e+02        5.4749045e-26
2.9340000e+02        5.4669888e-26
2.9350000e+02        5.4590874e-26
2.9360000e+02        5.4512005e-26
2.9370000e+02        5.4433279e-26
2.9380000e+02        5.4354697e-26
2.9390000e+02        5.4276258e-26
2.9400000e+02        5.4197961e-26
2.9410000e+02        5.4119807e-26
2.9420000e+02        5.4041795e-26
2.9430000e+02        5.3963924e-26
2.9440000e+02        5.3886195e-26
2.9450000e+02        5.3808607e-26
2.9460000e+02        5.3731160e-26
2.9470000e+02        5.3653854e-26
2.9480000e+02        5.3576687e-26
2.9490000e+02        5.3499661e-26
2.9500000e+02        5.3422774e-26
2.9510000e+02        5.3346027e-26
2.9520000e+02        5.3269418e-26
2.9530000e+02        5.3192948e-26
2.9540000e+02        5.3116616e-26
2.9550000e+02        5.3040423e-26
2.9560000e+02        5.2964367e-26
2.9570000e+02        5.2888449e-26
2.9580000e+02        5.2812668e-26
2.9590000e+02        5.2737024e-26
2.9600000e+02        5.2661516e-26
2.9610000e+02        5.2586145e-26
2.9620000e+02        5.2510909e-26
2.9630000e+02        5.2435810e-26
2.9640000e+02        5.2360845e-26
2.9650000e+02        5.2286016e-26
2.9660000e+02        5.2211322e-26
2.9670000e+02        5.2136762e-26
2.9680000e+02        5.2062336e-26
2.9690000e+02        5.1988044e-26
2.9700000e+02        5.1913886e-26
2.9710000e+02        5.1839861e-26
2.9720000e+02        5.1765969e-26
2.9730000e+02        5.1692210e-26
2.9740000e+02        5.1618584e-26
2.9750000e+02        5.1545089e-26
2.9760000e+02        5.1471727e-26
2.9770000e+02        5.1398496e-26
2.9780000e+02        5.1325396e-26
2.9790000e+02        5.1252428e-26
2.9800000e+02        5.1179590e-26
2.9810000e+02        5.1106883e-26
2.9820000e+02        5.1034305e-26
2.9830000e+02        5.0961858e-26
2.9840000e+02        5.0889540e-26
2.9850000e+02        5.0817352e-26
2.9860000e+02        5.0745293e-26
2.9870000e+02        5.0673363e-26
2.9880000e+02        5.0601561e-26
2.9890000e+02        5.0529887e-26
2.9900000e+02        5.0458341e-26
2.9910000e+02        5.0386923e-26
2.9920000e+02        5.0315632e-26
2.9930000e+02        5.0244469e-26
2.9940000e+02        5.0173432e-26
2.9950000e+02        5.0102522e-26
2.9960000e+02        5.0031738e-26
2.9970000e+02        4.9961080e-26
2.9980000e+02        4.9890548e-26
2.9990000e+02        4.9820142e-26
3.0000000e+02        4.9749861e-26
3.0010000e+02        4.9679704e-26
