Left Bin Edge (nm)	Right Bin Edge (nm)	Bin Center (nm)		Top of Atm Intensity (erg/s/nm/cm2)		Total Surface Flux (erg/s/nm/cm2)		Total Intensity at BOA (erg/s/nm/cm2)		Total Surface Intensity (erg/s/nm/cm2)		Total Surface Diffuse Intensity (erg/s/nm/cm2)		Total Surface Direct Intensity (erg/s/nm/cm2)
1.0000000e+02		1.0100000e+02		1.0050000e+02		4.4569042e-02		2.4525374e-199		0.0000000e+00		4.2479194e-199		4.2479194e-199		0.0000000e+00
1.0100000e+02		1.0200000e+02		1.0150000e+02		1.7387199e-01		2.8780738e-197		0.0000000e+00		4.9849701e-197		4.9849701e-197		0.0000000e+00
1.0200000e+02		1.0300000e+02		1.0250000e+02		9.2286085e-01		3.0760917e-195		0.0000000e+00		5.3279471e-195		5.3279471e-195		0.0000000e+00
1.0300000e+02		1.0400000e+02		1.0350000e+02		7.0094286e-01		3.0025219e-193		0.0000000e+00		5.2005205e-193		5.2005205e-193		0.0000000e+00
1.0400000e+02		1.0500000e+02		1.0450000e+02		1.4124828e-01		2.6834655e-191		0.0000000e+00		4.6478986e-191		4.6478986e-191		0.0000000e+00
1.0500000e+02		1.0600000e+02		1.0550000e+02		4.8389941e-02		2.2015022e-189		0.0000000e+00		3.8131136e-189		3.8131136e-189		0.0000000e+00
1.0600000e+02		1.0700000e+02		1.0650000e+02		4.5487167e-02		1.6618998e-187		0.0000000e+00		2.8784949e-187		2.8784949e-187		0.0000000e+00
1.0700000e+02		1.0800000e+02		1.0750000e+02		5.0757295e-02		1.1570799e-185		0.0000000e+00		2.0041212e-185		2.0041212e-185		0.0000000e+00
1.0800000e+02		1.0900000e+02		1.0850000e+02		7.1152114e-02		7.4462170e-184		0.0000000e+00		1.2897226e-183		1.2897226e-183		0.0000000e+00
1.0900000e+02		1.1000000e+02		1.0950000e+02		5.5817450e-02		7.6170003e-31		8.3505952e-29		1.3193032e-30		1.3193032e-30		1.0276315e-68
1.1000000e+02		1.1100000e+02		1.1050000e+02		5.4043772e-02		1.4931172e-33		2.3106597e-31		2.5861548e-33		2.5861548e-33		1.2094933e-66
1.1100000e+02		1.1200000e+02		1.1150000e+02		5.0797691e-02		6.6895724e-45		4.4668082e-42		1.1586679e-44		1.1586679e-44		5.2498292e-68
1.1200000e+02		1.1300000e+02		1.1250000e+02		5.1969037e-02		3.7649341e-47		3.3749608e-44		6.5210572e-47		6.5210572e-47		1.5118403e-66
1.1300000e+02		1.1400000e+02		1.1350000e+02		4.1221387e-02		1.1632827e-37		3.0089078e-35		2.0148648e-37		2.0148648e-37		1.0621543e-60
1.1400000e+02		1.1500000e+02		1.1450000e+02		3.1562600e-02		5.3865210e-35		9.7244349e-33		9.3297280e-35		9.3297280e-35		1.1471150e-57
1.1500000e+02		1.1600000e+02		1.1550000e+02		4.3552050e-02		1.2638204e-21		4.1627088e-20		2.1890012e-21		2.1890012e-21		2.5731670e-51
1.1600000e+02		1.1700000e+02		1.1650000e+02		1.0143732e-01		5.5887977e-21		1.7737564e-19		9.6800816e-21		9.6800816e-21		7.4851758e-49
1.1700000e+02		1.1800000e+02		1.1750000e+02		3.6108525e-01		1.6472754e-19		4.6434608e-18		2.8531647e-19		2.8531647e-19		3.7493888e-46
1.1800000e+02		1.1900000e+02		1.1850000e+02		1.2283927e-01		7.4490100e-23		3.0297266e-21		1.2902064e-22		1.2902064e-22		1.1748441e-45
1.1900000e+02		1.2000000e+02		1.1950000e+02		1.7115732e-01		1.4667821e-28		1.2677970e-26		2.5405411e-28		2.5405411e-28		7.3151313e-46
1.2000000e+02		1.2100000e+02		1.2050000e+02		9.3056497e-01		2.2793487e-35		5.2682313e-33		3.9479477e-35		3.9479477e-35		1.0328026e-46
1.2100000e+02		1.2200000e+02		1.2150000e+02		3.6941242e+01		1.8609532e-39		9.1509204e-37		3.2232653e-39		3.2232651e-39		2.0604481e-46
1.2200000e+02		1.2300000e+02		1.2250000e+02		2.4773856e-01		7.8015318e-42		3.9758043e-39		1.3512637e-41		1.3512621e-41		1.6502331e-47
1.2300000e+02		1.2400000e+02		1.2350000e+02		1.3344721e-01		8.5740741e-50		1.2349049e-46		1.4610295e-49		1.4281852e-49		3.2844273e-51
1.2400000e+02		1.2500000e+02		1.2450000e+02		1.0726631e-01		4.3301032e-58		1.4964546e-54		6.6202277e-58		5.4184929e-58		1.2017349e-58
1.2500000e+02		1.2600000e+02		1.2550000e+02		1.0471361e-01		4.5240881e-63		2.7816374e-59		6.5244308e-63		4.7328616e-63		1.7915691e-63
1.2600000e+02		1.2700000e+02		1.2650000e+02		1.4644878e-01		3.1210395e-57		9.4370591e-54		4.6101155e-57		3.5231917e-57		1.0869239e-57
1.2700000e+02		1.2800000e+02		1.2750000e+02		7.6659940e-02		4.8747753e-44		3.0787060e-41		8.1337355e-44		7.7107828e-44		4.2295273e-45
1.2800000e+02		1.2900000e+02		1.2850000e+02		6.1165494e-02		7.1201959e-30		7.0241998e-28		1.2332538e-29		1.2332535e-29		3.6672786e-36
1.2900000e+02		1.3000000e+02		1.2950000e+02		8.1594975e-02		2.6153097e-22		9.6945908e-21		4.5298492e-22		4.5298492e-22		6.7013740e-32
1.3000000e+02		1.3100000e+02		1.3050000e+02		6.7007791e-01		5.1629425e-18		1.2331601e-16		8.9424787e-18		8.9424787e-18		8.5759793e-29
1.3100000e+02		1.3200000e+02		1.3150000e+02		9.0731094e-02		1.3031054e-19		3.4243175e-18		2.2570448e-19		2.2570448e-19		4.0813042e-29
1.3200000e+02		1.3300000e+02		1.3250000e+02		7.0547730e-02		7.2134175e-17		1.3092442e-15		1.2494006e-16		1.2494006e-16		2.3928255e-27
1.3300000e+02		1.3400000e+02		1.3350000e+02		9.5357088e-01		8.9529159e-14		1.2614282e-12		1.5506905e-13		1.5506905e-13		9.4193402e-25
1.3400000e+02		1.3500000e+02		1.3450000e+02		6.5246966e-02		1.9495346e-10		1.5531208e-09		3.3766930e-10		3.3766930e-10		8.5224001e-24
1.3500000e+02		1.3600000e+02		1.3550000e+02		1.3692679e-01		4.8986395e-09		3.4165056e-08		8.4846924e-09		8.4846924e-09		1.8323488e-22
1.3600000e+02		1.3700000e+02		1.3650000e+02		8.9861989e-02		5.5864771e-09		3.7796727e-08		9.6760623e-09		9.6760623e-09		7.0337387e-22
1.3700000e+02		1.3800000e+02		1.3750000e+02		9.2282630e-02		4.3338336e-09		2.9713166e-08		7.5064200e-09		7.5064200e-09		3.1857203e-21
1.3800000e+02		1.3900000e+02		1.3850000e+02		9.4180145e-02		3.3997538e-09		2.3603713e-08		5.8885464e-09		5.8885464e-09		1.3271079e-20
1.3900000e+02		1.4000000e+02		1.3950000e+02		3.1801144e-01		1.0933164e-08		7.6014183e-08		1.8936796e-08		1.8936796e-08		1.7948788e-19
1.4000000e+02		1.4100000e+02		1.4050000e+02		2.7729440e-01		1.4999684e-08		1.0171015e-07		2.5980215e-08		2.5980215e-08		6.7244204e-19
1.4100000e+02		1.4200000e+02		1.4150000e+02		1.3359910e-01		5.1790052e-09		3.5706711e-08		8.9703001e-09		8.9703001e-09		1.0496132e-18
1.4200000e+02		1.4300000e+02		1.4250000e+02		1.4479671e-01		5.9839669e-09		4.1080287e-08		1.0364535e-08		1.0364535e-08		3.8730083e-18
1.4300000e+02		1.4400000e+02		1.4350000e+02		1.6064305e-01		7.8560162e-09		5.3408618e-08		1.3607019e-08		1.3607019e-08		1.4255064e-17
1.4400000e+02		1.4500000e+02		1.4450000e+02		1.5363637e-01		4.5073144e-09		3.1469376e-08		7.8068975e-09		7.8068975e-09		3.4709774e-17
1.4500000e+02		1.4600000e+02		1.4550000e+02		1.6382583e-01		4.4071033e-09		3.0897009e-08		7.6333267e-09		7.6333266e-09		1.0154585e-16
1.4600000e+02		1.4700000e+02		1.4650000e+02		1.9977093e-01		5.3521123e-09		3.7514723e-08		9.2701301e-09		9.2701298e-09		3.3172758e-16
1.4700000e+02		1.4800000e+02		1.4750000e+02		2.4643334e-01		4.2334206e-09		3.0389097e-08		7.3324989e-09		7.3324981e-09		8.9765640e-16
1.4800000e+02		1.4900000e+02		1.4850000e+02		2.4167300e-01		2.4466056e-09		1.8076875e-08		4.2376439e-09		4.2376421e-09		1.7716787e-15
1.4900000e+02		1.5000000e+02		1.4950000e+02		2.1832777e-01		2.7043876e-09		1.9762674e-08		4.6841337e-09		4.6841297e-09		4.0079225e-15
1.5000000e+02		1.5100000e+02		1.5050000e+02		2.4023073e-01		6.5612674e-09		4.5915753e-08		1.1364439e-08		1.1364426e-08		1.3246198e-14
1.5100000e+02		1.5200000e+02		1.5150000e+02		2.5258505e-01		8.9911622e-09		6.2021910e-08		1.5573125e-08		1.5573092e-08		3.3295137e-14
1.5200000e+02		1.5300000e+02		1.5250000e+02		3.2229547e-01		3.4931424e-08		2.2680629e-07		6.0502903e-08		6.0502768e-08		1.3481607e-13
1.5300000e+02		1.5400000e+02		1.5350000e+02		3.5701286e-01		2.3041707e-07		1.3599574e-06		3.9909364e-07		3.9909306e-07		5.8014178e-13
1.5400000e+02		1.5500000e+02		1.5450000e+02		9.5486931e-01		1.1024837e-06		6.3103312e-06		1.9095550e-06		1.9095512e-06		3.8084521e-12
1.5500000e+02		1.5600000e+02		1.5550000e+02		7.8587524e-01		1.3314405e-06		7.4686719e-06		2.3061174e-06		2.3061104e-06		6.9863559e-12
1.5600000e+02		1.5700000e+02		1.5650000e+02		4.6648084e-01		1.1017464e-05		5.4147953e-05		1.9082793e-05		1.9082775e-05		1.8816497e-11
1.5700000e+02		1.5800000e+02		1.5750000e+02		4.2309893e-01		2.6405633e-05		1.2390611e-04		4.5735867e-05		4.5735824e-05		4.3099915e-11
1.5800000e+02		1.5900000e+02		1.5850000e+02		3.9008072e-01		6.4013440e-05		2.8739622e-04		1.1087446e-04		1.1087436e-04		9.6895116e-11
1.5900000e+02		1.6000000e+02		1.5950000e+02		3.8042347e-01		3.8123964e-04		1.5870200e-03		6.6032623e-04		6.6032595e-04		2.7477193e-10
1.6000000e+02		1.6100000e+02		1.6050000e+02		4.1635449e-01		1.1115625e-03		4.4586419e-03		1.9252822e-03		1.9252815e-03		6.7481410e-10
1.6100000e+02		1.6200000e+02		1.6150000e+02		4.7164413e-01		2.9621333e-03		1.1534319e-02		5.1305642e-03		5.1305626e-03		1.6097141e-09
1.6200000e+02		1.6300000e+02		1.6250000e+02		5.2241459e-01		8.3147701e-03		3.1459632e-02		1.4401602e-02		1.4401598e-02		3.6728813e-09
1.6300000e+02		1.6400000e+02		1.6350000e+02		1.1072121e+00		3.4522915e-02		1.2820716e-01		5.9795432e-02		5.9795417e-02		1.4811820e-08
1.6400000e+02		1.6500000e+02		1.6450000e+02		1.1323318e+00		5.8457352e-02		2.1432968e-01		1.0125108e-01		1.0125106e-01		2.7324336e-08
1.6500000e+02		1.6600000e+02		1.6550000e+02		1.3255566e+00		8.6803036e-02		3.1631458e-01		1.5034723e-01		1.5034717e-01		5.4329985e-08
1.6600000e+02		1.6700000e+02		1.6650000e+02		6.2522883e-01		5.1203319e-02		1.8555841e-01		8.8686719e-02		8.8686676e-02		4.2636093e-08
1.6700000e+02		1.6800000e+02		1.6750000e+02		6.6723830e-01		4.9021437e-02		1.7787090e-01		8.4907567e-02		8.4907496e-02		7.1054891e-08
1.6800000e+02		1.6900000e+02		1.6850000e+02		7.1904320e-01		4.6465698e-02		1.6889330e-01		8.0480864e-02		8.0480747e-02		1.1705942e-07
1.6900000e+02		1.7000000e+02		1.6950000e+02		9.0554889e-01		4.6032357e-02		1.6804717e-01		7.9730222e-02		7.9730005e-02		2.1735276e-07
1.7000000e+02		1.7100000e+02		1.7050000e+02		1.0161854e+00		3.6284484e-02		1.3344653e-01		6.2846317e-02		6.2845972e-02		3.4527810e-07
1.7100000e+02		1.7200000e+02		1.7150000e+02		1.0130704e+00		3.0098905e-02		1.1111477e-01		5.2132473e-02		5.2131980e-02		4.9245507e-07
1.7200000e+02		1.7300000e+02		1.7250000e+02		1.0571150e+00		2.1126292e-02		7.8749255e-02		3.6591306e-02		3.6590615e-02		6.9012261e-07
1.7300000e+02		1.7400000e+02		1.7350000e+02		1.0479596e+00		1.5721497e-02		5.9034758e-02		2.7229757e-02		2.7228837e-02		9.2019413e-07
1.7400000e+02		1.7500000e+02		1.7450000e+02		1.2530722e+00		1.1769212e-02		4.4789053e-02		2.0383860e-02		2.0382476e-02		1.3841866e-06
1.7500000e+02		1.7600000e+02		1.7550000e+02		1.4954862e+00		1.0107234e-02		3.8847455e-02		1.7504703e-02		1.7502600e-02		2.1029706e-06
1.7600000e+02		1.7700000e+02		1.7650000e+02		1.6135596e+00		7.1918849e-03		2.8017752e-02		1.2454694e-02		1.2451940e-02		2.7539447e-06
1.7700000e+02		1.7800000e+02		1.7750000e+02		1.9010195e+00		5.9344472e-03		2.3401763e-02		1.0275896e-02		1.0271978e-02		3.9179540e-06
1.7800000e+02		1.7900000e+02		1.7850000e+02		2.0776624e+00		4.3325555e-03		1.7335245e-02		7.5005641e-03		7.4955888e-03		4.9752932e-06
1.7900000e+02		1.8000000e+02		1.7950000e+02		2.0198657e+00		2.6678695e-03		1.0861396e-02		4.6169484e-03		4.6115703e-03		5.3780906e-06
1.8000000e+02		1.8100000e+02		1.8050000e+02		2.4976225e+00		2.6466613e-03		1.0865980e-02		4.5783594e-03		4.5704467e-03		7.9127353e-06
1.8100000e+02		1.8200000e+02		1.8150000e+02		3.0410490e+00		1.9353254e-03		8.1109469e-03		3.3447658e-03		3.3347718e-03		9.9939767e-06
1.8200000e+02		1.8300000e+02		1.8250000e+02		2.8073836e+00		8.7051209e-04		3.7604339e-03		1.5015905e-03		1.4931475e-03		8.4429669e-06
1.8300000e+02		1.8400000e+02		1.8350000e+02		2.9562417e+00		4.1359297e-04		1.8487669e-03		7.1088295e-04		7.0339565e-04		7.4872963e-06
1.8400000e+02		1.8500000e+02		1.8450000e+02		2.5409769e+00		2.8081037e-04		1.2663437e-03		4.8129831e-04		4.7435955e-04		6.9387612e-06
1.8500000e+02		1.8600000e+02		1.8550000e+02		2.8735562e+00		4.3193272e-04		1.9181115e-03		7.3999181e-04		7.2887563e-04		1.1116178e-05
1.8600000e+02		1.8700000e+02		1.8650000e+02		3.2604304e+00		1.9239631e-04		8.8701492e-04		3.2665922e-04		3.1766947e-04		8.9897571e-06
1.8700000e+02		1.8800000e+02		1.8750000e+02		3.6946466e+00		1.1627391e-04		5.4796971e-04		1.9540136e-04		1.8721755e-04		8.1838055e-06
1.8800000e+02		1.8900000e+02		1.8850000e+02		3.8870616e+00		1.3711314e-04		6.4033141e-04		2.2968108e-04		2.1901812e-04		1.0662967e-05
1.8900000e+02		1.9000000e+02		1.8950000e+02		4.3106081e+00		1.4894568e-04		6.9268687e-04		2.4819897e-04		2.3483580e-04		1.3363165e-05
1.9000000e+02		1.9100000e+02		1.9050000e+02		4.4384288e+00		3.3308489e-05		1.6228192e-04		5.3703193e-05		4.8254390e-05		5.4488036e-06
1.9100000e+02		1.9200000e+02		1.9150000e+02		4.8094361e+00		3.5980594e-05		1.7394709e-04		5.7563535e-05		5.1065785e-05		6.4977497e-06
1.9200000e+02		1.9300000e+02		1.9250000e+02		5.0365493e+00		8.1273441e-05		3.8068711e-04		1.3116186e-04		1.1803727e-04		1.3124590e-05
1.9300000e+02		1.9400000e+02		1.9350000e+02		3.8447944e+00		3.5065380e-05		1.6581774e-04		5.5461161e-05		4.8256935e-05		7.2042261e-06
1.9400000e+02		1.9500000e+02		1.9450000e+02		6.1679797e+00		1.9994690e-05		9.6554905e-05		3.0587030e-05		2.5061745e-05		5.5252843e-06
1.9500000e+02		1.9600000e+02		1.9550000e+02		5.9528271e+00		4.6523758e-05		2.1733168e-04		7.2117056e-05		6.0554392e-05		1.1562663e-05
1.9600000e+02		1.9700000e+02		1.9650000e+02		6.5508102e+00		8.8416714e-05		4.0356107e-04		1.3778562e-04		1.1680807e-04		2.0977542e-05
1.9700000e+02		1.9800000e+02		1.9750000e+02		6.5190955e+00		1.9147056e-05		9.0311268e-05		2.8461480e-05		2.2038165e-05		6.4233158e-06
1.9800000e+02		1.9900000e+02		1.9850000e+02		6.3883794e+00		2.3481103e-04		1.0274866e-03		3.6931309e-04		3.1823530e-04		5.1077787e-05
1.9900000e+02		2.0000000e+02		1.9950000e+02		6.7274707e+00		1.6621852e-04		7.2917635e-04		2.5679816e-04		2.1431374e-04		4.2484421e-05
2.0000000e+02		2.0100000e+02		2.0050000e+02		7.1125146e+00		7.9374553e-05		3.5241537e-04		1.1909975e-04		9.3990814e-05		2.5108931e-05
2.0100000e+02		2.0200000e+02		2.0150000e+02		7.5701275e+00		7.8524576e-04		3.2768033e-03		1.2401313e-03		1.0762707e-03		1.6386055e-04
2.0200000e+02		2.0300000e+02		2.0250000e+02		7.4828608e+00		1.0899072e-04		4.7310503e-04		1.6204727e-04		1.2553314e-04		3.6514123e-05
2.0300000e+02		2.0400000e+02		2.0350000e+02		8.0092047e+00		2.2614757e-04		9.5874780e-04		3.3968877e-04		2.6864136e-04		7.1047409e-05
2.0400000e+02		2.0500000e+02		2.0450000e+02		8.6207445e+00		3.9109393e-03		1.5475739e-02		6.2817002e-03		5.6092805e-03		6.7241965e-04
2.0500000e+02		2.0600000e+02		2.0550000e+02		8.6400754e+00		2.3798089e-04		9.9439549e-04		3.5164914e-04		2.6894197e-04		8.2707170e-05
2.0600000e+02		2.0700000e+02		2.0650000e+02		8.6510225e+00		1.0673123e-03		4.2862656e-03		1.6336936e-03		1.3400725e-03		2.9362110e-04
2.0700000e+02		2.0800000e+02		2.0750000e+02		9.3957826e+00		8.8496336e-03		3.3918593e-02		1.4218422e-02		1.2702689e-02		1.5157325e-03
2.0800000e+02		2.0900000e+02		2.0850000e+02		1.0163489e+01		1.2848781e-03		5.0869483e-03		1.9395920e-03		1.5490696e-03		3.9052236e-04
2.0900000e+02		2.1000000e+02		2.0950000e+02		1.3129215e+01		4.3531635e-02		1.6134591e-01		7.1281990e-02		6.5658045e-02		5.6239451e-03
2.1000000e+02		2.1100000e+02		2.1050000e+02		1.6183343e+01		5.1351693e-03		1.9725194e-02		7.8549578e-03		6.4350887e-03		1.4198691e-03
2.1100000e+02		2.1200000e+02		2.1150000e+02		1.8424170e+01		3.9183594e-02		1.4501413e-01		6.2865140e-02		5.6031140e-02		6.8339999e-03
2.1200000e+02		2.1300000e+02		2.1250000e+02		1.6428561e+01		7.2144033e-02		2.6277781e-01		1.1726368e-01		1.0675424e-01		1.0509445e-02
2.1300000e+02		2.1400000e+02		2.1350000e+02		1.6737981e+01		3.5796099e-02		1.3115551e-01		5.6815464e-02		4.9732353e-02		7.0831116e-03
2.1400000e+02		2.1500000e+02		2.1450000e+02		2.1432541e+01		4.0865897e-01		1.4473104e+00		6.7997942e-01		6.4195107e-01		3.8028348e-02
2.1500000e+02		2.1600000e+02		2.1550000e+02		1.8408135e+01		9.3556937e-02		3.3570911e-01		1.5045576e-01		1.3462407e-01		1.5831694e-02
2.1600000e+02		2.1700000e+02		2.1650000e+02		1.7036901e+01		4.5845915e-01		1.6076840e+00		7.6297052e-01		7.2048166e-01		4.2488868e-02
2.1700000e+02		2.1800000e+02		2.1750000e+02		1.7640866e+01		3.4190082e-01		1.1994512e+00		5.6327532e-01		5.2377769e-01		3.9497624e-02
2.1800000e+02		2.1900000e+02		2.1850000e+02		2.3730294e+01		7.6375130e-01		2.6585039e+00		1.2675747e+00		1.1920590e+00		7.5515721e-02
2.1900000e+02		2.2000000e+02		2.1950000e+02		2.5052511e+01		1.8868717e+00		6.5068043e+00		3.1722475e+00		3.0412318e+00		1.3101572e-01
2.2000000e+02		2.2100000e+02		2.2050000e+02		2.5203754e+01		9.4165679e-01		3.2555043e+00		1.5577975e+00		1.4578045e+00		9.9992981e-02
2.2100000e+02		2.2200000e+02		2.2150000e+02		2.0176768e+01		2.6193194e+00		8.9673262e+00		4.4227902e+00		4.2670579e+00		1.5573234e-01
2.2200000e+02		2.2300000e+02		2.2250000e+02		2.7154039e+01		2.6850094e+00		9.1864471e+00		4.5036372e+00		4.3029197e+00		2.0071749e-01
2.2300000e+02		2.2400000e+02		2.2350000e+02		3.5163062e+01		1.0157767e+01		3.4561717e+01		1.7283161e+01		1.6858863e+01		4.2429854e-01
2.2400000e+02		2.2500000e+02		2.2450000e+02		3.2875934e+01		5.7676414e+00		1.9620542e+01		9.7282647e+00		9.3709353e+00		3.5732935e-01
2.2500000e+02		2.2600000e+02		2.2550000e+02		2.8720078e+01		8.5130960e+00		2.8887776e+01		1.4448041e+01		1.4042231e+01		4.0581009e-01
2.2600000e+02		2.2700000e+02		2.2650000e+02		2.1037217e+01		6.8003013e+00		2.3042855e+01		1.1537899e+01		1.1209276e+01		3.2862272e-01
2.2700000e+02		2.2800000e+02		2.2750000e+02		2.0463841e+01		8.0479856e+00		2.7234574e+01		1.3672419e+01		1.3307552e+01		3.6486660e-01
2.2800000e+02		2.2900000e+02		2.2850000e+02		2.8509984e+01		1.9626396e+01		6.6361420e+01		3.3530339e+01		3.2897081e+01		6.3325784e-01
2.2900000e+02		2.3000000e+02		2.2950000e+02		2.5620938e+01		2.3183780e+01		7.8342527e+01		3.9681447e+01		3.9033899e+01		6.4754785e-01
2.3000000e+02		2.3100000e+02		2.3050000e+02		2.9055844e+01		2.4382087e+01		8.2316070e+01		4.1663734e+01		4.0888816e+01		7.7491770e-01
2.3100000e+02		2.3200000e+02		2.3150000e+02		2.7387429e+01		2.6059098e+01		8.7926008e+01		4.4548683e+01		4.3746828e+01		8.0185484e-01
2.3200000e+02		2.3300000e+02		2.3250000e+02		2.9413108e+01		2.9939721e+01		1.0095518e+02		5.1174602e+01		5.0242268e+01		9.3233415e-01
2.3300000e+02		2.3400000e+02		2.3350000e+02		2.6543685e+01		2.9032567e+01		9.7839516e+01		4.9619682e+01		4.8709637e+01		9.1004534e-01
2.3400000e+02		2.3500000e+02		2.3450000e+02		2.3194371e+01		2.5601270e+01		8.6212206e+01		4.3721430e+01		4.2872760e+01		8.4867070e-01
2.3500000e+02		2.3600000e+02		2.3550000e+02		3.1223226e+01		3.3947684e+01		1.1422259e+02		5.7912020e+01		5.6700228e+01		1.2117919e+00
2.3600000e+02		2.3700000e+02		2.3650000e+02		2.8911473e+01		3.1871205e+01		1.0715607e+02		5.4327710e+01		5.3132660e+01		1.1950497e+00
2.3700000e+02		2.3800000e+02		2.3750000e+02		3.0878004e+01		3.4109927e+01		1.1459081e+02		5.8088679e+01		5.6734338e+01		1.3543417e+00
2.3800000e+02		2.3900000e+02		2.3850000e+02		2.5598090e+01		2.8152245e+01		9.4495557e+01		4.7891315e+01		4.6703141e+01		1.1881735e+00
2.3900000e+02		2.4000000e+02		2.3950000e+02		2.7890834e+01		3.0469575e+01		1.0218315e+02		5.1773778e+01		5.0406287e+01		1.3674913e+00
2.4000000e+02		2.4100000e+02		2.4050000e+02		2.5623038e+01		2.7926369e+01		9.3571698e+01		4.7398877e+01		4.6072449e+01		1.3264288e+00
2.4100000e+02		2.4200000e+02		2.4150000e+02		3.0005079e+01		3.2753548e+01		1.0965039e+02		5.5530821e+01		5.3891608e+01		1.6392139e+00
2.4200000e+02		2.4300000e+02		2.4250000e+02		4.1301739e+01		4.5129024e+01		1.5094612e+02		7.6424971e+01		7.4047007e+01		2.3779643e+00
2.4300000e+02		2.4400000e+02		2.4350000e+02		3.8791639e+01		4.1890080e+01		1.3997108e+02		7.0839504e+01		6.8495072e+01		2.3444316e+00
2.4400000e+02		2.4500000e+02		2.4450000e+02		3.6329084e+01		3.7470202e+01		1.2503254e+02		6.3228295e+01		6.0944303e+01		2.2839922e+00
2.4500000e+02		2.4600000e+02		2.4550000e+02		2.9476122e+01		2.8628155e+01		9.5376178e+01		4.8181538e+01		4.6263802e+01		1.9177362e+00
2.4600000e+02		2.4700000e+02		2.4650000e+02		2.8685918e+01		2.8448593e+01		9.4702169e+01		4.7834723e+01		4.5868075e+01		1.9666479e+00
2.4700000e+02		2.4800000e+02		2.4750000e+02		3.1678139e+01		3.1159994e+01		1.0361149e+02		5.2308951e+01		5.0038971e+01		2.2699803e+00
2.4800000e+02		2.4900000e+02		2.4850000e+02		2.5406301e+01		2.4705395e+01		8.2051197e+01		4.1400723e+01		3.9501570e+01		1.8991533e+00
2.4900000e+02		2.5000000e+02		2.4950000e+02		3.0967514e+01		2.9463157e+01		9.7719759e+01		4.9270650e+01		4.6865030e+01		2.4056193e+00
2.5000000e+02		2.5100000e+02		2.5050000e+02		3.3448743e+01		2.9623531e+01		9.8043851e+01		4.9361786e+01		4.6701213e+01		2.6605735e+00
2.5100000e+02		2.5200000e+02		2.5150000e+02		2.7888154e+01		2.3547080e+01		7.7785183e+01		3.9114416e+01		3.6832712e+01		2.2817044e+00
2.5200000e+02		2.5300000e+02		2.5250000e+02		2.5069906e+01		2.1732389e+01		7.1734070e+01		3.6065729e+01		3.3913046e+01		2.1526827e+00
2.5300000e+02		2.5400000e+02		2.5350000e+02		3.1592540e+01		2.6279918e+01		8.6579402e+01		4.3476604e+01		4.0687794e+01		2.7888092e+00
2.5400000e+02		2.5500000e+02		2.5450000e+02		3.5730773e+01		2.7815148e+01		9.1413035e+01		4.5825804e+01		4.2613669e+01		3.2121346e+00
2.5500000e+02		2.5600000e+02		2.5550000e+02		4.8755658e+01		3.5246202e+01		1.1551716e+02		5.7796400e+01		5.3354343e+01		4.4420575e+00
2.5600000e+02		2.5700000e+02		2.5650000e+02		6.2803876e+01		4.9543967e+01		1.6243820e+02		8.1340734e+01		7.5231960e+01		6.1087740e+00
2.5700000e+02		2.5800000e+02		2.5750000e+02		7.8843355e+01		5.5631184e+01		1.8172897e+02		9.0751135e+01		8.3094698e+01		7.6564377e+00
2.5800000e+02		2.5900000e+02		2.5850000e+02		8.2991293e+01		5.9580173e+01		1.9442716e+02		9.7050002e+01		8.8654568e+01		8.3954340e+00
2.5900000e+02		2.6000000e+02		2.5950000e+02		7.0629481e+01		4.7277302e+01		1.5381213e+02		7.6610235e+01		6.9402465e+01		7.2077707e+00
2.6000000e+02		2.6100000e+02		2.6050000e+02		5.7868388e+01		3.7506566e+01		1.2174829e+02		6.0549045e+01		5.4519090e+01		6.0299543e+00
2.6100000e+02		2.6200000e+02		2.6150000e+02		5.9092703e+01		3.5900422e+01		1.1616772e+02		5.7643156e+01		5.1443862e+01		6.1992941e+00
2.6200000e+02		2.6300000e+02		2.6250000e+02		7.0528613e+01		4.3101932e+01		1.3927308e+02		6.9053822e+01		6.1402830e+01		7.6509918e+00
2.6300000e+02		2.6400000e+02		2.6350000e+02		1.0614195e+02		6.6458111e+01		2.1454535e+02		1.0633360e+02		9.4346427e+01		1.1987176e+01
2.6400000e+02		2.6500000e+02		2.6450000e+02		1.6548208e+02		9.3110174e+01		2.9921943e+02		1.4779195e+02		1.2937848e+02		1.8413471e+01
2.6500000e+02		2.6600000e+02		2.6550000e+02		1.7356948e+02		9.5399310e+01		3.0586201e+02		1.5083484e+02		1.3116187e+02		1.9672969e+01
2.6600000e+02		2.6700000e+02		2.6650000e+02		1.6826276e+02		8.8417290e+01		2.8262181e+02		1.3907395e+02		1.1985493e+02		1.9219011e+01
2.6700000e+02		2.6800000e+02		2.6750000e+02		1.6940220e+02		8.7249529e+01		2.7824113e+02		1.3670123e+02		1.1700399e+02		1.9697244e+01
2.6800000e+02		2.6900000e+02		2.6850000e+02		1.6778062e+02		8.2226991e+01		2.6136002e+02		1.2810014e+02		1.0853703e+02		1.9563106e+01
2.6900000e+02		2.7000000e+02		2.6950000e+02		1.5737310e+02		7.8690818e+01		2.4984368e+02		1.2238149e+02		1.0337323e+02		1.9008257e+01
2.7000000e+02		2.7100000e+02		2.7050000e+02		1.8181465e+02		8.3552106e+01		2.6407246e+02		1.2890787e+02		1.0731289e+02		2.1594977e+01
2.7100000e+02		2.7200000e+02		2.7150000e+02		1.5108640e+02		6.6503655e+01		2.0950346e+02		1.0202581e+02		8.4046323e+01		1.7979488e+01
2.7200000e+02		2.7300000e+02		2.7250000e+02		1.2154404e+02		5.0519877e+01		1.5854378e+02		7.6989755e+01		6.2628404e+01		1.4361351e+01
2.7300000e+02		2.7400000e+02		2.7350000e+02		1.2960124e+02		4.9047966e+01		1.5313048e+02		7.4067307e+01		5.9196395e+01		1.4870912e+01
2.7400000e+02		2.7500000e+02		2.7450000e+02		8.9183780e+01		3.8645444e+01		1.2101031e+02		5.8685833e+01		4.7416071e+01		1.1269762e+01
2.7500000e+02		2.7600000e+02		2.7550000e+02		1.1893609e+02		4.5681418e+01		1.4215349e+02		6.8608954e+01		5.4247132e+01		1.4361822e+01
2.7600000e+02		2.7700000e+02		2.7650000e+02		1.6564211e+02		6.5970714e+01		2.0517871e+02		9.9004105e+01		7.8157842e+01		2.0846263e+01
2.7700000e+02		2.7800000e+02		2.7750000e+02		1.5837296e+02		5.8965283e+01		1.8258763e+02		8.7810029e+01		6.8247402e+01		1.9562627e+01
2.7800000e+02		2.7900000e+02		2.7850000e+02		1.0921797e+02		4.1252948e+01		1.2756949e+02		6.1295234e+01		4.7420557e+01		1.3874677e+01
2.7900000e+02		2.8000000e+02		2.7950000e+02		6.1368404e+01		2.1843389e+01		6.7268192e+01		3.2219546e+01		2.4550253e+01		7.6692936e+00
2.8000000e+02		2.8100000e+02		2.8050000e+02		6.7313201e+01		2.4077067e+01		7.4020912e+01		3.5410875e+01		2.6816078e+01		8.5947975e+00
2.8100000e+02		2.8200000e+02		2.8150000e+02		1.3943196e+02		4.3800255e+01		1.3372846e+02		6.3631680e+01		4.6921655e+01		1.6710026e+01
2.8200000e+02		2.8300000e+02		2.8250000e+02		1.8983287e+02		7.4196554e+01		2.2805597e+02		1.0910122e+02		8.2585316e+01		2.6515900e+01
2.8300000e+02		2.8400000e+02		2.8350000e+02		1.9610227e+02		6.5912245e+01		2.0100562e+02		9.5577348e+01		7.0188387e+01		2.5388961e+01
2.8400000e+02		2.8500000e+02		2.8450000e+02		1.4459284e+02		5.1173011e+01		1.5608893e+02		7.4236065e+01		5.4567771e+01		1.9668294e+01
2.8500000e+02		2.8600000e+02		2.8550000e+02		9.2944992e+01		3.0361543e+01		9.2140301e+01		4.3651025e+01		3.1443252e+01		1.2207773e+01
2.8600000e+02		2.8700000e+02		2.8650000e+02		1.9045522e+02		6.7464523e+01		2.0503738e+02		9.7247371e+01		7.0466973e+01		2.6780398e+01
2.8700000e+02		2.8800000e+02		2.8750000e+02		2.2108403e+02		7.5403802e+01		2.2839399e+02		1.0804392e+02		7.7227346e+01		3.0816573e+01
2.8800000e+02		2.8900000e+02		2.8850000e+02		2.1010240e+02		7.4223220e+01		2.2474051e+02		1.0628537e+02		7.5859859e+01		3.0425511e+01
2.8900000e+02		2.9000000e+02		2.8950000e+02		3.1885068e+02		1.2445863e+02		3.7777584e+02		1.7898382e+02		1.2900798e+02		4.9975836e+01
2.9000000e+02		2.9100000e+02		2.9050000e+02		4.1860542e+02		1.4579568e+02		4.3962281e+02		2.0723147e+02		1.4535863e+02		6.1872836e+01
2.9100000e+02		2.9200000e+02		2.9150000e+02		4.0318642e+02		1.7241666e+02		5.2363233e+02		2.4814212e+02		1.7916837e+02		6.8973756e+01
2.9200000e+02		2.9300000e+02		2.9250000e+02		3.5818014e+02		1.2405596e+02		3.7267061e+02		1.7514652e+02		1.2088157e+02		5.4264957e+01
2.9300000e+02		2.9400000e+02		2.9350000e+02		3.7393440e+02		1.5992739e+02		4.8408111e+02		2.2876648e+02		1.6287503e+02		6.5891444e+01
2.9400000e+02		2.9500000e+02		2.9450000e+02		3.4819581e+02		1.3802057e+02		4.1565565e+02		1.9566163e+02		1.3638022e+02		5.9281411e+01
2.9500000e+02		2.9600000e+02		2.9550000e+02		3.7701055e+02		1.8897813e+02		5.7433051e+02		2.7213557e+02		1.9675260e+02		7.5382969e+01
2.9600000e+02		2.9700000e+02		2.9650000e+02		3.4493460e+02		1.3607058e+02		4.0833474e+02		1.9164916e+02		1.3150034e+02		6.0148818e+01
2.9700000e+02		2.9800000e+02		2.9750000e+02		3.5165811e+02		1.7628908e+02		5.3408895e+02		2.5237987e+02		1.8003273e+02		7.2347132e+01
2.9800000e+02		2.9900000e+02		2.9850000e+02		3.0223333e+02		1.2203259e+02		3.6540215e+02		1.7115485e+02		1.1622453e+02		5.4930327e+01
2.9900000e+02		3.0000000e+02		2.9950000e+02		3.4101318e+02		1.8600107e+02		5.6407407e+02		2.6662079e+02		1.9074831e+02		7.5872480e+01
3.0000000e+02		3.0100000e+02		3.0050000e+02		2.7131061e+02		1.2374346e+02		3.7146837e+02		1.7423814e+02		1.1947170e+02		5.4766444e+01
3.0100000e+02		3.0200000e+02		3.0150000e+02		3.1202593e+02		2.1741831e+02		6.6549780e+02		3.1656244e+02		2.3457754e+02		8.1984904e+01
3.0200000e+02		3.0300000e+02		3.0250000e+02		3.2846528e+02		1.6261172e+02		4.8859113e+02		2.2920600e+02		1.5756374e+02		7.1642258e+01
3.0300000e+02		3.0400000e+02		3.0350000e+02		4.2601061e+02		3.2972441e+02		1.0119254e+03		4.8204314e+02		3.6038996e+02		1.2165317e+02
3.0400000e+02		3.0500000e+02		3.0450000e+02		4.0776836e+02		2.2260101e+02		6.7011516e+02		3.1461809e+02		2.1771474e+02		9.6903350e+01
3.0500000e+02		3.0600000e+02		3.0550000e+02		4.1174793e+02		3.4582298e+02		1.0630720e+03		5.0675220e+02		3.8076261e+02		1.2598959e+02
3.0600000e+02		3.0700000e+02		3.0650000e+02		3.9053943e+02		2.2898849e+02		6.8988824e+02		3.2389054e+02		2.2454066e+02		9.9349878e+01
3.0700000e+02		3.0800000e+02		3.0750000e+02		4.3847484e+02		3.6623142e+02		1.1226310e+03		5.3369758e+02		3.9622920e+02		1.3746838e+02
3.0800000e+02		3.0900000e+02		3.0850000e+02		4.3035211e+02		2.9888236e+02		9.0602724e+02		4.2702179e+02		3.0318115e+02		1.2384064e+02
3.0900000e+02		3.1000000e+02		3.0950000e+02		3.4901328e+02		2.9813991e+02		9.1272519e+02		4.3322497e+02		3.1961469e+02		1.1361028e+02
3.1000000e+02		3.1100000e+02		3.1050000e+02		4.3927411e+02		3.4845503e+02		1.0611513e+03		5.0152192e+02		3.6216016e+02		1.3936176e+02
3.1100000e+02		3.1200000e+02		3.1150000e+02		5.2246540e+02		4.6646034e+02		1.4279693e+03		6.7734729e+02		4.9896388e+02		1.7838341e+02
3.1200000e+02		3.1300000e+02		3.1250000e+02		4.6521908e+02		4.3002771e+02		1.3173847e+03		6.2503836e+02		4.6140016e+02		1.6363820e+02
3.1300000e+02		3.1400000e+02		3.1350000e+02		4.9544367e+02		4.4714716e+02		1.3663964e+03		6.4684452e+02		4.7248901e+02		1.7435551e+02
3.1400000e+02		3.1500000e+02		3.1450000e+02		4.6729179e+02		4.6789160e+02		1.4364278e+03		6.8220224e+02		5.0706441e+02		1.7513783e+02
3.1500000e+02		3.1600000e+02		3.1550000e+02		4.5343123e+02		4.3601834e+02		1.3340225e+03		6.3170109e+02		4.6299036e+02		1.6871073e+02
3.1600000e+02		3.1700000e+02		3.1650000e+02		4.4229406e+02		4.5249672e+02		1.3877303e+03		6.5812749e+02		4.8652761e+02		1.7159988e+02
3.1700000e+02		3.1800000e+02		3.1750000e+02		5.6102832e+02		5.7170147e+02		1.7509742e+03		8.2926572e+02		6.0940355e+02		2.1986216e+02
3.1800000e+02		3.1900000e+02		3.1850000e+02		4.6340678e+02		4.8634302e+02		1.4904208e+03		7.0595941e+02		5.1961797e+02		1.8634144e+02
3.1900000e+02		3.2000000e+02		3.1950000e+02		4.9774832e+02		5.3281994e+02		1.6329462e+03		7.7324960e+02		5.6886269e+02		2.0438691e+02
3.2000000e+02		3.2100000e+02		3.2050000e+02		5.7184857e+02		6.2474510e+02		1.9148897e+03		9.0654049e+02		6.6673506e+02		2.3980543e+02
3.2100000e+02		3.2200000e+02		3.2150000e+02		4.8024660e+02		5.3070309e+02		1.6260147e+03		7.6929249e+02		5.6450858e+02		2.0478391e+02
3.2200000e+02		3.2300000e+02		3.2250000e+02		4.8228681e+02		5.3682782e+02		1.6437628e+03		7.7704960e+02		5.6837083e+02		2.0867877e+02
3.2300000e+02		3.2400000e+02		3.2350000e+02		4.6607071e+02		5.2990772e+02		1.6229307e+03		7.6707785e+02		5.6115056e+02		2.0592729e+02
3.2400000e+02		3.2500000e+02		3.2450000e+02		5.4882129e+02		6.2310314e+02		1.9062488e+03		8.9989263e+02		6.5489098e+02		2.4500166e+02
3.2500000e+02		3.2600000e+02		3.2550000e+02		6.3196128e+02		7.2096602e+02		2.2040374e+03		1.0395146e+03		7.5369395e+02		2.8582061e+02
3.2600000e+02		3.2700000e+02		3.2650000e+02		7.1301257e+02		8.1795792e+02		2.4988647e+03		1.1775288e+03		8.5075378e+02		3.2677500e+02
3.2700000e+02		3.2800000e+02		3.2750000e+02		6.8984049e+02		7.9108258e+02		2.4142910e+03		1.1363514e+03		8.1691490e+02		3.1943654e+02
3.2800000e+02		3.2900000e+02		3.2850000e+02		6.6596082e+02		7.6556995e+02		2.3344567e+03		1.0976474e+03		7.8570361e+02		3.1194376e+02
3.2900000e+02		3.3000000e+02		3.2950000e+02		7.7527139e+02		8.9118714e+02		2.7148112e+03		1.2750231e+03		9.0816560e+02		3.6685749e+02
3.3000000e+02		3.3100000e+02		3.3050000e+02		7.3029799e+02		8.3980997e+02		2.5558512e+03		1.1990154e+03		8.4988909e+02		3.4912628e+02
3.3100000e+02		3.3200000e+02		3.3150000e+02		6.9881652e+02		8.0392590e+02		2.4443162e+03		1.1454020e+03		8.0794114e+02		3.3746086e+02
3.3200000e+02		3.3300000e+02		3.3250000e+02		6.8562051e+02		7.8784350e+02		2.3929240e+03		1.1199728e+03		7.8582633e+02		3.3414646e+02
3.3300000e+02		3.3400000e+02		3.3350000e+02		6.5878216e+02		7.5682687e+02		2.2964626e+03		1.0735816e+03		7.4944964e+02		3.2413192e+02
3.3400000e+02		3.3500000e+02		3.3450000e+02		6.9405546e+02		7.9657610e+02		2.4145993e+03		1.1274583e+03		7.8287560e+02		3.4458266e+02
3.3500000e+02		3.3600000e+02		3.3550000e+02		6.8541663e+02		7.8589730e+02		2.3797968e+03		1.1098749e+03		7.6653933e+02		3.4333561e+02
3.3600000e+02		3.3700000e+02		3.3650000e+02		5.6469084e+02		6.4685077e+02		1.9567728e+03		9.1150235e+02		6.2617237e+02		2.8532998e+02
3.3700000e+02		3.3800000e+02		3.3750000e+02		5.9573781e+02		6.8175852e+02		2.0602999e+03		9.5858409e+02		6.5497633e+02		3.0360776e+02
3.3800000e+02		3.3900000e+02		3.3850000e+02		6.4448401e+02		7.3682918e+02		2.2244814e+03		1.0337292e+03		7.0247296e+02		3.3125623e+02
3.3900000e+02		3.4000000e+02		3.3950000e+02		6.7448220e+02		7.7036020e+02		2.3233163e+03		1.0783274e+03		7.2865822e+02		3.4966918e+02
3.4000000e+02		3.4100000e+02		3.4050000e+02		7.1196374e+02		8.1239012e+02		2.4476443e+03		1.1346774e+03		7.6253991e+02		3.7213750e+02
3.4100000e+02		3.4200000e+02		3.4150000e+02		6.4984945e+02		7.4080444e+02		2.2297613e+03		1.0324387e+03		6.9001395e+02		3.4242470e+02
3.4200000e+02		3.4300000e+02		3.4250000e+02		7.0477558e+02		8.0265538e+02		2.4135690e+03		1.1162225e+03		7.4190780e+02		3.7431472e+02
3.4300000e+02		3.4400000e+02		3.4350000e+02		6.9264465e+02		7.8809151e+02		2.3674708e+03		1.0936051e+03		7.2285301e+02		3.7075213e+02
3.4400000e+02		3.4500000e+02		3.4450000e+02		5.5710877e+02		6.3328196e+02		1.9005826e+03		8.7690073e+02		5.7640821e+02		3.0049253e+02
3.4500000e+02		3.4600000e+02		3.4550000e+02		6.7138909e+02		7.6246822e+02		2.2860906e+03		1.0535211e+03		6.8863841e+02		3.6488265e+02
3.4600000e+02		3.4700000e+02		3.4650000e+02		6.5194093e+02		7.3968729e+02		2.2156698e+03		1.0198648e+03		6.6290712e+02		3.5695769e+02
3.4700000e+02		3.4800000e+02		3.4750000e+02		6.4525828e+02		7.3142478e+02		2.1888524e+03		1.0063419e+03		6.5046094e+02		3.5588098e+02
3.4800000e+02		3.4900000e+02		3.4850000e+02		6.6761091e+02		7.5605580e+02		2.2604227e+03		1.0380230e+03		6.6714147e+02		3.7088150e+02
3.4900000e+02		3.5000000e+02		3.4950000e+02		6.3989005e+02		7.2399196e+02		2.1625347e+03		9.9190977e+02		6.3390034e+02		3.5800943e+02
3.5000000e+02		3.5100000e+02		3.5050000e+02		7.6650484e+02		8.6644818e+02		2.5856376e+03		1.1845931e+03		7.5273899e+02		4.3185412e+02
3.5100000e+02		3.5200000e+02		3.5150000e+02		7.1211510e+02		8.0422521e+02		2.3977271e+03		1.0972191e+03		6.9323092e+02		4.0398815e+02
3.5200000e+02		3.5300000e+02		3.5250000e+02		6.5785102e+02		7.4225959e+02		2.2109384e+03		1.0105609e+03		6.3480765e+02		3.7575322e+02
3.5300000e+02		3.5400000e+02		3.5350000e+02		7.5263834e+02		8.4844255e+02		2.5249328e+03		1.1527519e+03		7.2000354e+02		4.3274831e+02
3.5400000e+02		3.5500000e+02		3.5450000e+02		8.0329241e+02		9.0472368e+02		2.6899794e+03		1.2266819e+03		7.6176128e+02		4.6492059e+02
3.5500000e+02		3.5600000e+02		3.5550000e+02		7.5433512e+02		8.4881295e+02		2.5214505e+03		1.1484929e+03		7.0905030e+02		4.3944256e+02
3.5600000e+02		3.5700000e+02		3.5650000e+02		6.5576441e+02		7.3723331e+02		2.1880314e+03		9.9547502e+02		6.1100644e+02		3.8446857e+02
3.5700000e+02		3.5800000e+02		3.5750000e+02		5.7307986e+02		6.4370212e+02		1.9087433e+03		8.6741390e+02		5.2930776e+02		3.3810615e+02
3.5800000e+02		3.5900000e+02		3.5850000e+02		4.9194729e+02		5.5208490e+02		1.6356403e+03		7.4246124e+02		4.5043525e+02		2.9202599e+02
3.5900000e+02		3.6000000e+02		3.5950000e+02		7.1030971e+02		7.9643826e+02		2.3575097e+03		1.0689193e+03		6.4469715e+02		4.2422218e+02
3.6000000e+02		3.6100000e+02		3.6050000e+02		7.0092701e+02		7.8522645e+02		2.3222927e+03		1.0517527e+03		6.3060790e+02		4.2114481e+02
3.6100000e+02		3.6200000e+02		3.6150000e+02		6.5110481e+02		7.2876814e+02		2.1534321e+03		9.7415964e+02		5.8060252e+02		3.9355712e+02
3.6200000e+02		3.6300000e+02		3.6250000e+02		7.3500056e+02		8.2195847e+02		2.4267175e+03		1.0965511e+03		6.4969317e+02		4.4685794e+02
3.6300000e+02		3.6400000e+02		3.6350000e+02		7.1558904e+02		7.9956563e+02		2.3586088e+03		1.0645867e+03		6.2704652e+02		4.3754016e+02
3.6400000e+02		3.6500000e+02		3.6450000e+02		7.4837927e+02		8.3548381e+02		2.4624666e+03		1.1102139e+03		6.5001842e+02		4.6019550e+02
3.6500000e+02		3.6600000e+02		3.6550000e+02		8.5179486e+02		9.5011616e+02		2.7979471e+03		1.2600428e+03		7.3329428e+02		5.2674851e+02
3.6600000e+02		3.6700000e+02		3.6650000e+02		9.1042532e+02		1.0146515e+03		2.9854926e+03		1.3430041e+03		7.7689042e+02		5.6611365e+02
3.6700000e+02		3.6800000e+02		3.6750000e+02		8.7909512e+02		9.7890140e+02		2.8778907e+03		1.2931516e+03		7.4352405e+02		5.4962759e+02
3.6800000e+02		3.6900000e+02		3.6850000e+02		8.1047729e+02		9.0173649e+02		2.6488462e+03		1.1889168e+03		6.7947597e+02		5.0944086e+02
3.6900000e+02		3.7000000e+02		3.6950000e+02		8.9967825e+02		1.0001570e+03		2.9355784e+03		1.3161802e+03		7.4771902e+02		5.6846121e+02
3.7000000e+02		3.7100000e+02		3.7050000e+02		8.4427990e+02		9.3780867e+02		2.7503823e+03		1.2318187e+03		6.9563520e+02		5.3618350e+02
3.7100000e+02		3.7200000e+02		3.7150000e+02		8.7164560e+02		9.6738687e+02		2.8347744e+03		1.2681892e+03		7.1170593e+02		5.5648325e+02
3.7200000e+02		3.7300000e+02		3.7250000e+02		7.2411383e+02		8.0298846e+02		2.3511319e+03		1.0506696e+03		5.8601979e+02		4.6464978e+02
3.7300000e+02		3.7400000e+02		3.7350000e+02		6.3155746e+02		6.9978167e+02		2.0473156e+03		9.1390933e+02		5.0663150e+02		4.0727783e+02
3.7400000e+02		3.7500000e+02		3.7450000e+02		6.4642322e+02		7.1567885e+02		2.0921819e+03		9.3293537e+02		5.1403445e+02		4.1890092e+02
3.7500000e+02		3.7600000e+02		3.7550000e+02		7.4036161e+02		8.1903613e+02		2.3924883e+03		1.0657203e+03		5.8366090e+02		4.8205935e+02
3.7600000e+02		3.7700000e+02		3.7650000e+02		7.6758018e+02		8.4845706e+02		2.4764618e+03		1.1019209e+03		5.9970189e+02		5.0221901e+02
3.7700000e+02		3.7800000e+02		3.7750000e+02		9.0048278e+02		9.9456998e+02		2.9006748e+03		1.2892921e+03		6.9731998e+02		5.9197210e+02
3.7800000e+02		3.7900000e+02		3.7850000e+02		9.3786543e+02		1.0350484e+03		3.0164261e+03		1.3393249e+03		7.1992591e+02		6.1939895e+02
3.7900000e+02		3.8000000e+02		3.7950000e+02		7.6051322e+02		8.3865793e+02		2.4422116e+03		1.0832118e+03		5.7862072e+02		5.0459110e+02
3.8000000e+02		3.8100000e+02		3.8050000e+02		8.2814537e+02		9.1252853e+02		2.6553096e+03		1.1764844e+03		6.2452638e+02		5.5195806e+02
3.8100000e+02		3.8200000e+02		3.8150000e+02		7.4366886e+02		8.1881318e+02		2.3808250e+03		1.0537635e+03		5.5589850e+02		4.9786503e+02
3.8200000e+02		3.8300000e+02		3.8250000e+02		5.3336093e+02		5.8680785e+02		1.7049698e+03		7.5384420e+02		3.9521225e+02		3.5863196e+02
3.8300000e+02		3.8400000e+02		3.8350000e+02		4.7073026e+02		5.1751578e+02		1.5025528e+03		6.6367081e+02		3.4580652e+02		3.1786429e+02
3.8400000e+02		3.8500000e+02		3.8450000e+02		6.2969557e+02		6.9175267e+02		2.0069413e+03		8.8553078e+02		4.5848393e+02		4.2704685e+02
3.8500000e+02		3.8600000e+02		3.8550000e+02		6.6694888e+02		7.3212171e+02		2.1224950e+03		9.3554152e+02		4.8129644e+02		4.5424508e+02
3.8600000e+02		3.8700000e+02		3.8650000e+02		6.6977732e+02		7.3467881e+02		2.1283657e+03		9.3716691e+02		4.7909198e+02		4.5807492e+02
3.8700000e+02		3.8800000e+02		3.8750000e+02		6.6902499e+02		7.3331265e+02		2.1228861e+03		9.3380322e+02		4.7436577e+02		4.5943745e+02
3.8800000e+02		3.8900000e+02		3.8850000e+02		6.7841027e+02		7.4306024e+02		2.1495884e+03		9.4459973e+02		4.7684755e+02		4.6775217e+02
3.8900000e+02		3.9000000e+02		3.8950000e+02		8.1451188e+02		8.9149173e+02		2.5771868e+03		1.1313737e+03		5.6756694e+02		5.6380680e+02
3.9000000e+02		3.9100000e+02		3.9050000e+02		8.5560997e+02		9.3578754e+02		2.7033149e+03		1.1855343e+03		5.9090714e+02		5.9462714e+02
3.9100000e+02		3.9200000e+02		3.9150000e+02		9.2006232e+02		1.0055542e+03		2.9028255e+03		1.2717508e+03		6.2982785e+02		6.4192295e+02
3.9200000e+02		3.9300000e+02		3.9250000e+02		7.0614281e+02		7.7120835e+02		2.2247810e+03		9.7372574e+02		4.7916129e+02		4.9456445e+02
3.9300000e+02		3.9400000e+02		3.9350000e+02		4.3291589e+02		4.7247218e+02		1.3620546e+03		5.9554534e+02		2.9119422e+02		3.0435113e+02
3.9400000e+02		3.9500000e+02		3.9450000e+02		7.1565803e+02		7.8050248e+02		2.2485251e+03		9.8218089e+02		4.7717625e+02		5.0500464e+02
3.9500000e+02		3.9600000e+02		3.9550000e+02		8.7888136e+02		9.5784994e+02		2.7575830e+03		1.2033673e+03		5.8090032e+02		6.2246698e+02
3.9600000e+02		3.9700000e+02		3.9650000e+02		6.0712893e+02		6.6122483e+02		1.9023500e+03		8.2935123e+02		3.9779134e+02		4.3155989e+02
3.9700000e+02		3.9800000e+02		3.9750000e+02		6.8053003e+02		7.4065978e+02		2.1294743e+03		9.2747268e+02		4.4200407e+02		4.8546862e+02
3.9800000e+02		3.9900000e+02		3.9850000e+02		1.0480559e+03		1.1398845e+03		3.2751300e+03		1.4250802e+03		6.7478039e+02		7.5029984e+02
3.9900000e+02		4.0000000e+02		3.9950000e+02		1.1577145e+03		1.2583035e+03		3.6130151e+03		1.5705992e+03		7.3889942e+02		8.3169976e+02
4.0000000e+02		4.0100000e+02		4.0050000e+02		1.1939713e+03		1.2968439e+03		3.7212684e+03		1.6161206e+03		7.5541670e+02		8.6070386e+02
4.0100000e+02		4.0200000e+02		4.0150000e+02		1.2509583e+03		1.3578406e+03		3.8937967e+03		1.6894507e+03		7.8459782e+02		9.0485287e+02
4.0200000e+02		4.0300000e+02		4.0250000e+02		1.2664199e+03		1.3737197e+03		3.9368241e+03		1.7065148e+03		7.8740174e+02		9.1911308e+02
4.0300000e+02		4.0400000e+02		4.0350000e+02		1.2115903e+03		1.3133874e+03		3.7615458e+03		1.6290128e+03		7.4677763e+02		8.8223514e+02
4.0400000e+02		4.0500000e+02		4.0450000e+02		1.1914959e+03		1.2907692e+03		3.6944517e+03		1.5984705e+03		7.2802916e+02		8.7044139e+02
4.0500000e+02		4.0600000e+02		4.0550000e+02		1.1904731e+03		1.2888337e+03		3.6866198e+03		1.5936092e+03		7.2110667e+02		8.7250253e+02
4.0600000e+02		4.0700000e+02		4.0650000e+02		1.1388815e+03		1.2321948e+03		3.5224368e+03		1.5212408e+03		6.8389019e+02		8.3735062e+02
4.0700000e+02		4.0800000e+02		4.0750000e+02		1.1575323e+03		1.2515830e+03		3.5756742e+03		1.5428234e+03		6.8908219e+02		8.5374124e+02
4.0800000e+02		4.0900000e+02		4.0850000e+02		1.2307397e+03		1.3299053e+03		3.7971318e+03		1.6368914e+03		7.2633685e+02		9.1055457e+02
4.0900000e+02		4.1000000e+02		4.0950000e+02		1.2243097e+03		1.3221357e+03		3.7726783e+03		1.6248837e+03		7.1630949e+02		9.0857417e+02
4.1000000e+02		4.1100000e+02		4.1050000e+02		1.1216634e+03		1.2105415e+03		3.4521877e+03		1.4855167e+03		6.5059828e+02		8.3491840e+02
4.1100000e+02		4.1200000e+02		4.1150000e+02		1.3003372e+03		1.4025156e+03		3.9972887e+03		1.7185479e+03		7.4774032e+02		9.7080757e+02
4.1200000e+02		4.1300000e+02		4.1250000e+02		1.2760342e+03		1.3754690e+03		3.9179042e+03		1.6829270e+03		7.2745329e+02		9.5547368e+02
4.1300000e+02		4.1400000e+02		4.1350000e+02		1.2308584e+03		1.3259756e+03		3.7747295e+03		1.6199998e+03		6.9566872e+02		9.2433110e+02
4.1400000e+02		4.1500000e+02		4.1450000e+02		1.2488872e+03		1.3445958e+03		3.8255284e+03		1.6403653e+03		6.9979815e+02		9.4056717e+02
4.1500000e+02		4.1600000e+02		4.1550000e+02		1.2477523e+03		1.3425800e+03		3.8176076e+03		1.6355461e+03		6.9316541e+02		9.4238074e+02
4.1600000e+02		4.1700000e+02		4.1650000e+02		1.2947363e+03		1.3923181e+03		3.9567909e+03		1.6937111e+03		7.1310335e+02		9.8060774e+02
4.1700000e+02		4.1800000e+02		4.1750000e+02		1.1781342e+03		1.2661916e+03		3.5963304e+03		1.5380939e+03		6.4332788e+02		8.9476604e+02
4.1800000e+02		4.1900000e+02		4.1850000e+02		1.2217101e+03		1.3122676e+03		3.7251190e+03		1.5918158e+03		6.6141808e+02		9.3039772e+02
4.1900000e+02		4.2000000e+02		4.1950000e+02		1.2338424e+03		1.3245417e+03		3.7578805e+03		1.6044542e+03		6.6228020e+02		9.4217405e+02
4.2000000e+02		4.2100000e+02		4.2050000e+02		1.2494927e+03		1.3405822e+03		3.8013019e+03		1.6216263e+03		6.6495755e+02		9.5666876e+02
4.2100000e+02		4.2200000e+02		4.2150000e+02		1.2299982e+03		1.3189248e+03		3.7378557e+03		1.5932258e+03		6.4900309e+02		9.4422270e+02
4.2200000e+02		4.2300000e+02		4.2250000e+02		1.1657134e+03		1.2492957e+03		3.5386148e+03		1.5070470e+03		6.0984601e+02		8.9720095e+02
4.2300000e+02		4.2400000e+02		4.2350000e+02		1.2419943e+03		1.3303104e+03		3.7660714e+03		1.6025923e+03		6.4422589e+02		9.5836646e+02
4.2400000e+02		4.2500000e+02		4.2450000e+02		1.2850442e+03		1.3756674e+03		3.8924088e+03		1.6549935e+03		6.6089262e+02		9.9410083e+02
4.2500000e+02		4.2600000e+02		4.2550000e+02		1.2367256e+03		1.3232220e+03		3.7420458e+03		1.5897637e+03		6.3064447e+02		9.5911921e+02
4.2600000e+02		4.2700000e+02		4.2650000e+02		1.2316584e+03		1.3170905e+03		3.7227623e+03		1.5802898e+03		6.2273618e+02		9.5755358e+02
4.2700000e+02		4.2800000e+02		4.2750000e+02		1.1420512e+03		1.2206155e+03		3.4482901e+03		1.4625996e+03		5.7254049e+02		8.9005911e+02
4.2800000e+02		4.2900000e+02		4.2850000e+02		1.1495483e+03		1.2279777e+03		3.4673086e+03		1.4694902e+03		5.7142455e+02		8.9806560e+02
4.2900000e+02		4.3000000e+02		4.2950000e+02		1.0698649e+03		1.1422578e+03		3.2236293e+03		1.3651303e+03		5.2732208e+02		8.3780821e+02
4.3000000e+02		4.3100000e+02		4.3050000e+02		8.6065012e+02		9.1840802e+02		2.5905828e+03		1.0961843e+03		4.2062328e+02		6.7556105e+02
4.3100000e+02		4.3200000e+02		4.3150000e+02		1.0641754e+03		1.1350057e+03		3.1999452e+03		1.3529696e+03		5.1570803e+02		8.3726153e+02
4.3200000e+02		4.3300000e+02		4.3250000e+02		1.1990384e+03		1.2781906e+03		3.6018419e+03		1.5217096e+03		5.7617202e+02		9.4553757e+02
4.3300000e+02		4.3400000e+02		4.3350000e+02		1.3017454e+03		1.3869737e+03		3.9064617e+03		1.6491289e+03		6.2026592e+02		1.0288630e+03
4.3400000e+02		4.3500000e+02		4.3450000e+02		1.1054356e+03		1.1772186e+03		3.3140620e+03		1.3979699e+03		5.2230305e+02		8.7566680e+02
4.3500000e+02		4.3600000e+02		4.3550000e+02		1.2347447e+03		1.3142689e+03		3.6980917e+03		1.5587744e+03		5.7850618e+02		9.8026820e+02
4.3600000e+02		4.3700000e+02		4.3650000e+02		1.3814970e+03		1.4697459e+03		4.1335903e+03		1.7410196e+03		6.4184034e+02		1.0991792e+03
4.3700000e+02		4.3800000e+02		4.3750000e+02		1.2223713e+03		1.2998181e+03		3.6539384e+03		1.5378370e+03		5.6315890e+02		9.7467812e+02
4.3800000e+02		4.3900000e+02		4.3850000e+02		1.1905029e+03		1.2653155e+03		3.5552710e+03		1.4951918e+03		5.4389313e+02		9.5129865e+02
4.3900000e+02		4.4000000e+02		4.3950000e+02		1.3250738e+03		1.4076646e+03		3.9533937e+03		1.6613899e+03		6.0032036e+02		1.0610695e+03
4.4000000e+02		4.4100000e+02		4.4050000e+02		1.2562739e+03		1.3339392e+03		3.7446016e+03		1.5724854e+03		5.6440629e+02		1.0080791e+03
4.4100000e+02		4.4200000e+02		4.4150000e+02		1.3817384e+03		1.4664657e+03		4.1147352e+03		1.7266512e+03		6.1560544e+02		1.1110457e+03
4.4200000e+02		4.4300000e+02		4.4250000e+02		1.4526378e+03		1.5409892e+03		4.3218697e+03		1.8122508e+03		6.4181187e+02		1.1704389e+03
4.4300000e+02		4.4400000e+02		4.4350000e+02		1.4050936e+03		1.4898599e+03		4.1765847e+03		1.7500643e+03		6.1565032e+02		1.1344140e+03
4.4400000e+02		4.4500000e+02		4.4450000e+02		1.4475318e+03		1.5341504e+03		4.2988203e+03		1.7999907e+03		6.2898475e+02		1.1710059e+03
4.4500000e+02		4.4600000e+02		4.4550000e+02		1.3420773e+03		1.4217354e+03		3.9820549e+03		1.6661674e+03		5.7833224e+02		1.0878351e+03
4.4600000e+02		4.4700000e+02		4.4650000e+02		1.3689269e+03		1.4495215e+03		4.0580919e+03		1.6967812e+03		5.8502273e+02		1.1117584e+03
4.4700000e+02		4.4800000e+02		4.4750000e+02		1.4837056e+03		1.5703519e+03		4.3944509e+03		1.8361294e+03		6.2883629e+02		1.2072931e+03
4.4800000e+02		4.4900000e+02		4.4850000e+02		1.4587166e+03		1.5432160e+03		4.3166454e+03		1.8023614e+03		6.1314462e+02		1.1892168e+03
4.4900000e+02		4.5000000e+02		4.4950000e+02		1.4737837e+03		1.5584676e+03		4.3574363e+03		1.8181325e+03		6.1437380e+02		1.2037588e+03
4.5000000e+02		4.5100000e+02		4.5050000e+02		1.5636828e+03		1.6528088e+03		4.6192459e+03		1.9260460e+03		6.4648633e+02		1.2795597e+03
4.5100000e+02		4.5200000e+02		4.5150000e+02		1.5589734e+03		1.6471161e+03		4.6013947e+03		1.9172920e+03		6.3924299e+02		1.2780490e+03
4.5200000e+02		4.5300000e+02		4.5250000e+02		1.4757889e+03		1.5585580e+03		4.3521774e+03		1.8122189e+03		6.0016815e+02		1.2120507e+03
4.5300000e+02		4.5400000e+02		4.5350000e+02		1.4141855e+03		1.4928630e+03		4.1669998e+03		1.7339434e+03		5.7040244e+02		1.1635410e+03
4.5400000e+02		4.5500000e+02		4.5450000e+02		1.5096596e+03		1.5929753e+03		4.4446139e+03		1.8482254e+03		6.0392805e+02		1.2442973e+03
4.5500000e+02		4.5600000e+02		4.5550000e+02		1.4952815e+03		1.5771429e+03		4.3986459e+03		1.8278957e+03		5.9328747e+02		1.2346082e+03
4.5600000e+02		4.5700000e+02		4.5650000e+02		1.5527317e+03		1.6370583e+03		4.5639051e+03		1.8953201e+03		6.1105403e+02		1.2842661e+03
4.5700000e+02		4.5800000e+02		4.5750000e+02		1.5677329e+03		1.6521940e+03		4.6042561e+03		1.9108257e+03		6.1192915e+02		1.2988965e+03
4.5800000e+02		4.5900000e+02		4.5850000e+02		1.4734199e+03		1.5521664e+03		4.3237862e+03		1.7932608e+03		5.7043534e+02		1.2228254e+03
4.5900000e+02		4.6000000e+02		4.5950000e+02		1.5222067e+03		1.6029122e+03		4.4633876e+03		1.8499650e+03		5.8453333e+02		1.2654317e+03
4.6000000e+02		4.6100000e+02		4.6050000e+02		1.5039223e+03		1.5830235e+03		4.4062860e+03		1.8251278e+03		5.7282474e+02		1.2523030e+03
4.6100000e+02		4.6200000e+02		4.6150000e+02		1.5386000e+03		1.6188817e+03		4.5043516e+03		1.8645609e+03		5.8128321e+02		1.2832776e+03
4.6200000e+02		4.6300000e+02		4.6250000e+02		1.5538294e+03		1.6342618e+03		4.5454001e+03		1.8803646e+03		5.8228560e+02		1.2980790e+03
4.6300000e+02		4.6400000e+02		4.6350000e+02		1.5018384e+03		1.5789628e+03		4.3899254e+03		1.8149086e+03		5.5825364e+02		1.2566549e+03
4.6400000e+02		4.6500000e+02		4.6450000e+02		1.5281564e+03		1.6060106e+03		4.4634410e+03		1.8441534e+03		5.6345186e+02		1.2807015e+03
4.6500000e+02		4.6600000e+02		4.6550000e+02		1.4760608e+03		1.5506658e+03		4.3080146e+03		1.7788363e+03		5.3985721e+02		1.2389791e+03
4.6600000e+02		4.6700000e+02		4.6650000e+02		1.4854121e+03		1.5598964e+03		4.3320520e+03		1.7876645e+03		5.3890509e+02		1.2487594e+03
4.6700000e+02		4.6800000e+02		4.6750000e+02		1.4997486e+03		1.5743581e+03		4.3706072e+03		1.8024764e+03		5.3973364e+02		1.2627428e+03
4.6800000e+02		4.6900000e+02		4.6850000e+02		1.4665907e+03		1.5389755e+03		4.2708237e+03		1.7602601e+03		5.2356508e+02		1.2366951e+03
4.6900000e+02		4.7000000e+02		4.6950000e+02		1.5086728e+03		1.5825483e+03		4.3901561e+03		1.8083583e+03		5.3427219e+02		1.2740861e+03
4.7000000e+02		4.7100000e+02		4.7050000e+02		1.4256243e+03		1.4948842e+03		4.1454810e+03		1.7065564e+03		5.0082201e+02		1.2057344e+03
4.7100000e+02		4.7200000e+02		4.7150000e+02		1.4904926e+03		1.5623352e+03		4.3309915e+03		1.7818706e+03		5.1942638e+02		1.2624442e+03
4.7200000e+02		4.7300000e+02		4.7250000e+02		1.5269264e+03		1.5999478e+03		4.4336967e+03		1.8230551e+03		5.2787756e+02		1.2951775e+03
4.7300000e+02		4.7400000e+02		4.7350000e+02		1.4995420e+03		1.5706920e+03		4.3511050e+03		1.7880524e+03		5.1428010e+02		1.2737723e+03
4.7400000e+02		4.7500000e+02		4.7450000e+02		1.5448084e+03		1.6175327e+03		4.4793115e+03		1.8396730e+03		5.2558960e+02		1.3140834e+03
4.7500000e+02		4.7600000e+02		4.7550000e+02		1.5413846e+03		1.6133807e+03		4.4662806e+03		1.8332679e+03		5.2025861e+02		1.3130093e+03
4.7600000e+02		4.7700000e+02		4.7650000e+02		1.4853490e+03		1.5541864e+03		4.3009506e+03		1.7643989e+03		4.9736816e+02		1.2670307e+03
4.7700000e+02		4.7800000e+02		4.7750000e+02		1.5508368e+03		1.6221490e+03		4.4875117e+03		1.8398911e+03		5.1518340e+02		1.3247077e+03
4.7800000e+02		4.7900000e+02		4.7850000e+02		1.5358791e+03		1.6059538e+03		4.4412235e+03		1.8198903e+03		5.0617906e+02		1.3137112e+03
4.7900000e+02		4.8000000e+02		4.7950000e+02		1.5403519e+03		1.6100844e+03		4.4511702e+03		1.8229494e+03		5.0364388e+02		1.3193055e+03
4.8000000e+02		4.8100000e+02		4.8050000e+02		1.5442750e+03		1.6136424e+03		4.4595401e+03		1.8253666e+03		5.0094474e+02		1.3244218e+03
4.8100000e+02		4.8200000e+02		4.8150000e+02		1.5475498e+03		1.6165254e+03		4.4660515e+03		1.8270278e+03		4.9805405e+02		1.3289737e+03
4.8200000e+02		4.8300000e+02		4.8250000e+02		1.5416562e+03		1.6098371e+03		4.4461363e+03		1.8178890e+03		4.9225613e+02		1.3256329e+03
4.8300000e+02		4.8400000e+02		4.8350000e+02		1.5183412e+03		1.5849718e+03		4.3760595e+03		1.7882685e+03		4.8100528e+02		1.3072633e+03
4.8400000e+02		4.8500000e+02		4.8450000e+02		1.4920771e+03		1.5570495e+03		4.2976014e+03		1.7552635e+03		4.6897932e+02		1.2862842e+03
4.8500000e+02		4.8600000e+02		4.8550000e+02		1.4021236e+03		1.4627082e+03		4.0359391e+03		1.6475143e+03		4.3725602e+02		1.2102583e+03
4.8600000e+02		4.8700000e+02		4.8650000e+02		1.2173217e+03		1.2695161e+03		3.5017852e+03		1.4287104e+03		3.7665787e+02		1.0520526e+03
4.8700000e+02		4.8800000e+02		4.8750000e+02		1.3927585e+03		1.4520157e+03		4.0039454e+03		1.6327312e+03		4.2757744e+02		1.2051538e+03
4.8800000e+02		4.8900000e+02		4.8850000e+02		1.4651201e+03		1.5269773e+03		4.2093602e+03		1.7156005e+03		4.4628736e+02		1.2693132e+03
4.8900000e+02		4.9000000e+02		4.8950000e+02		1.4372192e+03		1.4974331e+03		4.1266604e+03		1.6810245e+03		4.3438205e+02		1.2466425e+03
4.9000000e+02		4.9100000e+02		4.9050000e+02		1.5307557e+03		1.5943972e+03		4.3925506e+03		1.7884178e+03		4.5905778e+02		1.3293600e+03
4.9100000e+02		4.9200000e+02		4.9150000e+02		1.4425606e+03		1.5020766e+03		4.1369703e+03		1.6835002e+03		4.2925291e+02		1.2542473e+03
4.9200000e+02		4.9300000e+02		4.9250000e+02		1.3729411e+03		1.4291521e+03		3.9349566e+03		1.6004826e+03		4.0537216e+02		1.1951104e+03
4.9300000e+02		4.9400000e+02		4.9350000e+02		1.4509629e+03		1.5099152e+03		4.1561029e+03		1.6895816e+03		4.2509525e+02		1.2644863e+03
4.9400000e+02		4.9500000e+02		4.9450000e+02		1.4929449e+03		1.5531409e+03		4.2738368e+03		1.7365780e+03		4.3401702e+02		1.3025610e+03
4.9500000e+02		4.9600000e+02		4.9550000e+02		1.4663156e+03		1.5249881e+03		4.1951546e+03		1.7037641e+03		4.2298853e+02		1.2807756e+03
4.9600000e+02		4.9700000e+02		4.9650000e+02		1.4846220e+03		1.5435758e+03		4.2450710e+03		1.7231901e+03		4.2497196e+02		1.2982181e+03
4.9700000e+02		4.9800000e+02		4.9750000e+02		1.5123203e+03		1.5719184e+03		4.3217890e+03		1.7534772e+03		4.2957254e+02		1.3239046e+03
4.9800000e+02		4.9900000e+02		4.9850000e+02		1.3744029e+03		1.4281556e+03		3.9254250e+03		1.5918904e+03		3.8740056e+02		1.2044898e+03
4.9900000e+02		5.0000000e+02		4.9950000e+02		1.4721832e+03		1.5293246e+03		4.2023232e+03		1.7033638e+03		4.1178127e+02		1.2915825e+03
