Left Bin Edge (nm)	Right Bin Edge (nm)	Bin Center (nm)		Top of Atm Intensity (erg/s/nm/cm2)		Total Surface Flux (erg/s/nm/cm2)		Total Intensity at BOA (erg/s/nm/cm2)		Total Surface Intensity (erg/s/nm/cm2)		Total Surface Diffuse Intensity (erg/s/nm/cm2)		Total Surface Direct Intensity (erg/s/nm/cm2)
1.0000000e+02		1.0100000e+02		1.0050000e+02		4.4569042e-02		2.4525374e-199		0.0000000e+00		4.2479194e-199		4.2479194e-199		0.0000000e+00
1.0100000e+02		1.0200000e+02		1.0150000e+02		1.7387199e-01		2.8780738e-197		0.0000000e+00		4.9849701e-197		4.9849701e-197		0.0000000e+00
1.0200000e+02		1.0300000e+02		1.0250000e+02		9.2286085e-01		3.0760917e-195		0.0000000e+00		5.3279471e-195		5.3279471e-195		0.0000000e+00
1.0300000e+02		1.0400000e+02		1.0350000e+02		7.0094286e-01		3.0025219e-193		0.0000000e+00		5.2005205e-193		5.2005205e-193		0.0000000e+00
1.0400000e+02		1.0500000e+02		1.0450000e+02		1.4124828e-01		2.6834655e-191		0.0000000e+00		4.6478986e-191		4.6478986e-191		0.0000000e+00
1.0500000e+02		1.0600000e+02		1.0550000e+02		4.8389941e-02		2.2015022e-189		0.0000000e+00		3.8131136e-189		3.8131136e-189		0.0000000e+00
1.0600000e+02		1.0700000e+02		1.0650000e+02		4.5487167e-02		1.6618998e-187		0.0000000e+00		2.8784949e-187		2.8784949e-187		0.0000000e+00
1.0700000e+02		1.0800000e+02		1.0750000e+02		5.0757295e-02		1.1570800e-185		0.0000000e+00		2.0041213e-185		2.0041213e-185		0.0000000e+00
1.0800000e+02		1.0900000e+02		1.0850000e+02		7.1152114e-02		7.4467232e-184		0.0000000e+00		1.2898103e-183		1.2898103e-183		0.0000000e+00
1.0900000e+02		1.1000000e+02		1.0950000e+02		5.5817450e-02		4.4394664e-182		0.0000000e+00		7.6893813e-182		7.6893813e-182		0.0000000e+00
1.1000000e+02		1.1100000e+02		1.1050000e+02		5.4043772e-02		2.4570878e-180		0.0000000e+00		4.2558010e-180		4.2558010e-180		0.0000000e+00
1.1100000e+02		1.1200000e+02		1.1150000e+02		5.0797691e-02		1.2648612e-178		0.0000000e+00		2.1908038e-178		2.1908038e-178		0.0000000e+00
1.1200000e+02		1.1300000e+02		1.1250000e+02		5.1969037e-02		6.0685726e-177		0.0000000e+00		1.0511076e-176		1.0511076e-176		0.0000000e+00
1.1300000e+02		1.1400000e+02		1.1350000e+02		4.1221387e-02		2.7184895e-175		0.0000000e+00		4.7085619e-175		4.7085619e-175		0.0000000e+00
1.1400000e+02		1.1500000e+02		1.1450000e+02		3.1562600e-02		1.1389862e-173		0.0000000e+00		1.9727819e-173		1.9727819e-173		0.0000000e+00
1.1500000e+02		1.1600000e+02		1.1550000e+02		4.3552050e-02		4.4723215e-172		0.0000000e+00		7.7462881e-172		7.7462881e-172		0.0000000e+00
1.1600000e+02		1.1700000e+02		1.1650000e+02		1.0143732e-01		1.6480818e-170		0.0000000e+00		2.8545614e-170		2.8545614e-170		0.0000000e+00
1.1700000e+02		1.1800000e+02		1.1750000e+02		3.6108525e-01		5.7096057e-169		0.0000000e+00		9.8893272e-169		9.8893272e-169		0.0000000e+00
1.1800000e+02		1.1900000e+02		1.1850000e+02		1.2283927e-01		1.8622807e-167		0.0000000e+00		3.2255647e-167		3.2255647e-167		0.0000000e+00
1.1900000e+02		1.2000000e+02		1.1950000e+02		1.7115732e-01		5.7291688e-166		0.0000000e+00		9.9232115e-166		9.9232115e-166		0.0000000e+00
1.2000000e+02		1.2100000e+02		1.2050000e+02		9.3056497e-01		1.6643813e-164		0.0000000e+00		2.8827929e-164		2.8827929e-164		0.0000000e+00
1.2100000e+02		1.2200000e+02		1.2150000e+02		3.6941242e+01		4.5725609e-163		0.0000000e+00		7.9199078e-163		7.9199078e-163		0.0000000e+00
1.2200000e+02		1.2300000e+02		1.2250000e+02		2.4773856e-01		1.1897092e-161		0.0000000e+00		2.0606369e-161		2.0606369e-161		0.0000000e+00
1.2300000e+02		1.2400000e+02		1.2350000e+02		1.3344721e-01		2.9353906e-160		3.4434830e-161		5.0842457e-160		5.0842457e-160		0.0000000e+00
1.2400000e+02		1.2500000e+02		1.2450000e+02		1.0726631e-01		6.8768411e-159		8.2604127e-160		1.1911038e-158		1.1911038e-158		0.0000000e+00
1.2500000e+02		1.2600000e+02		1.2550000e+02		1.0471361e-01		1.5315468e-157		1.8933360e-158		2.6527169e-157		2.6527169e-157		0.0000000e+00
1.2600000e+02		1.2700000e+02		1.2650000e+02		1.4644878e-01		3.2465304e-156		4.1392565e-157		5.6231556e-156		5.6231556e-156		0.0000000e+00
1.2700000e+02		1.2800000e+02		1.2750000e+02		7.6659940e-02		6.5579013e-155		8.6297089e-156		1.1358618e-154		1.1358618e-154		0.0000000e+00
1.2800000e+02		1.2900000e+02		1.2850000e+02		6.1165494e-02		1.2638637e-153		1.6914304e-154		2.1890762e-153		2.1890762e-153		0.0000000e+00
1.2900000e+02		1.3000000e+02		1.2950000e+02		8.1594975e-02		2.3261644e-152		3.1890322e-153		4.0290349e-152		4.0290349e-152		0.0000000e+00
1.3000000e+02		1.3100000e+02		1.3050000e+02		6.7007791e-01		4.0931746e-151		5.7573735e-152		7.0895864e-151		7.0895864e-151		0.0000000e+00
1.3100000e+02		1.3200000e+02		1.3150000e+02		9.0731094e-02		6.8931910e-150		9.9172141e-151		1.1939357e-149		1.1939357e-149		0.0000000e+00
1.3200000e+02		1.3300000e+02		1.3250000e+02		7.0547730e-02		1.1120974e-148		1.6370600e-149		1.9262092e-148		1.9262092e-148		0.0000000e+00
1.3300000e+02		1.3400000e+02		1.3350000e+02		9.5357088e-01		1.7204679e-147		2.5927091e-148		2.9799377e-147		2.9799377e-147		0.0000000e+00
1.3400000e+02		1.3500000e+02		1.3450000e+02		6.5246966e-02		2.5547102e-146		3.9398729e-147		4.4248878e-146		4.4248878e-146		0.0000000e+00
1.3500000e+02		1.3600000e+02		1.3550000e+02		1.3692679e-01		3.6443767e-145		5.7496963e-146		6.3122456e-145		6.3122456e-145		0.0000000e+00
1.3600000e+02		1.3700000e+02		1.3650000e+02		8.9861989e-02		4.9988996e-144		8.0666881e-145		8.6583480e-144		8.6583480e-144		0.0000000e+00
1.3700000e+02		1.3800000e+02		1.3750000e+02		9.2282630e-02		6.5988457e-143		1.0888119e-143		1.1429536e-142		1.1429536e-142		0.0000000e+00
1.3800000e+02		1.3900000e+02		1.3850000e+02		9.4180145e-02		8.3900698e-142		1.4150895e-142		1.4532027e-141		1.4532027e-141		0.0000000e+00
1.3900000e+02		1.4000000e+02		1.3950000e+02		3.1801144e-01		1.0282969e-140		1.7722938e-141		1.7810625e-140		1.7810625e-140		0.0000000e+00
1.4000000e+02		1.4100000e+02		1.4050000e+02		2.7729440e-01		1.2158168e-139		2.1406751e-140		2.1058565e-139		2.1058565e-139		0.0000000e+00
1.4100000e+02		1.4200000e+02		1.4150000e+02		1.3359910e-01		1.3878610e-138		2.4955339e-139		2.4038458e-138		2.4038458e-138		0.0000000e+00
1.4200000e+02		1.4300000e+02		1.4250000e+02		1.4479671e-01		1.5306444e-137		2.8099495e-138		2.6511540e-137		2.6511540e-137		0.0000000e+00
1.4300000e+02		1.4400000e+02		1.4350000e+02		1.6064305e-01		1.6321740e-136		3.0582446e-137		2.8270083e-136		2.8270083e-136		0.0000000e+00
1.4400000e+02		1.4500000e+02		1.4450000e+02		1.5363637e-01		1.6839415e-135		3.2195211e-136		2.9166722e-135		2.9166722e-135		0.0000000e+00
1.4500000e+02		1.4600000e+02		1.4550000e+02		1.6382583e-01		1.6821013e-134		3.2806133e-135		2.9134849e-134		2.9134849e-134		0.0000000e+00
1.4600000e+02		1.4700000e+02		1.4650000e+02		1.9977093e-01		1.6279086e-133		3.2378265e-134		2.8196205e-133		2.8196205e-133		0.0000000e+00
1.4700000e+02		1.4800000e+02		1.4750000e+02		2.4643334e-01		1.5273583e-132		3.0972047e-133		2.6454622e-132		2.6454622e-132		0.0000000e+00
1.4800000e+02		1.4900000e+02		1.4850000e+02		2.4167300e-01		1.3901370e-131		2.8732870e-132		2.4077879e-131		2.4077879e-131		0.0000000e+00
1.4900000e+02		1.5000000e+02		1.4950000e+02		2.1832777e-01		1.2281332e-130		2.5867150e-131		2.1271891e-130		2.1271891e-130		0.0000000e+00
1.5000000e+02		1.5100000e+02		1.5050000e+02		2.4023073e-01		1.0538114e-129		2.2612025e-130		1.8252549e-129		1.8252549e-129		0.0000000e+00
1.5100000e+02		1.5200000e+02		1.5150000e+02		2.5258505e-01		8.7874204e-129		1.9204575e-129		1.5220259e-128		1.5220259e-128		0.0000000e+00
1.5200000e+02		1.5300000e+02		1.5250000e+02		3.2229547e-01		7.1250176e-128		1.5855947e-128		1.2340893e-127		1.2340893e-127		0.0000000e+00
1.5300000e+02		1.5400000e+02		1.5350000e+02		3.5701286e-01		5.6205012e-127		1.2733333e-127		9.7349936e-127		9.7349936e-127		0.0000000e+00
1.5400000e+02		1.5500000e+02		1.5450000e+02		9.5486931e-01		4.3157976e-126		9.9514999e-127		7.4751807e-126		7.4751807e-126		0.0000000e+00
1.5500000e+02		1.5600000e+02		1.5550000e+02		7.8587524e-01		3.2275308e-125		7.5728567e-126		5.5902473e-125		5.5902473e-125		0.0000000e+00
1.5600000e+02		1.5700000e+02		1.5650000e+02		4.6648084e-01		2.3519256e-124		5.6140866e-125		4.0736546e-124		4.0736546e-124		0.0000000e+00
1.5700000e+02		1.5800000e+02		1.5750000e+02		4.2309893e-01		1.6708428e-123		4.0566034e-124		2.8939847e-123		2.8939847e-123		0.0000000e+00
1.5800000e+02		1.5900000e+02		1.5850000e+02		3.9008072e-01		1.1577532e-122		2.8583954e-123		2.0052873e-122		2.0052873e-122		0.0000000e+00
1.5900000e+02		1.6000000e+02		1.5950000e+02		3.8042347e-01		7.8283280e-122		1.9650052e-122		1.3559062e-121		1.3559062e-121		0.0000000e+00
1.6000000e+02		1.6100000e+02		1.6050000e+02		4.1635449e-01		5.1676593e-121		1.3185229e-121		8.9506484e-121		8.9506484e-121		0.0000000e+00
1.6100000e+02		1.6200000e+02		1.6150000e+02		4.7164413e-01		3.3318449e-120		8.6395407e-121		5.7709246e-120		5.7709246e-120		0.0000000e+00
1.6200000e+02		1.6300000e+02		1.6250000e+02		5.2241459e-01		2.0990904e-119		5.5305048e-120		3.6357312e-119		3.6357312e-119		0.0000000e+00
1.6300000e+02		1.6400000e+02		1.6350000e+02		1.1072121e+00		1.2927598e-118		3.4601501e-119		2.2391256e-118		2.2391256e-118		0.0000000e+00
1.6400000e+02		1.6500000e+02		1.6450000e+02		1.1323318e+00		7.7861915e-118		2.1167259e-118		1.3486079e-117		1.3486079e-117		0.0000000e+00
1.6500000e+02		1.6600000e+02		1.6550000e+02		1.3255566e+00		4.5880573e-117		1.2666366e-117		7.9467484e-117		7.9467484e-117		0.0000000e+00
1.6600000e+02		1.6700000e+02		1.6650000e+02		6.2522883e-01		2.6460670e-116		7.4170091e-117		4.5831224e-116		4.5831224e-116		0.0000000e+00
1.6700000e+02		1.6800000e+02		1.6750000e+02		6.6723830e-01		1.4941996e-115		4.2517271e-116		2.5880297e-115		2.5880297e-115		0.0000000e+00
1.6800000e+02		1.6900000e+02		1.6850000e+02		7.1904320e-01		8.2644859e-115		2.3868600e-115		1.4314509e-114		1.4314509e-114		0.0000000e+00
1.6900000e+02		1.7000000e+02		1.6950000e+02		9.0554889e-01		4.4790102e-114		1.3127437e-114		7.7578733e-114		7.7578733e-114		0.0000000e+00
1.7000000e+02		1.7100000e+02		1.7050000e+02		1.0161854e+00		2.3793778e-113		7.0758169e-114		4.1212032e-113		4.1212032e-113		0.0000000e+00
1.7100000e+02		1.7200000e+02		1.7150000e+02		1.0130704e+00		1.2394015e-112		3.7391863e-113		2.1467064e-112		2.1467064e-112		0.0000000e+00
1.7200000e+02		1.7300000e+02		1.7250000e+02		1.0571150e+00		6.3325233e-112		1.9378904e-112		1.0968252e-111		1.0968252e-111		0.0000000e+00
1.7300000e+02		1.7400000e+02		1.7350000e+02		1.0479596e+00		3.1746999e-111		9.8535159e-112		5.4987415e-111		5.4987415e-111		0.0000000e+00
1.7400000e+02		1.7500000e+02		1.7450000e+02		1.2530722e+00		1.5621815e-110		4.9171281e-111		2.7057777e-110		2.7057777e-110		0.0000000e+00
1.7500000e+02		1.7600000e+02		1.7550000e+02		1.4954862e+00		7.5474765e-110		2.4089886e-110		1.3072613e-109		1.3072613e-109		0.0000000e+00
1.7600000e+02		1.7700000e+02		1.7650000e+02		1.6135596e+00		3.5813623e-109		1.1590996e-109		6.2031015e-109		6.2031015e-109		0.0000000e+00
1.7700000e+02		1.7800000e+02		1.7750000e+02		1.9010195e+00		1.6695454e-108		5.4807404e-109		2.8917375e-108		2.8917375e-108		0.0000000e+00
1.7800000e+02		1.7900000e+02		1.7850000e+02		2.0776624e+00		7.6481046e-108		2.5515775e-108		1.3246906e-107		1.3246906e-107		0.0000000e+00
1.7900000e+02		1.8000000e+02		1.7950000e+02		2.0198657e+00		3.4449339e-107		1.1604162e-107		5.9668005e-107		5.9668005e-107		0.0000000e+00
1.8000000e+02		1.8100000e+02		1.8050000e+02		2.4976225e+00		1.5254633e-106		5.2178516e-107		2.6421799e-106		2.6421799e-106		0.0000000e+00
1.8100000e+02		1.8200000e+02		1.8150000e+02		3.0410490e+00		6.6436671e-106		2.3104779e-106		1.1507169e-105		1.1507169e-105		0.0000000e+00
1.8200000e+02		1.8300000e+02		1.8250000e+02		2.8073836e+00		2.8467802e-105		1.0057324e-105		4.9307679e-105		4.9307679e-105		0.0000000e+00
1.8300000e+02		1.8400000e+02		1.8350000e+02		2.9562417e+00		1.2007430e-104		4.2843692e-105		2.0797479e-104		2.0797479e-104		0.0000000e+00
1.8400000e+02		1.8500000e+02		1.8450000e+02		2.5409769e+00		4.9827083e-104		1.8181821e-104		8.6303040e-104		8.6303040e-104		0.0000000e+00
1.8500000e+02		1.8600000e+02		1.8550000e+02		2.8735562e+00		2.0344715e-103		7.6974573e-104		3.5238080e-103		3.5238080e-103		0.0000000e+00
1.8600000e+02		1.8700000e+02		1.8650000e+02		3.2604304e+00		8.1977125e-103		3.0805445e-103		1.4198854e-102		1.4198854e-102		0.0000000e+00
1.8700000e+02		1.8800000e+02		1.8750000e+02		3.6946466e+00		3.2398161e-102		1.3175170e-102		5.6115260e-102		5.6115260e-102		0.0000000e+00
1.8800000e+02		1.8900000e+02		1.8850000e+02		3.8870616e+00		1.2700753e-101		4.9171861e-102		2.1998349e-101		2.1998349e-101		0.0000000e+00
1.8900000e+02		1.9000000e+02		1.8950000e+02		4.3106081e+00		4.8320961e-101		2.3012163e-101		8.3694360e-101		8.3694360e-101		2.4872395e-165
1.9000000e+02		1.9100000e+02		1.9050000e+02		4.4384288e+00		1.8534021e-100		7.6241812e-101		3.2101866e-100		3.2101866e-100		0.0000000e+00
1.9100000e+02		1.9200000e+02		1.9150000e+02		4.8094361e+00		2.8754199e-82		1.9682924e-77		2.9648735e-82		2.1164948e-83		2.7532240e-82
1.9200000e+02		1.9300000e+02		1.9250000e+02		5.0365493e+00		2.5386251e-99		1.2207821e-99		4.3970277e-99		4.3970277e-99		1.9864822e-177
1.9300000e+02		1.9400000e+02		1.9350000e+02		3.8447944e+00		1.0776765e-46		7.4555969e-44		1.1349863e-46		1.3559657e-47		9.9938976e-47
1.9400000e+02		1.9500000e+02		1.9450000e+02		6.1679797e+00		1.1587464e-47		9.3125370e-45		1.2173093e-47		1.3856141e-48		1.0787479e-47
1.9500000e+02		1.9600000e+02		1.9550000e+02		5.9528271e+00		2.2441730e-37		4.8061936e-35		2.3866992e-37		3.3722058e-38		2.0494786e-37
1.9600000e+02		1.9700000e+02		1.9650000e+02		6.5508102e+00		5.5146513e-11		4.4089471e-10		6.8017427e-11		3.0452908e-11		3.7564519e-11
1.9700000e+02		1.9800000e+02		1.9750000e+02		6.5190955e+00		3.5246047e-12		3.2164300e-11		4.2367646e-12		1.6849884e-12		2.5517762e-12
1.9800000e+02		1.9900000e+02		1.9850000e+02		6.3883794e+00		8.5115472e-10		5.9068924e-09		1.0656984e-09		5.0761570e-10		5.5808266e-10
1.9900000e+02		2.0000000e+02		1.9950000e+02		6.7274707e+00		4.4087042e-06		2.1547533e-05		6.2648618e-06		4.3917160e-06		1.8731458e-06
2.0000000e+02		2.0100000e+02		2.0050000e+02		7.1125146e+00		3.0672402e-06		1.5075530e-05		4.2833176e-06		2.8772699e-06		1.4060477e-06
2.0100000e+02		2.0200000e+02		2.0150000e+02		7.5701275e+00		1.9131657e-04		8.3233260e-04		2.9342521e-04		2.4159163e-04		5.1833574e-05
2.0200000e+02		2.0300000e+02		2.0250000e+02		7.4828608e+00		8.4218974e-04		3.5078299e-03		1.3329208e-03		1.1610821e-03		1.7183867e-04
2.0300000e+02		2.0400000e+02		2.0350000e+02		8.0092047e+00		8.0185827e-04		3.3264764e-03		1.2564544e-03		1.0755860e-03		1.8086841e-04
2.0400000e+02		2.0500000e+02		2.0450000e+02		8.6207445e+00		1.1845998e-03		4.8457402e-03		1.8585475e-03		1.5945774e-03		2.6397008e-04
2.0500000e+02		2.0600000e+02		2.0550000e+02		8.6400754e+00		1.5836523e-03		6.3944407e-03		2.4864362e-03		2.1360096e-03		3.5042663e-04
2.0600000e+02		2.0700000e+02		2.0650000e+02		8.6510225e+00		1.9479512e-03		7.7802905e-03		3.0544874e-03		2.6180928e-03		4.3639461e-04
2.0700000e+02		2.0800000e+02		2.0750000e+02		9.3957826e+00		2.5621328e-03		1.0128275e-02		4.0114441e-03		3.4291074e-03		5.8233668e-04
2.0800000e+02		2.0900000e+02		2.0850000e+02		1.0163489e+01		3.4774843e-03		1.3599503e-02		5.4424103e-03		4.6490649e-03		7.9334539e-04
2.0900000e+02		2.1000000e+02		2.0950000e+02		1.3129215e+01		5.5792691e-03		2.1596130e-02		8.7272859e-03		7.4482877e-03		1.2789982e-03
2.1000000e+02		2.1100000e+02		2.1050000e+02		1.6183343e+01		8.8204812e-03		3.3784043e-02		1.3804963e-02		1.1793412e-02		2.0115519e-03
2.1100000e+02		2.1200000e+02		2.1150000e+02		1.8424170e+01		1.2952804e-02		4.9103957e-02		2.0290654e-02		1.7361538e-02		2.9291155e-03
2.1200000e+02		2.1300000e+02		2.1250000e+02		1.6428561e+01		1.4246899e-02		5.3515649e-02		2.2313283e-02		1.9085270e-02		3.2280134e-03
2.1300000e+02		2.1400000e+02		2.1350000e+02		1.6737981e+01		1.7727980e-02		6.6012130e-02		2.7755986e-02		2.3726517e-02		4.0294687e-03
2.1400000e+02		2.1500000e+02		2.1450000e+02		2.1432541e+01		2.7344658e-02		1.0098392e-01		4.2787220e-02		3.6537495e-02		6.2497258e-03
2.1500000e+02		2.1600000e+02		2.1550000e+02		1.8408135e+01		2.9020008e-02		1.0628189e-01		4.5422828e-02		3.8809490e-02		6.6133379e-03
2.1600000e+02		2.1700000e+02		2.1650000e+02		1.7036901e+01		3.4330186e-02		1.2467292e-01		5.3814232e-02		4.6099747e-02		7.7144847e-03
2.1700000e+02		2.1800000e+02		2.1750000e+02		1.7640866e+01		4.5568726e-02		1.6415311e-01		7.1555818e-02		6.1486120e-02		1.0069698e-02
2.1800000e+02		2.1900000e+02		2.1850000e+02		2.3730294e+01		7.9152708e-02		2.8292558e-01		1.2455750e-01		1.0742890e-01		1.7128601e-02
2.1900000e+02		2.2000000e+02		2.1950000e+02		2.5052511e+01		1.0481863e-01		3.7202461e-01		1.6518169e-01		1.4282055e-01		2.2361142e-02
2.2000000e+02		2.2100000e+02		2.2050000e+02		2.5203754e+01		1.3001312e-01		4.5842760e-01		2.0510299e-01		1.7766455e-01		2.7438439e-02
2.2100000e+02		2.2200000e+02		2.2150000e+02		2.0176768e+01		1.2767646e-01		4.4741156e-01		2.0163061e-01		1.7497741e-01		2.6653200e-02
2.2200000e+02		2.2300000e+02		2.2250000e+02		2.7154039e+01		2.1060689e-01		7.3371390e-01		3.3299178e-01		2.8956576e-01		4.3426026e-02
2.2300000e+02		2.2400000e+02		2.2350000e+02		3.5163062e+01		3.4119334e-01		1.1819637e+00		5.4052604e-01		4.7162622e-01		6.8899817e-02
2.2400000e+02		2.2500000e+02		2.2450000e+02		3.2875934e+01		4.0254473e-01		1.3871126e+00		6.3924478e-01		5.6003835e-01		7.9206437e-02
2.2500000e+02		2.2600000e+02		2.2550000e+02		2.8720078e+01		4.4791467e-01		1.5358300e+00		7.1330468e-01		6.2791950e-01		8.5385185e-02
2.2600000e+02		2.2700000e+02		2.2650000e+02		2.1037217e+01		4.2031172e-01		1.4346433e+00		6.7145536e-01		5.9421224e-01		7.7243128e-02
2.2700000e+02		2.2800000e+02		2.2750000e+02		2.0463841e+01		5.1771334e-01		1.7598756e+00		8.2947961e-01		7.3764692e-01		9.1832691e-02
2.2800000e+02		2.2900000e+02		2.2850000e+02		2.8509984e+01		8.7776026e-01		2.9728783e+00		1.4089492e+00		1.2568064e+00		1.5214274e-01
2.2900000e+02		2.3000000e+02		2.2950000e+02		2.5620938e+01		9.5626181e-01		3.2279626e+00		1.5378237e+00		1.3759902e+00		1.6183349e-01
2.3000000e+02		2.3100000e+02		2.3050000e+02		2.9055844e+01		1.3415930e+00		4.5151671e+00		2.1631540e+00		1.9438343e+00		2.1931975e-01
2.3100000e+02		2.3200000e+02		2.3150000e+02		2.7387429e+01		1.5300018e+00		5.1354702e+00		2.4720464e+00		2.2289014e+00		2.4314496e-01
2.3200000e+02		2.3300000e+02		2.3250000e+02		2.9413108e+01		1.9717632e+00		6.6024198e+00		3.1920020e+00		2.8871159e+00		3.0488603e-01
2.3300000e+02		2.3400000e+02		2.3350000e+02		2.6543685e+01		2.1502905e+00		7.1853412e+00		3.4889577e+00		3.1673204e+00		3.2163725e-01
2.3400000e+02		2.3500000e+02		2.3450000e+02		2.3194371e+01		2.2648028e+00		7.5545762e+00		3.6832992e+00		3.3561985e+00		3.2710069e-01
2.3500000e+02		2.3600000e+02		2.3550000e+02		3.1223226e+01		3.6664694e+00		1.2211826e+01		5.9769890e+00		5.4667479e+00		5.1024106e-01
2.3600000e+02		2.3700000e+02		2.3650000e+02		2.8911473e+01		4.0748542e+00		1.3555534e+01		6.6588002e+00		6.1136818e+00		5.4511839e-01
2.3700000e+02		2.3800000e+02		2.3750000e+02		3.0878004e+01		5.1542957e+00		1.7128604e+01		8.4406292e+00		7.7755487e+00		6.6508058e-01
2.3800000e+02		2.3900000e+02		2.3850000e+02		2.5598090e+01		5.0192983e+00		1.6665622e+01		8.2358454e+00		7.6104323e+00		6.2541317e-01
2.3900000e+02		2.4000000e+02		2.3950000e+02		2.7890834e+01		6.3288142e+00		2.0997442e+01		1.0401537e+01		9.6361663e+00		7.6537104e-01
2.4000000e+02		2.4100000e+02		2.4050000e+02		2.5623038e+01		6.7956855e+00		2.2535735e+01		1.1191458e+01		1.0400510e+01		7.9094831e-01
2.4100000e+02		2.4200000e+02		2.4150000e+02		3.0005079e+01		9.2193538e+00		3.0561991e+01		1.5210962e+01		1.4176298e+01		1.0346641e+00
2.4200000e+02		2.4300000e+02		2.4250000e+02		4.1301739e+01		1.8384579e+01		6.1078788e+01		3.0580190e+01		2.8855126e+01		1.7250644e+00
2.4300000e+02		2.4400000e+02		2.4350000e+02		3.8791639e+01		3.2659426e+01		1.0903332e+02		5.5053516e+01		5.2984987e+01		2.0685288e+00
2.4400000e+02		2.4500000e+02		2.4450000e+02		3.6329084e+01		4.2832085e+01		1.4326268e+02		7.2575537e+01		7.0373764e+01		2.2017729e+00
2.4500000e+02		2.4600000e+02		2.4550000e+02		2.9476122e+01		3.4900302e+01		1.1663026e+02		5.9069098e+01		5.7183986e+01		1.8851128e+00
2.4600000e+02		2.4700000e+02		2.4650000e+02		2.8685918e+01		3.4013418e+01		1.1356812e+02		5.7502142e+01		5.5574918e+01		1.9272246e+00
2.4700000e+02		2.4800000e+02		2.4750000e+02		3.1678139e+01		3.7612202e+01		1.2547426e+02		6.3511544e+01		6.1278500e+01		2.2330436e+00
2.4800000e+02		2.4900000e+02		2.4850000e+02		2.5406301e+01		3.0204015e+01		1.0067125e+02		5.0940803e+01		4.9063769e+01		1.8770349e+00
2.4900000e+02		2.5000000e+02		2.4950000e+02		3.0967514e+01		3.6859685e+01		1.2274456e+02		6.2089270e+01		5.9693838e+01		2.3954317e+00
2.5000000e+02		2.5100000e+02		2.5050000e+02		3.3448743e+01		3.9858024e+01		1.3260845e+02		6.7055004e+01		6.4348747e+01		2.7062573e+00
2.5100000e+02		2.5200000e+02		2.5150000e+02		2.7888154e+01		3.3267162e+01		1.1057860e+02		5.5894422e+01		5.3536671e+01		2.3577503e+00
2.5200000e+02		2.5300000e+02		2.5250000e+02		2.5069906e+01		2.9934966e+01		9.9409792e+01		5.0229128e+01		4.8016503e+01		2.2126248e+00
2.5300000e+02		2.5400000e+02		2.5350000e+02		3.1592540e+01		3.7758213e+01		1.2527146e+02		6.3270234e+01		6.0362091e+01		2.9081431e+00
2.5400000e+02		2.5500000e+02		2.5450000e+02		3.5730773e+01		4.2740692e+01		1.4166674e+02		7.1520049e+01		6.8092690e+01		3.4273590e+00
2.5500000e+02		2.5600000e+02		2.5550000e+02		4.8755658e+01		5.8367153e+01		1.9327512e+02		9.7530449e+01		9.2661354e+01		4.8690948e+00
2.5600000e+02		2.5700000e+02		2.5650000e+02		6.2803876e+01		7.5239698e+01		2.4890355e+02		1.2554273e+02		1.1901825e+02		6.5244764e+00
2.5700000e+02		2.5800000e+02		2.5750000e+02		7.8843355e+01		9.4518368e+01		3.1237230e+02		1.5747842e+02		1.4896508e+02		8.5133404e+00
2.5800000e+02		2.5900000e+02		2.5850000e+02		8.2991293e+01		9.9551596e+01		3.2867943e+02		1.6561550e+02		1.5630888e+02		9.3066235e+00
2.5900000e+02		2.6000000e+02		2.5950000e+02		7.0629481e+01		8.4769766e+01		2.7959480e+02		1.4080868e+02		1.3258951e+02		8.2191791e+00
2.6000000e+02		2.6100000e+02		2.6050000e+02		5.7868388e+01		6.9488167e+01		2.2895962e+02		1.1524530e+02		1.0826253e+02		6.9827670e+00
2.6100000e+02		2.6200000e+02		2.6150000e+02		5.9092703e+01		7.0989354e+01		2.3366766e+02		1.1754921e+02		1.1016179e+02		7.3874150e+00
2.6200000e+02		2.6300000e+02		2.6250000e+02		7.0528613e+01		8.4760033e+01		2.7870872e+02		1.4012670e+02		1.3099894e+02		9.1277621e+00
2.6300000e+02		2.6400000e+02		2.6350000e+02		1.0614195e+02		1.2760171e+02		4.1914721e+02		2.1060979e+02		1.9639924e+02		1.4210554e+01
2.6400000e+02		2.6500000e+02		2.6450000e+02		1.6548208e+02		1.9899488e+02		6.5297923e+02		3.2790308e+02		3.0500007e+02		2.2903007e+01
2.6500000e+02		2.6600000e+02		2.6550000e+02		1.7356948e+02		2.0876817e+02		6.8433058e+02		3.4343045e+02		3.1861439e+02		2.4816061e+01
2.6600000e+02		2.6700000e+02		2.6650000e+02		1.6826276e+02		2.0242212e+02		6.6282796e+02		3.3242454e+02		3.0758902e+02		2.4835521e+01
2.6700000e+02		2.6800000e+02		2.6750000e+02		1.6940220e+02		2.0382044e+02		6.6669751e+02		3.3414369e+02		3.0834811e+02		2.5795576e+01
2.6800000e+02		2.6900000e+02		2.6850000e+02		1.6778062e+02		2.0188751e+02		6.5966890e+02		3.3039653e+02		3.0405560e+02		2.6340932e+01
2.6900000e+02		2.7000000e+02		2.6950000e+02		1.5737310e+02		1.8937295e+02		6.1811216e+02		3.0936755e+02		2.8391027e+02		2.5457283e+01
2.7000000e+02		2.7100000e+02		2.7050000e+02		1.8181465e+02		2.1878497e+02		7.1334080e+02		3.5677598e+02		3.2649022e+02		3.0285756e+01
2.7100000e+02		2.7200000e+02		2.7150000e+02		1.5108640e+02		1.8180135e+02		5.9211282e+02		2.9592882e+02		2.7002850e+02		2.5900320e+01
2.7200000e+02		2.7300000e+02		2.7250000e+02		1.2154404e+02		1.4624161e+02		4.7577742e+02		2.3760969e+02		2.1617920e+02		2.1430493e+01
2.7300000e+02		2.7400000e+02		2.7350000e+02		1.2960124e+02		1.5591756e+02		5.0670036e+02		2.5286135e+02		2.2937146e+02		2.3489892e+01
2.7400000e+02		2.7500000e+02		2.7450000e+02		8.9183780e+01		1.0727632e+02		3.4824211e+02		1.7365086e+02		1.5704384e+02		1.6607019e+01
2.7500000e+02		2.7600000e+02		2.7550000e+02		1.1893609e+02		1.4303682e+02		4.6381470e+02		2.3109908e+02		2.0835754e+02		2.2741535e+01
2.7600000e+02		2.7700000e+02		2.7650000e+02		1.6564211e+02		1.9916163e+02		6.4508919e+02		3.2116280e+02		2.8865788e+02		3.2504921e+01
2.7700000e+02		2.7800000e+02		2.7750000e+02		1.5837296e+02		1.9037141e+02		6.1593025e+02		3.0639567e+02		2.7451635e+02		3.1879321e+01
2.7800000e+02		2.7900000e+02		2.7850000e+02		1.0921797e+02		1.3124601e+02		4.2416030e+02		2.1082431e+02		1.8828428e+02		2.2540030e+01
2.7900000e+02		2.8000000e+02		2.7950000e+02		6.1368404e+01		7.3721499e+01		2.3798560e+02		1.1818844e+02		1.0520991e+02		1.2978528e+01
2.8000000e+02		2.8100000e+02		2.8050000e+02		6.7313201e+01		8.0833872e+01		2.6065204e+02		1.2933418e+02		1.1475295e+02		1.4581223e+01
2.8100000e+02		2.8200000e+02		2.8150000e+02		1.3943196e+02		1.6737331e+02		5.3909326e+02		2.6726265e+02		2.3634070e+02		3.0921948e+01
2.8200000e+02		2.8300000e+02		2.8250000e+02		1.8983287e+02		2.2777887e+02		7.3282436e+02		3.6298685e+02		3.1990550e+02		4.3081342e+01
2.8300000e+02		2.8400000e+02		2.8350000e+02		1.9610227e+02		2.3519637e+02		7.5583115e+02		3.7404768e+02		3.2852574e+02		4.5521944e+01
2.8400000e+02		2.8500000e+02		2.8450000e+02		1.4459284e+02		1.7333609e+02		5.5640362e+02		2.7510470e+02		2.4078710e+02		3.4317599e+01
2.8500000e+02		2.8600000e+02		2.8550000e+02		9.2944992e+01		1.1136562e+02		3.5707379e+02		1.7638706e+02		1.5384238e+02		2.2544673e+01
2.8600000e+02		2.8700000e+02		2.8650000e+02		1.9045522e+02		2.2808147e+02		7.3046939e+02		3.6050093e+02		3.1330779e+02		4.7193135e+01
2.8700000e+02		2.8800000e+02		2.8750000e+02		2.2108403e+02		2.6461594e+02		8.4651085e+02		4.1737609e+02		3.6143440e+02		5.5941693e+01
2.8800000e+02		2.8900000e+02		2.8850000e+02		2.1010240e+02		2.5132809e+02		8.0308503e+02		3.9558738e+02		3.4132112e+02		5.4266253e+01
2.8900000e+02		2.9000000e+02		2.8950000e+02		3.1885068e+02		3.8118785e+02		1.2166427e+03		5.9872184e+02		5.1469095e+02		8.4030890e+01
2.9000000e+02		2.9100000e+02		2.9050000e+02		4.1860542e+02		5.0013688e+02		1.5944689e+03		7.8388918e+02		6.7136515e+02		1.1252403e+02
2.9100000e+02		2.9200000e+02		2.9150000e+02		4.0318642e+02		4.8140799e+02		1.5330042e+03		7.5292913e+02		6.4242594e+02		1.1050320e+02
2.9200000e+02		2.9300000e+02		2.9250000e+02		3.5818014e+02		4.2738930e+02		1.3594286e+03		6.6701404e+02		5.6695823e+02		1.0005581e+02
2.9300000e+02		2.9400000e+02		2.9350000e+02		3.7393440e+02		4.4588622e+02		1.4166399e+03		6.9438706e+02		5.8795930e+02		1.0642776e+02
2.9400000e+02		2.9500000e+02		2.9450000e+02		3.4819581e+02		4.1490698e+02		1.3167059e+03		6.4474869e+02		5.4381132e+02		1.0093737e+02
2.9500000e+02		2.9600000e+02		2.9550000e+02		3.7701055e+02		4.4892283e+02		1.4230249e+03		6.9609691e+02		5.8482015e+02		1.1127675e+02
2.9600000e+02		2.9700000e+02		2.9650000e+02		3.4493460e+02		4.1042961e+02		1.2995183e+03		6.3502573e+02		5.3140013e+02		1.0362560e+02
2.9700000e+02		2.9800000e+02		2.9750000e+02		3.5165811e+02		4.1811848e+02		1.3223495e+03		6.4551028e+02		5.3801479e+02		1.0749549e+02
2.9800000e+02		2.9900000e+02		2.9850000e+02		3.0223333e+02		3.5908003e+02		1.1343359e+03		5.5315007e+02		4.5917462e+02		9.3975441e+01
2.9900000e+02		3.0000000e+02		2.9950000e+02		3.4101318e+02		4.0484048e+02		1.2774335e+03		6.2227232e+02		5.1444926e+02		1.0782306e+02
3.0000000e+02		3.0100000e+02		3.0050000e+02		2.7131061e+02		3.2183804e+02		1.0143695e+03		4.9360087e+02		4.0639520e+02		8.7205662e+01
3.0100000e+02		3.0200000e+02		3.0150000e+02		3.1202593e+02		3.6983958e+02		1.1643330e+03		5.6596716e+02		4.6404283e+02		1.0192433e+02
3.0200000e+02		3.0300000e+02		3.0250000e+02		3.2846528e+02		3.8900826e+02		1.2232869e+03		5.9398229e+02		4.8497375e+02		1.0900854e+02
3.0300000e+02		3.0400000e+02		3.0350000e+02		4.2601061e+02		5.0411689e+02		1.5834601e+03		7.6803400e+02		6.2443460e+02		1.4359940e+02
3.0400000e+02		3.0500000e+02		3.0450000e+02		4.0776836e+02		4.8212640e+02		1.5126693e+03		7.3289632e+02		5.9332800e+02		1.3956832e+02
3.0500000e+02		3.0600000e+02		3.0550000e+02		4.1174793e+02		4.8641922e+02		1.5244102e+03		7.3777315e+02		5.9470980e+02		1.4306335e+02
3.0600000e+02		3.0700000e+02		3.0650000e+02		3.9053943e+02		4.6096897e+02		1.4430181e+03		6.9760980e+02		5.5989820e+02		1.3771160e+02
3.0700000e+02		3.0800000e+02		3.0750000e+02		4.3847484e+02		5.1710036e+02		1.6169065e+03		7.8080556e+02		6.2393320e+02		1.5687236e+02
3.0800000e+02		3.0900000e+02		3.0850000e+02		4.3035211e+02		5.0707656e+02		1.5837791e+03		7.6395430e+02		6.0777925e+02		1.5617505e+02
3.0900000e+02		3.1000000e+02		3.0950000e+02		3.4901328e+02		4.1087272e+02		1.2818598e+03		6.1762620e+02		4.8918398e+02		1.2844222e+02
3.1000000e+02		3.1100000e+02		3.1050000e+02		4.3927411e+02		5.1667002e+02		1.6101258e+03		7.7491696e+02		6.1101883e+02		1.6389813e+02
3.1100000e+02		3.1200000e+02		3.1150000e+02		5.2246540e+02		6.1396590e+02		1.9111966e+03		9.1877415e+02		7.2118406e+02		1.9759008e+02
3.1200000e+02		3.1300000e+02		3.1250000e+02		4.6521908e+02		5.4619820e+02		1.6983502e+03		8.1552385e+02		6.3723133e+02		1.7829252e+02
3.1300000e+02		3.1400000e+02		3.1350000e+02		4.9544367e+02		5.8115269e+02		1.8050300e+03		8.6576089e+02		6.7339024e+02		1.9237065e+02
3.1400000e+02		3.1500000e+02		3.1450000e+02		4.6729179e+02		5.4762683e+02		1.6990162e+03		8.1397924e+02		6.3019658e+02		1.8378266e+02
3.1500000e+02		3.1600000e+02		3.1550000e+02		4.5343123e+02		5.3089199e+02		1.6452771e+03		7.8732751e+02		6.0673296e+02		1.8059455e+02
3.1600000e+02		3.1700000e+02		3.1650000e+02		4.4229406e+02		5.1737066e+02		1.6016081e+03		7.6554651e+02		5.8719038e+02		1.7835614e+02
3.1700000e+02		3.1800000e+02		3.1750000e+02		5.6102832e+02		6.5564593e+02		2.0274351e+03		9.6796517e+02		7.3895525e+02		2.2900992e+02
3.1800000e+02		3.1900000e+02		3.1850000e+02		4.6340678e+02		5.4105198e+02		1.6712497e+03		7.9698493e+02		6.0554385e+02		1.9144108e+02
3.1900000e+02		3.2000000e+02		3.1950000e+02		4.9774832e+02		5.8059961e+02		1.7914532e+03		8.5331413e+02		6.4524949e+02		2.0806464e+02
3.2000000e+02		3.2100000e+02		3.2050000e+02		5.7184857e+02		6.6640273e+02		2.0539676e+03		9.7721589e+02		7.3539182e+02		2.4182407e+02
3.2100000e+02		3.2200000e+02		3.2150000e+02		4.8024660e+02		5.5912312e+02		1.7214488e+03		8.1805660e+02		6.1264320e+02		2.0541341e+02
3.2200000e+02		3.2300000e+02		3.2250000e+02		4.8228681e+02		5.6096369e+02		1.7252539e+03		8.1890504e+02		6.1029578e+02		2.0860926e+02
3.2300000e+02		3.2400000e+02		3.2350000e+02		4.6607071e+02		5.4158463e+02		1.6638648e+03		7.8883991e+02		5.8501228e+02		2.0382763e+02
3.2400000e+02		3.2500000e+02		3.2450000e+02		5.4882129e+02		6.3713242e+02		1.9553148e+03		9.2592755e+02		6.8329660e+02		2.4263095e+02
3.2500000e+02		3.2600000e+02		3.2550000e+02		6.3196128e+02		7.3294721e+02		2.2469679e+03		1.0627861e+03		7.8040718e+02		2.8237891e+02
3.2600000e+02		3.2700000e+02		3.2650000e+02		7.1301257e+02		8.2615635e+02		2.5300292e+03		1.1952604e+03		8.7330954e+02		3.2195085e+02
3.2700000e+02		3.2800000e+02		3.2750000e+02		6.8984049e+02		7.9853889e+02		2.4428705e+03		1.1527227e+03		8.3800780e+02		3.1471486e+02
3.2800000e+02		3.2900000e+02		3.2850000e+02		6.6596082e+02		7.7015481e+02		2.3535612e+03		1.1092687e+03		8.0235201e+02		3.0691666e+02
3.2900000e+02		3.3000000e+02		3.2950000e+02		7.7527139e+02		8.9570464e+02		2.7343709e+03		1.2872268e+03		9.2635148e+02		3.6087536e+02
3.3000000e+02		3.3100000e+02		3.3050000e+02		7.3029799e+02		8.4293242e+02		2.5705884e+03		1.2086937e+03		8.6540060e+02		3.4329315e+02
3.3100000e+02		3.3200000e+02		3.3150000e+02		6.9881652e+02		8.0581879e+02		2.4548585e+03		1.1529115e+03		8.2123020e+02		3.3168131e+02
3.3200000e+02		3.3300000e+02		3.3250000e+02		6.8562051e+02		7.8984105e+02		2.4036995e+03		1.1275486e+03		7.9902468e+02		3.2852393e+02
3.3300000e+02		3.3400000e+02		3.3350000e+02		6.5878216e+02		7.5819272e+02		2.3050144e+03		1.0799762e+03		7.6134796e+02		3.1862827e+02
3.3400000e+02		3.3500000e+02		3.3450000e+02		6.9405546e+02		7.9802069e+02		2.4236166e+03		1.1342006e+03		7.9541022e+02		3.3879039e+02
3.3500000e+02		3.3600000e+02		3.3550000e+02		6.8541663e+02		7.8733076e+02		2.3887183e+03		1.1165452e+03		7.7892968e+02		3.3761550e+02
3.3600000e+02		3.3700000e+02		3.3650000e+02		5.6469084e+02		6.4803199e+02		1.9641033e+03		9.1698283e+02		6.3634452e+02		2.8063831e+02
3.3700000e+02		3.3800000e+02		3.3750000e+02		5.9573781e+02		6.8300610e+02		2.0680206e+03		9.6435611e+02		6.6568125e+02		2.9867486e+02
3.3800000e+02		3.3900000e+02		3.3850000e+02		6.4448401e+02		7.3818630e+02		2.2328572e+03		1.0399906e+03		7.1407669e+02		3.2591393e+02
3.3900000e+02		3.4000000e+02		3.3950000e+02		6.7448220e+02		7.7180843e+02		2.3322304e+03		1.0849910e+03		7.4099796e+02		3.4399306e+02
3.4000000e+02		3.4100000e+02		3.4050000e+02		7.1196374e+02		8.1392231e+02		2.4570510e+03		1.1417090e+03		7.7555172e+02		3.6615731e+02
3.4100000e+02		3.4200000e+02		3.4150000e+02		6.4984945e+02		7.4220662e+02		2.2383482e+03		1.0388574e+03		7.0188325e+02		3.3697414e+02
3.4200000e+02		3.4300000e+02		3.4250000e+02		7.0477558e+02		8.0417567e+02		2.4228566e+03		1.1231648e+03		7.5473649e+02		3.6842836e+02
3.4300000e+02		3.4400000e+02		3.4350000e+02		6.9264465e+02		7.8958642e+02		2.3765818e+03		1.1004153e+03		7.3542906e+02		3.6498626e+02
3.4400000e+02		3.4500000e+02		3.4450000e+02		5.5710877e+02		6.3448221e+02		1.9078809e+03		8.8235588e+02		5.8647540e+02		2.9588048e+02
3.4500000e+02		3.4600000e+02		3.4550000e+02		6.7138909e+02		7.6391534e+02		2.2948702e+03		1.0600834e+03		7.0074106e+02		3.5934230e+02
3.4600000e+02		3.4700000e+02		3.4650000e+02		6.5194093e+02		7.4109177e+02		2.2241721e+03		1.0262198e+03		6.7462007e+02		3.5159970e+02
3.4700000e+02		3.4800000e+02		3.4750000e+02		6.4525828e+02		7.3281016e+02		2.1972212e+03		1.0125971e+03		6.6198297e+02		3.5061412e+02
3.4800000e+02		3.4900000e+02		3.4850000e+02		6.6761091e+02		7.5748998e+02		2.2690682e+03		1.0444849e+03		6.7903729e+02		3.6544761e+02
3.4900000e+02		3.5000000e+02		3.4950000e+02		6.3989005e+02		7.2536378e+02		2.1707875e+03		9.9807822e+02		6.4524929e+02		3.5282893e+02
3.5000000e+02		3.5100000e+02		3.5050000e+02		7.6650484e+02		8.6808846e+02		2.5954859e+03		1.1919541e+03		7.6627437e+02		4.2567975e+02
3.5100000e+02		3.5200000e+02		3.5150000e+02		7.1211510e+02		8.0574837e+02		2.4068545e+03		1.1040413e+03		7.0576855e+02		3.9827270e+02
3.5200000e+02		3.5300000e+02		3.5250000e+02		6.5785102e+02		7.4366712e+02		2.2193569e+03		1.0168533e+03		6.4636538e+02		3.7048789e+02
3.5300000e+02		3.5400000e+02		3.5350000e+02		7.5263834e+02		8.5004287e+02		2.5344870e+03		1.1598931e+03		7.3311354e+02		4.2677957e+02
3.5400000e+02		3.5500000e+02		3.5450000e+02		8.0329241e+02		9.0642807e+02		2.7001365e+03		1.2342739e+03		7.7569163e+02		4.5858230e+02
3.5500000e+02		3.5600000e+02		3.5550000e+02		7.5433512e+02		8.5041512e+02		2.5309815e+03		1.1556171e+03		7.2211555e+02		4.3350151e+02
3.5600000e+02		3.5700000e+02		3.5650000e+02		6.5576441e+02		7.3862373e+02		2.1962885e+03		1.0016471e+03		6.2231999e+02		3.7932712e+02
3.5700000e+02		3.5800000e+02		3.5750000e+02		5.7307986e+02		6.4491307e+02		1.9159226e+03		8.7278036e+02		5.3913981e+02		3.3364055e+02
3.5800000e+02		3.5900000e+02		3.5850000e+02		4.9194729e+02		5.5311713e+02		1.6417500e+03		7.4702828e+02		4.5879871e+02		2.8822956e+02
3.5900000e+02		3.6000000e+02		3.5950000e+02		7.1030971e+02		7.9792249e+02		2.3662808e+03		1.0754759e+03		6.5669839e+02		4.1877750e+02
3.6000000e+02		3.6100000e+02		3.6050000e+02		7.0092701e+02		7.8668728e+02		2.3309119e+03		1.0581959e+03		6.4239625e+02		4.1579964e+02
3.6100000e+02		3.6200000e+02		3.6150000e+02		6.5110481e+02		7.3012732e+02		2.1614392e+03		9.8014534e+02		5.9154898e+02		3.8859636e+02
3.6200000e+02		3.6300000e+02		3.6250000e+02		7.3500056e+02		8.2348510e+02		2.4356976e+03		1.1032643e+03		6.6196477e+02		4.4129956e+02
3.6300000e+02		3.6400000e+02		3.6350000e+02		7.1558904e+02		8.0103995e+02		2.3672685e+03		1.0710605e+03		6.3887555e+02		4.3218498e+02
3.6400000e+02		3.6500000e+02		3.6450000e+02		7.4837927e+02		8.3702174e+02		2.4714869e+03		1.1169576e+03		6.6233526e+02		4.5462230e+02
3.6500000e+02		3.6600000e+02		3.6550000e+02		8.5179486e+02		9.5186770e+02		2.8082057e+03		1.2677124e+03		7.4729663e+02		5.2041579e+02
3.6600000e+02		3.6700000e+02		3.6650000e+02		9.1042532e+02		1.0165169e+03		2.9964029e+03		1.3511611e+03		7.9177670e+02		5.5938442e+02
3.6700000e+02		3.6800000e+02		3.6750000e+02		8.7909512e+02		9.8070185e+02		2.8884070e+03		1.3010144e+03		7.5786756e+02		5.4314681e+02
3.6800000e+02		3.6900000e+02		3.6850000e+02		8.1047729e+02		9.0338939e+02		2.6584879e+03		1.1961258e+03		6.9262187e+02		5.0350396e+02
3.6900000e+02		3.7000000e+02		3.6950000e+02		8.9967825e+02		1.0019742e+03		2.9461650e+03		1.3240960e+03		7.6214828e+02		5.6194769e+02
3.7000000e+02		3.7100000e+02		3.7050000e+02		8.4427990e+02		9.3949215e+02		2.7601775e+03		1.2391429e+03		7.0898128e+02		5.3016162e+02
3.7100000e+02		3.7200000e+02		3.7150000e+02		8.7164560e+02		9.6913939e+02		2.8449585e+03		1.2758044e+03		7.2557721e+02		5.5022719e+02
3.7200000e+02		3.7300000e+02		3.7250000e+02		7.2411383e+02		8.0444244e+02		2.3595708e+03		1.0569800e+03		5.9751027e+02		4.5946972e+02
3.7300000e+02		3.7400000e+02		3.7350000e+02		6.3155746e+02		7.0104367e+02		2.0546315e+03		9.1938023e+02		5.1658984e+02		4.0279039e+02
3.7400000e+02		3.7500000e+02		3.7450000e+02		6.4642322e+02		7.1696091e+02		2.0996054e+03		9.3848693e+02		5.2413618e+02		4.1435075e+02
3.7500000e+02		3.7600000e+02		3.7550000e+02		7.4036161e+02		8.2048570e+02		2.4008723e+03		1.0719902e+03		5.9506607e+02		4.7692414e+02
3.7600000e+02		3.7700000e+02		3.7650000e+02		7.6758018e+02		8.4996638e+02		2.4851814e+03		1.1084421e+03		6.1156017e+02		4.9688196e+02
3.7700000e+02		3.7800000e+02		3.7750000e+02		9.0048278e+02		9.9633771e+02		2.9108760e+03		1.2969216e+03		7.1118920e+02		5.8573243e+02
3.7800000e+02		3.7900000e+02		3.7850000e+02		9.3786543e+02		1.0368768e+03		3.0269660e+03		1.3472080e+03		7.3425156e+02		6.1295643e+02
3.7900000e+02		3.8000000e+02		3.7950000e+02		7.6051322e+02		8.4013899e+02		2.4507402e+03		1.0895909e+03		5.9020945e+02		4.9938141e+02
3.8000000e+02		3.8100000e+02		3.8050000e+02		8.2814537e+02		9.1413644e+02		2.6645591e+03		1.1834028e+03		6.3709113e+02		5.4631171e+02
3.8100000e+02		3.8200000e+02		3.8150000e+02		7.4366886e+02		8.2025035e+02		2.3890839e+03		1.0599412e+03		5.6711462e+02		4.9282657e+02
3.8200000e+02		3.8300000e+02		3.8250000e+02		5.3336093e+02		5.8783134e+02		1.7108455e+03		7.5823939e+02		4.0318978e+02		3.5504961e+02
3.8300000e+02		3.8400000e+02		3.8350000e+02		4.7073026e+02		5.1840679e+02		1.5076630e+03		6.6749353e+02		3.5274300e+02		3.1475052e+02
3.8400000e+02		3.8500000e+02		3.8450000e+02		6.2969557e+02		6.9294467e+02		2.0137711e+03		8.9064006e+02		4.6775231e+02		4.2288775e+02
3.8500000e+02		3.8600000e+02		3.8550000e+02		6.6694888e+02		7.3338522e+02		2.1297276e+03		9.4095236e+02		4.9110912e+02		4.4984324e+02
3.8600000e+02		3.8700000e+02		3.8650000e+02		6.6977732e+02		7.3594280e+02		2.1355943e+03		9.4257495e+02		4.8889692e+02		4.5367804e+02
3.8700000e+02		3.8800000e+02		3.8750000e+02		6.6902499e+02		7.3456852e+02		2.1300618e+03		9.3917179e+02		4.8409653e+02		4.5507526e+02
3.8800000e+02		3.8900000e+02		3.8850000e+02		6.7841027e+02		7.4432236e+02		2.1567934e+03		9.4999042e+02		4.8661586e+02		4.6337456e+02
3.8900000e+02		3.9000000e+02		3.8950000e+02		8.1451188e+02		8.9299101e+02		2.5857380e+03		1.1377720e+03		5.7915800e+02		5.5861398e+02
3.9000000e+02		3.9100000e+02		3.9050000e+02		8.5560997e+02		9.3736523e+02		2.7123056e+03		1.1922615e+03		6.0309110e+02		5.8917042e+02
3.9100000e+02		3.9200000e+02		3.9150000e+02		9.2006232e+02		1.0072468e+03		2.9124629e+03		1.2789622e+03		6.4288537e+02		6.3607680e+02
3.9200000e+02		3.9300000e+02		3.9250000e+02		7.0614281e+02		7.7250127e+02		2.2321365e+03		9.7922984e+02		4.8912505e+02		4.9010479e+02
3.9300000e+02		3.9400000e+02		3.9350000e+02		4.3291589e+02		4.7326076e+02		1.3665372e+03		5.9889978e+02		2.9726509e+02		3.0163468e+02
3.9400000e+02		3.9500000e+02		3.9450000e+02		7.1565803e+02		7.8179908e+02		2.2558896e+03		9.8769208e+02		4.8714808e+02		5.0054400e+02
3.9500000e+02		3.9600000e+02		3.9550000e+02		8.7888136e+02		9.5943333e+02		2.7665692e+03		1.2100924e+03		5.9306581e+02		6.1702663e+02
3.9600000e+02		3.9700000e+02		3.9650000e+02		6.0712893e+02		6.6231216e+02		1.9085161e+03		8.3396602e+02		4.0613738e+02		4.2782863e+02
3.9700000e+02		3.9800000e+02		3.9750000e+02		6.8053003e+02		7.4187144e+02		2.1363403e+03		9.3261137e+02		4.5129553e+02		4.8131585e+02
3.9800000e+02		3.9900000e+02		3.9850000e+02		1.0480559e+03		1.1417412e+03		3.2856431e+03		1.4329489e+03		6.8900483e+02		7.4394404e+02
3.9900000e+02		4.0000000e+02		3.9950000e+02		1.1577145e+03		1.2603432e+03		3.6245558e+03		1.5792373e+03		7.5451146e+02		8.2472583e+02
4.0000000e+02		4.0100000e+02		4.0050000e+02		1.1939713e+03		1.2989358e+03		3.7330958e+03		1.6249736e+03		7.7141368e+02		8.5355987e+02
4.0100000e+02		4.0200000e+02		4.0150000e+02		1.2509583e+03		1.3600201e+03		3.9061106e+03		1.6986682e+03		8.0124990e+02		8.9741825e+02
4.0200000e+02		4.0300000e+02		4.0250000e+02		1.2664199e+03		1.3759137e+03		3.9492116e+03		1.7157877e+03		8.0415039e+02		9.1163726e+02
4.0300000e+02		4.0400000e+02		4.0350000e+02		1.2115903e+03		1.3154747e+03		3.7733225e+03		1.6378287e+03		7.6269781e+02		8.7513091e+02
4.0400000e+02		4.0500000e+02		4.0450000e+02		1.1914959e+03		1.2928102e+03		3.7059591e+03		1.6070852e+03		7.4358267e+02		8.6350250e+02
4.0500000e+02		4.0600000e+02		4.0550000e+02		1.1904731e+03		1.2908611e+03		3.6980437e+03		1.6021616e+03		7.3654485e+02		8.6561678e+02
4.0600000e+02		4.0700000e+02		4.0650000e+02		1.1388815e+03		1.2341230e+03		3.5332941e+03		1.5293694e+03		6.9856049e+02		8.3080894e+02
4.0700000e+02		4.0800000e+02		4.0750000e+02		1.1575323e+03		1.2535315e+03		3.5866384e+03		1.5510322e+03		7.0389440e+02		8.4713784e+02
4.0800000e+02		4.0900000e+02		4.0850000e+02		1.2307397e+03		1.3319648e+03		3.8087133e+03		1.6455628e+03		7.4198072e+02		9.0358203e+02
4.0900000e+02		4.1000000e+02		4.0950000e+02		1.2243097e+03		1.3241722e+03		3.7841236e+03		1.6334533e+03		7.3176710e+02		9.0168624e+02
4.1000000e+02		4.1100000e+02		4.1050000e+02		1.1216634e+03		1.2123961e+03		3.4626044e+03		1.4933164e+03		6.6466460e+02		8.2865184e+02
4.1100000e+02		4.1200000e+02		4.1150000e+02		1.3003372e+03		1.4046528e+03		4.0092850e+03		1.7275307e+03		7.6393724e+02		9.6359342e+02
4.1200000e+02		4.1300000e+02		4.1250000e+02		1.2760342e+03		1.3775536e+03		3.9295983e+03		1.6916838e+03		7.4323996e+02		9.4844380e+02
4.1300000e+02		4.1400000e+02		4.1350000e+02		1.2308584e+03		1.3279742e+03		3.7859346e+03		1.6283908e+03		7.1079321e+02		9.1759755e+02
4.1400000e+02		4.1500000e+02		4.1450000e+02		1.2488872e+03		1.3466113e+03		3.8368219e+03		1.6488228e+03		7.1503991e+02		9.3378285e+02
4.1500000e+02		4.1600000e+02		4.1550000e+02		1.2477523e+03		1.3445814e+03		3.8288155e+03		1.6439398e+03		7.0828961e+02		9.3565015e+02
4.1600000e+02		4.1700000e+02		4.1650000e+02		1.2947363e+03		1.3943821e+03		3.9683430e+03		1.7023628e+03		7.2868996e+02		9.7367280e+02
4.1700000e+02		4.1800000e+02		4.1750000e+02		1.1781342e+03		1.2680581e+03		3.6067716e+03		1.5459139e+03		6.5741380e+02		8.8850007e+02
4.1800000e+02		4.1900000e+02		4.1850000e+02		1.2217101e+03		1.3141912e+03		3.7358736e+03		1.5998707e+03		6.7592493e+02		9.2394580e+02
4.1900000e+02		4.2000000e+02		4.1950000e+02		1.2338424e+03		1.3264724e+03		3.7686687e+03		1.6125346e+03		6.7683055e+02		9.3570405e+02
4.2000000e+02		4.2100000e+02		4.2050000e+02		1.2494927e+03		1.3425251e+03		3.8121531e+03		1.6297542e+03		6.7959114e+02		9.5016302e+02
4.2100000e+02		4.2200000e+02		4.2150000e+02		1.2299982e+03		1.3208255e+03		3.7484654e+03		1.6011729e+03		6.6330916e+02		9.3786378e+02
4.2200000e+02		4.2300000e+02		4.2250000e+02		1.1657134e+03		1.2510858e+03		3.5486018e+03		1.5145279e+03		6.2331084e+02		8.9121708e+02
4.2300000e+02		4.2400000e+02		4.2350000e+02		1.2419943e+03		1.3322056e+03		3.7766397e+03		1.6105089e+03		6.5847269e+02		9.5203625e+02
4.2400000e+02		4.2500000e+02		4.2450000e+02		1.2850442e+03		1.3776159e+03		3.9032689e+03		1.6631290e+03		6.7553125e+02		9.8759771e+02
4.2500000e+02		4.2600000e+02		4.2550000e+02		1.2367256e+03		1.3250853e+03		3.7524263e+03		1.5975402e+03		6.4463504e+02		9.5290511e+02
4.2600000e+02		4.2700000e+02		4.2650000e+02		1.2316584e+03		1.3189344e+03		3.7330297e+03		1.5879817e+03		6.3657273e+02		9.5140898e+02
4.2700000e+02		4.2800000e+02		4.2750000e+02		1.1420512e+03		1.2223144e+03		3.4577454e+03		1.4696834e+03		5.8528123e+02		8.8440214e+02
4.2800000e+02		4.2900000e+02		4.2850000e+02		1.1495483e+03		1.2296768e+03		3.4767607e+03		1.4765718e+03		5.8415970e+02		8.9241208e+02
4.2900000e+02		4.3000000e+02		4.2950000e+02		1.0698649e+03		1.1438290e+03		3.2323659e+03		1.3716760e+03		5.3909189e+02		8.3258412e+02
4.3000000e+02		4.3100000e+02		4.3050000e+02		8.6065012e+02		9.1966387e+02		2.5975627e+03		1.1014140e+03		4.3002544e+02		6.7138857e+02
4.3100000e+02		4.3200000e+02		4.3150000e+02		1.0641754e+03		1.1365485e+03		3.2085162e+03		1.3593916e+03		5.2725242e+02		8.3213921e+02
4.3200000e+02		4.3300000e+02		4.3250000e+02		1.1990384e+03		1.2799178e+03		3.6114326e+03		1.5288959e+03		5.8908851e+02		9.3980737e+02
4.3300000e+02		4.3400000e+02		4.3350000e+02		1.3017454e+03		1.3888366e+03		3.9168021e+03		1.6568771e+03		6.3419068e+02		1.0226864e+03
4.3400000e+02		4.3500000e+02		4.3450000e+02		1.1054356e+03		1.1787904e+03		3.3227823e+03		1.4045044e+03		5.3404507e+02		8.7045930e+02
4.3500000e+02		4.3600000e+02		4.3550000e+02		1.2347447e+03		1.3160131e+03		3.7077648e+03		1.5660230e+03		5.9152979e+02		9.7449324e+02
4.3600000e+02		4.3700000e+02		4.3650000e+02		1.3814970e+03		1.4716847e+03		4.1443381e+03		1.7490738e+03		6.5630959e+02		1.0927642e+03
4.3700000e+02		4.3800000e+02		4.3750000e+02		1.2223713e+03		1.3015224e+03		3.6633823e+03		1.5449144e+03		5.7587163e+02		9.6904274e+02
4.3800000e+02		4.3900000e+02		4.3850000e+02		1.1905029e+03		1.2669645e+03		3.5644049e+03		1.5020370e+03		5.5618740e+02		9.4584958e+02
4.3900000e+02		4.4000000e+02		4.3950000e+02		1.3250738e+03		1.4094881e+03		3.9634895e+03		1.6689562e+03		6.1390810e+02		1.0550481e+03
4.4000000e+02		4.4100000e+02		4.4050000e+02		1.2562739e+03		1.3356566e+03		3.7541066e+03		1.5796092e+03		5.7719786e+02		1.0024113e+03
4.4100000e+02		4.4200000e+02		4.4150000e+02		1.3817384e+03		1.4683422e+03		4.1251168e+03		1.7344321e+03		6.2957542e+02		1.1048567e+03
4.4200000e+02		4.4300000e+02		4.4250000e+02		1.4526378e+03		1.5429490e+03		4.3327080e+03		1.8203742e+03		6.5639517e+02		1.1639790e+03
4.4300000e+02		4.4400000e+02		4.4350000e+02		1.4050936e+03		1.4917430e+03		4.1869953e+03		1.7578673e+03		6.2965684e+02		1.1282105e+03
4.4400000e+02		4.4500000e+02		4.4450000e+02		1.4475318e+03		1.5360777e+03		4.3094705e+03		1.8079735e+03		6.4331250e+02		1.1646610e+03
4.4500000e+02		4.4600000e+02		4.4550000e+02		1.3420773e+03		1.4235104e+03		3.9918603e+03		1.6735172e+03		5.9152243e+02		1.0819948e+03
4.4600000e+02		4.4700000e+02		4.4650000e+02		1.3689269e+03		1.4513200e+03		4.0680237e+03		1.7042259e+03		5.9838178e+02		1.1058441e+03
4.4700000e+02		4.4800000e+02		4.4750000e+02		1.4837056e+03		1.5722883e+03		4.4051401e+03		1.8441422e+03		6.4321313e+02		1.2009290e+03
4.4800000e+02		4.4900000e+02		4.4850000e+02		1.4587166e+03		1.5451072e+03		4.3270811e+03		1.8101844e+03		6.2717941e+02		1.1830050e+03
4.4900000e+02		4.5000000e+02		4.4950000e+02		1.4737837e+03		1.5603656e+03		4.3679062e+03		1.8259812e+03		6.2845329e+02		1.1975279e+03
4.5000000e+02		4.5100000e+02		4.5050000e+02		1.5636828e+03		1.6548091e+03		4.6302766e+03		1.9343154e+03		6.6131899e+02		1.2729964e+03
4.5100000e+02		4.5200000e+02		4.5150000e+02		1.5589734e+03		1.6490971e+03		4.6123152e+03		1.9254789e+03		6.5392635e+02		1.2715526e+03
4.5200000e+02		4.5300000e+02		4.5250000e+02		1.4757889e+03		1.5604208e+03		4.3624428e+03		1.8199149e+03		6.1396964e+02		1.2059452e+03
4.5300000e+02		4.5400000e+02		4.5350000e+02		1.4141855e+03		1.4946361e+03		4.1767677e+03		1.7412667e+03		5.8353420e+02		1.1577325e+03
4.5400000e+02		4.5500000e+02		4.5450000e+02		1.5096596e+03		1.5948555e+03		4.4549682e+03		1.8559884e+03		6.1784709e+02		1.2381413e+03
4.5500000e+02		4.5600000e+02		4.5550000e+02		1.4952815e+03		1.5789927e+03		4.4088297e+03		1.8355311e+03		6.0697632e+02		1.2285547e+03
4.5600000e+02		4.5700000e+02		4.5650000e+02		1.5527317e+03		1.6389663e+03		4.5744059e+03		1.9031935e+03		6.2516813e+02		1.2780253e+03
4.5700000e+02		4.5800000e+02		4.5750000e+02		1.5677329e+03		1.6541075e+03		4.6147841e+03		1.9187195e+03		6.2607866e+02		1.2926408e+03
4.5800000e+02		4.5900000e+02		4.5850000e+02		1.4734199e+03		1.5539528e+03		4.3336113e+03		1.8006278e+03		5.8363941e+02		1.2169884e+03
4.5900000e+02		4.6000000e+02		4.5950000e+02		1.5222067e+03		1.6047452e+03		4.4734669e+03		1.8575227e+03		5.9807796e+02		1.2594448e+03
4.6000000e+02		4.6100000e+02		4.6050000e+02		1.5039223e+03		1.5848224e+03		4.4161742e+03		1.8325424e+03		5.8611186e+02		1.2464306e+03
4.6100000e+02		4.6200000e+02		4.6150000e+02		1.5386000e+03		1.6207097e+03		4.5143968e+03		1.8720934e+03		5.9478039e+02		1.2773130e+03
4.6200000e+02		4.6300000e+02		4.6250000e+02		1.5538294e+03		1.6360954e+03		4.5554735e+03		1.8879185e+03		5.9581979e+02		1.2920987e+03
4.6300000e+02		4.6400000e+02		4.6350000e+02		1.5018384e+03		1.5807232e+03		4.3995934e+03		1.8221586e+03		5.7124230e+02		1.2509163e+03
4.6400000e+02		4.6500000e+02		4.6450000e+02		1.5281564e+03		1.6077897e+03		4.4732093e+03		1.8514788e+03		5.7657449e+02		1.2749043e+03
4.6500000e+02		4.6600000e+02		4.6550000e+02		1.4760608e+03		1.5523727e+03		4.3173837e+03		1.7858625e+03		5.5244270e+02		1.2334198e+03
4.6600000e+02		4.6700000e+02		4.6650000e+02		1.4854121e+03		1.5616025e+03		4.3414141e+03		1.7946856e+03		5.5148060e+02		1.2432050e+03
4.6700000e+02		4.6800000e+02		4.6750000e+02		1.4997486e+03		1.5760691e+03		4.3799933e+03		1.8095157e+03		5.5234060e+02		1.2571751e+03
4.6800000e+02		4.6900000e+02		4.6850000e+02		1.4665907e+03		1.5406373e+03		4.2799378e+03		1.7670956e+03		5.3580601e+02		1.2312896e+03
4.6900000e+02		4.7000000e+02		4.6950000e+02		1.5086728e+03		1.5842463e+03		4.3994659e+03		1.8153407e+03		5.4677521e+02		1.2685654e+03
4.7000000e+02		4.7100000e+02		4.7050000e+02		1.4256243e+03		1.4964778e+03		4.1542166e+03		1.7131083e+03		5.1255314e+02		1.2005551e+03
4.7100000e+02		4.7200000e+02		4.7150000e+02		1.4904926e+03		1.5639901e+03		4.3400604e+03		1.7886726e+03		5.3160450e+02		1.2570681e+03
4.7200000e+02		4.7300000e+02		4.7250000e+02		1.5269264e+03		1.6016317e+03		4.4429221e+03		1.8299746e+03		5.4026510e+02		1.2897095e+03
4.7300000e+02		4.7400000e+02		4.7350000e+02		1.4995420e+03		1.5723345e+03		4.3601014e+03		1.7948002e+03		5.2635942e+02		1.2684408e+03
4.7400000e+02		4.7500000e+02		4.7450000e+02		1.5448084e+03		1.6192134e+03		4.4885144e+03		1.8465759e+03		5.3794556e+02		1.3086303e+03
4.7500000e+02		4.7600000e+02		4.7550000e+02		1.5413846e+03		1.6150463e+03		4.4753986e+03		1.8401073e+03		5.3250004e+02		1.3076073e+03
4.7600000e+02		4.7700000e+02		4.7650000e+02		1.4853490e+03		1.5557805e+03		4.3096755e+03		1.7709435e+03		5.0908120e+02		1.2618624e+03
4.7700000e+02		4.7800000e+02		4.7750000e+02		1.5508368e+03		1.6238022e+03		4.4965574e+03		1.8466766e+03		5.2732646e+02		1.3193501e+03
4.7800000e+02		4.7900000e+02		4.7850000e+02		1.5358791e+03		1.6075799e+03		4.4501192e+03		1.8265633e+03		5.1812008e+02		1.3084432e+03
4.7900000e+02		4.8000000e+02		4.7950000e+02		1.5403519e+03		1.6117042e+03		4.4600293e+03		1.8295950e+03		5.1553513e+02		1.3140599e+03
4.8000000e+02		4.8100000e+02		4.8050000e+02		1.5442750e+03		1.6152553e+03		4.4683594e+03		1.8319826e+03		5.1278215e+02		1.3192004e+03
4.8100000e+02		4.8200000e+02		4.8150000e+02		1.5475498e+03		1.6181308e+03		4.4748277e+03		1.8336115e+03		5.0983289e+02		1.3237786e+03
4.8200000e+02		4.8300000e+02		4.8250000e+02		1.5416562e+03		1.6114255e+03		4.4548179e+03		1.8244019e+03		5.0390739e+02		1.3204945e+03
4.8300000e+02		4.8400000e+02		4.8350000e+02		1.5183412e+03		1.5865256e+03		4.3845499e+03		1.7946381e+03		4.9239946e+02		1.3022386e+03
4.8400000e+02		4.8500000e+02		4.8450000e+02		1.4920771e+03		1.5585661e+03		4.3058866e+03		1.7614792e+03		4.8009754e+02		1.2813817e+03
4.8500000e+02		4.8600000e+02		4.8550000e+02		1.4021236e+03		1.4641237e+03		4.0436703e+03		1.6533145e+03		4.4763039e+02		1.2056842e+03
4.8600000e+02		4.8700000e+02		4.8650000e+02		1.2173217e+03		1.2707367e+03		3.5084504e+03		1.4337111e+03		3.8560149e+02		1.0481096e+03
4.8700000e+02		4.8800000e+02		4.8750000e+02		1.3927585e+03		1.4534028e+03		4.0115179e+03		1.6384126e+03		4.3773802e+02		1.2006746e+03
4.8800000e+02		4.8900000e+02		4.8850000e+02		1.4651201e+03		1.5284266e+03		4.2172705e+03		1.7215355e+03		4.5690071e+02		1.2646348e+03
4.8900000e+02		4.9000000e+02		4.8950000e+02		1.4372192e+03		1.4988451e+03		4.1343660e+03		1.6868059e+03		4.4472013e+02		1.2420858e+03
4.9000000e+02		4.9100000e+02		4.9050000e+02		1.5307557e+03		1.5958909e+03		4.4007003e+03		1.7945326e+03		4.6999137e+02		1.3245413e+03
4.9100000e+02		4.9200000e+02		4.9150000e+02		1.4425606e+03		1.5034747e+03		4.1445969e+03		1.6892226e+03		4.3948425e+02		1.2497384e+03
4.9200000e+02		4.9300000e+02		4.9250000e+02		1.3729411e+03		1.4304738e+03		3.9421645e+03		1.6058909e+03		4.1504142e+02		1.1908495e+03
4.9300000e+02		4.9400000e+02		4.9350000e+02		1.4509629e+03		1.5113025e+03		4.1636674e+03		1.6952576e+03		4.3524237e+02		1.2600152e+03
4.9400000e+02		4.9500000e+02		4.9450000e+02		1.4929449e+03		1.5545586e+03		4.2815659e+03		1.7423777e+03		4.4438460e+02		1.2979931e+03
4.9500000e+02		4.9600000e+02		4.9550000e+02		1.4663156e+03		1.5263712e+03		4.2026931e+03		1.7094208e+03		4.3309989e+02		1.2763209e+03
4.9600000e+02		4.9700000e+02		4.9650000e+02		1.4846220e+03		1.5449667e+03		4.2526505e+03		1.7288776e+03		4.3513793e+02		1.2937397e+03
4.9700000e+02		4.9800000e+02		4.9750000e+02		1.5123203e+03		1.5733257e+03		4.3294562e+03		1.7592306e+03		4.3985578e+02		1.3193748e+03
4.9800000e+02		4.9900000e+02		4.9850000e+02		1.3744029e+03		1.4294259e+03		3.9323446e+03		1.5970829e+03		3.9668071e+02		1.2004022e+03
4.9900000e+02		5.0000000e+02		4.9950000e+02		1.4721832e+03		1.5306760e+03		4.2096836e+03		1.7088872e+03		4.2165224e+02		1.2872350e+03
