Left Bin Edge (nm)	Right Bin Edge (nm)	Bin Center (nm)		Top of Atm Intensity (erg/s/nm/cm2)		Total Surface Flux (erg/s/nm/cm2)		Total Intensity at BOA (erg/s/nm/cm2)		Total Surface Intensity (erg/s/nm/cm2)		Total Surface Diffuse Intensity (erg/s/nm/cm2)		Total Surface Direct Intensity (erg/s/nm/cm2)
1.0000000e+02		1.0100000e+02		1.0050000e+02		4.4569042e-02		2.4525374e-199		0.0000000e+00		4.2479194e-199		4.2479194e-199		0.0000000e+00
1.0100000e+02		1.0200000e+02		1.0150000e+02		1.7387199e-01		2.8780738e-197		0.0000000e+00		4.9849701e-197		4.9849701e-197		0.0000000e+00
1.0200000e+02		1.0300000e+02		1.0250000e+02		9.2286085e-01		3.0760917e-195		0.0000000e+00		5.3279471e-195		5.3279471e-195		0.0000000e+00
1.0300000e+02		1.0400000e+02		1.0350000e+02		7.0094286e-01		3.0025219e-193		0.0000000e+00		5.2005205e-193		5.2005205e-193		0.0000000e+00
1.0400000e+02		1.0500000e+02		1.0450000e+02		1.4124828e-01		2.6834655e-191		0.0000000e+00		4.6478986e-191		4.6478986e-191		0.0000000e+00
1.0500000e+02		1.0600000e+02		1.0550000e+02		4.8389941e-02		2.2015022e-189		0.0000000e+00		3.8131136e-189		3.8131136e-189		0.0000000e+00
1.0600000e+02		1.0700000e+02		1.0650000e+02		4.5487167e-02		1.6618998e-187		0.0000000e+00		2.8784949e-187		2.8784949e-187		0.0000000e+00
1.0700000e+02		1.0800000e+02		1.0750000e+02		5.0757295e-02		1.1570799e-185		0.0000000e+00		2.0041212e-185		2.0041212e-185		0.0000000e+00
1.0800000e+02		1.0900000e+02		1.0850000e+02		7.1152114e-02		7.4462170e-184		0.0000000e+00		1.2897226e-183		1.2897226e-183		0.0000000e+00
1.0900000e+02		1.1000000e+02		1.0950000e+02		5.5817450e-02		1.0490242e-02		4.6429620e-02		1.8169632e-02		1.8169632e-02		1.9111371e-64
1.1000000e+02		1.1100000e+02		1.1050000e+02		5.4043772e-02		1.0610596e-02		4.6476661e-02		1.8378092e-02		1.8378092e-02		2.2078497e-61
1.1100000e+02		1.1200000e+02		1.1150000e+02		5.0797691e-02		1.0410046e-02		4.5145960e-02		1.8030728e-02		1.8030728e-02		1.6135634e-58
1.1200000e+02		1.1300000e+02		1.1250000e+02		5.1969037e-02		1.1107189e-02		4.7711171e-02		1.9238215e-02		1.9238215e-02		8.6220058e-56
1.1300000e+02		1.1400000e+02		1.1350000e+02		4.1221387e-02		9.1806247e-03		3.9075940e-02		1.5901308e-02		1.5901308e-02		2.4673647e-53
1.1400000e+02		1.1500000e+02		1.1450000e+02		3.1562600e-02		7.3190939e-03		3.0880238e-02		1.2677042e-02		1.2677042e-02		4.8306928e-51
1.1500000e+02		1.1600000e+02		1.1550000e+02		4.3552050e-02		1.0506984e-02		4.3958798e-02		1.8198631e-02		1.8198631e-02		1.2368610e-48
1.1600000e+02		1.1700000e+02		1.1650000e+02		1.0143732e-01		2.5439115e-02		1.0557621e-01		4.4061839e-02		4.4061839e-02		3.9646253e-46
1.1700000e+02		1.1800000e+02		1.1750000e+02		3.6108525e-01		9.4060279e-02		3.8735792e-01		1.6291718e-01		1.6291718e-01		1.4697881e-43
1.1800000e+02		1.1900000e+02		1.1850000e+02		1.2283927e-01		3.3211779e-02		1.3576259e-01		5.7524489e-02		5.7524489e-02		4.0145127e-42
1.1900000e+02		1.2000000e+02		1.1950000e+02		1.7115732e-01		4.7993216e-02		1.9479757e-01		8.3126688e-02		8.3126688e-02		3.5220938e-40
1.2000000e+02		1.2100000e+02		1.2050000e+02		9.3056497e-01		2.7041854e-01		1.0901448e+00		4.6837865e-01		4.6837865e-01		9.6074664e-38
1.2100000e+02		1.2200000e+02		1.2150000e+02		3.6941242e+01		1.1116932e+01		4.4524558e+01		1.9255090e+01		1.9255090e+01		1.5472184e-34
1.2200000e+02		1.2300000e+02		1.2250000e+02		2.4773856e-01		7.7146911e-02		3.0705635e-01		1.3362237e-01		1.3362237e-01		3.4501346e-35
1.2300000e+02		1.2400000e+02		1.2350000e+02		1.3344721e-01		4.2970848e-02		1.7000867e-01		7.4427691e-02		7.4427691e-02		5.1292084e-34
1.2400000e+02		1.2500000e+02		1.2450000e+02		1.0726631e-01		3.5691404e-02		1.4039971e-01		6.1819325e-02		6.1819325e-02		9.5559503e-33
1.2500000e+02		1.2600000e+02		1.2550000e+02		1.0471361e-01		3.5978265e-02		1.4075099e-01		6.2316184e-02		6.2316184e-02		1.8355474e-31
1.2600000e+02		1.2700000e+02		1.2650000e+02		1.4644878e-01		5.1923637e-02		2.0206159e-01		8.9934378e-02		8.9934378e-02		4.3316926e-30
1.2700000e+02		1.2800000e+02		1.2750000e+02		7.6659940e-02		2.8028504e-02		1.0852267e-01		4.8546793e-02		4.8546793e-02		3.3118835e-29
1.2800000e+02		1.2900000e+02		1.2850000e+02		6.1165494e-02		2.3046176e-02		8.8799750e-02		3.9917147e-02		3.9917147e-02		3.3702051e-28
1.2900000e+02		1.3000000e+02		1.2950000e+02		8.1594975e-02		3.1661623e-02		1.2142967e-01		5.4839540e-02		5.4839540e-02		5.0476213e-27
1.3000000e+02		1.3100000e+02		1.3050000e+02		6.7007791e-01		2.6760629e-01		1.0217612e+00		4.6350770e-01		4.6350770e-01		4.1279305e-25
1.3100000e+02		1.3200000e+02		1.3150000e+02		9.0731094e-02		3.7269771e-02		1.4169361e-01		6.4553137e-02		6.4553137e-02		4.9718146e-25
1.3200000e+02		1.3300000e+02		1.3250000e+02		7.0547730e-02		2.9788309e-02		1.1278606e-01		5.1594865e-02		5.1594865e-02		3.0918089e-24
1.3300000e+02		1.3400000e+02		1.3350000e+02		9.5357088e-01		4.1363292e-01		1.5599583e+00		7.1643324e-01		7.1643324e-01		3.0236667e-22
1.3400000e+02		1.3500000e+02		1.3450000e+02		6.5246966e-02		2.9057856e-02		1.0917390e-01		5.0329682e-02		5.0329682e-02		1.3619405e-22
1.3500000e+02		1.3600000e+02		1.3550000e+02		1.3692679e-01		6.2573081e-02		2.3424274e-01		1.0837976e-01		1.0837976e-01		1.7210400e-21
1.3600000e+02		1.3700000e+02		1.3650000e+02		8.9861989e-02		4.2113798e-02		1.5710481e-01		7.2943238e-02		7.2943238e-02		6.2523358e-21
1.3700000e+02		1.3800000e+02		1.3750000e+02		9.2282630e-02		4.4327312e-02		1.6480992e-01		7.6777157e-02		7.6777157e-02		3.2827655e-20
1.3800000e+02		1.3900000e+02		1.3850000e+02		9.4180145e-02		4.6341701e-02		1.7174675e-01		8.0266181e-02		8.0266181e-02		1.5890025e-19
1.3900000e+02		1.4000000e+02		1.3950000e+02		3.1801144e-01		1.6020608e-01		5.9190960e-01		2.7748507e-01		2.7748507e-01		2.3704227e-18
1.4000000e+02		1.4100000e+02		1.4050000e+02		2.7729440e-01		1.4294459e-01		5.2657078e-01		2.4758730e-01		2.4758730e-01		8.5385392e-18
1.4100000e+02		1.4200000e+02		1.4150000e+02		1.3359910e-01		7.0435497e-02		2.5872818e-01		1.2199786e-01		1.2199786e-01		1.5948215e-17
1.4200000e+02		1.4300000e+02		1.4250000e+02		1.4479671e-01		7.8034386e-02		2.8585749e-01		1.3515952e-01		1.3515952e-01		6.3096961e-17
1.4300000e+02		1.4400000e+02		1.4350000e+02		1.6064305e-01		8.8455272e-02		3.2318018e-01		1.5320903e-01		1.5320903e-01		2.4138330e-16
1.4400000e+02		1.4500000e+02		1.4450000e+02		1.5363637e-01		8.6392445e-02		3.1484615e-01		1.4963610e-01		1.4963610e-01		7.5419413e-16
1.4500000e+02		1.4600000e+02		1.4550000e+02		1.6382583e-01		9.4030975e-02		3.4185148e-01		1.6286643e-01		1.6286643e-01		2.4962049e-15
1.4600000e+02		1.4700000e+02		1.4650000e+02		1.9977093e-01		1.1698193e-01		4.2429670e-01		2.0261864e-01		2.0261864e-01		9.0001108e-15
1.4700000e+02		1.4800000e+02		1.4750000e+02		2.4643334e-01		1.4715638e-01		5.3254100e-01		2.5488233e-01		2.5488233e-01		3.1348579e-14
1.4800000e+02		1.4900000e+02		1.4850000e+02		2.4167300e-01		1.4709580e-01		5.3117098e-01		2.5477740e-01		2.5477740e-01		8.3089647e-14
1.4900000e+02		1.5000000e+02		1.4950000e+02		2.1832777e-01		1.3538703e-01		4.8787290e-01		2.3449721e-01		2.3449721e-01		1.9461654e-13
1.5000000e+02		1.5100000e+02		1.5050000e+02		2.4023073e-01		1.5170505e-01		5.4558096e-01		2.6276085e-01		2.6276085e-01		5.3370539e-13
1.5100000e+02		1.5200000e+02		1.5150000e+02		2.5258505e-01		1.6236593e-01		5.8279534e-01		2.8122603e-01		2.8122603e-01		1.3470376e-12
1.5200000e+02		1.5300000e+02		1.5250000e+02		3.2229547e-01		2.1080186e-01		7.5524652e-01		3.6511953e-01		3.6511953e-01		3.9812664e-12
1.5300000e+02		1.5400000e+02		1.5350000e+02		3.5701286e-01		2.3749603e-01		8.4936342e-01		4.1135518e-01		4.1135518e-01		9.8740362e-12
1.5400000e+02		1.5500000e+02		1.5450000e+02		9.5486931e-01		6.4579063e-01		2.3055812e+00		1.1185422e+00		1.1185422e+00		5.7247761e-11
1.5500000e+02		1.5600000e+02		1.5550000e+02		7.8587524e-01		5.4013663e-01		1.9251791e+00		9.3554409e-01		9.3554409e-01		9.9038530e-11
1.5600000e+02		1.5700000e+02		1.5650000e+02		4.6648084e-01		3.2569923e-01		1.1590155e+00		5.6412762e-01		5.6412762e-01		1.2000139e-10
1.5700000e+02		1.5800000e+02		1.5750000e+02		4.2309893e-01		2.9997990e-01		1.0658469e+00		5.1958042e-01		5.1958042e-01		2.1605407e-10
1.5800000e+02		1.5900000e+02		1.5850000e+02		3.9008072e-01		2.8074375e-01		9.9601749e-01		4.8626244e-01		4.8626244e-01		3.8501355e-10
1.5900000e+02		1.6000000e+02		1.5950000e+02		3.8042347e-01		2.7782229e-01		9.8424058e-01		4.8120232e-01		4.8120232e-01		7.0755280e-10
1.6000000e+02		1.6100000e+02		1.6050000e+02		4.1635449e-01		3.0841557e-01		1.0911138e+00		5.3419144e-01		5.3419144e-01		1.4242995e-09
1.6100000e+02		1.6200000e+02		1.6150000e+02		4.7164413e-01		3.5424873e-01		1.2515922e+00		6.1357679e-01		6.1357679e-01		2.8997227e-09
1.6200000e+02		1.6300000e+02		1.6250000e+02		5.2241459e-01		3.9772491e-01		1.4033904e+00		6.8887974e-01		6.8887974e-01		5.6464328e-09
1.6300000e+02		1.6400000e+02		1.6350000e+02		1.1072121e+00		8.5413789e-01		3.0101240e+00		1.4794102e+00		1.4794102e+00		2.0599217e-08
1.6400000e+02		1.6500000e+02		1.6450000e+02		1.1323318e+00		8.8483090e-01		3.1145555e+00		1.5325721e+00		1.5325720e+00		3.5539204e-08
1.6500000e+02		1.6600000e+02		1.6550000e+02		1.3255566e+00		1.0489078e+00		3.6878265e+00		1.8167615e+00		1.8167615e+00		6.8847351e-08
1.6600000e+02		1.6700000e+02		1.6650000e+02		6.2522883e-01		5.0083739e-01		1.7589137e+00		8.6747576e-01		8.6747571e-01		5.2758400e-08
1.6700000e+02		1.6800000e+02		1.6750000e+02		6.6723830e-01		5.4091240e-01		1.8976055e+00		9.3688770e-01		9.3688761e-01		8.9878351e-08
1.6800000e+02		1.6900000e+02		1.6850000e+02		7.1904320e-01		5.8974155e-01		2.0667493e+00		1.0214622e+00		1.0214621e+00		1.5203369e-07
1.6900000e+02		1.7000000e+02		1.6950000e+02		9.0554889e-01		7.5119895e-01		2.6299251e+00		1.3011145e+00		1.3011142e+00		2.9574102e-07
1.7000000e+02		1.7100000e+02		1.7050000e+02		1.0161854e+00		8.5237552e-01		2.9812362e+00		1.4763573e+00		1.4763568e+00		5.0476650e-07
1.7100000e+02		1.7200000e+02		1.7150000e+02		1.0130704e+00		8.5900182e-01		3.0015844e+00		1.4878343e+00		1.4878335e+00		7.5415826e-07
1.7200000e+02		1.7300000e+02		1.7250000e+02		1.0571150e+00		9.0585243e-01		3.1624125e+00		1.5689816e+00		1.5689804e+00		1.1628081e-06
1.7300000e+02		1.7400000e+02		1.7350000e+02		1.0479596e+00		9.0729364e-01		3.1646557e+00		1.5714775e+00		1.5714758e+00		1.6803821e-06
1.7400000e+02		1.7500000e+02		1.7450000e+02		1.2530722e+00		1.0958156e+00		3.8189687e+00		1.8980062e+00		1.8980034e+00		2.8911902e-06
1.7500000e+02		1.7600000e+02		1.7550000e+02		1.4954862e+00		1.3206699e+00		4.5988030e+00		2.2874637e+00		2.2874588e+00		4.9035675e-06
1.7600000e+02		1.7700000e+02		1.7650000e+02		1.6135596e+00		1.4386093e+00		5.0054922e+00		2.4917389e+00		2.4917315e+00		7.4294685e-06
1.7700000e+02		1.7800000e+02		1.7750000e+02		1.9010195e+00		1.7107574e+00		5.9478052e+00		2.9631098e+00		2.9630977e+00		1.2151425e-05
1.7800000e+02		1.7900000e+02		1.7850000e+02		2.0776624e+00		1.8867776e+00		6.5548679e+00		3.2679814e+00		3.2679632e+00		1.8235160e-05
1.7900000e+02		1.8000000e+02		1.7950000e+02		2.0198657e+00		1.8506107e+00		6.4245582e+00		3.2053341e+00		3.2053100e+00		2.4086227e-05
1.8000000e+02		1.8100000e+02		1.8050000e+02		2.4976225e+00		2.3081926e+00		8.0074615e+00		3.9978775e+00		3.9978374e+00		4.0057642e-05
1.8100000e+02		1.8200000e+02		1.8150000e+02		3.0410490e+00		2.8341872e+00		9.8255117e+00		4.9089087e+00		4.9088437e+00		6.4963455e-05
1.8200000e+02		1.8300000e+02		1.8250000e+02		2.8073836e+00		2.6380074e+00		9.1393492e+00		4.5691049e+00		4.5690258e+00		7.9136286e-05
1.8300000e+02		1.8400000e+02		1.8350000e+02		2.9562417e+00		2.8002464e+00		9.6951936e+00		4.8500892e+00		4.8499802e+00		1.0897878e-04
1.8400000e+02		1.8500000e+02		1.8450000e+02		2.5409769e+00		2.4257952e+00		8.3935040e+00		4.2015116e+00		4.2013902e+00		1.2144570e-04
1.8500000e+02		1.8600000e+02		1.8550000e+02		2.8735562e+00		2.7643026e+00		9.5589730e+00		4.7877832e+00		4.7876066e+00		1.7659421e-04
1.8600000e+02		1.8700000e+02		1.8650000e+02		3.2604304e+00		3.1598832e+00		1.0920445e+01		5.4728912e+00		5.4726356e+00		2.5558837e-04
1.8700000e+02		1.8800000e+02		1.8750000e+02		3.6946466e+00		3.6067950e+00		1.2457793e+01		6.2468838e+00		6.2465172e+00		3.6661879e-04
1.8800000e+02		1.8900000e+02		1.8850000e+02		3.8870616e+00		3.8216084e+00		1.3192361e+01		6.6188651e+00		6.6183804e+00		4.8465343e-04
1.8900000e+02		1.9000000e+02		1.8950000e+02		4.3106081e+00		4.2673924e+00		1.4723178e+01		7.3908496e+00		7.3901790e+00		6.7054705e-04
1.9000000e+02		1.9100000e+02		1.9050000e+02		4.4384288e+00		4.4236125e+00		1.5254018e+01		7.6612954e+00		7.6604399e+00		8.5551763e-04
1.9100000e+02		1.9200000e+02		1.9150000e+02		4.8094361e+00		4.8249806e+00		1.6629380e+01		8.3562762e+00		8.3551351e+00		1.1411470e-03
1.9200000e+02		1.9300000e+02		1.9250000e+02		5.0365493e+00		5.0853473e+00		1.7517782e+01		8.8070097e+00		8.8055480e+00		1.4617485e-03
1.9300000e+02		1.9400000e+02		1.9350000e+02		3.8447944e+00		3.9064111e+00		1.3449893e+01		6.7651094e+00		6.7637528e+00		1.3565945e-03
1.9400000e+02		1.9500000e+02		1.9450000e+02		6.1679797e+00		6.3051538e+00		2.1698158e+01		1.0918921e+01		1.0916291e+01		2.6302614e-03
1.9500000e+02		1.9600000e+02		1.9550000e+02		5.9528271e+00		6.1215042e+00		2.1055966e+01		1.0600523e+01		1.0597472e+01		3.0506532e-03
1.9600000e+02		1.9700000e+02		1.9650000e+02		6.5508102e+00		6.7756520e+00		2.3294911e+01		1.1732836e+01		1.1728824e+01		4.0123775e-03
1.9700000e+02		1.9800000e+02		1.9750000e+02		6.5190955e+00		6.7811641e+00		2.3302896e+01		1.1741846e+01		1.1737098e+01		4.7472255e-03
1.9800000e+02		1.9900000e+02		1.9850000e+02		6.3883794e+00		6.6820029e+00		2.2951460e+01		1.1569540e+01		1.1564038e+01		5.5027361e-03
1.9900000e+02		2.0000000e+02		1.9950000e+02		6.7274707e+00		7.0746535e+00		2.4288953e+01		1.2248666e+01		1.2241845e+01		6.8209212e-03
2.0000000e+02		2.0100000e+02		2.0050000e+02		7.1125146e+00		7.5189139e+00		2.5802408e+01		1.3016957e+01		1.3008508e+01		8.4481252e-03
2.0100000e+02		2.0200000e+02		2.0150000e+02		7.5701275e+00		8.0437413e+00		2.7590900e+01		1.3924493e+01		1.3914007e+01		1.0485790e-02
2.0200000e+02		2.0300000e+02		2.0250000e+02		7.4828608e+00		7.9908086e+00		2.7396931e+01		1.3831677e+01		1.3819643e+01		1.2034003e-02
2.0300000e+02		2.0400000e+02		2.0350000e+02		8.0092047e+00		8.5945999e+00		2.9453755e+01		1.4875383e+01		1.4860492e+01		1.4891074e-02
2.0400000e+02		2.0500000e+02		2.0450000e+02		8.6207445e+00		9.2947942e+00		3.1838941e+01		1.6085547e+01		1.6067093e+01		1.8453920e-02
2.0500000e+02		2.0600000e+02		2.0550000e+02		8.6400754e+00		9.3587489e+00		3.2043512e+01		1.6194302e+01		1.6173092e+01		2.1210098e-02
2.0600000e+02		2.0700000e+02		2.0650000e+02		8.6510225e+00		9.4128353e+00		3.2214066e+01		1.6285749e+01		1.6261488e+01		2.4260870e-02
2.0700000e+02		2.0800000e+02		2.0750000e+02		9.3957826e+00		1.0268033e+01		3.5124815e+01		1.7762800e+01		1.7732810e+01		2.9989857e-02
2.0800000e+02		2.0900000e+02		2.0850000e+02		1.0163489e+01		1.1154443e+01		3.8139499e+01		1.9293129e+01		1.9256339e+01		3.6789977e-02
2.0900000e+02		2.1000000e+02		2.0950000e+02		1.3129215e+01		1.4469218e+01		4.9450505e+01		2.5022101e+01		2.4968390e+01		5.3711262e-02
2.1000000e+02		2.1100000e+02		2.1050000e+02		1.6183343e+01		1.7907178e+01		6.1171530e+01		3.0961551e+01		3.0886979e+01		7.4572585e-02
2.1100000e+02		2.1200000e+02		2.1150000e+02		1.8424170e+01		2.0466879e+01		6.9882422e+01		3.5379896e+01		3.5284578e+01		9.5318182e-02
2.1200000e+02		2.1300000e+02		2.1250000e+02		1.6428561e+01		1.8319808e+01		6.2521404e+01		3.1661200e+01		3.1566074e+01		9.5126772e-02
2.1300000e+02		2.1400000e+02		2.1350000e+02		1.6737981e+01		1.8734228e+01		6.3904601e+01		3.2369468e+01		3.2261323e+01		1.0814455e-01
2.1400000e+02		2.1500000e+02		2.1450000e+02		2.1432541e+01		2.4075326e+01		8.2083105e+01		4.1586906e+01		4.1432843e+01		1.5406327e-01
2.1500000e+02		2.1600000e+02		2.1550000e+02		1.8408135e+01		2.0750533e+01		7.0711920e+01		3.5833512e+01		3.5686712e+01		1.4679990e-01
2.1600000e+02		2.1700000e+02		2.1650000e+02		1.7036901e+01		1.9270226e+01		6.5633903e+01		3.3266972e+01		3.3116657e+01		1.5031531e-01
2.1700000e+02		2.1800000e+02		2.1750000e+02		1.7640866e+01		2.0019320e+01		6.8149833e+01		3.4548756e+01		3.4377015e+01		1.7174074e-01
2.1800000e+02		2.1900000e+02		2.1850000e+02		2.3730294e+01		2.7016109e+01		9.1919604e+01		4.6607142e+01		4.6352882e+01		2.5426007e-01
2.1900000e+02		2.2000000e+02		2.1950000e+02		2.5052511e+01		2.8610067e+01		9.7290332e+01		4.9338363e+01		4.9043674e+01		2.9468903e-01
2.2000000e+02		2.2100000e+02		2.2050000e+02		2.5203754e+01		2.8869489e+01		9.8118472e+01		4.9765734e+01		4.9441047e+01		3.2468754e-01
2.2100000e+02		2.2200000e+02		2.2150000e+02		2.0176768e+01		2.3178782e+01		7.8733287e+01		3.9938924e+01		3.9654921e+01		2.8400269e-01
2.2200000e+02		2.2300000e+02		2.2250000e+02		2.7154039e+01		3.1282257e+01		1.0619816e+02		5.3877436e+01		5.3460768e+01		4.1666789e-01
2.2300000e+02		2.2400000e+02		2.2350000e+02		3.5163062e+01		4.0619538e+01		1.3781611e+02		6.9925456e+01		6.9338546e+01		5.8691030e-01
2.2400000e+02		2.2500000e+02		2.2450000e+02		3.2875934e+01		3.8077782e+01		1.2911524e+02		6.5516632e+01		6.4921016e+01		5.9561632e-01
2.2500000e+02		2.2600000e+02		2.2550000e+02		2.8720078e+01		3.3349211e+01		1.1301262e+02		5.7349936e+01		5.6786324e+01		5.6361149e-01
2.2600000e+02		2.2700000e+02		2.2650000e+02		2.1037217e+01		2.4488170e+01		8.2933074e+01		4.2088047e+01		4.1641756e+01		4.4629059e-01
2.2700000e+02		2.2800000e+02		2.2750000e+02		2.0463841e+01		2.3877317e+01		8.0813048e+01		4.1013841e+01		4.0545451e+01		4.6839002e-01
2.2800000e+02		2.2900000e+02		2.2850000e+02		2.8509984e+01		3.3341753e+01		1.1277252e+02		5.7235174e+01		5.6532443e+01		7.0273185e-01
2.2900000e+02		2.3000000e+02		2.2950000e+02		2.5620938e+01		3.0029138e+01		1.0150115e+02		5.1515049e+01		5.0836212e+01		6.7883701e-01
2.3000000e+02		2.3100000e+02		2.3050000e+02		2.9055844e+01		3.4127269e+01		1.1527552e+02		5.8505447e+01		5.7679388e+01		8.2605897e-01
2.3100000e+02		2.3200000e+02		2.3150000e+02		2.7387429e+01		3.2233232e+01		1.0880306e+02		5.5219034e+01		5.4384992e+01		8.3404199e-01
2.3200000e+02		2.3300000e+02		2.3250000e+02		2.9413108e+01		3.4685097e+01		1.1699735e+02		5.9375134e+01		5.8417255e+01		9.5787922e-01
2.3300000e+02		2.3400000e+02		2.3350000e+02		2.6543685e+01		3.1360141e+01		1.0570636e+02		5.3641740e+01		5.2718830e+01		9.2291037e-01
2.3400000e+02		2.3500000e+02		2.3450000e+02		2.3194371e+01		2.7452386e+01		9.2467134e+01		4.6919615e+01		4.6059958e+01		8.5965701e-01
2.3500000e+02		2.3600000e+02		2.3550000e+02		3.1223226e+01		3.7018806e+01		1.2459713e+02		6.3216796e+01		6.1985109e+01		1.2316870e+00
2.3600000e+02		2.3700000e+02		2.3650000e+02		2.8911473e+01		3.4334360e+01		1.1547476e+02		5.8581559e+01		5.7369490e+01		1.2120697e+00
2.3700000e+02		2.3800000e+02		2.3750000e+02		3.0878004e+01		3.6727345e+01		1.2342818e+02		6.2607956e+01		6.1234184e+01		1.3737723e+00
2.3800000e+02		2.3900000e+02		2.3850000e+02		2.5598090e+01		3.0492810e+01		1.0239603e+02		5.1931582e+01		5.0724679e+01		1.2069033e+00
2.3900000e+02		2.4000000e+02		2.3950000e+02		2.7890834e+01		3.3271279e+01		1.1163755e+02		5.6608777e+01		5.5217113e+01		1.3916637e+00
2.4000000e+02		2.4100000e+02		2.4050000e+02		2.5623038e+01		3.0607353e+01		1.0261622e+02		5.2024304e+01		5.0673051e+01		1.3512528e+00
2.4100000e+02		2.4200000e+02		2.4150000e+02		3.0005079e+01		3.5887785e+01		1.2022109e+02		6.0936776e+01		5.9266549e+01		1.6702264e+00
2.4200000e+02		2.4300000e+02		2.4250000e+02		4.1301739e+01		4.9459196e+01		1.6554622e+02		8.3891561e+01		8.1467852e+01		2.4237094e+00
2.4300000e+02		2.4400000e+02		2.4350000e+02		3.8791639e+01		4.6506570e+01		1.5553180e+02		7.8797072e+01		7.6400148e+01		2.3969234e+00
2.4400000e+02		2.4500000e+02		2.4450000e+02		3.6329084e+01		4.3601281e+01		1.4569054e+02		7.3791401e+01		7.1430590e+01		2.3608106e+00
2.4500000e+02		2.4600000e+02		2.4550000e+02		2.9476122e+01		3.5412408e+01		1.1822503e+02		5.9863066e+01		5.7850878e+01		2.0121886e+00
2.4600000e+02		2.4700000e+02		2.4650000e+02		2.8685918e+01		3.4495815e+01		1.1506334e+02		5.8244273e+01		5.6189454e+01		2.0548184e+00
2.4700000e+02		2.4800000e+02		2.4750000e+02		3.1678139e+01		3.8127875e+01		1.2706459e+02		6.4298252e+01		6.1919777e+01		2.3784752e+00
2.4800000e+02		2.4900000e+02		2.4850000e+02		2.5406301e+01		3.0604335e+01		1.0189929e+02		5.1546097e+01		4.9548741e+01		1.9973563e+00
2.4900000e+02		2.5000000e+02		2.4950000e+02		3.0967514e+01		3.7331911e+01		1.2418517e+02		6.2796578e+01		6.0250048e+01		2.5465299e+00
2.5000000e+02		2.5100000e+02		2.5050000e+02		3.3448743e+01		4.0351567e+01		1.3410541e+02		6.7786909e+01		6.4912716e+01		2.8741924e+00
2.5100000e+02		2.5200000e+02		2.5150000e+02		2.7888154e+01		3.3665258e+01		1.1177881e+02		5.6478603e+01		5.3976955e+01		2.5016489e+00
2.5200000e+02		2.5300000e+02		2.5250000e+02		2.5069906e+01		3.0281115e+01		1.0044685e+02		5.0731473e+01		4.8386067e+01		2.3454063e+00
2.5300000e+02		2.5400000e+02		2.5350000e+02		3.1592540e+01		3.8180060e+01		1.2652706e+02		6.3875309e+01		6.0795613e+01		3.0796961e+00
2.5400000e+02		2.5500000e+02		2.5450000e+02		3.5730773e+01		4.3201996e+01		1.4303046e+02		7.2173602e+01		6.8547555e+01		3.6260473e+00
2.5500000e+02		2.5600000e+02		2.5550000e+02		4.8755658e+01		5.8975651e+01		1.9506128e+02		9.8381395e+01		9.3234991e+01		5.1464039e+00
2.5600000e+02		2.5700000e+02		2.5650000e+02		6.2803876e+01		7.5997268e+01		2.5111096e+02		1.2658772e+02		1.1969829e+02		6.8894266e+00
2.5700000e+02		2.5800000e+02		2.5750000e+02		7.8843355e+01		9.5437366e+01		3.1502964e+02		1.5872790e+02		1.4974702e+02		8.9808862e+00
2.5800000e+02		2.5900000e+02		2.5850000e+02		8.2991293e+01		1.0048615e+02		3.3136033e+02		1.6686696e+02		1.5705868e+02		9.8082858e+00
2.5900000e+02		2.6000000e+02		2.5950000e+02		7.0629481e+01		8.5538000e+01		2.8178045e+02		1.4182108e+02		1.3316719e+02		8.6538863e+00
2.6000000e+02		2.6100000e+02		2.6050000e+02		5.7868388e+01		7.0096025e+01		2.3067414e+02		1.1603289e+02		1.0868778e+02		7.3451056e+00
2.6100000e+02		2.6200000e+02		2.6150000e+02		5.9092703e+01		7.1588761e+01		2.3534260e+02		1.1831157e+02		1.1054736e+02		7.7642132e+00
2.6200000e+02		2.6300000e+02		2.6250000e+02		7.0528613e+01		8.5450751e+01		2.8061978e+02		1.4098789e+02		1.3140228e+02		9.5856064e+00
2.6300000e+02		2.6400000e+02		2.6350000e+02		1.0614195e+02		1.2860510e+02		4.2189460e+02		2.1183454e+02		1.9692296e+02		1.4911582e+01
2.6400000e+02		2.6500000e+02		2.6450000e+02		1.6548208e+02		2.0050457e+02		6.5706780e+02		3.2970442e+02		3.0569014e+02		2.4014282e+01
2.6500000e+02		2.6600000e+02		2.6550000e+02		1.7356948e+02		2.1029592e+02		6.8842057e+02		3.4520956e+02		3.1920910e+02		2.6000462e+01
2.6600000e+02		2.6700000e+02		2.6650000e+02		1.6826276e+02		2.0385070e+02		6.6660615e+02		3.3404532e+02		3.0804377e+02		2.6001550e+01
2.6700000e+02		2.6800000e+02		2.6750000e+02		1.6940220e+02		2.0520738e+02		6.7031875e+02		3.3567371e+02		3.0868666e+02		2.6987049e+01
2.6800000e+02		2.6900000e+02		2.6850000e+02		1.6778062e+02		2.0321180e+02		6.6307995e+02		3.3181397e+02		3.0427601e+02		2.7537960e+01
2.6900000e+02		2.7000000e+02		2.6950000e+02		1.5737310e+02		1.9057010e+02		6.2115180e+02		3.1060779e+02		2.8401222e+02		2.6595571e+01
2.7000000e+02		2.7100000e+02		2.7050000e+02		1.8181465e+02		2.2011756e+02		7.1667332e+02		3.5810861e+02		3.2649033e+02		3.1618283e+01
2.7100000e+02		2.7200000e+02		2.7150000e+02		1.5108640e+02		1.8286796e+02		5.9473758e+02		2.9695530e+02		2.6993355e+02		2.7021749e+01
2.7200000e+02		2.7300000e+02		2.7250000e+02		1.2154404e+02		1.4706782e+02		4.7777613e+02		2.3837223e+02		2.1602855e+02		2.2343677e+01
2.7300000e+02		2.7400000e+02		2.7350000e+02		1.2960124e+02		1.5676556e+02		5.0871481e+02		2.5360894e+02		2.2913391e+02		2.4475031e+01
2.7400000e+02		2.7500000e+02		2.7450000e+02		8.9183780e+01		1.0783781e+02		3.4955039e+02		1.7412155e+02		1.5682899e+02		1.7292553e+01
2.7500000e+02		2.7600000e+02		2.7550000e+02		1.1893609e+02		1.4375707e+02		4.6545860e+02		2.3167012e+02		2.0800451e+02		2.3665610e+01
2.7600000e+02		2.7700000e+02		2.7650000e+02		1.6564211e+02		2.0012609e+02		6.4724243e+02		3.2188148e+02		2.8807634e+02		3.3805141e+01
2.7700000e+02		2.7800000e+02		2.7750000e+02		1.5837296e+02		1.9125768e+02		6.1786268e+02		3.0701171e+02		2.7387698e+02		3.3134732e+01
2.7800000e+02		2.7900000e+02		2.7850000e+02		1.0921797e+02		1.3183318e+02		4.2540848e+02		2.1120157e+02		1.8778763e+02		2.3413946e+01
2.7900000e+02		2.8000000e+02		2.7950000e+02		6.1368404e+01		7.4038321e+01		2.3864092e+02		1.1837449e+02		1.0490050e+02		1.3473987e+01
2.8000000e+02		2.8100000e+02		2.8050000e+02		6.7313201e+01		8.1167425e+01		2.6132190e+02		1.2951066e+02		1.1438132e+02		1.5129339e+01
2.8100000e+02		2.8200000e+02		2.8150000e+02		1.3943196e+02		1.6803616e+02		5.4038255e+02		2.6757279e+02		2.3550620e+02		3.2066590e+01
2.8200000e+02		2.8300000e+02		2.8250000e+02		1.8983287e+02		2.2864420e+02		7.3445004e+02		3.6333594e+02		3.1868408e+02		4.4651863e+01
2.8300000e+02		2.8400000e+02		2.8350000e+02		1.9610227e+02		2.3605306e+02		7.5738074e+02		3.7433506e+02		3.2717872e+02		4.7156332e+01
2.8400000e+02		2.8500000e+02		2.8450000e+02		1.4459284e+02		1.7394112e+02		5.5745346e+02		2.7526424e+02		2.3973309e+02		3.5531151e+01
2.8500000e+02		2.8600000e+02		2.8550000e+02		9.2944992e+01		1.1173790e+02		3.5769089e+02		1.7645702e+02		1.5312707e+02		2.3329945e+01
2.8600000e+02		2.8700000e+02		2.8650000e+02		1.9045522e+02		2.2881126e+02		7.3161932e+02		3.6057958e+02		3.1176718e+02		4.8812395e+01
2.8700000e+02		2.8800000e+02		2.8750000e+02		2.2108403e+02		2.6542583e+02		8.4771689e+02		4.1739466e+02		3.5956209e+02		5.7832563e+01
2.8800000e+02		2.8900000e+02		2.8850000e+02		2.1010240e+02		2.5206339e+02		8.0411263e+02		3.9553810e+02		3.3946479e+02		5.6073305e+01
2.8900000e+02		2.9000000e+02		2.8950000e+02		3.1885068e+02		3.8225312e+02		1.2180280e+03		5.9854876e+02		5.1176097e+02		8.6787789e+01
2.9000000e+02		2.9100000e+02		2.9050000e+02		4.1860542e+02		5.0147095e+02		1.5960663e+03		7.8353708e+02		6.6737563e+02		1.1616145e+02
2.9100000e+02		2.9200000e+02		2.9150000e+02		4.0318642e+02		4.8263266e+02		1.5343366e+03		7.5247366e+02		6.3845068e+02		1.1402299e+02
2.9200000e+02		2.9300000e+02		2.9250000e+02		3.5818014e+02		4.2842532e+02		1.3604350e+03		6.6650946e+02		5.6331313e+02		1.0319634e+02
2.9300000e+02		2.9400000e+02		2.9350000e+02		3.7393440e+02		4.4691520e+02		1.4175115e+03		6.9375940e+02		5.8403965e+02		1.0971975e+02
2.9400000e+02		2.9500000e+02		2.9450000e+02		3.4819581e+02		4.1581761e+02		1.3173563e+03		6.4407344e+02		5.4005909e+02		1.0401435e+02
2.9500000e+02		2.9600000e+02		2.9550000e+02		3.7701055e+02		4.4985891e+02		1.4235603e+03		6.9527080e+02		5.8065078e+02		1.1462003e+02
2.9600000e+02		2.9700000e+02		2.9650000e+02		3.4493460e+02		4.1124176e+02		1.2998588e+03		6.3418598e+02		5.2749169e+02		1.0669429e+02
2.9700000e+02		2.9800000e+02		2.9750000e+02		3.5165811e+02		4.1890267e+02		1.3225496e+03		6.4457154e+02		5.3393829e+02		1.1063325e+02
2.9800000e+02		2.9900000e+02		2.9850000e+02		3.0223333e+02		3.5971751e+02		1.1343857e+03		5.5227472e+02		4.5559525e+02		9.6679468e+01
2.9900000e+02		3.0000000e+02		2.9950000e+02		3.4101318e+02		4.0551981e+02		1.2773565e+03		6.2121003e+02		5.1032854e+02		1.1088149e+02
3.0000000e+02		3.0100000e+02		3.0050000e+02		2.7131061e+02		3.2234772e+02		1.0142059e+03		4.9269845e+02		4.0305414e+02		8.9644306e+01
3.0100000e+02		3.0200000e+02		3.0150000e+02		3.1202593e+02		3.7039141e+02		1.1640312e+03		5.6486582e+02		4.6013140e+02		1.0473442e+02
3.0200000e+02		3.0300000e+02		3.0250000e+02		3.2846528e+02		3.8955412e+02		1.2228537e+03		5.9275850e+02		4.8078673e+02		1.1197177e+02
3.0300000e+02		3.0400000e+02		3.0350000e+02		4.2601061e+02		5.0478080e+02		1.5827538e+03		7.6636629e+02		6.1891792e+02		1.4744837e+02
3.0400000e+02		3.0500000e+02		3.0450000e+02		4.0776836e+02		4.8272102e+02		1.5118597e+03		7.3122583e+02		5.8796869e+02		1.4325714e+02
3.0500000e+02		3.0600000e+02		3.0550000e+02		4.1174793e+02		4.8697966e+02		1.5234627e+03		7.3601424e+02		5.8922216e+02		1.4679208e+02
3.0600000e+02		3.0700000e+02		3.0650000e+02		3.9053943e+02		4.6146380e+02		1.4420005e+03		6.9587568e+02		5.5462445e+02		1.4125123e+02
3.0700000e+02		3.0800000e+02		3.0750000e+02		4.3847484e+02		5.1761596e+02		1.6156352e+03		7.7878753e+02		6.1793858e+02		1.6084895e+02
3.0800000e+02		3.0900000e+02		3.0850000e+02		4.3035211e+02		5.0754461e+02		1.5824097e+03		7.6190662e+02		6.0182698e+02		1.6007964e+02
3.0900000e+02		3.1000000e+02		3.0950000e+02		3.4901328e+02		4.1122246e+02		1.2806542e+03		6.1591331e+02		4.8430376e+02		1.3160955e+02
3.1000000e+02		3.1100000e+02		3.1050000e+02		4.3927411e+02		5.1707382e+02		1.6084931e+03		7.7269797e+02		6.0481322e+02		1.6788475e+02
3.1100000e+02		3.1200000e+02		3.1150000e+02		5.2246540e+02		6.1440428e+02		1.9091226e+03		9.1606287e+02		7.1373188e+02		2.0233098e+02
3.1200000e+02		3.1300000e+02		3.1250000e+02		4.6521908e+02		5.4655243e+02		1.6963904e+03		8.1304811e+02		6.3053555e+02		1.8251256e+02
3.1300000e+02		3.1400000e+02		3.1350000e+02		4.9544367e+02		5.8149269e+02		1.8028270e+03		8.6306149e+02		6.6619894e+02		1.9686255e+02
3.1400000e+02		3.1500000e+02		3.1450000e+02		4.6729179e+02		5.4791352e+02		1.6968333e+03		8.1137648e+02		6.2336005e+02		1.8801643e+02
3.1500000e+02		3.1600000e+02		3.1550000e+02		4.5343123e+02		5.3113826e+02		1.6430609e+03		7.8474924e+02		6.0005002e+02		1.8469922e+02
3.1600000e+02		3.1700000e+02		3.1650000e+02		4.4229406e+02		5.1758075e+02		1.5993545e+03		7.6298238e+02		5.8062648e+02		1.8235590e+02
3.1700000e+02		3.1800000e+02		3.1750000e+02		5.6102832e+02		6.5587545e+02		2.0244646e+03		9.6465304e+02		7.3057563e+02		2.3407741e+02
3.1800000e+02		3.1900000e+02		3.1850000e+02		4.6340678e+02		5.4121203e+02		1.6687073e+03		7.9420208e+02		5.9858089e+02		1.9562119e+02
3.1900000e+02		3.2000000e+02		3.1950000e+02		4.9774832e+02		5.8074083e+02		1.7886310e+03		8.5027682e+02		6.3772901e+02		2.1254781e+02
3.2000000e+02		3.2100000e+02		3.2050000e+02		5.7184857e+02		6.6653089e+02		2.0506245e+03		9.7367357e+02		7.2670739e+02		2.4696618e+02
3.2100000e+02		3.2200000e+02		3.2150000e+02		4.8024660e+02		5.5920307e+02		1.7185601e+03		8.1503944e+02		6.0531535e+02		2.0972409e+02
3.2200000e+02		3.2300000e+02		3.2250000e+02		4.8228681e+02		5.6101711e+02		1.7222749e+03		8.1583466e+02		6.0290478e+02		2.1292987e+02
3.2300000e+02		3.2400000e+02		3.2350000e+02		4.6607071e+02		5.4161116e+02		1.6609137e+03		7.8583565e+02		5.7784134e+02		2.0799431e+02
3.2400000e+02		3.2500000e+02		3.2450000e+02		5.4882129e+02		6.3713512e+02		1.9517585e+03		9.2234837e+02		6.7482180e+02		2.4752657e+02
3.2500000e+02		3.2600000e+02		3.2550000e+02		6.3196128e+02		7.3291855e+02		2.2427832e+03		1.0586194e+03		7.7061643e+02		2.8800294e+02
3.2600000e+02		3.2700000e+02		3.2650000e+02		7.1301257e+02		8.2608941e+02		2.5252113e+03		1.1905108e+03		8.6223033e+02		3.2828050e+02
3.2700000e+02		3.2800000e+02		3.2750000e+02		6.8984049e+02		7.9844180e+02		2.4381200e+03		1.1480831e+03		8.2726024e+02		3.2082288e+02
3.2800000e+02		3.2900000e+02		3.2850000e+02		6.6596082e+02		7.7003094e+02		2.3488930e+03		1.1047493e+03		7.9195210e+02		3.1279718e+02
3.2900000e+02		3.3000000e+02		3.2950000e+02		7.7527139e+02		8.9552657e+02		2.7288452e+03		1.2819212e+03		9.1421961e+02		3.6770163e+02
3.3000000e+02		3.3100000e+02		3.3050000e+02		7.3029799e+02		8.4273390e+02		2.5653014e+03		1.2036565e+03		8.5395216e+02		3.4970439e+02
3.3100000e+02		3.3200000e+02		3.3150000e+02		6.9881652e+02		8.0560042e+02		2.4497249e+03		1.1480561e+03		8.1025877e+02		3.3779730e+02
3.3200000e+02		3.3300000e+02		3.3250000e+02		6.8562051e+02		7.8959991e+02		2.3985934e+03		1.1227523e+03		7.8824699e+02		3.3450530e+02
3.3300000e+02		3.3400000e+02		3.3350000e+02		6.5878216e+02		7.5793611e+02		2.3000447e+03		1.0753384e+03		7.5098184e+02		3.2435655e+02
3.3400000e+02		3.3500000e+02		3.3450000e+02		6.9405546e+02		7.9772504e+02		2.4183174e+03		1.1292856e+03		7.8448082e+02		3.4480483e+02
3.3500000e+02		3.3600000e+02		3.3550000e+02		6.8541663e+02		7.8701471e+02		2.3834256e+03		1.1116650e+03		7.6813071e+02		3.4353424e+02
3.3600000e+02		3.3700000e+02		3.3650000e+02		5.6469084e+02		6.4775249e+02		1.9596965e+03		9.1294196e+02		6.2744501e+02		2.8549695e+02
3.3700000e+02		3.3800000e+02		3.3750000e+02		5.9573781e+02		6.8269182e+02		2.0633255e+03		9.6007334e+02		6.5629173e+02		3.0378161e+02
3.3800000e+02		3.3900000e+02		3.3850000e+02		6.4448401e+02		7.3782607e+02		2.2277307e+03		1.0353378e+03		7.0392025e+02		3.3141752e+02
3.3900000e+02		3.4000000e+02		3.3950000e+02		6.7448220e+02		7.7141105e+02		2.3268188e+03		1.0801027e+03		7.3037239e+02		3.4973036e+02
3.4000000e+02		3.4100000e+02		3.4050000e+02		7.1196374e+02		8.1348215e+02		2.4512925e+03		1.1365310e+03		7.6434171e+02		3.7218926e+02
3.4100000e+02		3.4200000e+02		3.4150000e+02		6.4984945e+02		7.4178669e+02		2.2330525e+03		1.0341160e+03		6.9165868e+02		3.4245736e+02
3.4200000e+02		3.4300000e+02		3.4250000e+02		7.0477558e+02		8.0370130e+02		2.4170731e+03		1.1180081e+03		7.4365786e+02		3.7435024e+02
3.4300000e+02		3.4400000e+02		3.4350000e+02		6.9264465e+02		7.8910231e+02		2.3708609e+03		1.0953344e+03		7.2455301e+02		3.7078144e+02
3.4400000e+02		3.4500000e+02		3.4450000e+02		5.5710877e+02		6.3407900e+02		1.9032517e+03		8.7826008e+02		5.7773864e+02		3.0052144e+02
3.4500000e+02		3.4600000e+02		3.4550000e+02		6.7138909e+02		7.6341341e+02		2.2892603e+03		1.0551378e+03		6.9022721e+02		3.6491055e+02
3.4600000e+02		3.4700000e+02		3.4650000e+02		6.5194093e+02		7.4058947e+02		2.2186967e+03		1.0214094e+03		6.6442707e+02		3.5698232e+02
3.4700000e+02		3.4800000e+02		3.4750000e+02		6.4525828e+02		7.3229883e+02		2.1917764e+03		1.0078293e+03		6.5191215e+02		3.5591718e+02
3.4800000e+02		3.4900000e+02		3.4850000e+02		6.6761091e+02		7.5694688e+02		2.2634103e+03		1.0395463e+03		6.6863748e+02		3.7090885e+02
3.4900000e+02		3.5000000e+02		3.4950000e+02		6.3989005e+02		7.2483032e+02		2.1653432e+03		9.9334045e+02		6.3530179e+02		3.5803866e+02
3.5000000e+02		3.5100000e+02		3.5050000e+02		7.6650484e+02		8.6743463e+02		2.5889409e+03		1.1862751e+03		7.5438476e+02		4.3189038e+02
3.5100000e+02		3.5200000e+02		3.5150000e+02		7.1211510e+02		8.0512774e+02		2.4007541e+03		1.0987630e+03		6.9474843e+02		4.0401455e+02
3.5200000e+02		3.5300000e+02		3.5250000e+02		6.5785102e+02		7.4308213e+02		2.2137050e+03		1.0119762e+03		6.3621018e+02		3.7576601e+02
3.5300000e+02		3.5400000e+02		3.5350000e+02		7.5263834e+02		8.4936085e+02		2.5280039e+03		1.1543134e+03		7.2152537e+02		4.3278798e+02
3.5400000e+02		3.5500000e+02		3.5450000e+02		8.0329241e+02		9.0568714e+02		2.6932013e+03		1.2283199e+03		7.6335734e+02		4.6496257e+02
3.5500000e+02		3.5600000e+02		3.5550000e+02		7.5433512e+02		8.4970768e+02		2.5244561e+03		1.1500282e+03		7.1056605e+02		4.3946217e+02
3.5600000e+02		3.5700000e+02		3.5650000e+02		6.5576441e+02		7.3799905e+02		2.1906060e+03		9.9679152e+02		6.1230956e+02		3.8448197e+02
3.5700000e+02		3.5800000e+02		3.5750000e+02		5.7307986e+02		6.4435909e+02		1.9109494e+03		8.6854038e+02		5.3041862e+02		3.3812176e+02
3.5800000e+02		3.5900000e+02		3.5850000e+02		4.9194729e+02		5.5263498e+02		1.6374758e+03		7.4339211e+02		4.5133620e+02		2.9205591e+02
3.5900000e+02		3.6000000e+02		3.5950000e+02		7.1030971e+02		7.9721728e+02		2.3601037e+03		1.0702317e+03		6.4595917e+02		4.2427257e+02
3.6000000e+02		3.6100000e+02		3.6050000e+02		7.0092701e+02		7.8598287e+02		2.3248122e+03		1.0530278e+03		6.3183513e+02		4.2119269e+02
3.6100000e+02		3.6200000e+02		3.6150000e+02		6.5110481e+02		7.2946547e+02		2.1557705e+03		9.7535173e+02		5.8177313e+02		3.9357860e+02
3.6200000e+02		3.6300000e+02		3.6250000e+02		7.3500056e+02		8.2272992e+02		2.4292969e+03		1.0978619e+03		6.5096928e+02		4.4689263e+02
3.6300000e+02		3.6400000e+02		3.6350000e+02		7.1558904e+02		8.0029730e+02		2.3610368e+03		1.0658102e+03		6.2821031e+02		4.3759991e+02
3.6400000e+02		3.6500000e+02		3.6450000e+02		7.4837927e+02		8.3623769e+02		2.4649708e+03		1.1114773e+03		6.5122388e+02		4.6025341e+02
3.6500000e+02		3.6600000e+02		3.6550000e+02		8.5179486e+02		9.5096740e+02		2.8007921e+03		1.2614878e+03		7.3469926e+02		5.2678859e+02
3.6600000e+02		3.6700000e+02		3.6650000e+02		9.1042532e+02		1.0155466e+03		2.9884837e+03		1.3445229e+03		7.7836608e+02		5.6615678e+02
3.6700000e+02		3.6800000e+02		3.6750000e+02		8.7909512e+02		9.7975771e+02		2.8807662e+03		1.2946197e+03		7.4497136e+02		5.4964830e+02
3.6800000e+02		3.6900000e+02		3.6850000e+02		8.1047729e+02		9.0251260e+02		2.6514501e+03		1.1902449e+03		6.8078184e+02		5.0946302e+02
3.6900000e+02		3.7000000e+02		3.6950000e+02		8.9967825e+02		1.0009944e+03		2.9383614e+03		1.3175848e+03		7.4906108e+02		5.6852374e+02
3.7000000e+02		3.7100000e+02		3.7050000e+02		8.4427990e+02		9.3856690e+02		2.7528641e+03		1.2330495e+03		6.9675322e+02		5.3629624e+02
3.7100000e+02		3.7200000e+02		3.7150000e+02		8.7164560e+02		9.6817856e+02		2.8374191e+03		1.2695314e+03		7.1300851e+02		5.5652291e+02
3.7200000e+02		3.7300000e+02		3.7250000e+02		7.2411383e+02		8.0363990e+02		2.3533176e+03		1.0517842e+03		5.8711577e+02		4.6466846e+02
3.7300000e+02		3.7400000e+02		3.7350000e+02		6.3155746e+02		7.0034020e+02		2.0491873e+03		9.1486255e+02		5.0756532e+02		4.0729722e+02
3.7400000e+02		3.7500000e+02		3.7450000e+02		6.4642322e+02		7.1623754e+02		2.0940437e+03		9.3387766e+02		5.1494204e+02		4.1893561e+02
3.7500000e+02		3.7600000e+02		3.7550000e+02		7.4036161e+02		8.1965367e+02		2.3945154e+03		1.0667285e+03		5.8458537e+02		4.8214315e+02
3.7600000e+02		3.7700000e+02		3.7650000e+02		7.6758018e+02		8.4910039e+02		2.4786054e+03		1.1030055e+03		6.0074600e+02		5.0225952e+02
3.7700000e+02		3.7800000e+02		3.7750000e+02		9.0048278e+02		9.9531814e+02		2.9031793e+03		1.2905660e+03		6.9856399e+02		5.9200203e+02
3.7800000e+02		3.7900000e+02		3.7850000e+02		9.3786543e+02		1.0358114e+03		3.0189695e+03		1.3406123e+03		7.2116667e+02		6.1944563e+02
3.7900000e+02		3.8000000e+02		3.7950000e+02		7.6051322e+02		8.3927255e+02		2.4442726e+03		1.0842621e+03		5.7965161e+02		5.0461054e+02
3.8000000e+02		3.8100000e+02		3.8050000e+02		8.2814537e+02		9.1319045e+02		2.6575354e+03		1.1776222e+03		6.2565215e+02		5.5197002e+02
3.8100000e+02		3.8200000e+02		3.8150000e+02		7.4366886e+02		8.1939885e+02		2.3827945e+03		1.0547703e+03		5.5689471e+02		4.9787554e+02
3.8200000e+02		3.8300000e+02		3.8250000e+02		5.3336093e+02		5.8721937e+02		1.7063480e+03		7.5454543e+02		3.9589772e+02		3.5864771e+02
3.8300000e+02		3.8400000e+02		3.8350000e+02		4.7073026e+02		5.1786570e+02		1.5037057e+03		6.6424649e+02		3.4634068e+02		3.1790582e+02
3.8400000e+02		3.8500000e+02		3.8450000e+02		6.2969557e+02		6.9221972e+02		2.0084941e+03		8.8631438e+02		4.5923290e+02		4.2708148e+02
3.8500000e+02		3.8600000e+02		3.8550000e+02		6.6694888e+02		7.3261637e+02		2.1241567e+03		9.3638999e+02		4.8213356e+02		4.5425643e+02
3.8600000e+02		3.8700000e+02		3.8650000e+02		6.6977732e+02		7.3516985e+02		2.1300186e+03		9.3801279e+02		4.7993156e+02		4.5808123e+02
3.8700000e+02		3.8800000e+02		3.8750000e+02		6.6902499e+02		7.3379577e+02		2.1245116e+03		9.3463455e+02		4.7518965e+02		4.5944490e+02
3.8800000e+02		3.8900000e+02		3.8850000e+02		6.7841027e+02		7.4353827e+02		2.1511853e+03		9.4540986e+02		4.7763330e+02		4.6777656e+02
3.8900000e+02		3.9000000e+02		3.8950000e+02		8.1451188e+02		8.9204921e+02		2.5790295e+03		1.1322971e+03		5.6843270e+02		5.6386444e+02
3.9000000e+02		3.9100000e+02		3.9050000e+02		8.5560997e+02		9.3637569e+02		2.7052849e+03		1.1865366e+03		5.9188714e+02		5.9464948e+02
3.9100000e+02		3.9200000e+02		3.9150000e+02		9.2006232e+02		1.0061827e+03		2.9049422e+03		1.2728345e+03		6.3090481e+02		6.4192967e+02
3.9200000e+02		3.9300000e+02		3.9250000e+02		7.0614281e+02		7.7168470e+02		2.2263869e+03		9.7454891e+02		4.7998187e+02		4.9456704e+02
3.9300000e+02		3.9400000e+02		3.9350000e+02		4.3291589e+02		4.7276032e+02		1.3630264e+03		5.9604365e+02		2.9169150e+02		3.0435215e+02
3.9400000e+02		3.9500000e+02		3.9450000e+02		7.1565803e+02		7.8097222e+02		2.2501094e+03		9.8299330e+02		4.7798702e+02		5.0500628e+02
3.9500000e+02		3.9600000e+02		3.9550000e+02		8.7888136e+02		9.5841859e+02		2.7595002e+03		1.2043501e+03		5.8188015e+02		6.2246993e+02
3.9600000e+02		3.9700000e+02		3.9650000e+02		6.0712893e+02		6.6161178e+02		1.9036535e+03		8.3001875e+02		3.9845517e+02		4.3156358e+02
3.9700000e+02		3.9800000e+02		3.9750000e+02		6.8053003e+02		7.4108718e+02		2.1309132e+03		9.2820892e+02		4.4273481e+02		4.8547412e+02
3.9800000e+02		3.9900000e+02		3.9850000e+02		1.0480559e+03		1.1405348e+03		3.2773215e+03		1.4262030e+03		6.7589827e+02		7.5030472e+02
3.9900000e+02		4.0000000e+02		3.9950000e+02		1.1577145e+03		1.2590123e+03		3.6154043e+03		1.5718235e+03		7.4011911e+02		8.3170438e+02
4.0000000e+02		4.0100000e+02		4.0050000e+02		1.1939713e+03		1.2975652e+03		3.7237002e+03		1.6173669e+03		7.5665884e+02		8.6070803e+02
4.0100000e+02		4.0200000e+02		4.0150000e+02		1.2509583e+03		1.3585864e+03		3.8963115e+03		1.6907398e+03		7.8588325e+02		9.0485653e+02
4.0200000e+02		4.0300000e+02		4.0250000e+02		1.2664199e+03		1.3744649e+03		3.9393372e+03		1.7078033e+03		7.8868734e+02		9.1911601e+02
4.0300000e+02		4.0400000e+02		4.0350000e+02		1.2115903e+03		1.3140912e+03		3.7639199e+03		1.6302305e+03		7.4799363e+02		8.8223683e+02
4.0400000e+02		4.0500000e+02		4.0450000e+02		1.1914959e+03		1.2914523e+03		3.6967564e+03		1.5996528e+03		7.2921022e+02		8.7044257e+02
4.0500000e+02		4.0600000e+02		4.0550000e+02		1.1904731e+03		1.2895073e+03		3.6888931e+03		1.5947755e+03		7.2227240e+02		8.7250314e+02
4.0600000e+02		4.0700000e+02		4.0650000e+02		1.1388815e+03		1.2328308e+03		3.5245827e+03		1.5223417e+03		6.8499033e+02		8.3735141e+02
4.0700000e+02		4.0800000e+02		4.0750000e+02		1.1575323e+03		1.2522211e+03		3.5778278e+03		1.5439285e+03		6.9018701e+02		8.5374146e+02
4.0800000e+02		4.0900000e+02		4.0850000e+02		1.2307397e+03		1.3305750e+03		3.7993920e+03		1.6380513e+03		7.2749664e+02		9.1055464e+02
4.0900000e+02		4.1000000e+02		4.0950000e+02		1.2243097e+03		1.3227932e+03		3.7748977e+03		1.6260225e+03		7.1744829e+02		9.0857425e+02
4.1000000e+02		4.1100000e+02		4.1050000e+02		1.1216634e+03		1.2111362e+03		3.4541948e+03		1.4865466e+03		6.5162818e+02		8.3491845e+02
4.1100000e+02		4.1200000e+02		4.1150000e+02		1.3003372e+03		1.4031962e+03		3.9995857e+03		1.7197266e+03		7.4891897e+02		9.7080763e+02
4.1200000e+02		4.1300000e+02		4.1250000e+02		1.2760342e+03		1.3761283e+03		3.9201295e+03		1.6840689e+03		7.2859513e+02		9.5547374e+02
4.1300000e+02		4.1400000e+02		4.1350000e+02		1.2308584e+03		1.3266035e+03		3.7768487e+03		1.6210873e+03		6.9675611e+02		9.2433117e+02
4.1400000e+02		4.1500000e+02		4.1450000e+02		1.2488872e+03		1.3452248e+03		3.8276514e+03		1.6414547e+03		7.0088753e+02		9.4056722e+02
4.1500000e+02		4.1600000e+02		4.1550000e+02		1.2477523e+03		1.3432005e+03		3.8197019e+03		1.6366209e+03		6.9424006e+02		9.4238079e+02
4.1600000e+02		4.1700000e+02		4.1650000e+02		1.2947363e+03		1.3929539e+03		3.9589369e+03		1.6948123e+03		7.1420447e+02		9.8060779e+02
4.1700000e+02		4.1800000e+02		4.1750000e+02		1.1781342e+03		1.2667629e+03		3.5982586e+03		1.5390834e+03		6.4431731e+02		8.9476608e+02
4.1800000e+02		4.1900000e+02		4.1850000e+02		1.2217101e+03		1.3128527e+03		3.7270937e+03		1.5928291e+03		6.6243133e+02		9.3039777e+02
4.1900000e+02		4.2000000e+02		4.1950000e+02		1.2338424e+03		1.3251252e+03		3.7598501e+03		1.6054649e+03		6.6329081e+02		9.4217409e+02
4.2000000e+02		4.2100000e+02		4.2050000e+02		1.2494927e+03		1.3411658e+03		3.8032718e+03		1.6226371e+03		6.6596834e+02		9.5666881e+02
4.2100000e+02		4.2200000e+02		4.2150000e+02		1.2299982e+03		1.3194923e+03		3.7397711e+03		1.5942086e+03		6.4998588e+02		9.4422274e+02
4.2200000e+02		4.2300000e+02		4.2250000e+02		1.1657134e+03		1.2498269e+03		3.5404078e+03		1.5079670e+03		6.1076602e+02		8.9720099e+02
4.2300000e+02		4.2400000e+02		4.2350000e+02		1.2419943e+03		1.3308695e+03		3.7679585e+03		1.6035606e+03		6.4519414e+02		9.5836650e+02
4.2400000e+02		4.2500000e+02		4.2450000e+02		1.2850442e+03		1.3762388e+03		3.8943375e+03		1.6559831e+03		6.6188226e+02		9.9410087e+02
4.2500000e+02		4.2600000e+02		4.2550000e+02		1.2367256e+03		1.3237652e+03		3.7438796e+03		1.5907046e+03		6.3158537e+02		9.5911926e+02
4.2600000e+02		4.2700000e+02		4.2650000e+02		1.2316584e+03		1.3176250e+03		3.7245666e+03		1.5812156e+03		6.2366193e+02		9.5755362e+02
4.2700000e+02		4.2800000e+02		4.2750000e+02		1.1420512e+03		1.2211052e+03		3.4499430e+03		1.4634477e+03		5.7338859e+02		8.9005915e+02
4.2800000e+02		4.2900000e+02		4.2850000e+02		1.1495483e+03		1.2284647e+03		3.4689524e+03		1.4703336e+03		5.7226801e+02		8.9806564e+02
4.2900000e+02		4.3000000e+02		4.2950000e+02		1.0698649e+03		1.1427056e+03		3.2251410e+03		1.3659060e+03		5.2809772e+02		8.3780824e+02
4.3000000e+02		4.3100000e+02		4.3050000e+02		8.6065012e+02		9.1876402e+02		2.5917845e+03		1.0968009e+03		4.2123984e+02		6.7556108e+02
4.3100000e+02		4.3200000e+02		4.3150000e+02		1.0641754e+03		1.1354407e+03		3.2014135e+03		1.3537229e+03		5.1646139e+02		8.3726156e+02
4.3200000e+02		4.3300000e+02		4.3250000e+02		1.1990384e+03		1.2786750e+03		3.6034769e+03		1.5225485e+03		5.7701085e+02		9.4553761e+02
4.3300000e+02		4.3400000e+02		4.3350000e+02		1.3017454e+03		1.3874933e+03		3.9082159e+03		1.6500289e+03		6.2116593e+02		1.0288630e+03
4.3400000e+02		4.3500000e+02		4.3450000e+02		1.1054356e+03		1.1776548e+03		3.3155342e+03		1.3987253e+03		5.2305842e+02		8.7566684e+02
4.3500000e+02		4.3600000e+02		4.3550000e+02		1.2347447e+03		1.3147504e+03		3.6997171e+03		1.5596083e+03		5.7934009e+02		9.8026824e+02
4.3600000e+02		4.3700000e+02		4.3650000e+02		1.3814970e+03		1.4702784e+03		4.1353878e+03		1.7419418e+03		6.4276255e+02		1.0991793e+03
4.3700000e+02		4.3800000e+02		4.3750000e+02		1.2223713e+03		1.3002838e+03		3.6555104e+03		1.5386436e+03		5.6396547e+02		9.7467816e+02
4.3800000e+02		4.3900000e+02		4.3850000e+02		1.1905029e+03		1.2657639e+03		3.5567845e+03		1.4959683e+03		5.4466964e+02		9.5129869e+02
4.3900000e+02		4.4000000e+02		4.3950000e+02		1.3250738e+03		1.4081580e+03		3.9550590e+03		1.6622443e+03		6.0117475e+02		1.0610696e+03
4.4000000e+02		4.4100000e+02		4.4050000e+02		1.2562739e+03		1.3344016e+03		3.7461624e+03		1.5732862e+03		5.6520707e+02		1.0080792e+03
4.4100000e+02		4.4200000e+02		4.4150000e+02		1.3817384e+03		1.4669685e+03		4.1164323e+03		1.7275220e+03		6.1647618e+02		1.1110458e+03
4.4200000e+02		4.4300000e+02		4.4250000e+02		1.4526378e+03		1.5415117e+03		4.3236337e+03		1.8131559e+03		6.4271693e+02		1.1704389e+03
4.4300000e+02		4.4400000e+02		4.4350000e+02		1.4050936e+03		1.4903596e+03		4.1782718e+03		1.7509299e+03		6.1651587e+02		1.1344140e+03
4.4400000e+02		4.4500000e+02		4.4450000e+02		1.4475318e+03		1.5346595e+03		4.3005388e+03		1.8008724e+03		6.2986643e+02		1.1710060e+03
4.4500000e+02		4.4600000e+02		4.4550000e+02		1.3420773e+03		1.4222021e+03		3.9836304e+03		1.6669757e+03		5.7914053e+02		1.0878352e+03
4.4600000e+02		4.4700000e+02		4.4650000e+02		1.3689269e+03		1.4499922e+03		4.0596810e+03		1.6975965e+03		5.8583799e+02		1.1117585e+03
4.4700000e+02		4.4800000e+02		4.4750000e+02		1.4837056e+03		1.5708564e+03		4.3961540e+03		1.8370032e+03		6.2971009e+02		1.2072931e+03
4.4800000e+02		4.4900000e+02		4.4850000e+02		1.4587166e+03		1.5437066e+03		4.3183013e+03		1.8032110e+03		6.1399419e+02		1.1892169e+03
4.4900000e+02		4.5000000e+02		4.4950000e+02		1.4737837e+03		1.5589578e+03		4.3590909e+03		1.8189815e+03		6.1522267e+02		1.2037588e+03
4.5000000e+02		4.5100000e+02		4.5050000e+02		1.5636828e+03		1.6533231e+03		4.6209821e+03		1.9269368e+03		6.4737709e+02		1.2795597e+03
4.5100000e+02		4.5200000e+02		4.5150000e+02		1.5589734e+03		1.6476233e+03		4.6031067e+03		1.9181704e+03		6.4012134e+02		1.2780490e+03
4.5200000e+02		4.5300000e+02		4.5250000e+02		1.4757889e+03		1.5590328e+03		4.3537804e+03		1.8130413e+03		6.0099055e+02		1.2120508e+03
4.5300000e+02		4.5400000e+02		4.5350000e+02		1.4141855e+03		1.4933130e+03		4.1685192e+03		1.7347229e+03		5.7118194e+02		1.1635410e+03
4.5400000e+02		4.5500000e+02		4.5450000e+02		1.5096596e+03		1.5934506e+03		4.4462183e+03		1.8490485e+03		6.0475116e+02		1.2442974e+03
4.5500000e+02		4.5600000e+02		4.5550000e+02		1.4952815e+03		1.5776085e+03		4.4002179e+03		1.8287022e+03		5.9409394e+02		1.2346082e+03
4.5600000e+02		4.5700000e+02		4.5650000e+02		1.5527317e+03		1.6375367e+03		4.5655199e+03		1.8961486e+03		6.1188248e+02		1.2842662e+03
4.5700000e+02		4.5800000e+02		4.5750000e+02		1.5677329e+03		1.6526718e+03		4.6058691e+03		1.9116532e+03		6.1275664e+02		1.2988966e+03
4.5800000e+02		4.5900000e+02		4.5850000e+02		1.4734199e+03		1.5526107e+03		4.3252859e+03		1.7940302e+03		5.7120473e+02		1.2228255e+03
4.5900000e+02		4.6000000e+02		4.5950000e+02		1.5222067e+03		1.6033662e+03		4.4649205e+03		1.8507515e+03		5.8531974e+02		1.2654317e+03
4.6000000e+02		4.6100000e+02		4.6050000e+02		1.5039223e+03		1.5834674e+03		4.4077844e+03		1.8258965e+03		5.7359346e+02		1.2523031e+03
4.6100000e+02		4.6200000e+02		4.6150000e+02		1.5386000e+03		1.6193310e+03		4.5058684e+03		1.8653390e+03		5.8206135e+02		1.2832777e+03
4.6200000e+02		4.6300000e+02		4.6250000e+02		1.5538294e+03		1.6347107e+03		4.5469158e+03		1.8811422e+03		5.8306316e+02		1.2980791e+03
4.6300000e+02		4.6400000e+02		4.6350000e+02		1.5018384e+03		1.5793922e+03		4.3913750e+03		1.8156523e+03		5.5899730e+02		1.2566550e+03
4.6400000e+02		4.6500000e+02		4.6450000e+02		1.5281564e+03		1.6064429e+03		4.4649005e+03		1.8449022e+03		5.6420063e+02		1.2807015e+03
4.6500000e+02		4.6600000e+02		4.6550000e+02		1.4760608e+03		1.5510791e+03		4.3094097e+03		1.7795521e+03		5.4057292e+02		1.2389792e+03
4.6600000e+02		4.6700000e+02		4.6650000e+02		1.4854121e+03		1.5603079e+03		4.3334413e+03		1.7883773e+03		5.3961785e+02		1.2487594e+03
4.6700000e+02		4.6800000e+02		4.6750000e+02		1.4997486e+03		1.5747694e+03		4.3719954e+03		1.8031887e+03		5.4044583e+02		1.2627428e+03
4.6800000e+02		4.6900000e+02		4.6850000e+02		1.4665907e+03		1.5393735e+03		4.2721672e+03		1.7609494e+03		5.2425433e+02		1.2366951e+03
4.6900000e+02		4.7000000e+02		4.6950000e+02		1.5086728e+03		1.5829535e+03		4.3915240e+03		1.8090601e+03		5.3497393e+02		1.2740861e+03
4.7000000e+02		4.7100000e+02		4.7050000e+02		1.4256243e+03		1.4952631e+03		4.1467604e+03		1.7072128e+03		5.0147832e+02		1.2057345e+03
4.7100000e+02		4.7200000e+02		4.7150000e+02		1.4904926e+03		1.5627273e+03		4.3323154e+03		1.7825498e+03		5.2010555e+02		1.2624443e+03
4.7200000e+02		4.7300000e+02		4.7250000e+02		1.5269264e+03		1.6003454e+03		4.4350392e+03		1.8237438e+03		5.2856625e+02		1.2951776e+03
4.7300000e+02		4.7400000e+02		4.7350000e+02		1.4995420e+03		1.5710786e+03		4.3524100e+03		1.7887219e+03		5.1494957e+02		1.2737723e+03
4.7400000e+02		4.7500000e+02		4.7450000e+02		1.5448084e+03		1.6179269e+03		4.4806423e+03		1.8403558e+03		5.2627230e+02		1.3140835e+03
4.7500000e+02		4.7600000e+02		4.7550000e+02		1.5413846e+03		1.6137701e+03		4.4675951e+03		1.8339423e+03		5.2093294e+02		1.3130093e+03
4.7600000e+02		4.7700000e+02		4.7650000e+02		1.4853490e+03		1.5545578e+03		4.3022046e+03		1.7650422e+03		4.9801145e+02		1.2670308e+03
4.7700000e+02		4.7800000e+02		4.7750000e+02		1.5508368e+03		1.6225330e+03		4.4888078e+03		1.8405561e+03		5.1584832e+02		1.3247078e+03
4.7800000e+02		4.7900000e+02		4.7850000e+02		1.5358791e+03		1.6063303e+03		4.4424944e+03		1.8205422e+03		5.0683099e+02		1.3137112e+03
4.7900000e+02		4.8000000e+02		4.7950000e+02		1.5403519e+03		1.6104582e+03		4.4524321e+03		1.8235967e+03		5.0429121e+02		1.3193055e+03
4.8000000e+02		4.8100000e+02		4.8050000e+02		1.5442750e+03		1.6140134e+03		4.4607926e+03		1.8260091e+03		5.0158728e+02		1.3244219e+03
4.8100000e+02		4.8200000e+02		4.8150000e+02		1.5475498e+03		1.6168935e+03		4.4672943e+03		1.8276654e+03		4.9869158e+02		1.3289738e+03
4.8200000e+02		4.8300000e+02		4.8250000e+02		1.5416562e+03		1.6102002e+03		4.4473622e+03		1.8185179e+03		4.9288498e+02		1.3256329e+03
4.8300000e+02		4.8400000e+02		4.8350000e+02		1.5183412e+03		1.5853259e+03		4.3772550e+03		1.7888818e+03		4.8161853e+02		1.3072633e+03
4.8400000e+02		4.8500000e+02		4.8450000e+02		1.4920771e+03		1.5573941e+03		4.2987647e+03		1.7558603e+03		4.6957607e+02		1.2862842e+03
4.8500000e+02		4.8600000e+02		4.8550000e+02		1.4021236e+03		1.4630288e+03		4.0370216e+03		1.6480696e+03		4.3781132e+02		1.2102583e+03
4.8600000e+02		4.8700000e+02		4.8650000e+02		1.2173217e+03		1.2697917e+03		3.5027158e+03		1.4291879e+03		3.7713528e+02		1.0520526e+03
4.8700000e+02		4.8800000e+02		4.8750000e+02		1.3927585e+03		1.4523281e+03		4.0049999e+03		1.6332722e+03		4.2811836e+02		1.2051538e+03
4.8800000e+02		4.8900000e+02		4.8850000e+02		1.4651201e+03		1.5273027e+03		4.2104587e+03		1.7161641e+03		4.4685088e+02		1.2693132e+03
4.8900000e+02		4.9000000e+02		4.8950000e+02		1.4372192e+03		1.4977492e+03		4.1277277e+03		1.6815720e+03		4.3492952e+02		1.2466425e+03
4.9000000e+02		4.9100000e+02		4.9050000e+02		1.5307557e+03		1.5947306e+03		4.3936764e+03		1.7889953e+03		4.5963528e+02		1.3293601e+03
4.9100000e+02		4.9200000e+02		4.9150000e+02		1.4425606e+03		1.5023878e+03		4.1380210e+03		1.6840393e+03		4.2979193e+02		1.2542473e+03
4.9200000e+02		4.9300000e+02		4.9250000e+02		1.3729411e+03		1.4294455e+03		3.9359471e+03		1.6009907e+03		4.0588026e+02		1.1951104e+03
4.9300000e+02		4.9400000e+02		4.9350000e+02		1.4509629e+03		1.5102223e+03		4.1571397e+03		1.6901135e+03		4.2562711e+02		1.2644864e+03
4.9400000e+02		4.9500000e+02		4.9450000e+02		1.4929449e+03		1.5534538e+03		4.2748935e+03		1.7371201e+03		4.3455908e+02		1.3025610e+03
4.9500000e+02		4.9600000e+02		4.9550000e+02		1.4663156e+03		1.5252926e+03		4.1961827e+03		1.7042915e+03		4.2351588e+02		1.2807756e+03
4.9600000e+02		4.9700000e+02		4.9650000e+02		1.4846220e+03		1.5438812e+03		4.2461021e+03		1.7237190e+03		4.2550086e+02		1.2982181e+03
4.9700000e+02		4.9800000e+02		4.9750000e+02		1.5123203e+03		1.5722266e+03		4.3228294e+03		1.7540109e+03		4.3010624e+02		1.3239046e+03
4.9800000e+02		4.9900000e+02		4.9850000e+02		1.3744029e+03		1.4284331e+03		3.9263617e+03		1.5923709e+03		3.8788104e+02		1.2044898e+03
4.9900000e+02		5.0000000e+02		4.9950000e+02		1.4721832e+03		1.5296190e+03		4.2033171e+03		1.7038737e+03		4.1229113e+02		1.2915826e+03
