Left Bin Edge (nm)	Right Bin Edge (nm)	Bin Center (nm)		Top of Atm Intensity (erg/s/nm/cm2)		Total Surface Flux (erg/s/nm/cm2)		Total Intensity at BOA (erg/s/nm/cm2)		Total Surface Intensity (erg/s/nm/cm2)		Total Surface Diffuse Intensity (erg/s/nm/cm2)		Total Surface Direct Intensity (erg/s/nm/cm2)
1.0000000e+02		1.0100000e+02		1.0050000e+02		4.4569042e-02		2.4525374e-199		0.0000000e+00		4.2479194e-199		4.2479194e-199		0.0000000e+00
1.0100000e+02		1.0200000e+02		1.0150000e+02		1.7387199e-01		2.8780738e-197		0.0000000e+00		4.9849701e-197		4.9849701e-197		0.0000000e+00
1.0200000e+02		1.0300000e+02		1.0250000e+02		9.2286085e-01		3.0760917e-195		0.0000000e+00		5.3279471e-195		5.3279471e-195		0.0000000e+00
1.0300000e+02		1.0400000e+02		1.0350000e+02		7.0094286e-01		3.0025219e-193		0.0000000e+00		5.2005205e-193		5.2005205e-193		0.0000000e+00
1.0400000e+02		1.0500000e+02		1.0450000e+02		1.4124828e-01		2.6834655e-191		0.0000000e+00		4.6478986e-191		4.6478986e-191		0.0000000e+00
1.0500000e+02		1.0600000e+02		1.0550000e+02		4.8389941e-02		2.2015022e-189		0.0000000e+00		3.8131136e-189		3.8131136e-189		0.0000000e+00
1.0600000e+02		1.0700000e+02		1.0650000e+02		4.5487167e-02		1.6618998e-187		0.0000000e+00		2.8784949e-187		2.8784949e-187		0.0000000e+00
1.0700000e+02		1.0800000e+02		1.0750000e+02		5.0757295e-02		1.1570800e-185		0.0000000e+00		2.0041213e-185		2.0041213e-185		0.0000000e+00
1.0800000e+02		1.0900000e+02		1.0850000e+02		7.1152114e-02		7.4467295e-184		0.0000000e+00		1.2898114e-183		1.2898114e-183		0.0000000e+00
1.0900000e+02		1.1000000e+02		1.0950000e+02		5.5817450e-02		4.4396956e-182		0.0000000e+00		7.6897783e-182		7.6897783e-182		0.0000000e+00
1.1000000e+02		1.1100000e+02		1.1050000e+02		5.4043772e-02		2.4571283e-180		0.0000000e+00		4.2558711e-180		4.2558711e-180		0.0000000e+00
1.1100000e+02		1.1200000e+02		1.1150000e+02		5.0797691e-02		1.2649120e-178		0.0000000e+00		2.1908918e-178		2.1908918e-178		0.0000000e+00
1.1200000e+02		1.1300000e+02		1.1250000e+02		5.1969037e-02		6.0686295e-177		0.0000000e+00		1.0511175e-176		1.0511175e-176		0.0000000e+00
1.1300000e+02		1.1400000e+02		1.1350000e+02		4.1221387e-02		2.7184993e-175		0.0000000e+00		4.7085789e-175		4.7085789e-175		0.0000000e+00
1.1400000e+02		1.1500000e+02		1.1450000e+02		3.1562600e-02		1.1390904e-173		0.0000000e+00		1.9729624e-173		1.9729624e-173		0.0000000e+00
1.1500000e+02		1.1600000e+02		1.1550000e+02		4.3552050e-02		4.4723150e-172		0.0000000e+00		7.7462768e-172		7.7462768e-172		0.0000000e+00
1.1600000e+02		1.1700000e+02		1.1650000e+02		1.0143732e-01		1.6480897e-170		0.0000000e+00		2.8545750e-170		2.8545750e-170		0.0000000e+00
1.1700000e+02		1.1800000e+02		1.1750000e+02		3.6108525e-01		5.7096264e-169		0.0000000e+00		9.8893631e-169		9.8893631e-169		0.0000000e+00
1.1800000e+02		1.1900000e+02		1.1850000e+02		1.2283927e-01		1.8624875e-167		0.0000000e+00		3.2259229e-167		3.2259229e-167		0.0000000e+00
1.1900000e+02		1.2000000e+02		1.1950000e+02		1.7115732e-01		5.7292188e-166		0.0000000e+00		9.9232981e-166		9.9232981e-166		0.0000000e+00
1.2000000e+02		1.2100000e+02		1.2050000e+02		9.3056497e-01		1.6643686e-164		0.0000000e+00		2.8827711e-164		2.8827711e-164		0.0000000e+00
1.2100000e+02		1.2200000e+02		1.2150000e+02		3.6941242e+01		4.5726765e-163		0.0000000e+00		7.9201081e-163		7.9201081e-163		0.0000000e+00
1.2200000e+02		1.2300000e+02		1.2250000e+02		2.4773856e-01		1.1897424e-161		0.0000000e+00		2.0606943e-161		2.0606943e-161		0.0000000e+00
1.2300000e+02		1.2400000e+02		1.2350000e+02		1.3344721e-01		2.9354340e-160		3.4363016e-161		5.0843209e-160		5.0843209e-160		0.0000000e+00
1.2400000e+02		1.2500000e+02		1.2450000e+02		1.0726631e-01		6.8767852e-159		8.2729635e-160		1.1910941e-158		1.1910941e-158		0.0000000e+00
1.2500000e+02		1.2600000e+02		1.2550000e+02		1.0471361e-01		1.5315510e-157		1.8924193e-158		2.6527241e-157		2.6527241e-157		0.0000000e+00
1.2600000e+02		1.2700000e+02		1.2650000e+02		1.4644878e-01		3.2466273e-156		4.1185646e-157		5.6233235e-156		5.6233235e-156		0.0000000e+00
1.2700000e+02		1.2800000e+02		1.2750000e+02		7.6659940e-02		6.5583418e-155		8.5380237e-156		1.1359381e-154		1.1359381e-154		0.0000000e+00
1.2800000e+02		1.2900000e+02		1.2850000e+02		6.1165494e-02		1.2638810e-153		1.6878968e-154		2.1891061e-153		2.1891061e-153		0.0000000e+00
1.2900000e+02		1.3000000e+02		1.2950000e+02		8.1594975e-02		2.3261816e-152		3.1855928e-153		4.0290647e-152		4.0290647e-152		0.0000000e+00
1.3000000e+02		1.3100000e+02		1.3050000e+02		6.7007791e-01		4.0932335e-151		5.7458549e-152		7.0896884e-151		7.0896884e-151		0.0000000e+00
1.3100000e+02		1.3200000e+02		1.3150000e+02		9.0731094e-02		6.8932022e-150		9.9150852e-151		1.1939376e-149		1.1939376e-149		0.0000000e+00
1.3200000e+02		1.3300000e+02		1.3250000e+02		7.0547730e-02		1.1120896e-148		1.6385270e-149		1.9261957e-148		1.9261957e-148		0.0000000e+00
1.3300000e+02		1.3400000e+02		1.3350000e+02		9.5357088e-01		1.7204520e-147		2.5956324e-148		2.9799102e-147		2.9799102e-147		0.0000000e+00
1.3400000e+02		1.3500000e+02		1.3450000e+02		6.5246966e-02		2.5546802e-146		3.9452708e-147		4.4248359e-146		4.4248359e-146		0.0000000e+00
1.3500000e+02		1.3600000e+02		1.3550000e+02		1.3692679e-01		3.6443234e-145		5.7590961e-146		6.3121533e-145		6.3121533e-145		0.0000000e+00
1.3600000e+02		1.3700000e+02		1.3650000e+02		8.9861989e-02		4.9988168e-144		8.0809870e-145		8.6582047e-144		8.6582047e-144		0.0000000e+00
1.3700000e+02		1.3800000e+02		1.3750000e+02		9.2282630e-02		6.5987223e-143		1.0909009e-143		1.1429322e-142		1.1429322e-142		0.0000000e+00
1.3800000e+02		1.3900000e+02		1.3850000e+02		9.4180145e-02		8.3898956e-142		1.4179786e-142		1.4531725e-141		1.4531725e-141		0.0000000e+00
1.3900000e+02		1.4000000e+02		1.3950000e+02		3.1801144e-01		1.0282735e-140		1.7761045e-141		1.7810219e-140		1.7810219e-140		0.0000000e+00
1.4000000e+02		1.4100000e+02		1.4050000e+02		2.7729440e-01		1.2157861e-139		2.1455691e-140		2.1058033e-139		2.1058033e-139		0.0000000e+00
1.4100000e+02		1.4200000e+02		1.4150000e+02		1.3359910e-01		1.3878217e-138		2.5016713e-139		2.4037777e-138		2.4037777e-138		0.0000000e+00
1.4200000e+02		1.4300000e+02		1.4250000e+02		1.4479671e-01		1.5305952e-137		2.8174957e-138		2.6510687e-137		2.6510687e-137		0.0000000e+00
1.4300000e+02		1.4400000e+02		1.4350000e+02		1.6064305e-01		1.6321132e-136		3.0673837e-137		2.8269030e-136		2.8269030e-136		0.0000000e+00
1.4400000e+02		1.4500000e+02		1.4450000e+02		1.5363637e-01		1.6838670e-135		3.2305046e-136		2.9165432e-135		2.9165432e-135		0.0000000e+00
1.4500000e+02		1.4600000e+02		1.4550000e+02		1.6382583e-01		1.6820098e-134		3.2938519e-135		2.9133264e-134		2.9133264e-134		0.0000000e+00
1.4600000e+02		1.4700000e+02		1.4650000e+02		1.9977093e-01		1.6278035e-133		3.2527487e-134		2.8194384e-133		2.8194384e-133		0.0000000e+00
1.4700000e+02		1.4800000e+02		1.4750000e+02		2.4643334e-01		1.5272486e-132		3.1124942e-133		2.6452721e-132		2.6452721e-132		0.0000000e+00
1.4800000e+02		1.4900000e+02		1.4850000e+02		2.4167300e-01		1.3900244e-131		2.8886846e-132		2.4075929e-131		2.4075929e-131		0.0000000e+00
1.4900000e+02		1.5000000e+02		1.4950000e+02		2.1832777e-01		1.2280192e-130		2.6020193e-131		2.1269917e-130		2.1269917e-130		0.0000000e+00
1.5000000e+02		1.5100000e+02		1.5050000e+02		2.4023073e-01		1.0536969e-129		2.2763020e-130		1.8250565e-129		1.8250565e-129		0.0000000e+00
1.5100000e+02		1.5200000e+02		1.5150000e+02		2.5258505e-01		8.7862681e-129		1.9353783e-129		1.5218263e-128		1.5218263e-128		0.0000000e+00
1.5200000e+02		1.5300000e+02		1.5250000e+02		3.2229547e-01		7.1238395e-128		1.6005729e-128		1.2338852e-127		1.2338852e-127		0.0000000e+00
1.5300000e+02		1.5400000e+02		1.5350000e+02		3.5701286e-01		5.6192431e-127		1.2890303e-127		9.7328145e-127		9.7328145e-127		0.0000000e+00
1.5400000e+02		1.5500000e+02		1.5450000e+02		9.5486931e-01		4.3143023e-126		1.0134331e-126		7.4725907e-126		7.4725907e-126		0.0000000e+00
1.5500000e+02		1.5600000e+02		1.5550000e+02		7.8587524e-01		3.2259942e-125		7.7570045e-126		5.5875859e-125		5.5875859e-125		0.0000000e+00
1.5600000e+02		1.5700000e+02		1.5650000e+02		4.6648084e-01		2.3508112e-124		5.7454758e-125		4.0717245e-124		4.0717245e-124		0.0000000e+00
1.5700000e+02		1.5800000e+02		1.5750000e+02		4.2309893e-01		1.6700549e-123		4.1480121e-124		2.8926200e-123		2.8926200e-123		0.0000000e+00
1.5800000e+02		1.5900000e+02		1.5850000e+02		3.9008072e-01		1.1572098e-122		2.9204274e-123		2.0043462e-122		2.0043462e-122		0.0000000e+00
1.5900000e+02		1.6000000e+02		1.5950000e+02		3.8042347e-01		7.8246718e-122		2.0060896e-122		1.3552729e-121		1.3552729e-121		0.0000000e+00
1.6000000e+02		1.6100000e+02		1.6050000e+02		4.1635449e-01		5.1652574e-121		1.3450911e-121		8.9464882e-121		8.9464882e-121		0.0000000e+00
1.6100000e+02		1.6200000e+02		1.6150000e+02		4.7164413e-01		3.3303039e-120		8.8073587e-121		5.7682555e-120		5.7682555e-120		0.0000000e+00
1.6200000e+02		1.6300000e+02		1.6250000e+02		5.2241459e-01		2.0981246e-119		5.6340739e-120		3.6340584e-119		3.6340584e-119		0.0000000e+00
1.6300000e+02		1.6400000e+02		1.6350000e+02		1.1072121e+00		1.2921680e-118		3.5226375e-119		2.2381007e-118		2.2381007e-118		0.0000000e+00
1.6400000e+02		1.6500000e+02		1.6450000e+02		1.1323318e+00		7.7826473e-118		2.1535903e-118		1.3479941e-117		1.3479941e-117		0.0000000e+00
1.6500000e+02		1.6600000e+02		1.6550000e+02		1.3255566e+00		4.5838791e-117		1.3090758e-117		7.9395115e-117		7.9395115e-117		0.0000000e+00
1.6600000e+02		1.6700000e+02		1.6650000e+02		6.2522883e-01		5.0001159e-01		1.7562781e+00		8.6604544e-01		8.6604539e-01		4.9420226e-08
1.6700000e+02		1.6800000e+02		1.6750000e+02		6.6723830e-01		5.4003666e-01		1.8948108e+00		9.3537087e-01		9.3537078e-01		8.4352181e-08
1.6800000e+02		1.6900000e+02		1.6850000e+02		7.1904320e-01		5.8880421e-01		2.0637586e+00		1.0198387e+00		1.0198386e+00		1.4294828e-07
1.6900000e+02		1.7000000e+02		1.6950000e+02		9.0554889e-01		7.5002712e-01		2.6261870e+00		1.2990849e+00		1.2990846e+00		2.7856056e-07
1.7000000e+02		1.7100000e+02		1.7050000e+02		1.0161854e+00		8.5107071e-01		2.9770746e+00		1.4740974e+00		1.4740969e+00		4.7625538e-07
1.7100000e+02		1.7200000e+02		1.7150000e+02		1.0130704e+00		8.5771175e-01		2.9974707e+00		1.4855998e+00		1.4855991e+00		7.1273271e-07
1.7200000e+02		1.7300000e+02		1.7250000e+02		1.0571150e+00		9.0451819e-01		3.1581588e+00		1.5666707e+00		1.5666696e+00		1.1006817e-06
1.7300000e+02		1.7400000e+02		1.7350000e+02		1.0479596e+00		9.0598301e-01		3.1604783e+00		1.5692074e+00		1.5692058e+00		1.5930410e-06
1.7400000e+02		1.7500000e+02		1.7450000e+02		1.2530722e+00		1.0942635e+00		3.8140227e+00		1.8953180e+00		1.8953153e+00		2.7449697e-06
1.7500000e+02		1.7600000e+02		1.7550000e+02		1.4954862e+00		1.3188370e+00		4.5929642e+00		2.2842893e+00		2.2842846e+00		4.6622201e-06
1.7600000e+02		1.7700000e+02		1.7650000e+02		1.6135596e+00		1.4366528e+00		4.9992615e+00		2.4883505e+00		2.4883435e+00		7.0735385e-06
1.7700000e+02		1.7800000e+02		1.7750000e+02		1.9010195e+00		1.7084777e+00		5.9405473e+00		2.9591617e+00		2.9591501e+00		1.1584681e-05
1.7800000e+02		1.7900000e+02		1.7850000e+02		2.0776624e+00		1.8843171e+00		6.5470373e+00		3.2637202e+00		3.2637028e+00		1.7407032e-05
1.7900000e+02		1.8000000e+02		1.7950000e+02		2.0198657e+00		1.8482494e+00		6.4170469e+00		3.2012451e+00		3.2012220e+00		2.3020960e-05
1.8000000e+02		1.8100000e+02		1.8050000e+02		2.4976225e+00		2.3053092e+00		7.9982931e+00		3.9928847e+00		3.9928463e+00		3.8331992e-05
1.8100000e+02		1.8200000e+02		1.8150000e+02		3.0410490e+00		2.8307251e+00		9.8145088e+00		4.9029142e+00		4.9028520e+00		6.2237078e-05
1.8200000e+02		1.8300000e+02		1.8250000e+02		2.8073836e+00		2.6348617e+00		9.1293585e+00		4.5636587e+00		4.5635828e+00		7.5900252e-05
1.8300000e+02		1.8400000e+02		1.8350000e+02		2.9562417e+00		2.7969835e+00		9.6848373e+00		4.8444409e+00		4.8443362e+00		1.0463595e-04
1.8400000e+02		1.8500000e+02		1.8450000e+02		2.5409769e+00		2.4230305e+00		8.3847343e+00		4.1967265e+00		4.1966098e+00		1.1672857e-04
1.8500000e+02		1.8600000e+02		1.8550000e+02		2.8735562e+00		2.7612294e+00		9.5492333e+00		4.7824653e+00		4.7822954e+00		1.6990761e-04
1.8600000e+02		1.8700000e+02		1.8650000e+02		3.2604304e+00		3.1564641e+00		1.0909620e+01		5.4669760e+00		5.4667299e+00		2.4615275e-04
1.8700000e+02		1.8800000e+02		1.8750000e+02		3.6946466e+00		3.6029849e+00		1.2445742e+01		6.2402942e+00		6.2399408e+00		3.5342055e-04
1.8800000e+02		1.8900000e+02		1.8850000e+02		3.8870616e+00		3.8176580e+00		1.3179876e+01		6.6120352e+00		6.6115676e+00		4.6763675e-04
1.8900000e+02		1.9000000e+02		1.8950000e+02		4.3106081e+00		4.2630901e+00		1.4709597e+01		7.3834146e+00		7.3827671e+00		6.4758138e-04
1.9000000e+02		1.9100000e+02		1.9050000e+02		4.4384288e+00		4.4192825e+00		1.5240371e+01		7.6538165e+00		7.6529896e+00		8.2693205e-04
1.9100000e+02		1.9200000e+02		1.9150000e+02		4.8094361e+00		4.8203783e+00		1.6614896e+01		8.3483320e+00		8.3472280e+00		1.1039423e-03
1.9200000e+02		1.9300000e+02		1.9250000e+02		5.0365493e+00		5.0805899e+00		1.7502825e+01		8.7988038e+00		8.7973886e+00		1.4152394e-03
1.9300000e+02		1.9400000e+02		1.9350000e+02		3.8447944e+00		3.9028292e+00		1.3438644e+01		6.7589362e+00		6.7576217e+00		1.3144646e-03
1.9400000e+02		1.9500000e+02		1.9450000e+02		6.1679797e+00		6.2995222e+00		2.1680506e+01		1.0909225e+01		1.0906675e+01		2.5505227e-03
1.9500000e+02		1.9600000e+02		1.9550000e+02		5.9528271e+00		6.1161850e+00		2.1039330e+01		1.0591376e+01		1.0588416e+01		2.9603600e-03
1.9600000e+02		1.9700000e+02		1.9650000e+02		6.5508102e+00		6.7698793e+00		2.3276887e+01		1.1722923e+01		1.1719026e+01		3.8964121e-03
1.9700000e+02		1.9800000e+02		1.9750000e+02		6.5190955e+00		6.7754656e+00		2.3285126e+01		1.1732074e+01		1.1727460e+01		4.6132270e-03
1.9800000e+02		1.9900000e+02		1.9850000e+02		6.3883794e+00		6.6764730e+00		2.2934242e+01		1.1560073e+01		1.1554722e+01		5.3510199e-03
1.9900000e+02		2.0000000e+02		1.9950000e+02		6.7274707e+00		7.0689159e+00		2.4271130e+01		1.2238863e+01		1.2232226e+01		6.6372064e-03
2.0000000e+02		2.0100000e+02		2.0050000e+02		7.1125146e+00		7.5129425e+00		2.5783906e+01		1.3006776e+01		1.2998551e+01		8.2258103e-03
2.0100000e+02		2.0200000e+02		2.0150000e+02		7.5701275e+00		8.0374536e+00		2.7571464e+01		1.3913799e+01		1.3903583e+01		1.0216151e-02
2.0200000e+02		2.0300000e+02		2.0250000e+02		7.4828608e+00		7.9846339e+00		2.7377885e+01		1.3821204e+01		1.3809472e+01		1.1731569e-02
2.0300000e+02		2.0400000e+02		2.0350000e+02		8.0092047e+00		8.5880306e+00		2.9433537e+01		1.4864272e+01		1.4849747e+01		1.4525272e-02
2.0400000e+02		2.0500000e+02		2.0450000e+02		8.6207445e+00		9.2877746e+00		3.1817394e+01		1.6073713e+01		1.6055702e+01		1.8010757e-02
2.0500000e+02		2.0600000e+02		2.0550000e+02		8.6400754e+00		9.3517743e+00		3.2022168e+01		1.6182586e+01		1.6161874e+01		2.0712098e-02
2.0600000e+02		2.0700000e+02		2.0650000e+02		8.6510225e+00		9.4059224e+00		3.2192985e+01		1.6274183e+01		1.6250479e+01		2.3703864e-02
2.0700000e+02		2.0800000e+02		2.0750000e+02		9.3957826e+00		1.0260610e+01		3.5102269e+01		1.7750437e+01		1.7721121e+01		2.9316494e-02
2.0800000e+02		2.0900000e+02		2.0850000e+02		1.0163489e+01		1.1146514e+01		3.8115521e+01		1.9279988e+01		1.9244006e+01		3.5982036e-02
2.0900000e+02		2.1000000e+02		2.0950000e+02		1.3129215e+01		1.4459112e+01		4.9420090e+01		2.5005442e+01		2.4952885e+01		5.2557422e-02
2.1000000e+02		2.1100000e+02		2.1050000e+02		1.6183343e+01		1.7894895e+01		6.1134755e+01		3.0941423e+01		3.0868418e+01		7.3005318e-02
2.1100000e+02		2.1200000e+02		2.1150000e+02		1.8424170e+01		2.0453099e+01		6.9841404e+01		3.5357464e+01		3.5264106e+01		9.3358090e-02
2.1200000e+02		2.1300000e+02		2.1250000e+02		1.6428561e+01		1.8307709e+01		6.2485614e+01		3.1641647e+01		3.1548434e+01		9.3212546e-02
2.1300000e+02		2.1400000e+02		2.1350000e+02		1.6737981e+01		1.8722102e+01		6.3868972e+01		3.2350024e+01		3.2244009e+01		1.0601476e-01
2.1400000e+02		2.1500000e+02		2.1450000e+02		2.1432541e+01		2.4060061e+01		8.2038584e+01		4.1562640e+01		4.1411546e+01		1.5109349e-01
2.1500000e+02		2.1600000e+02		2.1550000e+02		1.8408135e+01		2.0737650e+01		7.0674646e+01		3.5813226e+01		3.5669196e+01		1.4402979e-01
2.1600000e+02		2.1700000e+02		2.1650000e+02		1.7036901e+01		1.9258518e+01		6.5600320e+01		3.3248726e+01		3.3101188e+01		1.4753835e-01
2.1700000e+02		2.1800000e+02		2.1750000e+02		1.7640866e+01		2.0007424e+01		6.8116029e+01		3.4530426e+01		3.4361792e+01		1.6863415e-01
2.1800000e+02		2.1900000e+02		2.1850000e+02		2.3730294e+01		2.7000421e+01		9.1875470e+01		4.6583266e+01		4.6333510e+01		2.4975622e-01
2.1900000e+02		2.2000000e+02		2.1950000e+02		2.5052511e+01		2.8593844e+01		9.7245190e+01		4.9314005e+01		4.9024428e+01		2.8957676e-01
2.2000000e+02		2.2100000e+02		2.2050000e+02		2.5203754e+01		2.8853514e+01		9.8074543e+01		4.9742103e+01		4.9422932e+01		3.1917049e-01
2.2100000e+02		2.2200000e+02		2.2150000e+02		2.0176768e+01		2.3166274e+01		7.8699332e+01		3.9920720e+01		3.9641445e+01		2.7927548e-01
2.2200000e+02		2.2300000e+02		2.2250000e+02		2.7154039e+01		3.1265807e+01		1.0615412e+02		5.3853919e+01		5.3444045e+01		4.0987334e-01
2.2300000e+02		2.2400000e+02		2.2350000e+02		3.5163062e+01		4.0598741e+01		1.3776126e+02		6.9896299e+01		6.9318766e+01		5.7753301e-01
2.2400000e+02		2.2500000e+02		2.2450000e+02		3.2875934e+01		3.8058816e+01		1.2906603e+02		6.5490607e+01		6.4904316e+01		5.8629121e-01
2.2500000e+02		2.2600000e+02		2.2550000e+02		2.8720078e+01		3.3333063e+01		1.1297146e+02		5.7328298e+01		5.6773334e+01		5.5496389e-01
2.2600000e+02		2.2700000e+02		2.2650000e+02		2.1037217e+01		2.4476654e+01		8.2904281e+01		4.2073013e+01		4.1633434e+01		4.3957929e-01
2.2700000e+02		2.2800000e+02		2.2750000e+02		2.0463841e+01		2.3866420e+01		8.0786371e+01		4.1000022e+01		4.0538536e+01		4.6148579e-01
2.2800000e+02		2.2900000e+02		2.2850000e+02		2.8509984e+01		3.3327002e+01		1.1273723e+02		5.7217059e+01		5.6524482e+01		6.9257730e-01
2.2900000e+02		2.3000000e+02		2.2950000e+02		2.5620938e+01		3.0016271e+01		1.0147113e+02		5.1499803e+01		5.0830583e+01		6.6921990e-01
2.3000000e+02		2.3100000e+02		2.3050000e+02		2.9055844e+01		3.4113120e+01		1.1524341e+02		5.8489340e+01		5.7674756e+01		8.1458425e-01
2.3100000e+02		2.3200000e+02		2.3150000e+02		2.7387429e+01		3.2220316e+01		1.0877463e+02		5.5204980e+01		5.4382299e+01		8.2268104e-01
2.3200000e+02		2.3300000e+02		2.3250000e+02		2.9413108e+01		3.4671679e+01		1.1696880e+02		5.9361261e+01		5.8416178e+01		9.4508317e-01
2.3300000e+02		2.3400000e+02		2.3350000e+02		2.6543685e+01		3.1348443e+01		1.0568240e+02		5.3630332e+01		5.2719513e+01		9.1081816e-01
2.3400000e+02		2.3500000e+02		2.3450000e+02		2.3194371e+01		2.7442525e+01		9.2447764e+01		4.6910622e+01		4.6062014e+01		8.4860874e-01
2.3500000e+02		2.3600000e+02		2.3550000e+02		3.1223226e+01		3.7006017e+01		1.2457318e+02		6.3206012e+01		6.1989854e+01		1.2161583e+00
2.3600000e+02		2.3700000e+02		2.3650000e+02		2.8911473e+01		3.4322967e+01		1.1545455e+02		5.8572802e+01		5.7375724e+01		1.1970774e+00
2.3700000e+02		2.3800000e+02		2.3750000e+02		3.0878004e+01		3.6715658e+01		1.2340869e+02		6.2599919e+01		6.1242819e+01		1.3570997e+00
2.3800000e+02		2.3900000e+02		2.3850000e+02		2.5598090e+01		3.0483520e+01		1.0238161e+02		5.1926012e+01		5.0733482e+01		1.1925302e+00
2.3900000e+02		2.4000000e+02		2.3950000e+02		2.7890834e+01		3.3261589e+01		1.1162372e+02		5.6603900e+01		5.5228501e+01		1.3753993e+00
2.4000000e+02		2.4100000e+02		2.4050000e+02		2.5623038e+01		3.0598848e+01		1.0260524e+02		5.2020919e+01		5.0685166e+01		1.3357536e+00
2.4100000e+02		2.4200000e+02		2.4150000e+02		3.0005079e+01		3.5878289e+01		1.2021026e+02		6.0934094e+01		5.9282672e+01		1.6514221e+00
2.4200000e+02		2.4300000e+02		2.4250000e+02		4.1301739e+01		4.9446759e+01		1.6553406e+02		8.3889630e+01		8.1492706e+01		2.3969234e+00
2.4300000e+02		2.4400000e+02		2.4350000e+02		3.8791639e+01		4.6495483e+01		1.5552296e+02		7.8796906e+01		7.6425988e+01		2.3709178e+00
2.4400000e+02		2.4500000e+02		2.4450000e+02		3.6329084e+01		4.3591451e+01		1.4568466e+02		7.3792784e+01		7.1457122e+01		2.3356628e+00
2.4500000e+02		2.4600000e+02		2.4550000e+02		2.9476122e+01		3.5404879e+01		1.1822219e+02		5.9865431e+01		5.7874289e+01		1.9911427e+00
2.4600000e+02		2.4700000e+02		2.4650000e+02		2.8685918e+01		3.4488918e+01		1.1506243e+02		5.8247776e+01		5.6214062e+01		2.0337140e+00
2.4700000e+02		2.4800000e+02		2.4750000e+02		3.1678139e+01		3.8120731e+01		1.2706562e+02		6.4303440e+01		6.1948955e+01		2.3544849e+00
2.4800000e+02		2.4900000e+02		2.4850000e+02		2.5406301e+01		3.0598981e+01		1.0190174e+02		5.1551308e+01		4.9573738e+01		1.9775699e+00
2.4900000e+02		2.5000000e+02		2.4950000e+02		3.0967514e+01		3.7325839e+01		1.2419010e+02		6.2804200e+01		6.0282448e+01		2.5217516e+00
2.5000000e+02		2.5100000e+02		2.5050000e+02		3.3448743e+01		4.0345493e+01		1.3411282e+02		6.7796500e+01		6.4949779e+01		2.8467207e+00
2.5100000e+02		2.5200000e+02		2.5150000e+02		2.7888154e+01		3.3660595e+01		1.1178670e+02		5.6487723e+01		5.4009564e+01		2.4781591e+00
2.5200000e+02		2.5300000e+02		2.5250000e+02		2.5069906e+01		3.0277280e+01		1.0045546e+02		5.0740669e+01		4.8416900e+01		2.3237696e+00
2.5300000e+02		2.5400000e+02		2.5350000e+02		3.1592540e+01		3.8175670e+01		1.2653980e+02		6.3888141e+01		6.0836360e+01		3.0517813e+00
2.5400000e+02		2.5500000e+02		2.5450000e+02		3.5730773e+01		4.3197528e+01		1.4304698e+02		7.2189504e+01		6.8595753e+01		3.5937512e+00
2.5500000e+02		2.5600000e+02		2.5550000e+02		4.8755658e+01		5.8970221e+01		1.9508664e+02		9.8404965e+01		9.3303606e+01		5.1013591e+00
2.5600000e+02		2.5700000e+02		2.5650000e+02		6.2803876e+01		7.5991122e+01		2.5114722e+02		1.2662046e+02		1.1979029e+02		6.8301638e+00
2.5700000e+02		2.5800000e+02		2.5750000e+02		7.8843355e+01		9.5430702e+01		3.1507959e+02		1.5877194e+02		1.4986699e+02		8.9049565e+00
2.5800000e+02		2.5900000e+02		2.5850000e+02		8.2991293e+01		1.0048023e+02		3.3141749e+02		1.6691637e+02		1.5718959e+02		9.7267755e+00
2.5900000e+02		2.6000000e+02		2.5950000e+02		7.0629481e+01		8.5533873e+01		2.8183292e+02		1.4186568e+02		1.3328249e+02		8.5831910e+00
2.6000000e+02		2.6100000e+02		2.6050000e+02		5.7868388e+01		7.0093381e+01		2.3072021e+02		1.1607149e+02		1.0878537e+02		7.2861166e+00
2.6100000e+02		2.6200000e+02		2.6150000e+02		5.9092703e+01		7.1586802e+01		2.3539272e+02		1.1835306e+02		1.1065015e+02		7.7029081e+00
2.6200000e+02		2.6300000e+02		2.6250000e+02		7.0528613e+01		8.5449282e+01		2.8068320e+02		1.4103982e+02		1.3152864e+02		9.5111884e+00
2.6300000e+02		2.6400000e+02		2.6350000e+02		1.0614195e+02		1.2860418e+02		4.2199535e+02		2.1191627e+02		1.9711852e+02		1.4797748e+01
2.6400000e+02		2.6500000e+02		2.6450000e+02		1.6548208e+02		2.0050509e+02		6.5723296e+02		3.2983730e+02		3.0600330e+02		2.3834003e+01
2.6500000e+02		2.6600000e+02		2.6550000e+02		1.7356948e+02		2.1029850e+02		6.8860210e+02		3.4535455e+02		3.1954604e+02		2.5808503e+01
2.6600000e+02		2.6700000e+02		2.6650000e+02		1.6826276e+02		2.0385513e+02		6.6679000e+02		3.3419119e+02		3.0837845e+02		2.5812745e+01
2.6700000e+02		2.6800000e+02		2.6750000e+02		1.6940220e+02		2.0521373e+02		6.7051156e+02		3.3582582e+02		3.0903152e+02		2.6794301e+01
2.6800000e+02		2.6900000e+02		2.6850000e+02		1.6778062e+02		2.0321994e+02		6.6327839e+02		3.3196970e+02		3.0462521e+02		2.7344490e+01
2.6900000e+02		2.7000000e+02		2.6950000e+02		1.5737310e+02		1.9057943e+02		6.2134477e+02		3.1075851e+02		2.8434675e+02		2.6411760e+01
2.7000000e+02		2.7100000e+02		2.7050000e+02		1.8181465e+02		2.2013026e+02		7.1690394e+02		3.5828799e+02		3.2688469e+02		3.1403296e+01
2.7100000e+02		2.7200000e+02		2.7150000e+02		1.5108640e+02		1.8288007e+02		5.9493545e+02		2.9710861e+02		2.7026764e+02		2.6840978e+01
2.7200000e+02		2.7300000e+02		2.7250000e+02		1.2154404e+02		1.4707879e+02		4.7794017e+02		2.3849890e+02		2.1630229e+02		2.2196602e+01
2.7300000e+02		2.7400000e+02		2.7350000e+02		1.2960124e+02		1.5677853e+02		5.0889478e+02		2.5374747e+02		2.2943097e+02		2.4316502e+01
2.7400000e+02		2.7500000e+02		2.7450000e+02		8.9183780e+01		1.0784760e+02		3.4967761e+02		1.7421919e+02		1.5703686e+02		1.7182329e+01
2.7500000e+02		2.7600000e+02		2.7550000e+02		1.1893609e+02		1.4377124e+02		4.6563264e+02		2.3180334e+02		2.0828619e+02		2.3517156e+01
2.7600000e+02		2.7700000e+02		2.7650000e+02		1.6564211e+02		2.0014735e+02		6.4749072e+02		3.2207109e+02		2.8847466e+02		3.3596430e+01
2.7700000e+02		2.7800000e+02		2.7750000e+02		1.5837296e+02		1.9127943e+02		6.1810555e+02		3.0719678e+02		2.7426340e+02		3.2933377e+01
2.7800000e+02		2.7900000e+02		2.7850000e+02		1.0921797e+02		1.3184913e+02		4.2557963e+02		2.1133173e+02		1.8805783e+02		2.3273891e+01
2.7900000e+02		2.8000000e+02		2.7950000e+02		6.1368404e+01		7.4047804e+01		2.3873907e+02		1.1844900e+02		1.0505435e+02		1.3394647e+01
2.8000000e+02		2.8100000e+02		2.8050000e+02		6.7313201e+01		8.1178383e+01		2.6143167e+02		1.2959384e+02		1.1455221e+02		1.5041635e+01
2.8100000e+02		2.8200000e+02		2.8150000e+02		1.3943196e+02		1.6805998e+02		5.4061415e+02		2.6774803e+02		2.3586445e+02		3.1883577e+01
2.8200000e+02		2.8300000e+02		2.8250000e+02		1.8983287e+02		2.2867812e+02		7.3477091e+02		3.6357837e+02		3.1917742e+02		4.4400949e+01
2.8300000e+02		2.8400000e+02		2.8350000e+02		1.9610227e+02		2.3608959e+02		7.5771774e+02		3.7458934e+02		3.2769392e+02		4.6895411e+01
2.8400000e+02		2.8500000e+02		2.8450000e+02		1.4459284e+02		1.7396912e+02		5.5770587e+02		2.7545446e+02		2.4011691e+02		3.5337558e+01
2.8500000e+02		2.8600000e+02		2.8550000e+02		9.2944992e+01		1.1175657e+02		3.5785558e+02		1.7658099e+02		1.5337622e+02		2.3204766e+01
2.8600000e+02		2.8700000e+02		2.8650000e+02		1.9045522e+02		2.2885084e+02		7.3196156e+02		3.6083695e+02		3.1228249e+02		4.8554458e+01
2.8700000e+02		2.8800000e+02		2.8750000e+02		2.2108403e+02		2.6547327e+02		8.4811952e+02		4.1769715e+02		3.6016558e+02		5.7531576e+01
2.8800000e+02		2.8900000e+02		2.8850000e+02		2.1010240e+02		2.5210985e+02		8.0450014e+02		3.9582898e+02		3.4004311e+02		5.5785864e+01
2.8900000e+02		2.9000000e+02		2.8950000e+02		3.1885068e+02		3.8232564e+02		1.2186232e+03		5.9899516e+02		5.1264560e+02		8.6349566e+01
2.9000000e+02		2.9100000e+02		2.9050000e+02		4.1860542e+02		5.0156872e+02		1.5968566e+03		7.8412939e+02		6.6854572e+02		1.1558367e+02
2.9100000e+02		2.9200000e+02		2.9150000e+02		4.0318642e+02		4.8272921e+02		1.5351060e+03		7.5304991e+02		6.3958564e+02		1.1346427e+02
2.9200000e+02		2.9300000e+02		2.9250000e+02		3.5818014e+02		4.2851315e+02		1.3611255e+03		6.6702628e+02		5.6432812e+02		1.0269816e+02
2.9300000e+02		2.9400000e+02		2.9350000e+02		3.7393440e+02		4.4700896e+02		1.4182393e+03		6.9430382e+02		5.8510593e+02		1.0919789e+02
2.9400000e+02		2.9500000e+02		2.9450000e+02		3.4819581e+02		4.1590677e+02		1.3180402e+03		6.4458471e+02		5.4105782e+02		1.0352690e+02
2.9500000e+02		2.9600000e+02		2.9550000e+02		3.7701055e+02		4.4995739e+02		1.4243070e+03		6.9582885e+02		5.8173811e+02		1.1409073e+02
2.9600000e+02		2.9700000e+02		2.9650000e+02		3.4493460e+02		4.1133357e+02		1.3005476e+03		6.3470042e+02		5.2849163e+02		1.0620878e+02
2.9700000e+02		2.9800000e+02		2.9750000e+02		3.5165811e+02		4.1899795e+02		1.3232571e+03		6.4509975e+02		5.3496262e+02		1.1013713e+02
2.9800000e+02		2.9900000e+02		2.9850000e+02		3.0223333e+02		3.5980079e+02		1.1349980e+03		5.5273174e+02		4.5647955e+02		9.6252197e+01
2.9900000e+02		3.0000000e+02		2.9950000e+02		3.4101318e+02		4.0561528e+02		1.2780520e+03		6.2172895e+02		5.1133043e+02		1.1039852e+02
3.0000000e+02		3.0100000e+02		3.0050000e+02		2.7131061e+02		3.2242483e+02		1.0147627e+03		4.9311373e+02		4.0385429e+02		8.9259447e+01
3.0100000e+02		3.0200000e+02		3.0150000e+02		3.1202593e+02		3.7048136e+02		1.1646753e+03		5.6534607e+02		4.6105485e+02		1.0429121e+02
3.0200000e+02		3.0300000e+02		3.0250000e+02		3.2846528e+02		3.8965009e+02		1.2235354e+03		5.9326665e+02		4.8176196e+02		1.1150469e+02
3.0300000e+02		3.0400000e+02		3.0350000e+02		4.2601061e+02		5.0490685e+02		1.5836424e+03		7.6702850e+02		6.2018646e+02		1.4684203e+02
3.0400000e+02		3.0500000e+02		3.0450000e+02		4.0776836e+02		4.8284314e+02		1.5127142e+03		7.3186249e+02		5.8918611e+02		1.4267638e+02
3.0500000e+02		3.0600000e+02		3.0550000e+02		4.1174793e+02		4.8710437e+02		1.5243293e+03		7.3665975e+02		5.9045437e+02		1.4620538e+02
3.0600000e+02		3.0700000e+02		3.0650000e+02		3.9053943e+02		4.6158336e+02		1.4428257e+03		6.9649024e+02		5.5579564e+02		1.4069460e+02
3.0700000e+02		3.0800000e+02		3.0750000e+02		4.3847484e+02		5.1775155e+02		1.6165651e+03		7.7947991e+02		6.1925595e+02		1.6022396e+02
3.0800000e+02		3.0900000e+02		3.0850000e+02		4.3035211e+02		5.0767896e+02		1.5833254e+03		7.6258832e+02		6.0312200e+02		1.5946631e+02
3.0900000e+02		3.1000000e+02		3.0950000e+02		3.4901328e+02		4.1133240e+02		1.2813990e+03		6.1646774e+02		4.8535544e+02		1.3111231e+02
3.1000000e+02		3.1100000e+02		3.1050000e+02		4.3927411e+02		5.1721337e+02		1.6094330e+03		7.7339758e+02		6.0613835e+02		1.6725923e+02
3.1100000e+02		3.1200000e+02		3.1150000e+02		5.2246540e+02		6.1457157e+02		1.9102433e+03		9.1689688e+02		7.1530935e+02		2.0158752e+02
3.1200000e+02		3.1300000e+02		3.1250000e+02		4.6521908e+02		5.4670250e+02		1.6973904e+03		8.1379224e+02		6.3194111e+02		1.8185114e+02
3.1300000e+02		3.1400000e+02		3.1350000e+02		4.9544367e+02		5.8165363e+02		1.8038940e+03		8.6385537e+02		6.6769647e+02		1.9615890e+02
3.1400000e+02		3.1500000e+02		3.1450000e+02		4.6729179e+02		5.4806631e+02		1.6978412e+03		8.1212637e+02		6.2477282e+02		1.8735356e+02
3.1500000e+02		3.1600000e+02		3.1550000e+02		4.5343123e+02		5.3128742e+02		1.6440402e+03		7.8547781e+02		6.0142091e+02		1.8405690e+02
3.1600000e+02		3.1700000e+02		3.1650000e+02		4.4229406e+02		5.1772708e+02		1.6003108e+03		7.6369378e+02		5.8196347e+02		1.8173032e+02
3.1700000e+02		3.1800000e+02		3.1750000e+02		5.6102832e+02		6.5606204e+02		2.0256786e+03		9.6555615e+02		7.3227091e+02		2.3328524e+02
3.1800000e+02		3.1900000e+02		3.1850000e+02		4.6340678e+02		5.4136691e+02		1.6697107e+03		7.9494846e+02		5.9998040e+02		1.9496807e+02
3.1900000e+02		3.2000000e+02		3.1950000e+02		4.9774832e+02		5.8090794e+02		1.7897092e+03		8.5107880e+02		6.3923111e+02		2.1184769e+02
3.2000000e+02		3.2100000e+02		3.2050000e+02		5.7184857e+02		6.6672369e+02		2.0518634e+03		9.7459507e+02		7.2843152e+02		2.4616355e+02
3.2100000e+02		3.2200000e+02		3.2150000e+02		4.8024660e+02		5.5936561e+02		1.7196005e+03		8.1581329e+02		6.0676172e+02		2.0905157e+02
3.2200000e+02		3.2300000e+02		3.2250000e+02		4.8228681e+02		5.6118091e+02		1.7233194e+03		8.1661158e+02		6.0435545e+02		2.1225613e+02
3.2300000e+02		3.2400000e+02		3.2350000e+02		4.6607071e+02		5.4176996e+02		1.6619227e+03		7.8658611e+02		5.7924123e+02		2.0734488e+02
3.2400000e+02		3.2500000e+02		3.2450000e+02		5.4882129e+02		6.3732266e+02		1.9529459e+03		9.2323151e+02		6.7646762e+02		2.4676389e+02
3.2500000e+02		3.2600000e+02		3.2550000e+02		6.3196128e+02		7.3313506e+02		2.2441494e+03		1.0596355e+03		7.7250826e+02		2.8712720e+02
3.2600000e+02		3.2700000e+02		3.2650000e+02		7.1301257e+02		8.2633425e+02		2.5267511e+03		1.1916561e+03		8.6436074e+02		3.2729534e+02
3.2700000e+02		3.2800000e+02		3.2750000e+02		6.8984049e+02		7.9867915e+02		2.4396080e+03		1.1491898e+03		8.2931719e+02		3.1987265e+02
3.2800000e+02		3.2900000e+02		3.2850000e+02		6.6596082e+02		7.7026049e+02		2.3503275e+03		1.1058163e+03		7.9393350e+02		3.1188277e+02
3.2900000e+02		3.3000000e+02		3.2950000e+02		7.7527139e+02		8.9579420e+02		2.7305126e+03		1.2831615e+03		9.1652085e+02		3.6664064e+02
3.3000000e+02		3.3100000e+02		3.3050000e+02		7.3029799e+02		8.4298632e+02		2.5668694e+03		1.2048229e+03		8.5611456e+02		3.4870835e+02
3.3100000e+02		3.3200000e+02		3.3150000e+02		6.9881652e+02		8.0584220e+02		2.4512225e+03		1.1491701e+03		8.1232256e+02		3.3684755e+02
3.3200000e+02		3.3300000e+02		3.3250000e+02		6.8562051e+02		7.8983731e+02		2.4000598e+03		1.1238431e+03		7.9026628e+02		3.3357687e+02
3.3300000e+02		3.3400000e+02		3.3350000e+02		6.5878216e+02		7.5816435e+02		2.3014507e+03		1.0763843e+03		7.5291653e+02		3.2346778e+02
3.3400000e+02		3.3500000e+02		3.3450000e+02		6.9405546e+02		7.9796558e+02		2.4197952e+03		1.1303851e+03		7.8651303e+02		3.4387207e+02
3.3500000e+02		3.3600000e+02		3.3550000e+02		6.8541663e+02		7.8725228e+02		2.3848815e+03		1.1127481e+03		7.7013140e+02		3.4261671e+02
3.3600000e+02		3.3700000e+02		3.3650000e+02		5.6469084e+02		6.4794820e+02		1.9608929e+03		9.1383208e+02		6.2908800e+02		2.8474407e+02
3.3700000e+02		3.3800000e+02		3.3750000e+02		5.9573781e+02		6.8289823e+02		2.0645842e+03		9.6100990e+02		6.5801928e+02		3.0299063e+02
3.3800000e+02		3.3900000e+02		3.3850000e+02		6.4448401e+02		7.3804926e+02		2.2290885e+03		1.0363481e+03		7.0578272e+02		3.3056542e+02
3.3900000e+02		3.4000000e+02		3.3950000e+02		6.7448220e+02		7.7164448e+02		2.3282356e+03		1.0811571e+03		7.3231462e+02		3.4884243e+02
3.4000000e+02		3.4100000e+02		3.4050000e+02		7.1196374e+02		8.1372834e+02		2.4527834e+03		1.1376405e+03		7.6638438e+02		3.7125612e+02
3.4100000e+02		3.4200000e+02		3.4150000e+02		6.4984945e+02		7.4201118e+02		2.2344091e+03		1.0351256e+03		6.9351614e+02		3.4160945e+02
3.4200000e+02		3.4300000e+02		3.4250000e+02		7.0477558e+02		8.0394447e+02		2.4185394e+03		1.1190994e+03		7.4566453e+02		3.7343485e+02
3.4300000e+02		3.4400000e+02		3.4350000e+02		6.9264465e+02		7.8934098e+02		2.3722970e+03		1.0964033e+03		7.2651734e+02		3.6988600e+02
3.4400000e+02		3.4500000e+02		3.4450000e+02		5.5710877e+02		6.3427067e+02		1.9044027e+03		8.7911681e+02		5.7931219e+02		2.9980462e+02
3.4500000e+02		3.4600000e+02		3.4550000e+02		6.7138909e+02		7.6364401e+02		2.2906424e+03		1.0561665e+03		6.9211568e+02		3.6405084e+02
3.4600000e+02		3.4700000e+02		3.4650000e+02		6.5194093e+02		7.4081298e+02		2.2200337e+03		1.0224047e+03		6.6625307e+02		3.5615159e+02
3.4700000e+02		3.4800000e+02		3.4750000e+02		6.4525828e+02		7.3251962e+02		2.1930946e+03		1.0088107e+03		6.5371162e+02		3.5509904e+02
3.4800000e+02		3.4900000e+02		3.4850000e+02		6.6761091e+02		7.5717483e+02		2.2647688e+03		1.0405577e+03		6.7049108e+02		3.7006662e+02
3.4900000e+02		3.5000000e+02		3.4950000e+02		6.3989005e+02		7.2504831e+02		2.1666399e+03		9.9430596e+02		6.3707044e+02		3.5723552e+02
3.5000000e+02		3.5100000e+02		3.5050000e+02		7.6650484e+02		8.6769512e+02		2.5904878e+03		1.1874270e+03		7.5649368e+02		4.3093329e+02
3.5100000e+02		3.5200000e+02		3.5150000e+02		7.1211510e+02		8.0536914e+02		2.4021852e+03		1.0998286e+03		6.9669859e+02		4.0313003e+02
3.5200000e+02		3.5300000e+02		3.5250000e+02		6.5785102e+02		7.4330455e+02		2.2150213e+03		1.0129564e+03		6.3800321e+02		3.7495322e+02
3.5300000e+02		3.5400000e+02		3.5350000e+02		7.5263834e+02		8.4961461e+02		2.5295032e+03		1.1554300e+03		7.2356690e+02		4.3186306e+02
3.5400000e+02		3.5500000e+02		3.5450000e+02		8.0329241e+02		9.0595719e+02		2.6947943e+03		1.2295064e+03		7.6552564e+02		4.6398076e+02
3.5500000e+02		3.5600000e+02		3.5550000e+02		7.5433512e+02		8.4996051e+02		2.5259451e+03		1.1511374e+03		7.1259212e+02		4.3854526e+02
3.5600000e+02		3.5700000e+02		3.5650000e+02		6.5576441e+02		7.3821816e+02		2.1918945e+03		9.9775132e+02		6.1406203e+02		3.8368928e+02
3.5700000e+02		3.5800000e+02		3.5750000e+02		5.7307986e+02		6.4454996e+02		1.9120701e+03		8.6937524e+02		5.3194234e+02		3.3743290e+02
3.5800000e+02		3.5900000e+02		3.5850000e+02		4.9194729e+02		5.5279828e+02		1.6384332e+03		7.4410538e+02		4.5263746e+02		2.9146792e+02
3.5900000e+02		3.6000000e+02		3.5950000e+02		7.1030971e+02		7.9745224e+02		2.3614793e+03		1.0712567e+03		6.4782822e+02		4.2342844e+02
3.6000000e+02		3.6100000e+02		3.6050000e+02		7.0092701e+02		7.8621391e+02		2.3261630e+03		1.0540343e+03		6.3366975e+02		4.2036451e+02
3.6100000e+02		3.6200000e+02		3.6150000e+02		6.5110481e+02		7.2967931e+02		2.1570189e+03		9.7628200e+02		5.8346824e+02		3.9281376e+02
3.6200000e+02		3.6300000e+02		3.6250000e+02		7.3500056e+02		8.2297041e+02		2.4306991e+03		1.0989068e+03		6.5287248e+02		4.4603431e+02
3.6300000e+02		3.6400000e+02		3.6350000e+02		7.1558904e+02		8.0053054e+02		2.3623948e+03		1.0668223e+03		6.3005313e+02		4.3676919e+02
3.6400000e+02		3.6500000e+02		3.6450000e+02		7.4837927e+02		8.3648067e+02		2.4663838e+03		1.1125303e+03		6.5314052e+02		4.5938982e+02
3.6500000e+02		3.6600000e+02		3.6550000e+02		8.5179486e+02		9.5124284e+02		2.8023918e+03		1.2626802e+03		7.3686859e+02		5.2581156e+02
3.6600000e+02		3.6700000e+02		3.6650000e+02		9.1042532e+02		1.0158399e+03		2.9901844e+03		1.3457905e+03		7.8067170e+02		5.6511883e+02
3.6700000e+02		3.6800000e+02		3.6750000e+02		8.7909512e+02		9.8003964e+02		2.8823995e+03		1.2958372e+03		7.4718500e+02		5.4865218e+02
3.6800000e+02		3.6900000e+02		3.6850000e+02		8.1047729e+02		9.0277145e+02		2.6529478e+03		1.1913614e+03		6.8281105e+02		5.0855031e+02
3.6900000e+02		3.7000000e+02		3.6950000e+02		8.9967825e+02		1.0012804e+03		2.9400148e+03		1.3188174e+03		7.5130058e+02		5.6751684e+02
3.7000000e+02		3.7100000e+02		3.7050000e+02		8.4427990e+02		9.3883412e+02		2.7544068e+03		1.2341997e+03		6.9884252e+02		5.3535720e+02
3.7100000e+02		3.7200000e+02		3.7150000e+02		8.7164560e+02		9.6845320e+02		2.8390029e+03		1.2707124e+03		7.1515286e+02		5.5555950e+02
3.7200000e+02		3.7300000e+02		3.7250000e+02		7.2411383e+02		8.0386701e+02		2.3546258e+03		1.0527598e+03		5.8888663e+02		4.6387316e+02
3.7300000e+02		3.7400000e+02		3.7350000e+02		6.3155746e+02		7.0053736e+02		2.0503218e+03		9.1570860e+02		5.0910062e+02		4.0660798e+02
3.7400000e+02		3.7500000e+02		3.7450000e+02		6.4642322e+02		7.1643839e+02		2.0951982e+03		9.3473868e+02		5.1650404e+02		4.1823464e+02
3.7500000e+02		3.7600000e+02		3.7550000e+02		7.4036161e+02		8.1988261e+02		2.3958300e+03		1.0677090e+03		5.8636353e+02		4.8134547e+02
3.7600000e+02		3.7700000e+02		3.7650000e+02		7.6758018e+02		8.4933659e+02		2.4799603e+03		1.1040161e+03		6.0257830e+02		5.0143784e+02
3.7700000e+02		3.7800000e+02		3.7750000e+02		9.0048278e+02		9.9559388e+02		2.9047594e+03		1.2917447e+03		7.0070036e+02		5.9104433e+02
3.7800000e+02		3.7900000e+02		3.7850000e+02		9.3786543e+02		1.0360972e+03		3.0206054e+03		1.3418327e+03		7.2337801e+02		6.1845467e+02
3.7900000e+02		3.8000000e+02		3.7950000e+02		7.6051322e+02		8.3950310e+02		2.4455912e+03		1.0852459e+03		5.8143364e+02		5.0381223e+02
3.8000000e+02		3.8100000e+02		3.8050000e+02		8.2814537e+02		9.1344023e+02		2.6589626e+03		1.1786870e+03		6.2758054e+02		5.5110643e+02
3.8100000e+02		3.8200000e+02		3.8150000e+02		7.4366886e+02		8.1962199e+02		2.3840683e+03		1.0557207e+03		5.5861552e+02		4.9710517e+02
3.8200000e+02		3.8300000e+02		3.8250000e+02		5.3336093e+02		5.8737857e+02		1.7072560e+03		7.5522296e+02		3.9712409e+02		3.5809887e+02
3.8300000e+02		3.8400000e+02		3.8350000e+02		4.7073026e+02		5.1800547e+02		1.5045021e+03		6.6484082e+02		3.4741617e+02		3.1742465e+02
3.8400000e+02		3.8500000e+02		3.8450000e+02		6.2969557e+02		6.9240569e+02		2.0095529e+03		8.8710453e+02		4.6066240e+02		4.2644214e+02
3.8500000e+02		3.8600000e+02		3.8550000e+02		6.6694888e+02		7.3281229e+02		2.1252712e+03		9.3722172e+02		4.8363791e+02		4.5358381e+02
3.8600000e+02		3.8700000e+02		3.8650000e+02		6.6977732e+02		7.3536553e+02		2.1311308e+03		9.3884287e+02		4.8143256e+02		4.5741032e+02
3.8700000e+02		3.8800000e+02		3.8750000e+02		6.6902499e+02		7.3399017e+02		2.1256155e+03		9.3545852e+02		4.7667925e+02		4.5877927e+02
3.8800000e+02		3.8900000e+02		3.8850000e+02		6.7841027e+02		7.4373430e+02		2.1522976e+03		9.4624015e+02		4.7913397e+02		4.6710618e+02
3.8900000e+02		3.9000000e+02		3.8950000e+02		8.1451188e+02		8.9228326e+02		2.5803565e+03		1.1332877e+03		5.7022266e+02		5.6306506e+02
3.9000000e+02		3.9100000e+02		3.9050000e+02		8.5560997e+02		9.3662017e+02		2.7066699e+03		1.1875706e+03		5.9375508e+02		5.9381551e+02
3.9100000e+02		3.9200000e+02		3.9150000e+02		9.2006232e+02		1.0064441e+03		2.9064219e+03		1.2739392e+03		6.3290022e+02		6.4103903e+02
3.9200000e+02		3.9300000e+02		3.9250000e+02		7.0614281e+02		7.7188419e+02		2.2275153e+03		9.7539139e+02		4.8150320e+02		4.9388819e+02
3.9300000e+02		3.9400000e+02		3.9350000e+02		4.3291589e+02		4.7288192e+02		1.3637136e+03		5.9655684e+02		2.9261799e+02		3.0393884e+02
3.9400000e+02		3.9500000e+02		3.9450000e+02		7.1565803e+02		7.8117207e+02		2.2512382e+03		9.8383617e+02		4.7950840e+02		5.0432777e+02
3.9500000e+02		3.9600000e+02		3.9550000e+02		8.7888136e+02		9.5866260e+02		2.7608774e+03		1.2053785e+03		5.8373601e+02		6.2164245e+02
3.9600000e+02		3.9700000e+02		3.9650000e+02		6.0712893e+02		6.6177935e+02		1.9045986e+03		8.3072453e+02		3.9972859e+02		4.3099594e+02
3.9700000e+02		3.9800000e+02		3.9750000e+02		6.8053003e+02		7.4127390e+02		2.1319655e+03		9.2899487e+02		4.4415257e+02		4.8484230e+02
3.9800000e+02		3.9900000e+02		3.9850000e+02		1.0480559e+03		1.1408206e+03		3.2789315e+03		1.4274054e+03		6.7806694e+02		7.4933850e+02
3.9900000e+02		4.0000000e+02		3.9950000e+02		1.1577145e+03		1.2593262e+03		3.6171709e+03		1.5731430e+03		7.4249845e+02		8.3064456e+02
4.0000000e+02		4.0100000e+02		4.0050000e+02		1.1939713e+03		1.2978870e+03		3.7255100e+03		1.6187187e+03		7.5909601e+02		8.5962272e+02
4.0100000e+02		4.0200000e+02		4.0150000e+02		1.2509583e+03		1.3589215e+03		3.8981950e+03		1.6921468e+03		7.8841933e+02		9.0372744e+02
4.0200000e+02		4.0300000e+02		4.0250000e+02		1.2664199e+03		1.3748020e+03		3.9412312e+03		1.7092182e+03		7.9123719e+02		9.1798104e+02
4.0300000e+02		4.0400000e+02		4.0350000e+02		1.2115903e+03		1.3144118e+03		3.7657197e+03		1.6315751e+03		7.5041636e+02		8.8115869e+02
4.0400000e+02		4.0500000e+02		4.0450000e+02		1.1914959e+03		1.2917657e+03		3.6985144e+03		1.6009662e+03		7.3157638e+02		8.6938984e+02
4.0500000e+02		4.0600000e+02		4.0550000e+02		1.1904731e+03		1.2898185e+03		3.6906377e+03		1.5960790e+03		7.2462023e+02		8.7145880e+02
4.0600000e+02		4.0700000e+02		4.0650000e+02		1.1388815e+03		1.2331266e+03		3.5262404e+03		1.5235803e+03		6.8722088e+02		8.3635945e+02
4.0700000e+02		4.0800000e+02		4.0750000e+02		1.1575323e+03		1.2525199e+03		3.5795011e+03		1.5451788e+03		6.9243838e+02		8.5274046e+02
4.0800000e+02		4.0900000e+02		4.0850000e+02		1.2307397e+03		1.3308908e+03		3.8011591e+03		1.6393717e+03		7.2987378e+02		9.0949794e+02
4.0900000e+02		4.1000000e+02		4.0950000e+02		1.2243097e+03		1.3231053e+03		3.7766435e+03		1.6273271e+03		7.1979654e+02		9.0753060e+02
4.1000000e+02		4.1100000e+02		4.1050000e+02		1.1216634e+03		1.2114203e+03		3.4557832e+03		1.4877337e+03		6.5376456e+02		8.3396917e+02
4.1100000e+02		4.1200000e+02		4.1150000e+02		1.3003372e+03		1.4035235e+03		4.0014145e+03		1.7210934e+03		7.5137834e+02		9.6971505e+02
4.1200000e+02		4.1300000e+02		4.1250000e+02		1.2760342e+03		1.3764475e+03		3.9219118e+03		1.6854009e+03		7.3099164e+02		9.5440930e+02
4.1300000e+02		4.1400000e+02		4.1350000e+02		1.2308584e+03		1.3269094e+03		3.7785560e+03		1.6223634e+03		6.9905155e+02		9.2331181e+02
4.1400000e+02		4.1500000e+02		4.1450000e+02		1.2488872e+03		1.3455332e+03		3.8293717e+03		1.6427406e+03		7.0320022e+02		9.3954040e+02
4.1500000e+02		4.1600000e+02		4.1550000e+02		1.2477523e+03		1.3435066e+03		3.8214087e+03		1.6378967e+03		6.9653438e+02		9.4136232e+02
4.1600000e+02		4.1700000e+02		4.1650000e+02		1.2947363e+03		1.3932696e+03		3.9606956e+03		1.6961270e+03		7.1656839e+02		9.7955862e+02
4.1700000e+02		4.1800000e+02		4.1750000e+02		1.1781342e+03		1.2670482e+03		3.5998478e+03		1.5402715e+03		6.4645314e+02		8.9381832e+02
4.1800000e+02		4.1900000e+02		4.1850000e+02		1.2217101e+03		1.3131467e+03		3.7287302e+03		1.5940526e+03		6.6463048e+02		9.2942208e+02
4.1900000e+02		4.2000000e+02		4.1950000e+02		1.2338424e+03		1.3254202e+03		3.7614912e+03		1.6066919e+03		6.6549606e+02		9.4119588e+02
4.2000000e+02		4.2100000e+02		4.2050000e+02		1.2494927e+03		1.3414626e+03		3.8049222e+03		1.6238711e+03		6.6818571e+02		9.5568539e+02
4.2100000e+02		4.2200000e+02		4.2150000e+02		1.2299982e+03		1.3197825e+03		3.7413843e+03		1.5954149e+03		6.5215314e+02		9.4326172e+02
4.2200000e+02		4.2300000e+02		4.2250000e+02		1.1657134e+03		1.2501002e+03		3.5419260e+03		1.5091022e+03		6.1280539e+02		8.9629683e+02
4.2300000e+02		4.2400000e+02		4.2350000e+02		1.2419943e+03		1.3311588e+03		3.7695646e+03		1.6047617e+03		6.4735147e+02		9.5741020e+02
4.2400000e+02		4.2500000e+02		4.2450000e+02		1.2850442e+03		1.3765361e+03		3.8959876e+03		1.6572171e+03		6.6409845e+02		9.9311865e+02
4.2500000e+02		4.2600000e+02		4.2550000e+02		1.2367256e+03		1.3240495e+03		3.7454564e+03		1.5918839e+03		6.3370300e+02		9.5818087e+02
4.2600000e+02		4.2700000e+02		4.2650000e+02		1.2316584e+03		1.3179062e+03		3.7261259e+03		1.5823817e+03		6.2575580e+02		9.5662591e+02
4.2700000e+02		4.2800000e+02		4.2750000e+02		1.1420512e+03		1.2213642e+03		3.4513786e+03		1.4645214e+03		5.7531622e+02		8.8920523e+02
4.2800000e+02		4.2900000e+02		4.2850000e+02		1.1495483e+03		1.2287237e+03		3.4703872e+03		1.4714068e+03		5.7419439e+02		8.9721240e+02
4.2900000e+02		4.3000000e+02		4.2950000e+02		1.0698649e+03		1.1429450e+03		3.2264669e+03		1.3668977e+03		5.2987771e+02		8.3701997e+02
4.3000000e+02		4.3100000e+02		4.3050000e+02		8.6065012e+02		9.1895532e+02		2.5928435e+03		1.0975931e+03		4.2266147e+02		6.7493161e+02
4.3100000e+02		4.3200000e+02		4.3150000e+02		1.0641754e+03		1.1356756e+03		3.2027137e+03		1.3546955e+03		5.1820657e+02		8.3648894e+02
4.3200000e+02		4.3300000e+02		4.3250000e+02		1.1990384e+03		1.2789379e+03		3.6049314e+03		1.5236365e+03		5.7896306e+02		9.4467346e+02
4.3300000e+02		4.3400000e+02		4.3350000e+02		1.3017454e+03		1.3877769e+03		3.9097837e+03		1.6512018e+03		6.2327011e+02		1.0279317e+03
4.3400000e+02		4.3500000e+02		4.3450000e+02		1.1054356e+03		1.1778939e+03		3.3168561e+03		1.3997142e+03		5.2483240e+02		8.7488181e+02
4.3500000e+02		4.3600000e+02		4.3550000e+02		1.2347447e+03		1.3150158e+03		3.7011831e+03		1.5607051e+03		5.8130731e+02		9.7939783e+02
4.3600000e+02		4.3700000e+02		4.3650000e+02		1.3814970e+03		1.4705733e+03		4.1370163e+03		1.7431603e+03		6.4494771e+02		1.0982126e+03
4.3700000e+02		4.3800000e+02		4.3750000e+02		1.2223713e+03		1.3005429e+03		3.6569411e+03		1.5397141e+03		5.6588498e+02		9.7382910e+02
4.3800000e+02		4.3900000e+02		4.3850000e+02		1.1905029e+03		1.2660145e+03		3.5581679e+03		1.4970034e+03		5.4652561e+02		9.5047784e+02
4.3900000e+02		4.4000000e+02		4.3950000e+02		1.3250738e+03		1.4084351e+03		3.9565877e+03		1.6633882e+03		6.0322558e+02		1.0601627e+03
4.4000000e+02		4.4100000e+02		4.4050000e+02		1.2562739e+03		1.3346626e+03		3.7476014e+03		1.5743630e+03		5.6713737e+02		1.0072257e+03
4.4100000e+02		4.4200000e+02		4.4150000e+02		1.3817384e+03		1.4672536e+03		4.1180037e+03		1.7286979e+03		6.1858391e+02		1.1101140e+03
4.4200000e+02		4.4300000e+02		4.4250000e+02		1.4526378e+03		1.5418094e+03		4.3252739e+03		1.8143833e+03		6.4491678e+02		1.1694665e+03
4.4300000e+02		4.4400000e+02		4.4350000e+02		1.4050936e+03		1.4906456e+03		4.1798469e+03		1.7521087e+03		6.1862833e+02		1.1334803e+03
4.4400000e+02		4.4500000e+02		4.4450000e+02		1.4475318e+03		1.5349521e+03		4.3021499e+03		1.8020781e+03		6.3202693e+02		1.1700512e+03
4.4500000e+02		4.4600000e+02		4.4550000e+02		1.3420773e+03		1.4224715e+03		3.9851134e+03		1.6680856e+03		5.8112914e+02		1.0869565e+03
4.4600000e+02		4.4700000e+02		4.4650000e+02		1.3689269e+03		1.4502651e+03		4.0611828e+03		1.6987205e+03		5.8785169e+02		1.1108688e+03
4.4700000e+02		4.4800000e+02		4.4750000e+02		1.4837056e+03		1.5711502e+03		4.3977700e+03		1.8382128e+03		6.3187681e+02		1.2063360e+03
4.4800000e+02		4.4900000e+02		4.4850000e+02		1.4587166e+03		1.5439934e+03		4.3198787e+03		1.8043917e+03		6.1610898e+02		1.1882827e+03
4.4900000e+02		4.5000000e+02		4.4950000e+02		1.4737837e+03		1.5592456e+03		4.3606731e+03		1.8201658e+03		6.1734382e+02		1.2028220e+03
4.5000000e+02		4.5100000e+02		4.5050000e+02		1.5636828e+03		1.6536264e+03		4.6226488e+03		1.9281844e+03		6.4961131e+02		1.2785731e+03
4.5100000e+02		4.5200000e+02		4.5150000e+02		1.5589734e+03		1.6479236e+03		4.6047564e+03		1.9194053e+03		6.4233268e+02		1.2770726e+03
4.5200000e+02		4.5300000e+02		4.5250000e+02		1.4757889e+03		1.5593151e+03		4.3553308e+03		1.8142020e+03		6.0306873e+02		1.2111332e+03
4.5300000e+02		4.5400000e+02		4.5350000e+02		1.4141855e+03		1.4935817e+03		4.1699942e+03		1.7358272e+03		5.7315893e+02		1.1626682e+03
4.5400000e+02		4.5500000e+02		4.5450000e+02		1.5096596e+03		1.5937354e+03		4.4477815e+03		1.8502189e+03		6.0684632e+02		1.2433725e+03
4.5500000e+02		4.5600000e+02		4.5550000e+02		1.4952815e+03		1.5778887e+03		4.4017551e+03		1.8298531e+03		5.9615410e+02		1.2336990e+03
4.5600000e+02		4.5700000e+02		4.5650000e+02		1.5527317e+03		1.6378256e+03		4.5671047e+03		1.8973352e+03		6.1400627e+02		1.2833289e+03
4.5700000e+02		4.5800000e+02		4.5750000e+02		1.5677329e+03		1.6529615e+03		4.6074577e+03		1.9128426e+03		6.1488541e+02		1.2979572e+03
4.5800000e+02		4.5900000e+02		4.5850000e+02		1.4734199e+03		1.5528811e+03		4.3267682e+03		1.7951400e+03		5.7319093e+02		1.2219491e+03
4.5900000e+02		4.6000000e+02		4.5950000e+02		1.5222067e+03		1.6036436e+03		4.4664409e+03		1.8518898e+03		5.8735683e+02		1.2645330e+03
4.6000000e+02		4.6100000e+02		4.6050000e+02		1.5039223e+03		1.5837396e+03		4.4092756e+03		1.8270132e+03		5.7559150e+02		1.2514217e+03
4.6100000e+02		4.6200000e+02		4.6150000e+02		1.5386000e+03		1.6196075e+03		4.5073831e+03		1.8664732e+03		5.8409064e+02		1.2823826e+03
4.6200000e+02		4.6300000e+02		4.6250000e+02		1.5538294e+03		1.6349881e+03		4.5484344e+03		1.8822795e+03		5.8509768e+02		1.2971818e+03
4.6300000e+02		4.6400000e+02		4.6350000e+02		1.5018384e+03		1.5796584e+03		4.3928323e+03		1.8167436e+03		5.6094950e+02		1.2557941e+03
4.6400000e+02		4.6500000e+02		4.6450000e+02		1.5281564e+03		1.6067119e+03		4.4663727e+03		1.8460046e+03		5.6617265e+02		1.2798320e+03
4.6500000e+02		4.6600000e+02		4.6550000e+02		1.4760608e+03		1.5513371e+03		4.3108215e+03		1.7806093e+03		5.4246393e+02		1.2381454e+03
4.6600000e+02		4.6700000e+02		4.6650000e+02		1.4854121e+03		1.5605658e+03		4.3348518e+03		1.7894336e+03		5.4150706e+02		1.2479265e+03
4.6700000e+02		4.6800000e+02		4.6750000e+02		1.4997486e+03		1.5750279e+03		4.3734092e+03		1.8042475e+03		5.4233947e+02		1.2619081e+03
4.6800000e+02		4.6900000e+02		4.6850000e+02		1.4665907e+03		1.5396245e+03		4.2735399e+03		1.7619775e+03		5.2609271e+02		1.2358848e+03
4.6900000e+02		4.7000000e+02		4.6950000e+02		1.5086728e+03		1.5832099e+03		4.3929259e+03		1.8101100e+03		5.3685138e+02		1.2732587e+03
4.7000000e+02		4.7100000e+02		4.7050000e+02		1.4256243e+03		1.4955038e+03		4.1480755e+03		1.7081979e+03		5.0323960e+02		1.2049583e+03
4.7100000e+02		4.7200000e+02		4.7150000e+02		1.4904926e+03		1.5629772e+03		4.3336805e+03		1.7835723e+03		5.2193365e+02		1.2616387e+03
4.7200000e+02		4.7300000e+02		4.7250000e+02		1.5269264e+03		1.6005996e+03		4.4364277e+03		1.8247838e+03		5.3042551e+02		1.2943583e+03
4.7300000e+02		4.7400000e+02		4.7350000e+02		1.4995420e+03		1.5713265e+03		4.3537638e+03		1.7897359e+03		5.1676230e+02		1.2729736e+03
4.7400000e+02		4.7500000e+02		4.7450000e+02		1.5448084e+03		1.6181805e+03		4.4820270e+03		1.8413930e+03		5.2812627e+02		1.3132667e+03
4.7500000e+02		4.7600000e+02		4.7550000e+02		1.5413846e+03		1.6140214e+03		4.4689667e+03		1.8349698e+03		5.2276945e+02		1.3122003e+03
4.7600000e+02		4.7700000e+02		4.7650000e+02		1.4853490e+03		1.5547983e+03		4.3035169e+03		1.7660253e+03		4.9976843e+02		1.2662569e+03
4.7700000e+02		4.7800000e+02		4.7750000e+02		1.5508368e+03		1.6227823e+03		4.4901682e+03		1.8415752e+03		5.1766955e+02		1.3239056e+03
4.7800000e+02		4.7900000e+02		4.7850000e+02		1.5358791e+03		1.6065755e+03		4.4438320e+03		1.8215443e+03		5.0862166e+02		1.3129226e+03
4.7900000e+02		4.8000000e+02		4.7950000e+02		1.5403519e+03		1.6107024e+03		4.4537640e+03		1.8245945e+03		5.0607415e+02		1.3185204e+03
4.8000000e+02		4.8100000e+02		4.8050000e+02		1.5442750e+03		1.6142566e+03		4.4621183e+03		1.8270023e+03		5.0336190e+02		1.3236404e+03
4.8100000e+02		4.8200000e+02		4.8150000e+02		1.5475498e+03		1.6171355e+03		4.4686133e+03		1.8286536e+03		5.0045717e+02		1.3281964e+03
4.8200000e+02		4.8300000e+02		4.8250000e+02		1.5416562e+03		1.6104396e+03		4.4486668e+03		1.8194953e+03		4.9463120e+02		1.3248641e+03
4.8300000e+02		4.8400000e+02		4.8350000e+02		1.5183412e+03		1.5855600e+03		4.3785306e+03		1.7898376e+03		4.8332598e+02		1.3065116e+03
4.8400000e+02		4.8500000e+02		4.8450000e+02		1.4920771e+03		1.5576226e+03		4.3000094e+03		1.7567928e+03		4.7124194e+02		1.2855509e+03
4.8500000e+02		4.8600000e+02		4.8550000e+02		1.4021236e+03		1.4632420e+03		4.0381829e+03		1.6489397e+03		4.3936552e+02		1.2095742e+03
4.8600000e+02		4.8700000e+02		4.8650000e+02		1.2173217e+03		1.2699756e+03		3.5037168e+03		1.4299379e+03		3.7847496e+02		1.0514629e+03
4.8700000e+02		4.8800000e+02		4.8750000e+02		1.3927585e+03		1.4525369e+03		4.0061370e+03		1.6341242e+03		4.2964012e+02		1.2044841e+03
4.8800000e+02		4.8900000e+02		4.8850000e+02		1.4651201e+03		1.5275209e+03		4.2116464e+03		1.7170540e+03		4.4844024e+02		1.2686138e+03
4.8900000e+02		4.9000000e+02		4.8950000e+02		1.4372192e+03		1.4979617e+03		4.1288844e+03		1.6824388e+03		4.3647744e+02		1.2459614e+03
4.9000000e+02		4.9100000e+02		4.9050000e+02		1.5307557e+03		1.5949554e+03		4.3948996e+03		1.7899120e+03		4.6127215e+02		1.3286398e+03
4.9100000e+02		4.9200000e+02		4.9150000e+02		1.4425606e+03		1.5025982e+03		4.1391656e+03		1.6848970e+03		4.3132346e+02		1.2535735e+03
4.9200000e+02		4.9300000e+02		4.9250000e+02		1.3729411e+03		1.4296444e+03		3.9370287e+03		1.6018012e+03		4.0732747e+02		1.1944738e+03
4.9300000e+02		4.9400000e+02		4.9350000e+02		1.4509629e+03		1.5104310e+03		4.1582747e+03		1.6909640e+03		4.2714565e+02		1.2638183e+03
4.9400000e+02		4.9500000e+02		4.9450000e+02		1.4929449e+03		1.5536671e+03		4.2760529e+03		1.7379891e+03		4.3611040e+02		1.3018786e+03
4.9500000e+02		4.9600000e+02		4.9550000e+02		1.4663156e+03		1.5255006e+03		4.1973134e+03		1.7051389e+03		4.2502867e+02		1.2801102e+03
4.9600000e+02		4.9700000e+02		4.9650000e+02		1.4846220e+03		1.5440903e+03		4.2472388e+03		1.7245709e+03		4.2702162e+02		1.2975493e+03
4.9700000e+02		4.9800000e+02		4.9750000e+02		1.5123203e+03		1.5724382e+03		4.3239791e+03		1.7548725e+03		4.3164435e+02		1.3232282e+03
4.9800000e+02		4.9900000e+02		4.9850000e+02		1.3744029e+03		1.4286240e+03		3.9273991e+03		1.5931484e+03		3.8926894e+02		1.2038795e+03
4.9900000e+02		5.0000000e+02		4.9950000e+02		1.4721832e+03		1.5298221e+03		4.2044205e+03		1.7047007e+03		4.1376720e+02		1.2909335e+03
