Left Bin Edge (nm)	Right Bin Edge (nm)	Bin Center (nm)		Top of Atm Intensity (erg/s/nm/cm2)		Total Surface Flux (erg/s/nm/cm2)		Total Intensity at BOA (erg/s/nm/cm2)		Total Surface Intensity (erg/s/nm/cm2)		Total Surface Diffuse Intensity (erg/s/nm/cm2)		Total Surface Direct Intensity (erg/s/nm/cm2)
1.0000000e+02		1.0100000e+02		1.0050000e+02		4.4569042e-02		2.4525374e-199		0.0000000e+00		4.2479194e-199		4.2479194e-199		0.0000000e+00
1.0100000e+02		1.0200000e+02		1.0150000e+02		1.7387199e-01		2.8780738e-197		0.0000000e+00		4.9849701e-197		4.9849701e-197		0.0000000e+00
1.0200000e+02		1.0300000e+02		1.0250000e+02		9.2286085e-01		3.0760917e-195		0.0000000e+00		5.3279471e-195		5.3279471e-195		0.0000000e+00
1.0300000e+02		1.0400000e+02		1.0350000e+02		7.0094286e-01		3.0025219e-193		0.0000000e+00		5.2005205e-193		5.2005205e-193		0.0000000e+00
1.0400000e+02		1.0500000e+02		1.0450000e+02		1.4124828e-01		2.6834655e-191		0.0000000e+00		4.6478986e-191		4.6478986e-191		0.0000000e+00
1.0500000e+02		1.0600000e+02		1.0550000e+02		4.8389941e-02		2.2015022e-189		0.0000000e+00		3.8131136e-189		3.8131136e-189		0.0000000e+00
1.0600000e+02		1.0700000e+02		1.0650000e+02		4.5487167e-02		1.6618998e-187		0.0000000e+00		2.8784949e-187		2.8784949e-187		0.0000000e+00
1.0700000e+02		1.0800000e+02		1.0750000e+02		5.0757295e-02		1.1570799e-185		0.0000000e+00		2.0041212e-185		2.0041212e-185		0.0000000e+00
1.0800000e+02		1.0900000e+02		1.0850000e+02		7.1152114e-02		7.4464950e-184		0.0000000e+00		1.2897708e-183		1.2897708e-183		0.0000000e+00
1.0900000e+02		1.1000000e+02		1.0950000e+02		5.5817450e-02		4.4371558e-182		0.0000000e+00		7.6853793e-182		7.6853793e-182		0.0000000e+00
1.1000000e+02		1.1100000e+02		1.1050000e+02		5.4043772e-02		2.4565713e-180		0.0000000e+00		4.2549063e-180		4.2549063e-180		0.0000000e+00
1.1100000e+02		1.1200000e+02		1.1150000e+02		5.0797691e-02		1.2643249e-178		0.0000000e+00		2.1898749e-178		2.1898749e-178		0.0000000e+00
1.1200000e+02		1.1300000e+02		1.1250000e+02		5.1969037e-02		6.0676479e-177		0.0000000e+00		1.0509474e-176		1.0509474e-176		0.0000000e+00
1.1300000e+02		1.1400000e+02		1.1350000e+02		4.1221387e-02		2.7182091e-175		0.0000000e+00		4.7080763e-175		4.7080763e-175		0.0000000e+00
1.1400000e+02		1.1500000e+02		1.1450000e+02		3.1562600e-02		1.1379775e-173		0.0000000e+00		1.9710348e-173		1.9710348e-173		0.0000000e+00
1.1500000e+02		1.1600000e+02		1.1550000e+02		4.3552050e-02		4.4720509e-172		0.0000000e+00		7.7458193e-172		7.7458193e-172		0.0000000e+00
1.1600000e+02		1.1700000e+02		1.1650000e+02		1.0143732e-01		1.6478872e-170		0.0000000e+00		2.8542244e-170		2.8542244e-170		0.0000000e+00
1.1700000e+02		1.1800000e+02		1.1750000e+02		3.6108525e-01		5.7089802e-169		0.0000000e+00		9.8882437e-169		9.8882437e-169		0.0000000e+00
1.1800000e+02		1.1900000e+02		1.1850000e+02		1.2283927e-01		1.8602964e-167		0.0000000e+00		3.2221279e-167		3.2221279e-167		0.0000000e+00
1.1900000e+02		1.2000000e+02		1.1950000e+02		1.7115732e-01		5.7282702e-166		0.0000000e+00		9.9216550e-166		9.9216550e-166		0.0000000e+00
1.2000000e+02		1.2100000e+02		1.2050000e+02		9.3056497e-01		1.6643629e-164		0.0000000e+00		2.8827611e-164		2.8827611e-164		0.0000000e+00
1.2100000e+02		1.2200000e+02		1.2150000e+02		3.6941242e+01		4.5711615e-163		0.0000000e+00		7.9174839e-163		7.9174839e-163		0.0000000e+00
1.2200000e+02		1.2300000e+02		1.2250000e+02		2.4773856e-01		1.1893167e-161		0.0000000e+00		2.0599570e-161		2.0599570e-161		0.0000000e+00
1.2300000e+02		1.2400000e+02		1.2350000e+02		1.3344721e-01		2.9347646e-160		3.5840908e-161		5.0831614e-160		5.0831614e-160		0.0000000e+00
1.2400000e+02		1.2500000e+02		1.2450000e+02		1.0726631e-01		6.8767777e-159		8.2746355e-160		1.1910928e-158		1.1910928e-158		0.0000000e+00
1.2500000e+02		1.2600000e+02		1.2550000e+02		1.0471361e-01		1.5313791e-157		1.9297439e-158		2.6524265e-157		2.6524265e-157		0.0000000e+00
1.2600000e+02		1.2700000e+02		1.2650000e+02		1.4644878e-01		3.2453774e-156		4.3782332e-157		5.6211586e-156		5.6211586e-156		0.0000000e+00
1.2700000e+02		1.2800000e+02		1.2750000e+02		7.6659940e-02		6.5533680e-155		9.5228694e-156		1.1350766e-154		1.1350766e-154		0.0000000e+00
1.2800000e+02		1.2900000e+02		1.2850000e+02		6.1165494e-02		1.2635900e-153		1.7465123e-154		2.1886020e-153		2.1886020e-153		0.0000000e+00
1.2900000e+02		1.3000000e+02		1.2950000e+02		8.1594975e-02		2.3257835e-152		3.2644114e-153		4.0283752e-152		4.0283752e-152		0.0000000e+00
1.3000000e+02		1.3100000e+02		1.3050000e+02		6.7007791e-01		4.0922320e-151		5.9389727e-152		7.0879537e-151		7.0879537e-151		0.0000000e+00
1.3100000e+02		1.3200000e+02		1.3150000e+02		9.0731094e-02		6.8923565e-150		1.0076047e-150		1.1937912e-149		1.1937912e-149		0.0000000e+00
1.3200000e+02		1.3300000e+02		1.3250000e+02		7.0547730e-02		1.1120410e-148		1.6476351e-149		1.9261114e-148		1.9261114e-148		0.0000000e+00
1.3300000e+02		1.3400000e+02		1.3350000e+02		9.5357088e-01		1.7204004e-147		2.6051033e-148		2.9798208e-147		2.9798208e-147		0.0000000e+00
1.3400000e+02		1.3500000e+02		1.3450000e+02		6.5246966e-02		2.5546421e-146		3.9521206e-147		4.4247699e-146		4.4247699e-146		0.0000000e+00
1.3500000e+02		1.3600000e+02		1.3550000e+02		1.3692679e-01		3.6443320e-145		5.7575873e-146		6.3121681e-145		6.3121681e-145		0.0000000e+00
1.3600000e+02		1.3700000e+02		1.3650000e+02		8.9861989e-02		4.9988553e-144		8.0743473e-145		8.6582713e-144		8.6582713e-144		0.0000000e+00
1.3700000e+02		1.3800000e+02		1.3750000e+02		9.2282630e-02		6.5988018e-143		1.0895549e-143		1.1429460e-142		1.1429460e-142		0.0000000e+00
1.3800000e+02		1.3900000e+02		1.3850000e+02		9.4180145e-02		8.3900184e-142		1.4159426e-142		1.4531938e-141		1.4531938e-141		0.0000000e+00
1.3900000e+02		1.4000000e+02		1.3950000e+02		3.1801144e-01		1.0282908e-140		1.7732972e-141		1.7810518e-140		1.7810518e-140		0.0000000e+00
1.4000000e+02		1.4100000e+02		1.4050000e+02		2.7729440e-01		1.2158096e-139		2.1418235e-140		2.1058440e-139		2.1058440e-139		0.0000000e+00
1.4100000e+02		1.4200000e+02		1.4150000e+02		1.3359910e-01		1.3878528e-138		2.4968189e-139		2.4038315e-138		2.4038315e-138		0.0000000e+00
1.4200000e+02		1.4300000e+02		1.4250000e+02		1.4479671e-01		1.5306354e-137		2.8113361e-138		2.6511383e-137		2.6511383e-137		0.0000000e+00
1.4300000e+02		1.4400000e+02		1.4350000e+02		1.6064305e-01		1.6321643e-136		3.0597115e-137		2.8269914e-136		2.8269914e-136		0.0000000e+00
1.4400000e+02		1.4500000e+02		1.4450000e+02		1.5363637e-01		1.6839314e-135		3.2210112e-136		2.9166548e-135		2.9166548e-135		0.0000000e+00
1.4500000e+02		1.4600000e+02		1.4550000e+02		1.6382583e-01		1.6820910e-134		3.2821083e-135		2.9134671e-134		2.9134671e-134		0.0000000e+00
1.4600000e+02		1.4700000e+02		1.4650000e+02		1.9977093e-01		1.6278985e-133		3.2392742e-134		2.8196029e-133		2.8196029e-133		0.0000000e+00
1.4700000e+02		1.4800000e+02		1.4750000e+02		2.4643334e-01		1.5273485e-132		3.0985811e-133		2.6454451e-132		2.6454451e-132		0.0000000e+00
1.4800000e+02		1.4900000e+02		1.4850000e+02		2.4167300e-01		1.3901277e-131		2.8745656e-132		2.4077718e-131		2.4077718e-131		0.0000000e+00
1.4900000e+02		1.5000000e+02		1.4950000e+02		2.1832777e-01		1.2281246e-130		2.5878779e-131		2.1271741e-130		2.1271741e-130		0.0000000e+00
1.5000000e+02		1.5100000e+02		1.5050000e+02		2.4023073e-01		1.0538035e-129		2.2622488e-130		1.8252412e-129		1.8252412e-129		0.0000000e+00
1.5100000e+02		1.5200000e+02		1.5150000e+02		2.5258505e-01		8.7873507e-129		1.9213641e-129		1.5220138e-128		1.5220138e-128		0.0000000e+00
1.5200000e+02		1.5300000e+02		1.5250000e+02		3.2229547e-01		7.1249562e-128		1.5863796e-128		1.2340786e-127		1.2340786e-127		0.0000000e+00
1.5300000e+02		1.5400000e+02		1.5350000e+02		3.5701286e-01		5.6204481e-127		1.2740001e-127		9.7349016e-127		9.7349016e-127		0.0000000e+00
1.5400000e+02		1.5500000e+02		1.5450000e+02		9.5486931e-01		4.3157531e-126		9.9569983e-127		7.4751036e-126		7.4751036e-126		0.0000000e+00
1.5500000e+02		1.5600000e+02		1.5550000e+02		7.8587524e-01		3.2274946e-125		7.5772488e-126		5.5901846e-125		5.5901846e-125		0.0000000e+00
1.5600000e+02		1.5700000e+02		1.5650000e+02		4.6648084e-01		2.3518961e-124		5.6175999e-125		4.0736036e-124		4.0736036e-124		0.0000000e+00
1.5700000e+02		1.5800000e+02		1.5750000e+02		4.2309893e-01		1.6708196e-123		4.0593266e-124		2.8939445e-123		2.8939445e-123		0.0000000e+00
1.5800000e+02		1.5900000e+02		1.5850000e+02		3.9008072e-01		1.1577350e-122		2.8604969e-123		2.0052558e-122		2.0052558e-122		0.0000000e+00
1.5900000e+02		1.6000000e+02		1.5950000e+02		3.8042347e-01		7.8281891e-122		1.9665833e-122		1.3558821e-121		1.3558821e-121		0.0000000e+00
1.6000000e+02		1.6100000e+02		1.6050000e+02		4.1635449e-01		5.1675559e-121		1.3196776e-121		8.9504694e-121		8.9504694e-121		0.0000000e+00
1.6100000e+02		1.6200000e+02		1.6150000e+02		4.7164413e-01		3.3317690e-120		8.6478788e-121		5.7707933e-120		5.7707933e-120		0.0000000e+00
1.6200000e+02		1.6300000e+02		1.6250000e+02		5.2241459e-01		2.0990346e-119		5.5365454e-120		3.6356346e-119		3.6356346e-119		0.0000000e+00
1.6300000e+02		1.6400000e+02		1.6350000e+02		1.1072121e+00		1.2927199e-118		3.4643958e-119		2.2390566e-118		2.2390566e-118		0.0000000e+00
1.6400000e+02		1.6500000e+02		1.6450000e+02		1.1323318e+00		7.7859085e-118		2.1196947e-118		1.3485589e-117		1.3485589e-117		0.0000000e+00
1.6500000e+02		1.6600000e+02		1.6550000e+02		1.3255566e+00		4.5878569e-117		1.2687065e-117		7.9464013e-117		7.9464013e-117		0.0000000e+00
1.6600000e+02		1.6700000e+02		1.6650000e+02		6.2522883e-01		2.6459290e-116		7.4310371e-117		4.5828835e-116		4.5828835e-116		0.0000000e+00
1.6700000e+02		1.6800000e+02		1.6750000e+02		6.6723830e-01		1.4941062e-115		4.2610856e-116		2.5878679e-115		2.5878679e-115		0.0000000e+00
1.6800000e+02		1.6900000e+02		1.6850000e+02		7.1904320e-01		8.2638647e-115		2.3929894e-115		1.4313433e-114		1.4313433e-114		0.0000000e+00
1.6900000e+02		1.7000000e+02		1.6950000e+02		9.0554889e-01		4.4785913e-114		1.3168153e-114		7.7571477e-114		7.7571477e-114		0.0000000e+00
1.7000000e+02		1.7100000e+02		1.7050000e+02		1.0161854e+00		2.3791047e-113		7.1019632e-114		4.1207302e-113		4.1207302e-113		0.0000000e+00
1.7100000e+02		1.7200000e+02		1.7150000e+02		1.0130704e+00		1.2392237e-112		3.7559546e-113		2.1463985e-112		2.1463985e-112		0.0000000e+00
1.7200000e+02		1.7300000e+02		1.7250000e+02		1.0571150e+00		6.3313929e-112		1.9483938e-112		1.0966294e-111		1.0966294e-111		0.0000000e+00
1.7300000e+02		1.7400000e+02		1.7350000e+02		1.0479596e+00		3.1739742e-111		9.9199357e-112		5.4974847e-111		5.4974847e-111		0.0000000e+00
1.7400000e+02		1.7500000e+02		1.7450000e+02		1.2530722e+00		1.5617151e-110		4.9591677e-111		2.7049699e-110		2.7049699e-110		0.0000000e+00
1.7500000e+02		1.7600000e+02		1.7550000e+02		1.4954862e+00		7.5445080e-110		2.4353372e-110		1.3067471e-109		1.3067471e-109		0.0000000e+00
1.7600000e+02		1.7700000e+02		1.7650000e+02		1.6135596e+00		3.5794557e-109		1.1757528e-109		6.1997991e-109		6.1997991e-109		0.0000000e+00
1.7700000e+02		1.7800000e+02		1.7750000e+02		1.9010195e+00		1.6681672e-108		5.5989199e-109		2.8893503e-108		2.8893503e-108		0.0000000e+00
1.7800000e+02		1.7900000e+02		1.7850000e+02		2.0776624e+00		7.6340347e-108		2.6687075e-108		1.3222536e-107		1.3222536e-107		0.0000000e+00
1.7900000e+02		1.8000000e+02		1.7950000e+02		2.0198657e+00		3.4425170e-107		1.1806418e-107		5.9626144e-107		5.9626144e-107		0.0000000e+00
1.8000000e+02		1.8100000e+02		1.8050000e+02		2.4976225e+00		1.5230602e-106		5.4136732e-107		2.6380177e-106		2.6380177e-106		0.0000000e+00
1.8100000e+02		1.8200000e+02		1.8150000e+02		3.0410490e+00		6.6236973e-106		2.4678493e-106		1.1472580e-105		1.1472580e-105		0.0000000e+00
1.8200000e+02		1.8300000e+02		1.8250000e+02		2.8073836e+00		2.8346934e-105		1.0982555e-105		4.9098329e-105		4.9098329e-105		0.0000000e+00
1.8300000e+02		1.8400000e+02		1.8350000e+02		2.9562417e+00		1.1967039e-104		4.5935863e-105		2.0727519e-104		2.0727519e-104		0.0000000e+00
1.8400000e+02		1.8500000e+02		1.8450000e+02		2.5409769e+00		4.9457324e-104		2.0840924e-104		8.5662598e-104		8.5662598e-104		3.1627290e-273
1.8500000e+02		1.8600000e+02		1.8550000e+02		2.8735562e+00		1.9988832e-103		2.1102240e-103		3.4621672e-103		3.4621672e-103		3.6020107e-117
1.8600000e+02		1.8700000e+02		1.8650000e+02		3.2604304e+00		8.1165313e-103		3.6364081e-103		1.4058245e-102		1.4058245e-102		6.1938269e-205
1.8700000e+02		1.8800000e+02		1.8750000e+02		3.6946466e+00		2.5311708e-52		3.6183167e-49		2.6676909e-52		3.2300997e-53		2.3446809e-52
1.8800000e+02		1.8900000e+02		1.8850000e+02		3.8870616e+00		1.2535264e-101		5.9929679e-102		2.1711714e-101		2.1711714e-101		5.7859741e-156
1.8900000e+02		1.9000000e+02		1.8950000e+02		4.3106081e+00		5.9970351e-20		1.4013618e-18		6.8561352e-20		2.0326525e-20		4.8234827e-20
1.9000000e+02		1.9100000e+02		1.9050000e+02		4.4384288e+00		5.7189773e-66		4.7690185e-62		5.9431862e-66		5.3048408e-67		5.4127021e-66
1.9100000e+02		1.9200000e+02		1.9150000e+02		4.8094361e+00		2.4148628e-11		2.0191301e-10		3.0341515e-11		1.4652528e-11		1.5688987e-11
1.9200000e+02		1.9300000e+02		1.9250000e+02		5.0365493e+00		7.2391960e-21		1.8978753e-19		8.1458867e-21		2.1452531e-21		6.0006336e-21
1.9300000e+02		1.9400000e+02		1.9350000e+02		3.8447944e+00		1.4376297e-07		8.0692256e-07		2.0072967e-07		1.3478467e-07		6.5945007e-08
1.9400000e+02		1.9500000e+02		1.9450000e+02		6.1679797e+00		1.9971692e-07		1.1178949e-06		2.7580083e-07		1.8001646e-07		9.5784370e-08
1.9500000e+02		1.9600000e+02		1.9550000e+02		5.9528271e+00		3.0385226e-06		1.5362230e-05		4.4084719e-06		3.2413350e-06		1.1671369e-06
1.9600000e+02		1.9700000e+02		1.9650000e+02		6.5508102e+00		1.7637767e-02		6.8598572e-02		3.0087037e-02		2.9455290e-02		6.3174723e-04
1.9700000e+02		1.9800000e+02		1.9750000e+02		6.5190955e+00		1.0997867e-02		4.3300431e-02		1.8637692e-02		1.8076018e-02		5.6167346e-04
1.9800000e+02		1.9900000e+02		1.9850000e+02		6.3883794e+00		3.2270149e-02		1.2260726e-01		5.5088650e-02		5.3989152e-02		1.0994977e-03
1.9900000e+02		2.0000000e+02		1.9950000e+02		6.7274707e+00		2.2726964e-01		8.2024819e-01		3.9144339e-01		3.8843925e-01		3.0041357e-03
2.0000000e+02		2.0100000e+02		2.0050000e+02		7.1125146e+00		2.2058793e-01		7.9676466e-01		3.7947872e-01		3.7593966e-01		3.5390607e-03
2.0100000e+02		2.0200000e+02		2.0150000e+02		7.5701275e+00		6.5062398e-01		2.2994415e+00		1.1223999e+00		1.1162339e+00		6.1660314e-03
2.0200000e+02		2.0300000e+02		2.0250000e+02		7.4828608e+00		9.5081405e-01		3.3354745e+00		1.6410982e+00		1.6332298e+00		7.8683649e-03
2.0300000e+02		2.0400000e+02		2.0350000e+02		8.0092047e+00		9.9284157e-01		3.4813954e+00		1.7126389e+00		1.7030587e+00		9.5801578e-03
2.0400000e+02		2.0500000e+02		2.0450000e+02		8.6207445e+00		1.1659696e+00		4.0795536e+00		2.0106841e+00		1.9986161e+00		1.2068073e-02
2.0500000e+02		2.0600000e+02		2.0550000e+02		8.6400754e+00		1.2653713e+00		4.4183979e+00		2.1813861e+00		2.1673143e+00		1.4071830e-02
2.0600000e+02		2.0700000e+02		2.0650000e+02		8.6510225e+00		1.3429559e+00		4.6813854e+00		2.3141843e+00		2.2979510e+00		1.6233266e-02
2.0700000e+02		2.0800000e+02		2.0750000e+02		9.3957826e+00		1.5401509e+00		5.3600702e+00		2.6528170e+00		2.6325963e+00		2.0220711e-02
2.0800000e+02		2.0900000e+02		2.0850000e+02		1.0163489e+01		1.7748822e+00		6.1663664e+00		3.0558357e+00		3.0307685e+00		2.5067135e-02
2.0900000e+02		2.1000000e+02		2.0950000e+02		1.3129215e+01		2.4358134e+00		8.4485446e+00		4.1918949e+00		4.1549336e+00		3.6961329e-02
2.1000000e+02		2.1100000e+02		2.1050000e+02		1.6183343e+01		3.2152679e+00		1.1132821e+01		5.5309693e+00		5.4790085e+00		5.1960824e-02
2.1100000e+02		2.1200000e+02		2.1150000e+02		1.8424170e+01		3.9247022e+00		1.3566103e+01		6.7485259e+00		6.6812386e+00		6.7287335e-02
2.1200000e+02		2.1300000e+02		2.1250000e+02		1.6428561e+01		3.7090432e+00		1.2800773e+01		6.3746025e+00		6.3067810e+00		6.7821502e-02
2.1300000e+02		2.1400000e+02		2.1350000e+02		1.6737981e+01		3.9941690e+00		1.3764113e+01		6.8611303e+00		6.7833033e+00		7.7826988e-02
2.1400000e+02		2.1500000e+02		2.1450000e+02		2.1432541e+01		5.3858420e+00		1.8533027e+01		9.2466946e+00		9.1348754e+00		1.1181922e-01
2.1500000e+02		2.1600000e+02		2.1550000e+02		1.8408135e+01		4.9016688e+00		1.6842065e+01		8.4111191e+00		8.3034487e+00		1.0767040e-01
2.1600000e+02		2.1700000e+02		2.1650000e+02		1.7036901e+01		4.8471221e+00		1.6629581e+01		8.3136952e+00		8.2020000e+00		1.1169522e-01
2.1700000e+02		2.1800000e+02		2.1750000e+02		1.7640866e+01		5.3651146e+00		1.8379733e+01		9.1979773e+00		9.0686505e+00		1.2932680e-01
2.1800000e+02		2.1900000e+02		2.1850000e+02		2.3730294e+01		7.7269136e+00		2.6432868e+01		1.3241284e+01		1.3047140e+01		1.9414372e-01
2.1900000e+02		2.2000000e+02		2.1950000e+02		2.5052511e+01		8.6679064e+00		2.9611972e+01		1.4846561e+01		1.4618853e+01		2.2770770e-01
2.2000000e+02		2.2100000e+02		2.2050000e+02		2.5203754e+01		9.2234257e+00		3.1469185e+01		1.5789791e+01		1.5536187e+01		2.5360376e-01
2.2100000e+02		2.2200000e+02		2.2150000e+02		2.0176768e+01		7.7978746e+00		2.6572142e+01		1.3342216e+01		1.3118052e+01		2.2416394e-01
2.2200000e+02		2.2300000e+02		2.2250000e+02		2.7154039e+01		1.1077643e+01		3.7702445e+01		1.8943749e+01		1.8611406e+01		3.3234305e-01
2.2300000e+02		2.2400000e+02		2.2350000e+02		3.5163062e+01		1.5215186e+01		5.1722618e+01		2.6006676e+01		2.5532939e+01		4.7373652e-01
2.2400000e+02		2.2500000e+02		2.2450000e+02		3.2875934e+01		1.5115758e+01		5.1325158e+01		2.5824902e+01		2.5338107e+01		4.8679537e-01
2.2500000e+02		2.2600000e+02		2.2550000e+02		2.8720078e+01		1.4058359e+01		4.7681496e+01		2.4008157e+01		2.3541476e+01		4.6668142e-01
2.2600000e+02		2.2700000e+02		2.2650000e+02		2.1037217e+01		1.0973760e+01		3.7179664e+01		1.8732963e+01		1.8358471e+01		3.7449180e-01
2.2700000e+02		2.2800000e+02		2.2750000e+02		2.0463841e+01		1.1337215e+01		3.8371769e+01		1.9345301e+01		1.8947334e+01		3.9796688e-01
2.2800000e+02		2.2900000e+02		2.2850000e+02		2.8509984e+01		1.6604735e+01		5.6144745e+01		2.8318799e+01		2.7715773e+01		6.0302608e-01
2.2900000e+02		2.3000000e+02		2.2950000e+02		2.5620938e+01		1.5664933e+01		5.2916481e+01		2.6701896e+01		2.6113735e+01		5.8816078e-01
2.3000000e+02		2.3100000e+02		2.3050000e+02		2.9055844e+01		1.8729931e+01		6.3212217e+01		3.1911578e+01		3.1188113e+01		7.2346571e-01
2.3100000e+02		2.3200000e+02		2.3150000e+02		2.7387429e+01		1.8502846e+01		6.2390131e+01		3.1508114e+01		3.0770795e+01		7.3731973e-01
2.3200000e+02		2.3300000e+02		2.3250000e+02		2.9413108e+01		2.0772501e+01		6.9982409e+01		3.5353660e+01		3.4499394e+01		8.5426695e-01
2.3300000e+02		2.3400000e+02		2.3350000e+02		2.6543685e+01		1.9614051e+01		6.6024332e+01		3.3364508e+01		3.2533930e+01		8.3057788e-01
2.3400000e+02		2.3500000e+02		2.3450000e+02		2.3194371e+01		1.7907418e+01		6.0230574e+01		3.0445209e+01		2.9664730e+01		7.8047855e-01
2.3500000e+02		2.3600000e+02		2.3550000e+02		3.1223226e+01		2.5150881e+01		8.4526800e+01		4.2737006e+01		4.1609216e+01		1.1277893e+00
2.3600000e+02		2.3700000e+02		2.3650000e+02		2.8911473e+01		2.4263064e+01		8.1480395e+01		4.1205706e+01		4.0086722e+01		1.1189844e+00
2.3700000e+02		2.3800000e+02		2.3750000e+02		3.0878004e+01		2.6892191e+01		9.0240660e+01		4.5643339e+01		4.4365692e+01		1.2776467e+00
2.3800000e+02		2.3900000e+02		2.3850000e+02		2.5598090e+01		2.3072475e+01		7.7364517e+01		3.9135398e+01		3.8005285e+01		1.1301133e+00
2.3900000e+02		2.4000000e+02		2.3950000e+02		2.7890834e+01		2.5912649e+01		8.6821782e+01		4.3922382e+01		4.2611486e+01		1.3108957e+00
2.4000000e+02		2.4100000e+02		2.4050000e+02		2.5623038e+01		2.4560987e+01		8.2232290e+01		4.1603274e+01		4.0322484e+01		1.2807896e+00
2.4100000e+02		2.4200000e+02		2.4150000e+02		3.0005079e+01		2.9590734e+01		9.8999031e+01		5.0087137e+01		4.8495009e+01		1.5921273e+00
2.4200000e+02		2.4300000e+02		2.4250000e+02		4.1301739e+01		4.3468109e+01		1.4536497e+02		7.3574011e+01		7.1231331e+01		2.3426805e+00
2.4300000e+02		2.4400000e+02		2.4350000e+02		3.8791639e+01		4.4738208e+01		1.4958799e+02		7.5759845e+01		7.3397981e+01		2.3618643e+00
2.4400000e+02		2.4500000e+02		2.4450000e+02		3.6329084e+01		4.3524662e+01		1.4544922e+02		7.3670704e+01		7.1326301e+01		2.3444032e+00
2.4500000e+02		2.4600000e+02		2.4550000e+02		2.9476122e+01		3.5407748e+01		1.1822333e+02		5.9864573e+01		5.7865468e+01		1.9991049e+00
2.4600000e+02		2.4700000e+02		2.4650000e+02		2.8685918e+01		3.4491543e+01		1.1506283e+02		5.8246486e+01		5.6204798e+01		2.0416879e+00
2.4700000e+02		2.4800000e+02		2.4750000e+02		3.1678139e+01		3.8123440e+01		1.2706529e+02		6.4301522e+01		6.1938006e+01		2.3635158e+00
2.4800000e+02		2.4900000e+02		2.4850000e+02		2.5406301e+01		3.0601003e+01		1.0190087e+02		5.1549381e+01		4.9564396e+01		1.9849851e+00
2.4900000e+02		2.5000000e+02		2.4950000e+02		3.0967514e+01		3.7328123e+01		1.2418831e+02		6.2801385e+01		6.0270384e+01		2.5310008e+00
2.5000000e+02		2.5100000e+02		2.5050000e+02		3.3448743e+01		4.0347771e+01		1.3411012e+02		6.7792963e+01		6.4936023e+01		2.8569404e+00
2.5100000e+02		2.5200000e+02		2.5150000e+02		2.7888154e+01		3.3662339e+01		1.1178381e+02		5.6484365e+01		5.3997492e+01		2.4868725e+00
2.5200000e+02		2.5300000e+02		2.5250000e+02		2.5069906e+01		3.0278711e+01		1.0045231e+02		5.0737287e+01		4.8405510e+01		2.3317773e+00
2.5300000e+02		2.5400000e+02		2.5350000e+02		3.1592540e+01		3.8177307e+01		1.2653514e+02		6.3883426e+01		6.0821331e+01		3.0620950e+00
2.5400000e+02		2.5500000e+02		2.5450000e+02		3.5730773e+01		4.3199193e+01		1.4304093e+02		7.2183663e+01		6.8577992e+01		3.6056709e+00
2.5500000e+02		2.5600000e+02		2.5550000e+02		4.8755658e+01		5.8972246e+01		1.9507735e+02		9.8396307e+01		9.3278330e+01		5.1179768e+00
2.5600000e+02		2.5700000e+02		2.5650000e+02		6.2803876e+01		7.5993416e+01		2.5113392e+02		1.2660842e+02		1.1975639e+02		6.8520314e+00
2.5700000e+02		2.5800000e+02		2.5750000e+02		7.8843355e+01		9.5433196e+01		3.1506124e+02		1.5875573e+02		1.4982274e+02		8.9329989e+00
2.5800000e+02		2.5900000e+02		2.5850000e+02		8.2991293e+01		1.0048245e+02		3.3139644e+02		1.6689815e+02		1.5714122e+02		9.7569262e+00
2.5900000e+02		2.6000000e+02		2.5950000e+02		7.0629481e+01		8.5535430e+01		2.8181354e+02		1.4184919e+02		1.3323979e+02		8.6094006e+00
2.6000000e+02		2.6100000e+02		2.6050000e+02		5.7868388e+01		7.0094386e+01		2.3070315e+02		1.1605718e+02		1.0874914e+02		7.3080414e+00
2.6100000e+02		2.6200000e+02		2.6150000e+02		5.9092703e+01		7.1587552e+01		2.3537416e+02		1.1833768e+02		1.1061200e+02		7.7256844e+00
2.6200000e+02		2.6300000e+02		2.6250000e+02		7.0528613e+01		8.5449852e+01		2.8065973e+02		1.4102059e+02		1.3148179e+02		9.5388072e+00
2.6300000e+02		2.6400000e+02		2.6350000e+02		1.0614195e+02		1.2860456e+02		4.2195810e+02		2.1188603e+02		1.9704608e+02		1.4839951e+01
2.6400000e+02		2.6500000e+02		2.6450000e+02		1.6548208e+02		2.0050495e+02		6.5717195e+02		3.2978818e+02		3.0588741e+02		2.3900770e+01
2.6500000e+02		2.6600000e+02		2.6550000e+02		1.7356948e+02		2.1029760e+02		6.8853510e+02		3.4530100e+02		3.1942148e+02		2.5879522e+01
2.6600000e+02		2.6700000e+02		2.6650000e+02		1.6826276e+02		2.0385354e+02		6.6672220e+02		3.3413737e+02		3.0825484e+02		2.5882526e+01
2.6700000e+02		2.6800000e+02		2.6750000e+02		1.6940220e+02		2.0521144e+02		6.7044051e+02		3.3576975e+02		3.0890428e+02		2.6865467e+01
2.6800000e+02		2.6900000e+02		2.6850000e+02		1.6778062e+02		2.0321698e+02		6.6320533e+02		3.3191235e+02		3.0449650e+02		2.7415850e+01
2.6900000e+02		2.7000000e+02		2.6950000e+02		1.5737310e+02		1.9057604e+02		6.2127379e+02		3.1070305e+02		2.8422356e+02		2.6479489e+01
2.7000000e+02		2.7100000e+02		2.7050000e+02		1.8181465e+02		2.2012564e+02		7.1681919e+02		3.5822205e+02		3.2673961e+02		3.1482434e+01
2.7100000e+02		2.7200000e+02		2.7150000e+02		1.5108640e+02		1.8287566e+02		5.9486280e+02		2.9705230e+02		2.7014485e+02		2.6907455e+01
2.7200000e+02		2.7300000e+02		2.7250000e+02		1.2154404e+02		1.4707479e+02		4.7787999e+02		2.3845241e+02		2.1620178e+02		2.2250635e+01
2.7300000e+02		2.7400000e+02		2.7350000e+02		1.2960124e+02		1.5677380e+02		5.0882882e+02		2.5369668e+02		2.2932200e+02		2.4374687e+01
2.7400000e+02		2.7500000e+02		2.7450000e+02		8.9183780e+01		1.0784404e+02		3.4963102e+02		1.7418342e+02		1.5696068e+02		1.7222745e+01
2.7500000e+02		2.7600000e+02		2.7550000e+02		1.1893609e+02		1.4376608e+02		4.6556896e+02		2.3175459e+02		2.0818305e+02		2.3571537e+01
2.7600000e+02		2.7700000e+02		2.7650000e+02		1.6564211e+02		2.0013961e+02		6.4739996e+02		3.2200176e+02		2.8832895e+02		3.3672812e+01
2.7700000e+02		2.7800000e+02		2.7750000e+02		1.5837296e+02		1.9127151e+02		6.1801685e+02		3.0712917e+02		2.7412218e+02		3.3006998e+01
2.7800000e+02		2.7900000e+02		2.7850000e+02		1.0921797e+02		1.3184333e+02		4.2551717e+02		2.1128422e+02		1.8795917e+02		2.3325051e+01
2.7900000e+02		2.8000000e+02		2.7950000e+02		6.1368404e+01		7.4044356e+01		2.3870329e+02		1.1842183e+02		1.0499823e+02		1.3423602e+01
2.8000000e+02		2.8100000e+02		2.8050000e+02		6.7313201e+01		8.1174402e+01		2.6139168e+02		1.2956354e+02		1.1448993e+02		1.5073612e+01
2.8100000e+02		2.8200000e+02		2.8150000e+02		1.3943196e+02		1.6805133e+02		5.4052986e+02		2.6768424e+02		2.3573400e+02		3.1950244e+01
2.8200000e+02		2.8300000e+02		2.8250000e+02		1.8983287e+02		2.2866581e+02		7.3465423e+02		3.6349021e+02		3.1899794e+02		4.4492269e+01
2.8300000e+02		2.8400000e+02		2.8350000e+02		1.9610227e+02		2.3607634e+02		7.5759529e+02		3.7449694e+02		3.2750665e+02		4.6990287e+01
2.8400000e+02		2.8500000e+02		2.8450000e+02		1.4459284e+02		1.7395897e+02		5.5761424e+02		2.7538540e+02		2.3997751e+02		3.5407890e+01
2.8500000e+02		2.8600000e+02		2.8550000e+02		9.2944992e+01		1.1174981e+02		3.5779584e+02		1.7653602e+02		1.5328581e+02		2.3250203e+01
2.8600000e+02		2.8700000e+02		2.8650000e+02		1.9045522e+02		2.2883652e+02		7.3183753e+02		3.6074367e+02		3.1209567e+02		4.8648000e+01
2.8700000e+02		2.8800000e+02		2.8750000e+02		2.2108403e+02		2.6545612e+02		8.4797373e+02		4.1758761e+02		3.5994697e+02		5.7640635e+01
2.8800000e+02		2.8900000e+02		2.8850000e+02		2.1010240e+02		2.5209306e+02		8.0435994e+02		3.9572373e+02		3.3983381e+02		5.5889925e+01
2.8900000e+02		2.9000000e+02		2.8950000e+02		3.1885068e+02		3.8229946e+02		1.2184081e+03		5.9883378e+02		5.1232570e+02		8.6508077e+01
2.9000000e+02		2.9100000e+02		2.9050000e+02		4.1860542e+02		5.0153345e+02		1.5965712e+03		7.8391544e+02		6.6812296e+02		1.1579248e+02
2.9100000e+02		2.9200000e+02		2.9150000e+02		4.0318642e+02		4.8269441e+02		1.5348283e+03		7.5284193e+02		6.3917591e+02		1.1366602e+02
2.9200000e+02		2.9300000e+02		2.9250000e+02		3.5818014e+02		4.2848151e+02		1.3608765e+03		6.6683990e+02		5.6396201e+02		1.0287790e+02
2.9300000e+02		2.9400000e+02		2.9350000e+02		3.7393440e+02		4.4697521e+02		1.4179770e+03		6.9410765e+02		5.8472163e+02		1.0938602e+02
2.9400000e+02		2.9500000e+02		2.9450000e+02		3.4819581e+02		4.1587471e+02		1.3177940e+03		6.4440064e+02		5.4069816e+02		1.0370248e+02
2.9500000e+02		2.9600000e+02		2.9550000e+02		3.7701055e+02		4.4992200e+02		1.4240384e+03		6.9562809e+02		5.8134687e+02		1.1428123e+02
2.9600000e+02		2.9700000e+02		2.9650000e+02		3.4493460e+02		4.1130060e+02		1.3003000e+03		6.3451550e+02		5.2813212e+02		1.0638337e+02
2.9700000e+02		2.9800000e+02		2.9750000e+02		3.5165811e+02		4.1896376e+02		1.3230030e+03		6.4491003e+02		5.3459463e+02		1.1031540e+02
2.9800000e+02		2.9900000e+02		2.9850000e+02		3.0223333e+02		3.5977092e+02		1.1347783e+03		5.5256772e+02		4.5616212e+02		9.6405601e+01
2.9900000e+02		3.0000000e+02		2.9950000e+02		3.4101318e+02		4.0558108e+02		1.2778026e+03		6.2154286e+02		5.1097107e+02		1.1057179e+02
3.0000000e+02		3.0100000e+02		3.0050000e+02		2.7131061e+02		3.2239722e+02		1.0145632e+03		4.9296493e+02		4.0356752e+02		8.9397405e+01
3.0100000e+02		3.0200000e+02		3.0150000e+02		3.1202593e+02		3.7044918e+02		1.1644447e+03		5.6517411e+02		4.6072415e+02		1.0444996e+02
3.0200000e+02		3.0300000e+02		3.0250000e+02		3.2846528e+02		3.8961578e+02		1.2232915e+03		5.9308485e+02		4.8141299e+02		1.1167186e+02
3.0300000e+02		3.0400000e+02		3.0350000e+02		4.2601061e+02		5.0486182e+02		1.5833247e+03		7.6679176e+02		6.1973288e+02		1.4705888e+02
3.0400000e+02		3.0500000e+02		3.0450000e+02		4.0776836e+02		4.8279954e+02		1.5124090e+03		7.3163505e+02		5.8875113e+02		1.4288392e+02
3.0500000e+02		3.0600000e+02		3.0550000e+02		4.1174793e+02		4.8705988e+02		1.5240199e+03		7.3642933e+02		5.9001445e+02		1.4641488e+02
3.0600000e+02		3.0700000e+02		3.0650000e+02		3.9053943e+02		4.6154074e+02		1.4425314e+03		6.9627103e+02		5.5537782e+02		1.4089321e+02
3.0700000e+02		3.0800000e+02		3.0750000e+02		4.3847484e+02		5.1770325e+02		1.6162337e+03		7.7923312e+02		6.1878633e+02		1.6044680e+02
3.0800000e+02		3.0900000e+02		3.0850000e+02		4.3035211e+02		5.0763114e+02		1.5829993e+03		7.6234551e+02		6.0266069e+02		1.5968483e+02
3.0900000e+02		3.1000000e+02		3.0950000e+02		3.4901328e+02		4.1129329e+02		1.2811339e+03		6.1627041e+02		4.8498108e+02		1.3128933e+02
3.1000000e+02		3.1100000e+02		3.1050000e+02		4.3927411e+02		5.1716377e+02		1.6090987e+03		7.7314876e+02		6.0566700e+02		1.6748176e+02
3.1100000e+02		3.1200000e+02		3.1150000e+02		5.2246540e+02		6.1451215e+02		1.9098450e+03		9.1660047e+02		7.1474865e+02		2.0185182e+02
3.1200000e+02		3.1300000e+02		3.1250000e+02		4.6521908e+02		5.4664923e+02		1.6970352e+03		8.1352797e+02		6.3144187e+02		1.8208610e+02
3.1300000e+02		3.1400000e+02		3.1350000e+02		4.9544367e+02		5.8159654e+02		1.8035153e+03		8.6357363e+02		6.6716494e+02		1.9640868e+02
3.1400000e+02		3.1500000e+02		3.1450000e+02		4.6729179e+02		5.4801215e+02		1.6974837e+03		8.1186043e+02		6.2427173e+02		1.8758870e+02
3.1500000e+02		3.1600000e+02		3.1550000e+02		4.5343123e+02		5.3123458e+02		1.6436931e+03		7.8521961e+02		6.0093502e+02		1.8428459e+02
3.1600000e+02		3.1700000e+02		3.1650000e+02		4.4229406e+02		5.1767528e+02		1.5999721e+03		7.6344184e+02		5.8148992e+02		1.8195192e+02
3.1700000e+02		3.1800000e+02		3.1750000e+02		5.6102832e+02		6.5599604e+02		2.0252490e+03		9.6523654e+02		7.3167088e+02		2.3356566e+02
3.1800000e+02		3.1900000e+02		3.1850000e+02		4.6340678e+02		5.4131216e+02		1.6693558e+03		7.9468450e+02		5.9948539e+02		1.9519910e+02
3.1900000e+02		3.2000000e+02		3.1950000e+02		4.9774832e+02		5.8084890e+02		1.7893281e+03		8.5079536e+02		6.3870018e+02		2.1209518e+02
3.2000000e+02		3.2100000e+02		3.2050000e+02		5.7184857e+02		6.6665562e+02		2.0514258e+03		9.7426962e+02		7.2782253e+02		2.4644709e+02
3.2100000e+02		3.2200000e+02		3.2150000e+02		4.8024660e+02		5.5930826e+02		1.7192333e+03		8.1554016e+02		6.0625118e+02		2.0928898e+02
3.2200000e+02		3.2300000e+02		3.2250000e+02		4.8228681e+02		5.6112316e+02		1.7229510e+03		8.1633755e+02		6.0384374e+02		2.1249382e+02
3.2300000e+02		3.2400000e+02		3.2350000e+02		4.6607071e+02		5.4171401e+02		1.6615671e+03		7.8632159e+02		5.7874776e+02		2.0757384e+02
3.2400000e+02		3.2500000e+02		3.2450000e+02		5.4882129e+02		6.3725662e+02		1.9525276e+03		9.2292043e+02		6.7588783e+02		2.4703260e+02
3.2500000e+02		3.2600000e+02		3.2550000e+02		6.3196128e+02		7.3305887e+02		2.2436685e+03		1.0592778e+03		7.7184225e+02		2.8743554e+02
3.2600000e+02		3.2700000e+02		3.2650000e+02		7.1301257e+02		8.2624814e+02		2.5262094e+03		1.1912532e+03		8.6361122e+02		3.2764197e+02
3.2700000e+02		3.2800000e+02		3.2750000e+02		6.8984049e+02		7.9859573e+02		2.4390849e+03		1.1488008e+03		8.2859398e+02		3.2020678e+02
3.2800000e+02		3.2900000e+02		3.2850000e+02		6.6596082e+02		7.7017986e+02		2.3498235e+03		1.1054414e+03		7.9323730e+02		3.1220409e+02
3.2900000e+02		3.3000000e+02		3.2950000e+02		7.7527139e+02		8.9570026e+02		2.7299271e+03		1.2827260e+03		9.1571278e+02		3.6701324e+02
3.3000000e+02		3.3100000e+02		3.3050000e+02		7.3029799e+02		8.4289778e+02		2.5663192e+03		1.2044136e+03		8.5535573e+02		3.4905791e+02
3.3100000e+02		3.3200000e+02		3.3150000e+02		6.9881652e+02		8.0575744e+02		2.4506973e+03		1.1487794e+03		8.1159878e+02		3.3718066e+02
3.3200000e+02		3.3300000e+02		3.3250000e+02		6.8562051e+02		7.8975414e+02		2.3995459e+03		1.1234608e+03		7.8955855e+02		3.3390230e+02
3.3300000e+02		3.3400000e+02		3.3350000e+02		6.5878216e+02		7.5808443e+02		2.3009582e+03		1.0760180e+03		7.5223887e+02		3.2377912e+02
3.3400000e+02		3.3500000e+02		3.3450000e+02		6.9405546e+02		7.9788140e+02		2.4192779e+03		1.1300003e+03		7.8580165e+02		3.4419861e+02
3.3500000e+02		3.3600000e+02		3.3550000e+02		6.8541663e+02		7.8716920e+02		2.3843722e+03		1.1123692e+03		7.6943148e+02		3.4293773e+02
3.3600000e+02		3.3700000e+02		3.3650000e+02		5.6469084e+02		6.4787980e+02		1.9604746e+03		9.1352089e+02		6.2851356e+02		2.8500732e+02
3.3700000e+02		3.3800000e+02		3.3750000e+02		5.9573781e+02		6.8282613e+02		2.0641444e+03		9.6068267e+02		6.5741564e+02		3.0326704e+02
3.3800000e+02		3.3900000e+02		3.3850000e+02		6.4448401e+02		7.3797134e+02		2.2286144e+03		1.0359953e+03		7.0513232e+02		3.3086301e+02
3.3900000e+02		3.4000000e+02		3.3950000e+02		6.7448220e+02		7.7156304e+02		2.3277412e+03		1.0807891e+03		7.3163677e+02		3.4915235e+02
3.4000000e+02		3.4100000e+02		3.4050000e+02		7.1196374e+02		8.1364250e+02		2.4522634e+03		1.1372535e+03		7.6567189e+02		3.7158162e+02
3.4100000e+02		3.4200000e+02		3.4150000e+02		6.4984945e+02		7.4193295e+02		2.2339362e+03		1.0347737e+03		6.9286864e+02		3.4190505e+02
3.4200000e+02		3.4300000e+02		3.4250000e+02		7.0477558e+02		8.0385978e+02		2.4180286e+03		1.1187192e+03		7.4496542e+02		3.7375379e+02
3.4300000e+02		3.4400000e+02		3.4350000e+02		6.9264465e+02		7.8925790e+02		2.3717970e+03		1.0960312e+03		7.2583337e+02		3.7019781e+02
3.4400000e+02		3.4500000e+02		3.4450000e+02		5.5710877e+02		6.3420399e+02		1.9040022e+03		8.7881869e+02		5.7876460e+02		3.0005409e+02
3.4500000e+02		3.4600000e+02		3.4550000e+02		6.7138909e+02		7.6356383e+02		2.2901617e+03		1.0558087e+03		6.9145888e+02		3.6434986e+02
3.4600000e+02		3.4700000e+02		3.4650000e+02		6.5194093e+02		7.4073531e+02		2.2195690e+03		1.0220587e+03		6.6561835e+02		3.5644037e+02
3.4700000e+02		3.4800000e+02		3.4750000e+02		6.4525828e+02		7.3244294e+02		2.1926366e+03		1.0084698e+03		6.5308648e+02		3.5538328e+02
3.4800000e+02		3.4900000e+02		3.4850000e+02		6.6761091e+02		7.5709570e+02		2.2642971e+03		1.0402066e+03		6.6984749e+02		3.7035908e+02
3.4900000e+02		3.5000000e+02		3.4950000e+02		6.3989005e+02		7.2497268e+02		2.1661899e+03		9.9397092e+02		6.3645668e+02		3.5751425e+02
3.5000000e+02		3.5100000e+02		3.5050000e+02		7.6650484e+02		8.6760480e+02		2.5899513e+03		1.1870275e+03		7.5576224e+02		4.3126526e+02
3.5100000e+02		3.5200000e+02		3.5150000e+02		7.1211510e+02		8.0528548e+02		2.4016891e+03		1.0994592e+03		6.9602258e+02		4.0343666e+02
3.5200000e+02		3.5300000e+02		3.5250000e+02		6.5785102e+02		7.4322751e+02		2.2145653e+03		1.0126168e+03		6.3738200e+02		3.7523484e+02
3.5300000e+02		3.5400000e+02		3.5350000e+02		7.5263834e+02		8.4952676e+02		2.5289841e+03		1.1550433e+03		7.2285998e+02		4.3218335e+02
3.5400000e+02		3.5500000e+02		3.5450000e+02		8.0329241e+02		9.0586375e+02		2.6942430e+03		1.2290958e+03		7.6477522e+02		4.6432057e+02
3.5500000e+02		3.5600000e+02		3.5550000e+02		7.5433512e+02		8.4987307e+02		2.5254301e+03		1.1507537e+03		7.1189130e+02		4.3886244e+02
3.5600000e+02		3.5700000e+02		3.5650000e+02		6.5576441e+02		7.3814243e+02		2.1914491e+03		9.9741951e+02		6.1345617e+02		3.8396335e+02
3.5700000e+02		3.5800000e+02		3.5750000e+02		5.7307986e+02		6.4448402e+02		1.9116828e+03		8.6908678e+02		5.3141583e+02		3.3767095e+02
3.5800000e+02		3.5900000e+02		3.5850000e+02		4.9194729e+02		5.5274190e+02		1.6381026e+03		7.4385905e+02		4.5218805e+02		2.9167100e+02
3.5900000e+02		3.6000000e+02		3.5950000e+02		7.1030971e+02		7.9737115e+02		2.3610045e+03		1.0709029e+03		6.4718306e+02		4.2371984e+02
3.6000000e+02		3.6100000e+02		3.6050000e+02		7.0092701e+02		7.8613422e+02		2.3256970e+03		1.0536871e+03		6.3303680e+02		4.2065025e+02
3.6100000e+02		3.6200000e+02		3.6150000e+02		6.5110481e+02		7.2960559e+02		2.1565884e+03		9.7596123e+02		5.8288371e+02		3.9307752e+02
3.6200000e+02		3.6300000e+02		3.6250000e+02		7.3500056e+02		8.2288754e+02		2.4302158e+03		1.0985467e+03		6.5221653e+02		4.4633015e+02
3.6300000e+02		3.6400000e+02		3.6350000e+02		7.1558904e+02		8.0045021e+02		2.3619270e+03		1.0664737e+03		6.2941831e+02		4.3705538e+02
3.6400000e+02		3.6500000e+02		3.6450000e+02		7.4837927e+02		8.3639703e+02		2.4658973e+03		1.1121678e+03		6.5248060e+02		4.5968718e+02
3.6500000e+02		3.6600000e+02		3.6550000e+02		8.5179486e+02		9.5114808e+02		2.8018413e+03		1.2622699e+03		7.3612204e+02		5.2614782e+02
3.6600000e+02		3.6700000e+02		3.6650000e+02		9.1042532e+02		1.0157390e+03		2.9895994e+03		1.3453545e+03		7.7987864e+02		5.6547588e+02
3.6700000e+02		3.6800000e+02		3.6750000e+02		8.7909512e+02		9.7994274e+02		2.8818380e+03		1.2954186e+03		7.4642395e+02		5.4899467e+02
3.6800000e+02		3.6900000e+02		3.6850000e+02		8.1047729e+02		9.0268253e+02		2.6524332e+03		1.1909777e+03		6.8211375e+02		5.0886397e+02
3.6900000e+02		3.7000000e+02		3.6950000e+02		8.9967825e+02		1.0011822e+03		2.9394470e+03		1.3183941e+03		7.5053139e+02		5.6786271e+02
3.7000000e+02		3.7100000e+02		3.7050000e+02		8.4427990e+02		9.3874239e+02		2.7538772e+03		1.2338048e+03		6.9812524e+02		5.3567960e+02
3.7100000e+02		3.7200000e+02		3.7150000e+02		8.7164560e+02		9.6835897e+02		2.8384594e+03		1.2703071e+03		7.1441703e+02		5.5589011e+02
3.7200000e+02		3.7300000e+02		3.7250000e+02		7.2411383e+02		8.0378913e+02		2.3541771e+03		1.0524252e+03		5.8827925e+02		4.6414595e+02
3.7300000e+02		3.7400000e+02		3.7350000e+02		6.3155746e+02		7.0046978e+02		2.0499328e+03		9.1541856e+02		5.0857428e+02		4.0684428e+02
3.7400000e+02		3.7500000e+02		3.7450000e+02		6.4642322e+02		7.1636957e+02		2.0948026e+03		9.3444365e+02		5.1596879e+02		4.1847485e+02
3.7500000e+02		3.7600000e+02		3.7550000e+02		7.4036161e+02		8.1980421e+02		2.3953797e+03		1.0673732e+03		5.8575449e+02		4.8161869e+02
3.7600000e+02		3.7700000e+02		3.7650000e+02		7.6758018e+02		8.4925574e+02		2.4794964e+03		1.1036702e+03		6.0195101e+02		5.0171916e+02
3.7700000e+02		3.7800000e+02		3.7750000e+02		9.0048278e+02		9.9549953e+02		2.9042187e+03		1.2913414e+03		6.9996931e+02		5.9137207e+02
3.7800000e+02		3.7900000e+02		3.7850000e+02		9.3786543e+02		1.0359994e+03		3.0200459e+03		1.3414153e+03		7.2262164e+02		6.1879363e+02
3.7900000e+02		3.8000000e+02		3.7950000e+02		7.6051322e+02		8.3942429e+02		2.4451404e+03		1.0849096e+03		5.8082439e+02		5.0408517e+02
3.8000000e+02		3.8100000e+02		3.8050000e+02		8.2814537e+02		9.1335488e+02		2.6584749e+03		1.1783231e+03		6.2692154e+02		5.5140156e+02
3.8100000e+02		3.8200000e+02		3.8150000e+02		7.4366886e+02		8.1954578e+02		2.3836332e+03		1.0553961e+03		5.5802773e+02		4.9736833e+02
3.8200000e+02		3.8300000e+02		3.8250000e+02		5.3336093e+02		5.8732422e+02		1.7069460e+03		7.5499164e+02		3.9670537e+02		3.5828627e+02
3.8300000e+02		3.8400000e+02		3.8350000e+02		4.7073026e+02		5.1795777e+02		1.5042303e+03		6.6463799e+02		3.4704912e+02		3.1758887e+02
3.8400000e+02		3.8500000e+02		3.8450000e+02		6.2969557e+02		6.9234226e+02		2.0091917e+03		8.8683499e+02		4.6017475e+02		4.2666025e+02
3.8500000e+02		3.8600000e+02		3.8550000e+02		6.6694888e+02		7.3274549e+02		2.1248912e+03		9.3693812e+02		4.8312495e+02		4.5381317e+02
3.8600000e+02		3.8700000e+02		3.8650000e+02		6.6977732e+02		7.3529884e+02		2.1307517e+03		9.3855996e+02		4.8092096e+02		4.5763900e+02
3.8700000e+02		3.8800000e+02		3.8750000e+02		6.6902499e+02		7.3392395e+02		2.1252394e+03		9.3517781e+02		4.7617175e+02		4.5900606e+02
3.8800000e+02		3.8900000e+02		3.8850000e+02		6.7841027e+02		7.4366755e+02		2.1519189e+03		9.4595740e+02		4.7862292e+02		4.6733448e+02
3.8900000e+02		3.9000000e+02		3.8950000e+02		8.1451188e+02		8.9220360e+02		2.5799048e+03		1.1329505e+03		5.6961335e+02		5.6333718e+02
3.9000000e+02		3.9100000e+02		3.9050000e+02		8.5560997e+02		9.3653699e+02		2.7061986e+03		1.1872188e+03		5.9311949e+02		5.9409929e+02
3.9100000e+02		3.9200000e+02		3.9150000e+02		9.2006232e+02		1.0063552e+03		2.9059187e+03		1.2735635e+03		6.3222154e+02		6.4134196e+02
3.9200000e+02		3.9300000e+02		3.9250000e+02		7.0614281e+02		7.7181637e+02		2.2271317e+03		9.7510497e+02		4.8098597e+02		4.9411899e+02
3.9300000e+02		3.9400000e+02		3.9350000e+02		4.3291589e+02		4.7284060e+02		1.3634801e+03		5.9638244e+02		2.9230313e+02		3.0407931e+02
3.9400000e+02		3.9500000e+02		3.9450000e+02		7.1565803e+02		7.8110419e+02		2.2508547e+03		9.8354985e+02		4.7899158e+02		5.0455827e+02
3.9500000e+02		3.9600000e+02		3.9550000e+02		8.7888136e+02		9.5857975e+02		2.7604097e+03		1.2050293e+03		5.8310583e+02		6.2192344e+02
3.9600000e+02		3.9700000e+02		3.9650000e+02		6.0712893e+02		6.6172248e+02		1.9042778e+03		8.3048497e+02		3.9929635e+02		4.3118862e+02
3.9700000e+02		3.9800000e+02		3.9750000e+02		6.8053003e+02		7.4121056e+02		2.1316085e+03		9.2872821e+02		4.4367153e+02		4.8505668e+02
3.9800000e+02		3.9900000e+02		3.9850000e+02		1.0480559e+03		1.1407237e+03		3.2783855e+03		1.4269976e+03		6.7733142e+02		7.4966621e+02
3.9900000e+02		4.0000000e+02		3.9950000e+02		1.1577145e+03		1.2592198e+03		3.6165720e+03		1.5726957e+03		7.4169180e+02		8.3100388e+02
4.0000000e+02		4.0100000e+02		4.0050000e+02		1.1939713e+03		1.2977780e+03		3.7248966e+03		1.6182606e+03		7.5827007e+02		8.5999053e+02
4.0100000e+02		4.0200000e+02		4.0150000e+02		1.2509583e+03		1.3588080e+03		3.8975569e+03		1.6916701e+03		7.8756021e+02		9.0410994e+02
4.0200000e+02		4.0300000e+02		4.0250000e+02		1.2664199e+03		1.3746879e+03		3.9405899e+03		1.7087391e+03		7.9037374e+02		9.1836538e+02
4.0300000e+02		4.0400000e+02		4.0350000e+02		1.2115903e+03		1.3143033e+03		3.7651105e+03		1.6311199e+03		7.4959627e+02		8.8152365e+02
4.0400000e+02		4.0500000e+02		4.0450000e+02		1.1914959e+03		1.2916596e+03		3.6979196e+03		1.6005218e+03		7.3077574e+02		8.6974606e+02
4.0500000e+02		4.0600000e+02		4.0550000e+02		1.1904731e+03		1.2897132e+03		3.6900476e+03		1.5956381e+03		7.2382610e+02		8.7181205e+02
4.0600000e+02		4.0700000e+02		4.0650000e+02		1.1388815e+03		1.2330266e+03		3.5256799e+03		1.5231616e+03		6.8646671e+02		8.3669485e+02
4.0700000e+02		4.0800000e+02		4.0750000e+02		1.1575323e+03		1.2524190e+03		3.5789356e+03		1.5447562e+03		6.9167745e+02		8.5307879e+02
4.0800000e+02		4.0900000e+02		4.0850000e+02		1.2307397e+03		1.3307841e+03		3.8005621e+03		1.6389256e+03		7.2907064e+02		9.0985497e+02
4.0900000e+02		4.1000000e+02		4.0950000e+02		1.2243097e+03		1.3229999e+03		3.7760539e+03		1.6268865e+03		7.1900346e+02		9.0788309e+02
4.1000000e+02		4.1100000e+02		4.1050000e+02		1.1216634e+03		1.2113244e+03		3.4552470e+03		1.4873330e+03		6.5304330e+02		8.3428967e+02
4.1100000e+02		4.1200000e+02		4.1150000e+02		1.3003372e+03		1.4034131e+03		4.0007973e+03		1.7206321e+03		7.5054833e+02		9.7008379e+02
4.1200000e+02		4.1300000e+02		4.1250000e+02		1.2760342e+03		1.3763398e+03		3.9213105e+03		1.6849516e+03		7.3018314e+02		9.5476841e+02
4.1300000e+02		4.1400000e+02		4.1350000e+02		1.2308584e+03		1.3268063e+03		3.7779802e+03		1.6219330e+03		6.9827743e+02		9.2365559e+02
4.1400000e+02		4.1500000e+02		4.1450000e+02		1.2488872e+03		1.3454293e+03		3.8287917e+03		1.6423071e+03		7.0242056e+02		9.3988657e+02
4.1500000e+02		4.1600000e+02		4.1550000e+02		1.2477523e+03		1.3434035e+03		3.8208335e+03		1.6374668e+03		6.9576120e+02		9.4170556e+02
4.1600000e+02		4.1700000e+02		4.1650000e+02		1.2947363e+03		1.3931632e+03		3.9601031e+03		1.6956841e+03		7.1577203e+02		9.7991207e+02
4.1700000e+02		4.1800000e+02		4.1750000e+02		1.1781342e+03		1.2669521e+03		3.5993127e+03		1.5398714e+03		6.4573387e+02		8.9413750e+02
4.1800000e+02		4.1900000e+02		4.1850000e+02		1.2217101e+03		1.3130477e+03		3.7281793e+03		1.5936407e+03		6.6389015e+02		9.2975055e+02
4.1900000e+02		4.2000000e+02		4.1950000e+02		1.2338424e+03		1.3253209e+03		3.7609389e+03		1.6062790e+03		6.6475394e+02		9.4152508e+02
4.2000000e+02		4.2100000e+02		4.2050000e+02		1.2494927e+03		1.3413628e+03		3.8043670e+03		1.6234560e+03		6.6743976e+02		9.5601623e+02
4.2100000e+02		4.2200000e+02		4.2150000e+02		1.2299982e+03		1.3196849e+03		3.7408418e+03		1.5950092e+03		6.5142430e+02		9.4358491e+02
4.2200000e+02		4.2300000e+02		4.2250000e+02		1.1657134e+03		1.2500083e+03		3.5414156e+03		1.5087206e+03		6.1211979e+02		8.9660080e+02
4.2300000e+02		4.2400000e+02		4.2350000e+02		1.2419943e+03		1.3310616e+03		3.7690249e+03		1.6043581e+03		6.4662647e+02		9.5773159e+02
4.2400000e+02		4.2500000e+02		4.2450000e+02		1.2850442e+03		1.3764362e+03		3.8954333e+03		1.6568026e+03		6.6335392e+02		9.9344864e+02
4.2500000e+02		4.2600000e+02		4.2550000e+02		1.2367256e+03		1.3239540e+03		3.7449268e+03		1.5914878e+03		6.3299181e+02		9.5849602e+02
4.2600000e+02		4.2700000e+02		4.2650000e+02		1.2316584e+03		1.3178118e+03		3.7256024e+03		1.5819902e+03		6.2505283e+02		9.5693738e+02
4.2700000e+02		4.2800000e+02		4.2750000e+02		1.1420512e+03		1.2212773e+03		3.4508968e+03		1.4641611e+03		5.7466927e+02		8.8949183e+02
4.2800000e+02		4.2900000e+02		4.2850000e+02		1.1495483e+03		1.2286368e+03		3.4699058e+03		1.4710468e+03		5.7354808e+02		8.9749867e+02
4.2900000e+02		4.3000000e+02		4.2950000e+02		1.0698649e+03		1.1428647e+03		3.2260222e+03		1.3665651e+03		5.2928071e+02		8.3728436e+02
4.3000000e+02		4.3100000e+02		4.3050000e+02		8.6065012e+02		9.1889118e+02		2.5924885e+03		1.0973275e+03		4.2218481e+02		6.7514267e+02
4.3100000e+02		4.3200000e+02		4.3150000e+02		1.0641754e+03		1.1355969e+03		3.2022779e+03		1.3543695e+03		5.1762162e+02		8.3674791e+02
4.3200000e+02		4.3300000e+02		4.3250000e+02		1.1990384e+03		1.2788498e+03		3.6044440e+03		1.5232719e+03		5.7830893e+02		9.4496302e+02
4.3300000e+02		4.3400000e+02		4.3350000e+02		1.3017454e+03		1.3876819e+03		3.9092585e+03		1.6508090e+03		6.2256529e+02		1.0282437e+03
4.3400000e+02		4.3500000e+02		4.3450000e+02		1.1054356e+03		1.1778138e+03		3.3164135e+03		1.3993831e+03		5.2423837e+02		8.7514468e+02
4.3500000e+02		4.3600000e+02		4.3550000e+02		1.2347447e+03		1.3149269e+03		3.7006923e+03		1.5603380e+03		5.8064878e+02		9.7968921e+02
4.3600000e+02		4.3700000e+02		4.3650000e+02		1.3814970e+03		1.4704746e+03		4.1364713e+03		1.7427525e+03		6.4421645e+02		1.0985361e+03
4.3700000e+02		4.3800000e+02		4.3750000e+02		1.2223713e+03		1.3004562e+03		3.6564625e+03		1.5393560e+03		5.6524283e+02		9.7411315e+02
4.3800000e+02		4.3900000e+02		4.3850000e+02		1.1905029e+03		1.2659307e+03		3.5577053e+03		1.4966573e+03		5.4590490e+02		9.5075237e+02
4.3900000e+02		4.4000000e+02		4.3950000e+02		1.3250738e+03		1.4083425e+03		3.9560766e+03		1.6630058e+03		6.0253992e+02		1.0604659e+03
4.4000000e+02		4.4100000e+02		4.4050000e+02		1.2562739e+03		1.3345754e+03		3.7471204e+03		1.5740031e+03		5.6649220e+02		1.0075109e+03
4.4100000e+02		4.4200000e+02		4.4150000e+02		1.3817384e+03		1.4671583e+03		4.1174787e+03		1.7283050e+03		6.1787965e+02		1.1104253e+03
4.4200000e+02		4.4300000e+02		4.4250000e+02		1.4526378e+03		1.5417100e+03		4.3247260e+03		1.8139733e+03		6.4418196e+02		1.1697913e+03
4.4300000e+02		4.4400000e+02		4.4350000e+02		1.4050936e+03		1.4905501e+03		4.1793209e+03		1.7517150e+03		6.1792292e+02		1.1337921e+03
4.4400000e+02		4.4500000e+02		4.4450000e+02		1.4475318e+03		1.5348544e+03		4.3016120e+03		1.8016756e+03		6.3130569e+02		1.1703699e+03
4.4500000e+02		4.4600000e+02		4.4550000e+02		1.3420773e+03		1.4223816e+03		3.9846185e+03		1.6677152e+03		5.8046548e+02		1.0872497e+03
4.4600000e+02		4.4700000e+02		4.4650000e+02		1.3689269e+03		1.4501741e+03		4.0606817e+03		1.6983455e+03		5.8717985e+02		1.1111656e+03
4.4700000e+02		4.4800000e+02		4.4750000e+02		1.4837056e+03		1.5710522e+03		4.3972310e+03		1.8378093e+03		6.3115413e+02		1.2066552e+03
4.4800000e+02		4.4900000e+02		4.4850000e+02		1.4587166e+03		1.5438978e+03		4.3193527e+03		1.8039980e+03		6.1540383e+02		1.1885942e+03
4.4900000e+02		4.5000000e+02		4.4950000e+02		1.4737837e+03		1.5591497e+03		4.3601457e+03		1.8197710e+03		6.1663676e+02		1.2031343e+03
4.5000000e+02		4.5100000e+02		4.5050000e+02		1.5636828e+03		1.6535253e+03		4.6220934e+03		1.9277687e+03		6.4886677e+02		1.2789019e+03
4.5100000e+02		4.5200000e+02		4.5150000e+02		1.5589734e+03		1.6478235e+03		4.6042068e+03		1.9189939e+03		6.4159598e+02		1.2773979e+03
4.5200000e+02		4.5300000e+02		4.5250000e+02		1.4757889e+03		1.5592211e+03		4.3548144e+03		1.8138154e+03		6.0237658e+02		1.2114388e+03
4.5300000e+02		4.5400000e+02		4.5350000e+02		1.4141855e+03		1.4934923e+03		4.1695031e+03		1.7354595e+03		5.7250067e+02		1.1629588e+03
4.5400000e+02		4.5500000e+02		4.5450000e+02		1.5096596e+03		1.5936406e+03		4.4472612e+03		1.8498293e+03		6.0614891e+02		1.2436804e+03
4.5500000e+02		4.5600000e+02		4.5550000e+02		1.4952815e+03		1.5777955e+03		4.4012436e+03		1.8294701e+03		5.9546854e+02		1.2340016e+03
4.5600000e+02		4.5700000e+02		4.5650000e+02		1.5527317e+03		1.6377295e+03		4.5665775e+03		1.8969404e+03		6.1329973e+02		1.2836407e+03
4.5700000e+02		4.5800000e+02		4.5750000e+02		1.5677329e+03		1.6528651e+03		4.6069293e+03		1.9124470e+03		6.1417740e+02		1.2982696e+03
4.5800000e+02		4.5900000e+02		4.5850000e+02		1.4734199e+03		1.5527912e+03		4.3262753e+03		1.7947710e+03		5.7253053e+02		1.2222405e+03
4.5900000e+02		4.6000000e+02		4.5950000e+02		1.5222067e+03		1.6035514e+03		4.4659355e+03		1.8515114e+03		5.8667969e+02		1.2648318e+03
4.6000000e+02		4.6100000e+02		4.6050000e+02		1.5039223e+03		1.5836491e+03		4.4087801e+03		1.8266421e+03		5.7492752e+02		1.2517146e+03
4.6100000e+02		4.6200000e+02		4.6150000e+02		1.5386000e+03		1.6195156e+03		4.5068799e+03		1.8660964e+03		5.8341646e+02		1.2826800e+03
4.6200000e+02		4.6300000e+02		4.6250000e+02		1.5538294e+03		1.6348960e+03		4.5479300e+03		1.8819017e+03		5.8442195e+02		1.2974798e+03
4.6300000e+02		4.6400000e+02		4.6350000e+02		1.5018384e+03		1.5795700e+03		4.3923484e+03		1.8163812e+03		5.6030128e+02		1.2560799e+03
4.6400000e+02		4.6500000e+02		4.6450000e+02		1.5281564e+03		1.6066226e+03		4.4658840e+03		1.8456387e+03		5.6551803e+02		1.2801206e+03
4.6500000e+02		4.6600000e+02		4.6550000e+02		1.4760608e+03		1.5512515e+03		4.3103530e+03		1.7802584e+03		5.4183636e+02		1.2384221e+03
4.6600000e+02		4.6700000e+02		4.6650000e+02		1.4854121e+03		1.5604802e+03		4.3343838e+03		1.7890831e+03		5.4088025e+02		1.2482029e+03
4.6700000e+02		4.6800000e+02		4.6750000e+02		1.4997486e+03		1.5749421e+03		4.3729403e+03		1.8038963e+03		5.4171135e+02		1.2621849e+03
4.6800000e+02		4.6900000e+02		4.6850000e+02		1.4665907e+03		1.5395413e+03		4.2730847e+03		1.7616366e+03		5.2548308e+02		1.2361535e+03
4.6900000e+02		4.7000000e+02		4.6950000e+02		1.5086728e+03		1.5831249e+03		4.3924611e+03		1.8097619e+03		5.3622896e+02		1.2735330e+03
4.7000000e+02		4.7100000e+02		4.7050000e+02		1.4256243e+03		1.4954240e+03		4.1476396e+03		1.7078714e+03		5.0265584e+02		1.2052155e+03
4.7100000e+02		4.7200000e+02		4.7150000e+02		1.4904926e+03		1.5628944e+03		4.3332282e+03		1.7832335e+03		5.2132790e+02		1.2619056e+03
4.7200000e+02		4.7300000e+02		4.7250000e+02		1.5269264e+03		1.6005154e+03		4.4359677e+03		1.8244393e+03		5.2980959e+02		1.2946297e+03
4.7300000e+02		4.7400000e+02		4.7350000e+02		1.4995420e+03		1.5712444e+03		4.3533155e+03		1.7894001e+03		5.1616195e+02		1.2732381e+03
4.7400000e+02		4.7500000e+02		4.7450000e+02		1.5448084e+03		1.6180966e+03		4.4815685e+03		1.8410496e+03		5.2751242e+02		1.3135371e+03
4.7500000e+02		4.7600000e+02		4.7550000e+02		1.5413846e+03		1.6139382e+03		4.4685127e+03		1.8346297e+03		5.2216153e+02		1.3124681e+03
4.7600000e+02		4.7700000e+02		4.7650000e+02		1.4853490e+03		1.5547187e+03		4.3030826e+03		1.7657000e+03		4.9918698e+02		1.2665130e+03
4.7700000e+02		4.7800000e+02		4.7750000e+02		1.5508368e+03		1.6226998e+03		4.4897181e+03		1.8412380e+03		5.1706698e+02		1.3241710e+03
4.7800000e+02		4.7900000e+02		4.7850000e+02		1.5358791e+03		1.6064944e+03		4.4433895e+03		1.8212128e+03		5.0802935e+02		1.3131835e+03
4.7900000e+02		4.8000000e+02		4.7950000e+02		1.5403519e+03		1.6106216e+03		4.4533235e+03		1.8242646e+03		5.0548454e+02		1.3187800e+03
4.8000000e+02		4.8100000e+02		4.8050000e+02		1.5442750e+03		1.6141762e+03		4.4616800e+03		1.8266740e+03		5.0277518e+02		1.3238988e+03
4.8100000e+02		4.8200000e+02		4.8150000e+02		1.5475498e+03		1.6170555e+03		4.4681774e+03		1.8283269e+03		4.9987359e+02		1.3284534e+03
4.8200000e+02		4.8300000e+02		4.8250000e+02		1.5416562e+03		1.6103605e+03		4.4482357e+03		1.8191723e+03		4.9405415e+02		1.3251182e+03
4.8300000e+02		4.8400000e+02		4.8350000e+02		1.5183412e+03		1.5854827e+03		4.3781092e+03		1.7895218e+03		4.8276188e+02		1.3067600e+03
4.8400000e+02		4.8500000e+02		4.8450000e+02		1.4920771e+03		1.5575471e+03		4.2995983e+03		1.7564848e+03		4.7069170e+02		1.2857931e+03
4.8500000e+02		4.8600000e+02		4.8550000e+02		1.4021236e+03		1.4631716e+03		4.0377994e+03		1.6486524e+03		4.3885229e+02		1.2098001e+03
4.8600000e+02		4.8700000e+02		4.8650000e+02		1.2173217e+03		1.2699149e+03		3.5033864e+03		1.4296903e+03		3.7803268e+02		1.0516576e+03
4.8700000e+02		4.8800000e+02		4.8750000e+02		1.3927585e+03		1.4524680e+03		4.0057616e+03		1.6338430e+03		4.2913784e+02		1.2047051e+03
4.8800000e+02		4.8900000e+02		4.8850000e+02		1.4651201e+03		1.5274489e+03		4.2112545e+03		1.7167604e+03		4.4791577e+02		1.2688446e+03
4.8900000e+02		4.9000000e+02		4.8950000e+02		1.4372192e+03		1.4978916e+03		4.1285028e+03		1.6821528e+03		4.3596676e+02		1.2461861e+03
4.9000000e+02		4.9100000e+02		4.9050000e+02		1.5307557e+03		1.5948813e+03		4.3944961e+03		1.7896096e+03		4.6073225e+02		1.3288774e+03
4.9100000e+02		4.9200000e+02		4.9150000e+02		1.4425606e+03		1.5025289e+03		4.1387881e+03		1.6846141e+03		4.3081842e+02		1.2537957e+03
4.9200000e+02		4.9300000e+02		4.9250000e+02		1.3729411e+03		1.4295788e+03		3.9366721e+03		1.6015340e+03		4.0685034e+02		1.1946837e+03
4.9300000e+02		4.9400000e+02		4.9350000e+02		1.4509629e+03		1.5103622e+03		4.1579006e+03		1.6906836e+03		4.2664512e+02		1.2640385e+03
4.9400000e+02		4.9500000e+02		4.9450000e+02		1.4929449e+03		1.5535968e+03		4.2756709e+03		1.7377027e+03		4.3559919e+02		1.3021035e+03
4.9500000e+02		4.9600000e+02		4.9550000e+02		1.4663156e+03		1.5254321e+03		4.1969409e+03		1.7048597e+03		4.2453026e+02		1.2803294e+03
4.9600000e+02		4.9700000e+02		4.9650000e+02		1.4846220e+03		1.5440214e+03		4.2468643e+03		1.7242903e+03		4.2652070e+02		1.2977696e+03
4.9700000e+02		4.9800000e+02		4.9750000e+02		1.5123203e+03		1.5723685e+03		4.3236005e+03		1.7545888e+03		4.3113783e+02		1.3234510e+03
4.9800000e+02		4.9900000e+02		4.9850000e+02		1.3744029e+03		1.4285612e+03		3.9270576e+03		1.5928924e+03		3.8881199e+02		1.2040805e+03
4.9900000e+02		5.0000000e+02		4.9950000e+02		1.4721832e+03		1.5297552e+03		4.2040573e+03		1.7044285e+03		4.1328132e+02		1.2911472e+03
