Left Bin Edge (nm)	Right Bin Edge (nm)	Bin Center (nm)		Top of Atm Intensity (erg/s/nm/cm2)		Total Surface Flux (erg/s/nm/cm2)		Total Intensity at BOA (erg/s/nm/cm2)		Total Surface Intensity (erg/s/nm/cm2)		Total Surface Diffuse Intensity (erg/s/nm/cm2)		Total Surface Direct Intensity (erg/s/nm/cm2)
1.0000000e+02		1.0100000e+02		1.0050000e+02		4.4569042e-02		2.4525374e-199		0.0000000e+00		4.2479194e-199		4.2479194e-199		0.0000000e+00
1.0100000e+02		1.0200000e+02		1.0150000e+02		1.7387199e-01		2.8780738e-197		0.0000000e+00		4.9849701e-197		4.9849701e-197		0.0000000e+00
1.0200000e+02		1.0300000e+02		1.0250000e+02		9.2286085e-01		3.0760917e-195		0.0000000e+00		5.3279471e-195		5.3279471e-195		0.0000000e+00
1.0300000e+02		1.0400000e+02		1.0350000e+02		7.0094286e-01		3.0025219e-193		0.0000000e+00		5.2005205e-193		5.2005205e-193		0.0000000e+00
1.0400000e+02		1.0500000e+02		1.0450000e+02		1.4124828e-01		2.6834655e-191		0.0000000e+00		4.6478986e-191		4.6478986e-191		0.0000000e+00
1.0500000e+02		1.0600000e+02		1.0550000e+02		4.8389941e-02		2.2015022e-189		0.0000000e+00		3.8131136e-189		3.8131136e-189		0.0000000e+00
1.0600000e+02		1.0700000e+02		1.0650000e+02		4.5487167e-02		1.6618998e-187		0.0000000e+00		2.8784949e-187		2.8784949e-187		0.0000000e+00
1.0700000e+02		1.0800000e+02		1.0750000e+02		5.0757295e-02		1.1570799e-185		0.0000000e+00		2.0041212e-185		2.0041212e-185		0.0000000e+00
1.0800000e+02		1.0900000e+02		1.0850000e+02		7.1152114e-02		7.4462775e-184		0.0000000e+00		1.2897331e-183		1.2897331e-183		0.0000000e+00
1.0900000e+02		1.1000000e+02		1.0950000e+02		5.5817450e-02		4.4369635e-182		0.0000000e+00		7.6850462e-182		7.6850462e-182		0.0000000e+00
1.1000000e+02		1.1100000e+02		1.1050000e+02		5.4043772e-02		2.4559143e-180		0.0000000e+00		4.2537683e-180		4.2537683e-180		0.0000000e+00
1.1100000e+02		1.1200000e+02		1.1150000e+02		5.0797691e-02		1.2645718e-178		0.0000000e+00		2.1903026e-178		2.1903026e-178		0.0000000e+00
1.1200000e+02		1.1300000e+02		1.1250000e+02		5.1969037e-02		6.0672083e-177		0.0000000e+00		1.0508713e-176		1.0508713e-176		0.0000000e+00
1.1300000e+02		1.1400000e+02		1.1350000e+02		4.1221387e-02		2.7175689e-175		0.0000000e+00		4.7069674e-175		4.7069674e-175		0.0000000e+00
1.1400000e+02		1.1500000e+02		1.1450000e+02		3.1562600e-02		1.1386593e-173		0.0000000e+00		1.9722157e-173		1.9722157e-173		0.0000000e+00
1.1500000e+02		1.1600000e+02		1.1550000e+02		4.3552050e-02		4.4681309e-172		0.0000000e+00		7.7390298e-172		7.7390298e-172		0.0000000e+00
1.1600000e+02		1.1700000e+02		1.1650000e+02		1.0143732e-01		1.6465812e-170		0.0000000e+00		2.8519622e-170		2.8519622e-170		0.0000000e+00
1.1700000e+02		1.1800000e+02		1.1750000e+02		3.6108525e-01		5.7041692e-169		0.0000000e+00		9.8799108e-169		9.8799108e-169		0.0000000e+00
1.1800000e+02		1.1900000e+02		1.1850000e+02		1.2283927e-01		1.8611900e-167		0.0000000e+00		3.2236756e-167		3.2236756e-167		0.0000000e+00
1.1900000e+02		1.2000000e+02		1.1950000e+02		1.7115732e-01		5.7267640e-166		0.0000000e+00		9.9190462e-166		9.9190462e-166		0.0000000e+00
1.2000000e+02		1.2100000e+02		1.2050000e+02		9.3056497e-01		1.6639240e-164		0.0000000e+00		2.8820009e-164		2.8820009e-164		0.0000000e+00
1.2100000e+02		1.2200000e+02		1.2150000e+02		3.6941242e+01		4.5717681e-163		0.0000000e+00		7.9185347e-163		7.9185347e-163		0.0000000e+00
1.2200000e+02		1.2300000e+02		1.2250000e+02		2.4773856e-01		1.1895161e-161		0.0000000e+00		2.0603024e-161		2.0603024e-161		0.0000000e+00
1.2300000e+02		1.2400000e+02		1.2350000e+02		1.3344721e-01		2.9350432e-160		3.5285201e-161		5.0836439e-160		5.0836439e-160		0.0000000e+00
1.2400000e+02		1.2500000e+02		1.2450000e+02		1.0726631e-01		6.8762018e-159		8.4029101e-160		1.1909931e-158		1.1909931e-158		0.0000000e+00
1.2500000e+02		1.2600000e+02		1.2550000e+02		1.0471361e-01		1.5314494e-157		1.9145712e-158		2.6525482e-157		2.6525482e-157		0.0000000e+00
1.2600000e+02		1.2700000e+02		1.2650000e+02		1.4644878e-01		3.2463748e-156		4.1723633e-157		5.6228860e-156		5.6228860e-156		0.0000000e+00
1.2700000e+02		1.2800000e+02		1.2750000e+02		7.6659940e-02		6.5574148e-155		8.7301646e-156		1.1357776e-154		1.1357776e-154		0.0000000e+00
1.2800000e+02		1.2900000e+02		1.2850000e+02		6.1165494e-02		1.2635138e-153		1.7615426e-154		2.1884701e-153		2.1884701e-153		0.0000000e+00
1.2900000e+02		1.3000000e+02		1.2950000e+02		8.1594975e-02		2.3250683e-152		3.4013903e-153		4.0271363e-152		4.0271363e-152		0.0000000e+00
1.3000000e+02		1.3100000e+02		1.3050000e+02		6.7007791e-01		4.0906362e-151		6.2341930e-152		7.0851898e-151		7.0851898e-151		0.0000000e+00
1.3100000e+02		1.3200000e+02		1.3150000e+02		9.0731094e-02		6.8892816e-150		1.0640527e-150		1.1932586e-149		1.1932586e-149		0.0000000e+00
1.3200000e+02		1.3300000e+02		1.3250000e+02		7.0547730e-02		1.1112587e-148		1.7876735e-149		1.9247566e-148		1.9247566e-148		0.0000000e+00
1.3300000e+02		1.3400000e+02		1.3350000e+02		9.5357088e-01		1.7188582e-147		2.8735028e-148		2.9771497e-147		2.9771497e-147		0.0000000e+00
1.3400000e+02		1.3500000e+02		1.3450000e+02		6.5246966e-02		2.5497506e-146		4.7490143e-147		4.4162976e-146		4.4162976e-146		0.0000000e+00
1.3500000e+02		1.3600000e+02		1.3550000e+02		1.3692679e-01		3.6356498e-145		7.1228692e-146		6.2971301e-145		6.2971301e-145		0.0000000e+00
1.3600000e+02		1.3700000e+02		1.3650000e+02		8.9861989e-02		4.9866517e-144		9.9581248e-145		8.6371342e-144		8.6371342e-144		0.0000000e+00
1.3700000e+02		1.3800000e+02		1.3750000e+02		9.2282630e-02		6.5837194e-143		1.3200129e-143		1.1403337e-142		1.1403337e-142		0.0000000e+00
1.3800000e+02		1.3900000e+02		1.3850000e+02		9.4180145e-02		8.3720227e-142		1.6878630e-142		1.4500769e-141		1.4500769e-141		0.0000000e+00
1.3900000e+02		1.4000000e+02		1.3950000e+02		3.1801144e-01		1.0261721e-140		2.0891342e-141		1.7773822e-140		1.7773822e-140		0.0000000e+00
1.4000000e+02		1.4100000e+02		1.4050000e+02		2.7729440e-01		1.2132701e-139		2.5137295e-140		2.1014455e-139		2.1014455e-139		0.0000000e+00
1.4100000e+02		1.4200000e+02		1.4150000e+02		1.3359910e-01		1.3851488e-138		2.8882304e-139		2.3991481e-138		2.3991481e-138		0.0000000e+00
1.4200000e+02		1.4300000e+02		1.4250000e+02		1.4479671e-01		1.5277319e-137		3.2253962e-138		2.6461093e-137		2.6461093e-137		0.0000000e+00
1.4300000e+02		1.4400000e+02		1.4350000e+02		1.6064305e-01		1.6291150e-136		3.4877822e-137		2.8217099e-136		2.8217099e-136		0.0000000e+00
1.4400000e+02		1.4500000e+02		1.4450000e+02		1.5363637e-01		1.6810439e-135		3.6217110e-136		2.9116534e-135		2.9116534e-135		0.0000000e+00
1.4500000e+02		1.4600000e+02		1.4550000e+02		1.6382583e-01		1.6793217e-134		3.6608705e-135		2.9086706e-134		2.9086706e-134		0.0000000e+00
1.4600000e+02		1.4700000e+02		1.4650000e+02		1.9977093e-01		1.6253022e-133		3.5890797e-134		2.8151059e-133		2.8151059e-133		0.0000000e+00
1.4700000e+02		1.4800000e+02		1.4750000e+02		2.4643334e-01		1.5250889e-132		3.3990691e-133		2.6415314e-132		2.6415314e-132		0.0000000e+00
1.4800000e+02		1.4900000e+02		1.4850000e+02		2.4167300e-01		1.3882316e-131		3.1234194e-132		2.4044877e-131		2.4044877e-131		0.0000000e+00
1.4900000e+02		1.5000000e+02		1.4950000e+02		2.1832777e-01		1.2264669e-130		2.8019452e-131		2.1243031e-130		2.1243031e-130		0.0000000e+00
1.5000000e+02		1.5100000e+02		1.5050000e+02		2.4023073e-01		1.0523115e-129		2.4514227e-130		1.8226570e-129		1.8226570e-129		0.0000000e+00
1.5100000e+02		1.5200000e+02		1.5150000e+02		2.5258505e-01		8.7749415e-129		2.0761749e-129		1.5198644e-128		1.5198644e-128		0.0000000e+00
1.5200000e+02		1.5300000e+02		1.5250000e+02		3.2229547e-01		7.1139740e-128		1.7207278e-128		1.2321764e-127		1.2321764e-127		0.0000000e+00
1.5300000e+02		1.5400000e+02		1.5350000e+02		3.5701286e-01		5.6101133e-127		1.3974943e-127		9.7170013e-127		9.7170013e-127		0.0000000e+00
1.5400000e+02		1.5500000e+02		1.5450000e+02		9.5486931e-01		4.3074654e-126		1.0930031e-126		7.4607490e-126		7.4607490e-126		0.0000000e+00
1.5500000e+02		1.5600000e+02		1.5550000e+02		7.8587524e-01		3.2211687e-125		8.3078783e-126		5.5792279e-125		5.5792279e-125		0.0000000e+00
1.5600000e+02		1.5700000e+02		1.5650000e+02		4.6648084e-01		2.3453078e-124		6.3531300e-125		4.0621922e-124		4.0621922e-124		0.0000000e+00
1.5700000e+02		1.5800000e+02		1.5750000e+02		4.2309893e-01		1.6654483e-123		4.6451642e-124		2.8846410e-123		2.8846410e-123		0.0000000e+00
1.5800000e+02		1.5900000e+02		1.5850000e+02		3.9008072e-01		1.1533937e-122		3.3223028e-123		1.9977365e-122		1.9977365e-122		0.0000000e+00
1.5900000e+02		1.6000000e+02		1.5950000e+02		3.8042347e-01		7.7855015e-122		2.4006624e-122		1.3484884e-121		1.3484884e-121		0.0000000e+00
1.6000000e+02		1.6100000e+02		1.6050000e+02		4.1635449e-01		5.1319793e-121		1.6683157e-121		8.8888489e-121		8.8888489e-121		0.0000000e+00
1.6100000e+02		1.6200000e+02		1.6150000e+02		4.7164413e-01		3.3027592e-120		1.1378309e-120		5.7205468e-120		5.7205468e-120		7.1520554e-265
1.6200000e+02		1.6300000e+02		1.6250000e+02		5.2241459e-01		2.0741617e-119		7.7525959e-120		3.5925535e-119		3.5925535e-119		9.6455063e-196
1.6300000e+02		1.6400000e+02		1.6350000e+02		1.1072121e+00		1.2728678e-118		5.1409440e-119		2.2046717e-118		2.2046717e-118		1.1786797e-151
1.6400000e+02		1.6500000e+02		1.6450000e+02		1.1323318e+00		7.6370899e-118		5.6801335e-113		1.3227647e-117		1.3227400e-117		2.4685338e-122
1.6500000e+02		1.6600000e+02		1.6550000e+02		1.3255566e+00		1.0430630e-110		2.6485728e-104		1.0911953e-110		1.1388215e-111		9.7731310e-111
1.6600000e+02		1.6700000e+02		1.6650000e+02		6.2522883e-01		1.7313181e-100		1.1277845e-94		1.8173377e-100		2.0352457e-101		1.6138131e-100
1.6700000e+02		1.6800000e+02		1.6750000e+02		6.6723830e-01		8.3017276e-110		1.8026550e-103		8.6664351e-110		8.6290721e-111		7.8035279e-110
1.6800000e+02		1.6900000e+02		1.6850000e+02		7.1904320e-01		8.1050826e-115		6.4778985e-111		1.4038412e-114		1.4038407e-114		4.4480852e-121
1.6900000e+02		1.7000000e+02		1.6950000e+02		9.0554889e-01		4.4053771e-114		1.8907983e-114		7.6303370e-114		7.6303370e-114		5.2991624e-141
1.7000000e+02		1.7100000e+02		1.7050000e+02		1.0161854e+00		2.3475296e-113		9.6301161e-114		4.0660405e-113		4.0660405e-113		6.0429114e-172
1.7100000e+02		1.7200000e+02		1.7150000e+02		1.0130704e+00		1.2245990e-112		4.9320824e-113		2.1210676e-112		2.1210676e-112		6.0419701e-192
1.7200000e+02		1.7300000e+02		1.7250000e+02		1.0571150e+00		6.2706165e-112		2.4433579e-112		1.0861026e-111		1.0861026e-111		3.0425709e-233
1.7300000e+02		1.7400000e+02		1.7350000e+02		1.0479596e+00		3.1477998e-111		1.2057582e-111		5.4521491e-111		5.4521491e-111		4.9692455e-268
1.7400000e+02		1.7500000e+02		1.7450000e+02		1.2530722e+00		1.5513612e-110		5.8093836e-111		2.6870364e-110		2.6870364e-110		0.0000000e+00
1.7500000e+02		1.7600000e+02		1.7550000e+02		1.4954862e+00		7.5020749e-110		2.7829156e-110		1.2993975e-109		1.2993975e-109		0.0000000e+00
1.7600000e+02		1.7700000e+02		1.7650000e+02		1.6135596e+00		3.5630503e-109		1.3096862e-109		6.1713841e-109		6.1713841e-109		0.0000000e+00
1.7700000e+02		1.7800000e+02		1.7750000e+02		1.9010195e+00		1.6621248e-108		6.0879860e-109		2.8788845e-108		2.8788845e-108		0.0000000e+00
1.7800000e+02		1.7900000e+02		1.7850000e+02		2.0776624e+00		7.6194274e-108		2.7846865e-108		1.3197235e-107		1.3197235e-107		0.0000000e+00
1.7900000e+02		1.8000000e+02		1.7950000e+02		2.0198657e+00		3.4334011e-107		1.2537634e-107		5.9468252e-107		5.9468252e-107		0.0000000e+00
1.8000000e+02		1.8100000e+02		1.8050000e+02		2.4976225e+00		1.5209004e-106		5.5833330e-107		2.6342767e-106		2.6342767e-106		0.0000000e+00
1.8100000e+02		1.8200000e+02		1.8150000e+02		3.0410490e+00		6.6276644e-106		2.4374730e-106		1.1479451e-105		1.1479451e-105		0.0000000e+00
1.8200000e+02		1.8300000e+02		1.8250000e+02		2.8073836e+00		2.8415955e-105		1.0465212e-105		4.9217878e-105		4.9217878e-105		0.0000000e+00
1.8300000e+02		1.8400000e+02		1.8350000e+02		2.9562417e+00		1.1988909e-104		4.4291035e-105		2.0765399e-104		2.0765399e-104		0.0000000e+00
1.8400000e+02		1.8500000e+02		1.8450000e+02		2.5409769e+00		4.9779108e-104		1.8550779e-104		8.6219944e-104		8.6219944e-104		0.0000000e+00
1.8500000e+02		1.8600000e+02		1.8550000e+02		2.8735562e+00		2.0347208e-103		7.6788437e-104		3.5242398e-103		3.5242398e-103		0.0000000e+00
1.8600000e+02		1.8700000e+02		1.8650000e+02		3.2604304e+00		8.1942570e-103		3.1064902e-103		1.4192869e-102		1.4192869e-102		0.0000000e+00
1.8700000e+02		1.8800000e+02		1.8750000e+02		3.6946466e+00		3.2504225e-102		1.2415179e-102		5.6298968e-102		5.6298968e-102		0.0000000e+00
1.8800000e+02		1.8900000e+02		1.8850000e+02		3.8870616e+00		1.2702310e-101		4.9058249e-102		2.2001046e-101		2.2001046e-101		0.0000000e+00
1.8900000e+02		1.9000000e+02		1.8950000e+02		4.3106081e+00		4.8924897e-101		1.9093592e-101		8.4740407e-101		8.4740407e-101		0.0000000e+00
1.9000000e+02		1.9100000e+02		1.9050000e+02		4.4384288e+00		1.8581552e-100		7.2903907e-101		3.2184192e-100		3.2184192e-100		0.0000000e+00
1.9100000e+02		1.9200000e+02		1.9150000e+02		4.8094361e+00		6.9567190e-100		2.7585404e-100		1.2049391e-99		1.2049391e-99		0.0000000e+00
1.9200000e+02		1.9300000e+02		1.9250000e+02		5.0365493e+00		2.5683870e-99		1.0314546e-99		4.4485768e-99		4.4485768e-99		0.0000000e+00
1.9300000e+02		1.9400000e+02		1.9350000e+02		3.8447944e+00		9.3558537e-99		3.7905232e-99		1.6204814e-98		1.6204814e-98		0.0000000e+00
1.9400000e+02		1.9500000e+02		1.9450000e+02		6.1679797e+00		3.3627352e-98		1.3734976e-98		5.8244281e-98		5.8244281e-98		0.0000000e+00
1.9500000e+02		1.9600000e+02		1.9550000e+02		5.9528271e+00		1.1925034e-97		4.9305893e-98		2.0654764e-97		2.0654764e-97		0.0000000e+00
1.9600000e+02		1.9700000e+02		1.9650000e+02		6.5508102e+00		4.1743399e-97		1.7459131e-97		7.2301688e-97		7.2301688e-97		0.0000000e+00
1.9700000e+02		1.9800000e+02		1.9750000e+02		6.5190955e+00		1.4429801e-96		6.0781597e-97		2.4993149e-96		2.4993149e-96		0.0000000e+00
1.9800000e+02		1.9900000e+02		1.9850000e+02		6.3883794e+00		4.9229626e-96		2.1063014e-96		8.5268214e-96		8.5268214e-96		0.0000000e+00
1.9900000e+02		2.0000000e+02		1.9950000e+02		6.7274707e+00		1.6594675e-95		7.1629497e-96		2.8742820e-95		2.8742820e-95		0.0000000e+00
2.0000000e+02		2.0100000e+02		2.0050000e+02		7.1125146e+00		5.5260017e-95		2.4046733e-95		9.5713157e-95		9.5713157e-95		0.0000000e+00
2.0100000e+02		2.0200000e+02		2.0150000e+02		7.5701275e+00		1.8172194e-94		8.0309442e-95		3.1475164e-94		3.1475164e-94		0.0000000e+00
2.0200000e+02		2.0300000e+02		2.0250000e+02		7.4828608e+00		5.9094218e-94		2.6237140e-94		1.0235419e-93		1.0235419e-93		0.0000000e+00
2.0300000e+02		2.0400000e+02		2.0350000e+02		8.0092047e+00		1.8985212e-93		8.5223595e-94		3.2883351e-93		3.2883351e-93		0.0000000e+00
2.0400000e+02		2.0500000e+02		2.0450000e+02		8.6207445e+00		6.0263571e-93		2.7549688e-93		1.0437957e-92		1.0437957e-92		0.0000000e+00
2.0500000e+02		2.0600000e+02		2.0550000e+02		8.6400754e+00		1.8935656e-92		8.6627555e-93		3.2797519e-92		3.2797519e-92		0.0000000e+00
2.0600000e+02		2.0700000e+02		2.0650000e+02		8.6510225e+00		5.8785575e-92		2.7242609e-92		1.0181960e-91		1.0181960e-91		0.0000000e+00
2.0700000e+02		2.0800000e+02		2.0750000e+02		9.3957826e+00		1.8043895e-91		8.5050246e-92		3.1252943e-91		3.1252943e-91		0.0000000e+00
2.0800000e+02		2.0900000e+02		2.0850000e+02		1.0163489e+01		5.4847681e-91		2.5888919e-91		9.4998971e-91		9.4998971e-91		0.0000000e+00
2.0900000e+02		2.1000000e+02		2.0950000e+02		1.3129215e+01		1.6465850e-90		7.9616143e-91		2.8519689e-90		2.8519689e-90		0.0000000e+00
2.1000000e+02		2.1100000e+02		2.1050000e+02		1.6183343e+01		4.9015346e-90		2.3618376e-90		8.4897070e-90		8.4897070e-90		0.0000000e+00
2.1100000e+02		2.1200000e+02		2.1150000e+02		1.8424170e+01		1.4416352e-89		7.0673165e-90		2.4969855e-89		2.4969855e-89		0.0000000e+00
2.1200000e+02		2.1300000e+02		2.1250000e+02		1.6428561e+01		4.1979186e-89		2.0859013e-89		7.2710083e-89		7.2710083e-89		0.0000000e+00
2.1300000e+02		2.1400000e+02		2.1350000e+02		1.6737981e+01		1.2110734e-88		6.0380827e-89		2.0976407e-88		2.0976407e-88		0.0000000e+00
2.1400000e+02		2.1500000e+02		2.1450000e+02		2.1432541e+01		3.4515517e-88		1.7720738e-88		5.9782630e-88		5.9782630e-88		0.0000000e+00
2.1500000e+02		2.1600000e+02		2.1550000e+02		1.8408135e+01		9.7708504e-88		4.9810036e-88		1.6923609e-87		1.6923609e-87		0.0000000e+00
2.1600000e+02		2.1700000e+02		2.1650000e+02		1.7036901e+01		2.7308495e-87		1.4315798e-87		4.7299701e-87		4.7299701e-87		0.0000000e+00
2.1700000e+02		2.1800000e+02		2.1750000e+02		1.7640866e+01		7.5770856e-87		3.9799775e-87		1.3123897e-86		1.3123897e-86		0.0000000e+00
2.1800000e+02		2.1900000e+02		2.1850000e+02		2.3730294e+01		2.0799253e-86		1.1100339e-86		3.6025363e-86		3.6025363e-86		0.0000000e+00
2.1900000e+02		2.2000000e+02		2.1950000e+02		2.5052511e+01		5.6489065e-86		3.1041802e-86		9.7841931e-86		9.7841931e-86		0.0000000e+00
2.2000000e+02		2.2100000e+02		2.2050000e+02		2.5203754e+01		1.5262861e-85		8.2867320e-86		2.6436051e-85		2.6436051e-85		0.0000000e+00
2.2100000e+02		2.2200000e+02		2.2150000e+02		2.0176768e+01		4.0620097e-85		2.3138229e-85		7.0356071e-85		7.0356071e-85		3.2283843e-262
2.2200000e+02		2.2300000e+02		2.2250000e+02		2.7154039e+01		1.0774588e-84		6.0957067e-85		1.8662134e-84		1.8662134e-84		2.5962409e-318
2.2300000e+02		2.2400000e+02		2.2350000e+02		3.5163062e+01		2.8043112e-84		1.7235829e-84		4.8572095e-84		4.8572095e-84		7.3759260e-142
2.2400000e+02		2.2500000e+02		2.2450000e+02		3.2875934e+01		7.3400784e-84		4.3279555e-84		1.2713389e-83		1.2713389e-83		7.5257608e-223
2.2500000e+02		2.2600000e+02		2.2550000e+02		2.8720078e+01		1.8836309e-83		1.1704943e-83		3.2625444e-83		3.2625444e-83		1.2403018e-143
2.2600000e+02		2.2700000e+02		2.2650000e+02		2.1037217e+01		4.8140274e-83		3.0367231e-83		8.3381400e-83		8.3381400e-83		5.3587143e-134
2.2700000e+02		2.2800000e+02		2.2750000e+02		2.0463841e+01		1.2169307e-82		7.9406954e-83		2.1077859e-82		2.1077859e-82		1.5729473e-109
2.2800000e+02		2.2900000e+02		2.2850000e+02		2.8509984e+01		4.4834278e-46		3.1390030e-43		4.5890800e-46		2.4997580e-47		4.3391042e-46
2.2900000e+02		2.3000000e+02		2.2950000e+02		2.5620938e+01		2.3363849e-21		6.7894405e-20		2.4531735e-21		2.7632483e-22		2.1768487e-21
2.3000000e+02		2.3100000e+02		2.3050000e+02		2.9055844e+01		1.5259074e-28		1.1197118e-26		1.5816843e-28		1.3196957e-29		1.4497147e-28
2.3100000e+02		2.3200000e+02		2.3150000e+02		2.7387429e+01		7.3149865e-18		1.3650129e-16		7.7343097e-18		9.9212934e-19		6.7421804e-18
2.3200000e+02		2.3300000e+02		2.3250000e+02		2.9413108e+01		1.9611924e-12		1.8513574e-11		2.1189902e-12		3.7335355e-13		1.7456366e-12
2.3300000e+02		2.3400000e+02		2.3350000e+02		2.6543685e+01		9.2081068e-07		4.3612848e-06		1.0540948e-06		3.1535355e-07		7.3874123e-07
2.3400000e+02		2.3500000e+02		2.3450000e+02		2.3194371e+01		2.8226439e-06		1.2565327e-05		3.2569928e-06		1.0276806e-06		2.2293122e-06
2.3500000e+02		2.3600000e+02		2.3550000e+02		3.1223226e+01		1.2512682e-07		6.5713242e-07		1.4041414e-07		3.6170197e-08		1.0424395e-07
2.3600000e+02		2.3700000e+02		2.3650000e+02		2.8911473e+01		1.0750444e-06		5.0438101e-06		1.2218256e-06		3.4728822e-07		8.7453740e-07
2.3700000e+02		2.3800000e+02		2.3750000e+02		3.0878004e+01		1.0930580e-06		5.1307756e-06		1.2387974e-06		3.4482309e-07		8.9397433e-07
2.3800000e+02		2.3900000e+02		2.3850000e+02		2.5598090e+01		2.3280180e-07		1.1669978e-06		2.6082076e-07		6.6293567e-08		1.9452719e-07
2.3900000e+02		2.4000000e+02		2.3950000e+02		2.7890834e+01		3.9996179e-08		2.1998797e-07		4.4257673e-08		1.0082801e-08		3.4174871e-08
2.4000000e+02		2.4100000e+02		2.4050000e+02		2.5623038e+01		1.3847037e-08		8.0014728e-08		1.5222955e-08		3.2554572e-09		1.1967498e-08
2.4100000e+02		2.4200000e+02		2.4150000e+02		3.0005079e+01		1.3948826e-08		8.1132132e-08		1.5297563e-08		3.1911468e-09		1.2106416e-08
2.4200000e+02		2.4300000e+02		2.4250000e+02		4.1301739e+01		1.4744015e-08		8.6843004e-08		1.6123878e-08		3.2647921e-09		1.2859086e-08
2.4300000e+02		2.4400000e+02		2.4350000e+02		3.8791639e+01		6.5043099e-10		4.5023973e-09		7.0239104e-10		1.2293881e-10		5.7945223e-10
2.4400000e+02		2.4500000e+02		2.4450000e+02		3.6329084e+01		1.0951974e-14		1.3739291e-13		1.1538402e-14		1.3875049e-15		1.0150897e-14
2.4500000e+02		2.4600000e+02		2.4550000e+02		2.9476122e+01		2.7931915e-21		8.0249729e-20		2.8955163e-21		2.4210315e-22		2.6534132e-21
2.4600000e+02		2.4700000e+02		2.4650000e+02		2.8685918e+01		1.9495021e-19		4.4150922e-18		2.0262342e-19		1.8154993e-20		1.8446842e-19
2.4700000e+02		2.4800000e+02		2.4750000e+02		3.1678139e+01		1.3239742e-20		3.4992756e-19		1.3721568e-20		1.1400129e-21		1.2581555e-20
2.4800000e+02		2.4900000e+02		2.4850000e+02		2.5406301e+01		2.6610022e-22		8.6304773e-21		2.7492975e-22		2.0890895e-23		2.5403885e-22
2.4900000e+02		2.5000000e+02		2.4950000e+02		3.0967514e+01		5.0302045e-25		2.3387450e-23		5.1758692e-25		3.4464641e-26		4.8312228e-25
2.5000000e+02		2.5100000e+02		2.5050000e+02		3.3448743e+01		8.5233955e-34		1.2296682e-31		8.7031543e-34		4.2531380e-35		8.2778405e-34
2.5100000e+02		2.5200000e+02		2.5150000e+02		2.7888154e+01		2.7650919e-40		9.1104495e-38		2.8133028e-40		1.1406805e-41		2.6992347e-40
2.5200000e+02		2.5300000e+02		2.5250000e+02		2.5069906e+01		1.3905121e-37		3.2141958e-35		1.4160618e-37		6.0451306e-39		1.3556105e-37
2.5300000e+02		2.5400000e+02		2.5350000e+02		3.1592540e+01		2.5634014e-43		1.2570840e-40		2.6034803e-43		9.4827704e-45		2.5086526e-43
2.5400000e+02		2.5500000e+02		2.5450000e+02		3.5730773e+01		8.4573989e-53		1.4191289e-49		8.5640054e-53		2.5223355e-54		8.3117718e-53
2.5500000e+02		2.5600000e+02		2.5550000e+02		4.8755658e+01		6.2792783e-64		4.5100470e-60		6.3434522e-64		1.5183717e-65		6.1916151e-64
2.5600000e+02		2.5700000e+02		2.5650000e+02		6.2803876e+01		4.1352259e-52		6.5500935e-49		4.1859857e-52		1.2009886e-53		4.0658868e-52
2.5700000e+02		2.5800000e+02		2.5750000e+02		7.8843355e+01		4.6432410e-69		6.6420891e-65		4.6894901e-69		1.0942655e-70		4.5800636e-69
2.5800000e+02		2.5900000e+02		2.5850000e+02		8.2991293e+01		2.7998249e-67		3.1923715e-63		2.8256401e-67		6.1079294e-69		2.7645608e-67
2.5900000e+02		2.6000000e+02		2.5950000e+02		7.0629481e+01		2.2799250e-71		1.6780331e-70		3.9489460e-71		3.9489460e-71		3.3649697e-79
2.6000000e+02		2.6100000e+02		2.6050000e+02		5.7868388e+01		4.6342070e-71		3.7042710e-71		8.0266819e-71		8.0266819e-71		1.5204300e-85
2.6100000e+02		2.6200000e+02		2.6150000e+02		5.9092703e+01		9.3785931e-71		7.4145658e-71		1.6244200e-70		1.6244200e-70		1.3641944e-97
2.6200000e+02		2.6300000e+02		2.6250000e+02		7.0528613e+01		1.8819067e-70		1.4946526e-70		3.2595580e-70		3.2595580e-70		1.2015874e-97
2.6300000e+02		2.6400000e+02		2.6350000e+02		1.0614195e+02		3.7532063e-70		3.0057649e-70		6.5007440e-70		6.5007440e-70		2.3263624e-94
2.6400000e+02		2.6500000e+02		2.6450000e+02		1.6548208e+02		7.4815215e-70		5.8991279e-70		1.2958375e-69		1.2958375e-69		1.1131046e-114
2.6500000e+02		2.6600000e+02		2.6550000e+02		1.7356948e+02		1.4788444e-69		1.1664538e-69		2.5614336e-69		2.5614336e-69		2.0127928e-120
2.6600000e+02		2.6700000e+02		2.6650000e+02		1.6826276e+02		2.9094936e-69		2.2900842e-69		5.0393907e-69		5.0393907e-69		1.4021438e-130
2.6700000e+02		2.6800000e+02		2.6750000e+02		1.6940220e+02		5.6908247e-69		4.4863776e-69		9.8567976e-69		9.8567976e-69		4.7996045e-136
2.6800000e+02		2.6900000e+02		2.6850000e+02		1.6778062e+02		1.1081284e-68		8.7239726e-69		1.9193347e-68		1.9193347e-68		8.8299299e-148
2.6900000e+02		2.7000000e+02		2.6950000e+02		1.5737310e+02		2.1437560e-68		1.6983026e-68		3.7130943e-68		3.7130943e-68		3.6123039e-145
2.7000000e+02		2.7100000e+02		2.7050000e+02		1.8181465e+02		4.1351237e-68		3.2631820e-68		7.1622444e-68		7.1622444e-68		8.2108227e-165
2.7100000e+02		2.7200000e+02		2.7150000e+02		1.5108640e+02		7.9300116e-68		6.2627951e-68		1.3735183e-67		1.3735183e-67		3.1302252e-176
2.7200000e+02		2.7300000e+02		2.7250000e+02		1.2154404e+02		1.5135879e-67		1.1956312e-67		2.6216111e-67		2.6216111e-67		2.4534842e-191
2.7300000e+02		2.7400000e+02		2.7350000e+02		1.2960124e+02		2.8760578e-67		2.2688834e-67		4.9814782e-67		4.9814782e-67		1.0070645e-215
2.7400000e+02		2.7500000e+02		2.7450000e+02		8.9183780e+01		5.4234800e-67		4.3347117e-67		9.3937430e-67		9.3937430e-67		1.9655628e-185
2.7500000e+02		2.7600000e+02		2.7550000e+02		1.1893609e+02		1.0212805e-66		8.1368517e-67		1.7689098e-66		1.7689098e-66		2.9237822e-216
2.7600000e+02		2.7700000e+02		2.7650000e+02		1.6564211e+02		1.9104831e-66		1.5321543e-66		3.3090539e-66		3.3090539e-66		3.7535952e-209
2.7700000e+02		2.7800000e+02		2.7750000e+02		1.5837296e+02		3.5617183e-66		2.8587752e-66		6.1690771e-66		6.1690771e-66		4.6129754e-228
2.7800000e+02		2.7900000e+02		2.7850000e+02		1.0921797e+02		6.6040939e-66		5.3285656e-66		1.1438626e-65		1.1438626e-65		1.3113994e-226
2.7900000e+02		2.8000000e+02		2.7950000e+02		6.1368404e+01		1.2199459e-65		9.8597133e-66		2.1130083e-65		2.1130083e-65		2.4474594e-244
2.8000000e+02		2.8100000e+02		2.8050000e+02		6.7313201e+01		2.2421411e-65		1.8207449e-65		3.8835022e-65		3.8835022e-65		3.9402271e-245
2.8100000e+02		2.8200000e+02		2.8150000e+02		1.3943196e+02		4.1073965e-65		3.3334770e-65		7.1142194e-65		7.1142194e-65		2.6939230e-282
2.8200000e+02		2.8300000e+02		2.8250000e+02		1.8983287e+02		7.4690427e-65		6.1454832e-65		1.2936761e-64		1.2936761e-64		2.0731027e-225
2.8300000e+02		2.8400000e+02		2.8350000e+02		1.9610227e+02		1.3569588e-64		1.1141188e-64		2.3503216e-64		2.3503216e-64		6.0039420e-268
2.8400000e+02		2.8500000e+02		2.8450000e+02		1.4459284e+02		2.4502695e-64		2.0249288e-64		4.2439912e-64		4.2439912e-64		5.1052668e-256
2.8500000e+02		2.8600000e+02		2.8550000e+02		9.2944992e+01		4.4107200e-64		3.6504173e-64		7.6395912e-64		7.6395912e-64		1.2320720e-280
2.8600000e+02		2.8700000e+02		2.8650000e+02		1.9045522e+02		7.8963560e-64		6.5841878e-64		1.3676890e-63		1.3676890e-63		9.4498886e-260
2.8700000e+02		2.8800000e+02		2.8750000e+02		2.2108403e+02		1.4092232e-63		1.1785869e-63		2.4408463e-63		2.4408463e-63		2.3663007e-272
2.8800000e+02		2.8900000e+02		2.8850000e+02		2.1010240e+02		2.5032236e-63		2.1055467e-63		4.3357104e-63		4.3357104e-63		1.7000875e-264
2.8900000e+02		2.9000000e+02		2.8950000e+02		3.1885068e+02		4.4258310e-63		3.7542775e-63		7.6657641e-63		7.6657641e-63		1.7373787e-238
2.9000000e+02		2.9100000e+02		2.9050000e+02		4.1860542e+02		7.8092327e-63		6.6230271e-63		1.3525988e-62		1.3525988e-62		3.1844652e-272
2.9100000e+02		2.9200000e+02		2.9150000e+02		4.0318642e+02		1.3682904e-62		1.1757150e-62		2.3699485e-62		2.3699485e-62		5.6032859e-217
2.9200000e+02		2.9300000e+02		2.9250000e+02		3.5818014e+02		2.3978632e-62		2.0510246e-62		4.1532209e-62		4.1532209e-62		7.3932960e-278
2.9300000e+02		2.9400000e+02		2.9350000e+02		3.7393440e+02		4.1688090e-62		3.6122720e-62		7.2205889e-62		7.2205889e-62		3.8413971e-220
2.9400000e+02		2.9500000e+02		2.9450000e+02		3.4819581e+02		7.2407542e-62		6.2786408e-62		1.2541354e-61		1.2541354e-61		6.9559515e-243
2.9500000e+02		2.9600000e+02		2.9550000e+02		3.7701055e+02		1.2480593e-61		1.1004359e-61		2.1617020e-61		2.1617020e-61		1.1803019e-180
2.9600000e+02		2.9700000e+02		2.9650000e+02		3.4493460e+02		2.1562869e-61		1.8851782e-61		3.7347985e-61		3.7347985e-61		1.3003425e-247
2.9700000e+02		2.9800000e+02		2.9750000e+02		3.5165811e+02		3.6890575e-61		3.2788114e-61		6.3896350e-61		6.3896350e-61		3.7976897e-183
2.9800000e+02		2.9900000e+02		2.9850000e+02		3.0223333e+02		6.3249745e-61		5.5812420e-61		1.0955177e-60		1.0955177e-60		2.9057717e-244
2.9900000e+02		3.0000000e+02		2.9950000e+02		3.4101318e+02		1.0728750e-60		9.6694195e-61		1.8582739e-60		1.8582739e-60		1.8623358e-163
3.0000000e+02		3.0100000e+02		3.0050000e+02		2.7131061e+02		1.8263897e-60		1.6339020e-60		3.1633998e-60		3.1633998e-60		8.7972382e-213
3.0100000e+02		3.0200000e+02		3.0150000e+02		3.1202593e+02		3.0581000e-60		2.8543291e-60		5.2967846e-60		5.2967846e-60		4.6188996e-105
3.0200000e+02		3.0300000e+02		3.0250000e+02		3.2846528e+02		5.2004761e-60		4.7107150e-60		9.0074887e-60		9.0074887e-60		1.2877159e-192
3.0300000e+02		3.0400000e+02		3.0350000e+02		4.2601061e+02		8.6083708e-60		8.2577004e-60		1.4910136e-59		1.4910136e-59		4.4884203e-82
3.0400000e+02		3.0500000e+02		3.0450000e+02		4.0776836e+02		1.4594665e-59		1.3409309e-59		2.5278701e-59		2.5278701e-59		2.3911971e-168
3.0500000e+02		3.0600000e+02		3.0550000e+02		4.1174793e+02		2.3872104e-59		4.0681820e-58		4.1347650e-59		4.1347587e-59		6.2908976e-65
3.0600000e+02		3.0700000e+02		3.0650000e+02		3.9053943e+02		4.0408187e-59		3.7621045e-59		6.9989032e-59		6.9989032e-59		2.1139568e-151
3.0700000e+02		3.0800000e+02		3.0750000e+02		4.3847484e+02		6.5799346e-59		1.2503455e-58		1.1396781e-58		1.1396781e-58		9.7951037e-67
3.0800000e+02		3.0900000e+02		3.0850000e+02		4.3035211e+02		1.0997198e-58		1.0511571e-58		1.9047706e-58		1.9047706e-58		5.3877316e-110
3.0900000e+02		3.1000000e+02		3.0950000e+02		3.4901328e+02		1.7844889e-58		1.3468165e-56		3.0906955e-58		3.0905178e-58		1.7762418e-62
3.1000000e+02		3.1100000e+02		3.1050000e+02		4.3927411e+02		2.9476560e-58		2.9093150e-58		5.1054899e-58		5.1054899e-58		2.2771481e-79
3.1100000e+02		3.1200000e+02		3.1150000e+02		5.2246540e+02		3.9915188e-53		8.0785328e-50		4.0117381e-53		4.7839502e-55		3.9638986e-53
3.1200000e+02		3.1300000e+02		3.1250000e+02		4.6521908e+02		7.1889644e-46		5.6627770e-43		7.2303218e-46		9.7852701e-48		7.1324691e-46
3.1300000e+02		3.1400000e+02		3.1350000e+02		4.9544367e+02		3.7132188e-51		5.8100327e-48		3.7321739e-51		4.4848116e-53		3.6873258e-51
3.1400000e+02		3.1500000e+02		3.1450000e+02		4.6729179e+02		2.9073329e-29		2.6839274e-27		2.9323175e-29		5.9114166e-31		2.8732033e-29
3.1500000e+02		3.1600000e+02		3.1550000e+02		4.5343123e+02		8.8728559e-38		2.4544017e-35		8.9318867e-38		1.3966823e-39		8.7922185e-38
3.1600000e+02		3.1700000e+02		3.1650000e+02		4.4229406e+02		7.3097524e-25		3.8125616e-23		7.3810431e-25		1.6867556e-26		7.2123675e-25
3.1700000e+02		3.1800000e+02		3.1750000e+02		5.6102832e+02		1.4652841e-25		8.4738647e-24		1.4789693e-25		3.2379505e-27		1.4465898e-25
3.1800000e+02		3.1900000e+02		3.1850000e+02		4.6340678e+02		1.5562194e-19		4.0936882e-18		1.5746717e-19		4.3658517e-21		1.5310131e-19
3.1900000e+02		3.2000000e+02		3.1950000e+02		4.9774832e+02		2.1507130e-15		3.3325822e-14		2.1818854e-15		7.3754678e-17		2.1081307e-15
3.2000000e+02		3.2100000e+02		3.2050000e+02		5.7184857e+02		4.2224665e-11		3.7982819e-10		4.3025576e-11		1.8949750e-12		4.1130601e-11
3.2100000e+02		3.2200000e+02		3.2150000e+02		4.8024660e+02		9.6171665e-09		6.3370415e-08		9.8386883e-09		5.2412632e-10		9.3145620e-09
3.2200000e+02		3.2300000e+02		3.2250000e+02		4.8228681e+02		3.8556555e-07		2.0730606e-06		3.9589612e-07		2.4442394e-08		3.7145373e-07
3.2300000e+02		3.2400000e+02		3.2350000e+02		4.6607071e+02		1.0297626e-02		3.2673180e-02		1.0836838e-02		1.2757897e-03		9.5610482e-03
3.2400000e+02		3.2500000e+02		3.2450000e+02		5.4882129e+02		9.3713492e-03		3.0060729e-02		9.8438206e-03		1.1178792e-03		8.7259414e-03
3.2500000e+02		3.2600000e+02		3.2550000e+02		6.3196128e+02		1.5744200e-01		4.5368185e-01		1.6785142e-01		2.4628942e-02		1.4322248e-01
3.2600000e+02		3.2700000e+02		3.2650000e+02		7.1301257e+02		3.8498069e+00		1.0324231e+01		4.2441292e+00		9.3297655e-01		3.3111527e+00
3.2700000e+02		3.2800000e+02		3.2750000e+02		6.8984049e+02		4.9395002e+00		1.3202164e+01		5.4647085e+00		1.2426563e+00		4.2220522e+00
3.2800000e+02		3.2900000e+02		3.2850000e+02		6.6596082e+02		2.5535891e+01		6.8404272e+01		2.9326164e+01		8.9678839e+00		2.0358280e+01
3.2900000e+02		3.3000000e+02		3.2950000e+02		7.7527139e+02		4.7595801e+01		1.2826810e+02		5.5407564e+01		1.8482829e+01		3.6924735e+01
3.3000000e+02		3.3100000e+02		3.3050000e+02		7.3029799e+02		9.1279043e+01		2.4981081e+02		1.0915617e+02		4.2297729e+01		6.6858438e+01
3.3100000e+02		3.3200000e+02		3.3150000e+02		6.9881652e+02		1.8738157e+02		5.2606000e+02		2.3326313e+02		1.0855693e+02		1.2470620e+02
3.3200000e+02		3.3300000e+02		3.3250000e+02		6.8562051e+02		1.6845175e+02		4.7069423e+02		2.0805316e+02		9.3697948e+01		1.1435521e+02
3.3300000e+02		3.3400000e+02		3.3350000e+02		6.5878216e+02		2.5940886e+02		7.3942017e+02		3.3054125e+02		1.6830104e+02		1.6224021e+02
3.3400000e+02		3.3500000e+02		3.3450000e+02		6.9405546e+02		2.9181796e+02		8.3359154e+02		3.7295089e+02		1.9196258e+02		1.8098832e+02
3.3500000e+02		3.3600000e+02		3.3550000e+02		6.8541663e+02		3.1530769e+02		9.0387628e+02		4.0509290e+02		2.1243411e+02		1.9265880e+02
3.3600000e+02		3.3700000e+02		3.3650000e+02		5.6469084e+02		2.5822463e+02		7.3919103e+02		3.3082310e+02		1.7176981e+02		1.5905329e+02
3.3700000e+02		3.3800000e+02		3.3750000e+02		5.9573781e+02		2.7772704e+02		7.9495858e+02		3.5558572e+02		1.8421563e+02		1.7137010e+02
3.3800000e+02		3.3900000e+02		3.3850000e+02		6.4448401e+02		3.3796356e+02		9.7251085e+02		4.3626287e+02		2.3257868e+02		2.0368419e+02
3.3900000e+02		3.4000000e+02		3.3950000e+02		6.7448220e+02		5.6310093e+02		1.6642976e+03		7.6038732e+02		4.6678462e+02		2.9360270e+02
3.4000000e+02		3.4100000e+02		3.4050000e+02		7.1196374e+02		6.3137935e+02		1.8714407e+03		8.5649889e+02		5.3263854e+02		3.2386035e+02
3.4100000e+02		3.4200000e+02		3.4150000e+02		6.4984945e+02		6.2153009e+02		1.8494758e+03		8.4863615e+02		5.3733873e+02		3.1129743e+02
3.4200000e+02		3.4300000e+02		3.4250000e+02		7.0477558e+02		6.7463522e+02		2.0056801e+03		9.1926870e+02		5.7880901e+02		3.4045969e+02
3.4300000e+02		3.4400000e+02		3.4350000e+02		6.9264465e+02		6.8170006e+02		2.0284520e+03		9.2994143e+02		5.8734540e+02		3.4259603e+02
3.4400000e+02		3.4500000e+02		3.4450000e+02		5.5710877e+02		5.3199771e+02		1.5783628e+03		7.2163338e+02		4.4868282e+02		2.7295056e+02
3.4500000e+02		3.4600000e+02		3.4550000e+02		6.7138909e+02		6.6355087e+02		1.9712938e+03		9.0183371e+02		5.6378325e+02		3.3805046e+02
3.4600000e+02		3.4700000e+02		3.4650000e+02		6.5194093e+02		6.5267245e+02		1.9388412e+03		8.8655812e+02		5.5337944e+02		3.3317869e+02
3.4700000e+02		3.4800000e+02		3.4750000e+02		6.4525828e+02		6.1031487e+02		1.8045043e+03		8.2174785e+02		5.0025581e+02		3.2149204e+02
3.4800000e+02		3.4900000e+02		3.4850000e+02		6.6761091e+02		6.6245038e+02		1.9631245e+03		8.9517984e+02		5.5064380e+02		3.4453604e+02
3.4900000e+02		3.5000000e+02		3.4950000e+02		6.3989005e+02		6.2618095e+02		1.8522324e+03		8.4302857e+02		5.1306697e+02		3.2996160e+02
3.5000000e+02		3.5100000e+02		3.5050000e+02		7.6650484e+02		7.4699361e+02		2.2069899e+03		1.0031265e+03		6.0601695e+02		3.9710956e+02
3.5100000e+02		3.5200000e+02		3.5150000e+02		7.1211510e+02		7.1633180e+02		2.1190432e+03		9.6367177e+02		5.8521265e+02		3.7845912e+02
3.5200000e+02		3.5300000e+02		3.5250000e+02		6.5785102e+02		6.9874098e+02		2.0728625e+03		9.4438134e+02		5.8119133e+02		3.6319001e+02
3.5300000e+02		3.5400000e+02		3.5350000e+02		7.5263834e+02		7.2361314e+02		2.1302652e+03		9.6426568e+02		5.6939002e+02		3.9487566e+02
3.5400000e+02		3.5500000e+02		3.5450000e+02		8.0329241e+02		7.7397247e+02		2.2768533e+03		1.0295701e+03		6.0475040e+02		4.2481966e+02
3.5500000e+02		3.5600000e+02		3.5550000e+02		7.5433512e+02		7.8511221e+02		2.3198444e+03		1.0521887e+03		6.3190978e+02		4.2027893e+02
3.5600000e+02		3.5700000e+02		3.5650000e+02		6.5576441e+02		6.9384019e+02		2.0507443e+03		9.2994326e+02		5.5862587e+02		3.7131740e+02
3.5700000e+02		3.5800000e+02		3.5750000e+02		5.7307986e+02		5.9425070e+02		1.7524663e+03		7.9292102e+02		4.7005903e+02		3.2286199e+02
3.5800000e+02		3.5900000e+02		3.5850000e+02		4.9194729e+02		4.6436816e+02		1.3594703e+03		6.1132922e+02		3.4771360e+02		2.6361562e+02
3.5900000e+02		3.6000000e+02		3.5950000e+02		7.1030971e+02		6.5312380e+02		1.9070379e+03		8.5544016e+02		4.7868566e+02		3.7675450e+02
3.6000000e+02		3.6100000e+02		3.6050000e+02		7.0092701e+02		6.4971532e+02		1.8965304e+03		8.5014078e+02		4.7421172e+02		3.7592906e+02
3.6100000e+02		3.6200000e+02		3.6150000e+02		6.5110481e+02		6.6433682e+02		1.9504715e+03		8.7785088e+02		5.0517969e+02		3.7267119e+02
3.6200000e+02		3.6300000e+02		3.6250000e+02		7.3500056e+02		7.2171982e+02		2.1115783e+03		9.4734365e+02		5.3383171e+02		4.1351194e+02
3.6300000e+02		3.6400000e+02		3.6350000e+02		7.1558904e+02		6.4000621e+02		1.8590229e+03		8.2906751e+02		4.4732383e+02		3.8174368e+02
3.6400000e+02		3.6500000e+02		3.6450000e+02		7.4837927e+02		6.8052442e+02		1.9773327e+03		8.8161746e+02		4.7579125e+02		4.0582622e+02
3.6500000e+02		3.6600000e+02		3.6550000e+02		8.5179486e+02		8.3772715e+02		2.4453281e+03		1.0936052e+03		6.0541389e+02		4.8819127e+02
3.6600000e+02		3.6700000e+02		3.6650000e+02		9.1042532e+02		8.9493427e+02		2.6101493e+03		1.1660296e+03		6.4141847e+02		5.2461114e+02
3.6700000e+02		3.6800000e+02		3.6750000e+02		8.7909512e+02		9.1963182e+02		2.6918352e+03		1.2053620e+03		6.7604494e+02		5.2931709e+02
3.6800000e+02		3.6900000e+02		3.6850000e+02		8.1047729e+02		8.3927091e+02		2.4529412e+03		1.0965958e+03		6.0883712e+02		4.8775863e+02
3.6900000e+02		3.7000000e+02		3.6950000e+02		8.9967825e+02		8.3809102e+02		2.4295319e+03		1.0787935e+03		5.6950813e+02		5.0928535e+02
3.7000000e+02		3.7100000e+02		3.7050000e+02		8.4427990e+02		6.7800350e+02		1.9443445e+03		8.5618250e+02		4.2157604e+02		4.3460646e+02
3.7100000e+02		3.7200000e+02		3.7150000e+02		8.7164560e+02		8.6215516e+02		2.5059126e+03		1.1139135e+03		5.9566664e+02		5.1824687e+02
3.7200000e+02		3.7300000e+02		3.7250000e+02		7.2411383e+02		7.5228360e+02		2.1925316e+03		9.7623671e+02		5.2987875e+02		4.4635796e+02
3.7300000e+02		3.7400000e+02		3.7350000e+02		6.3155746e+02		6.4801955e+02		1.8855742e+03		8.3810514e+02		4.4974734e+02		3.8835780e+02
3.7400000e+02		3.7500000e+02		3.7450000e+02		6.4642322e+02		6.2734481e+02		1.8168889e+03		8.0428755e+02		4.1865101e+02		3.8563654e+02
3.7500000e+02		3.7600000e+02		3.7550000e+02		7.4036161e+02		6.2734243e+02		1.7986656e+03		7.8995083e+02		3.8473561e+02		4.0521523e+02
3.7600000e+02		3.7700000e+02		3.7650000e+02		7.6758018e+02		7.4697176e+02		2.1605829e+03		9.5460576e+02		4.9126732e+02		4.6333844e+02
3.7700000e+02		3.7800000e+02		3.7750000e+02		9.0048278e+02		9.1785180e+02		2.6616507e+03		1.1777607e+03		6.1495116e+02		5.6280959e+02
3.7800000e+02		3.7900000e+02		3.7850000e+02		9.3786543e+02		9.1953361e+02		2.6572668e+03		1.1721352e+03		5.9766181e+02		5.7447340e+02
3.7900000e+02		3.8000000e+02		3.7950000e+02		7.6051322e+02		7.8916763e+02		2.2881465e+03		1.0114427e+03		5.2590858e+02		4.8553417e+02
3.8000000e+02		3.8100000e+02		3.8050000e+02		8.2814537e+02		8.8206037e+02		2.5605001e+03		1.1323652e+03		5.9222753e+02		5.4013764e+02
3.8100000e+02		3.8200000e+02		3.8150000e+02		7.4366886e+02		7.9226442e+02		2.2982692e+03		1.0153889e+03		5.2791819e+02		4.8747071e+02
3.8200000e+02		3.8300000e+02		3.8250000e+02		5.3336093e+02		5.4795168e+02		1.5842847e+03		6.9781637e+02		3.5458367e+02		3.4323270e+02
3.8300000e+02		3.8400000e+02		3.8350000e+02		4.7073026e+02		4.2470971e+02		1.2159339e+03		5.3139396e+02		2.5241764e+02		2.7897632e+02
3.8400000e+02		3.8500000e+02		3.8450000e+02		6.2969557e+02		6.1088555e+02		1.7566255e+03		7.6979695e+02		3.7598842e+02		3.9380854e+02
3.8500000e+02		3.8600000e+02		3.8550000e+02		6.6694888e+02		7.0445296e+02		2.0366844e+03		8.9581874e+02		4.5277632e+02		4.4304243e+02
3.8600000e+02		3.8700000e+02		3.8650000e+02		6.6977732e+02		7.1947053e+02		2.0812628e+03		9.1541088e+02		4.6359986e+02		4.5181103e+02
3.8700000e+02		3.8800000e+02		3.8750000e+02		6.6902499e+02		7.1545766e+02		2.0676051e+03		9.0828473e+02		4.5623373e+02		4.5205100e+02
3.8800000e+02		3.8900000e+02		3.8850000e+02		6.7841027e+02		6.8632876e+02		1.9741683e+03		8.6371454e+02		4.1969926e+02		4.4401528e+02
3.8900000e+02		3.9000000e+02		3.8950000e+02		8.1451188e+02		7.6507808e+02		2.1876997e+03		9.5248480e+02		4.4340907e+02		5.0907574e+02
3.9000000e+02		3.9100000e+02		3.9050000e+02		8.5560997e+02		8.8396338e+02		2.5431743e+03		1.1118088e+03		5.3908799e+02		5.7272078e+02
3.9100000e+02		3.9200000e+02		3.9150000e+02		9.2006232e+02		9.9013956e+02		2.8552809e+03		1.2499348e+03		6.1468202e+02		6.3525273e+02
3.9200000e+02		3.9300000e+02		3.9250000e+02		7.0614281e+02		7.6553683e+02		2.2073735e+03		9.6579477e+02		4.7381537e+02		4.9197940e+02
3.9300000e+02		3.9400000e+02		3.9350000e+02		4.3291589e+02		4.7035675e+02		1.3556019e+03		5.9263173e+02		2.8930570e+02		3.0332603e+02
3.9400000e+02		3.9500000e+02		3.9450000e+02		7.1565803e+02		7.7715566e+02		2.2383289e+03		9.7758580e+02		4.7422279e+02		5.0336301e+02
3.9500000e+02		3.9600000e+02		3.9550000e+02		8.7888136e+02		9.5159862e+02		2.7384520e+03		1.1946916e+03		5.7516410e+02		6.1952747e+02
3.9600000e+02		3.9700000e+02		3.9650000e+02		6.0712893e+02		6.5313328e+02		1.8774951e+03		8.1802157e+02		3.9012988e+02		4.2789169e+02
3.9700000e+02		3.9800000e+02		3.9750000e+02		6.8053003e+02		7.2855298e+02		2.0922679e+03		9.1050297e+02		4.3049828e+02		4.8000468e+02
3.9800000e+02		3.9900000e+02		3.9850000e+02		1.0480559e+03		1.1294918e+03		3.2432987e+03		1.4106349e+03		6.6519165e+02		7.4544324e+02
3.9900000e+02		4.0000000e+02		3.9950000e+02		1.1577145e+03		1.2486309e+03		3.5834434e+03		1.5572169e+03		7.3012229e+02		8.2709456e+02
4.0000000e+02		4.0100000e+02		4.0050000e+02		1.1939713e+03		1.2882792e+03		3.6951337e+03		1.6043279e+03		7.4777927e+02		8.5654865e+02
4.0100000e+02		4.0200000e+02		4.0150000e+02		1.2509583e+03		1.3504996e+03		3.8714552e+03		1.6794099e+03		7.7821002e+02		9.0119984e+02
4.0200000e+02		4.0300000e+02		4.0250000e+02		1.2664199e+03		1.3680733e+03		3.9197115e+03		1.6988720e+03		7.8267829e+02		9.1619374e+02
4.0300000e+02		4.0400000e+02		4.0350000e+02		1.2115903e+03		1.3104676e+03		3.7528149e+03		1.6251914e+03		7.4464464e+02		8.8054679e+02
4.0400000e+02		4.0500000e+02		4.0450000e+02		1.1914959e+03		1.2889813e+03		3.6891993e+03		1.5962344e+03		7.2696866e+02		8.6926577e+02
4.0500000e+02		4.0600000e+02		4.0550000e+02		1.1904731e+03		1.2882740e+03		3.6851417e+03		1.5930922e+03		7.2120739e+02		8.7188476e+02
4.0600000e+02		4.0700000e+02		4.0650000e+02		1.1388815e+03		1.2312416e+03		3.5197395e+03		1.5201628e+03		6.8359502e+02		8.3656779e+02
4.0700000e+02		4.0800000e+02		4.0750000e+02		1.1575323e+03		1.2518574e+03		3.5767470e+03		1.5434604e+03		6.8994012e+02		8.5352026e+02
4.0800000e+02		4.0900000e+02		4.0850000e+02		1.2307397e+03		1.3305367e+03		3.7993114e+03		1.6380387e+03		7.2755763e+02		9.1048106e+02
4.0900000e+02		4.1000000e+02		4.0950000e+02		1.2243097e+03		1.3227480e+03		3.7747957e+03		1.6260001e+03		7.1750214e+02		9.0849794e+02
4.1000000e+02		4.1100000e+02		4.1050000e+02		1.1216634e+03		1.2111266e+03		3.4541989e+03		1.4865702e+03		6.5170637e+02		8.3486379e+02
4.1100000e+02		4.1200000e+02		4.1150000e+02		1.3003372e+03		1.4031855e+03		3.9995913e+03		1.7197541e+03		7.4900939e+02		9.7074472e+02
4.1200000e+02		4.1300000e+02		4.1250000e+02		1.2760342e+03		1.3761120e+03		3.9201170e+03		1.6840876e+03		7.2867812e+02		9.5540952e+02
4.1300000e+02		4.1400000e+02		4.1350000e+02		1.2308584e+03		1.3265834e+03		3.7768231e+03		1.6210992e+03		6.9683178e+02		9.2426738e+02
4.1400000e+02		4.1500000e+02		4.1450000e+02		1.2488872e+03		1.3452294e+03		3.8277014e+03		1.6415010e+03		7.0098609e+02		9.4051487e+02
4.1500000e+02		4.1600000e+02		4.1550000e+02		1.2477523e+03		1.3432036e+03		3.8197474e+03		1.6366649e+03		6.9433673e+02		9.4232814e+02
4.1600000e+02		4.1700000e+02		4.1650000e+02		1.2947363e+03		1.3929683e+03		3.9590175e+03		1.6948728e+03		7.1431391e+02		9.8055892e+02
4.1700000e+02		4.1800000e+02		4.1750000e+02		1.1781342e+03		1.2667761e+03		3.5983324e+03		1.5391386e+03		6.4441650e+02		8.9472207e+02
4.1800000e+02		4.1900000e+02		4.1850000e+02		1.2217101e+03		1.3128663e+03		3.7271698e+03		1.5928859e+03		6.6253350e+02		9.3035244e+02
4.1900000e+02		4.2000000e+02		4.1950000e+02		1.2338424e+03		1.3251389e+03		3.7599263e+03		1.6055219e+03		6.6339332e+02		9.4212862e+02
4.2000000e+02		4.2100000e+02		4.2050000e+02		1.2494927e+03		1.3411796e+03		3.8033486e+03		1.6226945e+03		6.6607145e+02		9.5662308e+02
4.2100000e+02		4.2200000e+02		4.2150000e+02		1.2299982e+03		1.3195058e+03		3.7398461e+03		1.5942647e+03		6.5008670e+02		9.4417804e+02
4.2200000e+02		4.2300000e+02		4.2250000e+02		1.1657134e+03		1.2498396e+03		3.5404785e+03		1.5080198e+03		6.1086093e+02		8.9715891e+02
4.2300000e+02		4.2400000e+02		4.2350000e+02		1.2419943e+03		1.3308830e+03		3.7680333e+03		1.6036166e+03		6.4529459e+02		9.5832198e+02
4.2400000e+02		4.2500000e+02		4.2450000e+02		1.2850442e+03		1.3762526e+03		3.8944144e+03		1.6560406e+03		6.6198550e+02		9.9405512e+02
4.2500000e+02		4.2600000e+02		4.2550000e+02		1.2367256e+03		1.3237785e+03		3.7439530e+03		1.5907596e+03		6.3168406e+02		9.5907553e+02
4.2600000e+02		4.2700000e+02		4.2650000e+02		1.2316584e+03		1.3176381e+03		3.7246393e+03		1.5812699e+03		6.2375955e+02		9.5751037e+02
4.2700000e+02		4.2800000e+02		4.2750000e+02		1.1420512e+03		1.2211173e+03		3.4500100e+03		1.4634978e+03		5.7347849e+02		8.9001933e+02
4.2800000e+02		4.2900000e+02		4.2850000e+02		1.1495483e+03		1.2284768e+03		3.4690194e+03		1.4703837e+03		5.7235789e+02		8.9802583e+02
4.2900000e+02		4.3000000e+02		4.2950000e+02		1.0698649e+03		1.1427168e+03		3.2252029e+03		1.3659523e+03		5.2818081e+02		8.3777145e+02
4.3000000e+02		4.3100000e+02		4.3050000e+02		8.6065012e+02		9.1877295e+02		2.5918340e+03		1.0968379e+03		4.2130623e+02		6.7553169e+02
4.3100000e+02		4.3200000e+02		4.3150000e+02		1.0641754e+03		1.1354517e+03		3.2014742e+03		1.3537684e+03		5.1654292e+02		8.3722547e+02
4.3200000e+02		4.3300000e+02		4.3250000e+02		1.1990384e+03		1.2786873e+03		3.6035448e+03		1.5225993e+03		5.7710209e+02		9.4549722e+02
4.3300000e+02		4.3400000e+02		4.3350000e+02		1.3017454e+03		1.3875066e+03		3.9082892e+03		1.6500838e+03		6.2126431e+02		1.0288195e+03
4.3400000e+02		4.3500000e+02		4.3450000e+02		1.1054356e+03		1.1776659e+03		3.3155960e+03		1.3987715e+03		5.2314139e+02		8.7563012e+02
4.3500000e+02		4.3600000e+02		4.3550000e+02		1.2347447e+03		1.3147628e+03		3.6997857e+03		1.5596597e+03		5.7943214e+02		9.8022752e+02
4.3600000e+02		4.3700000e+02		4.3650000e+02		1.3814970e+03		1.4702922e+03		4.1354640e+03		1.7419989e+03		6.4286484e+02		1.0991340e+03
4.3700000e+02		4.3800000e+02		4.3750000e+02		1.2223713e+03		1.3002959e+03		3.6555774e+03		1.5386938e+03		5.6405536e+02		9.7463840e+02
4.3800000e+02		4.3900000e+02		4.3850000e+02		1.1905029e+03		1.2657756e+03		3.5568493e+03		1.4960168e+03		5.4475659e+02		9.5126024e+02
4.3900000e+02		4.4000000e+02		4.3950000e+02		1.3250738e+03		1.4081710e+03		3.9551306e+03		1.6622979e+03		6.0127086e+02		1.0610271e+03
4.4000000e+02		4.4100000e+02		4.4050000e+02		1.2562739e+03		1.3344139e+03		3.7462298e+03		1.5733367e+03		5.6529757e+02		1.0080392e+03
4.4100000e+02		4.4200000e+02		4.4150000e+02		1.3817384e+03		1.4669819e+03		4.1165060e+03		1.7275771e+03		6.1657504e+02		1.1110021e+03
4.4200000e+02		4.4300000e+02		4.4250000e+02		1.4526378e+03		1.5415257e+03		4.3237107e+03		1.8132135e+03		6.4282014e+02		1.1703933e+03
4.4300000e+02		4.4400000e+02		4.4350000e+02		1.4050936e+03		1.4903730e+03		4.1783457e+03		1.7509852e+03		6.1661503e+02		1.1343702e+03
4.4400000e+02		4.4500000e+02		4.4450000e+02		1.4475318e+03		1.5346733e+03		4.3006145e+03		1.8009290e+03		6.2996787e+02		1.1709611e+03
4.4500000e+02		4.4600000e+02		4.4550000e+02		1.3420773e+03		1.4222148e+03		3.9837001e+03		1.6670279e+03		5.7923394e+02		1.0877939e+03
4.4600000e+02		4.4700000e+02		4.4650000e+02		1.3689269e+03		1.4500050e+03		4.0597516e+03		1.6976493e+03		5.8593261e+02		1.1117167e+03
4.4700000e+02		4.4800000e+02		4.4750000e+02		1.4837056e+03		1.5708702e+03		4.3962300e+03		1.8370601e+03		6.2981194e+02		1.2072481e+03
4.4800000e+02		4.4900000e+02		4.4850000e+02		1.4587166e+03		1.5437201e+03		4.3183755e+03		1.8032666e+03		6.1409363e+02		1.1891729e+03
4.4900000e+02		4.5000000e+02		4.4950000e+02		1.4737837e+03		1.5589713e+03		4.3591654e+03		1.8190372e+03		6.1532245e+02		1.2037147e+03
4.5000000e+02		4.5100000e+02		4.5050000e+02		1.5636828e+03		1.6533373e+03		4.6210606e+03		1.9269955e+03		6.4748222e+02		1.2795133e+03
4.5100000e+02		4.5200000e+02		4.5150000e+02		1.5589734e+03		1.6476374e+03		4.6031844e+03		1.9182285e+03		6.4022543e+02		1.2780031e+03
4.5200000e+02		4.5300000e+02		4.5250000e+02		1.4757889e+03		1.5590461e+03		4.3538534e+03		1.8130960e+03		6.0108841e+02		1.2120076e+03
4.5300000e+02		4.5400000e+02		4.5350000e+02		1.4141855e+03		1.4933257e+03		4.1685887e+03		1.7347750e+03		5.7127507e+02		1.1634999e+03
4.5400000e+02		4.5500000e+02		4.5450000e+02		1.5096596e+03		1.5934640e+03		4.4462919e+03		1.8491037e+03		6.0484989e+02		1.2442538e+03
4.5500000e+02		4.5600000e+02		4.5550000e+02		1.4952815e+03		1.5776218e+03		4.4002903e+03		1.8287564e+03		5.9419106e+02		1.2345654e+03
4.5600000e+02		4.5700000e+02		4.5650000e+02		1.5527317e+03		1.6375503e+03		4.5655946e+03		1.8962046e+03		6.1198263e+02		1.2842220e+03
4.5700000e+02		4.5800000e+02		4.5750000e+02		1.5677329e+03		1.6526854e+03		4.6059440e+03		1.9117093e+03		6.1285706e+02		1.2988522e+03
4.5800000e+02		4.5900000e+02		4.5850000e+02		1.4734199e+03		1.5526234e+03		4.3253558e+03		1.7940826e+03		5.7129846e+02		1.2227841e+03
4.5900000e+02		4.6000000e+02		4.5950000e+02		1.5222067e+03		1.6033793e+03		4.4649923e+03		1.8508052e+03		5.8541590e+02		1.2653893e+03
4.6000000e+02		4.6100000e+02		4.6050000e+02		1.5039223e+03		1.5834803e+03		4.4078548e+03		1.8259493e+03		5.7368781e+02		1.2522614e+03
4.6100000e+02		4.6200000e+02		4.6150000e+02		1.5386000e+03		1.6193440e+03		4.5059399e+03		1.8653926e+03		5.8215720e+02		1.2832354e+03
4.6200000e+02		4.6300000e+02		4.6250000e+02		1.5538294e+03		1.6347239e+03		4.5469875e+03		1.8811960e+03		5.8315929e+02		1.2980367e+03
4.6300000e+02		4.6400000e+02		4.6350000e+02		1.5018384e+03		1.5794048e+03		4.3914439e+03		1.8157039e+03		5.5908958e+02		1.2566143e+03
4.6400000e+02		4.6500000e+02		4.6450000e+02		1.5281564e+03		1.6064556e+03		4.4649702e+03		1.8449543e+03		5.6429387e+02		1.2806604e+03
4.6500000e+02		4.6600000e+02		4.6550000e+02		1.4760608e+03		1.5510913e+03		4.3094765e+03		1.7796021e+03		5.4066236e+02		1.2389397e+03
4.6600000e+02		4.6700000e+02		4.6650000e+02		1.4854121e+03		1.5603201e+03		4.3335081e+03		1.7884273e+03		5.3970723e+02		1.2487200e+03
4.6700000e+02		4.6800000e+02		4.6750000e+02		1.4997486e+03		1.5747816e+03		4.3720623e+03		1.8032388e+03		5.4053545e+02		1.2627033e+03
4.6800000e+02		4.6900000e+02		4.6850000e+02		1.4665907e+03		1.5393854e+03		4.2722322e+03		1.7609981e+03		5.2434137e+02		1.2366567e+03
4.6900000e+02		4.7000000e+02		4.6950000e+02		1.5086728e+03		1.5829656e+03		4.3915904e+03		1.8091098e+03		5.3506284e+02		1.2740469e+03
4.7000000e+02		4.7100000e+02		4.7050000e+02		1.4256243e+03		1.4952745e+03		4.1468227e+03		1.7072595e+03		5.0156176e+02		1.2056977e+03
4.7100000e+02		4.7200000e+02		4.7150000e+02		1.4904926e+03		1.5627392e+03		4.3323801e+03		1.7825983e+03		5.2019218e+02		1.2624061e+03
4.7200000e+02		4.7300000e+02		4.7250000e+02		1.5269264e+03		1.6003575e+03		4.4351050e+03		1.8237931e+03		5.2865439e+02		1.2951387e+03
4.7300000e+02		4.7400000e+02		4.7350000e+02		1.4995420e+03		1.5710903e+03		4.3524742e+03		1.7887700e+03		5.1503553e+02		1.2737344e+03
4.7400000e+02		4.7500000e+02		4.7450000e+02		1.5448084e+03		1.6179390e+03		4.4807080e+03		1.8404050e+03		5.2636024e+02		1.3140447e+03
4.7500000e+02		4.7600000e+02		4.7550000e+02		1.5413846e+03		1.6137820e+03		4.4676602e+03		1.8339910e+03		5.2102008e+02		1.3129709e+03
4.7600000e+02		4.7700000e+02		4.7650000e+02		1.4853490e+03		1.5545692e+03		4.3022669e+03		1.7650889e+03		4.9809484e+02		1.2669940e+03
4.7700000e+02		4.7800000e+02		4.7750000e+02		1.5508368e+03		1.6225448e+03		4.4888724e+03		1.8406045e+03		5.1593479e+02		1.3246697e+03
4.7800000e+02		4.7900000e+02		4.7850000e+02		1.5358791e+03		1.6063419e+03		4.4425579e+03		1.8205898e+03		5.0691603e+02		1.3136738e+03
4.7900000e+02		4.8000000e+02		4.7950000e+02		1.5403519e+03		1.6104698e+03		4.4524954e+03		1.8236441e+03		5.0437591e+02		1.3192682e+03
4.8000000e+02		4.8100000e+02		4.8050000e+02		1.5442750e+03		1.6140250e+03		4.4608556e+03		1.8260563e+03		5.0167161e+02		1.3243847e+03
4.8100000e+02		4.8200000e+02		4.8150000e+02		1.5475498e+03		1.6169050e+03		4.4673570e+03		1.8277123e+03		4.9877551e+02		1.3289368e+03
4.8200000e+02		4.8300000e+02		4.8250000e+02		1.5416562e+03		1.6102116e+03		4.4474242e+03		1.8185644e+03		4.9296801e+02		1.3255964e+03
4.8300000e+02		4.8400000e+02		4.8350000e+02		1.5183412e+03		1.5853370e+03		4.3773156e+03		1.7889273e+03		4.8169974e+02		1.3072275e+03
4.8400000e+02		4.8500000e+02		4.8450000e+02		1.4920771e+03		1.5574049e+03		4.2988239e+03		1.7559046e+03		4.6965532e+02		1.2862493e+03
4.8500000e+02		4.8600000e+02		4.8550000e+02		1.4021236e+03		1.4630390e+03		4.0370769e+03		1.6481110e+03		4.3788528e+02		1.2102258e+03
4.8600000e+02		4.8700000e+02		4.8650000e+02		1.2173217e+03		1.2698005e+03		3.5027635e+03		1.4292236e+03		3.7719906e+02		1.0520245e+03
4.8700000e+02		4.8800000e+02		4.8750000e+02		1.3927585e+03		1.4523380e+03		4.0050540e+03		1.6333127e+03		4.2819082e+02		1.2051219e+03
4.8800000e+02		4.8900000e+02		4.8850000e+02		1.4651201e+03		1.5273131e+03		4.2105153e+03		1.7162065e+03		4.4692659e+02		1.2692799e+03
4.8900000e+02		4.9000000e+02		4.8950000e+02		1.4372192e+03		1.4977593e+03		4.1277828e+03		1.6816133e+03		4.3500327e+02		1.2466100e+03
4.9000000e+02		4.9100000e+02		4.9050000e+02		1.5307557e+03		1.5947413e+03		4.3937347e+03		1.7890390e+03		4.5971329e+02		1.3293257e+03
4.9100000e+02		4.9200000e+02		4.9150000e+02		1.4425606e+03		1.5023979e+03		4.1380756e+03		1.6840802e+03		4.2986493e+02		1.2542152e+03
4.9200000e+02		4.9300000e+02		4.9250000e+02		1.3729411e+03		1.4294550e+03		3.9359987e+03		1.6010294e+03		4.0594927e+02		1.1950801e+03
4.9300000e+02		4.9400000e+02		4.9350000e+02		1.4509629e+03		1.5102322e+03		4.1571939e+03		1.6901540e+03		4.2569954e+02		1.2644545e+03
4.9400000e+02		4.9500000e+02		4.9450000e+02		1.4929449e+03		1.5534640e+03		4.2749488e+03		1.7371616e+03		4.3463309e+02		1.3025285e+03
4.9500000e+02		4.9600000e+02		4.9550000e+02		1.4663156e+03		1.5253026e+03		4.1962366e+03		1.7043319e+03		4.2358807e+02		1.2807439e+03
4.9600000e+02		4.9700000e+02		4.9650000e+02		1.4846220e+03		1.5438912e+03		4.2461563e+03		1.7237597e+03		4.2557345e+02		1.2981862e+03
4.9700000e+02		4.9800000e+02		4.9750000e+02		1.5123203e+03		1.5722367e+03		4.3228843e+03		1.7540520e+03		4.3017969e+02		1.3238723e+03
4.9800000e+02		4.9900000e+02		4.9850000e+02		1.3744029e+03		1.4284422e+03		3.9264112e+03		1.5924080e+03		3.8794733e+02		1.2044607e+03
4.9900000e+02		5.0000000e+02		4.9950000e+02		1.4721832e+03		1.5296287e+03		4.2033698e+03		1.7039132e+03		4.1236164e+02		1.2915516e+03
