Left Bin Edge (nm)	Right Bin Edge (nm)	Bin Center (nm)		Top of Atm Intensity (erg/s/nm/cm2)		Total Surface Flux (erg/s/nm/cm2)		Total Intensity at BOA (erg/s/nm/cm2)		Total Surface Intensity (erg/s/nm/cm2)		Total Surface Diffuse Intensity (erg/s/nm/cm2)		Total Surface Direct Intensity (erg/s/nm/cm2)
1.0000000e+02		1.0100000e+02		1.0050000e+02		4.4569042e-02		2.4525374e-199		0.0000000e+00		4.2479194e-199		4.2479194e-199		0.0000000e+00
1.0100000e+02		1.0200000e+02		1.0150000e+02		1.7387199e-01		2.8780738e-197		0.0000000e+00		4.9849701e-197		4.9849701e-197		0.0000000e+00
1.0200000e+02		1.0300000e+02		1.0250000e+02		9.2286085e-01		3.0760917e-195		0.0000000e+00		5.3279471e-195		5.3279471e-195		0.0000000e+00
1.0300000e+02		1.0400000e+02		1.0350000e+02		7.0094286e-01		3.0025219e-193		0.0000000e+00		5.2005205e-193		5.2005205e-193		0.0000000e+00
1.0400000e+02		1.0500000e+02		1.0450000e+02		1.4124828e-01		2.6834655e-191		0.0000000e+00		4.6478986e-191		4.6478986e-191		0.0000000e+00
1.0500000e+02		1.0600000e+02		1.0550000e+02		4.8389941e-02		2.2015022e-189		0.0000000e+00		3.8131136e-189		3.8131136e-189		0.0000000e+00
1.0600000e+02		1.0700000e+02		1.0650000e+02		4.5487167e-02		1.6618998e-187		0.0000000e+00		2.8784949e-187		2.8784949e-187		0.0000000e+00
1.0700000e+02		1.0800000e+02		1.0750000e+02		5.0757295e-02		1.1570799e-185		0.0000000e+00		2.0041212e-185		2.0041212e-185		0.0000000e+00
1.0800000e+02		1.0900000e+02		1.0850000e+02		7.1152114e-02		7.4462224e-184		0.0000000e+00		1.2897236e-183		1.2897236e-183		0.0000000e+00
1.0900000e+02		1.1000000e+02		1.0950000e+02		5.5817450e-02		1.0588737e-109		2.8918551e-103		1.6683724e-109		1.4420893e-109		2.2628307e-110
1.1000000e+02		1.1100000e+02		1.1050000e+02		5.4043772e-02		2.4860293e-174		0.0000000e+00		3.1932408e-174		1.6732804e-174		1.5199604e-174
1.1100000e+02		1.1200000e+02		1.1150000e+02		5.0797691e-02		1.4503628e-113		5.9730875e-107		2.1349484e-113		1.6197469e-113		5.1520150e-114
1.1200000e+02		1.1300000e+02		1.1250000e+02		5.1969037e-02		5.9794837e-177		0.0000000e+00		1.0356769e-176		1.0356769e-176		1.6769995e-209
1.1300000e+02		1.1400000e+02		1.1350000e+02		4.1221387e-02		2.6902465e-175		0.0000000e+00		4.6596436e-175		4.6596436e-175		6.5897240e-279
1.1400000e+02		1.1500000e+02		1.1450000e+02		3.1562600e-02		1.9241791e-75		7.1374542e-71		3.2836845e-75		3.2166243e-75		6.7060197e-77
1.1500000e+02		1.1600000e+02		1.1550000e+02		4.3552050e-02		4.4438883e-172		0.0000000e+00		7.6970404e-172		7.6970404e-172		0.0000000e+00
1.1600000e+02		1.1700000e+02		1.1650000e+02		1.0143732e-01		1.6285203e-170		0.0000000e+00		2.8206800e-170		2.8206800e-170		3.1679285e-239
1.1700000e+02		1.1800000e+02		1.1750000e+02		3.6108525e-01		5.6461052e-169		0.0000000e+00		9.7793411e-169		9.7793411e-169		2.1331965e-250
1.1800000e+02		1.1900000e+02		1.1850000e+02		1.2283927e-01		1.7697645e-61		1.1729570e-57		3.0328995e-61		2.9886095e-61		4.4289985e-63
1.1900000e+02		1.2000000e+02		1.1950000e+02		1.7115732e-01		5.6402985e-166		0.0000000e+00		9.7692836e-166		9.7692836e-166		5.1963423e-183
1.2000000e+02		1.2100000e+02		1.2050000e+02		9.3056497e-01		1.6623599e-164		0.0000000e+00		2.8792918e-164		2.8792918e-164		0.0000000e+00
1.2100000e+02		1.2200000e+02		1.2150000e+02		3.6941242e+01		9.9311281e-107		2.1174589e-100		1.2596168e-106		6.3055524e-107		6.2906157e-107
1.2200000e+02		1.2300000e+02		1.2250000e+02		2.4773856e-01		8.0846554e-102		6.9387638e-96		1.0319024e-101		5.2865727e-102		5.0324512e-102
1.2300000e+02		1.2400000e+02		1.2350000e+02		1.3344721e-01		6.0403566e-137		4.4021608e-129		7.1548728e-137		2.6369737e-137		4.5178991e-137
1.2400000e+02		1.2500000e+02		1.2450000e+02		1.0726631e-01		6.8698494e-159		9.7043468e-160		1.1898928e-158		1.1898928e-158		0.0000000e+00
1.2500000e+02		1.2600000e+02		1.2550000e+02		1.0471361e-01		1.5141566e-157		4.2245171e-158		2.6225962e-157		2.6225962e-157		8.7309429e-231
1.2600000e+02		1.2700000e+02		1.2650000e+02		1.4644878e-01		5.1892036e-91		1.0567274e-85		6.5300546e-91		3.1724875e-91		3.3575671e-91
1.2700000e+02		1.2800000e+02		1.2750000e+02		7.6659940e-02		4.7718615e-60		1.9244528e-56		6.7932244e-60		4.7825960e-60		2.0106284e-60
1.2800000e+02		1.2900000e+02		1.2850000e+02		6.1165494e-02		1.0192792e-127		2.1186740e-120		1.1801566e-127		3.8063999e-128		7.9951657e-128
1.2900000e+02		1.3000000e+02		1.2950000e+02		8.1594975e-02		2.2873756e-152		2.8081595e-146		3.9618493e-152		3.9618473e-152		2.0155358e-158
1.3000000e+02		1.3100000e+02		1.3050000e+02		6.7007791e-01		4.0644022e-118		2.7906970e-111		4.6981667e-118		1.4995029e-118		3.1986638e-118
1.3100000e+02		1.3200000e+02		1.3150000e+02		9.0731094e-02		6.8060249e-150		2.0635114e-150		1.1788381e-149		1.1788381e-149		9.4392740e-202
1.3200000e+02		1.3300000e+02		1.3250000e+02		7.0547730e-02		1.1059906e-148		2.5333418e-149		1.9156318e-148		1.9156318e-148		0.0000000e+00
1.3300000e+02		1.3400000e+02		1.3350000e+02		9.5357088e-01		1.7131174e-147		3.7023486e-148		2.9672065e-147		2.9672065e-147		0.0000000e+00
1.3400000e+02		1.3500000e+02		1.3450000e+02		6.5246966e-02		2.5472509e-146		5.1074652e-147		4.4119680e-146		4.4119680e-146		0.0000000e+00
1.3500000e+02		1.3600000e+02		1.3550000e+02		1.3692679e-01		3.6394404e-145		6.5626099e-146		6.3036957e-145		6.3036957e-145		0.0000000e+00
1.3600000e+02		1.3700000e+02		1.3650000e+02		8.9861989e-02		4.9940012e-144		8.8728007e-145		8.6498637e-144		8.6498637e-144		0.0000000e+00
1.3700000e+02		1.3800000e+02		1.3750000e+02		9.2282630e-02		6.5939913e-143		1.1681264e-143		1.1421128e-142		1.1421128e-142		0.0000000e+00
1.3800000e+02		1.3900000e+02		1.3850000e+02		9.4180145e-02		8.3843802e-142		1.5065545e-142		1.4522173e-141		1.4522173e-141		0.0000000e+00
1.3900000e+02		1.4000000e+02		1.3950000e+02		3.1801144e-01		1.0276142e-140		1.8800748e-141		1.7798800e-140		1.7798800e-140		0.0000000e+00
1.4000000e+02		1.4100000e+02		1.4050000e+02		2.7729440e-01		1.2150196e-139		2.2642420e-140		2.1044757e-139		2.1044757e-139		0.0000000e+00
1.4100000e+02		1.4200000e+02		1.4150000e+02		1.3359910e-01		1.3869512e-138		2.6339626e-139		2.4022700e-138		2.4022700e-138		0.0000000e+00
1.4200000e+02		1.4300000e+02		1.4250000e+02		1.4479671e-01		1.5296435e-137		2.9594955e-138		2.6494202e-137		2.6494202e-137		0.0000000e+00
1.4300000e+02		1.4400000e+02		1.4350000e+02		1.6064305e-01		1.6310945e-136		3.2165677e-137		2.8251385e-136		2.8251385e-136		0.0000000e+00
1.4400000e+02		1.4500000e+02		1.4450000e+02		1.5363637e-01		1.6828238e-135		3.3804945e-136		2.9147363e-135		2.9147363e-135		0.0000000e+00
1.4500000e+02		1.4600000e+02		1.4550000e+02		1.6382583e-01		1.6809586e-134		3.4421741e-135		2.9115058e-134		2.9115058e-134		0.0000000e+00
1.4600000e+02		1.4700000e+02		1.4650000e+02		1.9977093e-01		1.6267813e-133		3.3943458e-134		2.8176679e-133		2.8176679e-133		0.0000000e+00
1.4700000e+02		1.4800000e+02		1.4750000e+02		2.4643334e-01		1.5262667e-132		3.2460263e-133		2.6435714e-132		2.6435714e-132		0.0000000e+00
1.4800000e+02		1.4900000e+02		1.4850000e+02		2.4167300e-01		1.3891042e-131		3.0115276e-132		2.4059991e-131		2.4059991e-131		0.0000000e+00
1.4900000e+02		1.5000000e+02		1.4950000e+02		2.1832777e-01		1.2271768e-130		2.7124110e-131		2.1255326e-130		2.1255326e-130		0.0000000e+00
1.5000000e+02		1.5100000e+02		1.5050000e+02		2.4023073e-01		1.0529354e-129		2.3742156e-130		1.8237376e-129		1.8237376e-129		0.0000000e+00
1.5100000e+02		1.5200000e+02		1.5150000e+02		2.5258505e-01		8.7796952e-129		2.0183239e-129		1.5206878e-128		1.5206878e-128		0.0000000e+00
1.5200000e+02		1.5300000e+02		1.5250000e+02		3.2229547e-01		7.1182124e-128		1.6702058e-128		1.2329106e-127		1.2329106e-127		0.0000000e+00
1.5300000e+02		1.5400000e+02		1.5350000e+02		3.5701286e-01		5.6146200e-127		1.3450907e-127		9.7248072e-127		9.7248072e-127		0.0000000e+00
1.5400000e+02		1.5500000e+02		1.5450000e+02		9.5486931e-01		4.3108648e-126		1.0542227e-126		7.4666368e-126		7.4666368e-126		0.0000000e+00
1.5500000e+02		1.5600000e+02		1.5550000e+02		7.8587524e-01		3.2235236e-125		8.0439764e-126		5.5833066e-125		5.5833066e-125		0.0000000e+00
1.5600000e+02		1.5700000e+02		1.5650000e+02		4.6648084e-01		2.3486666e-124		5.9899439e-125		4.0680099e-124		4.0680099e-124		0.0000000e+00
1.5700000e+02		1.5800000e+02		1.5750000e+02		4.2309893e-01		1.6682750e-123		4.3471726e-124		2.8895371e-123		2.8895371e-123		0.0000000e+00
1.5800000e+02		1.5900000e+02		1.5850000e+02		3.9008072e-01		1.1557393e-122		3.0818113e-123		2.0017993e-122		2.0017993e-122		0.0000000e+00
1.5900000e+02		1.6000000e+02		1.5950000e+02		3.8042347e-01		7.8129613e-122		2.1321402e-122		1.3532446e-121		1.3532446e-121		0.0000000e+00
1.6000000e+02		1.6100000e+02		1.6050000e+02		4.1635449e-01		5.1562356e-121		1.4403273e-121		8.9308621e-121		8.9308621e-121		0.0000000e+00
1.6100000e+02		1.6200000e+02		1.6150000e+02		4.7164413e-01		3.3234667e-120		9.5147242e-121		5.7564132e-120		5.7564132e-120		0.0000000e+00
1.6200000e+02		1.6300000e+02		1.6250000e+02		5.2241459e-01		2.0929274e-119		6.1601760e-120		3.6250566e-119		3.6250566e-119		0.0000000e+00
1.6300000e+02		1.6400000e+02		1.6350000e+02		1.1072121e+00		1.2883623e-118		3.8995284e-119		2.2315090e-118		2.2315090e-118		0.0000000e+00
1.6400000e+02		1.6500000e+02		1.6450000e+02		1.1323318e+00		7.7549859e-118		2.4211360e-118		1.3432030e-117		1.3432030e-117		0.0000000e+00
1.6500000e+02		1.6600000e+02		1.6550000e+02		1.3255566e+00		4.5659843e-117		1.4763795e-117		7.9085167e-117		7.9085167e-117		0.0000000e+00
1.6600000e+02		1.6700000e+02		1.6650000e+02		6.2522883e-01		2.6308957e-116		8.8202682e-117		4.5568451e-116		4.5568451e-116		0.0000000e+00
1.6700000e+02		1.6800000e+02		1.6750000e+02		6.6723830e-01		1.4839383e-115		5.1739392e-116		2.5702565e-115		2.5702565e-115		0.0000000e+00
1.6800000e+02		1.6900000e+02		1.6850000e+02		7.1904320e-01		8.1963739e-115		2.9805795e-115		1.4196536e-114		1.4196536e-114		1.4794286e-277
1.6900000e+02		1.7000000e+02		1.6950000e+02		9.0554889e-01		4.4331949e-114		1.6978280e-114		7.6785187e-114		7.6785187e-114		4.3350790e-224
1.7000000e+02		1.7100000e+02		1.7050000e+02		1.0161854e+00		2.3495963e-113		9.4870640e-114		4.0696202e-113		4.0696202e-113		1.3494437e-183
1.7100000e+02		1.7200000e+02		1.7150000e+02		1.0130704e+00		1.2200858e-112		5.2374234e-113		2.1132506e-112		2.1132506e-112		5.0118295e-148
1.7200000e+02		1.7300000e+02		1.7250000e+02		1.0571150e+00		6.2102504e-112		5.3452744e-109		1.0756469e-111		1.0756469e-111		5.0127410e-120
1.7300000e+02		1.7400000e+02		1.7350000e+02		1.0479596e+00		6.1032974e-95		1.9888197e-89		6.3643877e-95		6.1774620e-96		5.7466415e-95
1.7400000e+02		1.7500000e+02		1.7450000e+02		1.2530722e+00		6.4452574e-74		1.4126402e-69		6.7929163e-74		8.2256956e-75		5.9703467e-74
1.7500000e+02		1.7600000e+02		1.7550000e+02		1.4954862e+00		2.5135396e-57		6.5852311e-54		2.6856029e-57		4.0710604e-58		2.2784968e-57
1.7600000e+02		1.7700000e+02		1.7650000e+02		1.6135596e+00		1.0791137e-43		4.9451298e-41		1.1750153e-43		2.2690568e-44		9.4810963e-44
1.7700000e+02		1.7800000e+02		1.7750000e+02		1.9010195e+00		5.6923010e-30		4.5978403e-28		6.4330565e-30		1.7526463e-30		4.6804101e-30
1.7800000e+02		1.7900000e+02		1.7850000e+02		2.0776624e+00		3.2624983e-16		4.8801406e-15		4.0989139e-16		1.9789806e-16		2.1199333e-16
1.7900000e+02		1.8000000e+02		1.7950000e+02		2.0198657e+00		5.6430630e-34		7.5511347e-32		6.2457794e-34		1.4260423e-34		4.8197371e-34
1.8000000e+02		1.8100000e+02		1.8050000e+02		2.4976225e+00		9.8551689e-18		1.7621661e-16		1.1976081e-17		5.0181319e-18		6.9579492e-18
1.8100000e+02		1.8200000e+02		1.8150000e+02		3.0410490e+00		2.6991587e-11		2.3448523e-10		3.6639783e-11		2.2827876e-11		1.3811907e-11
1.8200000e+02		1.8300000e+02		1.8250000e+02		2.8073836e+00		4.0077810e-09		2.8058167e-08		5.8244120e-09		4.2981949e-09		1.5262170e-09
1.8300000e+02		1.8400000e+02		1.8350000e+02		2.9562417e+00		2.4815492e-10		1.9245521e-09		3.4115168e-10		2.2003269e-10		1.2111898e-10
1.8400000e+02		1.8500000e+02		1.8450000e+02		2.5409769e+00		1.4868609e-06		8.3011298e-06		2.3920526e-06		2.1417064e-06		2.5034616e-07
1.8500000e+02		1.8600000e+02		1.8550000e+02		2.8735562e+00		6.0144779e-04		2.6330200e-03		1.0320862e-03		1.0189014e-03		1.3184824e-05
1.8600000e+02		1.8700000e+02		1.8650000e+02		3.2604304e+00		2.4733171e-05		1.2388238e-04		4.0994395e-05		3.8474469e-05		2.5199260e-06
1.8700000e+02		1.8800000e+02		1.8750000e+02		3.6946466e+00		2.6942005e-02		1.0259765e-01		4.6576447e-02		4.6455589e-02		1.2085820e-04
1.8800000e+02		1.8900000e+02		1.8850000e+02		3.8870616e+00		2.3059589e-04		1.0552173e-03		3.8867021e-04		3.7400786e-04		1.4662350e-05
1.8900000e+02		1.9000000e+02		1.8950000e+02		4.3106081e+00		3.9985317e-01		1.4226017e+00		6.9222751e-01		6.9176513e-01		4.6238277e-04
1.9000000e+02		1.9100000e+02		1.9050000e+02		4.4384288e+00		1.7879124e-02		6.9265305e-02		3.0818002e-02		3.0613714e-02		2.0428867e-04
1.9100000e+02		1.9200000e+02		1.9150000e+02		4.8094361e+00		1.2078850e+00		4.2221632e+00		2.0914211e+00		2.0904689e+00		9.5219928e-04
1.9200000e+02		1.9300000e+02		1.9250000e+02		5.0365493e+00		4.6654642e-01		1.6570412e+00		8.0736506e-01		8.0638554e-01		9.7951178e-04
1.9300000e+02		1.9400000e+02		1.9350000e+02		3.8447944e+00		1.6810100e+00		5.8302142e+00		2.9106956e+00		2.9094672e+00		1.2283472e-03
1.9400000e+02		1.9500000e+02		1.9450000e+02		6.1679797e+00		2.6952774e+00		9.3434343e+00		4.6666189e+00		4.6642441e+00		2.3747392e-03
1.9500000e+02		1.9600000e+02		1.9550000e+02		5.9528271e+00		3.1183389e+00		1.0784829e+01		5.3990571e+00		5.3962372e+00		2.8198401e-03
1.9600000e+02		1.9700000e+02		1.9650000e+02		6.5508102e+00		5.6647308e+00		1.9499597e+01		9.8087181e+00		9.8047791e+00		3.9389237e-03
1.9700000e+02		1.9800000e+02		1.9750000e+02		6.5190955e+00		5.5413521e+00		1.9068797e+01		9.5945015e+00		9.5898544e+00		4.6470192e-03
1.9800000e+02		1.9900000e+02		1.9850000e+02		6.3883794e+00		5.7421211e+00		1.9743092e+01		9.9416815e+00		9.9362666e+00		5.4148803e-03
1.9900000e+02		2.0000000e+02		1.9950000e+02		6.7274707e+00		6.5514573e+00		2.2503806e+01		1.1342504e+01		1.1335739e+01		6.7652810e-03
2.0000000e+02		2.0100000e+02		2.0050000e+02		7.1125146e+00		6.9399327e+00		2.3827632e+01		1.2014185e+01		1.2005810e+01		8.3750171e-03
2.0100000e+02		2.0200000e+02		2.0150000e+02		7.5701275e+00		7.5677670e+00		2.5967965e+01		1.3100121e+01		1.3089691e+01		1.0430356e-02
2.0200000e+02		2.0300000e+02		2.0250000e+02		7.4828608e+00		7.5362082e+00		2.5847338e+01		1.3044323e+01		1.3032340e+01		1.1983081e-02
2.0300000e+02		2.0400000e+02		2.0350000e+02		8.0092047e+00		8.1239771e+00		2.7850102e+01		1.4060288e+01		1.4045462e+01		1.4825651e-02
2.0400000e+02		2.0500000e+02		2.0450000e+02		8.6207445e+00		8.8049709e+00		3.0170398e+01		1.5237205e+01		1.5218829e+01		1.8375836e-02
2.0500000e+02		2.0600000e+02		2.0550000e+02		8.6400754e+00		8.8840299e+00		3.0426929e+01		1.5372128e+01		1.5351004e+01		2.1123382e-02
2.0600000e+02		2.0700000e+02		2.0650000e+02		8.6510225e+00		8.9531696e+00		3.0649228e+01		1.5489655e+01		1.5465492e+01		2.4163722e-02
2.0700000e+02		2.0800000e+02		2.0750000e+02		9.3957826e+00		9.7852209e+00		3.3481678e+01		1.6926632e+01		1.6896760e+01		2.9872041e-02
2.0800000e+02		2.0900000e+02		2.0850000e+02		1.0163489e+01		1.0649364e+01		3.6421084e+01		1.8418410e+01		1.8381760e+01		3.6649274e-02
2.0900000e+02		2.1000000e+02		2.0950000e+02		1.3129215e+01		1.3838194e+01		4.7304206e+01		2.3929281e+01		2.3875770e+01		5.3511131e-02
2.1000000e+02		2.1100000e+02		2.1050000e+02		1.6183343e+01		1.7154908e+01		5.8613548e+01		2.9658778e+01		2.9584474e+01		7.4303961e-02
2.1100000e+02		2.1200000e+02		2.1150000e+02		1.8424170e+01		1.9638540e+01		6.7066539e+01		3.3945414e+01		3.3850427e+01		9.4987178e-02
2.1200000e+02		2.1300000e+02		2.1250000e+02		1.6428561e+01		1.7605361e+01		6.0093333e+01		3.0423977e+01		3.0329171e+01		9.4805807e-02
2.1300000e+02		2.1400000e+02		2.1350000e+02		1.6737981e+01		1.8030105e+01		6.1512240e+01		3.1150151e+01		3.1042361e+01		1.0778971e-01
2.1400000e+02		2.1500000e+02		2.1450000e+02		2.1432541e+01		2.3203112e+01		7.9120386e+01		4.0076547e+01		3.9922976e+01		1.5357078e-01
2.1500000e+02		2.1600000e+02		2.1550000e+02		1.8408135e+01		2.0025797e+01		6.8250764e+01		3.4578566e+01		3.4432220e+01		1.4634593e-01
2.1600000e+02		2.1700000e+02		2.1650000e+02		1.7036901e+01		1.8621304e+01		6.3430730e+01		3.2143333e+01		3.1993463e+01		1.4986997e-01
2.1700000e+02		2.1800000e+02		2.1750000e+02		1.7640866e+01		1.9369222e+01		6.5943179e+01		3.3423110e+01		3.3251856e+01		1.7125469e-01
2.1800000e+02		2.1900000e+02		2.1850000e+02		2.3730294e+01		2.6169971e+01		8.9048161e+01		4.5142088e+01		4.4888513e+01		2.5357563e-01
2.1900000e+02		2.2000000e+02		2.1950000e+02		2.5052511e+01		2.7745679e+01		9.4357604e+01		4.7841753e+01		4.7547823e+01		2.9393069e-01
2.2000000e+02		2.2100000e+02		2.2050000e+02		2.5203754e+01		2.8027940e+01		9.5263853e+01		4.8308715e+01		4.7984828e+01		3.2388683e-01
2.2100000e+02		2.2200000e+02		2.2150000e+02		2.0176768e+01		2.2526771e+01		7.6522067e+01		3.8810098e+01		3.8526766e+01		2.8333196e-01
2.2200000e+02		2.2300000e+02		2.2250000e+02		2.7154039e+01		3.0432960e+01		1.0331847e+02		5.2407099e+01		5.1991372e+01		4.1572737e-01
2.2300000e+02		2.2400000e+02		2.2350000e+02		3.5163062e+01		3.9555013e+01		1.3420735e+02		6.8082564e+01		6.7496908e+01		5.8565512e-01
2.2400000e+02		2.2500000e+02		2.2450000e+02		3.2875934e+01		3.7114352e+01		1.2584981e+02		6.3848801e+01		6.3254384e+01		5.9441655e-01
2.2500000e+02		2.2600000e+02		2.2550000e+02		2.8720078e+01		3.2534450e+01		1.1025157e+02		5.5939506e+01		5.5376956e+01		5.6254944e-01
2.2600000e+02		2.2700000e+02		2.2650000e+02		2.1037217e+01		2.3910383e+01		8.0975416e+01		4.1087863e+01		4.0642354e+01		4.4550890e-01
2.2700000e+02		2.2800000e+02		2.2750000e+02		2.0463841e+01		2.3333136e+01		7.8969556e+01		4.0071849e+01		3.9604221e+01		4.6762787e-01
2.2800000e+02		2.2900000e+02		2.2850000e+02		2.8509984e+01		3.2607600e+01		1.1028589e+02		5.5964371e+01		5.5262713e+01		7.0165792e-01
2.2900000e+02		2.3000000e+02		2.2950000e+02		2.5620938e+01		2.9390201e+01		9.9337362e+01		5.0409090e+01		4.9731225e+01		6.7786484e-01
2.3000000e+02		2.3100000e+02		2.3050000e+02		2.9055844e+01		3.3425491e+01		1.1289927e+02		5.7290733e+01		5.6465768e+01		8.2496472e-01
2.3100000e+02		2.3200000e+02		2.3150000e+02		2.7387429e+01		3.1592506e+01		1.0663385e+02		5.4110017e+01		5.3277002e+01		8.3301500e-01
2.3200000e+02		2.3300000e+02		2.3250000e+02		2.9413108e+01		3.4018503e+01		1.1474088e+02		5.8221362e+01		5.7264578e+01		9.5678372e-01
2.3300000e+02		2.3400000e+02		2.3350000e+02		2.6543685e+01		3.0777340e+01		1.0373380e+02		5.2633011e+01		5.1711072e+01		9.2193841e-01
2.3400000e+02		2.3500000e+02		2.3450000e+02		2.3194371e+01		2.6958957e+01		9.0797264e+01		4.6065577e+01		4.5206750e+01		8.5882706e-01
2.3500000e+02		2.3600000e+02		2.3550000e+02		3.1223226e+01		3.6375157e+01		1.2241914e+02		6.2102756e+01		6.0872154e+01		1.2306024e+00
2.3600000e+02		2.3700000e+02		2.3650000e+02		2.8911473e+01		3.3756772e+01		1.1352052e+02		5.7581856e+01		5.6370755e+01		1.2111019e+00
2.3700000e+02		2.3800000e+02		2.3750000e+02		3.0878004e+01		3.6129449e+01		1.2140544e+02		6.1573098e+01		6.0200322e+01		1.3727764e+00
2.3800000e+02		2.3900000e+02		2.3850000e+02		2.5598090e+01		3.0012343e+01		1.0077073e+02		5.1099968e+01		4.9893858e+01		1.2061104e+00
2.3900000e+02		2.4000000e+02		2.3950000e+02		2.7890834e+01		3.2763759e+01		1.0992091e+02		5.5730335e+01		5.4339503e+01		1.3908322e+00
2.4000000e+02		2.4100000e+02		2.4050000e+02		2.5623038e+01		3.0155286e+01		1.0108727e+02		5.1241832e+01		4.9891302e+01		1.3505295e+00
2.4100000e+02		2.4200000e+02		2.4150000e+02		3.0005079e+01		3.5374450e+01		1.1848508e+02		6.0048240e+01		5.8378813e+01		1.6694269e+00
2.4200000e+02		2.4300000e+02		2.4250000e+02		4.1301739e+01		4.8774058e+01		1.6322914e+02		8.2705470e+01		8.0282585e+01		2.4228857e+00
2.4300000e+02		2.4400000e+02		2.4350000e+02		3.8791639e+01		4.5882619e+01		1.5342141e+02		7.7716617e+01		7.5320046e+01		2.3965705e+00
2.4400000e+02		2.4500000e+02		2.4450000e+02		3.6329084e+01		4.3034481e+01		1.4377347e+02		7.2809794e+01		7.0449148e+01		2.3606461e+00
2.4500000e+02		2.4600000e+02		2.4550000e+02		2.9476122e+01		3.4966205e+01		1.1671599e+02		5.9090316e+01		5.7078258e+01		2.0120575e+00
2.4600000e+02		2.4700000e+02		2.4650000e+02		2.8685918e+01		3.4074435e+01		1.1363838e+02		5.7514518e+01		5.5459831e+01		2.0546868e+00
2.4700000e+02		2.4800000e+02		2.4750000e+02		3.1678139e+01		3.7676269e+01		1.2553756e+02		6.3516157e+01		6.1137832e+01		2.3783253e+00
2.4800000e+02		2.4900000e+02		2.4850000e+02		2.5406301e+01		3.0252782e+01		1.0071068e+02		5.0937280e+01		4.8940048e+01		1.9972323e+00
2.4900000e+02		2.5000000e+02		2.4950000e+02		3.0967514e+01		3.6915945e+01		1.2277890e+02		6.2076216e+01		5.9529842e+01		2.5463742e+00
2.5000000e+02		2.5100000e+02		2.5050000e+02		3.3448743e+01		3.9915363e+01		1.3263085e+02		6.7031508e+01		6.4157489e+01		2.8740195e+00
2.5100000e+02		2.5200000e+02		2.5150000e+02		2.7888154e+01		3.3312123e+01		1.1058515e+02		5.5867063e+01		5.3365563e+01		2.5015008e+00
2.5200000e+02		2.5300000e+02		2.5250000e+02		2.5069906e+01		2.9972838e+01		9.9404905e+01		5.0197622e+01		4.7852352e+01		2.3452697e+00
2.5300000e+02		2.5400000e+02		2.5350000e+02		3.1592540e+01		3.7802752e+01		1.2525190e+02		6.3221923e+01		6.0142403e+01		3.0795197e+00
2.5400000e+02		2.5500000e+02		2.5450000e+02		3.5730773e+01		4.2787490e+01		1.4162969e+02		7.1455806e+01		6.7829963e+01		3.6258430e+00
2.5500000e+02		2.5600000e+02		2.5550000e+02		4.8755658e+01		5.8426176e+01		1.9320453e+02		9.7429886e+01		9.2283767e+01		5.1461190e+00
2.5600000e+02		2.5700000e+02		2.5650000e+02		6.2803876e+01		7.5309567e+01		2.4878730e+02		1.2539686e+02		1.1850781e+02		6.8890518e+00
2.5700000e+02		2.5800000e+02		2.5750000e+02		7.8843355e+01		9.4598438e+01		3.1219521e+02		1.5727519e+02		1.4829478e+02		8.9804062e+00
2.5800000e+02		2.5900000e+02		2.5850000e+02		8.2991293e+01		9.9627939e+01		3.2846093e+02		1.6538087e+02		1.5557310e+02		9.8077710e+00
2.5900000e+02		2.6000000e+02		2.5950000e+02		7.0629481e+01		8.4828079e+01		2.7938220e+02		1.4059178e+02		1.3193834e+02		8.6534405e+00
2.6000000e+02		2.6100000e+02		2.6050000e+02		5.7868388e+01		6.9530590e+01		2.2876412e+02		1.1505380e+02		1.0770906e+02		7.3447342e+00
2.6100000e+02		2.6200000e+02		2.6150000e+02		5.9092703e+01		7.1027389e+01		2.3344642e+02		1.1733953e+02		1.0957570e+02		7.7638271e+00
2.6200000e+02		2.6300000e+02		2.6250000e+02		7.0528613e+01		8.4799249e+01		2.7841930e+02		1.3985980e+02		1.3027466e+02		9.5851375e+00
2.6300000e+02		2.6400000e+02		2.6350000e+02		1.0614195e+02		1.2765159e+02		4.1867423e+02		2.1018352e+02		1.9527266e+02		1.4910864e+01
2.6400000e+02		2.6500000e+02		2.6450000e+02		1.6548208e+02		1.9905865e+02		6.5218472e+02		3.2720086e+02		3.0318771e+02		2.4013144e+01
2.6500000e+02		2.6600000e+02		2.6550000e+02		1.7356948e+02		2.0882065e+02		6.8343863e+02		3.4265520e+02		3.1665595e+02		2.5999251e+01
2.6600000e+02		2.6700000e+02		2.6650000e+02		1.6826276e+02		2.0245930e+02		6.6190769e+02		3.3163621e+02		3.0563585e+02		2.6000358e+01
2.6700000e+02		2.6800000e+02		2.6750000e+02		1.6940220e+02		2.0384434e+02		6.6571631e+02		3.3331375e+02		3.0632792e+02		2.6985831e+01
2.6800000e+02		2.6900000e+02		2.6850000e+02		1.6778062e+02		2.0189804e+02		6.5864416e+02		3.2953938e+02		3.0200264e+02		2.7536737e+01
2.6900000e+02		2.7000000e+02		2.6950000e+02		1.5737310e+02		1.8937076e+02		6.1710251e+02		3.0853131e+02		2.8193691e+02		2.6594408e+01
2.7000000e+02		2.7100000e+02		2.7050000e+02		1.8181465e+02		2.1876878e+02		7.1211970e+02		3.5577344e+02		3.2415652e+02		3.1616922e+01
2.7100000e+02		2.7200000e+02		2.7150000e+02		1.5108640e+02		1.8177677e+02		5.9105383e+02		2.9506615e+02		2.6804555e+02		2.7020604e+01
2.7200000e+02		2.7300000e+02		2.7250000e+02		1.2154404e+02		1.4621310e+02		4.7489079e+02		2.3689249e+02		2.1454975e+02		2.2342745e+01
2.7300000e+02		2.7400000e+02		2.7350000e+02		1.2960124e+02		1.5587804e+02		5.0571890e+02		2.5207245e+02		2.2759843e+02		2.4474026e+01
2.7400000e+02		2.7500000e+02		2.7450000e+02		8.9183780e+01		1.0724299e+02		3.4754258e+02		1.7309179e+02		1.5579994e+02		1.7291854e+01
2.7500000e+02		2.7600000e+02		2.7550000e+02		1.1893609e+02		1.4298437e+02		4.6285049e+02		2.3033245e+02		2.0666779e+02		2.3664668e+01
2.7600000e+02		2.7700000e+02		2.7650000e+02		1.6564211e+02		1.9907771e+02		6.4370395e+02		3.2006659e+02		2.8626278e+02		3.3803815e+01
2.7700000e+02		2.7800000e+02		2.7750000e+02		1.5837296e+02		1.9028102e+02		6.1456642e+02		3.0532103e+02		2.7218758e+02		3.3133452e+01
2.7800000e+02		2.7900000e+02		2.7850000e+02		1.0921797e+02		1.3117685e+02		4.2319341e+02		2.1006542e+02		1.8665236e+02		2.3413056e+01
2.7900000e+02		2.8000000e+02		2.7950000e+02		6.1368404e+01		7.3678898e+01		2.3742795e+02		1.1775232e+02		1.0427884e+02		1.3473483e+01
2.8000000e+02		2.8100000e+02		2.8050000e+02		6.7313201e+01		8.0783143e+01		2.6002508e+02		1.2884547e+02		1.1371669e+02		1.5128780e+01
2.8100000e+02		2.8200000e+02		2.8150000e+02		1.3943196e+02		1.6726016e+02		5.3776394e+02		2.6622958e+02		2.3416416e+02		3.2065424e+01
2.8200000e+02		2.8300000e+02		2.8250000e+02		1.8983287e+02		2.2761412e+02		7.3097412e+02		3.6155295e+02		3.1690269e+02		4.4650265e+01
2.8300000e+02		2.8400000e+02		2.8350000e+02		1.9610227e+02		2.3501541e+02		7.5387944e+02		3.7253902e+02		3.2538435e+02		4.7154669e+01
2.8400000e+02		2.8500000e+02		2.8450000e+02		1.4459284e+02		1.7319495e+02		5.5493578e+02		2.7397275e+02		2.3844283e+02		3.5529917e+01
2.8500000e+02		2.8600000e+02		2.8550000e+02		9.2944992e+01		1.1127006e+02		3.5611239e+02		1.7564728e+02		1.5231814e+02		2.3329147e+01
2.8600000e+02		2.8700000e+02		2.8650000e+02		1.9045522e+02		2.2787607e+02		7.2846404e+02		3.5896098e+02		3.1015023e+02		4.8810749e+01
2.8700000e+02		2.8800000e+02		2.8750000e+02		2.2108403e+02		2.6436667e+02		8.4414347e+02		4.1556154e+02		3.5773090e+02		5.7830641e+01
2.8800000e+02		2.8900000e+02		2.8850000e+02		2.1010240e+02		2.5108122e+02		8.0079904e+02		3.9383826e+02		3.3776679e+02		5.6071469e+01
2.8900000e+02		2.9000000e+02		2.8950000e+02		3.1885068e+02		3.8079847e+02		1.2131206e+03		5.9603128e+02		5.0924630e+02		8.6784988e+01
2.9000000e+02		2.9100000e+02		2.9050000e+02		4.1860542e+02		4.9960695e+02		1.5897781e+03		7.8031125e+02		6.6415348e+02		1.1615776e+02
2.9100000e+02		2.9200000e+02		2.9150000e+02		4.0318642e+02		4.8088009e+02		1.5284244e+03		7.4944074e+02		6.3542133e+02		1.1401941e+02
2.9200000e+02		2.9300000e+02		2.9250000e+02		3.5818014e+02		4.2690528e+02		1.3553074e+03		6.6387901e+02		5.6068586e+02		1.0319315e+02
2.9300000e+02		2.9400000e+02		2.9350000e+02		3.7393440e+02		4.4536570e+02		1.4122847e+03		6.9107804e+02		5.8136163e+02		1.0971641e+02
2.9400000e+02		2.9500000e+02		2.9450000e+02		3.4819581e+02		4.1440859e+02		1.3126035e+03		6.4163523e+02		5.3762400e+02		1.0401123e+02
2.9500000e+02		2.9600000e+02		2.9550000e+02		3.7701055e+02		4.4836885e+02		1.4185342e+03		6.9269243e+02		5.7807579e+02		1.1461663e+02
2.9600000e+02		2.9700000e+02		2.9650000e+02		3.4493460e+02		4.0991008e+02		1.2953671e+03		6.3188172e+02		5.2519054e+02		1.0669118e+02
2.9700000e+02		2.9800000e+02		2.9750000e+02		3.5165811e+02		4.1757633e+02		1.3180760e+03		6.4227660e+02		5.3164653e+02		1.1063007e+02
2.9800000e+02		2.9900000e+02		2.9850000e+02		3.0223333e+02		3.5860373e+02		1.1306291e+03		5.5034761e+02		4.5367088e+02		9.6676726e+01
2.9900000e+02		3.0000000e+02		2.9950000e+02		3.4101318e+02		4.0429179e+02		1.2732147e+03		6.1908530e+02		5.0820691e+02		1.1087839e+02
3.0000000e+02		3.0100000e+02		3.0050000e+02		2.7131061e+02		3.2139286e+02		1.0109855e+03		4.9104639e+02		4.0140456e+02		8.9641835e+01
3.0100000e+02		3.0200000e+02		3.0150000e+02		3.1202593e+02		3.6931803e+02		1.1604112e+03		5.6300875e+02		4.5827718e+02		1.0473157e+02
3.0200000e+02		3.0300000e+02		3.0250000e+02		3.2846528e+02		3.8844953e+02		1.2191285e+03		5.9084750e+02		4.7887873e+02		1.1196877e+02
3.0300000e+02		3.0400000e+02		3.0350000e+02		4.2601061e+02		5.0338014e+02		1.5780302e+03		7.6394313e+02		6.1649866e+02		1.4744447e+02
3.0400000e+02		3.0500000e+02		3.0450000e+02		4.0776836e+02		4.8141008e+02		1.5074388e+03		7.2895795e+02		5.8570454e+02		1.4325341e+02
3.0500000e+02		3.0600000e+02		3.0550000e+02		4.1174793e+02		4.8568513e+02		1.5190972e+03		7.3377482e+02		5.8698651e+02		1.4678831e+02
3.0600000e+02		3.0700000e+02		3.0650000e+02		3.9053943e+02		4.6026289e+02		1.4379508e+03		6.9379826e+02		5.5255062e+02		1.4124764e+02
3.0700000e+02		3.0800000e+02		3.0750000e+02		4.3847484e+02		5.1629706e+02		1.6111878e+03		7.7650609e+02		6.1566117e+02		1.6084492e+02
3.0800000e+02		3.0900000e+02		3.0850000e+02		4.3035211e+02		5.0627824e+02		1.5781395e+03		7.5971609e+02		5.9964040e+02		1.6007569e+02
3.0900000e+02		3.1000000e+02		3.0950000e+02		3.4901328e+02		4.1021760e+02		1.2772658e+03		6.1417519e+02		4.8256885e+02		1.3160635e+02
3.1000000e+02		3.1100000e+02		3.1050000e+02		4.3927411e+02		5.1583623e+02		1.6043200e+03		7.7055735e+02		6.0267663e+02		1.6788071e+02
3.1100000e+02		3.1200000e+02		3.1150000e+02		5.2246540e+02		6.1296371e+02		1.9042653e+03		9.1357125e+02		7.1124506e+02		2.0232619e+02
3.1200000e+02		3.1300000e+02		3.1250000e+02		4.6521908e+02		5.4529693e+02		1.6921571e+03		8.1087665e+02		6.2836835e+02		1.8250829e+02
3.1300000e+02		3.1400000e+02		3.1350000e+02		4.9544367e+02		5.8018384e+02		1.7984140e+03		8.6079782e+02		6.6393981e+02		1.9685801e+02
3.1400000e+02		3.1500000e+02		3.1450000e+02		4.6729179e+02		5.4670495e+02		1.6927584e+03		8.0928630e+02		6.2127416e+02		1.8801215e+02
3.1500000e+02		3.1600000e+02		3.1550000e+02		4.5343123e+02		5.2999001e+02		1.6391895e+03		7.8276344e+02		5.9806837e+02		1.8469507e+02
3.1600000e+02		3.1700000e+02		3.1650000e+02		4.4229406e+02		5.1648395e+02		1.5956566e+03		7.6108562e+02		5.7873377e+02		1.8235185e+02
3.1700000e+02		3.1800000e+02		3.1750000e+02		5.6102832e+02		6.5451292e+02		2.0198709e+03		9.6229683e+02		7.2822454e+02		2.3407229e+02
3.1800000e+02		3.1900000e+02		3.1850000e+02		4.6340678e+02		5.4010968e+02		1.6649908e+03		7.9229586e+02		5.9667889e+02		1.9561696e+02
3.1900000e+02		3.2000000e+02		3.1950000e+02		4.9774832e+02		5.7958096e+02		1.7847207e+03		8.4827119e+02		6.3572790e+02		2.1254328e+02
3.2000000e+02		3.2100000e+02		3.2050000e+02		5.7184857e+02		6.6522540e+02		2.0462233e+03		9.7141620e+02		7.2445521e+02		2.4696098e+02
3.2100000e+02		3.2200000e+02		3.2150000e+02		4.8024660e+02		5.5812883e+02		1.7149385e+03		8.1318199e+02		6.0346226e+02		2.0971973e+02
3.2200000e+02		3.2300000e+02		3.2250000e+02		4.8228681e+02		5.5995996e+02		1.7187110e+03		8.1400681e+02		6.0108130e+02		2.1292551e+02
3.2300000e+02		3.2400000e+02		3.2350000e+02		4.6607071e+02		5.4060995e+02		1.6575385e+03		7.8410458e+02		5.7611448e+02		2.0799010e+02
3.2400000e+02		3.2500000e+02		3.2450000e+02		5.4882129e+02		6.3597955e+02		1.9478629e+03		9.2035048e+02		6.7282885e+02		2.4752163e+02
3.2500000e+02		3.2600000e+02		3.2550000e+02		6.3196128e+02		7.3161419e+02		2.2383862e+03		1.0563643e+03		7.6836705e+02		2.8799727e+02
3.2600000e+02		3.2700000e+02		3.2650000e+02		7.1301257e+02		8.2464665e+02		2.5203478e+03		1.1880166e+03		8.5974247e+02		3.2827411e+02
3.2700000e+02		3.2800000e+02		3.2750000e+02		6.8984049e+02		7.9707318e+02		2.4335065e+03		1.1457171e+03		8.2490041e+02		3.2081671e+02
3.2800000e+02		3.2900000e+02		3.2850000e+02		6.6596082e+02		7.6873536e+02		2.3445257e+03		1.1025096e+03		7.8971837e+02		3.1279125e+02
3.2900000e+02		3.3000000e+02		3.2950000e+02		7.7527139e+02		8.9404746e+02		2.7238593e+03		1.2793644e+03		9.1166964e+02		3.6769475e+02
3.3000000e+02		3.3100000e+02		3.3050000e+02		7.3029799e+02		8.4136735e+02		2.5606951e+03		1.2012944e+03		8.5159643e+02		3.4969792e+02
3.3100000e+02		3.3200000e+02		3.3150000e+02		6.9881652e+02		8.0431775e+02		2.4454013e+03		1.1458389e+03		8.0804780e+02		3.3779113e+02
3.3200000e+02		3.3300000e+02		3.3250000e+02		6.8562051e+02		7.8836537e+02		2.3944321e+03		1.1206184e+03		7.8611914e+02		3.3449927e+02
3.3300000e+02		3.3400000e+02		3.3350000e+02		6.5878216e+02		7.5677230e+02		2.2961219e+03		1.0733268e+03		7.4897606e+02		3.2435077e+02
3.3400000e+02		3.3500000e+02		3.3450000e+02		6.9405546e+02		7.9652195e+02		2.4142622e+03		1.1272063e+03		7.8240751e+02		3.4479876e+02
3.3500000e+02		3.3600000e+02		3.3550000e+02		6.8541663e+02		7.8584880e+02		2.3794958e+03		1.1096499e+03		7.6612162e+02		3.4352827e+02
3.3600000e+02		3.3700000e+02		3.3650000e+02		5.6469084e+02		6.4680978e+02		1.9565191e+03		9.1131272e+02		6.2582067e+02		2.8549205e+02
3.3700000e+02		3.3800000e+02		3.3750000e+02		5.9573781e+02		6.8171566e+02		2.0600353e+03		9.5838635e+02		6.5460989e+02		3.0377647e+02
3.3800000e+02		3.3900000e+02		3.3850000e+02		6.4448401e+02		7.3678945e+02		2.2242368e+03		1.0335464e+03		7.0213438e+02		3.3141198e+02
3.3900000e+02		3.4000000e+02		3.3950000e+02		6.7448220e+02		7.7034601e+02		2.3232292e+03		1.0782623e+03		7.2853770e+02		3.4972457e+02
3.4000000e+02		3.4100000e+02		3.4050000e+02		7.1196374e+02		8.1237837e+02		2.4475724e+03		1.1346236e+03		7.6244043e+02		3.7218318e+02
3.4100000e+02		3.4200000e+02		3.4150000e+02		6.4984945e+02		7.4079743e+02		2.2297184e+03		1.0324066e+03		6.8995480e+02		3.4245184e+02
3.4200000e+02		3.4300000e+02		3.4250000e+02		7.0477558e+02		8.0264772e+02		2.4135223e+03		1.1161876e+03		7.4184334e+02		3.7434427e+02
3.4300000e+02		3.4400000e+02		3.4350000e+02		6.9264465e+02		7.8808540e+02		2.3674337e+03		1.0935774e+03		7.2280177e+02		3.7077560e+02
3.4400000e+02		3.4500000e+02		3.4450000e+02		5.5710877e+02		6.3327563e+02		1.9005441e+03		8.7687202e+02		5.7635525e+02		3.0051677e+02
3.4500000e+02		3.4600000e+02		3.4550000e+02		6.7138909e+02		7.6246238e+02		2.2860552e+03		1.0534946e+03		6.8858969e+02		3.6490494e+02
3.4600000e+02		3.4700000e+02		3.4650000e+02		6.5194093e+02		7.3968224e+02		2.2156393e+03		1.0198420e+03		6.6286510e+02		3.5697690e+02
3.4700000e+02		3.4800000e+02		3.4750000e+02		6.4525828e+02		7.3141663e+02		2.1888033e+03		1.0063052e+03		6.5039338e+02		3.5591184e+02
3.4800000e+02		3.4900000e+02		3.4850000e+02		6.6761091e+02		7.5605001e+02		2.2603879e+03		1.0379969e+03		6.6709359e+02		3.7090335e+02
3.4900000e+02		3.5000000e+02		3.4950000e+02		6.3989005e+02		7.2398559e+02		2.1624964e+03		9.9188117e+02		6.3384775e+02		3.5803342e+02
3.5000000e+02		3.5100000e+02		3.5050000e+02		7.6650484e+02		8.6644018e+02		2.5855896e+03		1.1845573e+03		7.5267317e+02		4.3188413e+02
3.5100000e+02		3.5200000e+02		3.5150000e+02		7.1211510e+02		8.0421970e+02		2.3976941e+03		1.0971944e+03		6.9318567e+02		4.0400877e+02
3.5200000e+02		3.5300000e+02		3.5250000e+02		6.5785102e+02		7.4225759e+02		2.2109264e+03		1.0105519e+03		6.3479123e+02		3.7576070e+02
3.5300000e+02		3.5400000e+02		3.5350000e+02		7.5263834e+02		8.4843350e+02		2.5248789e+03		1.1527116e+03		7.1992964e+02		4.3278193e+02
3.5400000e+02		3.5500000e+02		3.5450000e+02		8.0329241e+02		9.0471409e+02		2.6899223e+03		1.2266392e+03		7.6168309e+02		4.6495615e+02
3.5500000e+02		3.5600000e+02		3.5550000e+02		7.5433512e+02		8.4880926e+02		2.5214286e+03		1.1484765e+03		7.0902035e+02		4.3945618e+02
3.5600000e+02		3.5700000e+02		3.5650000e+02		6.5576441e+02		7.3723108e+02		2.1880182e+03		9.9546516e+02		6.1098838e+02		3.8447678e+02
3.5700000e+02		3.5800000e+02		3.5750000e+02		5.7307986e+02		6.4369910e+02		1.9087254e+03		8.6740055e+02		5.2928330e+02		3.3811725e+02
3.5800000e+02		3.5900000e+02		3.5850000e+02		4.9194729e+02		5.5207779e+02		1.6355983e+03		7.4242984e+02		4.5037779e+02		2.9205206e+02
3.5900000e+02		3.6000000e+02		3.5950000e+02		7.1030971e+02		7.9642599e+02		2.3574374e+03		1.0688653e+03		6.4459820e+02		4.2426705e+02
3.6000000e+02		3.6100000e+02		3.6050000e+02		7.0092701e+02		7.8521481e+02		2.3222242e+03		1.0517015e+03		6.3051421e+02		4.2118726e+02
3.6100000e+02		3.6200000e+02		3.6150000e+02		6.5110481e+02		7.2876362e+02		2.1534055e+03		9.7413975e+02		5.8056616e+02		3.9357359e+02
3.6200000e+02		3.6300000e+02		3.6250000e+02		7.3500056e+02		8.2195046e+02		2.4266705e+03		1.0965160e+03		6.4962896e+02		4.4688701e+02
3.6300000e+02		3.6400000e+02		3.6350000e+02		7.1558904e+02		7.9955065e+02		2.3585209e+03		1.0645210e+03		6.2692650e+02		4.3759446e+02
3.6400000e+02		3.6500000e+02		3.6450000e+02		7.4837927e+02		8.3546935e+02		2.4623819e+03		1.1101506e+03		6.4990288e+02		4.6024775e+02
3.6500000e+02		3.6600000e+02		3.6550000e+02		8.5179486e+02		9.5010683e+02		2.7978925e+03		1.2600020e+03		7.3321979e+02		5.2678218e+02
3.6600000e+02		3.6700000e+02		3.6650000e+02		9.1042532e+02		1.0146414e+03		2.9854337e+03		1.3429600e+03		7.7681000e+02		5.6614998e+02
3.6700000e+02		3.6800000e+02		3.6750000e+02		8.7909512e+02		9.7889745e+02		2.8778676e+03		1.2931344e+03		7.4349265e+02		5.4964177e+02
3.6800000e+02		3.6900000e+02		3.6850000e+02		8.1047729e+02		9.0173198e+02		2.6488199e+03		1.1888972e+03		6.7944011e+02		5.0945705e+02
3.6900000e+02		3.7000000e+02		3.6950000e+02		8.9967825e+02		1.0001413e+03		2.9354874e+03		1.3161122e+03		7.4759504e+02		5.6851715e+02
3.7000000e+02		3.7100000e+02		3.7050000e+02		8.4427990e+02		9.3777881e+02		2.7502088e+03		1.2316890e+03		6.9539889e+02		5.3629007e+02
3.7100000e+02		3.7200000e+02		3.7150000e+02		8.7164560e+02		9.6737751e+02		2.8347201e+03		1.2681486e+03		7.1163201e+02		5.5651658e+02
3.7200000e+02		3.7300000e+02		3.7250000e+02		7.2411383e+02		8.0298468e+02		2.3511100e+03		1.0506532e+03		5.8598994e+02		4.6466323e+02
3.7300000e+02		3.7400000e+02		3.7350000e+02		6.3155746e+02		6.9977748e+02		2.0472913e+03		9.1389120e+02		5.0659851e+02		4.0729269e+02
3.7400000e+02		3.7500000e+02		3.7450000e+02		6.4642322e+02		7.1567035e+02		2.0921327e+03		9.3289863e+02		5.1396763e+02		4.1893100e+02
3.7500000e+02		3.7600000e+02		3.7550000e+02		7.4036161e+02		8.1901391e+02		2.3923600e+03		1.0656243e+03		5.8348636e+02		4.8213790e+02
3.7600000e+02		3.7700000e+02		3.7650000e+02		7.6758018e+02		8.4844712e+02		2.4764044e+03		1.1018780e+03		5.9962386e+02		5.0225412e+02
3.7700000e+02		3.7800000e+02		3.7750000e+02		9.0048278e+02		9.9456327e+02		2.9006361e+03		1.2892632e+03		6.9726742e+02		5.9199573e+02
3.7800000e+02		3.7900000e+02		3.7850000e+02		9.3786543e+02		1.0350369e+03		3.0163603e+03		1.3392757e+03		7.1983656e+02		6.1943911e+02
3.7900000e+02		3.8000000e+02		3.7950000e+02		7.6051322e+02		8.3865388e+02		2.4421883e+03		1.0831944e+03		5.7858914e+02		5.0460529e+02
3.8000000e+02		3.8100000e+02		3.8050000e+02		8.2814537e+02		9.1252674e+02		2.6552993e+03		1.1764767e+03		6.2451241e+02		5.5196433e+02
3.8100000e+02		3.8200000e+02		3.8150000e+02		7.4366886e+02		8.1881162e+02		2.3808161e+03		1.0537569e+03		5.5588639e+02		4.9787047e+02
3.8200000e+02		3.8300000e+02		3.8250000e+02		5.3336093e+02		5.8680438e+02		1.7049499e+03		7.5382930e+02		3.9518520e+02		3.5864410e+02
3.8300000e+02		3.8400000e+02		3.8350000e+02		4.7073026e+02		5.1750478e+02		1.5024898e+03		6.6362369e+02		3.4572104e+02		3.1790265e+02
3.8400000e+02		3.8500000e+02		3.8450000e+02		6.2969557e+02		6.9174393e+02		2.0068913e+03		8.8549338e+02		4.5841611e+02		4.2707727e+02
3.8500000e+02		3.8600000e+02		3.8550000e+02		6.6694888e+02		7.3211972e+02		2.1224836e+03		9.3553301e+02		4.8128101e+02		4.5425200e+02
3.8600000e+02		3.8700000e+02		3.8650000e+02		6.6977732e+02		7.3467826e+02		2.1283626e+03		9.3716458e+02		4.7908777e+02		4.5807681e+02
3.8700000e+02		3.8800000e+02		3.8750000e+02		6.6902499e+02		7.3331177e+02		2.1228811e+03		9.3379944e+02		4.7435893e+02		4.5944051e+02
3.8800000e+02		3.8900000e+02		3.8850000e+02		6.7841027e+02		7.4305447e+02		2.1495555e+03		9.4457513e+02		4.7680299e+02		4.6777214e+02
3.8900000e+02		3.9000000e+02		3.8950000e+02		8.1451188e+02		8.9147659e+02		2.5771005e+03		1.1313092e+03		5.6745003e+02		5.6385916e+02
3.9000000e+02		3.9100000e+02		3.9050000e+02		8.5560997e+02		9.3578266e+02		2.7032871e+03		1.1855135e+03		5.9086953e+02		5.9464398e+02
3.9100000e+02		3.9200000e+02		3.9150000e+02		9.2006232e+02		1.0055540e+03		2.9028242e+03		1.2717498e+03		6.2982599e+02		6.4192379e+02
3.9200000e+02		3.9300000e+02		3.9250000e+02		7.0614281e+02		7.7120890e+02		2.2247841e+03		9.7372807e+02		4.7916551e+02		4.9456256e+02
3.9300000e+02		3.9400000e+02		3.9350000e+02		4.3291589e+02		4.7247268e+02		1.3620574e+03		5.9554744e+02		2.9119802e+02		3.0434942e+02
3.9400000e+02		3.9500000e+02		3.9450000e+02		7.1565803e+02		7.8050330e+02		2.2485298e+03		9.8218440e+02		4.7718260e+02		5.0500180e+02
3.9500000e+02		3.9600000e+02		3.9550000e+02		8.7888136e+02		9.5785067e+02		2.7575871e+03		1.2033704e+03		5.8090595e+02		6.2246446e+02
3.9600000e+02		3.9700000e+02		3.9650000e+02		6.0712893e+02		6.6122485e+02		1.9023501e+03		8.2935131e+02		3.9779148e+02		4.3155983e+02
3.9700000e+02		3.9800000e+02		3.9750000e+02		6.8053003e+02		7.4065940e+02		2.1294722e+03		9.2747104e+02		4.4200110e+02		4.8546994e+02
3.9800000e+02		3.9900000e+02		3.9850000e+02		1.0480559e+03		1.1398849e+03		3.2751325e+03		1.4250821e+03		6.7478377e+02		7.5029833e+02
3.9900000e+02		4.0000000e+02		3.9950000e+02		1.1577145e+03		1.2583042e+03		3.6130190e+03		1.5706021e+03		7.3890476e+02		8.3169738e+02
4.0000000e+02		4.0100000e+02		4.0050000e+02		1.1939713e+03		1.2968448e+03		3.7212734e+03		1.6161243e+03		7.5542343e+02		8.6070086e+02
4.0100000e+02		4.0200000e+02		4.0150000e+02		1.2509583e+03		1.3578417e+03		3.8938030e+03		1.6894554e+03		7.8460634e+02		9.0484907e+02
4.0200000e+02		4.0300000e+02		4.0250000e+02		1.2664199e+03		1.3737210e+03		3.9368317e+03		1.7065205e+03		7.8741200e+02		9.1910850e+02
4.0300000e+02		4.0400000e+02		4.0350000e+02		1.2115903e+03		1.3133890e+03		3.7615548e+03		1.6290195e+03		7.4678983e+02		8.8222970e+02
4.0400000e+02		4.0500000e+02		4.0450000e+02		1.1914959e+03		1.2907709e+03		3.6944613e+03		1.5984777e+03		7.2804214e+02		8.7043560e+02
4.0500000e+02		4.0600000e+02		4.0550000e+02		1.1904731e+03		1.2888355e+03		3.6866302e+03		1.5936170e+03		7.2112079e+02		8.7249623e+02
4.0600000e+02		4.0700000e+02		4.0650000e+02		1.1388815e+03		1.2321965e+03		3.5224464e+03		1.5212480e+03		6.8390317e+02		8.3734484e+02
4.0700000e+02		4.0800000e+02		4.0750000e+02		1.1575323e+03		1.2515849e+03		3.5756849e+03		1.5428314e+03		6.8909656e+02		8.5373483e+02
4.0800000e+02		4.0900000e+02		4.0850000e+02		1.2307397e+03		1.3299074e+03		3.7971433e+03		1.6369000e+03		7.2635240e+02		9.1054764e+02
4.0900000e+02		4.1000000e+02		4.0950000e+02		1.2243097e+03		1.3221377e+03		3.7726897e+03		1.6248922e+03		7.1632484e+02		9.0856734e+02
4.1000000e+02		4.1100000e+02		4.1050000e+02		1.1216634e+03		1.2105433e+03		3.4521981e+03		1.4855244e+03		6.5061228e+02		8.3491217e+02
4.1100000e+02		4.1200000e+02		4.1150000e+02		1.3003372e+03		1.4025178e+03		3.9973007e+03		1.7185568e+03		7.4775644e+02		9.7080039e+02
4.1200000e+02		4.1300000e+02		4.1250000e+02		1.2760342e+03		1.3754711e+03		3.9179159e+03		1.6829357e+03		7.2746900e+02		9.5546669e+02
4.1300000e+02		4.1400000e+02		4.1350000e+02		1.2308584e+03		1.3259776e+03		3.7747406e+03		1.6200082e+03		6.9568376e+02		9.2432441e+02
4.1400000e+02		4.1500000e+02		4.1450000e+02		1.2488872e+03		1.3445978e+03		3.8255396e+03		1.6403737e+03		6.9981333e+02		9.4056042e+02
4.1500000e+02		4.1600000e+02		4.1550000e+02		1.2477523e+03		1.3425820e+03		3.8176187e+03		1.6355545e+03		6.9318047e+02		9.4237404e+02
4.1600000e+02		4.1700000e+02		4.1650000e+02		1.2947363e+03		1.3923202e+03		3.9568024e+03		1.6937197e+03		7.1311888e+02		9.8060083e+02
4.1700000e+02		4.1800000e+02		4.1750000e+02		1.1781342e+03		1.2661934e+03		3.5963408e+03		1.5381017e+03		6.4334192e+02		8.9475980e+02
4.1800000e+02		4.1900000e+02		4.1850000e+02		1.2217101e+03		1.3122695e+03		3.7251297e+03		1.5918238e+03		6.6143254e+02		9.3039129e+02
4.1900000e+02		4.2000000e+02		4.1950000e+02		1.2338424e+03		1.3245436e+03		3.7578912e+03		1.6044623e+03		6.6229470e+02		9.4216760e+02
4.2000000e+02		4.2100000e+02		4.2050000e+02		1.2494927e+03		1.3405841e+03		3.8013127e+03		1.6216344e+03		6.6497213e+02		9.5666228e+02
4.2100000e+02		4.2200000e+02		4.2150000e+02		1.2299982e+03		1.3189267e+03		3.7378663e+03		1.5932337e+03		6.4901735e+02		9.4421636e+02
4.2200000e+02		4.2300000e+02		4.2250000e+02		1.1657134e+03		1.2492975e+03		3.5386248e+03		1.5070544e+03		6.0985942e+02		8.9719499e+02
4.2300000e+02		4.2400000e+02		4.2350000e+02		1.2419943e+03		1.3303123e+03		3.7660820e+03		1.6026002e+03		6.4424008e+02		9.5836015e+02
4.2400000e+02		4.2500000e+02		4.2450000e+02		1.2850442e+03		1.3756693e+03		3.8924196e+03		1.6550016e+03		6.6090721e+02		9.9409435e+02
4.2500000e+02		4.2600000e+02		4.2550000e+02		1.2367256e+03		1.3232238e+03		3.7420561e+03		1.5897714e+03		6.3065841e+02		9.5911302e+02
4.2600000e+02		4.2700000e+02		4.2650000e+02		1.2316584e+03		1.3170923e+03		3.7227726e+03		1.5802974e+03		6.2274997e+02		9.5754746e+02
4.2700000e+02		4.2800000e+02		4.2750000e+02		1.1420512e+03		1.2206172e+03		3.4482995e+03		1.4626067e+03		5.7255319e+02		8.9005348e+02
4.2800000e+02		4.2900000e+02		4.2850000e+02		1.1495483e+03		1.2279794e+03		3.4673180e+03		1.4694972e+03		5.7143724e+02		8.9805997e+02
4.2900000e+02		4.3000000e+02		4.2950000e+02		1.0698649e+03		1.1422593e+03		3.2236380e+03		1.3651368e+03		5.2733380e+02		8.3780300e+02
4.3000000e+02		4.3100000e+02		4.3050000e+02		8.6065012e+02		9.1840927e+02		2.5905898e+03		1.0961895e+03		4.2063265e+02		6.7555690e+02
4.3100000e+02		4.3200000e+02		4.3150000e+02		1.0641754e+03		1.1350072e+03		3.1999537e+03		1.3529760e+03		5.1571953e+02		8.3725643e+02
4.3200000e+02		4.3300000e+02		4.3250000e+02		1.1990384e+03		1.2781924e+03		3.6018515e+03		1.5217167e+03		5.7618488e+02		9.4553186e+02
4.3300000e+02		4.3400000e+02		4.3350000e+02		1.3017454e+03		1.3869755e+03		3.9064720e+03		1.6491366e+03		6.2027979e+02		1.0288568e+03
4.3400000e+02		4.3500000e+02		4.3450000e+02		1.1054356e+03		1.1772202e+03		3.3140707e+03		1.3979764e+03		5.2231475e+02		8.7566161e+02
4.3500000e+02		4.3600000e+02		4.3550000e+02		1.2347447e+03		1.3142706e+03		3.6981014e+03		1.5587816e+03		5.7851916e+02		9.8026245e+02
4.3600000e+02		4.3700000e+02		4.3650000e+02		1.3814970e+03		1.4697479e+03		4.1336010e+03		1.7410276e+03		6.4185475e+02		1.0991728e+03
4.3700000e+02		4.3800000e+02		4.3750000e+02		1.2223713e+03		1.2998198e+03		3.6539478e+03		1.5378441e+03		5.6317157e+02		9.7467251e+02
4.3800000e+02		4.3900000e+02		4.3850000e+02		1.1905029e+03		1.2653171e+03		3.5552801e+03		1.4951986e+03		5.4390538e+02		9.5129323e+02
4.3900000e+02		4.4000000e+02		4.3950000e+02		1.3250738e+03		1.4076665e+03		3.9534038e+03		1.6613974e+03		6.0033389e+02		1.0610635e+03
4.4000000e+02		4.4100000e+02		4.4050000e+02		1.2562739e+03		1.3339410e+03		3.7446110e+03		1.5724925e+03		5.6441903e+02		1.0080735e+03
4.4100000e+02		4.4200000e+02		4.4150000e+02		1.3817384e+03		1.4664676e+03		4.1147455e+03		1.7266589e+03		6.1561935e+02		1.1110396e+03
4.4200000e+02		4.4300000e+02		4.4250000e+02		1.4526378e+03		1.5409911e+03		4.3218805e+03		1.8122589e+03		6.4182639e+02		1.1704325e+03
4.4300000e+02		4.4400000e+02		4.4350000e+02		1.4050936e+03		1.4898617e+03		4.1765951e+03		1.7500721e+03		6.1566426e+02		1.1344078e+03
4.4400000e+02		4.4500000e+02		4.4450000e+02		1.4475318e+03		1.5341524e+03		4.2988309e+03		1.7999986e+03		6.2899902e+02		1.1709996e+03
4.4500000e+02		4.4600000e+02		4.4550000e+02		1.3420773e+03		1.4217372e+03		3.9820647e+03		1.6661747e+03		5.7834538e+02		1.0878293e+03
4.4600000e+02		4.4700000e+02		4.4650000e+02		1.3689269e+03		1.4495233e+03		4.0581018e+03		1.6967886e+03		5.8503603e+02		1.1117525e+03
4.4700000e+02		4.4800000e+02		4.4750000e+02		1.4837056e+03		1.5703538e+03		4.3944615e+03		1.8361374e+03		6.2885060e+02		1.2072868e+03
4.4800000e+02		4.4900000e+02		4.4850000e+02		1.4587166e+03		1.5432179e+03		4.3166558e+03		1.8023692e+03		6.1315859e+02		1.1892106e+03
4.4900000e+02		4.5000000e+02		4.4950000e+02		1.4737837e+03		1.5584695e+03		4.3574468e+03		1.8181404e+03		6.1438781e+02		1.2037525e+03
4.5000000e+02		4.5100000e+02		4.5050000e+02		1.5636828e+03		1.6528107e+03		4.6192569e+03		1.9260543e+03		6.4650110e+02		1.2795532e+03
4.5100000e+02		4.5200000e+02		4.5150000e+02		1.5589734e+03		1.6471181e+03		4.6014055e+03		1.9173001e+03		6.3925761e+02		1.2780425e+03
4.5200000e+02		4.5300000e+02		4.5250000e+02		1.4757889e+03		1.5585598e+03		4.3521876e+03		1.8122265e+03		6.0018189e+02		1.2120447e+03
4.5300000e+02		4.5400000e+02		4.5350000e+02		1.4141855e+03		1.4928647e+03		4.1670095e+03		1.7339507e+03		5.7041551e+02		1.1635352e+03
4.5400000e+02		4.5500000e+02		4.5450000e+02		1.5096596e+03		1.5929772e+03		4.4446242e+03		1.8482331e+03		6.0394190e+02		1.2442912e+03
4.5500000e+02		4.5600000e+02		4.5550000e+02		1.4952815e+03		1.5771447e+03		4.3986560e+03		1.8279033e+03		5.9330110e+02		1.2346022e+03
4.5600000e+02		4.5700000e+02		4.5650000e+02		1.5527317e+03		1.6370602e+03		4.5639155e+03		1.8953280e+03		6.1106808e+02		1.2842599e+03
4.5700000e+02		4.5800000e+02		4.5750000e+02		1.5677329e+03		1.6521959e+03		4.6042666e+03		1.9108335e+03		6.1194324e+02		1.2988903e+03
4.5800000e+02		4.5900000e+02		4.5850000e+02		1.4734199e+03		1.5521682e+03		4.3237960e+03		1.7932681e+03		5.7044848e+02		1.2228196e+03
4.5900000e+02		4.6000000e+02		4.5950000e+02		1.5222067e+03		1.6029140e+03		4.4633977e+03		1.8499725e+03		5.8454681e+02		1.2654257e+03
4.6000000e+02		4.6100000e+02		4.6050000e+02		1.5039223e+03		1.5830253e+03		4.4062958e+03		1.8251351e+03		5.7283796e+02		1.2522972e+03
4.6100000e+02		4.6200000e+02		4.6150000e+02		1.5386000e+03		1.6188835e+03		4.5043616e+03		1.8645684e+03		5.8129665e+02		1.2832717e+03
4.6200000e+02		4.6300000e+02		4.6250000e+02		1.5538294e+03		1.6342636e+03		4.5454102e+03		1.8803722e+03		5.8229907e+02		1.2980731e+03
4.6300000e+02		4.6400000e+02		4.6350000e+02		1.5018384e+03		1.5789646e+03		4.3899351e+03		1.8149158e+03		5.5826657e+02		1.2566492e+03
4.6400000e+02		4.6500000e+02		4.6450000e+02		1.5281564e+03		1.6060124e+03		4.4634507e+03		1.8441607e+03		5.6346492e+02		1.2806957e+03
4.6500000e+02		4.6600000e+02		4.6550000e+02		1.4760608e+03		1.5506675e+03		4.3080239e+03		1.7788433e+03		5.3986974e+02		1.2389736e+03
4.6600000e+02		4.6700000e+02		4.6650000e+02		1.4854121e+03		1.5598981e+03		4.3320613e+03		1.7876715e+03		5.3891761e+02		1.2487539e+03
4.6700000e+02		4.6800000e+02		4.6750000e+02		1.4997486e+03		1.5743599e+03		4.3706165e+03		1.8024834e+03		5.3974619e+02		1.2627372e+03
4.6800000e+02		4.6900000e+02		4.6850000e+02		1.4665907e+03		1.5389772e+03		4.2708328e+03		1.7602669e+03		5.2357726e+02		1.2366897e+03
4.6900000e+02		4.7000000e+02		4.6950000e+02		1.5086728e+03		1.5825500e+03		4.3901654e+03		1.8083652e+03		5.3428463e+02		1.2740806e+03
4.7000000e+02		4.7100000e+02		4.7050000e+02		1.4256243e+03		1.4948857e+03		4.1454897e+03		1.7065630e+03		5.0083368e+02		1.2057293e+03
4.7100000e+02		4.7200000e+02		4.7150000e+02		1.4904926e+03		1.5623368e+03		4.3310005e+03		1.7818774e+03		5.1943850e+02		1.2624389e+03
4.7200000e+02		4.7300000e+02		4.7250000e+02		1.5269264e+03		1.5999495e+03		4.4337059e+03		1.8230620e+03		5.2788989e+02		1.2951721e+03
4.7300000e+02		4.7400000e+02		4.7350000e+02		1.4995420e+03		1.5706936e+03		4.3511140e+03		1.7880591e+03		5.1429212e+02		1.2737670e+03
4.7400000e+02		4.7500000e+02		4.7450000e+02		1.5448084e+03		1.6175344e+03		4.4793207e+03		1.8396799e+03		5.2560189e+02		1.3140780e+03
4.7500000e+02		4.7600000e+02		4.7550000e+02		1.5413846e+03		1.6133824e+03		4.4662897e+03		1.8332747e+03		5.2027080e+02		1.3130039e+03
4.7600000e+02		4.7700000e+02		4.7650000e+02		1.4853490e+03		1.5541880e+03		4.3009593e+03		1.7644054e+03		4.9737982e+02		1.2670256e+03
4.7700000e+02		4.7800000e+02		4.7750000e+02		1.5508368e+03		1.6221507e+03		4.4875207e+03		1.8398979e+03		5.1519548e+02		1.3247024e+03
4.7800000e+02		4.7900000e+02		4.7850000e+02		1.5358791e+03		1.6059554e+03		4.4412324e+03		1.8198969e+03		5.0619094e+02		1.3137060e+03
4.7900000e+02		4.8000000e+02		4.7950000e+02		1.5403519e+03		1.6100860e+03		4.4511790e+03		1.8229560e+03		5.0365571e+02		1.3193003e+03
4.8000000e+02		4.8100000e+02		4.8050000e+02		1.5442750e+03		1.6136440e+03		4.4595488e+03		1.8253731e+03		5.0095652e+02		1.3244166e+03
4.8100000e+02		4.8200000e+02		4.8150000e+02		1.5475498e+03		1.6165270e+03		4.4660603e+03		1.8270343e+03		4.9806577e+02		1.3289686e+03
4.8200000e+02		4.8300000e+02		4.8250000e+02		1.5416562e+03		1.6098387e+03		4.4461450e+03		1.8178955e+03		4.9226772e+02		1.3256278e+03
4.8300000e+02		4.8400000e+02		4.8350000e+02		1.5183412e+03		1.5849733e+03		4.3760679e+03		1.7882749e+03		4.8101661e+02		1.3072583e+03
4.8400000e+02		4.8500000e+02		4.8450000e+02		1.4920771e+03		1.5570510e+03		4.2976097e+03		1.7552697e+03		4.6899038e+02		1.2862793e+03
4.8500000e+02		4.8600000e+02		4.8550000e+02		1.4021236e+03		1.4627096e+03		4.0359468e+03		1.6475201e+03		4.3726634e+02		1.2102537e+03
4.8600000e+02		4.8700000e+02		4.8650000e+02		1.2173217e+03		1.2695173e+03		3.5017918e+03		1.4287154e+03		3.7666676e+02		1.0520486e+03
4.8700000e+02		4.8800000e+02		4.8750000e+02		1.3927585e+03		1.4520171e+03		4.0039529e+03		1.6327369e+03		4.2758754e+02		1.2051493e+03
4.8800000e+02		4.8900000e+02		4.8850000e+02		1.4651201e+03		1.5269788e+03		4.2093681e+03		1.7156065e+03		4.4629791e+02		1.2693085e+03
4.8900000e+02		4.9000000e+02		4.8950000e+02		1.4372192e+03		1.4974345e+03		4.1266681e+03		1.6810303e+03		4.3439233e+02		1.2466379e+03
4.9000000e+02		4.9100000e+02		4.9050000e+02		1.5307557e+03		1.5943986e+03		4.3925587e+03		1.7884239e+03		4.5906866e+02		1.3293552e+03
4.9100000e+02		4.9200000e+02		4.9150000e+02		1.4425606e+03		1.5020780e+03		4.1369778e+03		1.6835059e+03		4.2926309e+02		1.2542428e+03
4.9200000e+02		4.9300000e+02		4.9250000e+02		1.3729411e+03		1.4291535e+03		3.9349637e+03		1.6004880e+03		4.0538178e+02		1.1951062e+03
4.9300000e+02		4.9400000e+02		4.9350000e+02		1.4509629e+03		1.5099166e+03		4.1561104e+03		1.6895872e+03		4.2510535e+02		1.2644819e+03
4.9400000e+02		4.9500000e+02		4.9450000e+02		1.4929449e+03		1.5531423e+03		4.2738445e+03		1.7365838e+03		4.3402734e+02		1.3025565e+03
4.9500000e+02		4.9600000e+02		4.9550000e+02		1.4663156e+03		1.5249895e+03		4.1951621e+03		1.7037697e+03		4.2299858e+02		1.2807712e+03
4.9600000e+02		4.9700000e+02		4.9650000e+02		1.4846220e+03		1.5435772e+03		4.2450785e+03		1.7231957e+03		4.2498207e+02		1.2982137e+03
4.9700000e+02		4.9800000e+02		4.9750000e+02		1.5123203e+03		1.5719198e+03		4.3217966e+03		1.7534829e+03		4.2958277e+02		1.3239001e+03
4.9800000e+02		4.9900000e+02		4.9850000e+02		1.3744029e+03		1.4281569e+03		3.9254319e+03		1.5918955e+03		3.8740979e+02		1.2044858e+03
4.9900000e+02		5.0000000e+02		4.9950000e+02		1.4721832e+03		1.5293259e+03		4.2023305e+03		1.7033693e+03		4.1179109e+02		1.2915782e+03
