Left Bin Edge (nm)	Right Bin Edge (nm)	Bin Center (nm)		Top of Atm Intensity (erg/s/nm/cm2)		Total Surface Flux (erg/s/nm/cm2)		Total Intensity at BOA (erg/s/nm/cm2)		Total Surface Intensity (erg/s/nm/cm2)		Total Surface Diffuse Intensity (erg/s/nm/cm2)		Total Surface Direct Intensity (erg/s/nm/cm2)
1.0000000e+02		1.0100000e+02		1.0050000e+02		4.4569042e-02		2.4525374e-199		0.0000000e+00		4.2479194e-199		4.2479194e-199		0.0000000e+00
1.0100000e+02		1.0200000e+02		1.0150000e+02		1.7387199e-01		2.8780738e-197		0.0000000e+00		4.9849701e-197		4.9849701e-197		0.0000000e+00
1.0200000e+02		1.0300000e+02		1.0250000e+02		9.2286085e-01		3.0760917e-195		0.0000000e+00		5.3279471e-195		5.3279471e-195		0.0000000e+00
1.0300000e+02		1.0400000e+02		1.0350000e+02		7.0094286e-01		3.0025219e-193		0.0000000e+00		5.2005205e-193		5.2005205e-193		0.0000000e+00
1.0400000e+02		1.0500000e+02		1.0450000e+02		1.4124828e-01		2.6834655e-191		0.0000000e+00		4.6478986e-191		4.6478986e-191		0.0000000e+00
1.0500000e+02		1.0600000e+02		1.0550000e+02		4.8389941e-02		2.2015022e-189		0.0000000e+00		3.8131136e-189		3.8131136e-189		0.0000000e+00
1.0600000e+02		1.0700000e+02		1.0650000e+02		4.5487167e-02		1.6618998e-187		0.0000000e+00		2.8784949e-187		2.8784949e-187		0.0000000e+00
1.0700000e+02		1.0800000e+02		1.0750000e+02		5.0757295e-02		1.1570799e-185		0.0000000e+00		2.0041212e-185		2.0041212e-185		0.0000000e+00
1.0800000e+02		1.0900000e+02		1.0850000e+02		7.1152114e-02		7.4462674e-184		0.0000000e+00		1.2897314e-183		1.2897314e-183		0.0000000e+00
1.0900000e+02		1.1000000e+02		1.0950000e+02		5.5817450e-02		4.4153809e-182		0.0000000e+00		7.6476640e-182		7.6476640e-182		0.0000000e+00
1.1000000e+02		1.1100000e+02		1.1050000e+02		5.4043772e-02		2.4515278e-180		0.0000000e+00		4.2461708e-180		4.2461708e-180		0.0000000e+00
1.1100000e+02		1.1200000e+02		1.1150000e+02		5.0797691e-02		1.2592003e-178		0.0000000e+00		2.1809989e-178		2.1809989e-178		0.0000000e+00
1.1200000e+02		1.1300000e+02		1.1250000e+02		5.1969037e-02		6.0585491e-177		0.0000000e+00		1.0493715e-176		1.0493715e-176		0.0000000e+00
1.1300000e+02		1.1400000e+02		1.1350000e+02		4.1221387e-02		2.7154354e-175		0.0000000e+00		4.7032721e-175		4.7032721e-175		0.0000000e+00
1.1400000e+02		1.1500000e+02		1.1450000e+02		3.1562600e-02		1.1286828e-173		0.0000000e+00		1.9549359e-173		1.9549359e-173		1.2833610e-309
1.1500000e+02		1.1600000e+02		1.1550000e+02		4.3552050e-02		4.4693597e-172		0.0000000e+00		7.7411581e-172		7.7411581e-172		0.0000000e+00
1.1600000e+02		1.1700000e+02		1.1650000e+02		1.0143732e-01		1.6459627e-170		0.0000000e+00		2.8508910e-170		2.8508910e-170		0.0000000e+00
1.1700000e+02		1.1800000e+02		1.1750000e+02		3.6108525e-01		5.7027852e-169		0.0000000e+00		9.8775138e-169		9.8775138e-169		0.0000000e+00
1.1800000e+02		1.1900000e+02		1.1850000e+02		1.2283927e-01		1.8420607e-167		0.0000000e+00		3.1905426e-167		3.1905426e-167		1.0719311e-251
1.1900000e+02		1.2000000e+02		1.1950000e+02		1.7115732e-01		5.7193989e-166		0.0000000e+00		9.9062894e-166		9.9062894e-166		0.0000000e+00
1.2000000e+02		1.2100000e+02		1.2050000e+02		9.3056497e-01		1.6641794e-164		0.0000000e+00		2.8824432e-164		2.8824432e-164		0.0000000e+00
1.2100000e+02		1.2200000e+02		1.2150000e+02		3.6941242e+01		4.5574860e-163		0.0000000e+00		7.8937973e-163		7.8937973e-163		0.0000000e+00
1.2200000e+02		1.2300000e+02		1.2250000e+02		2.4773856e-01		1.1854842e-161		2.2227587e-162		2.0533189e-161		2.0533189e-161		0.0000000e+00
1.2300000e+02		1.2400000e+02		1.2350000e+02		1.3344721e-01		2.9285979e-160		4.7517155e-161		5.0724803e-160		5.0724803e-160		0.0000000e+00
1.2400000e+02		1.2500000e+02		1.2450000e+02		1.0726631e-01		6.8761443e-159		8.4156006e-160		1.1909831e-158		1.1909831e-158		0.0000000e+00
1.2500000e+02		1.2600000e+02		1.2550000e+02		1.0471361e-01		1.5297145e-157		2.2592050e-158		2.6495433e-157		2.6495433e-157		0.0000000e+00
1.2600000e+02		1.2700000e+02		1.2650000e+02		1.4644878e-01		3.2341015e-156		6.2445386e-157		5.6016281e-156		5.6016281e-156		0.0000000e+00
1.2700000e+02		1.2800000e+02		1.2750000e+02		7.6659940e-02		6.5098571e-155		1.5655604e-155		1.1275403e-154		1.1275403e-154		0.0000000e+00
1.2800000e+02		1.2900000e+02		1.2850000e+02		6.1165494e-02		1.2608874e-153		2.2170727e-154		2.1839210e-153		2.1839210e-153		0.0000000e+00
1.2900000e+02		1.3000000e+02		1.2950000e+02		8.1594975e-02		2.3220098e-152		3.9327965e-153		4.0218390e-152		4.0218390e-152		0.0000000e+00
1.3000000e+02		1.3100000e+02		1.3050000e+02		6.7007791e-01		4.0829238e-151		7.4961205e-152		7.0718315e-151		7.0718315e-151		0.0000000e+00
1.3100000e+02		1.3200000e+02		1.3150000e+02		9.0731094e-02		6.8840646e-150		1.1534135e-150		1.1923550e-149		1.1923550e-149		0.0000000e+00
1.3200000e+02		1.3300000e+02		1.3250000e+02		7.0547730e-02		1.1114781e-148		1.7495599e-149		1.9251365e-148		1.9251365e-148		0.0000000e+00
1.3300000e+02		1.3400000e+02		1.3350000e+02		9.5357088e-01		1.7197267e-147		2.7256654e-148		2.9786540e-147		2.9786540e-147		0.0000000e+00
1.3400000e+02		1.3500000e+02		1.3450000e+02		6.5246966e-02		2.5539624e-146		4.0723859e-147		4.4235927e-146		4.4235927e-146		0.0000000e+00
1.3500000e+02		1.3600000e+02		1.3550000e+02		1.3692679e-01		3.6438850e-145		5.8358553e-146		6.3113940e-145		6.3113940e-145		0.0000000e+00
1.3600000e+02		1.3700000e+02		1.3650000e+02		8.9861989e-02		4.9984124e-144		8.1505053e-145		8.6575042e-144		8.6575042e-144		0.0000000e+00
1.3700000e+02		1.3800000e+02		1.3750000e+02		9.2282630e-02		6.5983634e-143		1.0969543e-143		1.1428701e-142		1.1428701e-142		0.0000000e+00
1.3800000e+02		1.3900000e+02		1.3850000e+02		9.4180145e-02		8.3895046e-142		1.4244430e-142		1.4531048e-141		1.4531048e-141		0.0000000e+00
1.3900000e+02		1.4000000e+02		1.3950000e+02		3.1801144e-01		1.0282291e-140		1.7832962e-141		1.7809451e-140		1.7809451e-140		0.0000000e+00
1.4000000e+02		1.4100000e+02		1.4050000e+02		2.7729440e-01		1.2157376e-139		2.1532706e-140		2.1057193e-139		2.1057193e-139		0.0000000e+00
1.4100000e+02		1.4200000e+02		1.4150000e+02		1.3359910e-01		1.3877707e-138		2.5096295e-139		2.4036893e-138		2.4036893e-138		0.0000000e+00
1.4200000e+02		1.4300000e+02		1.4250000e+02		1.4479671e-01		1.5305451e-137		2.8251611e-138		2.6509818e-137		2.6509818e-137		0.0000000e+00
1.4300000e+02		1.4400000e+02		1.4350000e+02		1.6064305e-01		1.6320668e-136		3.0743383e-137		2.8268227e-136		2.8268227e-136		0.0000000e+00
1.4400000e+02		1.4500000e+02		1.4450000e+02		1.5363637e-01		1.6838305e-135		3.2358707e-136		2.9164800e-135		2.9164800e-135		0.0000000e+00
1.4500000e+02		1.4600000e+02		1.4550000e+02		1.6382583e-01		1.6819879e-134		3.2970171e-135		2.9132884e-134		2.9132884e-134		0.0000000e+00
1.4600000e+02		1.4700000e+02		1.4650000e+02		1.9977093e-01		1.6277967e-133		3.2537119e-134		2.8194266e-133		2.8194266e-133		0.0000000e+00
1.4700000e+02		1.4800000e+02		1.4750000e+02		2.4643334e-01		1.5272499e-132		3.1123072e-133		2.6452745e-132		2.6452745e-132		0.0000000e+00
1.4800000e+02		1.4900000e+02		1.4850000e+02		2.4167300e-01		1.3900345e-131		2.8873166e-132		2.4076103e-131		2.4076103e-131		0.0000000e+00
1.4900000e+02		1.5000000e+02		1.4950000e+02		2.1832777e-01		1.2280382e-130		2.5994750e-131		2.1270246e-130		2.1270246e-130		0.0000000e+00
1.5000000e+02		1.5100000e+02		1.5050000e+02		2.4023073e-01		1.0537244e-129		2.2726831e-130		1.8251042e-129		1.8251042e-129		0.0000000e+00
1.5100000e+02		1.5200000e+02		1.5150000e+02		2.5258505e-01		8.7866533e-129		1.9304045e-129		1.5218930e-128		1.5218930e-128		0.0000000e+00
1.5200000e+02		1.5300000e+02		1.5250000e+02		3.2229547e-01		7.1243418e-128		1.5942049e-128		1.2339722e-127		1.2339722e-127		0.0000000e+00
1.5300000e+02		1.5400000e+02		1.5350000e+02		3.5701286e-01		5.6199171e-127		1.2806466e-127		9.7339819e-127		9.7339819e-127		0.0000000e+00
1.5400000e+02		1.5500000e+02		1.5450000e+02		9.5486931e-01		4.3153076e-126		1.0011796e-126		7.4743321e-126		7.4743321e-126		0.0000000e+00
1.5500000e+02		1.5600000e+02		1.5550000e+02		7.8587524e-01		3.2271327e-125		7.6210141e-126		5.5895578e-125		5.5895578e-125		0.0000000e+00
1.5600000e+02		1.5700000e+02		1.5650000e+02		4.6648084e-01		2.3516018e-124		5.6525977e-125		4.0730937e-124		4.0730937e-124		0.0000000e+00
1.5700000e+02		1.5800000e+02		1.5750000e+02		4.2309893e-01		1.6705876e-123		4.0864458e-124		2.8935427e-123		2.8935427e-123		0.0000000e+00
1.5800000e+02		1.5900000e+02		1.5850000e+02		3.9008072e-01		1.1575530e-122		2.8814159e-123		2.0049406e-122		2.0049406e-122		0.0000000e+00
1.5900000e+02		1.6000000e+02		1.5950000e+02		3.8042347e-01		7.8267999e-122		1.9822859e-122		1.3556415e-121		1.3556415e-121		0.0000000e+00
1.6000000e+02		1.6100000e+02		1.6050000e+02		4.1635449e-01		5.1665229e-121		1.3311627e-121		8.9486802e-121		8.9486802e-121		0.0000000e+00
1.6100000e+02		1.6200000e+02		1.6150000e+02		4.7164413e-01		3.3310111e-120		8.7307633e-121		5.7694805e-120		5.7694805e-120		0.0000000e+00
1.6200000e+02		1.6300000e+02		1.6250000e+02		5.2241459e-01		2.0984768e-119		5.5965450e-120		3.6346684e-119		3.6346684e-119		0.0000000e+00
1.6300000e+02		1.6400000e+02		1.6350000e+02		1.1072121e+00		1.2923217e-118		3.5065313e-119		2.2383668e-118		2.2383668e-118		0.0000000e+00
1.6400000e+02		1.6500000e+02		1.6450000e+02		1.1323318e+00		7.7830802e-118		2.1491256e-118		1.3480690e-117		1.3480690e-117		0.0000000e+00
1.6500000e+02		1.6600000e+02		1.6550000e+02		1.3255566e+00		4.5858543e-117		1.2891980e-117		7.9429327e-117		7.9429327e-117		0.0000000e+00
1.6600000e+02		1.6700000e+02		1.6650000e+02		6.2522883e-01		2.6445511e-116		7.5696853e-117		4.5804969e-116		4.5804969e-116		0.0000000e+00
1.6700000e+02		1.6800000e+02		1.6750000e+02		6.6723830e-01		1.4931730e-115		4.3534067e-116		2.5862515e-115		2.5862515e-115		0.0000000e+00
1.6800000e+02		1.6900000e+02		1.6850000e+02		7.1904320e-01		8.2576603e-115		2.4533196e-115		1.4302687e-114		1.4302687e-114		0.0000000e+00
1.6900000e+02		1.7000000e+02		1.6950000e+02		9.0554889e-01		4.4744084e-114		1.3567602e-114		7.7499026e-114		7.7499026e-114		0.0000000e+00
1.7000000e+02		1.7100000e+02		1.7050000e+02		1.0161854e+00		2.3763788e-113		7.3575568e-114		4.1160088e-113		4.1160088e-113		0.0000000e+00
1.7100000e+02		1.7200000e+02		1.7150000e+02		1.0130704e+00		1.2374498e-112		3.9190987e-113		2.1433260e-112		2.1433260e-112		0.0000000e+00
1.7200000e+02		1.7300000e+02		1.7250000e+02		1.0571150e+00		6.3201192e-112		2.0500182e-112		1.0946768e-111		1.0946768e-111		0.0000000e+00
1.7300000e+02		1.7400000e+02		1.7350000e+02		1.0479596e+00		3.1667416e-111		1.0557621e-111		5.4849573e-111		5.4849573e-111		0.0000000e+00
1.7400000e+02		1.7500000e+02		1.7450000e+02		1.2530722e+00		1.5570710e-110		5.3586133e-111		2.6969262e-110		2.6969262e-110		0.0000000e+00
1.7500000e+02		1.7600000e+02		1.7550000e+02		1.4954862e+00		7.5149807e-110		2.6823688e-110		1.3016328e-109		1.3016328e-109		0.0000000e+00
1.7600000e+02		1.7700000e+02		1.7650000e+02		1.6135596e+00		3.5605232e-109		1.3290170e-109		6.1670071e-109		6.1670071e-109		0.0000000e+00
1.7700000e+02		1.7800000e+02		1.7750000e+02		1.9010195e+00		1.6545306e-108		6.6474861e-109		2.8657310e-108		2.8657310e-108		8.7333985e-250
1.7800000e+02		1.7900000e+02		1.7850000e+02		2.0776624e+00		7.4965047e-108		1.2535569e-104		1.2984326e-107		1.2984326e-107		8.2229091e-115
1.7900000e+02		1.8000000e+02		1.7950000e+02		2.0198657e+00		3.4185552e-107		1.3637545e-107		5.9211113e-107		5.9211113e-107		2.4791370e-292
1.8000000e+02		1.8100000e+02		1.8050000e+02		2.4976225e+00		1.4994725e-106		7.0284964e-107		2.5971626e-106		2.5971626e-106		1.0014545e-132
1.8100000e+02		1.8200000e+02		1.8150000e+02		3.0410490e+00		1.3075201e-71		2.2226114e-67		1.3671757e-71		1.4114669e-72		1.2260290e-71
1.8200000e+02		1.8300000e+02		1.8250000e+02		2.8073836e+00		6.1558816e-52		8.2904585e-49		6.5384021e-52		9.0505333e-53		5.6333488e-52
1.8300000e+02		1.8400000e+02		1.8350000e+02		2.9562417e+00		3.3554935e-64		2.1901836e-60		3.5180143e-64		3.8452829e-65		3.1334860e-64
1.8400000e+02		1.8500000e+02		1.8450000e+02		2.5409769e+00		1.9506594e-31		1.8964895e-29		2.1469747e-31		4.6448701e-32		1.6824877e-31
1.8500000e+02		1.8600000e+02		1.8550000e+02		2.8735562e+00		1.3437526e-15		1.8367090e-14		1.6316604e-15		6.8119725e-16		9.5046319e-16
1.8600000e+02		1.8700000e+02		1.8650000e+02		3.2604304e+00		2.6776751e-24		1.0677457e-22		3.0140924e-24		7.9597175e-25		2.2181206e-24
1.8700000e+02		1.8800000e+02		1.8750000e+02		3.6946466e+00		1.2499830e-08		8.0697038e-08		1.7582675e-08		1.2026139e-08		5.5565354e-09
1.8800000e+02		1.8900000e+02		1.8850000e+02		3.8870616e+00		3.9442102e-19		8.3069968e-18		4.5529645e-19		1.4403282e-19		3.1126363e-19
1.8900000e+02		1.9000000e+02		1.8950000e+02		4.3106081e+00		2.0428427e-04		9.3889498e-04		3.4190003e-04		3.2560237e-04		1.6297658e-05
1.9000000e+02		1.9100000e+02		1.9050000e+02		4.4384288e+00		9.0671090e-10		6.4208692e-09		1.1929912e-09		6.7734638e-10		5.1564478e-10
1.9100000e+02		1.9200000e+02		1.9150000e+02		4.8094361e+00		9.0692815e-03		3.6034204e-02		1.5571774e-02		1.5385063e-02		1.8671117e-04
1.9200000e+02		1.9300000e+02		1.9250000e+02		5.0365493e+00		2.2646409e-04		1.0262232e-03		3.7271518e-04		3.4603378e-04		2.6681394e-05
1.9300000e+02		1.9400000e+02		1.9350000e+02		3.8447944e+00		5.7020212e-02		2.1144425e-01		9.8394057e-02		9.7891568e-02		5.0248913e-04
1.9400000e+02		1.9500000e+02		1.9450000e+02		6.1679797e+00		9.0033491e-02		3.3368369e-01		1.5524968e-01		1.5430315e-01		9.4652515e-04
1.9500000e+02		1.9600000e+02		1.9550000e+02		5.9528271e+00		1.7427932e-01		6.3358426e-01		3.0084389e-01		2.9945499e-01		1.3888959e-03
1.9600000e+02		1.9700000e+02		1.9650000e+02		6.5508102e+00		1.8455016e+00		6.4241964e+00		3.1940611e+00		3.1907259e+00		3.3351849e-03
1.9700000e+02		1.9800000e+02		1.9750000e+02		6.5190955e+00		1.6263603e+00		5.6673064e+00		2.8141313e+00		2.8102964e+00		3.8348471e-03
1.9800000e+02		1.9900000e+02		1.9850000e+02		6.3883794e+00		2.1421869e+00		7.4331459e+00		3.7069474e+00		3.7022631e+00		4.6842914e-03
1.9900000e+02		2.0000000e+02		1.9950000e+02		6.7274707e+00		3.7059781e+00		1.2786679e+01		6.4143421e+00		6.4080581e+00		6.2839736e-03
2.0000000e+02		2.0100000e+02		2.0050000e+02		7.1125146e+00		3.8474147e+00		1.3270454e+01		6.6582486e+00		6.6505044e+00		7.7442046e-03
2.0100000e+02		2.0200000e+02		2.0150000e+02		7.5701275e+00		5.2484868e+00		1.8056399e+01		9.0833665e+00		9.0734228e+00		9.9436355e-03
2.0200000e+02		2.0300000e+02		2.0250000e+02		7.4828608e+00		5.6755208e+00		1.9503203e+01		9.8218472e+00		9.8103138e+00		1.1533493e-02
2.0300000e+02		2.0400000e+02		2.0350000e+02		8.0092047e+00		6.0631378e+00		2.0825894e+01		1.0491232e+01		1.0476983e+01		1.4248648e-02
2.0400000e+02		2.0500000e+02		2.0450000e+02		8.6207445e+00		6.6711437e+00		2.2900065e+01		1.1541812e+01		1.1524126e+01		1.7686678e-02
2.0500000e+02		2.0600000e+02		2.0550000e+02		8.6400754e+00		6.8217096e+00		2.3402714e+01		1.1800645e+01		1.1780287e+01		2.0357569e-02
2.0600000e+02		2.0700000e+02		2.0650000e+02		8.6510225e+00		6.9361581e+00		2.3781665e+01		1.1996717e+01		1.1973412e+01		2.3305508e-02
2.0700000e+02		2.0800000e+02		2.0750000e+02		9.3957826e+00		7.6425777e+00		2.6188774e+01		1.3216227e+01		1.3187396e+01		2.8830931e-02
2.0800000e+02		2.0900000e+02		2.0850000e+02		1.0163489e+01		8.4007833e+00		2.8770106e+01		1.4524665e+01		1.4489260e+01		3.5405355e-02
2.0900000e+02		2.1000000e+02		2.0950000e+02		1.3129215e+01		1.1019180e+01		3.7715351e+01		1.9047903e+01		1.8996162e+01		5.1741063e-02
2.1000000e+02		2.1100000e+02		2.1050000e+02		1.6183343e+01		1.3810695e+01		4.7241829e+01		2.3868171e+01		2.3796245e+01		7.1926763e-02
2.1100000e+02		2.1200000e+02		2.1150000e+02		1.8424170e+01		1.5987062e+01		5.4653858e+01		2.7623013e+01		2.7530957e+01		9.2056194e-02
2.1200000e+02		2.1300000e+02		2.1250000e+02		1.6428561e+01		1.4458694e+01		4.9399929e+01		2.4975871e+01		2.4883908e+01		9.1962467e-02
2.1300000e+02		2.1400000e+02		2.1350000e+02		1.6737981e+01		1.4930274e+01		5.0981136e+01		2.5783387e+01		2.5678742e+01		1.0464500e-01
2.1400000e+02		2.1500000e+02		2.1450000e+02		2.1432541e+01		1.9359181e+01		6.6065166e+01		3.3421860e+01		3.3272656e+01		1.4920454e-01
2.1500000e+02		2.1600000e+02		2.1550000e+02		1.8408135e+01		1.6853837e+01		5.7480902e+01		2.9087516e+01		2.8945197e+01		1.4231933e-01
2.1600000e+02		2.1700000e+02		2.1650000e+02		1.7036901e+01		1.5831654e+01		5.3961691e+01		2.7314411e+01		2.7168493e+01		1.4591749e-01
2.1700000e+02		2.1800000e+02		2.1750000e+02		1.7640866e+01		1.6635089e+01		5.6665255e+01		2.8690611e+01		2.8523673e+01		1.6693821e-01
2.1800000e+02		2.1900000e+02		2.1850000e+02		2.3730294e+01		2.2708029e+01		7.7303890e+01		3.9150283e+01		3.8902790e+01		2.4749333e-01
2.1900000e+02		2.2000000e+02		2.1950000e+02		2.5052511e+01		2.4288620e+01		8.2633211e+01		4.1858887e+01		4.1571699e+01		2.8718787e-01
2.2000000e+02		2.2100000e+02		2.2050000e+02		2.5203754e+01		2.4731170e+01		8.4086205e+01		4.2603756e+01		4.2286992e+01		3.1676364e-01
2.2100000e+02		2.2200000e+02		2.2150000e+02		2.0176768e+01		2.0028610e+01		6.8054460e+01		3.4487528e+01		3.4210165e+01		2.7736228e-01
2.2200000e+02		2.2300000e+02		2.2250000e+02		2.7154039e+01		2.7259961e+01		9.2566475e+01		4.6917435e+01		4.6510082e+01		4.0735238e-01
2.2300000e+02		2.2400000e+02		2.2350000e+02		3.5163062e+01		3.5720216e+01		1.2121648e+02		6.1448687e+01		6.0874215e+01		5.7447185e-01
2.2400000e+02		2.2500000e+02		2.2450000e+02		3.2875934e+01		3.3795448e+01		1.1460982e+02		5.8108119e+01		5.7524399e+01		5.8372062e-01
2.2500000e+02		2.2600000e+02		2.2550000e+02		2.8720078e+01		2.9876714e+01		1.0125339e+02		5.1343108e+01		5.0790032e+01		5.5307537e-01
2.2600000e+02		2.2700000e+02		2.2650000e+02		2.1037217e+01		2.2143353e+01		7.4994665e+01		3.8032386e+01		3.7593855e+01		4.3853126e-01
2.2700000e+02		2.2800000e+02		2.2750000e+02		2.0463841e+01		2.1777394e+01		7.3705567e+01		3.7382208e+01		3.6921388e+01		4.6082061e-01
2.2800000e+02		2.2900000e+02		2.2850000e+02		2.8509984e+01		3.0621048e+01		1.0356630e+02		5.2530587e+01		5.1838526e+01		6.9206133e-01
2.2900000e+02		2.3000000e+02		2.2950000e+02		2.5620938e+01		2.7761600e+01		9.3830312e+01		4.7594632e+01		4.6925458e+01		6.6917365e-01
2.3000000e+02		2.3100000e+02		2.3050000e+02		2.9055844e+01		3.1774701e+01		1.0731912e+02		5.4438646e+01		5.3623469e+01		8.1517710e-01
2.3100000e+02		2.3200000e+02		2.3150000e+02		2.7387429e+01		3.0195878e+01		1.0191451e+02		5.1697713e+01		5.0873888e+01		8.2382490e-01
2.3200000e+02		2.3300000e+02		2.3250000e+02		2.9413108e+01		3.2677724e+01		1.1021197e+02		5.5906244e+01		5.4959268e+01		9.4697653e-01
2.3300000e+02		2.3400000e+02		2.3350000e+02		2.6543685e+01		2.9713917e+01		1.0014324e+02		5.0797481e+01		4.9884247e+01		9.1323336e-01
2.3400000e+02		2.3500000e+02		2.3450000e+02		2.3194371e+01		2.6152296e+01		8.8074907e+01		4.4673844e+01		4.3822453e+01		8.5139074e-01
2.3500000e+02		2.3600000e+02		2.3550000e+02		3.1223226e+01		3.5446910e+01		1.1928811e+02		6.0502102e+01		5.9281221e+01		1.2208807e+00
2.3600000e+02		2.3700000e+02		2.3650000e+02		2.8911473e+01		3.3036432e+01		1.1109231e+02		5.6340545e+01		5.5138121e+01		1.2024232e+00
2.3700000e+02		2.3800000e+02		2.3750000e+02		3.0878004e+01		3.5491091e+01		1.1925518e+02		6.0473971e+01		5.9110127e+01		1.3638432e+00
2.3800000e+02		2.3900000e+02		2.3850000e+02		2.5598090e+01		2.9581579e+01		9.9321078e+01		5.0359073e+01		4.9160078e+01		1.1989954e+00
2.3900000e+02		2.4000000e+02		2.3950000e+02		2.7890834e+01		3.2386118e+01		1.0865149e+02		5.5081706e+01		5.3698338e+01		1.3833681e+00
2.4000000e+02		2.4100000e+02		2.4050000e+02		2.5623038e+01		2.9895575e+01		1.0021584e+02		5.0796752e+01		4.9452716e+01		1.3440356e+00
2.4100000e+02		2.4200000e+02		2.4150000e+02		3.0005079e+01		3.5161005e+01		1.1777096e+02		5.9683797e+01		5.8021550e+01		1.6622473e+00
2.4200000e+02		2.4300000e+02		2.4250000e+02		4.1301739e+01		4.8769410e+01		1.6322166e+02		8.2702840e+01		8.0287357e+01		2.4154822e+00
2.4300000e+02		2.4400000e+02		2.4350000e+02		3.8791639e+01		4.5880781e+01		1.5341869e+02		7.7715757e+01		7.5322363e+01		2.3933944e+00
2.4400000e+02		2.4500000e+02		2.4450000e+02		3.6329084e+01		4.3033690e+01		1.4377240e+02		7.2809509e+01		7.0450344e+01		2.3591649e+00
2.4500000e+02		2.4600000e+02		2.4550000e+02		2.9476122e+01		3.4965624e+01		1.1671529e+02		5.9090173e+01		5.7079297e+01		2.0108765e+00
2.4600000e+02		2.4700000e+02		2.4650000e+02		2.8685918e+01		3.4073898e+01		1.1363782e+02		5.7514455e+01		5.5460953e+01		2.0535017e+00
2.4700000e+02		2.4800000e+02		2.4750000e+02		3.1678139e+01		3.7675706e+01		1.2553707e+02		6.3516170e+01		6.1139194e+01		2.3769751e+00
2.4800000e+02		2.4900000e+02		2.4850000e+02		2.5406301e+01		3.0252354e+01		1.0071039e+02		5.0937356e+01		4.8941240e+01		1.9961158e+00
2.4900000e+02		2.5000000e+02		2.4950000e+02		3.0967514e+01		3.6915452e+01		1.2277867e+02		6.2076389e+01		5.9531416e+01		2.5449728e+00
2.5000000e+02		2.5100000e+02		2.5050000e+02		3.3448743e+01		3.9914862e+01		1.3263074e+02		6.7031780e+01		6.4159317e+01		2.8724626e+00
2.5100000e+02		2.5200000e+02		2.5150000e+02		2.7888154e+01		3.3311731e+01		1.1058517e+02		5.5867361e+01		5.3367193e+01		2.5001674e+00
2.5200000e+02		2.5300000e+02		2.5250000e+02		2.5069906e+01		2.9972509e+01		9.9405016e+01		5.0197952e+01		4.7853912e+01		2.3440399e+00
2.5300000e+02		2.5400000e+02		2.5350000e+02		3.1592540e+01		3.7802366e+01		1.2525216e+02		6.3222417e+01		6.0144485e+01		3.0779315e+00
2.5400000e+02		2.5500000e+02		2.5450000e+02		3.5730773e+01		4.2787086e+01		1.4163012e+02		7.1456451e+01		6.7832447e+01		3.6240045e+00
2.5500000e+02		2.5600000e+02		2.5550000e+02		4.8755658e+01		5.8425669e+01		1.9320530e+02		9.7430884e+01		9.2287329e+01		5.1435542e+00
2.5600000e+02		2.5700000e+02		2.5650000e+02		6.2803876e+01		7.5308969e+01		2.4878852e+02		1.2539829e+02		1.1851262e+02		6.8856781e+00
2.5700000e+02		2.5800000e+02		2.5750000e+02		7.8843355e+01		9.4597756e+01		3.1219702e+02		1.5727717e+02		1.4830108e+02		8.9760861e+00
2.5800000e+02		2.5900000e+02		2.5850000e+02		8.2991293e+01		9.9627293e+01		3.2846313e+02		1.6538314e+02		1.5558000e+02		9.8031378e+00
2.5900000e+02		2.6000000e+02		2.5950000e+02		7.0629481e+01		8.4827589e+01		2.7938431e+02		1.4059387e+02		1.3194445e+02		8.6494275e+00
2.6000000e+02		2.6100000e+02		2.6050000e+02		5.7868388e+01		6.9530236e+01		2.2876604e+02		1.1505563e+02		1.0771424e+02		7.3413909e+00
2.6100000e+02		2.6200000e+02		2.6150000e+02		5.9092703e+01		7.1027076e+01		2.3344857e+02		1.1734153e+02		1.0958118e+02		7.7603518e+00
2.6200000e+02		2.6300000e+02		2.6250000e+02		7.0528613e+01		8.4798931e+01		2.7842210e+02		1.3986234e+02		1.3028142e+02		9.5809163e+00
2.6300000e+02		2.6400000e+02		2.6350000e+02		1.0614195e+02		1.2765119e+02		4.1867879e+02		2.1018757e+02		1.9528316e+02		1.4904404e+01
2.6400000e+02		2.6500000e+02		2.6450000e+02		1.6548208e+02		1.9905816e+02		6.5219234e+02		3.2720750e+02		3.0320460e+02		2.4002907e+01
2.6500000e+02		2.6600000e+02		2.6550000e+02		1.7356948e+02		2.0882026e+02		6.8344714e+02		3.4266252e+02		3.1667418e+02		2.5988343e+01
2.6600000e+02		2.6700000e+02		2.6650000e+02		1.6826276e+02		2.0245905e+02		6.6191644e+02		3.3164364e+02		3.0565401e+02		2.5989624e+01
2.6700000e+02		2.6800000e+02		2.6750000e+02		1.6940220e+02		2.0384421e+02		6.6572561e+02		3.3332156e+02		3.0634669e+02		2.6974867e+01
2.6800000e+02		2.6900000e+02		2.6850000e+02		1.6778062e+02		2.0189803e+02		6.5865385e+02		3.2954742e+02		3.0202170e+02		2.7525725e+01
2.6900000e+02		2.7000000e+02		2.6950000e+02		1.5737310e+02		1.8937086e+02		6.1711204e+02		3.0853915e+02		2.8195521e+02		2.6583940e+01
2.7000000e+02		2.7100000e+02		2.7050000e+02		1.8181465e+02		2.1876902e+02		7.1213120e+02		3.5578283e+02		3.2417815e+02		3.1604672e+01
2.7100000e+02		2.7200000e+02		2.7150000e+02		1.5108640e+02		1.8177707e+02		5.9106378e+02		2.9507421e+02		2.6806392e+02		2.7010298e+01
2.7200000e+02		2.7300000e+02		2.7250000e+02		1.2154404e+02		1.4621342e+02		4.7489910e+02		2.3689918e+02		2.1456483e+02		2.2334356e+01
2.7300000e+02		2.7400000e+02		2.7350000e+02		1.2960124e+02		1.5587846e+02		5.0572809e+02		2.5207981e+02		2.2761483e+02		2.4464979e+01
2.7400000e+02		2.7500000e+02		2.7450000e+02		8.9183780e+01		1.0724334e+02		3.4754912e+02		1.7309700e+02		1.5581144e+02		1.7285560e+01
2.7500000e+02		2.7600000e+02		2.7550000e+02		1.1893609e+02		1.4298490e+02		4.6285950e+02		2.3033958e+02		2.0668340e+02		2.3656186e+01
2.7600000e+02		2.7700000e+02		2.7650000e+02		1.6564211e+02		1.9907855e+02		6.4371687e+02		3.2007678e+02		2.8628490e+02		3.3791885e+01
2.7700000e+02		2.7800000e+02		2.7750000e+02		1.5837296e+02		1.9028192e+02		6.1457913e+02		3.0533101e+02		2.7220907e+02		3.3121936e+01
2.7800000e+02		2.7900000e+02		2.7850000e+02		1.0921797e+02		1.3117753e+02		4.2320241e+02		2.1007246e+02		1.8666742e+02		2.3405042e+01
2.7900000e+02		2.8000000e+02		2.7950000e+02		6.1368404e+01		7.3679312e+01		2.3743313e+02		1.1775636e+02		1.0428742e+02		1.3468941e+01
2.8000000e+02		2.8100000e+02		2.8050000e+02		6.7313201e+01		8.0783634e+01		2.6003091e+02		1.2885000e+02		1.1372624e+02		1.5123757e+01
2.8100000e+02		2.8200000e+02		2.8150000e+02		1.3943196e+02		1.6726125e+02		5.3777627e+02		2.6623914e+02		2.3418421e+02		3.2054936e+01
2.8200000e+02		2.8300000e+02		2.8250000e+02		1.8983287e+02		2.2761569e+02		7.3099127e+02		3.6156622e+02		3.1693034e+02		4.4635878e+01
2.8300000e+02		2.8400000e+02		2.8350000e+02		1.9610227e+02		2.3501714e+02		7.5389751e+02		3.7255297e+02		3.2541326e+02		4.7139702e+01
2.8400000e+02		2.8500000e+02		2.8450000e+02		1.4459284e+02		1.7319629e+02		5.5494936e+02		2.7398321e+02		2.3846440e+02		3.5518806e+01
2.8500000e+02		2.8600000e+02		2.8550000e+02		9.2944992e+01		1.1127097e+02		3.5612128e+02		1.7565411e+02		1.5233215e+02		2.3321959e+01
2.8600000e+02		2.8700000e+02		2.8650000e+02		1.9045522e+02		2.2787801e+02		7.2848258e+02		3.5897519e+02		3.1017926e+02		4.8795931e+01
2.8700000e+02		2.8800000e+02		2.8750000e+02		2.2108403e+02		2.6436902e+02		8.4416533e+02		4.1557828e+02		3.5776494e+02		5.7813342e+01
2.8800000e+02		2.8900000e+02		2.8850000e+02		2.1010240e+02		2.5108354e+02		8.0082014e+02		3.9385438e+02		3.3779944e+02		5.6054940e+01
2.8900000e+02		2.9000000e+02		2.8950000e+02		3.1885068e+02		3.8080213e+02		1.2131531e+03		5.9605607e+02		5.0929629e+02		8.6759778e+01
2.9000000e+02		2.9100000e+02		2.9050000e+02		4.1860542e+02		4.9961192e+02		1.5898213e+03		7.8034419e+02		6.6421969e+02		1.1612451e+02
2.9100000e+02		2.9200000e+02		2.9150000e+02		4.0318642e+02		4.8088503e+02		1.5284666e+03		7.4947285e+02		6.3548561e+02		1.1398724e+02
2.9200000e+02		2.9300000e+02		2.9250000e+02		3.5818014e+02		4.2690980e+02		1.3553454e+03		6.6390785e+02		5.6074340e+02		1.0316445e+02
2.9300000e+02		2.9400000e+02		2.9350000e+02		3.7393440e+02		4.4537056e+02		1.4123247e+03		6.9110847e+02		5.8142213e+02		1.0968633e+02
2.9400000e+02		2.9500000e+02		2.9450000e+02		3.4819581e+02		4.1441323e+02		1.3126412e+03		6.4166385e+02		5.3768073e+02		1.0398312e+02
2.9500000e+02		2.9600000e+02		2.9550000e+02		3.7701055e+02		4.4837401e+02		1.4185755e+03		6.9272371e+02		5.7813761e+02		1.1458610e+02
2.9600000e+02		2.9700000e+02		2.9650000e+02		3.4493460e+02		4.0991491e+02		1.2954053e+03		6.3191060e+02		5.2524744e+02		1.0666316e+02
2.9700000e+02		2.9800000e+02		2.9750000e+02		3.5165811e+02		4.1758137e+02		1.3181153e+03		6.4230629e+02		5.3170486e+02		1.1060143e+02
2.9800000e+02		2.9900000e+02		2.9850000e+02		3.0223333e+02		3.5860815e+02		1.1306632e+03		5.5037333e+02		4.5372128e+02		9.6652047e+01
2.9900000e+02		3.0000000e+02		2.9950000e+02		3.4101318e+02		4.0429688e+02		1.2732534e+03		6.1911454e+02		5.0826405e+02		1.1085049e+02
3.0000000e+02		3.0100000e+02		3.0050000e+02		2.7131061e+02		3.2139699e+02		1.0110166e+03		4.9106982e+02		4.0145024e+02		8.9619586e+01
3.0100000e+02		3.0200000e+02		3.0150000e+02		3.1202593e+02		3.6932285e+02		1.1604472e+03		5.6303588e+02		4.5832994e+02		1.0470594e+02
3.0200000e+02		3.0300000e+02		3.0250000e+02		3.2846528e+02		3.8845470e+02		1.2191667e+03		5.9087623e+02		4.7893449e+02		1.1194175e+02
3.0300000e+02		3.0400000e+02		3.0350000e+02		4.2601061e+02		5.0338695e+02		1.5780800e+03		7.6398062e+02		6.1657124e+02		1.4740937e+02
3.0400000e+02		3.0500000e+02		3.0450000e+02		4.0776836e+02		4.8141670e+02		1.5074867e+03		7.2899403e+02		5.8577425e+02		1.4321978e+02
3.0500000e+02		3.0600000e+02		3.0550000e+02		4.1174793e+02		4.8569190e+02		1.5191459e+03		7.3381143e+02		5.8705711e+02		1.4675432e+02
3.0600000e+02		3.0700000e+02		3.0650000e+02		3.9053943e+02		4.6026941e+02		1.4379972e+03		6.9383316e+02		5.5261777e+02		1.4121539e+02
3.0700000e+02		3.0800000e+02		3.0750000e+02		4.3847484e+02		5.1630447e+02		1.6112402e+03		7.7654544e+02		6.1573675e+02		1.6080869e+02
3.0800000e+02		3.0900000e+02		3.0850000e+02		4.3035211e+02		5.0628559e+02		1.5781911e+03		7.5975487e+02		5.9971476e+02		1.6004012e+02
3.0900000e+02		3.1000000e+02		3.0950000e+02		3.4901328e+02		4.1022363e+02		1.2773078e+03		6.1420676e+02		4.8262927e+02		1.3157749e+02
3.1000000e+02		3.1100000e+02		3.1050000e+02		4.3927411e+02		5.1584390e+02		1.6043731e+03		7.7059722e+02		6.0275281e+02		1.6784440e+02
3.1100000e+02		3.1200000e+02		3.1150000e+02		5.2246540e+02		6.1297293e+02		1.9043287e+03		9.1361882e+02		7.1133580e+02		2.0228302e+02
3.1200000e+02		3.1300000e+02		3.1250000e+02		4.6521908e+02		5.4530522e+02		1.6922137e+03		8.1091913e+02		6.2844926e+02		1.8246987e+02
3.1300000e+02		3.1400000e+02		3.1350000e+02		4.9544367e+02		5.8019274e+02		1.7984744e+03		8.6084318e+02		6.6402606e+02		1.9681712e+02
3.1400000e+02		3.1500000e+02		3.1450000e+02		4.6729179e+02		5.4671342e+02		1.6928156e+03		8.0932918e+02		6.2135557e+02		1.8797361e+02
3.1500000e+02		3.1600000e+02		3.1550000e+02		4.5343123e+02		5.2999829e+02		1.6392451e+03		7.8280513e+02		5.9814742e+02		1.8465772e+02
3.1600000e+02		3.1700000e+02		3.1650000e+02		4.4229406e+02		5.1649209e+02		1.5957109e+03		7.6112636e+02		5.7881090e+02		1.8231546e+02
3.1700000e+02		3.1800000e+02		3.1750000e+02		5.6102832e+02		6.5452332e+02		2.0199399e+03		9.6234858e+02		7.2832240e+02		2.3402619e+02
3.1800000e+02		3.1900000e+02		3.1850000e+02		4.6340678e+02		5.4011833e+02		1.6650480e+03		7.9233866e+02		5.9675972e+02		1.9557894e+02
3.1900000e+02		3.2000000e+02		3.1950000e+02		4.9774832e+02		5.7959030e+02		1.7847821e+03		8.4831721e+02		6.3581470e+02		2.1250251e+02
3.2000000e+02		3.2100000e+02		3.2050000e+02		5.7184857e+02		6.6523619e+02		2.0462940e+03		9.7146912e+02		7.2455490e+02		2.4691422e+02
3.2100000e+02		3.2200000e+02		3.2150000e+02		4.8024660e+02		5.5813794e+02		1.7149979e+03		8.1322647e+02		6.0354593e+02		2.0968054e+02
3.2200000e+02		3.2300000e+02		3.2250000e+02		4.8228681e+02		5.5996916e+02		1.7187707e+03		8.1405149e+02		6.0116527e+02		2.1288623e+02
3.2300000e+02		3.2400000e+02		3.2350000e+02		4.6607071e+02		5.4061888e+02		1.6575962e+03		7.8414777e+02		5.7619554e+02		2.0795222e+02
3.2400000e+02		3.2500000e+02		3.2450000e+02		5.4882129e+02		6.3599010e+02		1.9479309e+03		9.2040133e+02		6.7292420e+02		2.4747713e+02
3.2500000e+02		3.2600000e+02		3.2550000e+02		6.3196128e+02		7.3162639e+02		2.2384645e+03		1.0564229e+03		7.6847671e+02		2.8794616e+02
3.2600000e+02		3.2700000e+02		3.2650000e+02		7.1301257e+02		8.2466047e+02		2.5204361e+03		1.1880826e+03		8.5986602e+02		3.2821659e+02
3.2700000e+02		3.2800000e+02		3.2750000e+02		6.8984049e+02		7.9708659e+02		2.4335919e+03		1.1457810e+03		8.2501975e+02		3.2076121e+02
3.2800000e+02		3.2900000e+02		3.2850000e+02		6.6596082e+02		7.6874833e+02		2.3446081e+03		1.1025712e+03		7.8983338e+02		3.1273782e+02
3.2900000e+02		3.3000000e+02		3.2950000e+02		7.7527139e+02		8.9406261e+02		2.7239551e+03		1.2794360e+03		9.1180328e+02		3.6763274e+02
3.3000000e+02		3.3100000e+02		3.3050000e+02		7.3029799e+02		8.4138165e+02		2.5607852e+03		1.2013618e+03		8.5172207e+02		3.4963969e+02
3.3100000e+02		3.3200000e+02		3.3150000e+02		6.9881652e+02		8.0433146e+02		2.4454875e+03		1.1459033e+03		8.0816776e+02		3.3773559e+02
3.3200000e+02		3.3300000e+02		3.3250000e+02		6.8562051e+02		7.8837885e+02		2.3945165e+03		1.1206815e+03		7.8623656e+02		3.3444495e+02
3.3300000e+02		3.3400000e+02		3.3350000e+02		6.5878216e+02		7.5678527e+02		2.2962029e+03		1.0733874e+03		7.4908861e+02		3.2429876e+02
3.3400000e+02		3.3500000e+02		3.3450000e+02		6.9405546e+02		7.9653563e+02		2.4143474e+03		1.1272699e+03		7.8252578e+02		3.4474416e+02
3.3500000e+02		3.3600000e+02		3.3550000e+02		6.8541663e+02		7.8586232e+02		2.3795798e+03		1.1097127e+03		7.6623811e+02		3.4347455e+02
3.3600000e+02		3.3700000e+02		3.3650000e+02		5.6469084e+02		6.4682094e+02		1.9565881e+03		9.1136433e+02		6.2591638e+02		2.8544795e+02
3.3700000e+02		3.3800000e+02		3.3750000e+02		5.9573781e+02		6.8172744e+02		2.0601080e+03		9.5844068e+02		6.5471056e+02		3.0373012e+02
3.3800000e+02		3.3900000e+02		3.3850000e+02		6.4448401e+02		7.3680219e+02		2.2243153e+03		1.0336050e+03		7.0224295e+02		3.3136203e+02
3.3900000e+02		3.4000000e+02		3.3950000e+02		6.7448220e+02		7.7035935e+02		2.3233111e+03		1.0783235e+03		7.2865097e+02		3.4967251e+02
3.4000000e+02		3.4100000e+02		3.4050000e+02		7.1196374e+02		8.1239245e+02		2.4476586e+03		1.1346881e+03		7.6255960e+02		3.7212845e+02
3.4100000e+02		3.4200000e+02		3.4150000e+02		6.4984945e+02		7.4081028e+02		2.2297969e+03		1.0324653e+03		6.9006322e+02		3.4240210e+02
3.4200000e+02		3.4300000e+02		3.4250000e+02		7.0477558e+02		8.0266165e+02		2.4136072e+03		1.1162511e+03		7.4196051e+02		3.7429055e+02
3.4300000e+02		3.4400000e+02		3.4350000e+02		6.9264465e+02		7.8809908e+02		2.3675169e+03		1.0936395e+03		7.2291651e+02		3.7072304e+02
3.4400000e+02		3.4500000e+02		3.4450000e+02		5.5710877e+02		6.3328662e+02		1.9006109e+03		8.7692188e+02		5.7644720e+02		3.0047468e+02
3.4500000e+02		3.4600000e+02		3.4550000e+02		6.7138909e+02		7.6247562e+02		2.2861353e+03		1.0535545e+03		6.8870008e+02		3.6485444e+02
3.4600000e+02		3.4700000e+02		3.4650000e+02		6.5194093e+02		7.3969508e+02		2.2157168e+03		1.0199000e+03		6.6297188e+02		3.5692809e+02
3.4700000e+02		3.4800000e+02		3.4750000e+02		6.4525828e+02		7.3142932e+02		2.1888798e+03		1.0063624e+03		6.5049864e+02		3.5586376e+02
3.4800000e+02		3.4900000e+02		3.4850000e+02		6.6761091e+02		7.5606313e+02		2.2604667e+03		1.0380559e+03		6.6720206e+02		3.7085384e+02
3.4900000e+02		3.5000000e+02		3.4950000e+02		6.3989005e+02		7.2399814e+02		2.1625717e+03		9.9193748e+02		6.3395129e+02		3.5798619e+02
3.5000000e+02		3.5100000e+02		3.5050000e+02		7.6650484e+02		8.6645519e+02		2.5856796e+03		1.1846245e+03		7.5279667e+02		4.3182783e+02
3.5100000e+02		3.5200000e+02		3.5150000e+02		7.1211510e+02		8.0423361e+02		2.3977773e+03		1.0972566e+03		6.9329991e+02		4.0395673e+02
3.5200000e+02		3.5300000e+02		3.5250000e+02		6.5785102e+02		7.4227042e+02		2.2110030e+03		1.0106092e+03		6.3489630e+02		3.7571286e+02
3.5300000e+02		3.5400000e+02		3.5350000e+02		7.5263834e+02		8.4844815e+02		2.5249662e+03		1.1527768e+03		7.2004932e+02		4.3272748e+02
3.5400000e+02		3.5500000e+02		3.5450000e+02		8.0329241e+02		9.0472968e+02		2.6900151e+03		1.2267086e+03		7.6181024e+02		4.6489833e+02
3.5500000e+02		3.5600000e+02		3.5550000e+02		7.5433512e+02		8.4882387e+02		2.5215153e+03		1.1485414e+03		7.0913920e+02		4.3940217e+02
3.5600000e+02		3.5700000e+02		3.5650000e+02		6.5576441e+02		7.3724375e+02		2.1880933e+03		9.9552129e+02		6.1109121e+02		3.8443008e+02
3.5700000e+02		3.5800000e+02		3.5750000e+02		5.7307986e+02		6.4371014e+02		1.9087908e+03		8.6744939e+02		5.2937273e+02		3.3807665e+02
3.5800000e+02		3.5900000e+02		3.5850000e+02		4.9194729e+02		5.5208725e+02		1.6356541e+03		7.4247159e+02		4.5045419e+02		2.9201740e+02
3.5900000e+02		3.6000000e+02		3.5950000e+02		7.1030971e+02		7.9643960e+02		2.3575176e+03		1.0689253e+03		6.4470798e+02		4.2421727e+02
3.6000000e+02		3.6100000e+02		3.6050000e+02		7.0092701e+02		7.8522820e+02		2.3223030e+03		1.0517604e+03		6.3062200e+02		4.2113842e+02
3.6100000e+02		3.6200000e+02		3.6150000e+02		6.5110481e+02		7.2877601e+02		2.1534784e+03		9.7419425e+02		5.8066579e+02		3.9352847e+02
3.6200000e+02		3.6300000e+02		3.6250000e+02		7.3500056e+02		8.2196441e+02		2.4267524e+03		1.0965772e+03		6.4974085e+02		4.4683635e+02
3.6300000e+02		3.6400000e+02		3.6350000e+02		7.1558904e+02		7.9956418e+02		2.3586003e+03		1.0645803e+03		6.2703488e+02		4.3754543e+02
3.6400000e+02		3.6500000e+02		3.6450000e+02		7.4837927e+02		8.3548346e+02		2.4624645e+03		1.1102124e+03		6.5001563e+02		4.6019676e+02
3.6500000e+02		3.6600000e+02		3.6550000e+02		8.5179486e+02		9.5012283e+02		2.7979861e+03		1.2600719e+03		7.3334744e+02		5.2672448e+02
3.6600000e+02		3.6700000e+02		3.6650000e+02		9.1042532e+02		1.0146585e+03		2.9855332e+03		1.3430344e+03		7.7694571e+02		5.6608867e+02
3.6700000e+02		3.6800000e+02		3.6750000e+02		8.7909512e+02		9.7891384e+02		2.8779632e+03		1.2932059e+03		7.4362299e+02		5.4958291e+02
3.6800000e+02		3.6900000e+02		3.6850000e+02		8.1047729e+02		9.0174703e+02		2.6489075e+03		1.1889627e+03		6.7955961e+02		5.0940310e+02
3.6900000e+02		3.7000000e+02		3.6950000e+02		8.9967825e+02		1.0001580e+03		2.9355842e+03		1.3161846e+03		7.4772697e+02		5.6845762e+02
3.7000000e+02		3.7100000e+02		3.7050000e+02		8.4427990e+02		9.3779436e+02		2.7502992e+03		1.2317566e+03		6.9552201e+02		5.3623454e+02
3.7100000e+02		3.7200000e+02		3.7150000e+02		8.7164560e+02		9.6739351e+02		2.8348130e+03		1.2682180e+03		7.1175841e+02		5.5645960e+02
3.7200000e+02		3.7300000e+02		3.7250000e+02		7.2411383e+02		8.0299791e+02		2.3511867e+03		1.0507105e+03		5.8609435e+02		4.6461618e+02
3.7300000e+02		3.7400000e+02		3.7350000e+02		6.3155746e+02		6.9978897e+02		2.0473579e+03		9.1394097e+02		5.0668906e+02		4.0725191e+02
3.7400000e+02		3.7500000e+02		3.7450000e+02		6.4642322e+02		7.1568207e+02		2.0922005e+03		9.3294929e+02		5.1405978e+02		4.1888951e+02
3.7500000e+02		3.7600000e+02		3.7550000e+02		7.4036161e+02		8.1902727e+02		2.3924371e+03		1.0656820e+03		5.8359129e+02		4.8209068e+02
3.7600000e+02		3.7700000e+02		3.7650000e+02		7.6758018e+02		8.4846090e+02		2.4764840e+03		1.1019375e+03		5.9973202e+02		5.0220546e+02
3.7700000e+02		3.7800000e+02		3.7750000e+02		9.0048278e+02		9.9457937e+02		2.9007289e+03		1.2893326e+03		6.9739356e+02		5.9193901e+02
3.7800000e+02		3.7900000e+02		3.7850000e+02		9.3786543e+02		1.0350536e+03		3.0164565e+03		1.3393476e+03		7.1996716e+02		6.1938040e+02
3.7900000e+02		3.8000000e+02		3.7950000e+02		7.6051322e+02		8.3866736e+02		2.4422658e+03		1.0832524e+03		5.7869442e+02		5.0455798e+02
3.8000000e+02		3.8100000e+02		3.8050000e+02		8.2814537e+02		9.1254134e+02		2.6553832e+03		1.1765395e+03		6.2462636e+02		5.5191314e+02
3.8100000e+02		3.8200000e+02		3.8150000e+02		7.4366886e+02		8.1882467e+02		2.3808910e+03		1.0538129e+03		5.5598809e+02		4.9782480e+02
3.8200000e+02		3.8300000e+02		3.8250000e+02		5.3336093e+02		5.8681369e+02		1.7050033e+03		7.5386925e+02		3.9525770e+02		3.5861155e+02
3.8300000e+02		3.8400000e+02		3.8350000e+02		4.7073026e+02		5.1751296e+02		1.5025367e+03		6.6365875e+02		3.4578464e+02		3.1787411e+02
3.8400000e+02		3.8500000e+02		3.8450000e+02		6.2969557e+02		6.9175482e+02		2.0069536e+03		8.8554000e+02		4.5850066e+02		4.2703934e+02
3.8500000e+02		3.8600000e+02		3.8550000e+02		6.6694888e+02		7.3213119e+02		2.1225492e+03		9.3558210e+02		4.8137001e+02		4.5421209e+02
3.8600000e+02		3.8700000e+02		3.8650000e+02		6.6977732e+02		7.3468973e+02		2.1284281e+03		9.3721359e+02		4.7917660e+02		4.5803699e+02
3.8700000e+02		3.8800000e+02		3.8750000e+02		6.6902499e+02		7.3332316e+02		2.1229461e+03		9.3384811e+02		4.7444711e+02		4.5940100e+02
3.8800000e+02		3.8900000e+02		3.8850000e+02		6.7841027e+02		7.4306597e+02		2.1496211e+03		9.4462417e+02		4.7689184e+02		4.6773233e+02
3.8900000e+02		3.9000000e+02		3.8950000e+02		8.1451188e+02		8.9149032e+02		2.5771787e+03		1.1313677e+03		5.6755603e+02		5.6381169e+02
3.9000000e+02		3.9100000e+02		3.9050000e+02		8.5560997e+02		9.3579701e+02		2.7033688e+03		1.1855746e+03		5.9098018e+02		5.9459444e+02
3.9100000e+02		3.9200000e+02		3.9150000e+02		9.2006232e+02		1.0055693e+03		2.9029114e+03		1.2718151e+03		6.2994422e+02		6.4187087e+02
3.9200000e+02		3.9300000e+02		3.9250000e+02		7.0614281e+02		7.7122061e+02		2.2248507e+03		9.7377789e+02		4.7925567e+02		4.9452222e+02
3.9300000e+02		3.9400000e+02		3.9350000e+02		4.3291589e+02		4.7247982e+02		1.3620980e+03		5.9557780e+02		2.9125294e+02		3.0432486e+02
3.9400000e+02		3.9500000e+02		3.9450000e+02		7.1565803e+02		7.8051505e+02		2.2485965e+03		9.8223427e+02		4.7727280e+02		5.0496147e+02
3.9500000e+02		3.9600000e+02		3.9550000e+02		8.7888136e+02		9.5786501e+02		2.7576685e+03		1.2034313e+03		5.8101602e+02		6.2241526e+02
3.9600000e+02		3.9700000e+02		3.9650000e+02		6.0712893e+02		6.6123470e+02		1.9024059e+03		8.2939309e+02		3.9786702e+02		4.3152607e+02
3.9700000e+02		3.9800000e+02		3.9750000e+02		6.8053003e+02		7.4067038e+02		2.1295343e+03		9.2751758e+02		4.4208522e+02		4.8543236e+02
3.9800000e+02		3.9900000e+02		3.9850000e+02		1.0480559e+03		1.1399017e+03		3.2752277e+03		1.4251533e+03		6.7491247e+02		7.5024084e+02
3.9900000e+02		4.0000000e+02		3.9950000e+02		1.1577145e+03		1.2583227e+03		3.6131235e+03		1.5706803e+03		7.3904599e+02		8.3163431e+02
4.0000000e+02		4.0100000e+02		4.0050000e+02		1.1939713e+03		1.2968637e+03		3.7213804e+03		1.6162044e+03		7.5556813e+02		8.6063626e+02
4.0100000e+02		4.0200000e+02		4.0150000e+02		1.2509583e+03		1.3578615e+03		3.8939144e+03		1.6895388e+03		7.8475695e+02		9.0478185e+02
4.0200000e+02		4.0300000e+02		4.0250000e+02		1.2664199e+03		1.3737409e+03		3.9369438e+03		1.7066044e+03		7.8756346e+02		9.1904092e+02
4.0300000e+02		4.0400000e+02		4.0350000e+02		1.2115903e+03		1.3134079e+03		3.7616613e+03		1.6290993e+03		7.4693377e+02		8.8216549e+02
4.0400000e+02		4.0500000e+02		4.0450000e+02		1.1914959e+03		1.2907894e+03		3.6945654e+03		1.5985556e+03		7.2818274e+02		8.7037289e+02
4.0500000e+02		4.0600000e+02		4.0550000e+02		1.1904731e+03		1.2888539e+03		3.6867335e+03		1.5936943e+03		7.2126033e+02		8.7243401e+02
4.0600000e+02		4.0700000e+02		4.0650000e+02		1.1388815e+03		1.2322140e+03		3.5225445e+03		1.5213215e+03		6.8403577e+02		8.3728573e+02
4.0700000e+02		4.0800000e+02		4.0750000e+02		1.1575323e+03		1.2516025e+03		3.5757840e+03		1.5429056e+03		6.8923043e+02		8.5367517e+02
4.0800000e+02		4.0900000e+02		4.0850000e+02		1.2307397e+03		1.3299260e+03		3.7972480e+03		1.6369784e+03		7.2649377e+02		9.1048465e+02
4.0900000e+02		4.1000000e+02		4.0950000e+02		1.2243097e+03		1.3221561e+03		3.7727931e+03		1.6249696e+03		7.1646453e+02		9.0850511e+02
4.1000000e+02		4.1100000e+02		4.1050000e+02		1.1216634e+03		1.2105601e+03		3.4522922e+03		1.4855949e+03		6.5073938e+02		8.3485556e+02
4.1100000e+02		4.1200000e+02		4.1150000e+02		1.3003372e+03		1.4025371e+03		3.9974091e+03		1.7186380e+03		7.4790279e+02		9.7073522e+02
4.1200000e+02		4.1300000e+02		4.1250000e+02		1.2760342e+03		1.3754900e+03		3.9180216e+03		1.6830148e+03		7.2761164e+02		9.5540319e+02
4.1300000e+02		4.1400000e+02		4.1350000e+02		1.2308584e+03		1.3259957e+03		3.7748419e+03		1.6200840e+03		6.9582041e+02		9.2426359e+02
4.1400000e+02		4.1500000e+02		4.1450000e+02		1.2488872e+03		1.3446161e+03		3.8256417e+03		1.6404502e+03		6.9995104e+02		9.4049914e+02
4.1500000e+02		4.1600000e+02		4.1550000e+02		1.2477523e+03		1.3426001e+03		3.8177200e+03		1.6356304e+03		6.9331711e+02		9.4231325e+02
4.1600000e+02		4.1700000e+02		4.1650000e+02		1.2947363e+03		1.3923389e+03		3.9569068e+03		1.6937979e+03		7.1325969e+02		9.8053819e+02
4.1700000e+02		4.1800000e+02		4.1750000e+02		1.1781342e+03		1.2662103e+03		3.5964351e+03		1.5381724e+03		6.4346917e+02		8.9470321e+02
4.1800000e+02		4.1900000e+02		4.1850000e+02		1.2217101e+03		1.3122869e+03		3.7252269e+03		1.5918966e+03		6.6156358e+02		9.3033303e+02
4.1900000e+02		4.2000000e+02		4.1950000e+02		1.2338424e+03		1.3245611e+03		3.7579887e+03		1.6045353e+03		6.6242613e+02		9.4210917e+02
4.2000000e+02		4.2100000e+02		4.2050000e+02		1.2494927e+03		1.3406017e+03		3.8014107e+03		1.6217078e+03		6.6510431e+02		9.5660353e+02
4.2100000e+02		4.2200000e+02		4.2150000e+02		1.2299982e+03		1.3189439e+03		3.7379621e+03		1.5933055e+03		6.4914657e+02		9.4415894e+02
4.2200000e+02		4.2300000e+02		4.2250000e+02		1.1657134e+03		1.2493137e+03		3.5387150e+03		1.5071220e+03		6.0998104e+02		8.9714096e+02
4.2300000e+02		4.2400000e+02		4.2350000e+02		1.2419943e+03		1.3303295e+03		3.7661774e+03		1.6026717e+03		6.4436876e+02		9.5830299e+02
4.2400000e+02		4.2500000e+02		4.2450000e+02		1.2850442e+03		1.3756869e+03		3.8925177e+03		1.6550750e+03		6.6103942e+02		9.9403563e+02
4.2500000e+02		4.2600000e+02		4.2550000e+02		1.2367256e+03		1.3232407e+03		3.7421499e+03		1.5898417e+03		6.3078476e+02		9.5905692e+02
4.2600000e+02		4.2700000e+02		4.2650000e+02		1.2316584e+03		1.3171090e+03		3.7228653e+03		1.5803669e+03		6.2287492e+02		9.5749198e+02
4.2700000e+02		4.2800000e+02		4.2750000e+02		1.1420512e+03		1.2206326e+03		3.4483849e+03		1.4626706e+03		5.7266824e+02		8.9000240e+02
4.2800000e+02		4.2900000e+02		4.2850000e+02		1.1495483e+03		1.2279948e+03		3.4674033e+03		1.4695612e+03		5.7155224e+02		8.9800892e+02
4.2900000e+02		4.3000000e+02		4.2950000e+02		1.0698649e+03		1.1422735e+03		3.2237169e+03		1.3651959e+03		5.2744008e+02		8.3775584e+02
4.3000000e+02		4.3100000e+02		4.3050000e+02		8.6065012e+02		9.1842062e+02		2.5906528e+03		1.0962368e+03		4.2071754e+02		6.7551923e+02
4.3100000e+02		4.3200000e+02		4.3150000e+02		1.0641754e+03		1.1350212e+03		3.2000311e+03		1.3530340e+03		5.1582377e+02		8.3721018e+02
4.3200000e+02		4.3300000e+02		4.3250000e+02		1.1990384e+03		1.2782080e+03		3.6019381e+03		1.5217816e+03		5.7630151e+02		9.4548013e+02
4.3300000e+02		4.3400000e+02		4.3350000e+02		1.3017454e+03		1.3869923e+03		3.9065654e+03		1.6492066e+03		6.2040551e+02		1.0288011e+03
4.3400000e+02		4.3500000e+02		4.3450000e+02		1.1054356e+03		1.1772344e+03		3.3141494e+03		1.3980354e+03		5.2242076e+02		8.7561461e+02
4.3500000e+02		4.3600000e+02		4.3550000e+02		1.2347447e+03		1.3142864e+03		3.6981887e+03		1.5588471e+03		5.7863674e+02		9.8021033e+02
4.3600000e+02		4.3700000e+02		4.3650000e+02		1.3814970e+03		1.4697654e+03		4.1336981e+03		1.7411003e+03		6.4198538e+02		1.0991149e+03
4.3700000e+02		4.3800000e+02		4.3750000e+02		1.2223713e+03		1.2998352e+03		3.6540331e+03		1.5379080e+03		5.6328633e+02		9.7462165e+02
4.3800000e+02		4.3900000e+02		4.3850000e+02		1.1905029e+03		1.2653320e+03		3.5553626e+03		1.4952604e+03		5.4401636e+02		9.5124404e+02
4.3900000e+02		4.4000000e+02		4.3950000e+02		1.3250738e+03		1.4076829e+03		3.9534949e+03		1.6614657e+03		6.0045655e+02		1.0610092e+03
4.4000000e+02		4.4100000e+02		4.4050000e+02		1.2562739e+03		1.3339565e+03		3.7446968e+03		1.5725568e+03		5.6453449e+02		1.0080223e+03
4.4100000e+02		4.4200000e+02		4.4150000e+02		1.3817384e+03		1.4664845e+03		4.1148392e+03		1.7267292e+03		6.1574545e+02		1.1109837e+03
4.4200000e+02		4.4300000e+02		4.4250000e+02		1.4526378e+03		1.5410088e+03		4.3219783e+03		1.8123322e+03		6.4195803e+02		1.1703742e+03
4.4300000e+02		4.4400000e+02		4.4350000e+02		1.4050936e+03		1.4898787e+03		4.1766891e+03		1.7501425e+03		6.1579069e+02		1.1343518e+03
4.4400000e+02		4.4500000e+02		4.4450000e+02		1.4475318e+03		1.5341698e+03		4.2989271e+03		1.8000707e+03		6.2912834e+02		1.1709424e+03
4.4500000e+02		4.4600000e+02		4.4550000e+02		1.3420773e+03		1.4217532e+03		3.9821532e+03		1.6662411e+03		5.7846443e+02		1.0877766e+03
4.4600000e+02		4.4700000e+02		4.4650000e+02		1.3689269e+03		1.4495395e+03		4.0581915e+03		1.6968558e+03		5.8515660e+02		1.1116992e+03
4.4700000e+02		4.4800000e+02		4.4750000e+02		1.4837056e+03		1.5703713e+03		4.3945580e+03		1.8362097e+03		6.2898036e+02		1.2072293e+03
4.4800000e+02		4.4900000e+02		4.4850000e+02		1.4587166e+03		1.5432350e+03		4.3167499e+03		1.8024398e+03		6.1328525e+02		1.1891546e+03
4.4900000e+02		4.5000000e+02		4.4950000e+02		1.4737837e+03		1.5584867e+03		4.3575413e+03		1.8182112e+03		6.1451488e+02		1.2036963e+03
4.5000000e+02		4.5100000e+02		4.5050000e+02		1.5636828e+03		1.6528288e+03		4.6193564e+03		1.9261289e+03		6.4663496e+02		1.2794939e+03
4.5100000e+02		4.5200000e+02		4.5150000e+02		1.5589734e+03		1.6471360e+03		4.6015041e+03		1.9173740e+03		6.3939012e+02		1.2779839e+03
4.5200000e+02		4.5300000e+02		4.5250000e+02		1.4757889e+03		1.5585766e+03		4.3522802e+03		1.8122960e+03		6.0030643e+02		1.2119896e+03
4.5300000e+02		4.5400000e+02		4.5350000e+02		1.4141855e+03		1.4928807e+03		4.1670977e+03		1.7340168e+03		5.7053401e+02		1.1634828e+03
4.5400000e+02		4.5500000e+02		4.5450000e+02		1.5096596e+03		1.5929942e+03		4.4447176e+03		1.8483032e+03		6.0406750e+02		1.2442357e+03
4.5500000e+02		4.5600000e+02		4.5550000e+02		1.4952815e+03		1.5771614e+03		4.3987479e+03		1.8279722e+03		5.9342462e+02		1.2345476e+03
4.5600000e+02		4.5700000e+02		4.5650000e+02		1.5527317e+03		1.6370775e+03		4.5640103e+03		1.8953990e+03		6.1119543e+02		1.2842036e+03
4.5700000e+02		4.5800000e+02		4.5750000e+02		1.5677329e+03		1.6522132e+03		4.6043616e+03		1.9109048e+03		6.1207091e+02		1.2988338e+03
4.5800000e+02		4.5900000e+02		4.5850000e+02		1.4734199e+03		1.5521843e+03		4.3238846e+03		1.7933346e+03		5.7056762e+02		1.2227670e+03
4.5900000e+02		4.6000000e+02		4.5950000e+02		1.5222067e+03		1.6029305e+03		4.4634886e+03		1.8500407e+03		5.8466902e+02		1.2653717e+03
4.6000000e+02		4.6100000e+02		4.6050000e+02		1.5039223e+03		1.5830416e+03		4.4063850e+03		1.8252020e+03		5.7295785e+02		1.2522442e+03
4.6100000e+02		4.6200000e+02		4.6150000e+02		1.5386000e+03		1.6189000e+03		4.5044523e+03		1.8646363e+03		5.8141842e+02		1.2832179e+03
4.6200000e+02		4.6300000e+02		4.6250000e+02		1.5538294e+03		1.6342802e+03		4.5455010e+03		1.8804403e+03		5.8242117e+02		1.2980191e+03
4.6300000e+02		4.6400000e+02		4.6350000e+02		1.5018384e+03		1.5789805e+03		4.3900223e+03		1.8149812e+03		5.5838375e+02		1.2565975e+03
4.6400000e+02		4.6500000e+02		4.6450000e+02		1.5281564e+03		1.6060284e+03		4.4635388e+03		1.8442267e+03		5.6358330e+02		1.2806434e+03
4.6500000e+02		4.6600000e+02		4.6550000e+02		1.4760608e+03		1.5506829e+03		4.3081085e+03		1.7789067e+03		5.3998328e+02		1.2389234e+03
4.6600000e+02		4.6700000e+02		4.6650000e+02		1.4854121e+03		1.5599135e+03		4.3321458e+03		1.7877348e+03		5.3903105e+02		1.2487038e+03
4.6700000e+02		4.6800000e+02		4.6750000e+02		1.4997486e+03		1.5743753e+03		4.3707012e+03		1.8025469e+03		5.3985991e+02		1.2626870e+03
4.6800000e+02		4.6900000e+02		4.6850000e+02		1.4665907e+03		1.5389922e+03		4.2709150e+03		1.7603286e+03		5.2368768e+02		1.2366409e+03
4.6900000e+02		4.7000000e+02		4.6950000e+02		1.5086728e+03		1.5825653e+03		4.3902493e+03		1.8084282e+03		5.3439742e+02		1.2740308e+03
4.7000000e+02		4.7100000e+02		4.7050000e+02		1.4256243e+03		1.4949001e+03		4.1455685e+03		1.7066221e+03		5.0093950e+02		1.2056826e+03
4.7100000e+02		4.7200000e+02		4.7150000e+02		1.4904926e+03		1.5623518e+03		4.3310823e+03		1.7819387e+03		5.1954835e+02		1.2623904e+03
4.7200000e+02		4.7300000e+02		4.7250000e+02		1.5269264e+03		1.5999647e+03		4.4337891e+03		1.8231244e+03		5.2800163e+02		1.2951228e+03
4.7300000e+02		4.7400000e+02		4.7350000e+02		1.4995420e+03		1.5707085e+03		4.3511951e+03		1.7881199e+03		5.1440107e+02		1.2737189e+03
4.7400000e+02		4.7500000e+02		4.7450000e+02		1.5448084e+03		1.6175496e+03		4.4794037e+03		1.8397422e+03		5.2571334e+02		1.3140288e+03
4.7500000e+02		4.7600000e+02		4.7550000e+02		1.5413846e+03		1.6133974e+03		4.4663719e+03		1.8333364e+03		5.2038121e+02		1.3129552e+03
4.7600000e+02		4.7700000e+02		4.7650000e+02		1.4853490e+03		1.5542024e+03		4.3010380e+03		1.7644644e+03		4.9748546e+02		1.2669790e+03
4.7700000e+02		4.7800000e+02		4.7750000e+02		1.5508368e+03		1.6221656e+03		4.4876022e+03		1.8399591e+03		5.1530501e+02		1.3246541e+03
4.7800000e+02		4.7900000e+02		4.7850000e+02		1.5358791e+03		1.6059701e+03		4.4413126e+03		1.8199571e+03		5.0629864e+02		1.3136585e+03
4.7900000e+02		4.8000000e+02		4.7950000e+02		1.5403519e+03		1.6101006e+03		4.4512590e+03		1.8230159e+03		5.0376296e+02		1.3192530e+03
4.8000000e+02		4.8100000e+02		4.8050000e+02		1.5442750e+03		1.6136586e+03		4.4596284e+03		1.8254328e+03		5.0106328e+02		1.3243695e+03
4.8100000e+02		4.8200000e+02		4.8150000e+02		1.5475498e+03		1.6165415e+03		4.4661394e+03		1.8270937e+03		4.9817200e+02		1.3289217e+03
4.8200000e+02		4.8300000e+02		4.8250000e+02		1.5416562e+03		1.6098530e+03		4.4462233e+03		1.8179542e+03		4.9237280e+02		1.3255814e+03
4.8300000e+02		4.8400000e+02		4.8350000e+02		1.5183412e+03		1.5849873e+03		4.3761445e+03		1.7883323e+03		4.8111937e+02		1.3072129e+03
4.8400000e+02		4.8500000e+02		4.8450000e+02		1.4920771e+03		1.5570647e+03		4.2976844e+03		1.7553257e+03		4.6909065e+02		1.2862351e+03
4.8500000e+02		4.8600000e+02		4.8550000e+02		1.4021236e+03		1.4627223e+03		4.0360166e+03		1.6475724e+03		4.3735990e+02		1.2102125e+03
4.8600000e+02		4.8700000e+02		4.8650000e+02		1.2173217e+03		1.2695283e+03		3.5018519e+03		1.4287605e+03		3.7674742e+02		1.0520131e+03
4.8700000e+02		4.8800000e+02		4.8750000e+02		1.3927585e+03		1.4520296e+03		4.0040212e+03		1.6327881e+03		4.2767917e+02		1.2051089e+03
4.8800000e+02		4.8900000e+02		4.8850000e+02		1.4651201e+03		1.5269918e+03		4.2094394e+03		1.7156600e+03		4.4639362e+02		1.2692664e+03
4.8900000e+02		4.9000000e+02		4.8950000e+02		1.4372192e+03		1.4974472e+03		4.1267376e+03		1.6810824e+03		4.3448555e+02		1.2465968e+03
4.9000000e+02		4.9100000e+02		4.9050000e+02		1.5307557e+03		1.5944121e+03		4.3926322e+03		1.7884790e+03		4.5916725e+02		1.3293118e+03
4.9100000e+02		4.9200000e+02		4.9150000e+02		1.4425606e+03		1.5020906e+03		4.1370466e+03		1.6835575e+03		4.2935535e+02		1.2542022e+03
4.9200000e+02		4.9300000e+02		4.9250000e+02		1.3729411e+03		1.4291654e+03		3.9350287e+03		1.6005367e+03		4.0546897e+02		1.1950678e+03
4.9300000e+02		4.9400000e+02		4.9350000e+02		1.4509629e+03		1.5099291e+03		4.1561786e+03		1.6896384e+03		4.2519684e+02		1.2644416e+03
4.9400000e+02		4.9500000e+02		4.9450000e+02		1.4929449e+03		1.5531551e+03		4.2739142e+03		1.7366361e+03		4.3412082e+02		1.3025153e+03
4.9500000e+02		4.9600000e+02		4.9550000e+02		1.4663156e+03		1.5250020e+03		4.1952301e+03		1.7038208e+03		4.2308975e+02		1.2807310e+03
4.9600000e+02		4.9700000e+02		4.9650000e+02		1.4846220e+03		1.5435897e+03		4.2451469e+03		1.7232470e+03		4.2507373e+02		1.2981733e+03
4.9700000e+02		4.9800000e+02		4.9750000e+02		1.5123203e+03		1.5719325e+03		4.3218657e+03		1.7535348e+03		4.2967549e+02		1.3238593e+03
4.9800000e+02		4.9900000e+02		4.9850000e+02		1.3744029e+03		1.4281684e+03		3.9254943e+03		1.5919424e+03		3.8749347e+02		1.2044489e+03
4.9900000e+02		5.0000000e+02		4.9950000e+02		1.4721832e+03		1.5293381e+03		4.2023969e+03		1.7034191e+03		4.1188009e+02		1.2915390e+03
