Left Bin Edge (nm)	Right Bin Edge (nm)	Bin Center (nm)		Top of Atm Intensity (erg/s/nm/cm2)		Total Surface Flux (erg/s/nm/cm2)		Total Intensity at BOA (erg/s/nm/cm2)		Total Surface Intensity (erg/s/nm/cm2)		Total Surface Diffuse Intensity (erg/s/nm/cm2)		Total Surface Direct Intensity (erg/s/nm/cm2)
1.0000000e+02		1.0100000e+02		1.0050000e+02		4.4569042e-02		2.4525374e-199		0.0000000e+00		4.2479194e-199		4.2479194e-199		0.0000000e+00
1.0100000e+02		1.0200000e+02		1.0150000e+02		1.7387199e-01		2.8780738e-197		0.0000000e+00		4.9849701e-197		4.9849701e-197		0.0000000e+00
1.0200000e+02		1.0300000e+02		1.0250000e+02		9.2286085e-01		3.0760917e-195		0.0000000e+00		5.3279471e-195		5.3279471e-195		0.0000000e+00
1.0300000e+02		1.0400000e+02		1.0350000e+02		7.0094286e-01		3.0025219e-193		0.0000000e+00		5.2005205e-193		5.2005205e-193		0.0000000e+00
1.0400000e+02		1.0500000e+02		1.0450000e+02		1.4124828e-01		2.6834655e-191		0.0000000e+00		4.6478986e-191		4.6478986e-191		0.0000000e+00
1.0500000e+02		1.0600000e+02		1.0550000e+02		4.8389941e-02		2.2015022e-189		0.0000000e+00		3.8131136e-189		3.8131136e-189		0.0000000e+00
1.0600000e+02		1.0700000e+02		1.0650000e+02		4.5487167e-02		1.6618998e-187		0.0000000e+00		2.8784949e-187		2.8784949e-187		0.0000000e+00
1.0700000e+02		1.0800000e+02		1.0750000e+02		5.0757295e-02		1.1570799e-185		0.0000000e+00		2.0041212e-185		2.0041212e-185		0.0000000e+00
1.0800000e+02		1.0900000e+02		1.0850000e+02		7.1152114e-02		7.4462175e-184		0.0000000e+00		1.2897227e-183		1.2897227e-183		0.0000000e+00
1.0900000e+02		1.1000000e+02		1.0950000e+02		5.5817450e-02		5.3213480e-32		6.7662930e-30		9.2168450e-32		9.2168450e-32		4.8826044e-69
1.1000000e+02		1.1100000e+02		1.1050000e+02		5.4043772e-02		1.6690992e-50		2.3108286e-47		2.8909645e-50		2.8909645e-50		1.0660534e-72
1.1100000e+02		1.1200000e+02		1.1150000e+02		5.0797691e-02		9.0934583e-34		1.4405610e-31		1.5750332e-33		1.5750332e-33		4.5522676e-64
1.1200000e+02		1.1300000e+02		1.1250000e+02		5.1969037e-02		7.4378912e-58		2.6936755e-54		1.2882806e-57		1.2882806e-57		3.6687897e-71
1.1300000e+02		1.1400000e+02		1.1350000e+02		4.1221387e-02		1.3032249e-71		2.9410985e-67		2.2572017e-71		2.2571333e-71		6.8378285e-76
1.1400000e+02		1.1500000e+02		1.1450000e+02		3.1562600e-02		7.8078577e-22		2.5990413e-20		1.3523606e-21		1.3523606e-21		1.2539373e-53
1.1500000e+02		1.1600000e+02		1.1550000e+02		4.3552050e-02		5.5268919e-86		6.7237301e-81		8.4970507e-86		7.0274710e-86		1.4695797e-86
1.1600000e+02		1.1700000e+02		1.1650000e+02		1.0143732e-01		2.3629386e-61		1.4824237e-57		4.0925875e-61		4.0923932e-61		1.9430287e-65
1.1700000e+02		1.1800000e+02		1.1750000e+02		3.6108525e-01		4.9060987e-62		3.7559935e-58		8.4753283e-62		8.4448878e-62		3.0440490e-64
1.1800000e+02		1.1900000e+02		1.1850000e+02		1.2283927e-01		1.2246005e-17		2.5595334e-16		2.1210703e-17		2.1210703e-17		3.2204673e-44
1.1900000e+02		1.2000000e+02		1.1950000e+02		1.7115732e-01		2.6257941e-48		3.0315340e-45		4.5480075e-48		4.5480057e-48		1.8353078e-54
1.2000000e+02		1.2100000e+02		1.2050000e+02		9.3056497e-01		1.6455766e-164		0.0000000e+00		2.8502223e-164		2.8502223e-164		5.9522171e-240
1.2100000e+02		1.2200000e+02		1.2150000e+02		3.6941242e+01		4.4177254e-29		5.5440383e-27		7.6517248e-29		7.6517248e-29		8.9224305e-42
1.2200000e+02		1.2300000e+02		1.2250000e+02		2.4773856e-01		2.3688303e-29		2.3230159e-27		4.1029344e-29		4.1029344e-29		7.1490385e-42
1.2300000e+02		1.2400000e+02		1.2350000e+02		1.3344721e-01		2.9750011e-37		7.9858687e-35		5.1528529e-37		5.1528526e-37		2.5383769e-44
1.2400000e+02		1.2500000e+02		1.2450000e+02		1.0726631e-01		6.8105387e-159		1.7660808e-159		1.1796199e-158		1.1796199e-158		1.3988133e-270
1.2500000e+02		1.2600000e+02		1.2550000e+02		1.0471361e-01		1.3033005e-50		1.8396464e-47		2.1003270e-50		1.8857851e-50		2.1454189e-51
1.2600000e+02		1.2700000e+02		1.2650000e+02		1.4644878e-01		3.0040991e-26		1.9187709e-24		5.2032523e-26		5.2032523e-26		3.3543717e-36
1.2700000e+02		1.2800000e+02		1.2750000e+02		7.6659940e-02		2.4761282e-18		5.4568615e-17		4.2887798e-18		4.2887798e-18		2.5027500e-32
1.2800000e+02		1.2900000e+02		1.2850000e+02		6.1165494e-02		5.5633987e-34		9.5560120e-32		9.6358202e-34		9.6354527e-34		3.6744320e-38
1.2900000e+02		1.3000000e+02		1.2950000e+02		8.1594975e-02		1.0754831e-38		3.5700099e-36		1.8360135e-38		1.7994343e-38		3.6579181e-40
1.3000000e+02		1.3100000e+02		1.3050000e+02		6.7007791e-01		1.2748453e-30		1.6254690e-28		2.2079491e-30		2.2077475e-30		2.0168467e-34
1.3100000e+02		1.3200000e+02		1.3150000e+02		9.0731094e-02		4.5868872e-42		2.0367994e-39		7.1704105e-42		6.1126819e-42		1.0577287e-42
1.3200000e+02		1.3300000e+02		1.3250000e+02		7.0547730e-02		4.4381022e-66		3.5290146e-62		5.7138290e-66		3.0184020e-66		2.6954270e-66
1.3300000e+02		1.3400000e+02		1.3350000e+02		9.5357088e-01		2.3729402e-76		7.8902419e-72		2.9071649e-76		1.2639892e-76		1.6431758e-76
1.3400000e+02		1.3500000e+02		1.3450000e+02		6.5246966e-02		3.2480802e-102		2.5057542e-96		3.7534575e-102		1.1957355e-102		2.5577220e-102
1.3500000e+02		1.3600000e+02		1.3550000e+02		1.3692679e-01		3.5973210e-145		1.1285830e-145		6.2307428e-145		6.2307428e-145		3.7420498e-194
1.3600000e+02		1.3700000e+02		1.3650000e+02		8.9861989e-02		4.9515399e-144		1.3999317e-144		8.5763187e-144		8.5763187e-144		1.8260465e-259
1.3700000e+02		1.3800000e+02		1.3750000e+02		9.2282630e-02		6.5514751e-143		1.7091450e-143		1.1347488e-142		1.1347488e-142		0.0000000e+00
1.3800000e+02		1.3900000e+02		1.3850000e+02		9.4180145e-02		8.3343995e-142		2.1451930e-142		1.4435603e-141		1.4435603e-141		0.0000000e+00
1.3900000e+02		1.4000000e+02		1.3950000e+02		3.1801144e-01		1.0216087e-140		2.6410693e-141		1.7694781e-140		1.7694781e-140		0.0000000e+00
1.4000000e+02		1.4100000e+02		1.4050000e+02		2.7729440e-01		1.2079998e-139		3.1447555e-140		2.0923171e-139		2.0923171e-139		0.0000000e+00
1.4100000e+02		1.4200000e+02		1.4150000e+02		1.3359910e-01		1.3789342e-138		3.6270701e-139		2.3883842e-138		2.3883842e-138		0.0000000e+00
1.4200000e+02		1.4300000e+02		1.4250000e+02		1.4479671e-01		1.5208159e-137		4.0397789e-138		2.6341303e-137		2.6341303e-137		0.0000000e+00
1.4300000e+02		1.4400000e+02		1.4350000e+02		1.6064305e-01		1.6215699e-136		4.3653009e-137		2.8086415e-136		2.8086415e-136		0.0000000e+00
1.4400000e+02		1.4500000e+02		1.4450000e+02		1.5363637e-01		1.6729566e-135		4.5549321e-136		2.8976459e-135		2.8976459e-135		0.0000000e+00
1.4500000e+02		1.4600000e+02		1.4550000e+02		1.6382583e-01		1.6708691e-134		4.6234908e-135		2.8940302e-134		2.8940302e-134		0.0000000e+00
1.4600000e+02		1.4700000e+02		1.4650000e+02		1.9977093e-01		1.6168247e-133		4.5419382e-134		2.8004226e-133		2.8004226e-133		0.0000000e+00
1.4700000e+02		1.4800000e+02		1.4750000e+02		2.4643334e-01		1.5166248e-132		4.3379136e-133		2.6268713e-132		2.6268713e-132		0.0000000e+00
1.4800000e+02		1.4900000e+02		1.4850000e+02		2.4167300e-01		1.3799839e-131		4.0252516e-132		2.3902022e-131		2.3902022e-131		1.6304166e-322
1.4900000e+02		1.5000000e+02		1.4950000e+02		2.1832777e-01		1.2187334e-130		3.6323482e-131		2.1109082e-130		2.1109082e-130		1.5142669e-307
1.5000000e+02		1.5100000e+02		1.5050000e+02		2.4023073e-01		1.0452068e-129		3.1971950e-130		1.8103514e-129		1.8103514e-129		3.8078725e-288
1.5100000e+02		1.5200000e+02		1.5150000e+02		2.5258505e-01		8.7115744e-129		2.7284210e-129		1.5088890e-128		1.5088890e-128		1.9643484e-272
1.5200000e+02		1.5300000e+02		1.5250000e+02		3.2229547e-01		7.0582717e-128		2.2790326e-128		1.2225285e-127		1.2225285e-127		5.5927951e-251
1.5300000e+02		1.5400000e+02		1.5350000e+02		3.5701286e-01		5.5628890e-127		1.8562188e-127		9.6352064e-127		9.6352064e-127		1.8076972e-229
1.5400000e+02		1.5500000e+02		1.5450000e+02		9.5486931e-01		4.2675354e-126		1.4707993e-126		7.3915881e-126		7.3915881e-126		4.6966024e-210
1.5500000e+02		1.5600000e+02		1.5550000e+02		7.8587524e-01		3.1883711e-125		1.1335222e-125		5.5224207e-125		5.5224207e-125		8.7864364e-194
1.5600000e+02		1.5700000e+02		1.5650000e+02		4.6648084e-01		2.3201393e-124		8.5765279e-125		4.0185991e-124		4.0185991e-124		1.8568146e-174
1.5700000e+02		1.5800000e+02		1.5750000e+02		4.2309893e-01		1.6458454e-123		6.3180408e-124		2.8506878e-123		2.8506878e-123		6.6198630e-158
1.5800000e+02		1.5900000e+02		1.5850000e+02		3.9008072e-01		1.1382006e-122		5.0622002e-123		1.9714212e-122		1.9714212e-122		2.6336882e-140
1.5900000e+02		1.6000000e+02		1.5950000e+02		3.8042347e-01		7.6843870e-122		3.2877857e-116		1.3306445e-121		1.3301932e-121		4.5132643e-125
1.6000000e+02		1.6100000e+02		1.6050000e+02		4.1635449e-01		1.0625034e-111		2.8889575e-105		1.1195406e-111		1.3495150e-112		9.8458911e-112
1.6100000e+02		1.6200000e+02		1.6150000e+02		4.7164413e-01		6.4150496e-99		3.3802081e-93		6.7939805e-99		8.9656008e-100		5.8974204e-99
1.6200000e+02		1.6300000e+02		1.6250000e+02		5.2241459e-01		1.2330507e-85		1.1801462e-80		1.3152152e-85		1.9440334e-86		1.1208119e-85
1.6300000e+02		1.6400000e+02		1.6350000e+02		1.1072121e+00		1.8010892e-74		4.2714189e-70		1.9354228e-74		3.1783670e-75		1.6175861e-74
1.6400000e+02		1.6500000e+02		1.6450000e+02		1.1323318e+00		3.9112306e-64		2.4592432e-60		4.2428582e-64		7.8463933e-65		3.4582188e-64
1.6500000e+02		1.6600000e+02		1.6550000e+02		1.3255566e+00		2.1335787e-54		3.8807699e-51		2.3427201e-54		4.9483390e-55		1.8478862e-54
1.6600000e+02		1.6700000e+02		1.6650000e+02		6.2522883e-01		6.2526913e-47		4.1954876e-44		6.9557460e-47		1.6634453e-47		5.2923007e-47
1.6700000e+02		1.6800000e+02		1.6750000e+02		6.6723830e-01		3.5705397e-40		1.0159790e-37		4.0326694e-40		1.0934106e-40		2.9392588e-40
1.6800000e+02		1.6900000e+02		1.6850000e+02		7.1904320e-01		1.9037642e-34		2.6303140e-32		2.1874835e-34		6.7128686e-35		1.5161966e-34
1.6900000e+02		1.7000000e+02		1.6950000e+02		9.0554889e-01		8.0793369e-29		5.5683701e-27		9.5057315e-29		3.3748858e-29		6.1308457e-29
1.7000000e+02		1.7100000e+02		1.7050000e+02		1.0161854e+00		1.5462158e-24		6.2931213e-23		1.8646601e-24		7.5344718e-25		1.1112129e-24
1.7100000e+02		1.7200000e+02		1.7150000e+02		1.0130704e+00		8.6110883e-21		2.2153652e-19		1.0705081e-20		4.9544407e-21		5.7506406e-21
1.7200000e+02		1.7300000e+02		1.7250000e+02		1.0571150e+00		8.7695077e-18		1.5777803e-16		1.1267244e-17		5.9097065e-18		5.3575371e-18
1.7300000e+02		1.7400000e+02		1.7350000e+02		1.0479596e+00		4.4614751e-15		5.8744464e-14		5.9762427e-15		3.5839786e-15		2.3922640e-15
1.7400000e+02		1.7500000e+02		1.7450000e+02		1.2530722e+00		1.1122263e-12		1.1391369e-11		1.5657619e-12		1.0730768e-12		4.9268515e-13
1.7500000e+02		1.7600000e+02		1.7550000e+02		1.4954862e+00		1.0792762e-10		9.1511242e-10		1.6052617e-10		1.2444951e-10		3.6076664e-11
1.7600000e+02		1.7700000e+02		1.7650000e+02		1.6135596e+00		5.7598822e-09		4.1906326e-08		9.0931463e-09		7.8865875e-09		1.2065588e-09
1.7700000e+02		1.7800000e+02		1.7750000e+02		1.9010195e+00		6.0443909e-07		3.6502955e-06		1.0147282e-06		9.7075442e-07		4.3973763e-08
1.7800000e+02		1.7900000e+02		1.7850000e+02		2.0776624e+00		2.1655713e-04		9.8599747e-04		3.7401151e-04		3.7254105e-04		1.4704548e-06
1.7900000e+02		1.8000000e+02		1.7950000e+02		2.0198657e+00		2.3718196e-07		1.4700757e-06		3.8701891e-07		3.5451802e-07		3.2500888e-08
1.8000000e+02		1.8100000e+02		1.8050000e+02		2.4976225e+00		1.4145942e-04		6.6186287e-04		2.4346178e-04		2.4134017e-04		2.1216125e-06
1.8100000e+02		1.8200000e+02		1.8150000e+02		3.0410490e+00		4.4096897e-03		1.7869040e-02		7.6275744e-03		7.6135969e-03		1.3977478e-05
1.8200000e+02		1.8300000e+02		1.8250000e+02		2.8073836e+00		1.5132698e-02		5.8390372e-02		2.6191039e-02		2.6164315e-02		2.6723982e-05
1.8300000e+02		1.8400000e+02		1.8350000e+02		2.9562417e+00		7.8626815e-03		3.1094618e-02		1.3598312e-02		1.3570647e-02		2.7664993e-05
1.8400000e+02		1.8500000e+02		1.8450000e+02		2.5409769e+00		7.0640416e-02		2.5908460e-01		1.2230489e-01		1.2223946e-01		6.5433443e-05
1.8500000e+02		1.8600000e+02		1.8550000e+02		2.8735562e+00		3.8976416e-01		1.3801020e+00		6.7499160e-01		6.7485537e-01		1.3623485e-04
1.8600000e+02		1.8700000e+02		1.8650000e+02		3.2604304e+00		1.8262163e-01		6.5775080e-01		3.1619206e-01		3.1603102e-01		1.6103787e-04
1.8700000e+02		1.8800000e+02		1.8750000e+02		3.6946466e+00		1.3101456e+00		4.5688111e+00		2.2689986e+00		2.2686705e+00		3.2811290e-04
1.8800000e+02		1.8900000e+02		1.8850000e+02		3.8870616e+00		3.8119906e-01		1.3555392e+00		6.6000607e-01		6.5966448e-01		3.4159466e-04
1.8900000e+02		1.9000000e+02		1.8950000e+02		4.3106081e+00		2.8932222e+00		1.0012478e+01		5.0107349e+00		5.0100888e+00		6.4608441e-04
1.9000000e+02		1.9100000e+02		1.9050000e+02		4.4384288e+00		1.3605442e+00		4.7456713e+00		2.3559890e+00		2.3552477e+00		7.4136764e-04
1.9100000e+02		1.9200000e+02		1.9150000e+02		4.8094361e+00		3.9777226e+00		1.3728536e+01		6.8887973e+00		6.8876766e+00		1.1206851e-03
1.9200000e+02		1.9300000e+02		1.9250000e+02		5.0365493e+00		3.4266975e+00		1.1839897e+01		5.9341861e+00		5.9327817e+00		1.4043965e-03
1.9300000e+02		1.9400000e+02		1.9350000e+02		3.8447944e+00		3.5178948e+00		1.2121038e+01		6.0921893e+00		6.0908461e+00		1.3431997e-03
1.9400000e+02		1.9500000e+02		1.9450000e+02		6.1679797e+00		5.6720896e+00		1.9533793e+01		9.8224414e+00		9.8198379e+00		2.6035401e-03
1.9500000e+02		1.9600000e+02		1.9550000e+02		5.9528271e+00		5.6477717e+00		1.9437061e+01		9.7800117e+00		9.7769849e+00		3.0267737e-03
1.9600000e+02		1.9700000e+02		1.9650000e+02		6.5508102e+00		6.2894775e+00		2.1633871e+01		1.0890763e+01		1.0886758e+01		4.0050073e-03
1.9700000e+02		1.9800000e+02		1.9750000e+02		6.5190955e+00		6.3132751e+00		2.1704970e+01		1.0931445e+01		1.0926708e+01		4.7371495e-03
1.9800000e+02		1.9900000e+02		1.9850000e+02		6.3883794e+00		6.2388468e+00		2.1438547e+01		1.0801978e+01		1.0796484e+01		5.4939328e-03
1.9900000e+02		2.0000000e+02		1.9950000e+02		6.7274707e+00		6.6237265e+00		2.2750030e+01		1.1467642e+01		1.1460826e+01		6.8153940e-03
2.0000000e+02		2.0100000e+02		2.0050000e+02		7.1125146e+00		7.0579971e+00		2.4229954e+01		1.2218630e+01		1.2210190e+01		8.4408576e-03
2.0100000e+02		2.0200000e+02		2.0150000e+02		7.5701275e+00		7.5695533e+00		2.5973704e+01		1.3103179e+01		1.3092698e+01		1.0480320e-02
2.0200000e+02		2.0300000e+02		2.0250000e+02		7.4828608e+00		7.5376275e+00		2.5851887e+01		1.3046748e+01		1.3034719e+01		1.2028992e-02
2.0300000e+02		2.0400000e+02		2.0350000e+02		8.0092047e+00		8.1255606e+00		2.7855165e+01		1.4062987e+01		1.4048103e+01		1.4884620e-02
2.0400000e+02		2.0500000e+02		2.0450000e+02		8.6207445e+00		8.8066182e+00		3.0175651e+01		1.5240007e+01		1.5221560e+01		1.8446211e-02
2.0500000e+02		2.0600000e+02		2.0550000e+02		8.6400754e+00		8.8856302e+00		3.0432016e+01		1.5374842e+01		1.5353641e+01		2.1201530e-02
2.0600000e+02		2.0700000e+02		2.0650000e+02		8.6510225e+00		8.9547433e+00		3.0654216e+01		1.5492317e+01		1.5468066e+01		2.4251262e-02
2.0700000e+02		2.0800000e+02		2.0750000e+02		9.3957826e+00		9.7869019e+00		3.3486987e+01		1.6929466e+01		1.6899488e+01		2.9978196e-02
2.0800000e+02		2.0900000e+02		2.0850000e+02		1.0163489e+01		1.0651137e+01		3.6426665e+01		1.8421389e+01		1.8384613e+01		3.6776043e-02
2.0900000e+02		2.1000000e+02		2.0950000e+02		1.3129215e+01		1.3840429e+01		4.7311212e+01		2.3933022e+01		2.3879330e+01		5.3691432e-02
2.1000000e+02		2.1100000e+02		2.1050000e+02		1.6183343e+01		1.7157575e+01		5.8621870e+01		2.9663221e+01		2.9588675e+01		7.4545958e-02
2.1100000e+02		2.1200000e+02		2.1150000e+02		1.8424170e+01		1.9641469e+01		6.7075636e+01		3.3950269e+01		3.3854984e+01		9.5285358e-02
2.1200000e+02		2.1300000e+02		2.1250000e+02		1.6428561e+01		1.7607899e+01		6.0101176e+01		3.0428162e+01		3.0333067e+01		9.5094929e-02
2.1300000e+02		2.1400000e+02		2.1350000e+02		1.6737981e+01		1.8032619e+01		6.1519966e+01		3.1154272e+01		3.1046162e+01		1.0810933e-01
2.1400000e+02		2.1500000e+02		2.1450000e+02		2.1432541e+01		2.3206246e+01		7.9129961e+01		4.0081650e+01		3.9927636e+01		1.5401436e-01
2.1500000e+02		2.1600000e+02		2.1550000e+02		1.8408135e+01		2.0028398e+01		6.8258660e+01		3.4582771e+01		3.4436016e+01		1.4675480e-01
2.1600000e+02		2.1700000e+02		2.1650000e+02		1.7036901e+01		1.8623606e+01		6.3437671e+01		3.2147026e+01		3.1996755e+01		1.5027105e-01
2.1700000e+02		2.1800000e+02		2.1750000e+02		1.7640866e+01		1.9371494e+01		6.5949979e+01		3.3426724e+01		3.3255031e+01		1.7169243e-01
2.1800000e+02		2.1900000e+02		2.1850000e+02		2.3730294e+01		2.6172868e+01		8.9056768e+01		4.5146655e+01		4.4892463e+01		2.5419202e-01
2.1900000e+02		2.2000000e+02		2.1950000e+02		2.5052511e+01		2.7748593e+01		9.4366188e+01		4.7846300e+01		4.7551687e+01		2.9461361e-01
2.2000000e+02		2.2100000e+02		2.2050000e+02		2.5203754e+01		2.8030738e+01		9.5272020e+01		4.8313032e+01		4.7988424e+01		3.2460789e-01
2.2100000e+02		2.2200000e+02		2.2150000e+02		2.0176768e+01		2.2528905e+01		7.6528239e+01		3.8813353e+01		3.8529417e+01		2.8393594e-01
2.2200000e+02		2.2300000e+02		2.2250000e+02		2.7154039e+01		3.0435690e+01		1.0332628e+02		5.2411208e+01		5.1994634e+01		4.1657428e-01
2.2300000e+02		2.2400000e+02		2.2350000e+02		3.5163062e+01		3.9558343e+01		1.3421677e+02		6.8087503e+01		6.7500717e+01		5.8678534e-01
2.2400000e+02		2.2500000e+02		2.2450000e+02		3.2875934e+01		3.7117264e+01		1.2585795e+02		6.3853053e+01		6.3257557e+01		5.9549686e-01
2.2500000e+02		2.2600000e+02		2.2550000e+02		2.8720078e+01		3.2536812e+01		1.1025809e+02		5.5942896e+01		5.5379390e+01		5.6350572e-01
2.2600000e+02		2.2700000e+02		2.2650000e+02		2.1037217e+01		2.3911977e+01		8.0979756e+01		4.1090109e+01		4.0643897e+01		4.4621273e-01
2.2700000e+02		2.2800000e+02		2.2750000e+02		2.0463841e+01		2.3334564e+01		7.8973385e+01		4.0073820e+01		3.9605506e+01		4.6831410e-01
2.2800000e+02		2.2900000e+02		2.2850000e+02		2.8509984e+01		3.2609450e+01		1.1029077e+02		5.5966867e+01		5.5264242e+01		7.0262485e-01
2.2900000e+02		2.3000000e+02		2.2950000e+02		2.5620938e+01		2.9391742e+01		9.9341356e+01		5.0411118e+01		4.9732378e+01		6.7874013e-01
2.3000000e+02		2.3100000e+02		2.3050000e+02		2.9055844e+01		3.3427089e+01		1.1290333e+02		5.7292779e+01		5.6466829e+01		8.2594991e-01
2.3100000e+02		2.3200000e+02		2.3150000e+02		2.7387429e+01		3.1593889e+01		1.0663729e+02		5.4111734e+01		5.3277794e+01		8.3393961e-01
2.3200000e+02		2.3300000e+02		2.3250000e+02		2.9413108e+01		3.4019863e+01		1.1474419e+02		5.8222995e+01		5.7265225e+01		9.5776999e-01
2.3300000e+02		2.3400000e+02		2.3350000e+02		2.6543685e+01		3.0778454e+01		1.0373644e+02		5.2634300e+01		5.1711486e+01		9.2281344e-01
2.3400000e+02		2.3500000e+02		2.3450000e+02		2.3194371e+01		2.6959835e+01		9.0799295e+01		4.6066552e+01		4.5206978e+01		8.5957424e-01
2.3500000e+02		2.3600000e+02		2.3550000e+02		3.1223226e+01		3.6376217e+01		1.2242151e+02		6.2103878e+01		6.0872299e+01		1.2315788e+00
2.3600000e+02		2.3700000e+02		2.3650000e+02		2.8911473e+01		3.3757647e+01		1.1352242e+02		5.7582734e+01		5.6370760e+01		1.2119732e+00
2.3700000e+02		2.3800000e+02		2.3750000e+02		3.0878004e+01		3.6130281e+01		1.2140718e+02		6.1573883e+01		6.0200210e+01		1.3736729e+00
2.3800000e+02		2.3900000e+02		2.3850000e+02		2.5598090e+01		3.0012955e+01		1.0077196e+02		5.1100506e+01		4.9893682e+01		1.2068242e+00
2.3900000e+02		2.4000000e+02		2.3950000e+02		2.7890834e+01		3.2764353e+01		1.0992205e+02		5.5730816e+01		5.4339235e+01		1.3915808e+00
2.4000000e+02		2.4100000e+02		2.4050000e+02		2.5623038e+01		3.0155764e+01		1.0108814e+02		5.1242182e+01		4.9891001e+01		1.3511806e+00
2.4100000e+02		2.4200000e+02		2.4150000e+02		3.0005079e+01		3.5374938e+01		1.1848592e+02		6.0048558e+01		5.8378412e+01		1.6701466e+00
2.4200000e+02		2.4300000e+02		2.4250000e+02		4.1301739e+01		4.8774522e+01		1.6322988e+02		8.2705732e+01		8.0282105e+01		2.4236272e+00
2.4300000e+02		2.4400000e+02		2.4350000e+02		3.8791639e+01		4.5882803e+01		1.5342169e+02		7.7716702e+01		7.5319814e+01		2.3968883e+00
2.4400000e+02		2.4500000e+02		2.4450000e+02		3.6329084e+01		4.3034560e+01		1.4377357e+02		7.2809823e+01		7.0449028e+01		2.3607943e+00
2.4500000e+02		2.4600000e+02		2.4550000e+02		2.9476122e+01		3.4966263e+01		1.1671606e+02		5.9090330e+01		5.7078154e+01		2.0121756e+00
2.4600000e+02		2.4700000e+02		2.4650000e+02		2.8685918e+01		3.4074489e+01		1.1363844e+02		5.7514524e+01		5.5459719e+01		2.0548053e+00
2.4700000e+02		2.4800000e+02		2.4750000e+02		3.1678139e+01		3.7676325e+01		1.2553761e+02		6.3516156e+01		6.1137695e+01		2.3784603e+00
2.4800000e+02		2.4900000e+02		2.4850000e+02		2.5406301e+01		3.0252825e+01		1.0071071e+02		5.0937272e+01		4.8939928e+01		1.9973440e+00
2.4900000e+02		2.5000000e+02		2.4950000e+02		3.0967514e+01		3.6915994e+01		1.2277892e+02		6.2076199e+01		5.9529685e+01		2.5465144e+00
2.5000000e+02		2.5100000e+02		2.5050000e+02		3.3448743e+01		3.9915413e+01		1.3263086e+02		6.7031481e+01		6.4157306e+01		2.8741752e+00
2.5100000e+02		2.5200000e+02		2.5150000e+02		2.7888154e+01		3.3312162e+01		1.1058515e+02		5.5867034e+01		5.3365400e+01		2.5016341e+00
2.5200000e+02		2.5300000e+02		2.5250000e+02		2.5069906e+01		2.9972871e+01		9.9404893e+01		5.0197589e+01		4.7852196e+01		2.3453927e+00
2.5300000e+02		2.5400000e+02		2.5350000e+02		3.1592540e+01		3.7802791e+01		1.2525188e+02		6.3221873e+01		6.0142195e+01		3.0796785e+00
2.5400000e+02		2.5500000e+02		2.5450000e+02		3.5730773e+01		4.2787531e+01		1.4162965e+02		7.1455741e+01		6.7829714e+01		3.6260269e+00
2.5500000e+02		2.5600000e+02		2.5550000e+02		4.8755658e+01		5.8426227e+01		1.9320446e+02		9.7429786e+01		9.2283410e+01		5.1463755e+00
2.5600000e+02		2.5700000e+02		2.5650000e+02		6.2803876e+01		7.5309627e+01		2.4878718e+02		1.2539672e+02		1.1850733e+02		6.8893892e+00
2.5700000e+02		2.5800000e+02		2.5750000e+02		7.8843355e+01		9.4598506e+01		3.1219502e+02		1.5727499e+02		1.4829415e+02		8.9808382e+00
2.5800000e+02		2.5900000e+02		2.5850000e+02		8.2991293e+01		9.9628004e+01		3.2846071e+02		1.6538064e+02		1.5557240e+02		9.8082344e+00
2.5900000e+02		2.6000000e+02		2.5950000e+02		7.0629481e+01		8.4828128e+01		2.7938199e+02		1.4059158e+02		1.3193773e+02		8.6538417e+00
2.6000000e+02		2.6100000e+02		2.6050000e+02		5.7868388e+01		6.9530625e+01		2.2876393e+02		1.1505361e+02		1.0770854e+02		7.3450685e+00
2.6100000e+02		2.6200000e+02		2.6150000e+02		5.9092703e+01		7.1027420e+01		2.3344620e+02		1.1733933e+02		1.0957516e+02		7.7641746e+00
2.6200000e+02		2.6300000e+02		2.6250000e+02		7.0528613e+01		8.4799280e+01		2.7841902e+02		1.3985955e+02		1.3027399e+02		9.5855596e+00
2.6300000e+02		2.6400000e+02		2.6350000e+02		1.0614195e+02		1.2765163e+02		4.1867378e+02		2.1018312e+02		1.9527161e+02		1.4911510e+01
2.6400000e+02		2.6500000e+02		2.6450000e+02		1.6548208e+02		1.9905870e+02		6.5218396e+02		3.2720019e+02		3.0318603e+02		2.4014168e+01
2.6500000e+02		2.6600000e+02		2.6550000e+02		1.7356948e+02		2.0882069e+02		6.8343778e+02		3.4265447e+02		3.1665413e+02		2.6000341e+01
2.6600000e+02		2.6700000e+02		2.6650000e+02		1.6826276e+02		2.0245932e+02		6.6190682e+02		3.3163547e+02		3.0563404e+02		2.6001431e+01
2.6700000e+02		2.6800000e+02		2.6750000e+02		1.6940220e+02		2.0384435e+02		6.6571538e+02		3.3331297e+02		3.0632604e+02		2.6986928e+01
2.6800000e+02		2.6900000e+02		2.6850000e+02		1.6778062e+02		2.0189804e+02		6.5864319e+02		3.2953857e+02		3.0200074e+02		2.7537838e+01
2.6900000e+02		2.7000000e+02		2.6950000e+02		1.5737310e+02		1.8937075e+02		6.1710156e+02		3.0853053e+02		2.8193508e+02		2.6595455e+01
2.7000000e+02		2.7100000e+02		2.7050000e+02		1.8181465e+02		2.1876875e+02		7.1211855e+02		3.5577251e+02		3.2415436e+02		3.1618147e+01
2.7100000e+02		2.7200000e+02		2.7150000e+02		1.5108640e+02		1.8177674e+02		5.9105283e+02		2.9506535e+02		2.6804371e+02		2.7021634e+01
2.7200000e+02		2.7300000e+02		2.7250000e+02		1.2154404e+02		1.4621307e+02		4.7488996e+02		2.3689182e+02		2.1454824e+02		2.2343584e+01
2.7300000e+02		2.7400000e+02		2.7350000e+02		1.2960124e+02		1.5587800e+02		5.0571798e+02		2.5207172e+02		2.2759679e+02		2.4474931e+01
2.7400000e+02		2.7500000e+02		2.7450000e+02		8.9183780e+01		1.0724296e+02		3.4754193e+02		1.7309127e+02		1.5579879e+02		1.7292483e+01
2.7500000e+02		2.7600000e+02		2.7550000e+02		1.1893609e+02		1.4298432e+02		4.6284959e+02		2.3033174e+02		2.0666622e+02		2.3665516e+01
2.7600000e+02		2.7700000e+02		2.7650000e+02		1.6564211e+02		1.9907762e+02		6.4370266e+02		3.2006557e+02		2.8626057e+02		3.3805008e+01
2.7700000e+02		2.7800000e+02		2.7750000e+02		1.5837296e+02		1.9028093e+02		6.1456515e+02		3.0532003e+02		2.7218543e+02		3.3134604e+01
2.7800000e+02		2.7900000e+02		2.7850000e+02		1.0921797e+02		1.3117678e+02		4.2319251e+02		2.1006471e+02		1.8665086e+02		2.3413857e+01
2.7900000e+02		2.8000000e+02		2.7950000e+02		6.1368404e+01		7.3678856e+01		2.3742743e+02		1.1775192e+02		1.0427798e+02		1.3473937e+01
2.8000000e+02		2.8100000e+02		2.8050000e+02		6.7313201e+01		8.0783094e+01		2.6002450e+02		1.2884502e+02		1.1371574e+02		1.5129283e+01
2.8100000e+02		2.8200000e+02		2.8150000e+02		1.3943196e+02		1.6726006e+02		5.3776271e+02		2.6622863e+02		2.3416215e+02		3.2066473e+01
2.8200000e+02		2.8300000e+02		2.8250000e+02		1.8983287e+02		2.2761396e+02		7.3097241e+02		3.6155163e+02		3.1689992e+02		4.4651704e+01
2.8300000e+02		2.8400000e+02		2.8350000e+02		1.9610227e+02		2.3501524e+02		7.5387763e+02		3.7253763e+02		3.2538146e+02		4.7156166e+01
2.8400000e+02		2.8500000e+02		2.8450000e+02		1.4459284e+02		1.7319482e+02		5.5493442e+02		2.7397170e+02		2.3844068e+02		3.5531028e+01
2.8500000e+02		2.8600000e+02		2.8550000e+02		9.2944992e+01		1.1126997e+02		3.5611150e+02		1.7564660e+02		1.5231673e+02		2.3329865e+01
2.8600000e+02		2.8700000e+02		2.8650000e+02		1.9045522e+02		2.2787588e+02		7.2846219e+02		3.5895956e+02		3.1014733e+02		4.8812231e+01
2.8700000e+02		2.8800000e+02		2.8750000e+02		2.2108403e+02		2.6436644e+02		8.4414128e+02		4.1555987e+02		3.5772750e+02		5.7832371e+01
2.8800000e+02		2.8900000e+02		2.8850000e+02		2.1010240e+02		2.5108098e+02		8.0079693e+02		3.9383665e+02		3.3776353e+02		5.6073121e+01
2.8900000e+02		2.9000000e+02		2.8950000e+02		3.1885068e+02		3.8079811e+02		1.2131173e+03		5.9602881e+02		5.0924130e+02		8.6787509e+01
2.9000000e+02		2.9100000e+02		2.9050000e+02		4.1860542e+02		4.9960646e+02		1.5897738e+03		7.8030795e+02		6.6414686e+02		1.1616109e+02
2.9100000e+02		2.9200000e+02		2.9150000e+02		4.0318642e+02		4.8087960e+02		1.5284202e+03		7.4943753e+02		6.3541490e+02		1.1402263e+02
2.9200000e+02		2.9300000e+02		2.9250000e+02		3.5818014e+02		4.2690483e+02		1.3553036e+03		6.6387613e+02		5.6068011e+02		1.0319602e+02
2.9300000e+02		2.9400000e+02		2.9350000e+02		3.7393440e+02		4.4536522e+02		1.4122806e+03		6.9107499e+02		5.8135558e+02		1.0971942e+02
2.9400000e+02		2.9500000e+02		2.9450000e+02		3.4819581e+02		4.1440812e+02		1.3125997e+03		6.4163237e+02		5.3761833e+02		1.0401404e+02
2.9500000e+02		2.9600000e+02		2.9550000e+02		3.7701055e+02		4.4836833e+02		1.4185301e+03		6.9268930e+02		5.7806961e+02		1.1461969e+02
2.9600000e+02		2.9700000e+02		2.9650000e+02		3.4493460e+02		4.0990959e+02		1.2953633e+03		6.3187883e+02		5.2518485e+02		1.0669398e+02
2.9700000e+02		2.9800000e+02		2.9750000e+02		3.5165811e+02		4.1757583e+02		1.3180721e+03		6.4227363e+02		5.3164069e+02		1.1063293e+02
2.9800000e+02		2.9900000e+02		2.9850000e+02		3.0223333e+02		3.5860329e+02		1.1306257e+03		5.5034504e+02		4.5366584e+02		9.6679194e+01
2.9900000e+02		3.0000000e+02		2.9950000e+02		3.4101318e+02		4.0429128e+02		1.2732108e+03		6.1908238e+02		5.0820119e+02		1.1088119e+02
3.0000000e+02		3.0100000e+02		3.0050000e+02		2.7131061e+02		3.2139245e+02		1.0109824e+03		4.9104405e+02		4.0139999e+02		8.9644059e+01
3.0100000e+02		3.0200000e+02		3.0150000e+02		3.1202593e+02		3.6931754e+02		1.1604076e+03		5.6300604e+02		4.5827190e+02		1.0473414e+02
3.0200000e+02		3.0300000e+02		3.0250000e+02		3.2846528e+02		3.8844902e+02		1.2191247e+03		5.9084463e+02		4.7887315e+02		1.1197147e+02
3.0300000e+02		3.0400000e+02		3.0350000e+02		4.2601061e+02		5.0337946e+02		1.5780252e+03		7.6393938e+02		6.1649140e+02		1.4744798e+02
3.0400000e+02		3.0500000e+02		3.0450000e+02		4.0776836e+02		4.8140942e+02		1.5074340e+03		7.2895434e+02		5.8569757e+02		1.4325677e+02
3.0500000e+02		3.0600000e+02		3.0550000e+02		4.1174793e+02		4.8568445e+02		1.5190923e+03		7.3377116e+02		5.8697945e+02		1.4679171e+02
3.0600000e+02		3.0700000e+02		3.0650000e+02		3.9053943e+02		4.6026224e+02		1.4379462e+03		6.9379477e+02		5.5254390e+02		1.4125087e+02
3.0700000e+02		3.0800000e+02		3.0750000e+02		4.3847484e+02		5.1629632e+02		1.6111826e+03		7.7650216e+02		6.1565361e+02		1.6084855e+02
3.0800000e+02		3.0900000e+02		3.0850000e+02		4.3035211e+02		5.0627750e+02		1.5781343e+03		7.5971221e+02		5.9963297e+02		1.6007925e+02
3.0900000e+02		3.1000000e+02		3.0950000e+02		3.4901328e+02		4.1021699e+02		1.2772616e+03		6.1417203e+02		4.8256280e+02		1.3160923e+02
3.1000000e+02		3.1100000e+02		3.1050000e+02		4.3927411e+02		5.1583546e+02		1.6043147e+03		7.7055336e+02		6.0266902e+02		1.6788434e+02
3.1100000e+02		3.1200000e+02		3.1150000e+02		5.2246540e+02		6.1296279e+02		1.9042590e+03		9.1356649e+02		7.1123599e+02		2.0233050e+02
3.1200000e+02		3.1300000e+02		3.1250000e+02		4.6521908e+02		5.4529610e+02		1.6921514e+03		8.1087240e+02		6.2836026e+02		1.8251213e+02
3.1300000e+02		3.1400000e+02		3.1350000e+02		4.9544367e+02		5.8018295e+02		1.7984079e+03		8.6079329e+02		6.6393118e+02		1.9686210e+02
3.1400000e+02		3.1500000e+02		3.1450000e+02		4.6729179e+02		5.4670410e+02		1.6927527e+03		8.0928201e+02		6.2126602e+02		1.8801600e+02
3.1500000e+02		3.1600000e+02		3.1550000e+02		4.5343123e+02		5.2998918e+02		1.6391839e+03		7.8275927e+02		5.9806047e+02		1.8469880e+02
3.1600000e+02		3.1700000e+02		3.1650000e+02		4.4229406e+02		5.1648313e+02		1.5956511e+03		7.6108154e+02		5.7872605e+02		1.8235549e+02
3.1700000e+02		3.1800000e+02		3.1750000e+02		5.6102832e+02		6.5451188e+02		2.0198640e+03		9.6229165e+02		7.2821475e+02		2.3407690e+02
3.1800000e+02		3.1900000e+02		3.1850000e+02		4.6340678e+02		5.4010882e+02		1.6649851e+03		7.9229158e+02		5.9667081e+02		1.9562077e+02
3.1900000e+02		3.2000000e+02		3.1950000e+02		4.9774832e+02		5.7958003e+02		1.7847145e+03		8.4826658e+02		6.3571922e+02		2.1254736e+02
3.2000000e+02		3.2100000e+02		3.2050000e+02		5.7184857e+02		6.6522432e+02		2.0462162e+03		9.7141090e+02		7.2444524e+02		2.4696566e+02
3.2100000e+02		3.2200000e+02		3.2150000e+02		4.8024660e+02		5.5812792e+02		1.7149326e+03		8.1317755e+02		6.0345389e+02		2.0972365e+02
3.2200000e+02		3.2300000e+02		3.2250000e+02		4.8228681e+02		5.5995904e+02		1.7187050e+03		8.1400235e+02		6.0107291e+02		2.1292944e+02
3.2300000e+02		3.2400000e+02		3.2350000e+02		4.6607071e+02		5.4060906e+02		1.6575327e+03		7.8410026e+02		5.7610638e+02		2.0799389e+02
3.2400000e+02		3.2500000e+02		3.2450000e+02		5.4882129e+02		6.3597849e+02		1.9478561e+03		9.2034540e+02		6.7281932e+02		2.4752608e+02
3.2500000e+02		3.2600000e+02		3.2550000e+02		6.3196128e+02		7.3161297e+02		2.2383784e+03		1.0563585e+03		7.6835609e+02		2.8800238e+02
3.2600000e+02		3.2700000e+02		3.2650000e+02		7.1301257e+02		8.2464527e+02		2.5203390e+03		1.1880100e+03		8.5973012e+02		3.2827986e+02
3.2700000e+02		3.2800000e+02		3.2750000e+02		6.8984049e+02		7.9707184e+02		2.4334980e+03		1.1457107e+03		8.2488847e+02		3.2082226e+02
3.2800000e+02		3.2900000e+02		3.2850000e+02		6.6596082e+02		7.6873406e+02		2.3445175e+03		1.1025035e+03		7.8970687e+02		3.1279659e+02
3.2900000e+02		3.3000000e+02		3.2950000e+02		7.7527139e+02		8.9404595e+02		2.7238498e+03		1.2793572e+03		9.1165628e+02		3.6770095e+02
3.3000000e+02		3.3100000e+02		3.3050000e+02		7.3029799e+02		8.4136592e+02		2.5606861e+03		1.2012876e+03		8.5158387e+02		3.4970374e+02
3.3100000e+02		3.3200000e+02		3.3150000e+02		6.9881652e+02		8.0431637e+02		2.4453927e+03		1.1458325e+03		8.0803581e+02		3.3779668e+02
3.3200000e+02		3.3300000e+02		3.3250000e+02		6.8562051e+02		7.8836402e+02		2.3944237e+03		1.1206121e+03		7.8610740e+02		3.3450470e+02
3.3300000e+02		3.3400000e+02		3.3350000e+02		6.5878216e+02		7.5677100e+02		2.2961138e+03		1.0733208e+03		7.4896481e+02		3.2435597e+02
3.3400000e+02		3.3500000e+02		3.3450000e+02		6.9405546e+02		7.9652058e+02		2.4142537e+03		1.1271999e+03		7.8239568e+02		3.4480422e+02
3.3500000e+02		3.3600000e+02		3.3550000e+02		6.8541663e+02		7.8584744e+02		2.3794874e+03		1.1096436e+03		7.6610997e+02		3.4353365e+02
3.3600000e+02		3.3700000e+02		3.3650000e+02		5.6469084e+02		6.4680867e+02		1.9565122e+03		9.1130756e+02		6.2581110e+02		2.8549646e+02
3.3700000e+02		3.3800000e+02		3.3750000e+02		5.9573781e+02		6.8171448e+02		2.0600281e+03		9.5838092e+02		6.5459982e+02		3.0378110e+02
3.3800000e+02		3.3900000e+02		3.3850000e+02		6.4448401e+02		7.3678817e+02		2.2242290e+03		1.0335405e+03		7.0212352e+02		3.3141697e+02
3.3900000e+02		3.4000000e+02		3.3950000e+02		6.7448220e+02		7.7034468e+02		2.3232210e+03		1.0782562e+03		7.2852638e+02		3.4972978e+02
3.4000000e+02		3.4100000e+02		3.4050000e+02		7.1196374e+02		8.1237696e+02		2.4475637e+03		1.1346172e+03		7.6242851e+02		3.7218865e+02
3.4100000e+02		3.4200000e+02		3.4150000e+02		6.4984945e+02		7.4079615e+02		2.2297106e+03		1.0324008e+03		6.8994396e+02		3.4245681e+02
3.4200000e+02		3.4300000e+02		3.4250000e+02		7.0477558e+02		8.0264633e+02		2.4135138e+03		1.1161813e+03		7.4183163e+02		3.7434964e+02
3.4300000e+02		3.4400000e+02		3.4350000e+02		6.9264465e+02		7.8808403e+02		2.3674254e+03		1.0935712e+03		7.2279030e+02		3.7078086e+02
3.4400000e+02		3.4500000e+02		3.4450000e+02		5.5710877e+02		6.3327453e+02		1.9005375e+03		8.7686704e+02		5.7634606e+02		3.0052098e+02
3.4500000e+02		3.4600000e+02		3.4550000e+02		6.7138909e+02		7.6246106e+02		2.2860472e+03		1.0534886e+03		6.8857865e+02		3.6490999e+02
3.4600000e+02		3.4700000e+02		3.4650000e+02		6.5194093e+02		7.3968096e+02		2.2156315e+03		1.0198362e+03		6.6285442e+02		3.5698178e+02
3.4700000e+02		3.4800000e+02		3.4750000e+02		6.4525828e+02		7.3141536e+02		2.1887957e+03		1.0062995e+03		6.5038285e+02		3.5591665e+02
3.4800000e+02		3.4900000e+02		3.4850000e+02		6.6761091e+02		7.5604870e+02		2.2603800e+03		1.0379910e+03		6.6708274e+02		3.7090830e+02
3.4900000e+02		3.5000000e+02		3.4950000e+02		6.3989005e+02		7.2398433e+02		2.1624889e+03		9.9187554e+02		6.3383740e+02		3.5803814e+02
3.5000000e+02		3.5100000e+02		3.5050000e+02		7.6650484e+02		8.6643868e+02		2.5855807e+03		1.1845506e+03		7.5266082e+02		4.3188976e+02
3.5100000e+02		3.5200000e+02		3.5150000e+02		7.1211510e+02		8.0421831e+02		2.3976858e+03		1.0971882e+03		6.9317424e+02		4.0401397e+02
3.5200000e+02		3.5300000e+02		3.5250000e+02		6.5785102e+02		7.4225631e+02		2.2109188e+03		1.0105462e+03		6.3478073e+02		3.7576548e+02
3.5300000e+02		3.5400000e+02		3.5350000e+02		7.5263834e+02		8.4843204e+02		2.5248702e+03		1.1527051e+03		7.1991768e+02		4.3278737e+02
3.5400000e+02		3.5500000e+02		3.5450000e+02		8.0329241e+02		9.0471253e+02		2.6899130e+03		1.2266323e+03		7.6167037e+02		4.6496193e+02
3.5500000e+02		3.5600000e+02		3.5550000e+02		7.5433512e+02		8.4880780e+02		2.5214199e+03		1.1484700e+03		7.0900847e+02		4.3946158e+02
3.5600000e+02		3.5700000e+02		3.5650000e+02		6.5576441e+02		7.3722982e+02		2.1880107e+03		9.9545954e+02		6.1097809e+02		3.8448145e+02
3.5700000e+02		3.5800000e+02		3.5750000e+02		5.7307986e+02		6.4369800e+02		1.9087189e+03		8.6739566e+02		5.2927435e+02		3.3812131e+02
3.5800000e+02		3.5900000e+02		3.5850000e+02		4.9194729e+02		5.5207685e+02		1.6355927e+03		7.4242567e+02		4.5037015e+02		2.9205552e+02
3.5900000e+02		3.6000000e+02		3.5950000e+02		7.1030971e+02		7.9642463e+02		2.3574293e+03		1.0688593e+03		6.4458723e+02		4.2427202e+02
3.6000000e+02		3.6100000e+02		3.6050000e+02		7.0092701e+02		7.8521348e+02		2.3222163e+03		1.0516956e+03		6.3050344e+02		4.2119215e+02
3.6100000e+02		3.6200000e+02		3.6150000e+02		6.5110481e+02		7.2876238e+02		2.1533982e+03		9.7413430e+02		5.8055620e+02		3.9357810e+02
3.6200000e+02		3.6300000e+02		3.6250000e+02		7.3500056e+02		8.2194907e+02		2.4266623e+03		1.0965098e+03		6.4961778e+02		4.4689207e+02
3.6300000e+02		3.6400000e+02		3.6350000e+02		7.1558904e+02		7.9954929e+02		2.3585130e+03		1.0645150e+03		6.2691567e+02		4.3759936e+02
3.6400000e+02		3.6500000e+02		3.6450000e+02		7.4837927e+02		8.3546794e+02		2.4623737e+03		1.1101445e+03		6.4989161e+02		4.6025285e+02
3.6500000e+02		3.6600000e+02		3.6550000e+02		8.5179486e+02		9.5010523e+02		2.7978831e+03		1.2599950e+03		7.3320703e+02		5.2678795e+02
3.6600000e+02		3.6700000e+02		3.6650000e+02		9.1042532e+02		1.0146397e+03		2.9854237e+03		1.3429525e+03		7.7679643e+02		5.6615611e+02
3.6700000e+02		3.6800000e+02		3.6750000e+02		8.7909512e+02		9.7889581e+02		2.8778581e+03		1.2931273e+03		7.4347962e+02		5.4964765e+02
3.6800000e+02		3.6900000e+02		3.6850000e+02		8.1047729e+02		9.0173047e+02		2.6488111e+03		1.1888906e+03		6.7942816e+02		5.0946244e+02
3.6900000e+02		3.7000000e+02		3.6950000e+02		8.9967825e+02		1.0001397e+03		2.9354777e+03		1.3161049e+03		7.4758185e+02		5.6852310e+02
3.7000000e+02		3.7100000e+02		3.7050000e+02		8.4427990e+02		9.3777725e+02		2.7501997e+03		1.2316822e+03		6.9538658e+02		5.3629562e+02
3.7100000e+02		3.7200000e+02		3.7150000e+02		8.7164560e+02		9.6737591e+02		2.8347109e+03		1.2681416e+03		7.1161937e+02		5.5652227e+02
3.7200000e+02		3.7300000e+02		3.7250000e+02		7.2411383e+02		8.0298336e+02		2.3511023e+03		1.0506474e+03		5.8597950e+02		4.6466793e+02
3.7300000e+02		3.7400000e+02		3.7350000e+02		6.3155746e+02		6.9977633e+02		2.0472847e+03		9.1388622e+02		5.0658945e+02		4.0729677e+02
3.7400000e+02		3.7500000e+02		3.7450000e+02		6.4642322e+02		7.1566918e+02		2.0921260e+03		9.3289356e+02		5.1395841e+02		4.1893515e+02
3.7500000e+02		3.7600000e+02		3.7550000e+02		7.4036161e+02		8.1901257e+02		2.3923523e+03		1.0656185e+03		5.8347587e+02		4.8214263e+02
3.7600000e+02		3.7700000e+02		3.7650000e+02		7.6758018e+02		8.4844574e+02		2.4763965e+03		1.1018720e+03		5.9961305e+02		5.0225898e+02
3.7700000e+02		3.7800000e+02		3.7750000e+02		9.0048278e+02		9.9456166e+02		2.9006268e+03		1.2892562e+03		6.9725481e+02		5.9200140e+02
3.7800000e+02		3.7900000e+02		3.7850000e+02		9.3786543e+02		1.0350353e+03		3.0163507e+03		1.3392685e+03		7.1982350e+02		6.1944498e+02
3.7900000e+02		3.8000000e+02		3.7950000e+02		7.6051322e+02		8.3865254e+02		2.4421806e+03		1.0831886e+03		5.7857862e+02		5.0461002e+02
3.8000000e+02		3.8100000e+02		3.8050000e+02		8.2814537e+02		9.1252528e+02		2.6552909e+03		1.1764705e+03		6.2450102e+02		5.5196945e+02
3.8100000e+02		3.8200000e+02		3.8150000e+02		7.4366886e+02		8.1881032e+02		2.3808086e+03		1.0537513e+03		5.5587622e+02		4.9787503e+02
3.8200000e+02		3.8300000e+02		3.8250000e+02		5.3336093e+02		5.8680345e+02		1.7049446e+03		7.5382530e+02		3.9517795e+02		3.5864735e+02
3.8300000e+02		3.8400000e+02		3.8350000e+02		4.7073026e+02		5.1750397e+02		1.5024851e+03		6.6362018e+02		3.4571468e+02		3.1790550e+02
3.8400000e+02		3.8500000e+02		3.8450000e+02		6.2969557e+02		6.9174285e+02		2.0068850e+03		8.8548872e+02		4.5840765e+02		4.2708106e+02
3.8500000e+02		3.8600000e+02		3.8550000e+02		6.6694888e+02		7.3211857e+02		2.1224770e+03		9.3552810e+02		4.8127211e+02		4.5425599e+02
3.8600000e+02		3.8700000e+02		3.8650000e+02		6.6977732e+02		7.3467712e+02		2.1283560e+03		9.3715968e+02		4.7907889e+02		4.5808079e+02
3.8700000e+02		3.8800000e+02		3.8750000e+02		6.6902499e+02		7.3331063e+02		2.1228746e+03		9.3379458e+02		4.7435012e+02		4.5944446e+02
3.8800000e+02		3.8900000e+02		3.8850000e+02		6.7841027e+02		7.4305332e+02		2.1495490e+03		9.4457022e+02		4.7679411e+02		4.6777611e+02
3.8900000e+02		3.9000000e+02		3.8950000e+02		8.1451188e+02		8.9147522e+02		2.5770927e+03		1.1313033e+03		5.6743943e+02		5.6386391e+02
3.9000000e+02		3.9100000e+02		3.9050000e+02		8.5560997e+02		9.3578123e+02		2.7032790e+03		1.1855074e+03		5.9085846e+02		5.9464893e+02
3.9100000e+02		3.9200000e+02		3.9150000e+02		9.2006232e+02		1.0055525e+03		2.9028154e+03		1.2717432e+03		6.2981417e+02		6.4192908e+02
3.9200000e+02		3.9300000e+02		3.9250000e+02		7.0614281e+02		7.7120772e+02		2.2247775e+03		9.7372309e+02		4.7915650e+02		4.9456659e+02
3.9300000e+02		3.9400000e+02		3.9350000e+02		4.3291589e+02		4.7247196e+02		1.3620533e+03		5.9554441e+02		2.9119253e+02		3.0435188e+02
3.9400000e+02		3.9500000e+02		3.9450000e+02		7.1565803e+02		7.8050213e+02		2.2485232e+03		9.8217941e+02		4.7717358e+02		5.0500584e+02
3.9500000e+02		3.9600000e+02		3.9550000e+02		8.7888136e+02		9.5784924e+02		2.7575790e+03		1.2033643e+03		5.8089495e+02		6.2246938e+02
3.9600000e+02		3.9700000e+02		3.9650000e+02		6.0712893e+02		6.6122386e+02		1.9023445e+03		8.2934713e+02		3.9778393e+02		4.3156320e+02
3.9700000e+02		3.9800000e+02		3.9750000e+02		6.8053003e+02		7.4065830e+02		2.1294659e+03		9.2746639e+02		4.4199269e+02		4.8547370e+02
3.9800000e+02		3.9900000e+02		3.9850000e+02		1.0480559e+03		1.1398832e+03		3.2751230e+03		1.4250750e+03		6.7477090e+02		7.5030408e+02
3.9900000e+02		4.0000000e+02		3.9950000e+02		1.1577145e+03		1.2583024e+03		3.6130086e+03		1.5705943e+03		7.3889064e+02		8.3170368e+02
4.0000000e+02		4.0100000e+02		4.0050000e+02		1.1939713e+03		1.2968429e+03		3.7212627e+03		1.6161163e+03		7.5540897e+02		8.6070731e+02
4.0100000e+02		4.0200000e+02		4.0150000e+02		1.2509583e+03		1.3578398e+03		3.8937919e+03		1.6894471e+03		7.8459129e+02		9.0485579e+02
4.0200000e+02		4.0300000e+02		4.0250000e+02		1.2664199e+03		1.3737190e+03		3.9368205e+03		1.7065121e+03		7.8739686e+02		9.1911526e+02
4.0300000e+02		4.0400000e+02		4.0350000e+02		1.2115903e+03		1.3133871e+03		3.7615442e+03		1.6290116e+03		7.4677544e+02		8.8223612e+02
4.0400000e+02		4.0500000e+02		4.0450000e+02		1.1914959e+03		1.2907691e+03		3.6944509e+03		1.5984700e+03		7.2802808e+02		8.7044187e+02
4.0500000e+02		4.0600000e+02		4.0550000e+02		1.1904731e+03		1.2888337e+03		3.6866199e+03		1.5936093e+03		7.2110684e+02		8.7250245e+02
4.0600000e+02		4.0700000e+02		4.0650000e+02		1.1388815e+03		1.2321948e+03		3.5224366e+03		1.5212407e+03		6.8388991e+02		8.3735075e+02
4.0700000e+02		4.0800000e+02		4.0750000e+02		1.1575323e+03		1.2515832e+03		3.5756750e+03		1.5428240e+03		6.8908318e+02		8.5374080e+02
4.0800000e+02		4.0900000e+02		4.0850000e+02		1.2307397e+03		1.3299055e+03		3.7971328e+03		1.6368922e+03		7.2633826e+02		9.1055394e+02
4.0900000e+02		4.1000000e+02		4.0950000e+02		1.2243097e+03		1.3221358e+03		3.7726793e+03		1.6248844e+03		7.1631088e+02		9.0857356e+02
4.1000000e+02		4.1100000e+02		4.1050000e+02		1.1216634e+03		1.2105417e+03		3.4521886e+03		1.4855174e+03		6.5059957e+02		8.3491783e+02
4.1100000e+02		4.1200000e+02		4.1150000e+02		1.3003372e+03		1.4025158e+03		3.9972898e+03		1.7185487e+03		7.4774181e+02		9.7080691e+02
4.1200000e+02		4.1300000e+02		4.1250000e+02		1.2760342e+03		1.3754692e+03		3.9179053e+03		1.6829278e+03		7.2745474e+02		9.5547304e+02
4.1300000e+02		4.1400000e+02		4.1350000e+02		1.2308584e+03		1.3259758e+03		3.7747305e+03		1.6200006e+03		6.9567009e+02		9.2433049e+02
4.1400000e+02		4.1500000e+02		4.1450000e+02		1.2488872e+03		1.3445960e+03		3.8255294e+03		1.6403661e+03		6.9979957e+02		9.4056654e+02
4.1500000e+02		4.1600000e+02		4.1550000e+02		1.2477523e+03		1.3425802e+03		3.8176086e+03		1.6355469e+03		6.9316681e+02		9.4238012e+02
4.1600000e+02		4.1700000e+02		4.1650000e+02		1.2947363e+03		1.3923183e+03		3.9567920e+03		1.6937119e+03		7.1310480e+02		9.8060709e+02
4.1700000e+02		4.1800000e+02		4.1750000e+02		1.1781342e+03		1.2661917e+03		3.5963313e+03		1.5380946e+03		6.4332920e+02		8.9476545e+02
4.1800000e+02		4.1900000e+02		4.1850000e+02		1.2217101e+03		1.3122678e+03		3.7251200e+03		1.5918166e+03		6.6141944e+02		9.3039712e+02
4.1900000e+02		4.2000000e+02		4.1950000e+02		1.2338424e+03		1.3245419e+03		3.7578815e+03		1.6044550e+03		6.6228156e+02		9.4217344e+02
4.2000000e+02		4.2100000e+02		4.2050000e+02		1.2494927e+03		1.3405824e+03		3.8013029e+03		1.6216271e+03		6.6495892e+02		9.5666815e+02
4.2100000e+02		4.2200000e+02		4.2150000e+02		1.2299982e+03		1.3189250e+03		3.7378567e+03		1.5932265e+03		6.4900443e+02		9.4422211e+02
4.2200000e+02		4.2300000e+02		4.2250000e+02		1.1657134e+03		1.2492959e+03		3.5386157e+03		1.5070477e+03		6.0984727e+02		8.9720039e+02
4.2300000e+02		4.2400000e+02		4.2350000e+02		1.2419943e+03		1.3303106e+03		3.7660724e+03		1.6025931e+03		6.4422722e+02		9.5836587e+02
4.2400000e+02		4.2500000e+02		4.2450000e+02		1.2850442e+03		1.3756675e+03		3.8924098e+03		1.6549942e+03		6.6089399e+02		9.9410022e+02
4.2500000e+02		4.2600000e+02		4.2550000e+02		1.2367256e+03		1.3232221e+03		3.7420468e+03		1.5897644e+03		6.3064578e+02		9.5911863e+02
4.2600000e+02		4.2700000e+02		4.2650000e+02		1.2316584e+03		1.3170907e+03		3.7227633e+03		1.5802905e+03		6.2273748e+02		9.5755301e+02
4.2700000e+02		4.2800000e+02		4.2750000e+02		1.1420512e+03		1.2206157e+03		3.4482910e+03		1.4626003e+03		5.7254168e+02		8.9005858e+02
4.2800000e+02		4.2900000e+02		4.2850000e+02		1.1495483e+03		1.2279779e+03		3.4673094e+03		1.4694908e+03		5.7142574e+02		8.9806507e+02
4.2900000e+02		4.3000000e+02		4.2950000e+02		1.0698649e+03		1.1422579e+03		3.2236301e+03		1.3651309e+03		5.2732318e+02		8.3780772e+02
4.3000000e+02		4.3100000e+02		4.3050000e+02		8.6065012e+02		9.1840814e+02		2.5905835e+03		1.0961848e+03		4.2062416e+02		6.7556067e+02
4.3100000e+02		4.3200000e+02		4.3150000e+02		1.0641754e+03		1.1350058e+03		3.1999460e+03		1.3529702e+03		5.1570911e+02		8.3726105e+02
4.3200000e+02		4.3300000e+02		4.3250000e+02		1.1990384e+03		1.2781908e+03		3.6018428e+03		1.5217103e+03		5.7617322e+02		9.4553703e+02
4.3300000e+02		4.3400000e+02		4.3350000e+02		1.3017454e+03		1.3869738e+03		3.9064627e+03		1.6491296e+03		6.2026722e+02		1.0288624e+03
4.3400000e+02		4.3500000e+02		4.3450000e+02		1.1054356e+03		1.1772188e+03		3.3140628e+03		1.3979705e+03		5.2230415e+02		8.7566631e+02
4.3500000e+02		4.3600000e+02		4.3550000e+02		1.2347447e+03		1.3142691e+03		3.6980926e+03		1.5587751e+03		5.7850740e+02		9.8026767e+02
4.3600000e+02		4.3700000e+02		4.3650000e+02		1.3814970e+03		1.4697461e+03		4.1335913e+03		1.7410203e+03		6.4184169e+02		1.0991786e+03
4.3700000e+02		4.3800000e+02		4.3750000e+02		1.2223713e+03		1.2998182e+03		3.6539393e+03		1.5378377e+03		5.6316009e+02		9.7467760e+02
4.3800000e+02		4.3900000e+02		4.3850000e+02		1.1905029e+03		1.2653157e+03		3.5552719e+03		1.4951924e+03		5.4389428e+02		9.5129814e+02
4.3900000e+02		4.4000000e+02		4.3950000e+02		1.3250738e+03		1.4076648e+03		3.9533947e+03		1.6613906e+03		6.0032163e+02		1.0610690e+03
4.4000000e+02		4.4100000e+02		4.4050000e+02		1.2562739e+03		1.3339394e+03		3.7446025e+03		1.5724861e+03		5.6440748e+02		1.0080786e+03
4.4100000e+02		4.4200000e+02		4.4150000e+02		1.3817384e+03		1.4664659e+03		4.1147361e+03		1.7266519e+03		6.1560674e+02		1.1110452e+03
4.4200000e+02		4.4300000e+02		4.4250000e+02		1.4526378e+03		1.5409893e+03		4.3218707e+03		1.8122515e+03		6.4181323e+02		1.1704383e+03
4.4300000e+02		4.4400000e+02		4.4350000e+02		1.4050936e+03		1.4898600e+03		4.1765857e+03		1.7500650e+03		6.1565163e+02		1.1344134e+03
4.4400000e+02		4.4500000e+02		4.4450000e+02		1.4475318e+03		1.5341506e+03		4.2988213e+03		1.7999914e+03		6.2898609e+02		1.1710053e+03
4.4500000e+02		4.4600000e+02		4.4550000e+02		1.3420773e+03		1.4217356e+03		3.9820559e+03		1.6661681e+03		5.7833347e+02		1.0878346e+03
4.4600000e+02		4.4700000e+02		4.4650000e+02		1.3689269e+03		1.4495216e+03		4.0580929e+03		1.6967819e+03		5.8502398e+02		1.1117579e+03
4.4700000e+02		4.4800000e+02		4.4750000e+02		1.4837056e+03		1.5703521e+03		4.3944519e+03		1.8361301e+03		6.2883763e+02		1.2072925e+03
4.4800000e+02		4.4900000e+02		4.4850000e+02		1.4587166e+03		1.5432162e+03		4.3166463e+03		1.8023622e+03		6.1314593e+02		1.1892162e+03
4.4900000e+02		4.5000000e+02		4.4950000e+02		1.4737837e+03		1.5584678e+03		4.3574373e+03		1.8181333e+03		6.1437511e+02		1.2037582e+03
4.5000000e+02		4.5100000e+02		4.5050000e+02		1.5636828e+03		1.6528089e+03		4.6192469e+03		1.9260468e+03		6.4648772e+02		1.2795591e+03
4.5100000e+02		4.5200000e+02		4.5150000e+02		1.5589734e+03		1.6471163e+03		4.6013957e+03		1.9172928e+03		6.3924436e+02		1.2780484e+03
4.5200000e+02		4.5300000e+02		4.5250000e+02		1.4757889e+03		1.5585581e+03		4.3521783e+03		1.8122196e+03		6.0016944e+02		1.2120502e+03
4.5300000e+02		4.5400000e+02		4.5350000e+02		1.4141855e+03		1.4928631e+03		4.1670007e+03		1.7339441e+03		5.7040366e+02		1.1635404e+03
4.5400000e+02		4.5500000e+02		4.5450000e+02		1.5096596e+03		1.5929755e+03		4.4446148e+03		1.8482261e+03		6.0392935e+02		1.2442967e+03
4.5500000e+02		4.5600000e+02		4.5550000e+02		1.4952815e+03		1.5771431e+03		4.3986468e+03		1.8278964e+03		5.9328875e+02		1.2346076e+03
4.5600000e+02		4.5700000e+02		4.5650000e+02		1.5527317e+03		1.6370585e+03		4.5639061e+03		1.8953209e+03		6.1105535e+02		1.2842655e+03
4.5700000e+02		4.5800000e+02		4.5750000e+02		1.5677329e+03		1.6521942e+03		4.6042571e+03		1.9108264e+03		6.1193047e+02		1.2988959e+03
4.5800000e+02		4.5900000e+02		4.5850000e+02		1.4734199e+03		1.5521666e+03		4.3237871e+03		1.7932614e+03		5.7043657e+02		1.2228249e+03
4.5900000e+02		4.6000000e+02		4.5950000e+02		1.5222067e+03		1.6029123e+03		4.4633886e+03		1.8499657e+03		5.8453459e+02		1.2654311e+03
4.6000000e+02		4.6100000e+02		4.6050000e+02		1.5039223e+03		1.5830237e+03		4.4062869e+03		1.8251285e+03		5.7282598e+02		1.2523025e+03
4.6100000e+02		4.6200000e+02		4.6150000e+02		1.5386000e+03		1.6188818e+03		4.5043526e+03		1.8645616e+03		5.8128447e+02		1.2832771e+03
4.6200000e+02		4.6300000e+02		4.6250000e+02		1.5538294e+03		1.6342620e+03		4.5454011e+03		1.8803653e+03		5.8228686e+02		1.2980785e+03
4.6300000e+02		4.6400000e+02		4.6350000e+02		1.5018384e+03		1.5789630e+03		4.3899263e+03		1.8149093e+03		5.5825486e+02		1.2566544e+03
4.6400000e+02		4.6500000e+02		4.6450000e+02		1.5281564e+03		1.6060108e+03		4.4634419e+03		1.8441540e+03		5.6345308e+02		1.2807010e+03
4.6500000e+02		4.6600000e+02		4.6550000e+02		1.4760608e+03		1.5506660e+03		4.3080155e+03		1.7788370e+03		5.3985839e+02		1.2389786e+03
4.6600000e+02		4.6700000e+02		4.6650000e+02		1.4854121e+03		1.5598966e+03		4.3320529e+03		1.7876651e+03		5.3890626e+02		1.2487589e+03
4.6700000e+02		4.6800000e+02		4.6750000e+02		1.4997486e+03		1.5743583e+03		4.3706080e+03		1.8024771e+03		5.3973482e+02		1.2627423e+03
4.6800000e+02		4.6900000e+02		4.6850000e+02		1.4665907e+03		1.5389757e+03		4.2708245e+03		1.7602608e+03		5.2356622e+02		1.2366946e+03
4.6900000e+02		4.7000000e+02		4.6950000e+02		1.5086728e+03		1.5825485e+03		4.3901570e+03		1.8083589e+03		5.3427336e+02		1.2740856e+03
4.7000000e+02		4.7100000e+02		4.7050000e+02		1.4256243e+03		1.4948843e+03		4.1454818e+03		1.7065571e+03		5.0082310e+02		1.2057340e+03
4.7100000e+02		4.7200000e+02		4.7150000e+02		1.4904926e+03		1.5623353e+03		4.3309923e+03		1.7818712e+03		5.1942752e+02		1.2624437e+03
4.7200000e+02		4.7300000e+02		4.7250000e+02		1.5269264e+03		1.5999480e+03		4.4336976e+03		1.8230558e+03		5.2787872e+02		1.2951770e+03
4.7300000e+02		4.7400000e+02		4.7350000e+02		1.4995420e+03		1.5706922e+03		4.3511059e+03		1.7880530e+03		5.1428122e+02		1.2737718e+03
4.7400000e+02		4.7500000e+02		4.7450000e+02		1.5448084e+03		1.6175329e+03		4.4793124e+03		1.8396737e+03		5.2559075e+02		1.3140829e+03
4.7500000e+02		4.7600000e+02		4.7550000e+02		1.5413846e+03		1.6133809e+03		4.4662815e+03		1.8332685e+03		5.2025976e+02		1.3130088e+03
4.7600000e+02		4.7700000e+02		4.7650000e+02		1.4853490e+03		1.5541865e+03		4.3009514e+03		1.7643995e+03		4.9736925e+02		1.2670303e+03
4.7700000e+02		4.7800000e+02		4.7750000e+02		1.5508368e+03		1.6221492e+03		4.4875125e+03		1.8398918e+03		5.1518454e+02		1.3247072e+03
4.7800000e+02		4.7900000e+02		4.7850000e+02		1.5358791e+03		1.6059540e+03		4.4412244e+03		1.8198909e+03		5.0618017e+02		1.3137107e+03
4.7900000e+02		4.8000000e+02		4.7950000e+02		1.5403519e+03		1.6100846e+03		4.4511711e+03		1.8229500e+03		5.0364499e+02		1.3193050e+03
4.8000000e+02		4.8100000e+02		4.8050000e+02		1.5442750e+03		1.6136426e+03		4.4595409e+03		1.8253672e+03		5.0094584e+02		1.3244213e+03
4.8100000e+02		4.8200000e+02		4.8150000e+02		1.5475498e+03		1.6165255e+03		4.4660524e+03		1.8270284e+03		4.9805515e+02		1.3289733e+03
4.8200000e+02		4.8300000e+02		4.8250000e+02		1.5416562e+03		1.6098373e+03		4.4461372e+03		1.8178896e+03		4.9225722e+02		1.3256324e+03
4.8300000e+02		4.8400000e+02		4.8350000e+02		1.5183412e+03		1.5849719e+03		4.3760603e+03		1.7882691e+03		4.8100634e+02		1.3072628e+03
4.8400000e+02		4.8500000e+02		4.8450000e+02		1.4920771e+03		1.5570496e+03		4.2976022e+03		1.7552641e+03		4.6898036e+02		1.2862837e+03
4.8500000e+02		4.8600000e+02		4.8550000e+02		1.4021236e+03		1.4627083e+03		4.0359399e+03		1.6475149e+03		4.3725699e+02		1.2102579e+03
4.8600000e+02		4.8700000e+02		4.8650000e+02		1.2173217e+03		1.2695162e+03		3.5017858e+03		1.4287109e+03		3.7665870e+02		1.0520522e+03
4.8700000e+02		4.8800000e+02		4.8750000e+02		1.3927585e+03		1.4520158e+03		4.0039461e+03		1.6327317e+03		4.2757838e+02		1.2051534e+03
4.8800000e+02		4.8900000e+02		4.8850000e+02		1.4651201e+03		1.5269775e+03		4.2093609e+03		1.7156011e+03		4.4628835e+02		1.2693128e+03
4.8900000e+02		4.9000000e+02		4.8950000e+02		1.4372192e+03		1.4974332e+03		4.1266612e+03		1.6810250e+03		4.3438301e+02		1.2466420e+03
4.9000000e+02		4.9100000e+02		4.9050000e+02		1.5307557e+03		1.5943973e+03		4.3925514e+03		1.7884184e+03		4.5905880e+02		1.3293596e+03
4.9100000e+02		4.9200000e+02		4.9150000e+02		1.4425606e+03		1.5020767e+03		4.1369710e+03		1.6835008e+03		4.2925387e+02		1.2542469e+03
4.9200000e+02		4.9300000e+02		4.9250000e+02		1.3729411e+03		1.4291523e+03		3.9349572e+03		1.6004831e+03		4.0537306e+02		1.1951100e+03
4.9300000e+02		4.9400000e+02		4.9350000e+02		1.4509629e+03		1.5099153e+03		4.1561036e+03		1.6895821e+03		4.2509620e+02		1.2644859e+03
4.9400000e+02		4.9500000e+02		4.9450000e+02		1.4929449e+03		1.5531410e+03		4.2738375e+03		1.7365786e+03		4.3401799e+02		1.3025606e+03
4.9500000e+02		4.9600000e+02		4.9550000e+02		1.4663156e+03		1.5249883e+03		4.1951553e+03		1.7037646e+03		4.2298947e+02		1.2807752e+03
4.9600000e+02		4.9700000e+02		4.9650000e+02		1.4846220e+03		1.5435759e+03		4.2450717e+03		1.7231906e+03		4.2497291e+02		1.2982177e+03
4.9700000e+02		4.9800000e+02		4.9750000e+02		1.5123203e+03		1.5719186e+03		4.3217897e+03		1.7534777e+03		4.2957350e+02		1.3239042e+03
4.9800000e+02		4.9900000e+02		4.9850000e+02		1.3744029e+03		1.4281558e+03		3.9254257e+03		1.5918909e+03		3.8740143e+02		1.2044894e+03
4.9900000e+02		5.0000000e+02		4.9950000e+02		1.4721832e+03		1.5293247e+03		4.2023239e+03		1.7033643e+03		4.1178219e+02		1.2915821e+03
