Left Bin Edge (nm)	Right Bin Edge (nm)	Bin Center (nm)		Top of Atm Intensity (erg/s/nm/cm2)		Total Surface Flux (erg/s/nm/cm2)		Total Intensity at BOA (erg/s/nm/cm2)		Total Surface Intensity (erg/s/nm/cm2)		Total Surface Diffuse Intensity (erg/s/nm/cm2)		Total Surface Direct Intensity (erg/s/nm/cm2)
1.0000000e+02		1.0100000e+02		1.0050000e+02		4.4569042e-02		2.4525374e-199		0.0000000e+00		4.2479194e-199		4.2479194e-199		0.0000000e+00
1.0100000e+02		1.0200000e+02		1.0150000e+02		1.7387199e-01		2.8780738e-197		0.0000000e+00		4.9849701e-197		4.9849701e-197		0.0000000e+00
1.0200000e+02		1.0300000e+02		1.0250000e+02		9.2286085e-01		3.0760917e-195		0.0000000e+00		5.3279471e-195		5.3279471e-195		0.0000000e+00
1.0300000e+02		1.0400000e+02		1.0350000e+02		7.0094286e-01		3.0025219e-193		0.0000000e+00		5.2005205e-193		5.2005205e-193		0.0000000e+00
1.0400000e+02		1.0500000e+02		1.0450000e+02		1.4124828e-01		2.6834655e-191		0.0000000e+00		4.6478986e-191		4.6478986e-191		0.0000000e+00
1.0500000e+02		1.0600000e+02		1.0550000e+02		4.8389941e-02		2.2015022e-189		0.0000000e+00		3.8131136e-189		3.8131136e-189		0.0000000e+00
1.0600000e+02		1.0700000e+02		1.0650000e+02		4.5487167e-02		1.6618998e-187		0.0000000e+00		2.8784949e-187		2.8784949e-187		0.0000000e+00
1.0700000e+02		1.0800000e+02		1.0750000e+02		5.0757295e-02		1.1570799e-185		0.0000000e+00		2.0041212e-185		2.0041212e-185		0.0000000e+00
1.0800000e+02		1.0900000e+02		1.0850000e+02		7.1152114e-02		7.4462170e-184		0.0000000e+00		1.2897226e-183		1.2897226e-183		0.0000000e+00
1.0900000e+02		1.1000000e+02		1.0950000e+02		5.5817450e-02		1.0539286e-02		4.6644362e-02		1.8254578e-02		1.8254578e-02		1.9112341e-64
1.1000000e+02		1.1100000e+02		1.1050000e+02		5.4043772e-02		1.0654890e-02		4.6668598e-02		1.8454811e-02		1.8454811e-02		2.2079539e-61
1.1100000e+02		1.1200000e+02		1.1150000e+02		5.0797691e-02		1.0441890e-02		4.5282581e-02		1.8085884e-02		1.8085884e-02		1.6136216e-58
1.1200000e+02		1.1300000e+02		1.1250000e+02		5.1969037e-02		1.1135831e-02		4.7832882e-02		1.9287824e-02		1.9287824e-02		8.6222782e-56
1.1300000e+02		1.1400000e+02		1.1350000e+02		4.1221387e-02		9.2079514e-03		3.9191003e-02		1.5948640e-02		1.5948640e-02		2.4674582e-53
1.1400000e+02		1.1500000e+02		1.1450000e+02		3.1562600e-02		7.3401789e-03		3.0968244e-02		1.2713563e-02		1.2713563e-02		4.8308767e-51
1.1500000e+02		1.1600000e+02		1.1550000e+02		4.3552050e-02		1.0541959e-02		4.4103558e-02		1.8259209e-02		1.8259209e-02		1.2369175e-48
1.1600000e+02		1.1700000e+02		1.1650000e+02		1.0143732e-01		2.5518201e-02		1.0590092e-01		4.4198821e-02		4.4198821e-02		3.9648006e-46
1.1700000e+02		1.1800000e+02		1.1750000e+02		3.6108525e-01		9.4336538e-02		3.8848345e-01		1.6339568e-01		1.6339568e-01		1.4698518e-43
1.1800000e+02		1.1900000e+02		1.1850000e+02		1.2283927e-01		3.3298575e-02		1.3611361e-01		5.7674824e-02		5.7674824e-02		4.0146730e-42
1.1900000e+02		1.2000000e+02		1.1950000e+02		1.7115732e-01		4.8095627e-02		1.9520882e-01		8.3304070e-02		8.3304070e-02		3.5222126e-40
1.2000000e+02		1.2100000e+02		1.2050000e+02		9.3056497e-01		2.7083094e-01		1.0917897e+00		4.6909295e-01		4.6909295e-01		9.6077062e-38
1.2100000e+02		1.2200000e+02		1.2150000e+02		3.6941242e+01		1.1128191e+01		4.4569177e+01		1.9274593e+01		1.9274593e+01		1.5472449e-34
1.2200000e+02		1.2300000e+02		1.2250000e+02		2.4773856e-01		7.7216233e-02		3.0732936e-01		1.3374244e-01		1.3374244e-01		3.4501889e-35
1.2300000e+02		1.2400000e+02		1.2350000e+02		1.3344721e-01		4.2980953e-02		1.7004822e-01		7.4445194e-02		7.4445194e-02		5.1292302e-34
1.2400000e+02		1.2500000e+02		1.2450000e+02		1.0726631e-01		3.5660758e-02		1.4028042e-01		6.1766245e-02		6.1766245e-02		9.5557969e-33
1.2500000e+02		1.2600000e+02		1.2550000e+02		1.0471361e-01		3.5921643e-02		1.4053178e-01		6.2218110e-02		6.2218110e-02		1.8354916e-31
1.2600000e+02		1.2700000e+02		1.2650000e+02		1.4644878e-01		5.1870224e-02		2.0185588e-01		8.9841863e-02		8.9841863e-02		4.3316039e-30
1.2700000e+02		1.2800000e+02		1.2750000e+02		7.6659940e-02		2.8037045e-02		1.0855540e-01		4.8561586e-02		4.8561586e-02		3.3119041e-29
1.2800000e+02		1.2900000e+02		1.2850000e+02		6.1165494e-02		2.3072966e-02		8.8901920e-02		3.9963550e-02		3.9963550e-02		3.3702878e-28
1.2900000e+02		1.3000000e+02		1.2950000e+02		8.1594975e-02		3.1707962e-02		1.2160558e-01		5.4919801e-02		5.4919801e-02		5.0477819e-27
1.3000000e+02		1.3100000e+02		1.3050000e+02		6.7007791e-01		2.6802161e-01		1.0233309e+00		4.6422704e-01		4.6422704e-01		4.1280739e-25
1.3100000e+02		1.3200000e+02		1.3150000e+02		9.0731094e-02		3.7324736e-02		1.4190047e-01		6.4648340e-02		6.4648340e-02		4.9719836e-25
1.3200000e+02		1.3300000e+02		1.3250000e+02		7.0547730e-02		2.9834043e-02		1.1295749e-01		5.1674078e-02		5.1674078e-02		3.0919214e-24
1.3300000e+02		1.3400000e+02		1.3350000e+02		9.5357088e-01		4.1427688e-01		1.5623626e+00		7.1754860e-01		7.1754860e-01		3.0237815e-22
1.3400000e+02		1.3500000e+02		1.3450000e+02		6.5246966e-02		2.9105507e-02		1.0935116e-01		5.0412217e-02		5.0412217e-02		1.3619965e-22
1.3500000e+02		1.3600000e+02		1.3550000e+02		1.3692679e-01		6.2673269e-02		2.3461411e-01		1.0855329e-01		1.0855329e-01		1.7211110e-21
1.3600000e+02		1.3700000e+02		1.3650000e+02		8.9861989e-02		4.2178531e-02		1.5734394e-01		7.3055359e-02		7.3055359e-02		6.2525902e-21
1.3700000e+02		1.3800000e+02		1.3750000e+02		9.2282630e-02		4.4392400e-02		1.6504956e-01		7.6889892e-02		7.6889892e-02		3.2828965e-20
1.3800000e+02		1.3900000e+02		1.3850000e+02		9.4180145e-02		4.6406694e-02		1.7198530e-01		8.0378753e-02		8.0378753e-02		1.5890647e-19
1.3900000e+02		1.4000000e+02		1.3950000e+02		3.1801144e-01		1.6042096e-01		5.9269590e-01		2.7785725e-01		2.7785725e-01		2.3705138e-18
1.4000000e+02		1.4100000e+02		1.4050000e+02		2.7729440e-01		1.4312861e-01		5.2724219e-01		2.4790602e-01		2.4790602e-01		8.5388627e-18
1.4100000e+02		1.4200000e+02		1.4150000e+02		1.3359910e-01		7.0522015e-02		2.5904298e-01		1.2214771e-01		1.2214771e-01		1.5948806e-17
1.4200000e+02		1.4300000e+02		1.4250000e+02		1.4479671e-01		7.8125641e-02		2.8618863e-01		1.3531758e-01		1.3531758e-01		6.3099246e-17
1.4300000e+02		1.4400000e+02		1.4350000e+02		1.6064305e-01		8.8550585e-02		3.2352517e-01		1.5337411e-01		1.5337411e-01		2.4139156e-16
1.4400000e+02		1.4500000e+02		1.4450000e+02		1.5363637e-01		8.6476856e-02		3.1515093e-01		1.4978231e-01		1.4978231e-01		7.5421813e-16
1.4500000e+02		1.4600000e+02		1.4550000e+02		1.6382583e-01		9.4114184e-02		3.4215120e-01		1.6301055e-01		1.6301055e-01		2.4962786e-15
1.4600000e+02		1.4700000e+02		1.4650000e+02		1.9977093e-01		1.1707523e-01		4.2463201e-01		2.0278024e-01		2.0278024e-01		9.0003563e-15
1.4700000e+02		1.4800000e+02		1.4750000e+02		2.4643334e-01		1.4726082e-01		5.3291552e-01		2.5506322e-01		2.5506322e-01		3.1349359e-14
1.4800000e+02		1.4900000e+02		1.4850000e+02		2.4167300e-01		1.4718767e-01		5.3149973e-01		2.5493652e-01		2.5493652e-01		8.3091510e-14
1.4900000e+02		1.5000000e+02		1.4950000e+02		2.1832777e-01		1.3546152e-01		4.8813894e-01		2.3462624e-01		2.3462624e-01		1.9462048e-13
1.5000000e+02		1.5100000e+02		1.5050000e+02		2.4023073e-01		1.5177863e-01		5.4584324e-01		2.6288831e-01		2.6288831e-01		5.3371514e-13
1.5100000e+02		1.5200000e+02		1.5150000e+02		2.5258505e-01		1.6243341e-01		5.8303545e-01		2.8134293e-01		2.8134293e-01		1.3470592e-12
1.5200000e+02		1.5300000e+02		1.5250000e+02		3.2229547e-01		2.1087631e-01		7.5551091e-01		3.6524848e-01		3.6524848e-01		3.9813219e-12
1.5300000e+02		1.5400000e+02		1.5350000e+02		3.5701286e-01		2.3756706e-01		8.4961526e-01		4.1147822e-01		4.1147822e-01		9.8741555e-12
1.5400000e+02		1.5500000e+02		1.5450000e+02		9.5486931e-01		6.4594371e-01		2.3061230e+00		1.1188073e+00		1.1188073e+00		5.7248322e-11
1.5500000e+02		1.5600000e+02		1.5550000e+02		7.8587524e-01		5.4023177e-01		1.9255152e+00		9.3570887e-01		9.3570887e-01		9.9039267e-11
1.5600000e+02		1.5700000e+02		1.5650000e+02		4.6648084e-01		3.2574319e-01		1.1591706e+00		5.6420376e-01		5.6420376e-01		1.2000209e-10
1.5700000e+02		1.5800000e+02		1.5750000e+02		4.2309893e-01		3.0000479e-01		1.0659346e+00		5.1962354e-01		5.1962354e-01		2.1605486e-10
1.5800000e+02		1.5900000e+02		1.5850000e+02		3.9008072e-01		2.8075303e-01		9.9605013e-01		4.8627851e-01		4.8627851e-01		3.8501413e-10
1.5900000e+02		1.6000000e+02		1.5950000e+02		3.8042347e-01		2.7782128e-01		9.8423702e-01		4.8120056e-01		4.8120056e-01		7.0755269e-10
1.6000000e+02		1.6100000e+02		1.6050000e+02		4.1635449e-01		3.0841368e-01		1.0911072e+00		5.3418816e-01		5.3418816e-01		1.4242991e-09
1.6100000e+02		1.6200000e+02		1.6150000e+02		4.7164413e-01		3.5424710e-01		1.2515865e+00		6.1357397e-01		6.1357397e-01		2.8997221e-09
1.6200000e+02		1.6300000e+02		1.6250000e+02		5.2241459e-01		3.9772399e-01		1.4033872e+00		6.8887815e-01		6.8887814e-01		5.6464322e-09
1.6300000e+02		1.6400000e+02		1.6350000e+02		1.1072121e+00		8.5413777e-01		3.0101235e+00		1.4794100e+00		1.4794100e+00		2.0599216e-08
1.6400000e+02		1.6500000e+02		1.6450000e+02		1.1323318e+00		8.8483235e-01		3.1145606e+00		1.5325746e+00		1.5325745e+00		3.5539207e-08
1.6500000e+02		1.6600000e+02		1.6550000e+02		1.3255566e+00		1.0489108e+00		3.6878369e+00		1.8167667e+00		1.8167666e+00		6.8847361e-08
1.6600000e+02		1.6700000e+02		1.6650000e+02		6.2522883e-01		5.0083950e-01		1.7589211e+00		8.6747941e-01		8.6747936e-01		5.2758412e-08
1.6700000e+02		1.6800000e+02		1.6750000e+02		6.6723830e-01		5.4091497e-01		1.8976144e+00		9.3689215e-01		9.3689206e-01		8.9878374e-08
1.6800000e+02		1.6900000e+02		1.6850000e+02		7.1904320e-01		5.8974475e-01		2.0667604e+00		1.0214678e+00		1.0214676e+00		1.5203374e-07
1.6900000e+02		1.7000000e+02		1.6950000e+02		9.0554889e-01		7.5120347e-01		2.6299408e+00		1.3011224e+00		1.3011221e+00		2.9574112e-07
1.7000000e+02		1.7100000e+02		1.7050000e+02		1.0161854e+00		8.5238089e-01		2.9812548e+00		1.4763666e+00		1.4763661e+00		5.0476669e-07
1.7100000e+02		1.7200000e+02		1.7150000e+02		1.0130704e+00		8.5900808e-01		3.0016061e+00		1.4878451e+00		1.4878443e+00		7.5415859e-07
1.7200000e+02		1.7300000e+02		1.7250000e+02		1.0571150e+00		9.0585953e-01		3.1624370e+00		1.5689939e+00		1.5689927e+00		1.1628087e-06
1.7300000e+02		1.7400000e+02		1.7350000e+02		1.0479596e+00		9.0730139e-01		3.1646826e+00		1.5714909e+00		1.5714892e+00		1.6803830e-06
1.7400000e+02		1.7500000e+02		1.7450000e+02		1.2530722e+00		1.0958251e+00		3.8190014e+00		1.8980226e+00		1.8980198e+00		2.8911918e-06
1.7500000e+02		1.7600000e+02		1.7550000e+02		1.4954862e+00		1.3206831e+00		4.5988488e+00		2.2874867e+00		2.2874818e+00		4.9035707e-06
1.7600000e+02		1.7700000e+02		1.7650000e+02		1.6135596e+00		1.4386246e+00		5.0055451e+00		2.4917654e+00		2.4917580e+00		7.4294738e-06
1.7700000e+02		1.7800000e+02		1.7750000e+02		1.9010195e+00		1.7107768e+00		5.9478722e+00		2.9631435e+00		2.9631313e+00		1.2151434e-05
1.7800000e+02		1.7900000e+02		1.7850000e+02		2.0776624e+00		1.8868025e+00		6.5549537e+00		3.2680245e+00		3.2680063e+00		1.8235176e-05
1.7900000e+02		1.8000000e+02		1.7950000e+02		2.0198657e+00		1.8506380e+00		6.4246522e+00		3.2053813e+00		3.2053573e+00		2.4086252e-05
1.8000000e+02		1.8100000e+02		1.8050000e+02		2.4976225e+00		2.3082306e+00		8.0075924e+00		3.9979433e+00		3.9979033e+00		4.0057689e-05
1.8100000e+02		1.8200000e+02		1.8150000e+02		3.0410490e+00		2.8342376e+00		9.8256851e+00		4.9089959e+00		4.9089310e+00		6.4963540e-05
1.8200000e+02		1.8300000e+02		1.8250000e+02		2.8073836e+00		2.6380587e+00		9.1395257e+00		4.5691938e+00		4.5691147e+00		7.9136401e-05
1.8300000e+02		1.8400000e+02		1.8350000e+02		2.9562417e+00		2.8002993e+00		9.6953753e+00		4.8501808e+00		4.8500718e+00		1.0897893e-04
1.8400000e+02		1.8500000e+02		1.8450000e+02		2.5409769e+00		2.4258449e+00		8.3936746e+00		4.2015976e+00		4.2014762e+00		1.2144590e-04
1.8500000e+02		1.8600000e+02		1.8550000e+02		2.8735562e+00		2.7643814e+00		9.5592438e+00		4.7879198e+00		4.7877432e+00		1.7659461e-04
1.8600000e+02		1.8700000e+02		1.8650000e+02		3.2604304e+00		3.1599785e+00		1.0920772e+01		5.4730561e+00		5.4728005e+00		2.5558898e-04
1.8700000e+02		1.8800000e+02		1.8750000e+02		3.6946466e+00		3.6069028e+00		1.2458163e+01		6.2470705e+00		6.2467039e+00		3.6661969e-04
1.8800000e+02		1.8900000e+02		1.8850000e+02		3.8870616e+00		3.8217323e+00		1.3192786e+01		6.6190798e+00		6.6185952e+00		4.8465474e-04
1.8900000e+02		1.9000000e+02		1.8950000e+02		4.3106081e+00		4.2675511e+00		1.4723722e+01		7.3911244e+00		7.3904539e+00		6.7054917e-04
1.9000000e+02		1.9100000e+02		1.9050000e+02		4.4384288e+00		4.4237631e+00		1.5254534e+01		7.6615562e+00		7.6607007e+00		8.5552015e-04
1.9100000e+02		1.9200000e+02		1.9150000e+02		4.8094361e+00		4.8251688e+00		1.6630024e+01		8.3566021e+00		8.3554610e+00		1.1411509e-03
1.9200000e+02		1.9300000e+02		1.9250000e+02		5.0365493e+00		5.0855708e+00		1.7518547e+01		8.8073969e+00		8.8059351e+00		1.4617543e-03
1.9300000e+02		1.9400000e+02		1.9350000e+02		3.8447944e+00		3.9065615e+00		1.3450407e+01		6.7653699e+00		6.7640133e+00		1.3565992e-03
1.9400000e+02		1.9500000e+02		1.9450000e+02		6.1679797e+00		6.3053706e+00		2.1698899e+01		1.0919297e+01		1.0916666e+01		2.6302698e-03
1.9500000e+02		1.9600000e+02		1.9550000e+02		5.9528271e+00		6.1217940e+00		2.1056956e+01		1.0601025e+01		1.0597974e+01		3.0506670e-03
1.9600000e+02		1.9700000e+02		1.9650000e+02		6.5508102e+00		6.7759925e+00		2.3296074e+01		1.1733426e+01		1.1729414e+01		4.0123970e-03
1.9700000e+02		1.9800000e+02		1.9750000e+02		6.5190955e+00		6.7813739e+00		2.3303612e+01		1.1742209e+01		1.1737462e+01		4.7472399e-03
1.9800000e+02		1.9900000e+02		1.9850000e+02		6.3883794e+00		6.6823113e+00		2.2952512e+01		1.1570074e+01		1.1564572e+01		5.5027616e-03
1.9900000e+02		2.0000000e+02		1.9950000e+02		6.7274707e+00		7.0749502e+00		2.4289965e+01		1.2249180e+01		1.2242359e+01		6.8209503e-03
2.0000000e+02		2.0100000e+02		2.0050000e+02		7.1125146e+00		7.5191770e+00		2.5803305e+01		1.3017412e+01		1.3008964e+01		8.4481559e-03
2.0100000e+02		2.0200000e+02		2.0150000e+02		7.5701275e+00		8.0441184e+00		2.7592186e+01		1.3925146e+01		1.3914660e+01		1.0485842e-02
2.0200000e+02		2.0300000e+02		2.0250000e+02		7.4828608e+00		7.9910018e+00		2.7397590e+01		1.3832012e+01		1.3819978e+01		1.2034035e-02
2.0300000e+02		2.0400000e+02		2.0350000e+02		8.0092047e+00		8.5947776e+00		2.9454360e+01		1.4875691e+01		1.4860799e+01		1.4891107e-02
2.0400000e+02		2.0500000e+02		2.0450000e+02		8.6207445e+00		9.2950930e+00		3.1839958e+01		1.6086064e+01		1.6067610e+01		1.8453986e-02
2.0500000e+02		2.0600000e+02		2.0550000e+02		8.6400754e+00		9.3588080e+00		3.2043713e+01		1.6194404e+01		1.6173194e+01		2.1210113e-02
2.0600000e+02		2.0700000e+02		2.0650000e+02		8.6510225e+00		9.4129423e+00		3.2214430e+01		1.6285934e+01		1.6261673e+01		2.4260902e-02
2.0700000e+02		2.0800000e+02		2.0750000e+02		9.3957826e+00		1.0268232e+01		3.5125494e+01		1.7763146e+01		1.7733156e+01		2.9989925e-02
2.0800000e+02		2.0900000e+02		2.0850000e+02		1.0163489e+01		1.1154473e+01		3.8139601e+01		1.9293181e+01		1.9256391e+01		3.6789989e-02
2.0900000e+02		2.1000000e+02		2.0950000e+02		1.3129215e+01		1.4469486e+01		4.9451417e+01		2.5022565e+01		2.4968854e+01		5.3711382e-02
2.1000000e+02		2.1100000e+02		2.1050000e+02		1.6183343e+01		1.7907206e+01		6.1171626e+01		3.0961600e+01		3.0887027e+01		7.4572600e-02
2.1100000e+02		2.1200000e+02		2.1150000e+02		1.8424170e+01		2.0467074e+01		6.9883085e+01		3.5380234e+01		3.5284915e+01		9.5318296e-02
2.1200000e+02		2.1300000e+02		2.1250000e+02		1.6428561e+01		1.8319998e+01		6.2522051e+01		3.1661530e+01		3.1566403e+01		9.5126898e-02
2.1300000e+02		2.1400000e+02		2.1350000e+02		1.6737981e+01		1.8734306e+01		6.3904864e+01		3.2369602e+01		3.2261458e+01		1.0814461e-01
2.1400000e+02		2.1500000e+02		2.1450000e+02		2.1432541e+01		2.4075620e+01		8.2084104e+01		4.1587415e+01		4.1433352e+01		1.5406351e-01
2.1500000e+02		2.1600000e+02		2.1550000e+02		1.8408135e+01		2.0750615e+01		7.0712200e+01		3.5833655e+01		3.5686855e+01		1.4679997e-01
2.1600000e+02		2.1700000e+02		2.1650000e+02		1.7036901e+01		1.9270404e+01		6.5634506e+01		3.3267280e+01		3.3116964e+01		1.5031550e-01
2.1700000e+02		2.1800000e+02		2.1750000e+02		1.7640866e+01		2.0019439e+01		6.8150237e+01		3.4548962e+01		3.4377221e+01		1.7174088e-01
2.1800000e+02		2.1900000e+02		2.1850000e+02		2.3730294e+01		2.7016277e+01		9.1920173e+01		4.6607432e+01		4.6353172e+01		2.5426029e-01
2.1900000e+02		2.2000000e+02		2.1950000e+02		2.5052511e+01		2.8610286e+01		9.7291074e+01		4.9338741e+01		4.9044052e+01		2.9468935e-01
2.2000000e+02		2.2100000e+02		2.2050000e+02		2.5203754e+01		2.8869599e+01		9.8118844e+01		4.9765924e+01		4.9441237e+01		3.2468772e-01
2.2100000e+02		2.2200000e+02		2.2150000e+02		2.0176768e+01		2.3178934e+01		7.8733803e+01		3.9939187e+01		3.9655184e+01		2.8400296e-01
2.2200000e+02		2.2300000e+02		2.2250000e+02		2.7154039e+01		3.1282400e+01		1.0619865e+02		5.3877684e+01		5.3461016e+01		4.1666818e-01
2.2300000e+02		2.2400000e+02		2.2350000e+02		3.5163062e+01		4.0619793e+01		1.3781697e+02		6.9925897e+01		6.9338986e+01		5.8691086e-01
2.2400000e+02		2.2500000e+02		2.2450000e+02		3.2875934e+01		3.8077940e+01		1.2911577e+02		6.5516906e+01		6.4921289e+01		5.9561671e-01
2.2500000e+02		2.2600000e+02		2.2550000e+02		2.8720078e+01		3.3349361e+01		1.1301313e+02		5.7350195e+01		5.6786583e+01		5.6361188e-01
2.2600000e+02		2.2700000e+02		2.2650000e+02		2.1037217e+01		2.4488265e+01		8.2933398e+01		4.2088212e+01		4.1641921e+01		4.4629087e-01
2.2700000e+02		2.2800000e+02		2.2750000e+02		2.0463841e+01		2.3877402e+01		8.0813336e+01		4.1013988e+01		4.0545597e+01		4.6839029e-01
2.2800000e+02		2.2900000e+02		2.2850000e+02		2.8509984e+01		3.3341881e+01		1.1277296e+02		5.7235396e+01		5.6532664e+01		7.0273230e-01
2.2900000e+02		2.3000000e+02		2.2950000e+02		2.5620938e+01		3.0029246e+01		1.0150151e+02		5.1515237e+01		5.0836400e+01		6.7883743e-01
2.3000000e+02		2.3100000e+02		2.3050000e+02		2.9055844e+01		3.4127372e+01		1.1527587e+02		5.8505624e+01		5.7679565e+01		8.2605939e-01
2.3100000e+02		2.3200000e+02		2.3150000e+02		2.7387429e+01		3.2233319e+01		1.0880335e+02		5.5219184e+01		5.4385142e+01		8.3404238e-01
2.3200000e+02		2.3300000e+02		2.3250000e+02		2.9413108e+01		3.4685179e+01		1.1699763e+02		5.9375276e+01		5.8417397e+01		9.5787961e-01
2.3300000e+02		2.3400000e+02		2.3350000e+02		2.6543685e+01		3.1360207e+01		1.0570659e+02		5.3641854e+01		5.2718943e+01		9.2291071e-01
2.3400000e+02		2.3500000e+02		2.3450000e+02		2.3194371e+01		2.7452436e+01		9.2467301e+01		4.6919700e+01		4.6060043e+01		8.5965729e-01
2.3500000e+02		2.3600000e+02		2.3550000e+02		3.1223226e+01		3.7018863e+01		1.2459732e+02		6.3216893e+01		6.1985206e+01		1.2316873e+00
2.3600000e+02		2.3700000e+02		2.3650000e+02		2.8911473e+01		3.4334404e+01		1.1547491e+02		5.8581636e+01		5.7369566e+01		1.2120700e+00
2.3700000e+02		2.3800000e+02		2.3750000e+02		3.0878004e+01		3.6727385e+01		1.2342831e+02		6.2608025e+01		6.1234252e+01		1.3737726e+00
2.3800000e+02		2.3900000e+02		2.3850000e+02		2.5598090e+01		3.0492838e+01		1.0239612e+02		5.1931630e+01		5.0724726e+01		1.2069035e+00
2.3900000e+02		2.4000000e+02		2.3950000e+02		2.7890834e+01		3.3271303e+01		1.1163763e+02		5.6608819e+01		5.5217155e+01		1.3916639e+00
2.4000000e+02		2.4100000e+02		2.4050000e+02		2.5623038e+01		3.0607371e+01		1.0261628e+02		5.2024336e+01		5.0673083e+01		1.3512529e+00
2.4100000e+02		2.4200000e+02		2.4150000e+02		3.0005079e+01		3.5887802e+01		1.2022115e+02		6.0936806e+01		5.9266580e+01		1.6702265e+00
2.4200000e+02		2.4300000e+02		2.4250000e+02		4.1301739e+01		4.9459215e+01		1.6554628e+02		8.3891595e+01		8.1467885e+01		2.4237096e+00
2.4300000e+02		2.4400000e+02		2.4350000e+02		3.8791639e+01		4.6506583e+01		1.5553185e+02		7.8797095e+01		7.6400172e+01		2.3969236e+00
2.4400000e+02		2.4500000e+02		2.4450000e+02		3.6329084e+01		4.3601289e+01		1.4569057e+02		7.3791414e+01		7.1430604e+01		2.3608107e+00
2.4500000e+02		2.4600000e+02		2.4550000e+02		2.9476122e+01		3.5412410e+01		1.1822504e+02		5.9863069e+01		5.7850881e+01		2.0121887e+00
2.4600000e+02		2.4700000e+02		2.4650000e+02		2.8685918e+01		3.4495816e+01		1.1506334e+02		5.8244274e+01		5.6189456e+01		2.0548184e+00
2.4700000e+02		2.4800000e+02		2.4750000e+02		3.1678139e+01		3.8127874e+01		1.2706459e+02		6.4298250e+01		6.1919775e+01		2.3784752e+00
2.4800000e+02		2.4900000e+02		2.4850000e+02		2.5406301e+01		3.0604333e+01		1.0189928e+02		5.1546093e+01		4.9548736e+01		1.9973563e+00
2.4900000e+02		2.5000000e+02		2.4950000e+02		3.0967514e+01		3.7331906e+01		1.2418515e+02		6.2796569e+01		6.0250040e+01		2.5465298e+00
2.5000000e+02		2.5100000e+02		2.5050000e+02		3.3448743e+01		4.0351557e+01		1.3410538e+02		6.7786891e+01		6.4912699e+01		2.8741923e+00
2.5100000e+02		2.5200000e+02		2.5150000e+02		2.7888154e+01		3.3665247e+01		1.1177877e+02		5.6478584e+01		5.3976936e+01		2.5016487e+00
2.5200000e+02		2.5300000e+02		2.5250000e+02		2.5069906e+01		3.0281106e+01		1.0044682e+02		5.0731457e+01		4.8386051e+01		2.3454061e+00
2.5300000e+02		2.5400000e+02		2.5350000e+02		3.1592540e+01		3.8180045e+01		1.2652701e+02		6.3875284e+01		6.0795589e+01		3.0796958e+00
2.5400000e+02		2.5500000e+02		2.5450000e+02		3.5730773e+01		4.3201976e+01		1.4303039e+02		7.2173567e+01		6.8547520e+01		3.6260469e+00
2.5500000e+02		2.5600000e+02		2.5550000e+02		4.8755658e+01		5.8975617e+01		1.9506116e+02		9.8381336e+01		9.3234933e+01		5.1464032e+00
2.5600000e+02		2.5700000e+02		2.5650000e+02		6.2803876e+01		7.5997232e+01		2.5111084e+02		1.2658766e+02		1.1969823e+02		6.8894259e+00
2.5700000e+02		2.5800000e+02		2.5750000e+02		7.8843355e+01		9.5437306e+01		3.1502944e+02		1.5872780e+02		1.4974691e+02		8.9808848e+00
2.5800000e+02		2.5900000e+02		2.5850000e+02		8.2991293e+01		1.0048609e+02		3.3136013e+02		1.6686686e+02		1.5705857e+02		9.8082843e+00
2.5900000e+02		2.6000000e+02		2.5950000e+02		7.0629481e+01		8.5537939e+01		2.8178025e+02		1.4182097e+02		1.3316709e+02		8.6538848e+00
2.6000000e+02		2.6100000e+02		2.6050000e+02		5.7868388e+01		7.0095972e+01		2.3067397e+02		1.1603280e+02		1.0868769e+02		7.3451042e+00
2.6100000e+02		2.6200000e+02		2.6150000e+02		5.9092703e+01		7.1588701e+01		2.3534239e+02		1.1831147e+02		1.1054726e+02		7.7642115e+00
2.6200000e+02		2.6300000e+02		2.6250000e+02		7.0528613e+01		8.5450679e+01		2.8061954e+02		1.4098777e+02		1.3140216e+02		9.5856043e+00
2.6300000e+02		2.6400000e+02		2.6350000e+02		1.0614195e+02		1.2860500e+02		4.2189425e+02		2.1183436e+02		1.9692278e+02		1.4911579e+01
2.6400000e+02		2.6500000e+02		2.6450000e+02		1.6548208e+02		2.0050437e+02		6.5706715e+02		3.2970409e+02		3.0568981e+02		2.4014275e+01
2.6500000e+02		2.6600000e+02		2.6550000e+02		1.7356948e+02		2.1029571e+02		6.8841986e+02		3.4520920e+02		3.1920874e+02		2.6000455e+01
2.6600000e+02		2.6700000e+02		2.6650000e+02		1.6826276e+02		2.0385048e+02		6.6660541e+02		3.3404494e+02		3.0804340e+02		2.6001543e+01
2.6700000e+02		2.6800000e+02		2.6750000e+02		1.6940220e+02		2.0520715e+02		6.7031797e+02		3.3567332e+02		3.0868628e+02		2.6987041e+01
2.6800000e+02		2.6900000e+02		2.6850000e+02		1.6778062e+02		2.0321155e+02		6.6307912e+02		3.3181355e+02		3.0427560e+02		2.7537951e+01
2.6900000e+02		2.7000000e+02		2.6950000e+02		1.5737310e+02		1.9056988e+02		6.2115105e+02		3.1060741e+02		2.8401184e+02		2.6595562e+01
2.7000000e+02		2.7100000e+02		2.7050000e+02		1.8181465e+02		2.2011727e+02		7.1667234e+02		3.5810811e+02		3.2648984e+02		3.1618271e+01
2.7100000e+02		2.7200000e+02		2.7150000e+02		1.5108640e+02		1.8286770e+02		5.9473673e+02		2.9695486e+02		2.6993313e+02		2.7021738e+01
2.7200000e+02		2.7300000e+02		2.7250000e+02		1.2154404e+02		1.4706760e+02		4.7777539e+02		2.3837185e+02		2.1602818e+02		2.2343668e+01
2.7300000e+02		2.7400000e+02		2.7350000e+02		1.2960124e+02		1.5676529e+02		5.0871393e+02		2.5360849e+02		2.2913347e+02		2.4475019e+01
2.7400000e+02		2.7500000e+02		2.7450000e+02		8.9183780e+01		1.0783766e+02		3.4954987e+02		1.7412128e+02		1.5682874e+02		1.7292546e+01
2.7500000e+02		2.7600000e+02		2.7550000e+02		1.1893609e+02		1.4375683e+02		4.6545781e+02		2.3166971e+02		2.0800412e+02		2.3665598e+01
2.7600000e+02		2.7700000e+02		2.7650000e+02		1.6564211e+02		2.0012577e+02		6.4724138e+02		3.2188094e+02		2.8807582e+02		3.3805125e+01
2.7700000e+02		2.7800000e+02		2.7750000e+02		1.5837296e+02		1.9125735e+02		6.1786159e+02		3.0701116e+02		2.7387645e+02		3.3134714e+01
2.7800000e+02		2.7900000e+02		2.7850000e+02		1.0921797e+02		1.3183296e+02		4.2540774e+02		2.1120120e+02		1.8778727e+02		2.3413934e+01
2.7900000e+02		2.8000000e+02		2.7950000e+02		6.1368404e+01		7.4038188e+01		2.3864048e+02		1.1837427e+02		1.0490029e+02		1.3473980e+01
2.8000000e+02		2.8100000e+02		2.8050000e+02		6.7313201e+01		8.1167281e+01		2.6132142e+02		1.2951042e+02		1.1438109e+02		1.5129330e+01
2.8100000e+02		2.8200000e+02		2.8150000e+02		1.3943196e+02		1.6803582e+02		5.4038141e+02		2.6757222e+02		2.3550565e+02		3.2066569e+01
2.8200000e+02		2.8300000e+02		2.8250000e+02		1.8983287e+02		2.2864384e+02		7.3444882e+02		3.6333532e+02		3.1868348e+02		4.4651840e+01
2.8300000e+02		2.8400000e+02		2.8350000e+02		1.9610227e+02		2.3605261e+02		7.5737925e+02		3.7433430e+02		3.2717800e+02		4.7156303e+01
2.8400000e+02		2.8500000e+02		2.8450000e+02		1.4459284e+02		1.7394080e+02		5.5745242e+02		2.7526372e+02		2.3973259e+02		3.5531130e+01
2.8500000e+02		2.8600000e+02		2.8550000e+02		9.2944992e+01		1.1173768e+02		3.5769017e+02		1.7645665e+02		1.5312672e+02		2.3329930e+01
2.8600000e+02		2.8700000e+02		2.8650000e+02		1.9045522e+02		2.2881085e+02		7.3161797e+02		3.6057889e+02		3.1176653e+02		4.8812366e+01
2.8700000e+02		2.8800000e+02		2.8750000e+02		2.2108403e+02		2.6542534e+02		8.4771526e+02		4.1739383e+02		3.5956130e+02		5.7832527e+01
2.8800000e+02		2.8900000e+02		2.8850000e+02		2.1010240e+02		2.5206295e+02		8.0411114e+02		3.9553735e+02		3.3946407e+02		5.6073271e+01
2.8900000e+02		2.9000000e+02		2.8950000e+02		3.1885068e+02		3.8225252e+02		1.2180260e+03		5.9854774e+02		5.1176000e+02		8.6787741e+01
2.9000000e+02		2.9100000e+02		2.9050000e+02		4.1860542e+02		5.0147005e+02		1.5960633e+03		7.8353558e+02		6.6737419e+02		1.1616138e+02
2.9100000e+02		2.9200000e+02		2.9150000e+02		4.0318642e+02		4.8263197e+02		1.5343343e+03		7.5247252e+02		6.3844959e+02		1.1402293e+02
2.9200000e+02		2.9300000e+02		2.9250000e+02		3.5818014e+02		4.2842455e+02		1.3604325e+03		6.6650817e+02		5.6331190e+02		1.0319627e+02
2.9300000e+02		2.9400000e+02		2.9350000e+02		3.7393440e+02		4.4691457e+02		1.4175094e+03		6.9375835e+02		5.8403865e+02		1.0971970e+02
2.9400000e+02		2.9500000e+02		2.9450000e+02		3.4819581e+02		4.1581697e+02		1.3173542e+03		6.4407237e+02		5.4005808e+02		1.0401429e+02
2.9500000e+02		2.9600000e+02		2.9550000e+02		3.7701055e+02		4.4985840e+02		1.4235586e+03		6.9526995e+02		5.8064997e+02		1.1461998e+02
2.9600000e+02		2.9700000e+02		2.9650000e+02		3.4493460e+02		4.1124112e+02		1.2998567e+03		6.3418491e+02		5.2749069e+02		1.0669423e+02
2.9700000e+02		2.9800000e+02		2.9750000e+02		3.5165811e+02		4.1890219e+02		1.3225480e+03		6.4457075e+02		5.3393754e+02		1.1063321e+02
2.9800000e+02		2.9900000e+02		2.9850000e+02		3.0223333e+02		3.5971697e+02		1.1343839e+03		5.5227382e+02		4.5559441e+02		9.6679414e+01
2.9900000e+02		3.0000000e+02		2.9950000e+02		3.4101318e+02		4.0551941e+02		1.2773551e+03		6.2120936e+02		5.1032791e+02		1.1088145e+02
3.0000000e+02		3.0100000e+02		3.0050000e+02		2.7131061e+02		3.2234731e+02		1.0142045e+03		4.9269776e+02		4.0305350e+02		8.9644262e+01
3.0100000e+02		3.0200000e+02		3.0150000e+02		3.1202593e+02		3.7039118e+02		1.1640305e+03		5.6486544e+02		4.6013104e+02		1.0473440e+02
3.0200000e+02		3.0300000e+02		3.0250000e+02		3.2846528e+02		3.8955367e+02		1.2228523e+03		5.9275777e+02		4.8078604e+02		1.1197172e+02
3.0300000e+02		3.0400000e+02		3.0350000e+02		4.2601061e+02		5.0478055e+02		1.5827530e+03		7.6636589e+02		6.1891755e+02		1.4744834e+02
3.0400000e+02		3.0500000e+02		3.0450000e+02		4.0776836e+02		4.8272055e+02		1.5118581e+03		7.3122504e+02		5.8796796e+02		1.4325709e+02
3.0500000e+02		3.0600000e+02		3.0550000e+02		4.1174793e+02		4.8697947e+02		1.5234621e+03		7.3601394e+02		5.8922188e+02		1.4679206e+02
3.0600000e+02		3.0700000e+02		3.0650000e+02		3.9053943e+02		4.6146340e+02		1.4419992e+03		6.9587501e+02		5.5462384e+02		1.4125118e+02
3.0700000e+02		3.0800000e+02		3.0750000e+02		4.3847484e+02		5.1761576e+02		1.6156346e+03		7.7878721e+02		6.1793828e+02		1.6084892e+02
3.0800000e+02		3.0900000e+02		3.0850000e+02		4.3035211e+02		5.0754429e+02		1.5824087e+03		7.6190610e+02		6.0182650e+02		1.6007960e+02
3.0900000e+02		3.1000000e+02		3.0950000e+02		3.4901328e+02		4.1122231e+02		1.2806537e+03		6.1591307e+02		4.8430354e+02		1.3160953e+02
3.1000000e+02		3.1100000e+02		3.1050000e+02		4.3927411e+02		5.1707359e+02		1.6084923e+03		7.7269759e+02		6.0481288e+02		1.6788471e+02
3.1100000e+02		3.1200000e+02		3.1150000e+02		5.2246540e+02		6.1440409e+02		1.9091221e+03		9.1606257e+02		7.1373161e+02		2.0233096e+02
3.1200000e+02		3.1300000e+02		3.1250000e+02		4.6521908e+02		5.4655229e+02		1.6963899e+03		8.1304789e+02		6.3053535e+02		1.8251254e+02
3.1300000e+02		3.1400000e+02		3.1350000e+02		4.9544367e+02		5.8149253e+02		1.8028265e+03		8.6306123e+02		6.6619870e+02		1.9686253e+02
3.1400000e+02		3.1500000e+02		3.1450000e+02		4.6729179e+02		5.4791343e+02		1.6968330e+03		8.1137634e+02		6.2335992e+02		1.8801641e+02
3.1500000e+02		3.1600000e+02		3.1550000e+02		4.5343123e+02		5.3113815e+02		1.6430605e+03		7.8474906e+02		6.0004986e+02		1.8469920e+02
3.1600000e+02		3.1700000e+02		3.1650000e+02		4.4229406e+02		5.1758068e+02		1.5993542e+03		7.6298227e+02		5.8062638e+02		1.8235588e+02
3.1700000e+02		3.1800000e+02		3.1750000e+02		5.6102832e+02		6.5587536e+02		2.0244643e+03		9.6465290e+02		7.3057550e+02		2.3407740e+02
3.1800000e+02		3.1900000e+02		3.1850000e+02		4.6340678e+02		5.4121197e+02		1.6687071e+03		7.9420199e+02		5.9858081e+02		1.9562118e+02
3.1900000e+02		3.2000000e+02		3.1950000e+02		4.9774832e+02		5.8074078e+02		1.7886308e+03		8.5027674e+02		6.3772894e+02		2.1254781e+02
3.2000000e+02		3.2100000e+02		3.2050000e+02		5.7184857e+02		6.6653085e+02		2.0506244e+03		9.7367351e+02		7.2670734e+02		2.4696617e+02
3.2100000e+02		3.2200000e+02		3.2150000e+02		4.8024660e+02		5.5920305e+02		1.7185600e+03		8.1503940e+02		6.0531532e+02		2.0972408e+02
3.2200000e+02		3.2300000e+02		3.2250000e+02		4.8228681e+02		5.6101709e+02		1.7222748e+03		8.1583462e+02		6.0290475e+02		2.1292987e+02
3.2300000e+02		3.2400000e+02		3.2350000e+02		4.6607071e+02		5.4161115e+02		1.6609137e+03		7.8583564e+02		5.7784133e+02		2.0799431e+02
3.2400000e+02		3.2500000e+02		3.2450000e+02		5.4882129e+02		6.3713511e+02		1.9517585e+03		9.2234836e+02		6.7482179e+02		2.4752657e+02
3.2500000e+02		3.2600000e+02		3.2550000e+02		6.3196128e+02		7.3291855e+02		2.2427832e+03		1.0586194e+03		7.7061643e+02		2.8800294e+02
3.2600000e+02		3.2700000e+02		3.2650000e+02		7.1301257e+02		8.2608941e+02		2.5252113e+03		1.1905108e+03		8.6223033e+02		3.2828049e+02
3.2700000e+02		3.2800000e+02		3.2750000e+02		6.8984049e+02		7.9844179e+02		2.4381200e+03		1.1480831e+03		8.2726023e+02		3.2082287e+02
3.2800000e+02		3.2900000e+02		3.2850000e+02		6.6596082e+02		7.7003094e+02		2.3488930e+03		1.1047493e+03		7.9195210e+02		3.1279718e+02
3.2900000e+02		3.3000000e+02		3.2950000e+02		7.7527139e+02		8.9552658e+02		2.7288452e+03		1.2819213e+03		9.1421961e+02		3.6770164e+02
3.3000000e+02		3.3100000e+02		3.3050000e+02		7.3029799e+02		8.4273391e+02		2.5653015e+03		1.2036566e+03		8.5395218e+02		3.4970439e+02
3.3100000e+02		3.3200000e+02		3.3150000e+02		6.9881652e+02		8.0560042e+02		2.4497249e+03		1.1480561e+03		8.1025877e+02		3.3779730e+02
3.3200000e+02		3.3300000e+02		3.3250000e+02		6.8562051e+02		7.8959992e+02		2.3985934e+03		1.1227523e+03		7.8824699e+02		3.3450530e+02
3.3300000e+02		3.3400000e+02		3.3350000e+02		6.5878216e+02		7.5793612e+02		2.3000447e+03		1.0753384e+03		7.5098184e+02		3.2435655e+02
3.3400000e+02		3.3500000e+02		3.3450000e+02		6.9405546e+02		7.9772505e+02		2.4183174e+03		1.1292857e+03		7.8448083e+02		3.4480483e+02
3.3500000e+02		3.3600000e+02		3.3550000e+02		6.8541663e+02		7.8701472e+02		2.3834256e+03		1.1116650e+03		7.6813071e+02		3.4353424e+02
3.3600000e+02		3.3700000e+02		3.3650000e+02		5.6469084e+02		6.4775250e+02		1.9596966e+03		9.1294196e+02		6.2744501e+02		2.8549695e+02
3.3700000e+02		3.3800000e+02		3.3750000e+02		5.9573781e+02		6.8269182e+02		2.0633255e+03		9.6007335e+02		6.5629173e+02		3.0378162e+02
3.3800000e+02		3.3900000e+02		3.3850000e+02		6.4448401e+02		7.3782607e+02		2.2277307e+03		1.0353378e+03		7.0392025e+02		3.3141752e+02
3.3900000e+02		3.4000000e+02		3.3950000e+02		6.7448220e+02		7.7141106e+02		2.3268188e+03		1.0801028e+03		7.3037239e+02		3.4973036e+02
3.4000000e+02		3.4100000e+02		3.4050000e+02		7.1196374e+02		8.1348216e+02		2.4512925e+03		1.1365310e+03		7.6434171e+02		3.7218926e+02
3.4100000e+02		3.4200000e+02		3.4150000e+02		6.4984945e+02		7.4178670e+02		2.2330526e+03		1.0341161e+03		6.9165869e+02		3.4245737e+02
3.4200000e+02		3.4300000e+02		3.4250000e+02		7.0477558e+02		8.0370131e+02		2.4170731e+03		1.1180081e+03		7.4365786e+02		3.7435024e+02
3.4300000e+02		3.4400000e+02		3.4350000e+02		6.9264465e+02		7.8910232e+02		2.3708609e+03		1.0953345e+03		7.2455302e+02		3.7078144e+02
3.4400000e+02		3.4500000e+02		3.4450000e+02		5.5710877e+02		6.3407901e+02		1.9032517e+03		8.7826009e+02		5.7773865e+02		3.0052144e+02
3.4500000e+02		3.4600000e+02		3.4550000e+02		6.7138909e+02		7.6341342e+02		2.2892603e+03		1.0551378e+03		6.9022722e+02		3.6491055e+02
3.4600000e+02		3.4700000e+02		3.4650000e+02		6.5194093e+02		7.4058947e+02		2.2186967e+03		1.0214094e+03		6.6442708e+02		3.5698232e+02
3.4700000e+02		3.4800000e+02		3.4750000e+02		6.4525828e+02		7.3229884e+02		2.1917764e+03		1.0078293e+03		6.5191216e+02		3.5591718e+02
3.4800000e+02		3.4900000e+02		3.4850000e+02		6.6761091e+02		7.5694689e+02		2.2634104e+03		1.0395463e+03		6.6863749e+02		3.7090885e+02
3.4900000e+02		3.5000000e+02		3.4950000e+02		6.3989005e+02		7.2483032e+02		2.1653432e+03		9.9334046e+02		6.3530179e+02		3.5803866e+02
3.5000000e+02		3.5100000e+02		3.5050000e+02		7.6650484e+02		8.6743463e+02		2.5889409e+03		1.1862751e+03		7.5438477e+02		4.3189038e+02
3.5100000e+02		3.5200000e+02		3.5150000e+02		7.1211510e+02		8.0512774e+02		2.4007541e+03		1.0987630e+03		6.9474843e+02		4.0401455e+02
3.5200000e+02		3.5300000e+02		3.5250000e+02		6.5785102e+02		7.4308213e+02		2.2137050e+03		1.0119762e+03		6.3621018e+02		3.7576601e+02
3.5300000e+02		3.5400000e+02		3.5350000e+02		7.5263834e+02		8.4936085e+02		2.5280040e+03		1.1543134e+03		7.2152538e+02		4.3278798e+02
3.5400000e+02		3.5500000e+02		3.5450000e+02		8.0329241e+02		9.0568714e+02		2.6932013e+03		1.2283199e+03		7.6335735e+02		4.6496257e+02
3.5500000e+02		3.5600000e+02		3.5550000e+02		7.5433512e+02		8.4970768e+02		2.5244561e+03		1.1500282e+03		7.1056606e+02		4.3946218e+02
3.5600000e+02		3.5700000e+02		3.5650000e+02		6.5576441e+02		7.3799906e+02		2.1906060e+03		9.9679153e+02		6.1230956e+02		3.8448197e+02
3.5700000e+02		3.5800000e+02		3.5750000e+02		5.7307986e+02		6.4435910e+02		1.9109494e+03		8.6854038e+02		5.3041862e+02		3.3812176e+02
3.5800000e+02		3.5900000e+02		3.5850000e+02		4.9194729e+02		5.5263499e+02		1.6374758e+03		7.4339211e+02		4.5133620e+02		2.9205591e+02
3.5900000e+02		3.6000000e+02		3.5950000e+02		7.1030971e+02		7.9721728e+02		2.3601037e+03		1.0702318e+03		6.4595918e+02		4.2427258e+02
3.6000000e+02		3.6100000e+02		3.6050000e+02		7.0092701e+02		7.8598288e+02		2.3248123e+03		1.0530278e+03		6.3183514e+02		4.2119269e+02
3.6100000e+02		3.6200000e+02		3.6150000e+02		6.5110481e+02		7.2946548e+02		2.1557705e+03		9.7535174e+02		5.8177313e+02		3.9357860e+02
3.6200000e+02		3.6300000e+02		3.6250000e+02		7.3500056e+02		8.2272993e+02		2.4292970e+03		1.0978619e+03		6.5096930e+02		4.4689263e+02
3.6300000e+02		3.6400000e+02		3.6350000e+02		7.1558904e+02		8.0029731e+02		2.3610368e+03		1.0658102e+03		6.2821032e+02		4.3759991e+02
3.6400000e+02		3.6500000e+02		3.6450000e+02		7.4837927e+02		8.3623771e+02		2.4649709e+03		1.1114773e+03		6.5122391e+02		4.6025342e+02
3.6500000e+02		3.6600000e+02		3.6550000e+02		8.5179486e+02		9.5096742e+02		2.8007922e+03		1.2614879e+03		7.3469928e+02		5.2678859e+02
3.6600000e+02		3.6700000e+02		3.6650000e+02		9.1042532e+02		1.0155467e+03		2.9884838e+03		1.3445229e+03		7.7836612e+02		5.6615679e+02
3.6700000e+02		3.6800000e+02		3.6750000e+02		8.7909512e+02		9.7975774e+02		2.8807663e+03		1.2946197e+03		7.4497140e+02		5.4964831e+02
3.6800000e+02		3.6900000e+02		3.6850000e+02		8.1047729e+02		9.0251266e+02		2.6514503e+03		1.1902450e+03		6.8078192e+02		5.0946304e+02
3.6900000e+02		3.7000000e+02		3.6950000e+02		8.9967825e+02		1.0009944e+03		2.9383616e+03		1.3175849e+03		7.4906114e+02		5.6852376e+02
3.7000000e+02		3.7100000e+02		3.7050000e+02		8.4427990e+02		9.3856690e+02		2.7528641e+03		1.2330495e+03		6.9675322e+02		5.3629624e+02
3.7100000e+02		3.7200000e+02		3.7150000e+02		8.7164560e+02		9.6817856e+02		2.8374191e+03		1.2695314e+03		7.1300851e+02		5.5652291e+02
3.7200000e+02		3.7300000e+02		3.7250000e+02		7.2411383e+02		8.0363990e+02		2.3533176e+03		1.0517842e+03		5.8711577e+02		4.6466846e+02
3.7300000e+02		3.7400000e+02		3.7350000e+02		6.3155746e+02		7.0034020e+02		2.0491873e+03		9.1486255e+02		5.0756532e+02		4.0729722e+02
3.7400000e+02		3.7500000e+02		3.7450000e+02		6.4642322e+02		7.1623754e+02		2.0940437e+03		9.3387766e+02		5.1494204e+02		4.1893561e+02
3.7500000e+02		3.7600000e+02		3.7550000e+02		7.4036161e+02		8.1965367e+02		2.3945154e+03		1.0667285e+03		5.8458537e+02		4.8214315e+02
3.7600000e+02		3.7700000e+02		3.7650000e+02		7.6758018e+02		8.4910039e+02		2.4786054e+03		1.1030055e+03		6.0074600e+02		5.0225952e+02
3.7700000e+02		3.7800000e+02		3.7750000e+02		9.0048278e+02		9.9531814e+02		2.9031793e+03		1.2905660e+03		6.9856399e+02		5.9200203e+02
3.7800000e+02		3.7900000e+02		3.7850000e+02		9.3786543e+02		1.0358114e+03		3.0189695e+03		1.3406123e+03		7.2116667e+02		6.1944563e+02
3.7900000e+02		3.8000000e+02		3.7950000e+02		7.6051322e+02		8.3927255e+02		2.4442726e+03		1.0842621e+03		5.7965161e+02		5.0461054e+02
3.8000000e+02		3.8100000e+02		3.8050000e+02		8.2814537e+02		9.1319045e+02		2.6575354e+03		1.1776222e+03		6.2565215e+02		5.5197002e+02
3.8100000e+02		3.8200000e+02		3.8150000e+02		7.4366886e+02		8.1939885e+02		2.3827945e+03		1.0547703e+03		5.5689471e+02		4.9787554e+02
3.8200000e+02		3.8300000e+02		3.8250000e+02		5.3336093e+02		5.8721937e+02		1.7063480e+03		7.5454543e+02		3.9589772e+02		3.5864771e+02
3.8300000e+02		3.8400000e+02		3.8350000e+02		4.7073026e+02		5.1786570e+02		1.5037057e+03		6.6424649e+02		3.4634068e+02		3.1790582e+02
3.8400000e+02		3.8500000e+02		3.8450000e+02		6.2969557e+02		6.9221972e+02		2.0084941e+03		8.8631438e+02		4.5923290e+02		4.2708148e+02
3.8500000e+02		3.8600000e+02		3.8550000e+02		6.6694888e+02		7.3261637e+02		2.1241567e+03		9.3638999e+02		4.8213356e+02		4.5425643e+02
3.8600000e+02		3.8700000e+02		3.8650000e+02		6.6977732e+02		7.3516985e+02		2.1300186e+03		9.3801279e+02		4.7993156e+02		4.5808123e+02
3.8700000e+02		3.8800000e+02		3.8750000e+02		6.6902499e+02		7.3379577e+02		2.1245116e+03		9.3463455e+02		4.7518965e+02		4.5944490e+02
3.8800000e+02		3.8900000e+02		3.8850000e+02		6.7841027e+02		7.4353827e+02		2.1511853e+03		9.4540986e+02		4.7763330e+02		4.6777656e+02
3.8900000e+02		3.9000000e+02		3.8950000e+02		8.1451188e+02		8.9204921e+02		2.5790295e+03		1.1322971e+03		5.6843270e+02		5.6386444e+02
3.9000000e+02		3.9100000e+02		3.9050000e+02		8.5560997e+02		9.3637569e+02		2.7052849e+03		1.1865366e+03		5.9188714e+02		5.9464948e+02
3.9100000e+02		3.9200000e+02		3.9150000e+02		9.2006232e+02		1.0061827e+03		2.9049422e+03		1.2728345e+03		6.3090481e+02		6.4192967e+02
3.9200000e+02		3.9300000e+02		3.9250000e+02		7.0614281e+02		7.7168470e+02		2.2263869e+03		9.7454891e+02		4.7998187e+02		4.9456704e+02
3.9300000e+02		3.9400000e+02		3.9350000e+02		4.3291589e+02		4.7276032e+02		1.3630264e+03		5.9604365e+02		2.9169150e+02		3.0435215e+02
3.9400000e+02		3.9500000e+02		3.9450000e+02		7.1565803e+02		7.8097222e+02		2.2501094e+03		9.8299330e+02		4.7798702e+02		5.0500628e+02
3.9500000e+02		3.9600000e+02		3.9550000e+02		8.7888136e+02		9.5841859e+02		2.7595002e+03		1.2043501e+03		5.8188015e+02		6.2246993e+02
3.9600000e+02		3.9700000e+02		3.9650000e+02		6.0712893e+02		6.6161178e+02		1.9036535e+03		8.3001875e+02		3.9845517e+02		4.3156358e+02
3.9700000e+02		3.9800000e+02		3.9750000e+02		6.8053003e+02		7.4108718e+02		2.1309132e+03		9.2820892e+02		4.4273481e+02		4.8547412e+02
3.9800000e+02		3.9900000e+02		3.9850000e+02		1.0480559e+03		1.1405348e+03		3.2773215e+03		1.4262030e+03		6.7589827e+02		7.5030472e+02
3.9900000e+02		4.0000000e+02		3.9950000e+02		1.1577145e+03		1.2590123e+03		3.6154043e+03		1.5718235e+03		7.4011911e+02		8.3170438e+02
4.0000000e+02		4.0100000e+02		4.0050000e+02		1.1939713e+03		1.2975652e+03		3.7237002e+03		1.6173669e+03		7.5665884e+02		8.6070803e+02
4.0100000e+02		4.0200000e+02		4.0150000e+02		1.2509583e+03		1.3585864e+03		3.8963115e+03		1.6907398e+03		7.8588325e+02		9.0485653e+02
4.0200000e+02		4.0300000e+02		4.0250000e+02		1.2664199e+03		1.3744649e+03		3.9393372e+03		1.7078033e+03		7.8868734e+02		9.1911601e+02
4.0300000e+02		4.0400000e+02		4.0350000e+02		1.2115903e+03		1.3140912e+03		3.7639199e+03		1.6302305e+03		7.4799363e+02		8.8223683e+02
4.0400000e+02		4.0500000e+02		4.0450000e+02		1.1914959e+03		1.2914523e+03		3.6967564e+03		1.5996528e+03		7.2921022e+02		8.7044257e+02
4.0500000e+02		4.0600000e+02		4.0550000e+02		1.1904731e+03		1.2895073e+03		3.6888931e+03		1.5947755e+03		7.2227240e+02		8.7250314e+02
4.0600000e+02		4.0700000e+02		4.0650000e+02		1.1388815e+03		1.2328308e+03		3.5245827e+03		1.5223417e+03		6.8499033e+02		8.3735141e+02
4.0700000e+02		4.0800000e+02		4.0750000e+02		1.1575323e+03		1.2522211e+03		3.5778278e+03		1.5439285e+03		6.9018701e+02		8.5374146e+02
4.0800000e+02		4.0900000e+02		4.0850000e+02		1.2307397e+03		1.3305750e+03		3.7993920e+03		1.6380513e+03		7.2749664e+02		9.1055464e+02
4.0900000e+02		4.1000000e+02		4.0950000e+02		1.2243097e+03		1.3227932e+03		3.7748977e+03		1.6260225e+03		7.1744829e+02		9.0857425e+02
4.1000000e+02		4.1100000e+02		4.1050000e+02		1.1216634e+03		1.2111362e+03		3.4541948e+03		1.4865466e+03		6.5162818e+02		8.3491845e+02
4.1100000e+02		4.1200000e+02		4.1150000e+02		1.3003372e+03		1.4031962e+03		3.9995857e+03		1.7197266e+03		7.4891897e+02		9.7080763e+02
4.1200000e+02		4.1300000e+02		4.1250000e+02		1.2760342e+03		1.3761283e+03		3.9201295e+03		1.6840689e+03		7.2859513e+02		9.5547374e+02
4.1300000e+02		4.1400000e+02		4.1350000e+02		1.2308584e+03		1.3266035e+03		3.7768487e+03		1.6210873e+03		6.9675611e+02		9.2433117e+02
4.1400000e+02		4.1500000e+02		4.1450000e+02		1.2488872e+03		1.3452248e+03		3.8276514e+03		1.6414547e+03		7.0088753e+02		9.4056722e+02
4.1500000e+02		4.1600000e+02		4.1550000e+02		1.2477523e+03		1.3432005e+03		3.8197019e+03		1.6366209e+03		6.9424006e+02		9.4238079e+02
4.1600000e+02		4.1700000e+02		4.1650000e+02		1.2947363e+03		1.3929539e+03		3.9589369e+03		1.6948123e+03		7.1420447e+02		9.8060779e+02
4.1700000e+02		4.1800000e+02		4.1750000e+02		1.1781342e+03		1.2667629e+03		3.5982586e+03		1.5390834e+03		6.4431731e+02		8.9476608e+02
4.1800000e+02		4.1900000e+02		4.1850000e+02		1.2217101e+03		1.3128527e+03		3.7270937e+03		1.5928291e+03		6.6243133e+02		9.3039777e+02
4.1900000e+02		4.2000000e+02		4.1950000e+02		1.2338424e+03		1.3251252e+03		3.7598501e+03		1.6054649e+03		6.6329081e+02		9.4217409e+02
4.2000000e+02		4.2100000e+02		4.2050000e+02		1.2494927e+03		1.3411658e+03		3.8032718e+03		1.6226371e+03		6.6596834e+02		9.5666881e+02
4.2100000e+02		4.2200000e+02		4.2150000e+02		1.2299982e+03		1.3194923e+03		3.7397711e+03		1.5942086e+03		6.4998588e+02		9.4422274e+02
4.2200000e+02		4.2300000e+02		4.2250000e+02		1.1657134e+03		1.2498269e+03		3.5404078e+03		1.5079670e+03		6.1076602e+02		8.9720099e+02
4.2300000e+02		4.2400000e+02		4.2350000e+02		1.2419943e+03		1.3308695e+03		3.7679585e+03		1.6035606e+03		6.4519414e+02		9.5836650e+02
4.2400000e+02		4.2500000e+02		4.2450000e+02		1.2850442e+03		1.3762388e+03		3.8943375e+03		1.6559831e+03		6.6188226e+02		9.9410087e+02
4.2500000e+02		4.2600000e+02		4.2550000e+02		1.2367256e+03		1.3237652e+03		3.7438796e+03		1.5907046e+03		6.3158537e+02		9.5911926e+02
4.2600000e+02		4.2700000e+02		4.2650000e+02		1.2316584e+03		1.3176250e+03		3.7245666e+03		1.5812156e+03		6.2366193e+02		9.5755362e+02
4.2700000e+02		4.2800000e+02		4.2750000e+02		1.1420512e+03		1.2211052e+03		3.4499430e+03		1.4634477e+03		5.7338859e+02		8.9005915e+02
4.2800000e+02		4.2900000e+02		4.2850000e+02		1.1495483e+03		1.2284647e+03		3.4689524e+03		1.4703336e+03		5.7226801e+02		8.9806564e+02
4.2900000e+02		4.3000000e+02		4.2950000e+02		1.0698649e+03		1.1427056e+03		3.2251410e+03		1.3659060e+03		5.2809772e+02		8.3780824e+02
4.3000000e+02		4.3100000e+02		4.3050000e+02		8.6065012e+02		9.1876402e+02		2.5917845e+03		1.0968009e+03		4.2123984e+02		6.7556108e+02
4.3100000e+02		4.3200000e+02		4.3150000e+02		1.0641754e+03		1.1354407e+03		3.2014135e+03		1.3537229e+03		5.1646139e+02		8.3726156e+02
4.3200000e+02		4.3300000e+02		4.3250000e+02		1.1990384e+03		1.2786750e+03		3.6034769e+03		1.5225485e+03		5.7701085e+02		9.4553761e+02
4.3300000e+02		4.3400000e+02		4.3350000e+02		1.3017454e+03		1.3874933e+03		3.9082159e+03		1.6500289e+03		6.2116593e+02		1.0288630e+03
4.3400000e+02		4.3500000e+02		4.3450000e+02		1.1054356e+03		1.1776548e+03		3.3155342e+03		1.3987253e+03		5.2305842e+02		8.7566684e+02
4.3500000e+02		4.3600000e+02		4.3550000e+02		1.2347447e+03		1.3147504e+03		3.6997171e+03		1.5596083e+03		5.7934009e+02		9.8026824e+02
4.3600000e+02		4.3700000e+02		4.3650000e+02		1.3814970e+03		1.4702784e+03		4.1353878e+03		1.7419418e+03		6.4276255e+02		1.0991793e+03
4.3700000e+02		4.3800000e+02		4.3750000e+02		1.2223713e+03		1.3002838e+03		3.6555104e+03		1.5386436e+03		5.6396547e+02		9.7467816e+02
4.3800000e+02		4.3900000e+02		4.3850000e+02		1.1905029e+03		1.2657639e+03		3.5567845e+03		1.4959683e+03		5.4466964e+02		9.5129869e+02
4.3900000e+02		4.4000000e+02		4.3950000e+02		1.3250738e+03		1.4081580e+03		3.9550590e+03		1.6622443e+03		6.0117475e+02		1.0610696e+03
4.4000000e+02		4.4100000e+02		4.4050000e+02		1.2562739e+03		1.3344016e+03		3.7461624e+03		1.5732862e+03		5.6520707e+02		1.0080792e+03
4.4100000e+02		4.4200000e+02		4.4150000e+02		1.3817384e+03		1.4669685e+03		4.1164323e+03		1.7275220e+03		6.1647618e+02		1.1110458e+03
4.4200000e+02		4.4300000e+02		4.4250000e+02		1.4526378e+03		1.5415117e+03		4.3236337e+03		1.8131559e+03		6.4271693e+02		1.1704389e+03
4.4300000e+02		4.4400000e+02		4.4350000e+02		1.4050936e+03		1.4903596e+03		4.1782718e+03		1.7509299e+03		6.1651587e+02		1.1344140e+03
4.4400000e+02		4.4500000e+02		4.4450000e+02		1.4475318e+03		1.5346595e+03		4.3005388e+03		1.8008724e+03		6.2986643e+02		1.1710060e+03
4.4500000e+02		4.4600000e+02		4.4550000e+02		1.3420773e+03		1.4222021e+03		3.9836304e+03		1.6669757e+03		5.7914053e+02		1.0878352e+03
4.4600000e+02		4.4700000e+02		4.4650000e+02		1.3689269e+03		1.4499922e+03		4.0596810e+03		1.6975965e+03		5.8583799e+02		1.1117585e+03
4.4700000e+02		4.4800000e+02		4.4750000e+02		1.4837056e+03		1.5708564e+03		4.3961540e+03		1.8370032e+03		6.2971009e+02		1.2072931e+03
4.4800000e+02		4.4900000e+02		4.4850000e+02		1.4587166e+03		1.5437066e+03		4.3183013e+03		1.8032110e+03		6.1399419e+02		1.1892169e+03
4.4900000e+02		4.5000000e+02		4.4950000e+02		1.4737837e+03		1.5589578e+03		4.3590909e+03		1.8189815e+03		6.1522267e+02		1.2037588e+03
4.5000000e+02		4.5100000e+02		4.5050000e+02		1.5636828e+03		1.6533231e+03		4.6209821e+03		1.9269368e+03		6.4737709e+02		1.2795597e+03
4.5100000e+02		4.5200000e+02		4.5150000e+02		1.5589734e+03		1.6476233e+03		4.6031067e+03		1.9181704e+03		6.4012134e+02		1.2780490e+03
4.5200000e+02		4.5300000e+02		4.5250000e+02		1.4757889e+03		1.5590328e+03		4.3537804e+03		1.8130413e+03		6.0099055e+02		1.2120508e+03
4.5300000e+02		4.5400000e+02		4.5350000e+02		1.4141855e+03		1.4933130e+03		4.1685192e+03		1.7347229e+03		5.7118194e+02		1.1635410e+03
4.5400000e+02		4.5500000e+02		4.5450000e+02		1.5096596e+03		1.5934506e+03		4.4462183e+03		1.8490485e+03		6.0475116e+02		1.2442974e+03
4.5500000e+02		4.5600000e+02		4.5550000e+02		1.4952815e+03		1.5776085e+03		4.4002179e+03		1.8287022e+03		5.9409394e+02		1.2346082e+03
4.5600000e+02		4.5700000e+02		4.5650000e+02		1.5527317e+03		1.6375367e+03		4.5655199e+03		1.8961486e+03		6.1188248e+02		1.2842662e+03
4.5700000e+02		4.5800000e+02		4.5750000e+02		1.5677329e+03		1.6526718e+03		4.6058691e+03		1.9116532e+03		6.1275664e+02		1.2988966e+03
4.5800000e+02		4.5900000e+02		4.5850000e+02		1.4734199e+03		1.5526107e+03		4.3252859e+03		1.7940302e+03		5.7120473e+02		1.2228255e+03
4.5900000e+02		4.6000000e+02		4.5950000e+02		1.5222067e+03		1.6033662e+03		4.4649205e+03		1.8507515e+03		5.8531974e+02		1.2654317e+03
4.6000000e+02		4.6100000e+02		4.6050000e+02		1.5039223e+03		1.5834674e+03		4.4077844e+03		1.8258965e+03		5.7359346e+02		1.2523031e+03
4.6100000e+02		4.6200000e+02		4.6150000e+02		1.5386000e+03		1.6193310e+03		4.5058684e+03		1.8653390e+03		5.8206135e+02		1.2832777e+03
4.6200000e+02		4.6300000e+02		4.6250000e+02		1.5538294e+03		1.6347107e+03		4.5469158e+03		1.8811422e+03		5.8306316e+02		1.2980791e+03
4.6300000e+02		4.6400000e+02		4.6350000e+02		1.5018384e+03		1.5793922e+03		4.3913750e+03		1.8156523e+03		5.5899730e+02		1.2566550e+03
4.6400000e+02		4.6500000e+02		4.6450000e+02		1.5281564e+03		1.6064429e+03		4.4649005e+03		1.8449022e+03		5.6420063e+02		1.2807015e+03
4.6500000e+02		4.6600000e+02		4.6550000e+02		1.4760608e+03		1.5510791e+03		4.3094097e+03		1.7795521e+03		5.4057292e+02		1.2389792e+03
4.6600000e+02		4.6700000e+02		4.6650000e+02		1.4854121e+03		1.5603079e+03		4.3334413e+03		1.7883773e+03		5.3961785e+02		1.2487594e+03
4.6700000e+02		4.6800000e+02		4.6750000e+02		1.4997486e+03		1.5747694e+03		4.3719954e+03		1.8031887e+03		5.4044583e+02		1.2627428e+03
4.6800000e+02		4.6900000e+02		4.6850000e+02		1.4665907e+03		1.5393735e+03		4.2721672e+03		1.7609494e+03		5.2425433e+02		1.2366951e+03
4.6900000e+02		4.7000000e+02		4.6950000e+02		1.5086728e+03		1.5829535e+03		4.3915240e+03		1.8090601e+03		5.3497393e+02		1.2740861e+03
4.7000000e+02		4.7100000e+02		4.7050000e+02		1.4256243e+03		1.4952631e+03		4.1467604e+03		1.7072128e+03		5.0147832e+02		1.2057345e+03
4.7100000e+02		4.7200000e+02		4.7150000e+02		1.4904926e+03		1.5627273e+03		4.3323154e+03		1.7825498e+03		5.2010555e+02		1.2624443e+03
4.7200000e+02		4.7300000e+02		4.7250000e+02		1.5269264e+03		1.6003454e+03		4.4350392e+03		1.8237438e+03		5.2856625e+02		1.2951776e+03
4.7300000e+02		4.7400000e+02		4.7350000e+02		1.4995420e+03		1.5710786e+03		4.3524100e+03		1.7887219e+03		5.1494957e+02		1.2737723e+03
4.7400000e+02		4.7500000e+02		4.7450000e+02		1.5448084e+03		1.6179269e+03		4.4806423e+03		1.8403558e+03		5.2627230e+02		1.3140835e+03
4.7500000e+02		4.7600000e+02		4.7550000e+02		1.5413846e+03		1.6137701e+03		4.4675951e+03		1.8339423e+03		5.2093294e+02		1.3130093e+03
4.7600000e+02		4.7700000e+02		4.7650000e+02		1.4853490e+03		1.5545578e+03		4.3022046e+03		1.7650422e+03		4.9801145e+02		1.2670308e+03
4.7700000e+02		4.7800000e+02		4.7750000e+02		1.5508368e+03		1.6225330e+03		4.4888078e+03		1.8405561e+03		5.1584832e+02		1.3247078e+03
4.7800000e+02		4.7900000e+02		4.7850000e+02		1.5358791e+03		1.6063303e+03		4.4424944e+03		1.8205422e+03		5.0683099e+02		1.3137112e+03
4.7900000e+02		4.8000000e+02		4.7950000e+02		1.5403519e+03		1.6104582e+03		4.4524321e+03		1.8235967e+03		5.0429121e+02		1.3193055e+03
4.8000000e+02		4.8100000e+02		4.8050000e+02		1.5442750e+03		1.6140134e+03		4.4607926e+03		1.8260091e+03		5.0158728e+02		1.3244219e+03
4.8100000e+02		4.8200000e+02		4.8150000e+02		1.5475498e+03		1.6168935e+03		4.4672943e+03		1.8276654e+03		4.9869158e+02		1.3289738e+03
4.8200000e+02		4.8300000e+02		4.8250000e+02		1.5416562e+03		1.6102002e+03		4.4473622e+03		1.8185179e+03		4.9288498e+02		1.3256329e+03
4.8300000e+02		4.8400000e+02		4.8350000e+02		1.5183412e+03		1.5853259e+03		4.3772550e+03		1.7888818e+03		4.8161853e+02		1.3072633e+03
4.8400000e+02		4.8500000e+02		4.8450000e+02		1.4920771e+03		1.5573941e+03		4.2987647e+03		1.7558603e+03		4.6957607e+02		1.2862842e+03
4.8500000e+02		4.8600000e+02		4.8550000e+02		1.4021236e+03		1.4630288e+03		4.0370216e+03		1.6480696e+03		4.3781132e+02		1.2102583e+03
4.8600000e+02		4.8700000e+02		4.8650000e+02		1.2173217e+03		1.2697917e+03		3.5027158e+03		1.4291879e+03		3.7713528e+02		1.0520526e+03
4.8700000e+02		4.8800000e+02		4.8750000e+02		1.3927585e+03		1.4523281e+03		4.0049999e+03		1.6332722e+03		4.2811836e+02		1.2051538e+03
4.8800000e+02		4.8900000e+02		4.8850000e+02		1.4651201e+03		1.5273027e+03		4.2104587e+03		1.7161641e+03		4.4685088e+02		1.2693132e+03
4.8900000e+02		4.9000000e+02		4.8950000e+02		1.4372192e+03		1.4977492e+03		4.1277277e+03		1.6815720e+03		4.3492952e+02		1.2466425e+03
4.9000000e+02		4.9100000e+02		4.9050000e+02		1.5307557e+03		1.5947306e+03		4.3936764e+03		1.7889953e+03		4.5963528e+02		1.3293601e+03
4.9100000e+02		4.9200000e+02		4.9150000e+02		1.4425606e+03		1.5023878e+03		4.1380210e+03		1.6840393e+03		4.2979193e+02		1.2542473e+03
4.9200000e+02		4.9300000e+02		4.9250000e+02		1.3729411e+03		1.4294455e+03		3.9359471e+03		1.6009907e+03		4.0588026e+02		1.1951104e+03
4.9300000e+02		4.9400000e+02		4.9350000e+02		1.4509629e+03		1.5102223e+03		4.1571397e+03		1.6901135e+03		4.2562711e+02		1.2644864e+03
4.9400000e+02		4.9500000e+02		4.9450000e+02		1.4929449e+03		1.5534538e+03		4.2748935e+03		1.7371201e+03		4.3455908e+02		1.3025610e+03
4.9500000e+02		4.9600000e+02		4.9550000e+02		1.4663156e+03		1.5252926e+03		4.1961827e+03		1.7042915e+03		4.2351588e+02		1.2807756e+03
4.9600000e+02		4.9700000e+02		4.9650000e+02		1.4846220e+03		1.5438812e+03		4.2461021e+03		1.7237190e+03		4.2550086e+02		1.2982181e+03
4.9700000e+02		4.9800000e+02		4.9750000e+02		1.5123203e+03		1.5722266e+03		4.3228294e+03		1.7540109e+03		4.3010624e+02		1.3239046e+03
4.9800000e+02		4.9900000e+02		4.9850000e+02		1.3744029e+03		1.4284331e+03		3.9263617e+03		1.5923709e+03		3.8788104e+02		1.2044898e+03
4.9900000e+02		5.0000000e+02		4.9950000e+02		1.4721832e+03		1.5296190e+03		4.2033171e+03		1.7038737e+03		4.1229113e+02		1.2915826e+03
