Left Bin Edge (nm)	Right Bin Edge (nm)	Bin Center (nm)		Top of Atm Intensity (erg/s/nm/cm2)		Total Surface Flux (erg/s/nm/cm2)		Total Intensity at BOA (erg/s/nm/cm2)		Total Surface Intensity (erg/s/nm/cm2)		Total Surface Diffuse Intensity (erg/s/nm/cm2)		Total Surface Direct Intensity (erg/s/nm/cm2)
1.0000000e+02		1.0100000e+02		1.0050000e+02		4.4569042e-02		2.4525374e-199		0.0000000e+00		4.2479194e-199		4.2479194e-199		0.0000000e+00
1.0100000e+02		1.0200000e+02		1.0150000e+02		1.7387199e-01		2.8780738e-197		0.0000000e+00		4.9849701e-197		4.9849701e-197		0.0000000e+00
1.0200000e+02		1.0300000e+02		1.0250000e+02		9.2286085e-01		3.0760917e-195		0.0000000e+00		5.3279471e-195		5.3279471e-195		0.0000000e+00
1.0300000e+02		1.0400000e+02		1.0350000e+02		7.0094286e-01		3.0025219e-193		0.0000000e+00		5.2005205e-193		5.2005205e-193		0.0000000e+00
1.0400000e+02		1.0500000e+02		1.0450000e+02		1.4124828e-01		2.6834655e-191		0.0000000e+00		4.6478986e-191		4.6478986e-191		0.0000000e+00
1.0500000e+02		1.0600000e+02		1.0550000e+02		4.8389941e-02		2.2015022e-189		0.0000000e+00		3.8131136e-189		3.8131136e-189		0.0000000e+00
1.0600000e+02		1.0700000e+02		1.0650000e+02		4.5487167e-02		1.6618998e-187		0.0000000e+00		2.8784949e-187		2.8784949e-187		0.0000000e+00
1.0700000e+02		1.0800000e+02		1.0750000e+02		5.0757295e-02		1.1570799e-185		0.0000000e+00		2.0041212e-185		2.0041212e-185		0.0000000e+00
1.0800000e+02		1.0900000e+02		1.0850000e+02		7.1152114e-02		7.4464547e-184		0.0000000e+00		1.2897638e-183		1.2897638e-183		0.0000000e+00
1.0900000e+02		1.1000000e+02		1.0950000e+02		5.5817450e-02		4.4392747e-182		0.0000000e+00		7.6890494e-182		7.6890494e-182		0.0000000e+00
1.1000000e+02		1.1100000e+02		1.1050000e+02		5.4043772e-02		2.4568930e-180		0.0000000e+00		4.2554636e-180		4.2554636e-180		0.0000000e+00
1.1100000e+02		1.1200000e+02		1.1150000e+02		5.0797691e-02		1.2647891e-178		0.0000000e+00		2.1906790e-178		2.1906790e-178		0.0000000e+00
1.1200000e+02		1.1300000e+02		1.1250000e+02		5.1969037e-02		6.0680300e-177		0.0000000e+00		1.0510136e-176		1.0510136e-176		0.0000000e+00
1.1300000e+02		1.1400000e+02		1.1350000e+02		4.1221387e-02		2.7182257e-175		0.0000000e+00		4.7081050e-175		4.7081050e-175		0.0000000e+00
1.1400000e+02		1.1500000e+02		1.1450000e+02		3.1562600e-02		1.1389733e-173		0.0000000e+00		1.9727596e-173		1.9727596e-173		0.0000000e+00
1.1500000e+02		1.1600000e+02		1.1550000e+02		4.3552050e-02		4.4718450e-172		0.0000000e+00		7.7454628e-172		7.7454628e-172		0.0000000e+00
1.1600000e+02		1.1700000e+02		1.1650000e+02		1.0143732e-01		1.6479131e-170		0.0000000e+00		2.8542692e-170		2.8542692e-170		0.0000000e+00
1.1700000e+02		1.1800000e+02		1.1750000e+02		3.6108525e-01		5.7090035e-169		0.0000000e+00		9.8882841e-169		9.8882841e-169		0.0000000e+00
1.1800000e+02		1.1900000e+02		1.1850000e+02		1.2283927e-01		1.8622802e-167		0.0000000e+00		3.2255640e-167		3.2255640e-167		0.0000000e+00
1.1900000e+02		1.2000000e+02		1.1950000e+02		1.7115732e-01		5.7285675e-166		0.0000000e+00		9.9221699e-166		9.9221699e-166		0.0000000e+00
1.2000000e+02		1.2100000e+02		1.2050000e+02		9.3056497e-01		1.6641751e-164		0.0000000e+00		2.8824359e-164		2.8824359e-164		0.0000000e+00
1.2100000e+02		1.2200000e+02		1.2150000e+02		3.6941242e+01		4.5721336e-163		0.0000000e+00		7.9191676e-163		7.9191676e-163		0.0000000e+00
1.2200000e+02		1.2300000e+02		1.2250000e+02		2.4773856e-01		1.1896005e-161		0.0000000e+00		2.0604486e-161		2.0604486e-161		0.0000000e+00
1.2300000e+02		1.2400000e+02		1.2350000e+02		1.3344721e-01		2.9350836e-160		3.5144902e-161		5.0837140e-160		5.0837140e-160		0.0000000e+00
1.2400000e+02		1.2500000e+02		1.2450000e+02		1.0726631e-01		6.8759640e-159		8.4552820e-160		1.1909519e-158		1.1909519e-158		0.0000000e+00
1.2500000e+02		1.2600000e+02		1.2550000e+02		1.0471361e-01		1.5313682e-157		1.9321048e-158		2.6524075e-157		2.6524075e-157		0.0000000e+00
1.2600000e+02		1.2700000e+02		1.2650000e+02		1.4644878e-01		3.2462399e-156		4.2008132e-157		5.6226524e-156		5.6226524e-156		0.0000000e+00
1.2700000e+02		1.2800000e+02		1.2750000e+02		7.6659940e-02		6.5575594e-155		8.7004672e-156		1.1358026e-154		1.1358026e-154		0.0000000e+00
1.2800000e+02		1.2900000e+02		1.2850000e+02		6.1165494e-02		1.2637313e-153		1.7182989e-154		2.1888469e-153		2.1888469e-153		0.0000000e+00
1.2900000e+02		1.3000000e+02		1.2950000e+02		8.1594975e-02		2.3259092e-152		3.2397436e-153		4.0285929e-152		4.0285929e-152		0.0000000e+00
1.3000000e+02		1.3100000e+02		1.3050000e+02		6.7007791e-01		4.0927595e-151		5.8380674e-152		7.0888675e-151		7.0888675e-151		0.0000000e+00
1.3100000e+02		1.3200000e+02		1.3150000e+02		9.0731094e-02		6.8924141e-150		1.0065190e-150		1.1938011e-149		1.1938011e-149		0.0000000e+00
1.3200000e+02		1.3300000e+02		1.3250000e+02		7.0547730e-02		1.1119643e-148		1.6618955e-149		1.9259786e-148		1.9259786e-148		0.0000000e+00
1.3300000e+02		1.3400000e+02		1.3350000e+02		9.5357088e-01		1.7202611e-147		2.6304851e-148		2.9795796e-147		2.9795796e-147		0.0000000e+00
1.3400000e+02		1.3500000e+02		1.3450000e+02		6.5246966e-02		2.5544015e-146		3.9951258e-147		4.4243531e-146		4.4243531e-146		0.0000000e+00
1.3500000e+02		1.3600000e+02		1.3550000e+02		1.3692679e-01		3.6439276e-145		5.8284444e-146		6.3114677e-145		6.3114677e-145		0.0000000e+00
1.3600000e+02		1.3700000e+02		1.3650000e+02		8.9861989e-02		4.9982741e-144		8.1741309e-145		8.6572648e-144		8.6572648e-144		0.0000000e+00
1.3700000e+02		1.3800000e+02		1.3750000e+02		9.2282630e-02		6.5980082e-143		1.1029108e-143		1.1428085e-142		1.1428085e-142		0.0000000e+00
1.3800000e+02		1.3900000e+02		1.3850000e+02		9.4180145e-02		8.3889909e-142		1.4328909e-142		1.4530159e-141		1.4530159e-141		0.0000000e+00
1.3900000e+02		1.4000000e+02		1.3950000e+02		3.1801144e-01		1.0281630e-140		1.7939634e-141		1.7808305e-140		1.7808305e-140		0.0000000e+00
1.4000000e+02		1.4100000e+02		1.4050000e+02		2.7729440e-01		1.2156563e-139		2.1661341e-140		2.1055785e-139		2.1055785e-139		0.0000000e+00
1.4100000e+02		1.4200000e+02		1.4150000e+02		1.3359910e-01		1.3876753e-138		2.5244244e-139		2.4035241e-138		2.4035241e-138		0.0000000e+00
1.4200000e+02		1.4300000e+02		1.4250000e+02		1.4479671e-01		1.5304358e-137		2.8417906e-138		2.6507925e-137		2.6507925e-137		0.0000000e+00
1.4300000e+02		1.4400000e+02		1.4350000e+02		1.6064305e-01		1.6319401e-136		3.0932538e-137		2.8266032e-136		2.8266032e-136		0.0000000e+00
1.4400000e+02		1.4500000e+02		1.4450000e+02		1.5363637e-01		1.6836856e-135		3.2570936e-136		2.9162290e-135		2.9162290e-135		0.0000000e+00
1.4500000e+02		1.4600000e+02		1.4550000e+02		1.6382583e-01		1.6818293e-134		3.3198100e-135		2.9130137e-134		2.9130137e-134		0.0000000e+00
1.4600000e+02		1.4700000e+02		1.4650000e+02		1.9977093e-01		1.6276272e-133		3.2776258e-134		2.8191330e-133		2.8191330e-133		0.0000000e+00
1.4700000e+02		1.4800000e+02		1.4750000e+02		2.4643334e-01		1.5270746e-132		3.1365843e-133		2.6449708e-132		2.6449708e-132		0.0000000e+00
1.4800000e+02		1.4900000e+02		1.4850000e+02		2.4167300e-01		1.3898579e-131		2.9113107e-132		2.4073045e-131		2.4073045e-131		0.0000000e+00
1.4900000e+02		1.5000000e+02		1.4950000e+02		2.1832777e-01		1.2278649e-130		2.6226001e-131		2.1267244e-130		2.1267244e-130		0.0000000e+00
1.5000000e+02		1.5100000e+02		1.5050000e+02		2.4023073e-01		1.0535589e-129		2.2943640e-130		1.8248176e-129		1.8248176e-129		0.0000000e+00
1.5100000e+02		1.5200000e+02		1.5150000e+02		2.5258505e-01		8.7850790e-129		1.9506557e-129		1.5216203e-128		1.5216203e-128		0.0000000e+00
1.5200000e+02		1.5300000e+02		1.5250000e+02		3.2229547e-01		7.1228582e-128		1.6129413e-128		1.2337152e-127		1.2337152e-127		0.0000000e+00
1.5300000e+02		1.5400000e+02		1.5350000e+02		3.5701286e-01		5.6185248e-127		1.2979062e-127		9.7315705e-127		9.7315705e-127		0.0000000e+00
1.5400000e+02		1.5500000e+02		1.5450000e+02		9.5486931e-01		4.3139896e-126		1.0172148e-126		7.4720492e-126		7.4720492e-126		0.0000000e+00
1.5500000e+02		1.5600000e+02		1.5550000e+02		7.8587524e-01		3.2258579e-125		7.7731487e-126		5.5873497e-125		5.5873497e-125		0.0000000e+00
1.5600000e+02		1.5700000e+02		1.5650000e+02		4.6648084e-01		2.3503264e-124		5.8016904e-125		4.0708847e-124		4.0708847e-124		0.0000000e+00
1.5700000e+02		1.5800000e+02		1.5750000e+02		4.2309893e-01		1.6691907e-123		4.2459327e-124		2.8911231e-123		2.8911231e-123		0.0000000e+00
1.5800000e+02		1.5900000e+02		1.5850000e+02		3.9008072e-01		1.1556535e-122		3.0909529e-123		2.0016507e-122		2.0016507e-122		0.0000000e+00
1.5900000e+02		1.6000000e+02		1.5950000e+02		3.8042347e-01		7.7763322e-122		2.4834945e-122		1.3469003e-121		1.3469003e-121		0.0000000e+00
1.6000000e+02		1.6100000e+02		1.6050000e+02		4.1635449e-01		5.1097552e-121		1.8511926e-121		8.8503555e-121		8.8503555e-121		7.0061082e-208
1.6100000e+02		1.6200000e+02		1.6150000e+02		4.7164413e-01		3.2855661e-120		1.2705618e-120		5.6907675e-120		5.6907675e-120		2.0617331e-168
1.6200000e+02		1.6300000e+02		1.6250000e+02		5.2241459e-01		2.0653922e-119		8.3858345e-120		3.5773642e-119		3.5773642e-119		4.0292897e-146
1.6300000e+02		1.6400000e+02		1.6350000e+02		1.1072121e+00		1.2724296e-118		5.1713458e-119		2.2039127e-118		2.2039127e-118		1.7378019e-148
1.6400000e+02		1.6500000e+02		1.6450000e+02		1.1323318e+00		7.6722372e-118		3.0777508e-118		1.3288705e-117		1.3288705e-117		5.9824381e-159
1.6500000e+02		1.6600000e+02		1.6550000e+02		1.3255566e+00		4.5275353e-117		1.7801484e-117		7.8419211e-117		7.8419211e-117		1.5637777e-175
1.6600000e+02		1.6700000e+02		1.6650000e+02		6.2522883e-01		2.6153368e-116		1.0044830e-116		4.5298962e-116		4.5298962e-116		7.6595873e-199
1.6700000e+02		1.6800000e+02		1.6750000e+02		6.6723830e-01		1.4788055e-115		5.5743734e-116		2.5613663e-115		2.5613663e-115		3.0728559e-223
1.6800000e+02		1.6900000e+02		1.6850000e+02		7.1904320e-01		8.1897574e-115		3.0316101e-115		1.4185076e-114		1.4185076e-114		2.2395533e-253
1.6900000e+02		1.7000000e+02		1.6950000e+02		9.0554889e-01		4.4438426e-114		1.6171791e-114		7.6969612e-114		7.6969612e-114		1.2192777e-290
1.7000000e+02		1.7100000e+02		1.7050000e+02		1.0161854e+00		2.3630753e-113		8.4883067e-114		4.0929664e-113		4.0929664e-113		0.0000000e+00
1.7100000e+02		1.7200000e+02		1.7150000e+02		1.0130704e+00		1.2320231e-112		4.3781291e-113		2.1339267e-112		2.1339267e-112		0.0000000e+00
1.7200000e+02		1.7300000e+02		1.7250000e+02		1.0571150e+00		6.3000603e-112		2.2185675e-112		1.0912025e-111		1.0912025e-111		0.0000000e+00
1.7300000e+02		1.7400000e+02		1.7350000e+02		1.0479596e+00		3.1603729e-111		1.1086630e-111		5.4739264e-111		5.4739264e-111		0.0000000e+00
1.7400000e+02		1.7500000e+02		1.7450000e+02		1.2530722e+00		1.5559781e-110		5.4480409e-111		2.6950332e-110		2.6950332e-110		0.0000000e+00
1.7500000e+02		1.7600000e+02		1.7550000e+02		1.4954862e+00		7.5218612e-110		2.6270475e-110		1.3028246e-109		1.3028246e-109		0.0000000e+00
1.7600000e+02		1.7700000e+02		1.7650000e+02		1.6135596e+00		3.5707094e-109		1.2490964e-109		6.1846500e-109		6.1846500e-109		0.0000000e+00
1.7700000e+02		1.7800000e+02		1.7750000e+02		1.9010195e+00		1.6651697e-108		5.8470869e-109		2.8841585e-108		2.8841585e-108		0.0000000e+00
1.7800000e+02		1.7900000e+02		1.7850000e+02		2.0776624e+00		7.6318285e-108		2.6865765e-108		1.3218715e-107		1.3218715e-107		0.0000000e+00
1.7900000e+02		1.8000000e+02		1.7950000e+02		2.0198657e+00		3.4382073e-107		1.2158079e-107		5.9551497e-107		5.9551497e-107		0.0000000e+00
1.8000000e+02		1.8100000e+02		1.8050000e+02		2.4976225e+00		1.5229281e-106		5.4242205e-107		2.6377889e-106		2.6377889e-106		0.0000000e+00
1.8100000e+02		1.8200000e+02		1.8150000e+02		3.0410490e+00		6.6351105e-106		2.3793023e-106		1.1492348e-105		1.1492348e-105		0.0000000e+00
1.8200000e+02		1.8300000e+02		1.8250000e+02		2.8073836e+00		2.8441578e-105		1.0265852e-105		4.9262259e-105		4.9262259e-105		0.0000000e+00
1.8300000e+02		1.8400000e+02		1.8350000e+02		2.9562417e+00		1.1996921e-104		4.3671352e-105		2.0779278e-104		2.0779278e-104		0.0000000e+00
1.8400000e+02		1.8500000e+02		1.8450000e+02		2.5409769e+00		4.9810905e-104		1.8307204e-104		8.6275018e-104		8.6275018e-104		0.0000000e+00
1.8500000e+02		1.8600000e+02		1.8550000e+02		2.8735562e+00		2.0364143e-103		7.5505612e-104		3.5271731e-103		3.5271731e-103		0.0000000e+00
1.8600000e+02		1.8700000e+02		1.8650000e+02		3.2604304e+00		8.1995273e-103		3.0668446e-103		1.4201998e-102		1.4201998e-102		0.0000000e+00
1.8700000e+02		1.8800000e+02		1.8750000e+02		3.6946466e+00		3.2521390e-102		1.2287236e-102		5.6328701e-102		5.6328701e-102		0.0000000e+00
1.8800000e+02		1.8900000e+02		1.8850000e+02		3.8870616e+00		1.2709388e-101		4.8536744e-102		2.2013305e-101		2.2013305e-101		0.0000000e+00
1.8900000e+02		1.9000000e+02		1.8950000e+02		4.3106081e+00		4.8953492e-101		1.8885171e-101		8.4789935e-101		8.4789935e-101		0.0000000e+00
1.9000000e+02		1.9100000e+02		1.9050000e+02		4.4384288e+00		1.8588484e-100		7.2402652e-101		3.2196198e-100		3.2196198e-100		0.0000000e+00
1.9100000e+02		1.9200000e+02		1.9150000e+02		4.8094361e+00		6.9594728e-100		2.7388464e-100		1.2054160e-99		1.2054160e-99		0.0000000e+00
1.9200000e+02		1.9300000e+02		1.9250000e+02		5.0365493e+00		2.5696584e-99		1.0224756e-99		4.4507789e-99		4.4507789e-99		0.0000000e+00
1.9300000e+02		1.9400000e+02		1.9350000e+02		3.8447944e+00		9.3595269e-99		3.7648530e-99		1.6211176e-98		1.6211176e-98		0.0000000e+00
1.9400000e+02		1.9500000e+02		1.9450000e+02		6.1679797e+00		3.3636888e-98		1.3668982e-98		5.8260798e-98		5.8260798e-98		0.0000000e+00
1.9500000e+02		1.9600000e+02		1.9550000e+02		5.9528271e+00		1.1929911e-97		4.8972345e-98		2.0663212e-97		2.0663212e-97		0.0000000e+00
1.9600000e+02		1.9700000e+02		1.9650000e+02		6.5508102e+00		4.1762893e-97		1.7327395e-97		7.2335453e-97		7.2335453e-97		0.0000000e+00
1.9700000e+02		1.9800000e+02		1.9750000e+02		6.5190955e+00		1.4433319e-96		6.0546146e-97		2.4999242e-96		2.4999242e-96		0.0000000e+00
1.9800000e+02		1.9900000e+02		1.9850000e+02		6.3883794e+00		4.9256305e-96		2.0886992e-96		8.5314422e-96		8.5314422e-96		0.0000000e+00
1.9900000e+02		2.0000000e+02		1.9950000e+02		6.7274707e+00		1.6602293e-95		7.1132034e-96		2.8756015e-95		2.8756015e-95		0.0000000e+00
2.0000000e+02		2.0100000e+02		2.0050000e+02		7.1125146e+00		5.5278626e-95		2.3926414e-95		9.5745388e-95		9.5745388e-95		0.0000000e+00
2.0100000e+02		2.0200000e+02		2.0150000e+02		7.5701275e+00		1.8184298e-94		7.9537730e-95		3.1496129e-94		3.1496129e-94		0.0000000e+00
2.0200000e+02		2.0300000e+02		2.0250000e+02		7.4828608e+00		5.9110291e-94		2.6135522e-94		1.0238203e-93		1.0238203e-93		0.0000000e+00
2.0300000e+02		2.0400000e+02		2.0350000e+02		8.0092047e+00		1.8990590e-93		8.4887609e-94		3.2892666e-93		3.2892666e-93		0.0000000e+00
2.0400000e+02		2.0500000e+02		2.0450000e+02		8.6207445e+00		6.0311665e-93		2.7253935e-93		1.0446287e-92		1.0446287e-92		0.0000000e+00
2.0500000e+02		2.0600000e+02		2.0550000e+02		8.6400754e+00		1.8937638e-92		8.6506466e-93		3.2800951e-92		3.2800951e-92		0.0000000e+00
2.0600000e+02		2.0700000e+02		2.0650000e+02		8.6510225e+00		5.8801070e-92		2.7149147e-92		1.0184644e-91		1.0184644e-91		0.0000000e+00
2.0700000e+02		2.0800000e+02		2.0750000e+02		9.3957826e+00		1.8057198e-91		8.4259789e-92		3.1275985e-91		3.1275985e-91		0.0000000e+00
2.0800000e+02		2.0900000e+02		2.0850000e+02		1.0163489e+01		5.4851723e-91		2.5865062e-91		9.5005972e-91		9.5005972e-91		0.0000000e+00
2.0900000e+02		2.1000000e+02		2.0950000e+02		1.3129215e+01		1.6484336e-90		7.8545439e-91		2.8551708e-90		2.8551708e-90		0.0000000e+00
2.1000000e+02		2.1100000e+02		2.1050000e+02		1.6183343e+01		4.9018274e-90		2.3601486e-90		8.4902141e-90		8.4902141e-90		0.0000000e+00
2.1100000e+02		2.1200000e+02		2.1150000e+02		1.8424170e+01		1.4425012e-89		7.0181162e-90		2.4984855e-89		2.4984855e-89		0.0000000e+00
2.1200000e+02		2.1300000e+02		2.1250000e+02		1.6428561e+01		4.2015497e-89		2.0655433e-89		7.2772976e-89		7.2772976e-89		0.0000000e+00
2.1300000e+02		2.1400000e+02		2.1350000e+02		1.6737981e+01		1.2114442e-88		6.0174540e-89		2.0982830e-88		2.0982830e-88		0.0000000e+00
2.1400000e+02		2.1500000e+02		2.1450000e+02		2.1432541e+01		3.4582451e-88		1.7356448e-88		5.9898562e-88		5.9898562e-88		0.0000000e+00
2.1500000e+02		2.1600000e+02		2.1550000e+02		1.8408135e+01		9.7751343e-88		4.9577375e-88		1.6931029e-87		1.6931029e-87		0.0000000e+00
2.1600000e+02		2.1700000e+02		2.1650000e+02		1.7036901e+01		2.7363085e-87		1.4025596e-87		4.7394254e-87		4.7394254e-87		0.0000000e+00
2.1700000e+02		2.1800000e+02		2.1750000e+02		1.7640866e+01		7.5864497e-87		3.9305574e-87		1.3140116e-86		1.3140116e-86		0.0000000e+00
2.1800000e+02		2.1900000e+02		2.1850000e+02		2.3730294e+01		2.0835535e-86		1.0911702e-86		3.6088205e-86		3.6088205e-86		0.0000000e+00
2.1900000e+02		2.2000000e+02		2.1950000e+02		2.5052511e+01		5.6691653e-86		3.0011927e-86		9.8192823e-86		9.8192823e-86		0.0000000e+00
2.2000000e+02		2.2100000e+02		2.2050000e+02		2.5203754e+01		1.5283791e-85		8.1802931e-86		2.6472303e-85		2.6472303e-85		0.0000000e+00
2.2100000e+02		2.2200000e+02		2.2150000e+02		2.0176768e+01		4.0831296e-85		2.2099381e-85		7.0721879e-85		7.0721879e-85		0.0000000e+00
2.2200000e+02		2.2300000e+02		2.2250000e+02		2.7154039e+01		1.0810735e-84		5.9183915e-85		1.8724743e-84		1.8724743e-84		0.0000000e+00
2.2300000e+02		2.2400000e+02		2.2350000e+02		3.5163062e+01		2.8370794e-84		1.5713228e-84		4.9139657e-84		4.9139657e-84		0.0000000e+00
2.2400000e+02		2.2500000e+02		2.2450000e+02		3.2875934e+01		7.3805591e-84		4.1366017e-84		1.2783503e-83		1.2783503e-83		0.0000000e+00
2.2500000e+02		2.2600000e+02		2.2550000e+02		2.8720078e+01		1.9034942e-83		1.0800440e-83		3.2969487e-83		3.2969487e-83		0.0000000e+00
2.2600000e+02		2.2700000e+02		2.2650000e+02		2.1037217e+01		4.8675172e-83		2.7970291e-83		8.4307872e-83		8.4307872e-83		0.0000000e+00
2.2700000e+02		2.2800000e+02		2.2750000e+02		2.0463841e+01		1.2342056e-82		7.1877016e-83		2.1377069e-82		2.1377069e-82		0.0000000e+00
2.2800000e+02		2.2900000e+02		2.2850000e+02		2.8509984e+01		3.1035297e-82		1.8323738e-82		5.3754711e-82		5.3754711e-82		9.7182713e-321
2.2900000e+02		2.3000000e+02		2.2950000e+02		2.5620938e+01		7.7398547e-82		4.6366386e-82		1.3405822e-81		1.3405822e-81		1.7153125e-284
2.3000000e+02		2.3100000e+02		2.3050000e+02		2.9055844e+01		1.9144183e-81		1.1651216e-81		3.3158697e-81		3.3158697e-81		7.6797330e-250
2.3100000e+02		2.3200000e+02		2.3150000e+02		2.7387429e+01		4.6970209e-81		2.9070070e-81		8.1354789e-81		8.1354789e-81		6.6027321e-219
2.3200000e+02		2.3300000e+02		2.3250000e+02		2.9413108e+01		1.1432622e-80		7.2002844e-81		1.9801882e-80		1.9801882e-80		3.1699022e-192
2.3300000e+02		2.3400000e+02		2.3350000e+02		2.6543685e+01		2.7606898e-80		1.7713536e-80		4.7816550e-80		4.7816550e-80		1.7989874e-168
2.3400000e+02		2.3500000e+02		2.3450000e+02		2.3194371e+01		6.6138926e-80		4.3295651e-80		1.1455598e-79		1.1455598e-79		3.4123322e-147
2.3500000e+02		2.3600000e+02		2.3550000e+02		3.1223226e+01		1.5720909e-79		1.0517312e-79		2.7229413e-79		2.7229413e-79		6.4301406e-128
2.3600000e+02		2.3700000e+02		2.3650000e+02		2.8911473e+01		3.7073942e-79		2.5405167e-79		6.4213951e-79		6.4213951e-79		1.3623114e-110
2.3700000e+02		2.3800000e+02		2.3750000e+02		3.0878004e+01		8.6747142e-79		6.1021717e-79		1.5025046e-78		1.5025046e-78		2.9180681e-95
2.3800000e+02		2.3900000e+02		2.3850000e+02		2.5598090e+01		2.0145947e-78		3.1190764e-75		3.4888339e-78		3.4880874e-78		7.4649516e-82
2.3900000e+02		2.4000000e+02		2.3950000e+02		2.7890834e+01		4.1064176e-70		6.3666370e-66		4.1577713e-70		1.2150430e-71		4.0362670e-70
2.4000000e+02		2.4100000e+02		2.4050000e+02		2.5623038e+01		7.6481361e-60		3.1339822e-56		7.7581543e-60		2.6030598e-61		7.4978484e-60
2.4100000e+02		2.4200000e+02		2.4150000e+02		3.0005079e+01		6.4364613e-51		8.4096183e-48		6.5430973e-51		2.5230359e-52		6.2907937e-51
2.4200000e+02		2.4300000e+02		2.4250000e+02		4.1301739e+01		5.9785937e-43		2.8452024e-40		6.0934183e-43		2.7167785e-44		5.8217404e-43
2.4300000e+02		2.4400000e+02		2.4350000e+02		3.8791639e+01		2.7655635e-36		5.5541953e-34		2.8272448e-36		1.4593938e-37		2.6813054e-36
2.4400000e+02		2.4500000e+02		2.4450000e+02		3.6329084e+01		1.3241068e-30		1.2748580e-28		1.3584583e-30		8.1276565e-32		1.2771817e-30
2.4500000e+02		2.4600000e+02		2.4550000e+02		2.9476122e+01		1.2304688e-25		6.1806913e-24		1.2679462e-25		8.8672679e-27		1.1792736e-25
2.4600000e+02		2.4700000e+02		2.4650000e+02		2.8685918e+01		2.1704949e-21		6.3115684e-20		2.2482031e-21		1.8385952e-22		2.0643436e-21
2.4700000e+02		2.4800000e+02		2.4750000e+02		3.1678139e+01		1.2227937e-17		2.2122390e-16		1.2746826e-17		1.2277034e-18		1.1519122e-17
2.4800000e+02		2.4900000e+02		2.4850000e+02		2.5406301e+01		1.4948888e-14		1.8026818e-13		1.5706331e-14		1.7921306e-15		1.3914201e-14
2.4900000e+02		2.5000000e+02		2.4950000e+02		3.0967514e+01		8.2710810e-12		7.1252980e-11		8.7729901e-12		1.1875297e-12		7.5854604e-12
2.5000000e+02		2.5100000e+02		2.5050000e+02		3.3448743e+01		1.3073567e-09		8.5875513e-09		1.4022070e-09		2.2441830e-10		1.1777887e-09
2.5100000e+02		2.5200000e+02		2.5150000e+02		2.7888154e+01		6.0916473e-08		3.2278259e-07		6.6177644e-08		1.2448064e-08		5.3729580e-08
2.5200000e+02		2.5300000e+02		2.5250000e+02		2.5069906e+01		1.5419693e-06		6.8763852e-06		1.7005817e-06		3.7528093e-07		1.3253008e-06
2.5300000e+02		2.5400000e+02		2.5350000e+02		3.1592540e+01		3.0871191e-05		1.2032116e-04		3.4652877e-05		8.9475670e-06		2.5705310e-05
2.5400000e+02		2.5500000e+02		2.5450000e+02		3.5730773e+01		3.4507529e-04		1.2158070e-03		3.9536553e-04		1.1898798e-04		2.7637755e-04
2.5500000e+02		2.5600000e+02		2.5550000e+02		4.8755658e+01		3.1795173e-03		1.0427653e-02		3.7299662e-03		1.3023760e-03		2.4275902e-03
2.5600000e+02		2.5700000e+02		2.5650000e+02		6.2803876e+01		2.0591472e-02		6.4415381e-02		2.4819135e-02		1.0002756e-02		1.4816378e-02
2.5700000e+02		2.5800000e+02		2.5750000e+02		7.8843355e+01		1.0151949e-01		3.0904307e-01		1.2610210e-01		5.8163086e-02		6.7939015e-02
2.5800000e+02		2.5900000e+02		2.5850000e+02		8.2991293e+01		3.4217623e-01		1.0290943e+00		4.3896855e-01		2.2901310e-01		2.0995545e-01
2.5900000e+02		2.6000000e+02		2.5950000e+02		7.0629481e+01		1.6197388e-02		5.0746137e-02		1.9204875e-02		7.1157913e-03		1.2089084e-02
2.6000000e+02		2.6100000e+02		2.6050000e+02		5.7868388e+01		1.2892092e-03		4.3479542e-03		1.4711281e-03		4.3042457e-04		1.0407035e-03
2.6100000e+02		2.6200000e+02		2.6150000e+02		5.9092703e+01		2.2392811e-03		7.3916125e-03		2.5665961e-03		7.7443569e-04		1.7921605e-03
2.6200000e+02		2.6300000e+02		2.6250000e+02		7.0528613e+01		3.9788519e-03		1.2927266e-02		4.5743178e-03		1.4088874e-03		3.1654304e-03
2.6300000e+02		2.6400000e+02		2.6350000e+02		1.0614195e+02		4.7301108e-03		1.5467414e-02		5.4081537e-03		1.6042668e-03		3.8038869e-03
2.6400000e+02		2.6500000e+02		2.6450000e+02		1.6548208e+02		3.5263471e-02		1.0951473e-01		4.1185530e-02		1.4011740e-02		2.7173790e-02
2.6500000e+02		2.6600000e+02		2.6550000e+02		1.7356948e+02		1.0267323e-01		3.1044761e-01		1.2196587e-01		4.5646877e-02		7.6318993e-02
2.6600000e+02		2.6700000e+02		2.6650000e+02		1.6826276e+02		9.2462183e-02		2.7940547e-01		1.0936107e-01		3.9983196e-02		6.9377874e-02
2.6700000e+02		2.6800000e+02		2.6750000e+02		1.6940220e+02		2.6898716e-01		7.9621993e-01		3.2504246e-01		1.3262828e-01		1.9241418e-01
2.6800000e+02		2.6900000e+02		2.6850000e+02		1.6778062e+02		6.0790066e-01		1.7810468e+00		7.4920441e-01		3.3432828e-01		4.1487613e-01
2.6900000e+02		2.7000000e+02		2.6950000e+02		1.5737310e+02		3.3980673e-01		9.9759857e-01		4.1141453e-01		1.6942587e-01		2.4198866e-01
2.7000000e+02		2.7100000e+02		2.7050000e+02		1.8181465e+02		5.5560611e-01		1.6221471e+00		6.7705217e-01		2.8734448e-01		3.8970769e-01
2.7100000e+02		2.7200000e+02		2.7150000e+02		1.5108640e+02		1.3609844e-01		4.0305152e-01		1.6047145e-01		5.7667161e-02		1.0280429e-01
2.7200000e+02		2.7300000e+02		2.7250000e+02		1.2154404e+02		6.8494985e-01		1.9843536e+00		8.4479455e-01		3.7819663e-01		4.6659792e-01
2.7300000e+02		2.7400000e+02		2.7350000e+02		1.2960124e+02		7.2784678e-01		2.1038628e+00		8.9477803e-01		3.9496357e-01		4.9981446e-01
2.7400000e+02		2.7500000e+02		2.7450000e+02		8.9183780e+01		4.4334586e-01		1.2791804e+00		5.4132077e-01		2.3181113e-01		3.0950965e-01
2.7500000e+02		2.7600000e+02		2.7550000e+02		1.1893609e+02		5.5989170e-01		1.6123457e+00		6.8047427e-01		2.8530143e-01		3.9517284e-01
2.7600000e+02		2.7700000e+02		2.7650000e+02		1.6564211e+02		7.4561028e-01		2.1431255e+00		9.0236896e-01		3.7089503e-01		5.3147393e-01
2.7700000e+02		2.7800000e+02		2.7750000e+02		1.5837296e+02		1.2004702e+00		3.4382592e+00		1.4717041e+00		6.4174635e-01		8.2995775e-01
2.7800000e+02		2.7900000e+02		2.7850000e+02		1.0921797e+02		9.2406881e-01		2.6410872e+00		1.1334714e+00		4.9545183e-01		6.3801957e-01
2.7900000e+02		2.8000000e+02		2.7950000e+02		6.1368404e+01		4.7695785e-01		1.3603384e+00		5.8172223e-01		2.4787518e-01		3.3384705e-01
2.8000000e+02		2.8100000e+02		2.8050000e+02		6.7313201e+01		2.6928484e-01		7.6842850e-01		3.2125782e-01		1.2296938e-01		1.9828844e-01
2.8100000e+02		2.8200000e+02		2.8150000e+02		1.3943196e+02		1.0763196e+00		3.0574465e+00		1.3049359e+00		5.4091189e-01		7.6402401e-01
2.8200000e+02		2.8300000e+02		2.8250000e+02		1.8983287e+02		2.0372512e+00		5.7774602e+00		2.4890130e+00		1.0688799e+00		1.4201331e+00
2.8300000e+02		2.8400000e+02		2.8350000e+02		1.9610227e+02		2.2697846e+00		6.4256198e+00		2.7721015e+00		1.1884947e+00		1.5836069e+00
2.8400000e+02		2.8500000e+02		2.8450000e+02		1.4459284e+02		2.3031956e+00		6.5176829e+00		2.8358826e+00		1.2603510e+00		1.5755316e+00
2.8500000e+02		2.8600000e+02		2.8550000e+02		9.2944992e+01		1.0931932e+00		3.0829927e+00		1.3283168e+00		5.5630841e-01		7.7200835e-01
2.8600000e+02		2.8700000e+02		2.8650000e+02		1.9045522e+02		3.3948377e+00		9.5772045e+00		4.1726478e+00		1.8403183e+00		2.3323294e+00
2.8700000e+02		2.8800000e+02		2.8750000e+02		2.2108403e+02		2.8119886e+00		7.9028480e+00		3.4068147e+00		1.4073738e+00		1.9994409e+00
2.8800000e+02		2.8900000e+02		2.8850000e+02		2.1010240e+02		2.5662061e+00		7.1979723e+00		3.0966315e+00		1.2550000e+00		1.8416315e+00
2.8900000e+02		2.9000000e+02		2.8950000e+02		3.1885068e+02		1.9066862e+00		5.3417454e+00		2.2476812e+00		8.0680296e-01		1.4408783e+00
2.9000000e+02		2.9100000e+02		2.9050000e+02		4.1860542e+02		3.1111811e+00		8.6950442e+00		3.6803785e+00		1.3467355e+00		2.3336430e+00
2.9100000e+02		2.9200000e+02		2.9150000e+02		4.0318642e+02		3.0235736e+00		8.4360855e+00		3.5690921e+00		1.2907107e+00		2.2783815e+00
2.9200000e+02		2.9300000e+02		2.9250000e+02		3.5818014e+02		3.9571464e+00		1.1020311e+01		4.7118535e+00		1.7856561e+00		2.9261974e+00
2.9300000e+02		2.9400000e+02		2.9350000e+02		3.7393440e+02		5.7471076e+00		1.5995577e+01		6.8967682e+00		2.7201264e+00		4.1766419e+00
2.9400000e+02		2.9500000e+02		2.9450000e+02		3.4819581e+02		2.3782233e+00		6.6060664e+00		2.7811340e+00		9.5329701e-01		1.8278370e+00
2.9500000e+02		2.9600000e+02		2.9550000e+02		3.7701055e+02		7.4519231e+00		2.0704460e+01		8.9721634e+00		3.5969270e+00		5.3752364e+00
2.9600000e+02		2.9700000e+02		2.9650000e+02		3.4493460e+02		2.6191663e+01		7.4200040e+01		3.3237031e+01		1.6669520e+01		1.6567511e+01
2.9700000e+02		2.9800000e+02		2.9750000e+02		3.5165811e+02		8.1441797e+00		2.2584196e+01		9.8098079e+00		3.9409186e+00		5.8688892e+00
2.9800000e+02		2.9900000e+02		2.9850000e+02		3.0223333e+02		6.1429548e+00		1.6988896e+01		7.3484039e+00		2.8521232e+00		4.4962807e+00
2.9900000e+02		3.0000000e+02		2.9950000e+02		3.4101318e+02		4.2376312e+00		1.1674819e+01		4.9811728e+00		1.7592383e+00		3.2219345e+00
3.0000000e+02		3.0100000e+02		3.0050000e+02		2.7131061e+02		6.4823027e+00		1.7896039e+01		7.7592311e+00		3.0212450e+00		4.7379861e+00
3.0100000e+02		3.0200000e+02		3.0150000e+02		3.1202593e+02		7.6718343e+00		2.1153382e+01		9.1701771e+00		3.5451172e+00		5.6250599e+00
3.0200000e+02		3.0300000e+02		3.0250000e+02		3.2846528e+02		6.8316630e+00		1.8782255e+01		8.1019676e+00		3.0055729e+00		5.0963946e+00
3.0300000e+02		3.0400000e+02		3.0350000e+02		4.2601061e+02		4.2390440e+00		1.1612087e+01		4.9110978e+00		1.5900963e+00		3.3210015e+00
3.0400000e+02		3.0500000e+02		3.0450000e+02		4.0776836e+02		1.3048838e+01		3.5921233e+01		1.5630440e+01		6.1081362e+00		9.5223042e+00
3.0500000e+02		3.0600000e+02		3.0550000e+02		4.1174793e+02		1.9245245e+01		5.3194810e+01		2.3328917e+01		9.6620707e+00		1.3666846e+01
3.0600000e+02		3.0700000e+02		3.0650000e+02		3.9053943e+02		1.9907491e+01		5.5027210e+01		2.4156912e+01		1.0054239e+01		1.4102673e+01
3.0700000e+02		3.0800000e+02		3.0750000e+02		4.3847484e+02		1.1675533e+01		3.1938837e+01		1.3803251e+01		5.0342358e+00		8.7690152e+00
3.0800000e+02		3.0900000e+02		3.0850000e+02		4.3035211e+02		1.3083338e+01		3.5790305e+01		1.5502209e+01		5.7231089e+00		9.7790997e+00
3.0900000e+02		3.1000000e+02		3.0950000e+02		3.4901328e+02		2.6276051e+01		7.2892527e+01		3.2182631e+01		1.3975118e+01		1.8207513e+01
3.1000000e+02		3.1100000e+02		3.1050000e+02		4.3927411e+02		1.2917389e+01		3.5228425e+01		1.5222717e+01		5.4544659e+00		9.7682516e+00
3.1100000e+02		3.1200000e+02		3.1150000e+02		5.2246540e+02		1.8783958e+01		5.1281133e+01		2.2239607e+01		8.1761543e+00		1.4063453e+01
3.1200000e+02		3.1300000e+02		3.1250000e+02		4.6521908e+02		8.6205479e+00		2.3367643e+01		9.9772978e+00		3.2101046e+00		6.7671932e+00
3.1300000e+02		3.1400000e+02		3.1350000e+02		4.9544367e+02		2.7259263e+01		7.4716516e+01		3.2641086e+01		1.2733530e+01		1.9907556e+01
3.1400000e+02		3.1500000e+02		3.1450000e+02		4.6729179e+02		1.8664262e+01		5.0828151e+01		2.2038101e+01		7.9825886e+00		1.4055512e+01
3.1500000e+02		3.1600000e+02		3.1550000e+02		4.5343123e+02		1.7446472e+01		4.7427593e+01		2.0531000e+01		7.2980697e+00		1.3232930e+01
3.1600000e+02		3.1700000e+02		3.1650000e+02		4.4229406e+02		7.2527509e+00		1.9558440e+01		8.3054775e+00		2.4907780e+00		5.8146996e+00
3.1700000e+02		3.1800000e+02		3.1750000e+02		5.6102832e+02		1.0844798e+01		2.9230010e+01		1.2450678e+01		3.7995516e+00		8.6511262e+00
3.1800000e+02		3.1900000e+02		3.1850000e+02		4.6340678e+02		1.0882282e+01		2.9330708e+01		1.2538295e+01		3.9181698e+00		8.6201255e+00
3.1900000e+02		3.2000000e+02		3.1950000e+02		4.9774832e+02		8.6980463e+00		2.3382662e+01		9.9251444e+00		2.9033451e+00		7.0217992e+00
3.2000000e+02		3.2100000e+02		3.2050000e+02		5.7184857e+02		1.2070075e+01		3.2438732e+01		1.3817207e+01		4.1337604e+00		9.6834469e+00
3.2100000e+02		3.2200000e+02		3.2150000e+02		4.8024660e+02		2.1074278e+00		5.6894078e+00		2.3303966e+00		5.2754999e-01		1.8028466e+00
3.2200000e+02		3.2300000e+02		3.2250000e+02		4.8228681e+02		1.5956501e+01		4.2944221e+01		1.8436265e+01		5.8671852e+00		1.2569080e+01
3.2300000e+02		3.2400000e+02		3.2350000e+02		4.6607071e+02		7.4333869e+00		1.9895164e+01		8.4079228e+00		2.3057765e+00		6.1021463e+00
3.2400000e+02		3.2500000e+02		3.2450000e+02		5.4882129e+02		9.1463943e+00		2.4457621e+01		1.0340086e+01		2.8243052e+00		7.5157809e+00
3.2500000e+02		3.2600000e+02		3.2550000e+02		6.3196128e+02		2.0544581e-01		5.8683788e-01		2.1948509e-01		3.3217305e-02		1.8626779e-01
3.2600000e+02		3.2700000e+02		3.2650000e+02		7.1301257e+02		2.0021271e+01		5.3573437e+01		2.2864708e+01		6.7276426e+00		1.6137065e+01
3.2700000e+02		3.2800000e+02		3.2750000e+02		6.8984049e+02		1.9173719e+01		5.1249700e+01		2.1854820e+01		6.3435521e+00		1.5511267e+01
3.2800000e+02		3.2900000e+02		3.2850000e+02		6.6596082e+02		1.2119615e+01		3.2290164e+01		1.3646367e+01		3.6123325e+00		1.0034034e+01
3.2900000e+02		3.3000000e+02		3.2950000e+02		7.7527139e+02		6.8590252e+00		1.8276498e+01		7.5977250e+00		1.7477826e+00		5.8499425e+00
3.3000000e+02		3.3100000e+02		3.3050000e+02		7.3029799e+02		3.5857005e-01		1.0080317e+00		3.8271892e-01		5.7136843e-02		3.2558208e-01
3.3100000e+02		3.3200000e+02		3.3150000e+02		6.9881652e+02		7.3861409e+01		2.0100999e+02		8.7495305e+01		3.2258145e+01		5.5237160e+01
3.3200000e+02		3.3300000e+02		3.3250000e+02		6.8562051e+02		4.0490952e+01		1.0871377e+02		4.6825063e+01		1.4986669e+01		3.1838394e+01
3.3300000e+02		3.3400000e+02		3.3350000e+02		6.5878216e+02		2.7750993e+01		7.4060841e+01		3.1698029e+01		9.3387874e+00		2.2359241e+01
3.3400000e+02		3.3500000e+02		3.3450000e+02		6.9405546e+02		2.0993120e+01		5.5780021e+01		2.3722928e+01		6.4587948e+00		1.7264133e+01
3.3500000e+02		3.3600000e+02		3.3550000e+02		6.8541663e+02		1.1873413e+01		3.1435562e+01		1.3223706e+01		3.1948258e+00		1.0028880e+01
3.3600000e+02		3.3700000e+02		3.3650000e+02		5.6469084e+02		1.6147264e+01		4.2809535e+01		1.8167786e+01		4.7806059e+00		1.3387180e+01
3.3700000e+02		3.3800000e+02		3.3750000e+02		5.9573781e+02		2.3792549e+01		6.3223470e+01		2.6967362e+01		7.5116884e+00		1.9455674e+01
3.3800000e+02		3.3900000e+02		3.3850000e+02		6.4448401e+02		3.9950655e+01		1.0673976e+02		4.5814573e+01		1.3874180e+01		3.1940393e+01
3.3900000e+02		3.4000000e+02		3.3950000e+02		6.7448220e+02		2.9030158e+01		7.7075179e+01		3.2874929e+01		9.0968255e+00		2.3778103e+01
3.4000000e+02		3.4100000e+02		3.4050000e+02		7.1196374e+02		1.2273456e+01		3.2364561e+01		1.3580874e+01		3.0933854e+00		1.0487489e+01
3.4100000e+02		3.4200000e+02		3.4150000e+02		6.4984945e+02		3.2407136e-01		9.0508563e-01		3.4300875e-01		4.4806346e-02		2.9820240e-01
3.4200000e+02		3.4300000e+02		3.4250000e+02		7.0477558e+02		7.5816512e+00		1.9979651e+01		8.2972953e+00		1.6932321e+00		6.6040632e+00
3.4300000e+02		3.4400000e+02		3.4350000e+02		6.9264465e+02		1.1055532e+00		2.9900538e+00		1.1797415e+00		1.7553139e-01		1.0042101e+00
3.4400000e+02		3.4500000e+02		3.4450000e+02		5.5710877e+02		7.1686085e+00		1.8852573e+01		7.8521697e+00		1.6173230e+00		6.2348467e+00
3.4500000e+02		3.4600000e+02		3.4550000e+02		6.7138909e+02		3.4302168e+00		9.0787937e+00		3.7016212e+00		6.4214949e-01		3.0594717e+00
3.4600000e+02		3.4700000e+02		3.4650000e+02		6.5194093e+02		2.7621979e+00		7.3245028e+00		2.9710792e+00		4.9421839e-01		2.4768608e+00
3.4700000e+02		3.4800000e+02		3.4750000e+02		6.4525828e+02		2.2661973e-01		6.3820756e-01		2.3835108e-01		2.7756673e-02		2.1059441e-01
3.4800000e+02		3.4900000e+02		3.4850000e+02		6.6761091e+02		5.9056169e+01		1.5750674e+02		6.7480221e+01		1.9931521e+01		4.7548699e+01
3.4900000e+02		3.5000000e+02		3.4950000e+02		6.3989005e+02		7.4081412e+01		1.9866601e+02		8.5351785e+01		2.6665990e+01		5.8685795e+01
3.5000000e+02		3.5100000e+02		3.5050000e+02		7.6650484e+02		2.9834882e+01		7.8434892e+01		3.3199688e+01		7.9612176e+00		2.5238471e+01
3.5100000e+02		3.5200000e+02		3.5150000e+02		7.1211510e+02		3.0601894e+01		8.0478000e+01		3.4093770e+01		8.2618669e+00		2.5831903e+01
3.5200000e+02		3.5300000e+02		3.5250000e+02		6.5785102e+02		2.9998405e+01		7.8888443e+01		3.3429594e+01		8.1182808e+00		2.5311313e+01
3.5300000e+02		3.5400000e+02		3.5350000e+02		7.5263834e+02		1.0030221e+02		2.6910161e+02		1.1548266e+02		3.5917322e+01		7.9565338e+01
3.5400000e+02		3.5500000e+02		3.5450000e+02		8.0329241e+02		7.5373686e+01		2.0033231e+02		8.5549245e+01		2.4075630e+01		6.1473615e+01
3.5500000e+02		3.5600000e+02		3.5550000e+02		7.5433512e+02		6.8180571e+01		1.8093244e+02		7.7181985e+01		2.1297574e+01		5.5884411e+01
3.5600000e+02		3.5700000e+02		3.5650000e+02		6.5576441e+02		3.1751140e+01		8.3325365e+01		3.5264063e+01		8.3116670e+00		2.6952396e+01
3.5700000e+02		3.5800000e+02		3.5750000e+02		5.7307986e+02		1.6297275e+01		4.2538292e+01		1.7866450e+01		3.7127082e+00		1.4153742e+01
3.5800000e+02		3.5900000e+02		3.5850000e+02		4.9194729e+02		2.6540798e+01		6.9655872e+01		2.9487491e+01		6.9719518e+00		2.2515539e+01
3.5900000e+02		3.6000000e+02		3.5950000e+02		7.1030971e+02		1.5217927e+01		3.9630022e+01		1.6560749e+01		3.1771511e+00		1.3383598e+01
3.6000000e+02		3.6100000e+02		3.6050000e+02		7.0092701e+02		2.4919227e+01		6.5020334e+01		2.7357715e+01		5.7695247e+00		2.1588190e+01
3.6100000e+02		3.6200000e+02		3.6150000e+02		6.5110481e+02		1.2471621e+00		3.3298321e+00		1.3160615e+00		1.6301756e-01		1.1530439e+00
3.6200000e+02		3.6300000e+02		3.6250000e+02		7.3500056e+02		8.1172149e-02		2.3710330e-01		8.4224086e-02		7.2209624e-03		7.7003124e-02
3.6300000e+02		3.6400000e+02		3.6350000e+02		7.1558904e+02		4.1418758e-01		1.1406375e+00		4.3300145e-01		4.4514086e-02		3.8848736e-01
3.6400000e+02		3.6500000e+02		3.6450000e+02		7.4837927e+02		3.7808560e-05		1.6085141e-04		3.8555850e-05		1.7681069e-06		3.6787743e-05
3.6500000e+02		3.6600000e+02		3.6550000e+02		8.5179486e+02		3.0520202e-04		1.1697584e-03		3.1196110e-04		1.5992165e-05		2.9596894e-04
3.6600000e+02		3.6700000e+02		3.6650000e+02		9.1042532e+02		3.4194704e-07		1.9018273e-06		3.4704469e-07		1.2061160e-08		3.3498353e-07
3.6700000e+02		3.6800000e+02		3.6750000e+02		8.7909512e+02		5.3858228e-07		2.9151795e-06		5.4670345e-07		1.9214895e-08		5.2748856e-07
3.6800000e+02		3.6900000e+02		3.6850000e+02		8.1047729e+02		6.9921883e-16		1.1802972e-14		7.0450865e-16		1.2515853e-17		6.9199280e-16
3.6900000e+02		3.7000000e+02		3.6950000e+02		8.9967825e+02		3.1658599e-12		3.3557057e-11		3.1954897e-12		7.0104818e-14		3.1253849e-12
3.7000000e+02		3.7100000e+02		3.7050000e+02		8.4427990e+02		7.7183643e+02		2.2328672e+03		9.8947547e+02		5.1493951e+02		4.7453596e+02
3.7100000e+02		3.7200000e+02		3.7150000e+02		8.7164560e+02		9.6820346e+02		2.8375627e+03		1.2696385e+03		7.1320289e+02		5.5643558e+02
3.7200000e+02		3.7300000e+02		3.7250000e+02		7.2411383e+02		8.0366051e+02		2.3534362e+03		1.0518727e+03		5.8727639e+02		4.6459633e+02
3.7300000e+02		3.7400000e+02		3.7350000e+02		6.3155746e+02		7.0035810e+02		2.0492902e+03		9.1493934e+02		5.0770466e+02		4.0723467e+02
3.7400000e+02		3.7500000e+02		3.7450000e+02		6.4642322e+02		7.1625578e+02		2.0941486e+03		9.3395585e+02		5.1508390e+02		4.1887196e+02
3.7500000e+02		3.7600000e+02		3.7550000e+02		7.4036161e+02		8.1967448e+02		2.3946349e+03		1.0668176e+03		5.8474695e+02		4.8207067e+02
3.7600000e+02		3.7700000e+02		3.7650000e+02		7.6758018e+02		8.4912187e+02		2.4787286e+03		1.1030974e+03		6.0091260e+02		5.0218482e+02
3.7700000e+02		3.7800000e+02		3.7750000e+02		9.0048278e+02		9.9534323e+02		2.9033231e+03		1.2906733e+03		6.9875835e+02		5.9191491e+02
3.7800000e+02		3.7900000e+02		3.7850000e+02		9.3786543e+02		1.0358374e+03		3.0191185e+03		1.3407234e+03		7.2136797e+02		6.1935543e+02
3.7900000e+02		3.8000000e+02		3.7950000e+02		7.6051322e+02		8.3929356e+02		2.4443927e+03		1.0843518e+03		5.7981392e+02		5.0453783e+02
3.8000000e+02		3.8100000e+02		3.8050000e+02		8.2814537e+02		9.1321322e+02		2.6576655e+03		1.1777192e+03		6.2582790e+02		5.5189131e+02
3.8100000e+02		3.8200000e+02		3.8150000e+02		7.4366886e+02		8.1941921e+02		2.3829106e+03		1.0548569e+03		5.5705164e+02		4.9780529e+02
3.8200000e+02		3.8300000e+02		3.8250000e+02		5.3336093e+02		5.8723390e+02		1.7064308e+03		7.5460726e+02		3.9600962e+02		3.5859763e+02
3.8300000e+02		3.8400000e+02		3.8350000e+02		4.7073026e+02		5.1787846e+02		1.5037784e+03		6.6430075e+02		3.4643886e+02		3.1786189e+02
3.8400000e+02		3.8500000e+02		3.8450000e+02		6.2969557e+02		6.9223671e+02		2.0085909e+03		8.8638656e+02		4.5936348e+02		4.2702308e+02
3.8500000e+02		3.8600000e+02		3.8550000e+02		6.6694888e+02		7.3263428e+02		2.1242586e+03		9.3646601e+02		4.8227105e+02		4.5419496e+02
3.8600000e+02		3.8700000e+02		3.8650000e+02		6.6977732e+02		7.3518775e+02		2.1301203e+03		9.3808871e+02		4.8006883e+02		4.5801988e+02
3.8700000e+02		3.8800000e+02		3.8750000e+02		6.6902499e+02		7.3381356e+02		2.1246126e+03		9.3470995e+02		4.7532595e+02		4.5938400e+02
3.8800000e+02		3.8900000e+02		3.8850000e+02		6.7841027e+02		7.4355622e+02		2.1512872e+03		9.4548587e+02		4.7777069e+02		4.6771519e+02
3.8900000e+02		3.9000000e+02		3.8950000e+02		8.1451188e+02		8.9207065e+02		2.5791511e+03		1.1323879e+03		5.6859667e+02		5.6379121e+02
3.9000000e+02		3.9100000e+02		3.9050000e+02		8.5560997e+02		9.3639810e+02		2.7054118e+03		1.1866314e+03		5.9205834e+02		5.9457305e+02
3.9100000e+02		3.9200000e+02		3.9150000e+02		9.2006232e+02		1.0062067e+03		2.9050779e+03		1.2729358e+03		6.3108779e+02		6.4184800e+02
3.9200000e+02		3.9300000e+02		3.9250000e+02		7.0614281e+02		7.7170301e+02		2.2264905e+03		9.7462621e+02		4.8012145e+02		4.9450476e+02
3.9300000e+02		3.9400000e+02		3.9350000e+02		4.3291589e+02		4.7277148e+02		1.3630894e+03		5.9609077e+02		2.9177655e+02		3.0431421e+02
3.9400000e+02		3.9500000e+02		3.9450000e+02		7.1565803e+02		7.8099057e+02		2.2502131e+03		9.8307072e+02		4.7812675e+02		5.0494397e+02
3.9500000e+02		3.9600000e+02		3.9550000e+02		8.7888136e+02		9.5844101e+02		2.7596268e+03		1.2044446e+03		5.8205069e+02		6.2239389e+02
3.9600000e+02		3.9700000e+02		3.9650000e+02		6.0712893e+02		6.6162719e+02		1.9037404e+03		8.3008364e+02		3.9857225e+02		4.3151139e+02
3.9700000e+02		3.9800000e+02		3.9750000e+02		6.8053003e+02		7.4110436e+02		2.1310100e+03		9.2828122e+02		4.4286523e+02		4.8541600e+02
3.9800000e+02		3.9900000e+02		3.9850000e+02		1.0480559e+03		1.1405611e+03		3.2774697e+03		1.4263137e+03		6.7609787e+02		7.5021579e+02
3.9900000e+02		4.0000000e+02		3.9950000e+02		1.1577145e+03		1.2590413e+03		3.6155670e+03		1.5719450e+03		7.4033821e+02		8.3160679e+02
4.0000000e+02		4.0100000e+02		4.0050000e+02		1.1939713e+03		1.2975949e+03		3.7238669e+03		1.6174914e+03		7.5688338e+02		8.6060805e+02
4.0100000e+02		4.0200000e+02		4.0150000e+02		1.2509583e+03		1.3586173e+03		3.8964851e+03		1.6908695e+03		7.8611702e+02		9.0475246e+02
4.0200000e+02		4.0300000e+02		4.0250000e+02		1.2664199e+03		1.3744960e+03		3.9395119e+03		1.7079338e+03		7.8892249e+02		9.1901134e+02
4.0300000e+02		4.0400000e+02		4.0350000e+02		1.2115903e+03		1.3141207e+03		3.7640860e+03		1.6303545e+03		7.4821718e+02		8.8213736e+02
4.0400000e+02		4.0500000e+02		4.0450000e+02		1.1914959e+03		1.2914812e+03		3.6969187e+03		1.5997740e+03		7.2942865e+02		8.7034539e+02
4.0500000e+02		4.0600000e+02		4.0550000e+02		1.1904731e+03		1.2895361e+03		3.6890542e+03		1.5948959e+03		7.2248924e+02		8.7240669e+02
4.0600000e+02		4.0700000e+02		4.0650000e+02		1.1388815e+03		1.2328581e+03		3.5247359e+03		1.5224562e+03		6.8519644e+02		8.3725975e+02
4.0700000e+02		4.0800000e+02		4.0750000e+02		1.1575323e+03		1.2522487e+03		3.5779825e+03		1.5440441e+03		6.9039514e+02		8.5364892e+02
4.0800000e+02		4.0900000e+02		4.0850000e+02		1.2307397e+03		1.3306042e+03		3.7995555e+03		1.6381734e+03		7.2771651e+02		9.1045691e+02
4.0900000e+02		4.1000000e+02		4.0950000e+02		1.2243097e+03		1.3228221e+03		3.7750592e+03		1.6261433e+03		7.1766558e+02		9.0847768e+02
4.1000000e+02		4.1100000e+02		4.1050000e+02		1.1216634e+03		1.2111625e+03		3.4543419e+03		1.4866565e+03		6.5182597e+02		8.3483057e+02
4.1100000e+02		4.1200000e+02		4.1150000e+02		1.3003372e+03		1.4032265e+03		3.9997551e+03		1.7198532e+03		7.4914676e+02		9.7070644e+02
4.1200000e+02		4.1300000e+02		4.1250000e+02		1.2760342e+03		1.3761579e+03		3.9202947e+03		1.6841923e+03		7.2881720e+02		9.5537511e+02
4.1300000e+02		4.1400000e+02		4.1350000e+02		1.2308584e+03		1.3266319e+03		3.7770070e+03		1.6212056e+03		6.9696892e+02		9.2423667e+02
4.1400000e+02		4.1500000e+02		4.1450000e+02		1.2488872e+03		1.3452534e+03		3.8278110e+03		1.6415740e+03		7.0110203e+02		9.4047199e+02
4.1500000e+02		4.1600000e+02		4.1550000e+02		1.2477523e+03		1.3432289e+03		3.8198603e+03		1.6367392e+03		6.9445296e+02		9.4228629e+02
4.1600000e+02		4.1700000e+02		4.1650000e+02		1.2947363e+03		1.3929832e+03		3.9591001e+03		1.6949343e+03		7.1442393e+02		9.8051039e+02
4.1700000e+02		4.1800000e+02		4.1750000e+02		1.1781342e+03		1.2667894e+03		3.5984062e+03		1.5391937e+03		6.4451567e+02		8.9467806e+02
4.1800000e+02		4.1900000e+02		4.1850000e+02		1.2217101e+03		1.3128800e+03		3.7272458e+03		1.5929428e+03		6.6263566e+02		9.3030711e+02
4.1900000e+02		4.2000000e+02		4.1950000e+02		1.2338424e+03		1.3251526e+03		3.7600026e+03		1.6055790e+03		6.6349581e+02		9.4208316e+02
4.2000000e+02		4.2100000e+02		4.2050000e+02		1.2494927e+03		1.3411934e+03		3.8034253e+03		1.6227519e+03		6.6617455e+02		9.5657735e+02
4.2100000e+02		4.2200000e+02		4.2150000e+02		1.2299982e+03		1.3195193e+03		3.7399212e+03		1.5943208e+03		6.5018752e+02		9.4413333e+02
4.2200000e+02		4.2300000e+02		4.2250000e+02		1.1657134e+03		1.2498524e+03		3.5405492e+03		1.5080727e+03		6.1095584e+02		8.9711684e+02
4.2300000e+02		4.2400000e+02		4.2350000e+02		1.2419943e+03		1.3308964e+03		3.7681081e+03		1.6036725e+03		6.4539503e+02		9.5827746e+02
4.2400000e+02		4.2500000e+02		4.2450000e+02		1.2850442e+03		1.3762665e+03		3.8944912e+03		1.6560981e+03		6.6208872e+02		9.9400937e+02
4.2500000e+02		4.2600000e+02		4.2550000e+02		1.2367256e+03		1.3237917e+03		3.7440265e+03		1.5908145e+03		6.3178273e+02		9.5903180e+02
4.2600000e+02		4.2700000e+02		4.2650000e+02		1.2316584e+03		1.3176512e+03		3.7247120e+03		1.5813243e+03		6.2385716e+02		9.5746713e+02
4.2700000e+02		4.2800000e+02		4.2750000e+02		1.1420512e+03		1.2211294e+03		3.4500769e+03		1.4635479e+03		5.7356839e+02		8.8997950e+02
4.2800000e+02		4.2900000e+02		4.2850000e+02		1.1495483e+03		1.2284889e+03		3.4690863e+03		1.4704338e+03		5.7244777e+02		8.9798602e+02
4.2900000e+02		4.3000000e+02		4.2950000e+02		1.0698649e+03		1.1427280e+03		3.2252648e+03		1.3659985e+03		5.2826389e+02		8.3773466e+02
4.3000000e+02		4.3100000e+02		4.3050000e+02		8.6065012e+02		9.1878189e+02		2.5918834e+03		1.0968749e+03		4.2137261e+02		6.7550230e+02
4.3100000e+02		4.3200000e+02		4.3150000e+02		1.0641754e+03		1.1354626e+03		3.2015350e+03		1.3538138e+03		5.1662444e+02		8.3718938e+02
4.3200000e+02		4.3300000e+02		4.3250000e+02		1.1990384e+03		1.2786996e+03		3.6036128e+03		1.5226502e+03		5.7719332e+02		9.4545684e+02
4.3300000e+02		4.3400000e+02		4.3350000e+02		1.3017454e+03		1.3875198e+03		3.9083625e+03		1.6501386e+03		6.2136268e+02		1.0287759e+03
4.3400000e+02		4.3500000e+02		4.3450000e+02		1.1054356e+03		1.1776771e+03		3.3156579e+03		1.3988178e+03		5.2322436e+02		8.7559340e+02
4.3500000e+02		4.3600000e+02		4.3550000e+02		1.2347447e+03		1.3147752e+03		3.6998542e+03		1.5597110e+03		5.7952419e+02		9.8018679e+02
4.3600000e+02		4.3700000e+02		4.3650000e+02		1.3814970e+03		1.4703060e+03		4.1355402e+03		1.7420559e+03		6.4296712e+02		1.0990888e+03
4.3700000e+02		4.3800000e+02		4.3750000e+02		1.2223713e+03		1.3003081e+03		3.6556444e+03		1.5387439e+03		5.6414524e+02		9.7459865e+02
4.3800000e+02		4.3900000e+02		4.3850000e+02		1.1905029e+03		1.2657873e+03		3.5569141e+03		1.4960653e+03		5.4484353e+02		9.5122179e+02
4.3900000e+02		4.4000000e+02		4.3950000e+02		1.3250738e+03		1.4081839e+03		3.9552023e+03		1.6623515e+03		6.0136696e+02		1.0609846e+03
4.4000000e+02		4.4100000e+02		4.4050000e+02		1.2562739e+03		1.3344261e+03		3.7462973e+03		1.5733872e+03		5.6538806e+02		1.0079991e+03
4.4100000e+02		4.4200000e+02		4.4150000e+02		1.3817384e+03		1.4669952e+03		4.1165797e+03		1.7276323e+03		6.1667388e+02		1.1109584e+03
4.4200000e+02		4.4300000e+02		4.4250000e+02		1.4526378e+03		1.5415397e+03		4.3237876e+03		1.8132710e+03		6.4292335e+02		1.1703477e+03
4.4300000e+02		4.4400000e+02		4.4350000e+02		1.4050936e+03		1.4903865e+03		4.1784196e+03		1.7510405e+03		6.1671417e+02		1.1343264e+03
4.4400000e+02		4.4500000e+02		4.4450000e+02		1.4475318e+03		1.5346870e+03		4.3006901e+03		1.8009856e+03		6.3006930e+02		1.1709163e+03
4.4500000e+02		4.4600000e+02		4.4550000e+02		1.3420773e+03		1.4222274e+03		3.9837697e+03		1.6670800e+03		5.7932734e+02		1.0877526e+03
4.4600000e+02		4.4700000e+02		4.4650000e+02		1.3689269e+03		1.4500178e+03		4.0598221e+03		1.6977021e+03		5.8602723e+02		1.1116749e+03
4.4700000e+02		4.4800000e+02		4.4750000e+02		1.4837056e+03		1.5708840e+03		4.3963060e+03		1.8371169e+03		6.2991377e+02		1.2072032e+03
4.4800000e+02		4.4900000e+02		4.4850000e+02		1.4587166e+03		1.5437335e+03		4.3184496e+03		1.8033221e+03		6.1419306e+02		1.1891290e+03
4.4900000e+02		4.5000000e+02		4.4950000e+02		1.4737837e+03		1.5589848e+03		4.3592398e+03		1.8190929e+03		6.1542222e+02		1.2036707e+03
4.5000000e+02		4.5100000e+02		4.5050000e+02		1.5636828e+03		1.6533516e+03		4.6211390e+03		1.9270542e+03		6.4758735e+02		1.2794669e+03
4.5100000e+02		4.5200000e+02		4.5150000e+02		1.5589734e+03		1.6476515e+03		4.6032620e+03		1.9182866e+03		6.4032952e+02		1.2779571e+03
4.5200000e+02		4.5300000e+02		4.5250000e+02		1.4757889e+03		1.5590594e+03		4.3539264e+03		1.8131506e+03		6.0118627e+02		1.2119644e+03
4.5300000e+02		4.5400000e+02		4.5350000e+02		1.4141855e+03		1.4933384e+03		4.1686581e+03		1.7348270e+03		5.7136819e+02		1.1634588e+03
4.5400000e+02		4.5500000e+02		4.5450000e+02		1.5096596e+03		1.5934775e+03		4.4463656e+03		1.8491588e+03		6.0494861e+02		1.2442102e+03
4.5500000e+02		4.5600000e+02		4.5550000e+02		1.4952815e+03		1.5776350e+03		4.4003628e+03		1.8288107e+03		5.9428817e+02		1.2345225e+03
4.5600000e+02		4.5700000e+02		4.5650000e+02		1.5527317e+03		1.6375639e+03		4.5656694e+03		1.8962605e+03		6.1208277e+02		1.2841778e+03
4.5700000e+02		4.5800000e+02		4.5750000e+02		1.5677329e+03		1.6526991e+03		4.6060190e+03		1.9117654e+03		6.1295747e+02		1.2988079e+03
4.5800000e+02		4.5900000e+02		4.5850000e+02		1.4734199e+03		1.5526362e+03		4.3254258e+03		1.7941349e+03		5.7139218e+02		1.2227428e+03
4.5900000e+02		4.6000000e+02		4.5950000e+02		1.5222067e+03		1.6033924e+03		4.4650641e+03		1.8508589e+03		5.8551205e+02		1.2653469e+03
4.6000000e+02		4.6100000e+02		4.6050000e+02		1.5039223e+03		1.5834931e+03		4.4079252e+03		1.8260020e+03		5.7378215e+02		1.2522198e+03
4.6100000e+02		4.6200000e+02		4.6150000e+02		1.5386000e+03		1.6193571e+03		4.5060115e+03		1.8654462e+03		5.8225305e+02		1.2831931e+03
4.6200000e+02		4.6300000e+02		4.6250000e+02		1.5538294e+03		1.6347370e+03		4.5470593e+03		1.8812497e+03		5.8325542e+02		1.2979943e+03
4.6300000e+02		4.6400000e+02		4.6350000e+02		1.5018384e+03		1.5794174e+03		4.3915128e+03		1.8157554e+03		5.5918184e+02		1.2565736e+03
4.6400000e+02		4.6500000e+02		4.6450000e+02		1.5281564e+03		1.6064684e+03		4.4650398e+03		1.8450064e+03		5.6438711e+02		1.2806193e+03
4.6500000e+02		4.6600000e+02		4.6550000e+02		1.4760608e+03		1.5511035e+03		4.3095433e+03		1.7796521e+03		5.4075179e+02		1.2389003e+03
4.6600000e+02		4.6700000e+02		4.6650000e+02		1.4854121e+03		1.5603323e+03		4.3335748e+03		1.7884772e+03		5.3979661e+02		1.2486806e+03
4.6700000e+02		4.6800000e+02		4.6750000e+02		1.4997486e+03		1.5747938e+03		4.3721292e+03		1.8032889e+03		5.4062507e+02		1.2626638e+03
4.6800000e+02		4.6900000e+02		4.6850000e+02		1.4665907e+03		1.5393973e+03		4.2722972e+03		1.7610468e+03		5.2442840e+02		1.2366184e+03
4.6900000e+02		4.7000000e+02		4.6950000e+02		1.5086728e+03		1.5829778e+03		4.3916568e+03		1.8091595e+03		5.3515175e+02		1.2740078e+03
4.7000000e+02		4.7100000e+02		4.7050000e+02		1.4256243e+03		1.4952859e+03		4.1468850e+03		1.7073061e+03		5.0164519e+02		1.2056609e+03
4.7100000e+02		4.7200000e+02		4.7150000e+02		1.4904926e+03		1.5627510e+03		4.3324448e+03		1.7826467e+03		5.2027881e+02		1.2623679e+03
4.7200000e+02		4.7300000e+02		4.7250000e+02		1.5269264e+03		1.6003695e+03		4.4351708e+03		1.8238424e+03		5.2874251e+02		1.2950999e+03
4.7300000e+02		4.7400000e+02		4.7350000e+02		1.4995420e+03		1.5711021e+03		4.3525384e+03		1.7888180e+03		5.1512148e+02		1.2736966e+03
4.7400000e+02		4.7500000e+02		4.7450000e+02		1.5448084e+03		1.6179510e+03		4.4807737e+03		1.8404542e+03		5.2644817e+02		1.3140060e+03
4.7500000e+02		4.7600000e+02		4.7550000e+02		1.5413846e+03		1.6137940e+03		4.4677253e+03		1.8340398e+03		5.2110721e+02		1.3129326e+03
4.7600000e+02		4.7700000e+02		4.7650000e+02		1.4853490e+03		1.5545806e+03		4.3023291e+03		1.7651355e+03		4.9817822e+02		1.2669573e+03
4.7700000e+02		4.7800000e+02		4.7750000e+02		1.5508368e+03		1.6225566e+03		4.4889370e+03		1.8406529e+03		5.1602125e+02		1.3246316e+03
4.7800000e+02		4.7900000e+02		4.7850000e+02		1.5358791e+03		1.6063535e+03		4.4426214e+03		1.8206374e+03		5.0700107e+02		1.3136363e+03
4.7900000e+02		4.8000000e+02		4.7950000e+02		1.5403519e+03		1.6104814e+03		4.4525586e+03		1.8236915e+03		5.0446060e+02		1.3192309e+03
4.8000000e+02		4.8100000e+02		4.8050000e+02		1.5442750e+03		1.6140365e+03		4.4609186e+03		1.8261035e+03		5.0175593e+02		1.3243476e+03
4.8100000e+02		4.8200000e+02		4.8150000e+02		1.5475498e+03		1.6169165e+03		4.4674197e+03		1.8277593e+03		4.9885943e+02		1.3288999e+03
4.8200000e+02		4.8300000e+02		4.8250000e+02		1.5416562e+03		1.6102230e+03		4.4474863e+03		1.8186109e+03		4.9305103e+02		1.3255598e+03
4.8300000e+02		4.8400000e+02		4.8350000e+02		1.5183412e+03		1.5853481e+03		4.3773763e+03		1.7889727e+03		4.8178094e+02		1.3071918e+03
4.8400000e+02		4.8500000e+02		4.8450000e+02		1.4920771e+03		1.5574158e+03		4.2988832e+03		1.7559490e+03		4.6973457e+02		1.2862144e+03
4.8500000e+02		4.8600000e+02		4.8550000e+02		1.4021236e+03		1.4630491e+03		4.0371322e+03		1.6481525e+03		4.3795924e+02		1.2101932e+03
4.8600000e+02		4.8700000e+02		4.8650000e+02		1.2173217e+03		1.2698092e+03		3.5028111e+03		1.4292593e+03		3.7726282e+02		1.0519964e+03
4.8700000e+02		4.8800000e+02		4.8750000e+02		1.3927585e+03		1.4523479e+03		4.0051082e+03		1.6333533e+03		4.2826328e+02		1.2050900e+03
4.8800000e+02		4.8900000e+02		4.8850000e+02		1.4651201e+03		1.5273235e+03		4.2105719e+03		1.7162489e+03		4.4700228e+02		1.2692466e+03
4.8900000e+02		4.9000000e+02		4.8950000e+02		1.4372192e+03		1.4977694e+03		4.1278379e+03		1.6816546e+03		4.3507701e+02		1.2465776e+03
4.9000000e+02		4.9100000e+02		4.9050000e+02		1.5307557e+03		1.5947520e+03		4.3937930e+03		1.7890827e+03		4.5979129e+02		1.3292914e+03
4.9100000e+02		4.9200000e+02		4.9150000e+02		1.4425606e+03		1.5024079e+03		4.1381301e+03		1.6841210e+03		4.2993794e+02		1.2541831e+03
4.9200000e+02		4.9300000e+02		4.9250000e+02		1.3729411e+03		1.4294645e+03		3.9360502e+03		1.6010680e+03		4.0601827e+02		1.1950497e+03
4.9300000e+02		4.9400000e+02		4.9350000e+02		1.4509629e+03		1.5102422e+03		4.1572480e+03		1.6901946e+03		4.2577197e+02		1.2644226e+03
4.9400000e+02		4.9500000e+02		4.9450000e+02		1.4929449e+03		1.5534742e+03		4.2750041e+03		1.7372030e+03		4.3470710e+02		1.3024959e+03
4.9500000e+02		4.9600000e+02		4.9550000e+02		1.4663156e+03		1.5253125e+03		4.1962906e+03		1.7043724e+03		4.2366026e+02		1.2807121e+03
4.9600000e+02		4.9700000e+02		4.9650000e+02		1.4846220e+03		1.5439011e+03		4.2462106e+03		1.7238003e+03		4.2564604e+02		1.2981543e+03
4.9700000e+02		4.9800000e+02		4.9750000e+02		1.5123203e+03		1.5722468e+03		4.3229392e+03		1.7540932e+03		4.3025312e+02		1.3238400e+03
4.9800000e+02		4.9900000e+02		4.9850000e+02		1.3744029e+03		1.4284513e+03		3.9264608e+03		1.5924452e+03		3.8801361e+02		1.2044316e+03
4.9900000e+02		5.0000000e+02		4.9950000e+02		1.4721832e+03		1.5296384e+03		4.2034226e+03		1.7039527e+03		4.1243216e+02		1.2915206e+03
