Left Bin Edge (nm)	Right Bin Edge (nm)	Bin Center (nm)		Top of Atm Intensity (erg/s/nm/cm2)		Total Surface Flux (erg/s/nm/cm2)		Total Intensity at BOA (erg/s/nm/cm2)		Total Surface Intensity (erg/s/nm/cm2)		Total Surface Diffuse Intensity (erg/s/nm/cm2)		Total Surface Direct Intensity (erg/s/nm/cm2)
1.0000000e+02		1.0100000e+02		1.0050000e+02		4.4569042e-02		2.4525374e-199		0.0000000e+00		4.2479194e-199		4.2479194e-199		0.0000000e+00
1.0100000e+02		1.0200000e+02		1.0150000e+02		1.7387199e-01		2.8780738e-197		0.0000000e+00		4.9849701e-197		4.9849701e-197		0.0000000e+00
1.0200000e+02		1.0300000e+02		1.0250000e+02		9.2286085e-01		3.0760917e-195		0.0000000e+00		5.3279471e-195		5.3279471e-195		0.0000000e+00
1.0300000e+02		1.0400000e+02		1.0350000e+02		7.0094286e-01		3.0025219e-193		0.0000000e+00		5.2005205e-193		5.2005205e-193		0.0000000e+00
1.0400000e+02		1.0500000e+02		1.0450000e+02		1.4124828e-01		2.6834655e-191		0.0000000e+00		4.6478986e-191		4.6478986e-191		0.0000000e+00
1.0500000e+02		1.0600000e+02		1.0550000e+02		4.8389941e-02		2.2015022e-189		0.0000000e+00		3.8131136e-189		3.8131136e-189		0.0000000e+00
1.0600000e+02		1.0700000e+02		1.0650000e+02		4.5487167e-02		1.6618998e-187		0.0000000e+00		2.8784949e-187		2.8784949e-187		0.0000000e+00
1.0700000e+02		1.0800000e+02		1.0750000e+02		5.0757295e-02		1.1570799e-185		0.0000000e+00		2.0041212e-185		2.0041212e-185		0.0000000e+00
1.0800000e+02		1.0900000e+02		1.0850000e+02		7.1152114e-02		7.4462170e-184		0.0000000e+00		1.2897226e-183		1.2897226e-183		0.0000000e+00
1.0900000e+02		1.1000000e+02		1.0950000e+02		5.5817450e-02		1.0547870e-02		4.6681948e-02		1.8269447e-02		1.8269447e-02		1.9112510e-64
1.1000000e+02		1.1100000e+02		1.1050000e+02		5.4043772e-02		1.0665158e-02		4.6713092e-02		1.8472596e-02		1.8472596e-02		2.2079780e-61
1.1100000e+02		1.1200000e+02		1.1150000e+02		5.0797691e-02		1.0459328e-02		4.5357392e-02		1.8116088e-02		1.8116088e-02		1.6136533e-58
1.1200000e+02		1.1300000e+02		1.1250000e+02		5.1969037e-02		1.1156103e-02		4.7919027e-02		1.9322937e-02		1.9322937e-02		8.6224704e-56
1.1300000e+02		1.1400000e+02		1.1350000e+02		4.1221387e-02		9.2189956e-03		3.9237506e-02		1.5967769e-02		1.5967769e-02		2.4674959e-53
1.1400000e+02		1.1500000e+02		1.1450000e+02		3.1562600e-02		7.3478022e-03		3.1000063e-02		1.2726767e-02		1.2726767e-02		4.8309431e-51
1.1500000e+02		1.1600000e+02		1.1550000e+02		4.3552050e-02		1.0546230e-02		4.4121231e-02		1.8266606e-02		1.8266606e-02		1.2369244e-48
1.1600000e+02		1.1700000e+02		1.1650000e+02		1.0143732e-01		2.5528324e-02		1.0594248e-01		4.4216354e-02		4.4216354e-02		3.9648230e-46
1.1700000e+02		1.1800000e+02		1.1750000e+02		3.6108525e-01		9.4370910e-02		3.8862348e-01		1.6345521e-01		1.6345521e-01		1.4698597e-43
1.1800000e+02		1.1900000e+02		1.1850000e+02		1.2283927e-01		3.3314534e-02		1.3617815e-01		5.7702466e-02		5.7702466e-02		4.0147024e-42
1.1900000e+02		1.2000000e+02		1.1950000e+02		1.7115732e-01		4.8131436e-02		1.9535262e-01		8.3366093e-02		8.3366093e-02		3.5222541e-40
1.2000000e+02		1.2100000e+02		1.2050000e+02		9.3056497e-01		2.7113855e-01		1.0930166e+00		4.6962575e-01		4.6962575e-01		9.6078848e-38
1.2100000e+02		1.2200000e+02		1.2150000e+02		3.6941242e+01		1.1144377e+01		4.4633317e+01		1.9302627e+01		1.9302627e+01		1.5472830e-34
1.2200000e+02		1.2300000e+02		1.2250000e+02		2.4773856e-01		7.7328967e-02		3.0777333e-01		1.3393770e-01		1.3393770e-01		3.4502770e-35
1.2300000e+02		1.2400000e+02		1.2350000e+02		1.3344721e-01		4.3065738e-02		1.7038015e-01		7.4592046e-02		7.4592046e-02		5.1294130e-34
1.2400000e+02		1.2500000e+02		1.2450000e+02		1.0726631e-01		3.5763413e-02		1.4068001e-01		6.1944048e-02		6.1944048e-02		9.5563099e-33
1.2500000e+02		1.2600000e+02		1.2550000e+02		1.0471361e-01		3.6045498e-02		1.4101128e-01		6.2432634e-02		6.2432634e-02		1.8356134e-31
1.2600000e+02		1.2700000e+02		1.2650000e+02		1.4644878e-01		5.2019703e-02		2.0243156e-01		9.0100768e-02		9.0100768e-02		4.3318517e-30
1.2700000e+02		1.2800000e+02		1.2750000e+02		7.6659940e-02		2.8082159e-02		1.0872828e-01		4.8639727e-02		4.8639727e-02		3.3120132e-29
1.2800000e+02		1.2900000e+02		1.2850000e+02		6.1165494e-02		2.3091013e-02		8.8970743e-02		3.9994808e-02		3.9994808e-02		3.3703434e-28
1.2900000e+02		1.3000000e+02		1.2950000e+02		8.1594975e-02		3.1722705e-02		1.2166155e-01		5.4945337e-02		5.4945337e-02		5.0478329e-27
1.3000000e+02		1.3100000e+02		1.3050000e+02		6.7007791e-01		2.6811299e-01		1.0236762e+00		4.6438532e-01		4.6438532e-01		4.1281054e-25
1.3100000e+02		1.3200000e+02		1.3150000e+02		9.0731094e-02		3.7338453e-02		1.4195210e-01		6.4672098e-02		6.4672098e-02		4.9720257e-25
1.3200000e+02		1.3300000e+02		1.3250000e+02		7.0547730e-02		2.9842157e-02		1.1298790e-01		5.1688132e-02		5.1688132e-02		3.0919413e-24
1.3300000e+02		1.3400000e+02		1.3350000e+02		9.5357088e-01		4.1436513e-01		1.5626922e+00		7.1770146e-01		7.1770146e-01		3.0237972e-22
1.3400000e+02		1.3500000e+02		1.3450000e+02		6.5246966e-02		2.9108403e-02		1.0936193e-01		5.0417232e-02		5.0417232e-02		1.3619999e-22
1.3500000e+02		1.3600000e+02		1.3550000e+02		1.3692679e-01		6.2678172e-02		2.3463228e-01		1.0856178e-01		1.0856178e-01		1.7211144e-21
1.3600000e+02		1.3700000e+02		1.3650000e+02		8.9861989e-02		4.2181663e-02		1.5735551e-01		7.3060784e-02		7.3060784e-02		6.2526025e-21
1.3700000e+02		1.3800000e+02		1.3750000e+02		9.2282630e-02		4.4395826e-02		1.6506218e-01		7.6895826e-02		7.6895826e-02		3.2829034e-20
1.3800000e+02		1.3900000e+02		1.3850000e+02		9.4180145e-02		4.6410407e-02		1.7199892e-01		8.0385183e-02		8.0385183e-02		1.5890682e-19
1.3900000e+02		1.4000000e+02		1.3950000e+02		3.1801144e-01		1.6043395e-01		5.9274344e-01		2.7787976e-01		2.7787976e-01		2.3705193e-18
1.4000000e+02		1.4100000e+02		1.4050000e+02		2.7729440e-01		1.4313973e-01		5.2728278e-01		2.4792529e-01		2.4792529e-01		8.5388822e-18
1.4100000e+02		1.4200000e+02		1.4150000e+02		1.3359910e-01		7.0527734e-02		2.5906379e-01		1.2215762e-01		1.2215762e-01		1.5948845e-17
1.4200000e+02		1.4300000e+02		1.4250000e+02		1.4479671e-01		7.8131976e-02		2.8621162e-01		1.3532855e-01		1.3532855e-01		6.3099404e-17
1.4300000e+02		1.4400000e+02		1.4350000e+02		1.6064305e-01		8.8557683e-02		3.2355086e-01		1.5338641e-01		1.5338641e-01		2.4139218e-16
1.4400000e+02		1.4500000e+02		1.4450000e+02		1.5363637e-01		8.6484214e-02		3.1517749e-01		1.4979505e-01		1.4979505e-01		7.5422022e-16
1.4500000e+02		1.4600000e+02		1.4550000e+02		1.6382583e-01		9.4122308e-02		3.4218047e-01		1.6302462e-01		1.6302462e-01		2.4962858e-15
1.4600000e+02		1.4700000e+02		1.4650000e+02		1.9977093e-01		1.1708539e-01		4.2466855e-01		2.0279785e-01		2.0279785e-01		9.0003831e-15
1.4700000e+02		1.4800000e+02		1.4750000e+02		2.4643334e-01		1.4727425e-01		5.3296369e-01		2.5508649e-01		2.5508649e-01		3.1349459e-14
1.4800000e+02		1.4900000e+02		1.4850000e+02		2.4167300e-01		1.4720186e-01		5.3155053e-01		2.5496111e-01		2.5496111e-01		8.3091798e-14
1.4900000e+02		1.5000000e+02		1.4950000e+02		2.1832777e-01		1.3547439e-01		4.8818491e-01		2.3464853e-01		2.3464853e-01		1.9462116e-13
1.5000000e+02		1.5100000e+02		1.5050000e+02		2.4023073e-01		1.5179204e-01		5.4589103e-01		2.6291153e-01		2.6291153e-01		5.3371692e-13
1.5100000e+02		1.5200000e+02		1.5150000e+02		2.5258505e-01		1.6244745e-01		5.8308536e-01		2.8136723e-01		2.8136723e-01		1.3470636e-12
1.5200000e+02		1.5300000e+02		1.5250000e+02		3.2229547e-01		2.1089259e-01		7.5556873e-01		3.6527668e-01		3.6527668e-01		3.9813340e-12
1.5300000e+02		1.5400000e+02		1.5350000e+02		3.5701286e-01		2.3758207e-01		8.4966846e-01		4.1150421e-01		4.1150421e-01		9.8741807e-12
1.5400000e+02		1.5500000e+02		1.5450000e+02		9.5486931e-01		6.4598184e-01		2.3062579e+00		1.1188734e+00		1.1188734e+00		5.7248462e-11
1.5500000e+02		1.5600000e+02		1.5550000e+02		7.8587524e-01		5.4026226e-01		1.9256230e+00		9.3576169e-01		9.3576169e-01		9.9039504e-11
1.5600000e+02		1.5700000e+02		1.5650000e+02		4.6648084e-01		3.2575575e-01		1.1592150e+00		5.6422552e-01		5.6422552e-01		1.2000229e-10
1.5700000e+02		1.5800000e+02		1.5750000e+02		4.2309893e-01		3.0001463e-01		1.0659692e+00		5.1964059e-01		5.1964059e-01		2.1605518e-10
1.5800000e+02		1.5900000e+02		1.5850000e+02		3.9008072e-01		2.8076074e-01		9.9607725e-01		4.8629186e-01		4.8629186e-01		3.8501461e-10
1.5900000e+02		1.6000000e+02		1.5950000e+02		3.8042347e-01		2.7782639e-01		9.8425499e-01		4.8120942e-01		4.8120942e-01		7.0755329e-10
1.6000000e+02		1.6100000e+02		1.6050000e+02		4.1635449e-01		3.0841806e-01		1.0911226e+00		5.3419575e-01		5.3419575e-01		1.4243001e-09
1.6100000e+02		1.6200000e+02		1.6150000e+02		4.7164413e-01		3.5425098e-01		1.2516001e+00		6.1358070e-01		6.1358069e-01		2.8997236e-09
1.6200000e+02		1.6300000e+02		1.6250000e+02		5.2241459e-01		3.9772710e-01		1.4033981e+00		6.8888355e-01		6.8888354e-01		5.6464343e-09
1.6300000e+02		1.6400000e+02		1.6350000e+02		1.1072121e+00		8.5414279e-01		3.0101411e+00		1.4794187e+00		1.4794187e+00		2.0599223e-08
1.6400000e+02		1.6500000e+02		1.6450000e+02		1.1323318e+00		8.8483641e-01		3.1145747e+00		1.5325816e+00		1.5325816e+00		3.5539215e-08
1.6500000e+02		1.6600000e+02		1.6550000e+02		1.3255566e+00		1.0489150e+00		3.6878517e+00		1.8167740e+00		1.8167740e+00		6.8847376e-08
1.6600000e+02		1.6700000e+02		1.6650000e+02		6.2522883e-01		5.0084128e-01		1.7589273e+00		8.6748250e-01		8.6748245e-01		5.2758422e-08
1.6700000e+02		1.6800000e+02		1.6750000e+02		6.6723830e-01		5.4091706e-01		1.8976217e+00		9.3689576e-01		9.3689567e-01		8.9878393e-08
1.6800000e+02		1.6900000e+02		1.6850000e+02		7.1904320e-01		5.8974722e-01		2.0667690e+00		1.0214720e+00		1.0214719e+00		1.5203378e-07
1.6900000e+02		1.7000000e+02		1.6950000e+02		9.0554889e-01		7.5120711e-01		2.6299534e+00		1.3011287e+00		1.3011284e+00		2.9574120e-07
1.7000000e+02		1.7100000e+02		1.7050000e+02		1.0161854e+00		8.5238587e-01		2.9812721e+00		1.4763753e+00		1.4763748e+00		5.0476686e-07
1.7100000e+02		1.7200000e+02		1.7150000e+02		1.0130704e+00		8.5901360e-01		3.0016253e+00		1.4878546e+00		1.4878539e+00		7.5415888e-07
1.7200000e+02		1.7300000e+02		1.7250000e+02		1.0571150e+00		9.0586651e-01		3.1624612e+00		1.5690060e+00		1.5690048e+00		1.1628092e-06
1.7300000e+02		1.7400000e+02		1.7350000e+02		1.0479596e+00		9.0730930e-01		3.1647099e+00		1.5715046e+00		1.5715029e+00		1.6803839e-06
1.7400000e+02		1.7500000e+02		1.7450000e+02		1.2530722e+00		1.0958366e+00		3.8190410e+00		1.8980425e+00		1.8980396e+00		2.8911938e-06
1.7500000e+02		1.7600000e+02		1.7550000e+02		1.4954862e+00		1.3206987e+00		4.5989025e+00		2.2875136e+00		2.2875087e+00		4.9035744e-06
1.7600000e+02		1.7700000e+02		1.7650000e+02		1.6135596e+00		1.4386440e+00		5.0056123e+00		2.4917991e+00		2.4917917e+00		7.4294804e-06
1.7700000e+02		1.7800000e+02		1.7750000e+02		1.9010195e+00		1.7108027e+00		5.9479614e+00		2.9631882e+00		2.9631761e+00		1.2151447e-05
1.7800000e+02		1.7900000e+02		1.7850000e+02		2.0776624e+00		1.8868346e+00		6.5550643e+00		3.2680800e+00		3.2680618e+00		1.8235197e-05
1.7900000e+02		1.8000000e+02		1.7950000e+02		2.0198657e+00		1.8506736e+00		6.4247749e+00		3.2054430e+00		3.2054189e+00		2.4086285e-05
1.8000000e+02		1.8100000e+02		1.8050000e+02		2.4976225e+00		2.3082777e+00		8.0077546e+00		3.9980249e+00		3.9979848e+00		4.0057747e-05
1.8100000e+02		1.8200000e+02		1.8150000e+02		3.0410490e+00		2.8343030e+00		9.8259103e+00		4.9091093e+00		4.9090443e+00		6.4963649e-05
1.8200000e+02		1.8300000e+02		1.8250000e+02		2.8073836e+00		2.6381302e+00		9.1397714e+00		4.5693176e+00		4.5692384e+00		7.9136560e-05
1.8300000e+02		1.8400000e+02		1.8350000e+02		2.9562417e+00		2.8003883e+00		9.6956813e+00		4.8503350e+00		4.8502260e+00		1.0897919e-04
1.8400000e+02		1.8500000e+02		1.8450000e+02		2.5409769e+00		2.4259257e+00		8.3939524e+00		4.2017377e+00		4.2016162e+00		1.2144621e-04
1.8500000e+02		1.8600000e+02		1.8550000e+02		2.8735562e+00		2.7644688e+00		9.5595436e+00		4.7880711e+00		4.7878945e+00		1.7659505e-04
1.8600000e+02		1.8700000e+02		1.8650000e+02		3.2604304e+00		3.1600970e+00		1.0921178e+01		5.4732615e+00		5.4730059e+00		2.5558975e-04
1.8700000e+02		1.8800000e+02		1.8750000e+02		3.6946466e+00		3.6070536e+00		1.2458680e+01		6.2473317e+00		6.2469651e+00		3.6662094e-04
1.8800000e+02		1.8900000e+02		1.8850000e+02		3.8870616e+00		3.8218898e+00		1.3193326e+01		6.6193524e+00		6.6188678e+00		4.8465641e-04
1.8900000e+02		1.9000000e+02		1.8950000e+02		4.3106081e+00		4.2677280e+00		1.4724328e+01		7.3914309e+00		7.3907604e+00		6.7055154e-04
1.9000000e+02		1.9100000e+02		1.9050000e+02		4.4384288e+00		4.4239956e+00		1.5255330e+01		7.6619589e+00		7.6611034e+00		8.5552404e-04
1.9100000e+02		1.9200000e+02		1.9150000e+02		4.8094361e+00		4.8254233e+00		1.6630895e+01		8.3570429e+00		8.3559017e+00		1.1411562e-03
1.9200000e+02		1.9300000e+02		1.9250000e+02		5.0365493e+00		5.0858109e+00		1.7519368e+01		8.8078127e+00		8.8063510e+00		1.4617605e-03
1.9300000e+02		1.9400000e+02		1.9350000e+02		3.8447944e+00		3.9067627e+00		1.3451095e+01		6.7657184e+00		6.7643618e+00		1.3566056e-03
1.9400000e+02		1.9500000e+02		1.9450000e+02		6.1679797e+00		6.3057459e+00		2.1700182e+01		1.0919947e+01		1.0917317e+01		2.6302844e-03
1.9500000e+02		1.9600000e+02		1.9550000e+02		5.9528271e+00		6.1221176e+00		2.1058062e+01		1.0601585e+01		1.0598535e+01		3.0506823e-03
1.9600000e+02		1.9700000e+02		1.9650000e+02		6.5508102e+00		6.7763240e+00		2.3297207e+01		1.1734000e+01		1.1729988e+01		4.0124160e-03
1.9700000e+02		1.9800000e+02		1.9750000e+02		6.5190955e+00		6.7817835e+00		2.3305011e+01		1.1742918e+01		1.1738171e+01		4.7472682e-03
1.9800000e+02		1.9900000e+02		1.9850000e+02		6.3883794e+00		6.6825922e+00		2.2953471e+01		1.1570561e+01		1.1565058e+01		5.5027847e-03
1.9900000e+02		2.0000000e+02		1.9950000e+02		6.7274707e+00		7.0752672e+00		2.4291046e+01		1.2249729e+01		1.2242908e+01		6.8209815e-03
2.0000000e+02		2.0100000e+02		2.0050000e+02		7.1125146e+00		7.5195563e+00		2.5804599e+01		1.3018069e+01		1.3009621e+01		8.4482002e-03
2.0100000e+02		2.0200000e+02		2.0150000e+02		7.5701275e+00		8.0444033e+00		2.7593157e+01		1.3925639e+01		1.3915153e+01		1.0485881e-02
2.0200000e+02		2.0300000e+02		2.0250000e+02		7.4828608e+00		7.9913895e+00		2.7398911e+01		1.3832683e+01		1.3820649e+01		1.2034097e-02
2.0300000e+02		2.0400000e+02		2.0350000e+02		8.0092047e+00		8.5951554e+00		2.9455647e+01		1.4876345e+01		1.4861454e+01		1.4891179e-02
2.0400000e+02		2.0500000e+02		2.0450000e+02		8.6207445e+00		9.2953419e+00		3.1840806e+01		1.6086495e+01		1.6068041e+01		1.8454041e-02
2.0500000e+02		2.0600000e+02		2.0550000e+02		8.6400754e+00		9.3592203e+00		3.2045117e+01		1.6195118e+01		1.6173908e+01		2.1210219e-02
2.0600000e+02		2.0700000e+02		2.0650000e+02		8.6510225e+00		9.4132667e+00		3.2215534e+01		1.6286496e+01		1.6262235e+01		2.4260998e-02
2.0700000e+02		2.0800000e+02		2.0750000e+02		9.3957826e+00		1.0268468e+01		3.5126295e+01		1.7763554e+01		1.7733564e+01		2.9990006e-02
2.0800000e+02		2.0900000e+02		2.0850000e+02		1.0163489e+01		1.1154855e+01		3.8140903e+01		1.9293844e+01		1.9257054e+01		3.6790139e-02
2.0900000e+02		2.1000000e+02		2.0950000e+02		1.3129215e+01		1.4469728e+01		4.9452240e+01		2.5022984e+01		2.4969273e+01		5.3711491e-02
2.1000000e+02		2.1100000e+02		2.1050000e+02		1.6183343e+01		1.7907723e+01		6.1173385e+01		3.0962496e+01		3.0887923e+01		7.4572865e-02
2.1100000e+02		2.1200000e+02		2.1150000e+02		1.8424170e+01		2.0467461e+01		6.9884400e+01		3.5380904e+01		3.5285585e+01		9.5318522e-02
2.1200000e+02		2.1300000e+02		2.1250000e+02		1.6428561e+01		1.8320283e+01		6.2523018e+01		3.1662023e+01		3.1566896e+01		9.5127087e-02
2.1300000e+02		2.1400000e+02		2.1350000e+02		1.6737981e+01		1.8734660e+01		6.3906068e+01		3.2370216e+01		3.2262071e+01		1.0814487e-01
2.1400000e+02		2.1500000e+02		2.1450000e+02		2.1432541e+01		2.4075850e+01		8.2084884e+01		4.1587813e+01		4.1433750e+01		1.5406371e-01
2.1500000e+02		2.1600000e+02		2.1550000e+02		1.8408135e+01		2.0750925e+01		7.0713253e+01		3.5834192e+01		3.5687392e+01		1.4680027e-01
2.1600000e+02		2.1700000e+02		2.1650000e+02		1.7036901e+01		1.9270565e+01		6.5635052e+01		3.3267558e+01		3.3117243e+01		1.5031567e-01
2.1700000e+02		2.1800000e+02		2.1750000e+02		1.7640866e+01		2.0019630e+01		6.8150886e+01		3.4549293e+01		3.4377552e+01		1.7174111e-01
2.1800000e+02		2.1900000e+02		2.1850000e+02		2.3730294e+01		2.7016486e+01		9.1920884e+01		4.6607795e+01		4.6353535e+01		2.5426057e-01
2.1900000e+02		2.2000000e+02		2.1950000e+02		2.5052511e+01		2.8610432e+01		9.7291569e+01		4.9338994e+01		4.9044304e+01		2.9468957e-01
2.2000000e+02		2.2100000e+02		2.2050000e+02		2.5203754e+01		2.8869810e+01		9.8119558e+01		4.9766289e+01		4.9441601e+01		3.2468807e-01
2.2100000e+02		2.2200000e+02		2.2150000e+02		2.0176768e+01		2.3179019e+01		7.8734091e+01		3.9939334e+01		3.9655331e+01		2.8400311e-01
2.2200000e+02		2.2300000e+02		2.2250000e+02		2.7154039e+01		3.1282537e+01		1.0619911e+02		5.3877921e+01		5.3461253e+01		4.1666845e-01
2.2300000e+02		2.2400000e+02		2.2350000e+02		3.5163062e+01		4.0619871e+01		1.3781724e+02		6.9926031e+01		6.9339120e+01		5.8691103e-01
2.2400000e+02		2.2500000e+02		2.2450000e+02		3.2875934e+01		3.8078054e+01		1.2911616e+02		6.5517101e+01		6.4921484e+01		5.9561698e-01
2.2500000e+02		2.2600000e+02		2.2550000e+02		2.8720078e+01		3.3349424e+01		1.1301334e+02		5.7350304e+01		5.6786692e+01		5.6361205e-01
2.2600000e+02		2.2700000e+02		2.2650000e+02		2.1037217e+01		2.4488308e+01		8.2933541e+01		4.2088285e+01		4.1641994e+01		4.4629099e-01
2.2700000e+02		2.2800000e+02		2.2750000e+02		2.0463841e+01		2.3877435e+01		8.0813448e+01		4.1014045e+01		4.0545655e+01		4.6839039e-01
2.2800000e+02		2.2900000e+02		2.2850000e+02		2.8509984e+01		3.3341900e+01		1.1277302e+02		5.7235429e+01		5.6532697e+01		7.0273236e-01
2.2900000e+02		2.3000000e+02		2.2950000e+02		2.5620938e+01		3.0029254e+01		1.0150154e+02		5.1515250e+01		5.0836413e+01		6.7883745e-01
2.3000000e+02		2.3100000e+02		2.3050000e+02		2.9055844e+01		3.4127383e+01		1.1527591e+02		5.8505644e+01		5.7679585e+01		8.2605944e-01
2.3100000e+02		2.3200000e+02		2.3150000e+02		2.7387429e+01		3.2233325e+01		1.0880337e+02		5.5219196e+01		5.4385153e+01		8.3404241e-01
2.3200000e+02		2.3300000e+02		2.3250000e+02		2.9413108e+01		3.4685184e+01		1.1699764e+02		5.9375285e+01		5.8417405e+01		9.5787964e-01
2.3300000e+02		2.3400000e+02		2.3350000e+02		2.6543685e+01		3.1360209e+01		1.0570659e+02		5.3641858e+01		5.2718947e+01		9.2291072e-01
2.3400000e+02		2.3500000e+02		2.3450000e+02		2.3194371e+01		2.7452437e+01		9.2467307e+01		4.6919703e+01		4.6060046e+01		8.5965730e-01
2.3500000e+02		2.3600000e+02		2.3550000e+02		3.1223226e+01		3.7018866e+01		1.2459733e+02		6.3216898e+01		6.1985211e+01		1.2316874e+00
2.3600000e+02		2.3700000e+02		2.3650000e+02		2.8911473e+01		3.4334407e+01		1.1547492e+02		5.8581640e+01		5.7369570e+01		1.2120701e+00
2.3700000e+02		2.3800000e+02		2.3750000e+02		3.0878004e+01		3.6727387e+01		1.2342832e+02		6.2608029e+01		6.1234257e+01		1.3737726e+00
2.3800000e+02		2.3900000e+02		2.3850000e+02		2.5598090e+01		3.0492840e+01		1.0239613e+02		5.1931633e+01		5.0724730e+01		1.2069035e+00
2.3900000e+02		2.4000000e+02		2.3950000e+02		2.7890834e+01		3.3271306e+01		1.1163764e+02		5.6608824e+01		5.5217160e+01		1.3916640e+00
2.4000000e+02		2.4100000e+02		2.4050000e+02		2.5623038e+01		3.0607374e+01		1.0261629e+02		5.2024340e+01		5.0673087e+01		1.3512530e+00
2.4100000e+02		2.4200000e+02		2.4150000e+02		3.0005079e+01		3.5887805e+01		1.2022116e+02		6.0936811e+01		5.9266585e+01		1.6702266e+00
2.4200000e+02		2.4300000e+02		2.4250000e+02		4.1301739e+01		4.9459219e+01		1.6554630e+02		8.3891602e+01		8.1467892e+01		2.4237096e+00
2.4300000e+02		2.4400000e+02		2.4350000e+02		3.8791639e+01		4.6506588e+01		1.5553186e+02		7.8797103e+01		7.6400180e+01		2.3969236e+00
2.4400000e+02		2.4500000e+02		2.4450000e+02		3.6329084e+01		4.3601295e+01		1.4569059e+02		7.3791425e+01		7.1430614e+01		2.3608107e+00
2.4500000e+02		2.4600000e+02		2.4550000e+02		2.9476122e+01		3.5412417e+01		1.1822506e+02		5.9863082e+01		5.7850893e+01		2.0121887e+00
2.4600000e+02		2.4700000e+02		2.4650000e+02		2.8685918e+01		3.4495822e+01		1.1506336e+02		5.8244285e+01		5.6189466e+01		2.0548185e+00
2.4700000e+02		2.4800000e+02		2.4750000e+02		3.1678139e+01		3.8127881e+01		1.2706461e+02		6.4298263e+01		6.1919788e+01		2.3784753e+00
2.4800000e+02		2.4900000e+02		2.4850000e+02		2.5406301e+01		3.0604339e+01		1.0189931e+02		5.1546104e+01		4.9548747e+01		1.9973564e+00
2.4900000e+02		2.5000000e+02		2.4950000e+02		3.0967514e+01		3.7331915e+01		1.2418518e+02		6.2796584e+01		6.0250054e+01		2.5465299e+00
2.5000000e+02		2.5100000e+02		2.5050000e+02		3.3448743e+01		4.0351569e+01		1.3410542e+02		6.7786913e+01		6.4912721e+01		2.8741925e+00
2.5100000e+02		2.5200000e+02		2.5150000e+02		2.7888154e+01		3.3665259e+01		1.1177881e+02		5.6478606e+01		5.3976957e+01		2.5016489e+00
2.5200000e+02		2.5300000e+02		2.5250000e+02		2.5069906e+01		3.0281116e+01		1.0044685e+02		5.0731475e+01		4.8386068e+01		2.3454063e+00
2.5300000e+02		2.5400000e+02		2.5350000e+02		3.1592540e+01		3.8180060e+01		1.2652706e+02		6.3875310e+01		6.0795613e+01		3.0796961e+00
2.5400000e+02		2.5500000e+02		2.5450000e+02		3.5730773e+01		4.3201996e+01		1.4303046e+02		7.2173601e+01		6.8547554e+01		3.6260472e+00
2.5500000e+02		2.5600000e+02		2.5550000e+02		4.8755658e+01		5.8975649e+01		1.9506127e+02		9.8381392e+01		9.3234988e+01		5.1464039e+00
2.5600000e+02		2.5700000e+02		2.5650000e+02		6.2803876e+01		7.5997266e+01		2.5111095e+02		1.2658772e+02		1.1969829e+02		6.8894266e+00
2.5700000e+02		2.5800000e+02		2.5750000e+02		7.8843355e+01		9.5437362e+01		3.1502963e+02		1.5872790e+02		1.4974701e+02		8.9808861e+00
2.5800000e+02		2.5900000e+02		2.5850000e+02		8.2991293e+01		1.0048615e+02		3.3136032e+02		1.6686695e+02		1.5705867e+02		9.8082857e+00
2.5900000e+02		2.6000000e+02		2.5950000e+02		7.0629481e+01		8.5537996e+01		2.8178044e+02		1.4182107e+02		1.3316718e+02		8.6538862e+00
2.6000000e+02		2.6100000e+02		2.6050000e+02		5.7868388e+01		7.0096022e+01		2.3067413e+02		1.1603288e+02		1.0868777e+02		7.3451055e+00
2.6100000e+02		2.6200000e+02		2.6150000e+02		5.9092703e+01		7.1588757e+01		2.3534258e+02		1.1831157e+02		1.1054735e+02		7.7642131e+00
2.6200000e+02		2.6300000e+02		2.6250000e+02		7.0528613e+01		8.5450746e+01		2.8061976e+02		1.4098788e+02		1.3140228e+02		9.5856063e+00
2.6300000e+02		2.6400000e+02		2.6350000e+02		1.0614195e+02		1.2860510e+02		4.2189458e+02		2.1183453e+02		1.9692294e+02		1.4911582e+01
2.6400000e+02		2.6500000e+02		2.6450000e+02		1.6548208e+02		2.0050455e+02		6.5706775e+02		3.2970439e+02		3.0569011e+02		2.4014281e+01
2.6500000e+02		2.6600000e+02		2.6550000e+02		1.7356948e+02		2.1029590e+02		6.8842052e+02		3.4520953e+02		3.1920907e+02		2.6000462e+01
2.6600000e+02		2.6700000e+02		2.6650000e+02		1.6826276e+02		2.0385068e+02		6.6660609e+02		3.3404529e+02		3.0804374e+02		2.6001550e+01
2.6700000e+02		2.6800000e+02		2.6750000e+02		1.6940220e+02		2.0520736e+02		6.7031868e+02		3.3567368e+02		3.0868663e+02		2.6987049e+01
2.6800000e+02		2.6900000e+02		2.6850000e+02		1.6778062e+02		2.0321178e+02		6.6307988e+02		3.3181393e+02		3.0427597e+02		2.7537960e+01
2.6900000e+02		2.7000000e+02		2.6950000e+02		1.5737310e+02		1.9057008e+02		6.2115174e+02		3.1060776e+02		2.8401218e+02		2.6595570e+01
2.7000000e+02		2.7100000e+02		2.7050000e+02		1.8181465e+02		2.2011754e+02		7.1667323e+02		3.5810857e+02		3.2649028e+02		3.1618282e+01
2.7100000e+02		2.7200000e+02		2.7150000e+02		1.5108640e+02		1.8286793e+02		5.9473751e+02		2.9695526e+02		2.6993351e+02		2.7021748e+01
2.7200000e+02		2.7300000e+02		2.7250000e+02		1.2154404e+02		1.4706780e+02		4.7777606e+02		2.3837219e+02		2.1602852e+02		2.2343676e+01
2.7300000e+02		2.7400000e+02		2.7350000e+02		1.2960124e+02		1.5676553e+02		5.0871473e+02		2.5360890e+02		2.2913387e+02		2.4475030e+01
2.7400000e+02		2.7500000e+02		2.7450000e+02		8.9183780e+01		1.0783780e+02		3.4955034e+02		1.7412152e+02		1.5682897e+02		1.7292552e+01
2.7500000e+02		2.7600000e+02		2.7550000e+02		1.1893609e+02		1.4375705e+02		4.6545852e+02		2.3167008e+02		2.0800447e+02		2.3665609e+01
2.7600000e+02		2.7700000e+02		2.7650000e+02		1.6564211e+02		2.0012606e+02		6.4724233e+02		3.2188143e+02		2.8807629e+02		3.3805139e+01
2.7700000e+02		2.7800000e+02		2.7750000e+02		1.5837296e+02		1.9125765e+02		6.1786258e+02		3.0701166e+02		2.7387693e+02		3.3134730e+01
2.7800000e+02		2.7900000e+02		2.7850000e+02		1.0921797e+02		1.3183316e+02		4.2540841e+02		2.1120154e+02		1.8778759e+02		2.3413945e+01
2.7900000e+02		2.8000000e+02		2.7950000e+02		6.1368404e+01		7.4038308e+01		2.3864088e+02		1.1837447e+02		1.0490048e+02		1.3473987e+01
2.8000000e+02		2.8100000e+02		2.8050000e+02		6.7313201e+01		8.1167412e+01		2.6132185e+02		1.2951064e+02		1.1438130e+02		1.5129338e+01
2.8100000e+02		2.8200000e+02		2.8150000e+02		1.3943196e+02		1.6803613e+02		5.4038244e+02		2.6757274e+02		2.3550615e+02		3.2066588e+01
2.8200000e+02		2.8300000e+02		2.8250000e+02		1.8983287e+02		2.2864417e+02		7.3444993e+02		3.6333589e+02		3.1868402e+02		4.4651861e+01
2.8300000e+02		2.8400000e+02		2.8350000e+02		1.9610227e+02		2.3605301e+02		7.5738059e+02		3.7433498e+02		3.2717865e+02		4.7156329e+01
2.8400000e+02		2.8500000e+02		2.8450000e+02		1.4459284e+02		1.7394109e+02		5.5745336e+02		2.7526419e+02		2.3973304e+02		3.5531149e+01
2.8500000e+02		2.8600000e+02		2.8550000e+02		9.2944992e+01		1.1173788e+02		3.5769082e+02		1.7645698e+02		1.5312704e+02		2.3329944e+01
2.8600000e+02		2.8700000e+02		2.8650000e+02		1.9045522e+02		2.2881122e+02		7.3161919e+02		3.6057951e+02		3.1176712e+02		4.8812392e+01
2.8700000e+02		2.8800000e+02		2.8750000e+02		2.2108403e+02		2.6542579e+02		8.4771674e+02		4.1739458e+02		3.5956202e+02		5.7832559e+01
2.8800000e+02		2.8900000e+02		2.8850000e+02		2.1010240e+02		2.5206335e+02		8.0411249e+02		3.9553803e+02		3.3946472e+02		5.6073301e+01
2.8900000e+02		2.9000000e+02		2.8950000e+02		3.1885068e+02		3.8225307e+02		1.2180278e+03		5.9854867e+02		5.1176088e+02		8.6787784e+01
2.9000000e+02		2.9100000e+02		2.9050000e+02		4.1860542e+02		5.0147087e+02		1.5960660e+03		7.8353694e+02		6.6737549e+02		1.1616145e+02
2.9100000e+02		2.9200000e+02		2.9150000e+02		4.0318642e+02		4.8263259e+02		1.5343364e+03		7.5247356e+02		6.3845057e+02		1.1402298e+02
2.9200000e+02		2.9300000e+02		2.9250000e+02		3.5818014e+02		4.2842525e+02		1.3604348e+03		6.6650934e+02		5.6331301e+02		1.0319633e+02
2.9300000e+02		2.9400000e+02		2.9350000e+02		3.7393440e+02		4.4691514e+02		1.4175113e+03		6.9375930e+02		5.8403956e+02		1.0971975e+02
2.9400000e+02		2.9500000e+02		2.9450000e+02		3.4819581e+02		4.1581755e+02		1.3173561e+03		6.4407334e+02		5.4005900e+02		1.0401434e+02
2.9500000e+02		2.9600000e+02		2.9550000e+02		3.7701055e+02		4.4985886e+02		1.4235601e+03		6.9527073e+02		5.8065070e+02		1.1462002e+02
2.9600000e+02		2.9700000e+02		2.9650000e+02		3.4493460e+02		4.1124170e+02		1.2998586e+03		6.3418587e+02		5.2749159e+02		1.0669428e+02
2.9700000e+02		2.9800000e+02		2.9750000e+02		3.5165811e+02		4.1890262e+02		1.3225494e+03		6.4457146e+02		5.3393822e+02		1.1063325e+02
2.9800000e+02		2.9900000e+02		2.9850000e+02		3.0223333e+02		3.5971746e+02		1.1343855e+03		5.5227463e+02		4.5559517e+02		9.6679463e+01
2.9900000e+02		3.0000000e+02		2.9950000e+02		3.4101318e+02		4.0551978e+02		1.2773563e+03		6.2120997e+02		5.1032848e+02		1.1088149e+02
3.0000000e+02		3.0100000e+02		3.0050000e+02		2.7131061e+02		3.2234768e+02		1.0142058e+03		4.9269838e+02		4.0305408e+02		8.9644302e+01
3.0100000e+02		3.0200000e+02		3.0150000e+02		3.1202593e+02		3.7039139e+02		1.1640312e+03		5.6486579e+02		4.6013137e+02		1.0473442e+02
3.0200000e+02		3.0300000e+02		3.0250000e+02		3.2846528e+02		3.8955408e+02		1.2228536e+03		5.9275843e+02		4.8078667e+02		1.1197177e+02
3.0300000e+02		3.0400000e+02		3.0350000e+02		4.2601061e+02		5.0478078e+02		1.5827537e+03		7.6636626e+02		6.1891789e+02		1.4744837e+02
3.0400000e+02		3.0500000e+02		3.0450000e+02		4.0776836e+02		4.8272098e+02		1.5118595e+03		7.3122576e+02		5.8796862e+02		1.4325714e+02
3.0500000e+02		3.0600000e+02		3.0550000e+02		4.1174793e+02		4.8697964e+02		1.5234626e+03		7.3601422e+02		5.8922214e+02		1.4679208e+02
3.0600000e+02		3.0700000e+02		3.0650000e+02		3.9053943e+02		4.6146376e+02		1.4420004e+03		6.9587561e+02		5.5462439e+02		1.4125122e+02
3.0700000e+02		3.0800000e+02		3.0750000e+02		4.3847484e+02		5.1761594e+02		1.6156352e+03		7.7878750e+02		6.1793856e+02		1.6084895e+02
3.0800000e+02		3.0900000e+02		3.0850000e+02		4.3035211e+02		5.0754458e+02		1.5824097e+03		7.6190657e+02		6.0182694e+02		1.6007964e+02
3.0900000e+02		3.1000000e+02		3.0950000e+02		3.4901328e+02		4.1122245e+02		1.2806541e+03		6.1591329e+02		4.8430374e+02		1.3160955e+02
3.1000000e+02		3.1100000e+02		3.1050000e+02		4.3927411e+02		5.1707380e+02		1.6084930e+03		7.7269794e+02		6.0481319e+02		1.6788474e+02
3.1100000e+02		3.1200000e+02		3.1150000e+02		5.2246540e+02		6.1440426e+02		1.9091226e+03		9.1606284e+02		7.1373186e+02		2.0233098e+02
3.1200000e+02		3.1300000e+02		3.1250000e+02		4.6521908e+02		5.4655242e+02		1.6963903e+03		8.1304809e+02		6.3053554e+02		1.8251256e+02
3.1300000e+02		3.1400000e+02		3.1350000e+02		4.9544367e+02		5.8149268e+02		1.8028270e+03		8.6306147e+02		6.6619892e+02		1.9686255e+02
3.1400000e+02		3.1500000e+02		3.1450000e+02		4.6729179e+02		5.4791352e+02		1.6968333e+03		8.1137647e+02		6.2336005e+02		1.8801643e+02
3.1500000e+02		3.1600000e+02		3.1550000e+02		4.5343123e+02		5.3113825e+02		1.6430609e+03		7.8474922e+02		6.0005001e+02		1.8469922e+02
3.1600000e+02		3.1700000e+02		3.1650000e+02		4.4229406e+02		5.1758075e+02		1.5993545e+03		7.6298237e+02		5.8062648e+02		1.8235589e+02
3.1700000e+02		3.1800000e+02		3.1750000e+02		5.6102832e+02		6.5587544e+02		2.0244646e+03		9.6465304e+02		7.3057563e+02		2.3407741e+02
3.1800000e+02		3.1900000e+02		3.1850000e+02		4.6340678e+02		5.4121202e+02		1.6687073e+03		7.9420208e+02		5.9858089e+02		1.9562119e+02
3.1900000e+02		3.2000000e+02		3.1950000e+02		4.9774832e+02		5.8074083e+02		1.7886310e+03		8.5027682e+02		6.3772901e+02		2.1254781e+02
3.2000000e+02		3.2100000e+02		3.2050000e+02		5.7184857e+02		6.6653089e+02		2.0506245e+03		9.7367357e+02		7.2670739e+02		2.4696618e+02
3.2100000e+02		3.2200000e+02		3.2150000e+02		4.8024660e+02		5.5920307e+02		1.7185601e+03		8.1503945e+02		6.0531536e+02		2.0972409e+02
3.2200000e+02		3.2300000e+02		3.2250000e+02		4.8228681e+02		5.6101711e+02		1.7222749e+03		8.1583466e+02		6.0290479e+02		2.1292987e+02
3.2300000e+02		3.2400000e+02		3.2350000e+02		4.6607071e+02		5.4161117e+02		1.6609137e+03		7.8583566e+02		5.7784135e+02		2.0799431e+02
3.2400000e+02		3.2500000e+02		3.2450000e+02		5.4882129e+02		6.3713512e+02		1.9517585e+03		9.2234838e+02		6.7482181e+02		2.4752657e+02
3.2500000e+02		3.2600000e+02		3.2550000e+02		6.3196128e+02		7.3291856e+02		2.2427833e+03		1.0586194e+03		7.7061644e+02		2.8800295e+02
3.2600000e+02		3.2700000e+02		3.2650000e+02		7.1301257e+02		8.2608941e+02		2.5252114e+03		1.1905108e+03		8.6223034e+02		3.2828050e+02
3.2700000e+02		3.2800000e+02		3.2750000e+02		6.8984049e+02		7.9844180e+02		2.4381201e+03		1.1480831e+03		8.2726024e+02		3.2082288e+02
3.2800000e+02		3.2900000e+02		3.2850000e+02		6.6596082e+02		7.7003094e+02		2.3488930e+03		1.1047493e+03		7.9195211e+02		3.1279718e+02
3.2900000e+02		3.3000000e+02		3.2950000e+02		7.7527139e+02		8.9552658e+02		2.7288452e+03		1.2819213e+03		9.1421962e+02		3.6770164e+02
3.3000000e+02		3.3100000e+02		3.3050000e+02		7.3029799e+02		8.4273391e+02		2.5653015e+03		1.2036566e+03		8.5395218e+02		3.4970439e+02
3.3100000e+02		3.3200000e+02		3.3150000e+02		6.9881652e+02		8.0560042e+02		2.4497249e+03		1.1480561e+03		8.1025877e+02		3.3779730e+02
3.3200000e+02		3.3300000e+02		3.3250000e+02		6.8562051e+02		7.8959992e+02		2.3985934e+03		1.1227523e+03		7.8824700e+02		3.3450530e+02
3.3300000e+02		3.3400000e+02		3.3350000e+02		6.5878216e+02		7.5793612e+02		2.3000447e+03		1.0753384e+03		7.5098184e+02		3.2435655e+02
3.3400000e+02		3.3500000e+02		3.3450000e+02		6.9405546e+02		7.9772505e+02		2.4183174e+03		1.1292857e+03		7.8448083e+02		3.4480483e+02
3.3500000e+02		3.3600000e+02		3.3550000e+02		6.8541663e+02		7.8701472e+02		2.3834256e+03		1.1116650e+03		7.6813072e+02		3.4353424e+02
3.3600000e+02		3.3700000e+02		3.3650000e+02		5.6469084e+02		6.4775250e+02		1.9596966e+03		9.1294196e+02		6.2744501e+02		2.8549695e+02
3.3700000e+02		3.3800000e+02		3.3750000e+02		5.9573781e+02		6.8269182e+02		2.0633255e+03		9.6007335e+02		6.5629173e+02		3.0378162e+02
3.3800000e+02		3.3900000e+02		3.3850000e+02		6.4448401e+02		7.3782607e+02		2.2277307e+03		1.0353378e+03		7.0392025e+02		3.3141752e+02
3.3900000e+02		3.4000000e+02		3.3950000e+02		6.7448220e+02		7.7141106e+02		2.3268188e+03		1.0801028e+03		7.3037239e+02		3.4973036e+02
3.4000000e+02		3.4100000e+02		3.4050000e+02		7.1196374e+02		8.1348216e+02		2.4512925e+03		1.1365310e+03		7.6434171e+02		3.7218926e+02
3.4100000e+02		3.4200000e+02		3.4150000e+02		6.4984945e+02		7.4178670e+02		2.2330526e+03		1.0341161e+03		6.9165869e+02		3.4245737e+02
3.4200000e+02		3.4300000e+02		3.4250000e+02		7.0477558e+02		8.0370131e+02		2.4170731e+03		1.1180081e+03		7.4365787e+02		3.7435024e+02
3.4300000e+02		3.4400000e+02		3.4350000e+02		6.9264465e+02		7.8910232e+02		2.3708609e+03		1.0953345e+03		7.2455302e+02		3.7078144e+02
3.4400000e+02		3.4500000e+02		3.4450000e+02		5.5710877e+02		6.3407901e+02		1.9032517e+03		8.7826009e+02		5.7773865e+02		3.0052144e+02
3.4500000e+02		3.4600000e+02		3.4550000e+02		6.7138909e+02		7.6341342e+02		2.2892603e+03		1.0551378e+03		6.9022722e+02		3.6491055e+02
3.4600000e+02		3.4700000e+02		3.4650000e+02		6.5194093e+02		7.4058947e+02		2.2186967e+03		1.0214094e+03		6.6442708e+02		3.5698232e+02
3.4700000e+02		3.4800000e+02		3.4750000e+02		6.4525828e+02		7.3229884e+02		2.1917764e+03		1.0078293e+03		6.5191216e+02		3.5591718e+02
3.4800000e+02		3.4900000e+02		3.4850000e+02		6.6761091e+02		7.5694689e+02		2.2634104e+03		1.0395463e+03		6.6863749e+02		3.7090885e+02
3.4900000e+02		3.5000000e+02		3.4950000e+02		6.3989005e+02		7.2483032e+02		2.1653432e+03		9.9334046e+02		6.3530179e+02		3.5803866e+02
3.5000000e+02		3.5100000e+02		3.5050000e+02		7.6650484e+02		8.6743463e+02		2.5889409e+03		1.1862751e+03		7.5438477e+02		4.3189038e+02
3.5100000e+02		3.5200000e+02		3.5150000e+02		7.1211510e+02		8.0512774e+02		2.4007541e+03		1.0987630e+03		6.9474843e+02		4.0401455e+02
3.5200000e+02		3.5300000e+02		3.5250000e+02		6.5785102e+02		7.4308213e+02		2.2137050e+03		1.0119762e+03		6.3621018e+02		3.7576601e+02
3.5300000e+02		3.5400000e+02		3.5350000e+02		7.5263834e+02		8.4936085e+02		2.5280040e+03		1.1543134e+03		7.2152538e+02		4.3278798e+02
3.5400000e+02		3.5500000e+02		3.5450000e+02		8.0329241e+02		9.0568714e+02		2.6932014e+03		1.2283199e+03		7.6335735e+02		4.6496257e+02
3.5500000e+02		3.5600000e+02		3.5550000e+02		7.5433512e+02		8.4970768e+02		2.5244561e+03		1.1500282e+03		7.1056606e+02		4.3946218e+02
3.5600000e+02		3.5700000e+02		3.5650000e+02		6.5576441e+02		7.3799906e+02		2.1906060e+03		9.9679153e+02		6.1230956e+02		3.8448197e+02
3.5700000e+02		3.5800000e+02		3.5750000e+02		5.7307986e+02		6.4435910e+02		1.9109494e+03		8.6854038e+02		5.3041862e+02		3.3812176e+02
3.5800000e+02		3.5900000e+02		3.5850000e+02		4.9194729e+02		5.5263499e+02		1.6374758e+03		7.4339211e+02		4.5133620e+02		2.9205591e+02
3.5900000e+02		3.6000000e+02		3.5950000e+02		7.1030971e+02		7.9721728e+02		2.3601037e+03		1.0702318e+03		6.4595918e+02		4.2427258e+02
3.6000000e+02		3.6100000e+02		3.6050000e+02		7.0092701e+02		7.8598288e+02		2.3248123e+03		1.0530278e+03		6.3183514e+02		4.2119269e+02
3.6100000e+02		3.6200000e+02		3.6150000e+02		6.5110481e+02		7.2946548e+02		2.1557705e+03		9.7535174e+02		5.8177314e+02		3.9357860e+02
3.6200000e+02		3.6300000e+02		3.6250000e+02		7.3500056e+02		8.2272993e+02		2.4292970e+03		1.0978619e+03		6.5096930e+02		4.4689263e+02
3.6300000e+02		3.6400000e+02		3.6350000e+02		7.1558904e+02		8.0029731e+02		2.3610368e+03		1.0658102e+03		6.2821032e+02		4.3759991e+02
3.6400000e+02		3.6500000e+02		3.6450000e+02		7.4837927e+02		8.3623771e+02		2.4649709e+03		1.1114773e+03		6.5122391e+02		4.6025342e+02
3.6500000e+02		3.6600000e+02		3.6550000e+02		8.5179486e+02		9.5096742e+02		2.8007922e+03		1.2614879e+03		7.3469928e+02		5.2678859e+02
3.6600000e+02		3.6700000e+02		3.6650000e+02		9.1042532e+02		1.0155467e+03		2.9884838e+03		1.3445229e+03		7.7836612e+02		5.6615679e+02
3.6700000e+02		3.6800000e+02		3.6750000e+02		8.7909512e+02		9.7975774e+02		2.8807663e+03		1.2946197e+03		7.4497140e+02		5.4964831e+02
3.6800000e+02		3.6900000e+02		3.6850000e+02		8.1047729e+02		9.0251266e+02		2.6514503e+03		1.1902450e+03		6.8078192e+02		5.0946304e+02
3.6900000e+02		3.7000000e+02		3.6950000e+02		8.9967825e+02		1.0009944e+03		2.9383616e+03		1.3175849e+03		7.4906114e+02		5.6852376e+02
3.7000000e+02		3.7100000e+02		3.7050000e+02		8.4427990e+02		9.3856690e+02		2.7528641e+03		1.2330495e+03		6.9675323e+02		5.3629624e+02
3.7100000e+02		3.7200000e+02		3.7150000e+02		8.7164560e+02		9.6817856e+02		2.8374191e+03		1.2695314e+03		7.1300851e+02		5.5652291e+02
3.7200000e+02		3.7300000e+02		3.7250000e+02		7.2411383e+02		8.0363990e+02		2.3533176e+03		1.0517842e+03		5.8711577e+02		4.6466846e+02
3.7300000e+02		3.7400000e+02		3.7350000e+02		6.3155746e+02		7.0034020e+02		2.0491873e+03		9.1486255e+02		5.0756532e+02		4.0729722e+02
3.7400000e+02		3.7500000e+02		3.7450000e+02		6.4642322e+02		7.1623754e+02		2.0940437e+03		9.3387766e+02		5.1494204e+02		4.1893561e+02
3.7500000e+02		3.7600000e+02		3.7550000e+02		7.4036161e+02		8.1965367e+02		2.3945154e+03		1.0667285e+03		5.8458537e+02		4.8214315e+02
3.7600000e+02		3.7700000e+02		3.7650000e+02		7.6758018e+02		8.4910039e+02		2.4786054e+03		1.1030055e+03		6.0074600e+02		5.0225952e+02
3.7700000e+02		3.7800000e+02		3.7750000e+02		9.0048278e+02		9.9531814e+02		2.9031793e+03		1.2905660e+03		6.9856399e+02		5.9200203e+02
3.7800000e+02		3.7900000e+02		3.7850000e+02		9.3786543e+02		1.0358114e+03		3.0189695e+03		1.3406123e+03		7.2116667e+02		6.1944563e+02
3.7900000e+02		3.8000000e+02		3.7950000e+02		7.6051322e+02		8.3927255e+02		2.4442726e+03		1.0842621e+03		5.7965161e+02		5.0461054e+02
3.8000000e+02		3.8100000e+02		3.8050000e+02		8.2814537e+02		9.1319045e+02		2.6575354e+03		1.1776222e+03		6.2565215e+02		5.5197002e+02
3.8100000e+02		3.8200000e+02		3.8150000e+02		7.4366886e+02		8.1939885e+02		2.3827945e+03		1.0547703e+03		5.5689471e+02		4.9787554e+02
3.8200000e+02		3.8300000e+02		3.8250000e+02		5.3336093e+02		5.8721937e+02		1.7063480e+03		7.5454543e+02		3.9589772e+02		3.5864771e+02
3.8300000e+02		3.8400000e+02		3.8350000e+02		4.7073026e+02		5.1786570e+02		1.5037057e+03		6.6424649e+02		3.4634068e+02		3.1790582e+02
3.8400000e+02		3.8500000e+02		3.8450000e+02		6.2969557e+02		6.9221972e+02		2.0084941e+03		8.8631438e+02		4.5923290e+02		4.2708148e+02
3.8500000e+02		3.8600000e+02		3.8550000e+02		6.6694888e+02		7.3261637e+02		2.1241567e+03		9.3638999e+02		4.8213356e+02		4.5425643e+02
3.8600000e+02		3.8700000e+02		3.8650000e+02		6.6977732e+02		7.3516985e+02		2.1300186e+03		9.3801279e+02		4.7993156e+02		4.5808123e+02
3.8700000e+02		3.8800000e+02		3.8750000e+02		6.6902499e+02		7.3379577e+02		2.1245116e+03		9.3463455e+02		4.7518965e+02		4.5944490e+02
3.8800000e+02		3.8900000e+02		3.8850000e+02		6.7841027e+02		7.4353827e+02		2.1511853e+03		9.4540986e+02		4.7763330e+02		4.6777656e+02
3.8900000e+02		3.9000000e+02		3.8950000e+02		8.1451188e+02		8.9204921e+02		2.5790295e+03		1.1322971e+03		5.6843270e+02		5.6386444e+02
3.9000000e+02		3.9100000e+02		3.9050000e+02		8.5560997e+02		9.3637569e+02		2.7052849e+03		1.1865366e+03		5.9188714e+02		5.9464948e+02
3.9100000e+02		3.9200000e+02		3.9150000e+02		9.2006232e+02		1.0061827e+03		2.9049422e+03		1.2728345e+03		6.3090481e+02		6.4192967e+02
3.9200000e+02		3.9300000e+02		3.9250000e+02		7.0614281e+02		7.7168470e+02		2.2263869e+03		9.7454891e+02		4.7998187e+02		4.9456704e+02
3.9300000e+02		3.9400000e+02		3.9350000e+02		4.3291589e+02		4.7276032e+02		1.3630264e+03		5.9604365e+02		2.9169150e+02		3.0435215e+02
3.9400000e+02		3.9500000e+02		3.9450000e+02		7.1565803e+02		7.8097222e+02		2.2501094e+03		9.8299330e+02		4.7798702e+02		5.0500628e+02
3.9500000e+02		3.9600000e+02		3.9550000e+02		8.7888136e+02		9.5841859e+02		2.7595002e+03		1.2043501e+03		5.8188015e+02		6.2246993e+02
3.9600000e+02		3.9700000e+02		3.9650000e+02		6.0712893e+02		6.6161178e+02		1.9036535e+03		8.3001875e+02		3.9845517e+02		4.3156358e+02
3.9700000e+02		3.9800000e+02		3.9750000e+02		6.8053003e+02		7.4108718e+02		2.1309132e+03		9.2820892e+02		4.4273481e+02		4.8547412e+02
3.9800000e+02		3.9900000e+02		3.9850000e+02		1.0480559e+03		1.1405348e+03		3.2773215e+03		1.4262030e+03		6.7589827e+02		7.5030472e+02
3.9900000e+02		4.0000000e+02		3.9950000e+02		1.1577145e+03		1.2590123e+03		3.6154043e+03		1.5718235e+03		7.4011911e+02		8.3170438e+02
4.0000000e+02		4.0100000e+02		4.0050000e+02		1.1939713e+03		1.2975652e+03		3.7237002e+03		1.6173669e+03		7.5665884e+02		8.6070803e+02
4.0100000e+02		4.0200000e+02		4.0150000e+02		1.2509583e+03		1.3585864e+03		3.8963115e+03		1.6907398e+03		7.8588325e+02		9.0485653e+02
4.0200000e+02		4.0300000e+02		4.0250000e+02		1.2664199e+03		1.3744649e+03		3.9393372e+03		1.7078033e+03		7.8868734e+02		9.1911601e+02
4.0300000e+02		4.0400000e+02		4.0350000e+02		1.2115903e+03		1.3140912e+03		3.7639199e+03		1.6302305e+03		7.4799363e+02		8.8223683e+02
4.0400000e+02		4.0500000e+02		4.0450000e+02		1.1914959e+03		1.2914523e+03		3.6967564e+03		1.5996528e+03		7.2921022e+02		8.7044257e+02
4.0500000e+02		4.0600000e+02		4.0550000e+02		1.1904731e+03		1.2895073e+03		3.6888931e+03		1.5947755e+03		7.2227240e+02		8.7250314e+02
4.0600000e+02		4.0700000e+02		4.0650000e+02		1.1388815e+03		1.2328308e+03		3.5245827e+03		1.5223417e+03		6.8499033e+02		8.3735141e+02
4.0700000e+02		4.0800000e+02		4.0750000e+02		1.1575323e+03		1.2522211e+03		3.5778278e+03		1.5439285e+03		6.9018701e+02		8.5374146e+02
4.0800000e+02		4.0900000e+02		4.0850000e+02		1.2307397e+03		1.3305750e+03		3.7993920e+03		1.6380513e+03		7.2749664e+02		9.1055464e+02
4.0900000e+02		4.1000000e+02		4.0950000e+02		1.2243097e+03		1.3227932e+03		3.7748977e+03		1.6260225e+03		7.1744829e+02		9.0857425e+02
4.1000000e+02		4.1100000e+02		4.1050000e+02		1.1216634e+03		1.2111362e+03		3.4541948e+03		1.4865466e+03		6.5162818e+02		8.3491845e+02
4.1100000e+02		4.1200000e+02		4.1150000e+02		1.3003372e+03		1.4031962e+03		3.9995857e+03		1.7197266e+03		7.4891897e+02		9.7080763e+02
4.1200000e+02		4.1300000e+02		4.1250000e+02		1.2760342e+03		1.3761283e+03		3.9201295e+03		1.6840689e+03		7.2859513e+02		9.5547374e+02
4.1300000e+02		4.1400000e+02		4.1350000e+02		1.2308584e+03		1.3266035e+03		3.7768487e+03		1.6210873e+03		6.9675611e+02		9.2433117e+02
4.1400000e+02		4.1500000e+02		4.1450000e+02		1.2488872e+03		1.3452248e+03		3.8276514e+03		1.6414547e+03		7.0088753e+02		9.4056722e+02
4.1500000e+02		4.1600000e+02		4.1550000e+02		1.2477523e+03		1.3432005e+03		3.8197019e+03		1.6366209e+03		6.9424006e+02		9.4238079e+02
4.1600000e+02		4.1700000e+02		4.1650000e+02		1.2947363e+03		1.3929539e+03		3.9589369e+03		1.6948123e+03		7.1420447e+02		9.8060779e+02
4.1700000e+02		4.1800000e+02		4.1750000e+02		1.1781342e+03		1.2667629e+03		3.5982586e+03		1.5390834e+03		6.4431731e+02		8.9476608e+02
4.1800000e+02		4.1900000e+02		4.1850000e+02		1.2217101e+03		1.3128527e+03		3.7270937e+03		1.5928291e+03		6.6243133e+02		9.3039777e+02
4.1900000e+02		4.2000000e+02		4.1950000e+02		1.2338424e+03		1.3251252e+03		3.7598501e+03		1.6054649e+03		6.6329081e+02		9.4217409e+02
4.2000000e+02		4.2100000e+02		4.2050000e+02		1.2494927e+03		1.3411658e+03		3.8032718e+03		1.6226371e+03		6.6596834e+02		9.5666881e+02
4.2100000e+02		4.2200000e+02		4.2150000e+02		1.2299982e+03		1.3194923e+03		3.7397711e+03		1.5942086e+03		6.4998588e+02		9.4422274e+02
4.2200000e+02		4.2300000e+02		4.2250000e+02		1.1657134e+03		1.2498269e+03		3.5404078e+03		1.5079670e+03		6.1076602e+02		8.9720099e+02
4.2300000e+02		4.2400000e+02		4.2350000e+02		1.2419943e+03		1.3308695e+03		3.7679585e+03		1.6035606e+03		6.4519414e+02		9.5836650e+02
4.2400000e+02		4.2500000e+02		4.2450000e+02		1.2850442e+03		1.3762388e+03		3.8943375e+03		1.6559831e+03		6.6188226e+02		9.9410087e+02
4.2500000e+02		4.2600000e+02		4.2550000e+02		1.2367256e+03		1.3237652e+03		3.7438796e+03		1.5907046e+03		6.3158537e+02		9.5911926e+02
4.2600000e+02		4.2700000e+02		4.2650000e+02		1.2316584e+03		1.3176250e+03		3.7245666e+03		1.5812156e+03		6.2366193e+02		9.5755362e+02
4.2700000e+02		4.2800000e+02		4.2750000e+02		1.1420512e+03		1.2211052e+03		3.4499430e+03		1.4634477e+03		5.7338859e+02		8.9005915e+02
4.2800000e+02		4.2900000e+02		4.2850000e+02		1.1495483e+03		1.2284647e+03		3.4689524e+03		1.4703336e+03		5.7226801e+02		8.9806564e+02
4.2900000e+02		4.3000000e+02		4.2950000e+02		1.0698649e+03		1.1427056e+03		3.2251410e+03		1.3659060e+03		5.2809772e+02		8.3780824e+02
4.3000000e+02		4.3100000e+02		4.3050000e+02		8.6065012e+02		9.1876402e+02		2.5917845e+03		1.0968009e+03		4.2123984e+02		6.7556108e+02
4.3100000e+02		4.3200000e+02		4.3150000e+02		1.0641754e+03		1.1354407e+03		3.2014135e+03		1.3537229e+03		5.1646139e+02		8.3726156e+02
4.3200000e+02		4.3300000e+02		4.3250000e+02		1.1990384e+03		1.2786750e+03		3.6034769e+03		1.5225485e+03		5.7701085e+02		9.4553761e+02
4.3300000e+02		4.3400000e+02		4.3350000e+02		1.3017454e+03		1.3874933e+03		3.9082159e+03		1.6500289e+03		6.2116593e+02		1.0288630e+03
4.3400000e+02		4.3500000e+02		4.3450000e+02		1.1054356e+03		1.1776548e+03		3.3155342e+03		1.3987253e+03		5.2305842e+02		8.7566684e+02
4.3500000e+02		4.3600000e+02		4.3550000e+02		1.2347447e+03		1.3147504e+03		3.6997171e+03		1.5596083e+03		5.7934009e+02		9.8026824e+02
4.3600000e+02		4.3700000e+02		4.3650000e+02		1.3814970e+03		1.4702784e+03		4.1353878e+03		1.7419418e+03		6.4276255e+02		1.0991793e+03
4.3700000e+02		4.3800000e+02		4.3750000e+02		1.2223713e+03		1.3002838e+03		3.6555104e+03		1.5386436e+03		5.6396547e+02		9.7467816e+02
4.3800000e+02		4.3900000e+02		4.3850000e+02		1.1905029e+03		1.2657639e+03		3.5567845e+03		1.4959683e+03		5.4466964e+02		9.5129869e+02
4.3900000e+02		4.4000000e+02		4.3950000e+02		1.3250738e+03		1.4081580e+03		3.9550590e+03		1.6622443e+03		6.0117475e+02		1.0610696e+03
4.4000000e+02		4.4100000e+02		4.4050000e+02		1.2562739e+03		1.3344016e+03		3.7461624e+03		1.5732862e+03		5.6520707e+02		1.0080792e+03
4.4100000e+02		4.4200000e+02		4.4150000e+02		1.3817384e+03		1.4669685e+03		4.1164323e+03		1.7275220e+03		6.1647618e+02		1.1110458e+03
4.4200000e+02		4.4300000e+02		4.4250000e+02		1.4526378e+03		1.5415117e+03		4.3236337e+03		1.8131559e+03		6.4271693e+02		1.1704389e+03
4.4300000e+02		4.4400000e+02		4.4350000e+02		1.4050936e+03		1.4903596e+03		4.1782718e+03		1.7509299e+03		6.1651587e+02		1.1344140e+03
4.4400000e+02		4.4500000e+02		4.4450000e+02		1.4475318e+03		1.5346595e+03		4.3005388e+03		1.8008724e+03		6.2986643e+02		1.1710060e+03
4.4500000e+02		4.4600000e+02		4.4550000e+02		1.3420773e+03		1.4222021e+03		3.9836304e+03		1.6669757e+03		5.7914053e+02		1.0878352e+03
4.4600000e+02		4.4700000e+02		4.4650000e+02		1.3689269e+03		1.4499922e+03		4.0596810e+03		1.6975965e+03		5.8583799e+02		1.1117585e+03
4.4700000e+02		4.4800000e+02		4.4750000e+02		1.4837056e+03		1.5708564e+03		4.3961540e+03		1.8370032e+03		6.2971009e+02		1.2072931e+03
4.4800000e+02		4.4900000e+02		4.4850000e+02		1.4587166e+03		1.5437066e+03		4.3183013e+03		1.8032110e+03		6.1399419e+02		1.1892169e+03
4.4900000e+02		4.5000000e+02		4.4950000e+02		1.4737837e+03		1.5589578e+03		4.3590909e+03		1.8189815e+03		6.1522267e+02		1.2037588e+03
4.5000000e+02		4.5100000e+02		4.5050000e+02		1.5636828e+03		1.6533231e+03		4.6209821e+03		1.9269368e+03		6.4737709e+02		1.2795597e+03
4.5100000e+02		4.5200000e+02		4.5150000e+02		1.5589734e+03		1.6476233e+03		4.6031067e+03		1.9181704e+03		6.4012134e+02		1.2780490e+03
4.5200000e+02		4.5300000e+02		4.5250000e+02		1.4757889e+03		1.5590328e+03		4.3537804e+03		1.8130413e+03		6.0099055e+02		1.2120508e+03
4.5300000e+02		4.5400000e+02		4.5350000e+02		1.4141855e+03		1.4933130e+03		4.1685192e+03		1.7347229e+03		5.7118194e+02		1.1635410e+03
4.5400000e+02		4.5500000e+02		4.5450000e+02		1.5096596e+03		1.5934506e+03		4.4462183e+03		1.8490485e+03		6.0475116e+02		1.2442974e+03
4.5500000e+02		4.5600000e+02		4.5550000e+02		1.4952815e+03		1.5776085e+03		4.4002179e+03		1.8287022e+03		5.9409394e+02		1.2346082e+03
4.5600000e+02		4.5700000e+02		4.5650000e+02		1.5527317e+03		1.6375367e+03		4.5655199e+03		1.8961486e+03		6.1188248e+02		1.2842662e+03
4.5700000e+02		4.5800000e+02		4.5750000e+02		1.5677329e+03		1.6526718e+03		4.6058691e+03		1.9116532e+03		6.1275664e+02		1.2988966e+03
4.5800000e+02		4.5900000e+02		4.5850000e+02		1.4734199e+03		1.5526107e+03		4.3252859e+03		1.7940302e+03		5.7120473e+02		1.2228255e+03
4.5900000e+02		4.6000000e+02		4.5950000e+02		1.5222067e+03		1.6033662e+03		4.4649205e+03		1.8507515e+03		5.8531974e+02		1.2654317e+03
4.6000000e+02		4.6100000e+02		4.6050000e+02		1.5039223e+03		1.5834674e+03		4.4077844e+03		1.8258965e+03		5.7359346e+02		1.2523031e+03
4.6100000e+02		4.6200000e+02		4.6150000e+02		1.5386000e+03		1.6193310e+03		4.5058684e+03		1.8653390e+03		5.8206135e+02		1.2832777e+03
4.6200000e+02		4.6300000e+02		4.6250000e+02		1.5538294e+03		1.6347107e+03		4.5469158e+03		1.8811422e+03		5.8306316e+02		1.2980791e+03
4.6300000e+02		4.6400000e+02		4.6350000e+02		1.5018384e+03		1.5793922e+03		4.3913750e+03		1.8156523e+03		5.5899730e+02		1.2566550e+03
4.6400000e+02		4.6500000e+02		4.6450000e+02		1.5281564e+03		1.6064429e+03		4.4649005e+03		1.8449022e+03		5.6420063e+02		1.2807015e+03
4.6500000e+02		4.6600000e+02		4.6550000e+02		1.4760608e+03		1.5510791e+03		4.3094097e+03		1.7795521e+03		5.4057292e+02		1.2389792e+03
4.6600000e+02		4.6700000e+02		4.6650000e+02		1.4854121e+03		1.5603079e+03		4.3334413e+03		1.7883773e+03		5.3961785e+02		1.2487594e+03
4.6700000e+02		4.6800000e+02		4.6750000e+02		1.4997486e+03		1.5747694e+03		4.3719954e+03		1.8031887e+03		5.4044583e+02		1.2627428e+03
4.6800000e+02		4.6900000e+02		4.6850000e+02		1.4665907e+03		1.5393735e+03		4.2721672e+03		1.7609494e+03		5.2425433e+02		1.2366951e+03
4.6900000e+02		4.7000000e+02		4.6950000e+02		1.5086728e+03		1.5829535e+03		4.3915240e+03		1.8090601e+03		5.3497393e+02		1.2740861e+03
4.7000000e+02		4.7100000e+02		4.7050000e+02		1.4256243e+03		1.4952631e+03		4.1467604e+03		1.7072128e+03		5.0147832e+02		1.2057345e+03
4.7100000e+02		4.7200000e+02		4.7150000e+02		1.4904926e+03		1.5627273e+03		4.3323154e+03		1.7825498e+03		5.2010555e+02		1.2624443e+03
4.7200000e+02		4.7300000e+02		4.7250000e+02		1.5269264e+03		1.6003454e+03		4.4350392e+03		1.8237438e+03		5.2856625e+02		1.2951776e+03
4.7300000e+02		4.7400000e+02		4.7350000e+02		1.4995420e+03		1.5710786e+03		4.3524100e+03		1.7887219e+03		5.1494957e+02		1.2737723e+03
4.7400000e+02		4.7500000e+02		4.7450000e+02		1.5448084e+03		1.6179269e+03		4.4806423e+03		1.8403558e+03		5.2627230e+02		1.3140835e+03
4.7500000e+02		4.7600000e+02		4.7550000e+02		1.5413846e+03		1.6137701e+03		4.4675951e+03		1.8339423e+03		5.2093294e+02		1.3130093e+03
4.7600000e+02		4.7700000e+02		4.7650000e+02		1.4853490e+03		1.5545578e+03		4.3022046e+03		1.7650422e+03		4.9801145e+02		1.2670308e+03
4.7700000e+02		4.7800000e+02		4.7750000e+02		1.5508368e+03		1.6225330e+03		4.4888078e+03		1.8405561e+03		5.1584832e+02		1.3247078e+03
4.7800000e+02		4.7900000e+02		4.7850000e+02		1.5358791e+03		1.6063303e+03		4.4424944e+03		1.8205422e+03		5.0683099e+02		1.3137112e+03
4.7900000e+02		4.8000000e+02		4.7950000e+02		1.5403519e+03		1.6104582e+03		4.4524321e+03		1.8235967e+03		5.0429121e+02		1.3193055e+03
4.8000000e+02		4.8100000e+02		4.8050000e+02		1.5442750e+03		1.6140134e+03		4.4607926e+03		1.8260091e+03		5.0158728e+02		1.3244219e+03
4.8100000e+02		4.8200000e+02		4.8150000e+02		1.5475498e+03		1.6168935e+03		4.4672943e+03		1.8276654e+03		4.9869158e+02		1.3289738e+03
4.8200000e+02		4.8300000e+02		4.8250000e+02		1.5416562e+03		1.6102002e+03		4.4473622e+03		1.8185179e+03		4.9288498e+02		1.3256329e+03
4.8300000e+02		4.8400000e+02		4.8350000e+02		1.5183412e+03		1.5853259e+03		4.3772550e+03		1.7888818e+03		4.8161853e+02		1.3072633e+03
4.8400000e+02		4.8500000e+02		4.8450000e+02		1.4920771e+03		1.5573941e+03		4.2987647e+03		1.7558603e+03		4.6957607e+02		1.2862842e+03
4.8500000e+02		4.8600000e+02		4.8550000e+02		1.4021236e+03		1.4630288e+03		4.0370216e+03		1.6480696e+03		4.3781132e+02		1.2102583e+03
4.8600000e+02		4.8700000e+02		4.8650000e+02		1.2173217e+03		1.2697917e+03		3.5027158e+03		1.4291879e+03		3.7713528e+02		1.0520526e+03
4.8700000e+02		4.8800000e+02		4.8750000e+02		1.3927585e+03		1.4523281e+03		4.0049999e+03		1.6332722e+03		4.2811836e+02		1.2051538e+03
4.8800000e+02		4.8900000e+02		4.8850000e+02		1.4651201e+03		1.5273027e+03		4.2104587e+03		1.7161641e+03		4.4685088e+02		1.2693132e+03
4.8900000e+02		4.9000000e+02		4.8950000e+02		1.4372192e+03		1.4977492e+03		4.1277277e+03		1.6815720e+03		4.3492952e+02		1.2466425e+03
4.9000000e+02		4.9100000e+02		4.9050000e+02		1.5307557e+03		1.5947306e+03		4.3936764e+03		1.7889953e+03		4.5963528e+02		1.3293601e+03
4.9100000e+02		4.9200000e+02		4.9150000e+02		1.4425606e+03		1.5023878e+03		4.1380210e+03		1.6840393e+03		4.2979193e+02		1.2542473e+03
4.9200000e+02		4.9300000e+02		4.9250000e+02		1.3729411e+03		1.4294455e+03		3.9359471e+03		1.6009907e+03		4.0588026e+02		1.1951104e+03
4.9300000e+02		4.9400000e+02		4.9350000e+02		1.4509629e+03		1.5102223e+03		4.1571397e+03		1.6901135e+03		4.2562711e+02		1.2644864e+03
4.9400000e+02		4.9500000e+02		4.9450000e+02		1.4929449e+03		1.5534538e+03		4.2748935e+03		1.7371201e+03		4.3455908e+02		1.3025610e+03
4.9500000e+02		4.9600000e+02		4.9550000e+02		1.4663156e+03		1.5252926e+03		4.1961827e+03		1.7042915e+03		4.2351588e+02		1.2807756e+03
4.9600000e+02		4.9700000e+02		4.9650000e+02		1.4846220e+03		1.5438812e+03		4.2461021e+03		1.7237190e+03		4.2550086e+02		1.2982181e+03
4.9700000e+02		4.9800000e+02		4.9750000e+02		1.5123203e+03		1.5722266e+03		4.3228294e+03		1.7540109e+03		4.3010624e+02		1.3239046e+03
4.9800000e+02		4.9900000e+02		4.9850000e+02		1.3744029e+03		1.4284331e+03		3.9263617e+03		1.5923709e+03		3.8788104e+02		1.2044898e+03
4.9900000e+02		5.0000000e+02		4.9950000e+02		1.4721832e+03		1.5296190e+03		4.2033171e+03		1.7038737e+03		4.1229113e+02		1.2915826e+03
