Left Bin Edge (nm)	Right Bin Edge (nm)	Bin Center (nm)		Top of Atm Intensity (erg/s/nm/cm2)		Total Surface Flux (erg/s/nm/cm2)		Total Intensity at BOA (erg/s/nm/cm2)		Total Surface Intensity (erg/s/nm/cm2)		Total Surface Diffuse Intensity (erg/s/nm/cm2)		Total Surface Direct Intensity (erg/s/nm/cm2)
1.0000000e+02		1.0100000e+02		1.0050000e+02		4.4569042e-02		2.4525374e-199		0.0000000e+00		4.2479194e-199		4.2479194e-199		0.0000000e+00
1.0100000e+02		1.0200000e+02		1.0150000e+02		1.7387199e-01		2.8780738e-197		0.0000000e+00		4.9849701e-197		4.9849701e-197		0.0000000e+00
1.0200000e+02		1.0300000e+02		1.0250000e+02		9.2286085e-01		3.0760917e-195		0.0000000e+00		5.3279471e-195		5.3279471e-195		0.0000000e+00
1.0300000e+02		1.0400000e+02		1.0350000e+02		7.0094286e-01		3.0025219e-193		0.0000000e+00		5.2005205e-193		5.2005205e-193		0.0000000e+00
1.0400000e+02		1.0500000e+02		1.0450000e+02		1.4124828e-01		2.6834655e-191		0.0000000e+00		4.6478986e-191		4.6478986e-191		0.0000000e+00
1.0500000e+02		1.0600000e+02		1.0550000e+02		4.8389941e-02		2.2015022e-189		0.0000000e+00		3.8131136e-189		3.8131136e-189		0.0000000e+00
1.0600000e+02		1.0700000e+02		1.0650000e+02		4.5487167e-02		1.6618998e-187		0.0000000e+00		2.8784949e-187		2.8784949e-187		0.0000000e+00
1.0700000e+02		1.0800000e+02		1.0750000e+02		5.0757295e-02		1.1570799e-185		0.0000000e+00		2.0041212e-185		2.0041212e-185		0.0000000e+00
1.0800000e+02		1.0900000e+02		1.0850000e+02		7.1152114e-02		7.4462170e-184		0.0000000e+00		1.2897226e-183		1.2897226e-183		0.0000000e+00
1.0900000e+02		1.1000000e+02		1.0950000e+02		5.5817450e-02		4.8624420e-03		2.1727472e-02		8.4219967e-03		8.4219967e-03		1.8925557e-64
1.1000000e+02		1.1100000e+02		1.1050000e+02		5.4043772e-02		4.3575719e-03		1.9304244e-02		7.5475359e-03		7.5475359e-03		2.1813928e-61
1.1100000e+02		1.1200000e+02		1.1150000e+02		5.0797691e-02		2.5469761e-03		1.1263968e-02		4.4114921e-03		4.4114921e-03		1.5787869e-58
1.1200000e+02		1.1300000e+02		1.1250000e+02		5.1969037e-02		2.4598016e-03		1.0793961e-02		4.2605014e-03		4.2605014e-03		8.4115622e-56
1.1300000e+02		1.1400000e+02		1.1350000e+02		4.1221387e-02		3.1477433e-03		1.3588178e-02		5.4520513e-03		5.4520513e-03		2.4260017e-53
1.1400000e+02		1.1500000e+02		1.1450000e+02		3.1562600e-02		2.8387300e-03		1.2124203e-02		4.9168246e-03		4.9168246e-03		4.7578216e-51
1.1500000e+02		1.1600000e+02		1.1550000e+02		4.3552050e-02		6.9838256e-03		2.9358090e-02		1.2096341e-02		1.2096341e-02		1.2293103e-48
1.1600000e+02		1.1700000e+02		1.1650000e+02		1.0143732e-01		1.7041662e-02		7.1055581e-02		2.9517024e-02		2.9517024e-02		3.9400347e-46
1.1700000e+02		1.1800000e+02		1.1750000e+02		3.6108525e-01		6.4964055e-02		2.6867889e-01		1.1252104e-01		1.1252104e-01		1.4611097e-43
1.1800000e+02		1.1900000e+02		1.1850000e+02		1.2283927e-01		2.0612008e-02		8.4731746e-02		3.5701045e-02		3.5701045e-02		3.9821722e-42
1.1900000e+02		1.2000000e+02		1.1950000e+02		1.7115732e-01		2.3640601e-02		9.6792524e-02		4.0946723e-02		4.0946723e-02		3.4764713e-40
1.2000000e+02		1.2100000e+02		1.2050000e+02		9.3056497e-01		9.7804766e-02		3.9953016e-01		1.6940282e-01		1.6940282e-01		9.4115266e-38
1.2100000e+02		1.2200000e+02		1.2150000e+02		3.6941242e+01		3.1972074e+00		1.3022768e+01		5.5377257e+00		5.5377257e+00		1.5055505e-34
1.2200000e+02		1.2300000e+02		1.2250000e+02		2.4773856e-01		2.2134672e-02		8.9596920e-02		3.8338376e-02		3.8338376e-02		3.3537824e-35
1.2300000e+02		1.2400000e+02		1.2350000e+02		1.3344721e-01		8.8103625e-03		3.5654506e-02		1.5259996e-02		1.5259996e-02		4.9303276e-34
1.2400000e+02		1.2500000e+02		1.2450000e+02		1.0726631e-01		4.3284935e-03		1.7592813e-02		7.4971707e-03		7.4971707e-03		9.0031053e-33
1.2500000e+02		1.2600000e+02		1.2550000e+02		1.0471361e-01		3.2516640e-03		1.3224709e-02		5.6320473e-03		5.6320473e-03		1.7051943e-31
1.2600000e+02		1.2700000e+02		1.2650000e+02		1.4644878e-01		6.3353816e-03		2.5467070e-02		1.0973203e-02		1.0973203e-02		4.0651433e-30
1.2700000e+02		1.2800000e+02		1.2750000e+02		7.6659940e-02		7.3269619e-03		2.8889250e-02		1.2690670e-02		1.2690670e-02		3.1930068e-29
1.2800000e+02		1.2900000e+02		1.2850000e+02		6.1165494e-02		1.1054393e-02		4.2971601e-02		1.9146771e-02		1.9146771e-02		3.3091132e-28
1.2900000e+02		1.3000000e+02		1.2950000e+02		8.1594975e-02		1.9942825e-02		7.6885933e-02		3.4541987e-02		3.4541987e-02		4.9914706e-27
1.3000000e+02		1.3100000e+02		1.3050000e+02		6.7007791e-01		1.8910919e-01		7.2480197e-01		3.2754672e-01		3.2754672e-01		4.0932538e-25
1.3100000e+02		1.3200000e+02		1.3150000e+02		9.0731094e-02		2.5689072e-02		9.8065209e-02		4.4494778e-02		4.4494778e-02		4.9254740e-25
1.3200000e+02		1.3300000e+02		1.3250000e+02		7.0547730e-02		2.2497340e-02		8.5436648e-02		3.8966535e-02		3.8966535e-02		3.0698717e-24
1.3300000e+02		1.3400000e+02		1.3350000e+02		9.5357088e-01		3.3112557e-01		1.2517117e+00		5.7352631e-01		5.7352631e-01		3.0063973e-22
1.3400000e+02		1.3500000e+02		1.3450000e+02		6.5246966e-02		2.6137300e-02		9.8306657e-02		4.5271131e-02		4.5271131e-02		1.3582308e-22
1.3500000e+02		1.3600000e+02		1.3550000e+02		1.3692679e-01		5.7564233e-02		2.1567258e-01		9.9704177e-02		9.9704177e-02		1.7172639e-21
1.3600000e+02		1.3700000e+02		1.3650000e+02		8.9861989e-02		3.8904776e-02		1.4524825e-01		6.7385049e-02		6.7385049e-02		6.2389577e-21
1.3700000e+02		1.3800000e+02		1.3750000e+02		9.2282630e-02		4.0819858e-02		1.5189311e-01		7.0702067e-02		7.0702067e-02		3.2752553e-20
1.3800000e+02		1.3900000e+02		1.3850000e+02		9.4180145e-02		4.2544894e-02		1.5780825e-01		7.3689918e-02		7.3689918e-02		1.5851283e-19
1.3900000e+02		1.4000000e+02		1.3950000e+02		3.1801144e-01		1.4691611e-01		5.4326782e-01		2.5446618e-01		2.5446618e-01		2.3644101e-18
1.4000000e+02		1.4100000e+02		1.4050000e+02		2.7729440e-01		1.3153854e-01		4.8494551e-01		2.2783144e-01		2.2783144e-01		8.5172106e-18
1.4100000e+02		1.4200000e+02		1.4150000e+02		1.3359910e-01		6.4579853e-02		2.3741785e-01		1.1185559e-01		1.1185559e-01		1.5905512e-17
1.4200000e+02		1.4300000e+02		1.4250000e+02		1.4479671e-01		7.1544518e-02		2.6230211e-01		1.2391874e-01		1.2391874e-01		6.2923577e-17
1.4300000e+02		1.4400000e+02		1.4350000e+02		1.6064305e-01		8.1171697e-02		2.9681187e-01		1.4059350e-01		1.4059350e-01		2.4071024e-16
1.4400000e+02		1.4500000e+02		1.4450000e+02		1.5363637e-01		7.8859693e-02		2.8764261e-01		1.3658900e-01		1.3658900e-01		7.5190203e-16
1.4500000e+02		1.4600000e+02		1.4550000e+02		1.6382583e-01		8.5712030e-02		3.1187972e-01		1.4845759e-01		1.4845759e-01		2.4883061e-15
1.4600000e+02		1.4700000e+02		1.4650000e+02		1.9977093e-01		1.0656750e-01		3.8686055e-01		1.8458032e-01		1.8458032e-01		8.9707274e-15
1.4700000e+02		1.4800000e+02		1.4750000e+02		2.4643334e-01		1.3342456e-01		4.8328741e-01		2.3109812e-01		2.3109812e-01		3.1238278e-14
1.4800000e+02		1.4900000e+02		1.4850000e+02		2.4167300e-01		1.3262932e-01		4.7939068e-01		2.2972072e-01		2.2972072e-01		8.2772705e-14
1.4900000e+02		1.5000000e+02		1.4950000e+02		2.1832777e-01		1.2224778e-01		4.4093838e-01		2.1173937e-01		2.1173937e-01		1.9386703e-13
1.5000000e+02		1.5100000e+02		1.5050000e+02		2.4023073e-01		1.3794298e-01		4.9651788e-01		2.3892424e-01		2.3892424e-01		5.3174805e-13
1.5100000e+02		1.5200000e+02		1.5150000e+02		2.5258505e-01		1.4793328e-01		5.3143798e-01		2.5622796e-01		2.5622796e-01		1.3420888e-12
1.5200000e+02		1.5300000e+02		1.5250000e+02		3.2229547e-01		1.9392744e-01		6.9530944e-01		3.3589219e-01		3.3589219e-01		3.9678795e-12
1.5300000e+02		1.5400000e+02		1.5350000e+02		3.5701286e-01		2.2176872e-01		7.9359912e-01		3.8411468e-01		3.8411468e-01		9.8462356e-12
1.5400000e+02		1.5500000e+02		1.5450000e+02		9.5486931e-01		6.0567018e-01		2.1635641e+00		1.0490515e+00		1.0490515e+00		5.7093534e-11
1.5500000e+02		1.5600000e+02		1.5550000e+02		7.8587524e-01		5.0795461e-01		1.8114453e+00		8.7980319e-01		8.7980319e-01		9.8777268e-11
1.5600000e+02		1.5700000e+02		1.5650000e+02		4.6648084e-01		3.1225038e-01		1.1115613e+00		5.4083352e-01		5.4083352e-01		1.1978019e-10
1.5700000e+02		1.5800000e+02		1.5750000e+02		4.2309893e-01		2.8938259e-01		1.0285103e+00		5.0122535e-01		5.0122535e-01		2.1570721e-10
1.5800000e+02		1.5900000e+02		1.5850000e+02		3.9008072e-01		2.7239588e-01		9.6664852e-01		4.7180350e-01		4.7180350e-01		3.8448384e-10
1.5900000e+02		1.6000000e+02		1.5950000e+02		3.8042347e-01		2.7223330e-01		9.6460519e-01		4.7152191e-01		4.7152191e-01		7.0688442e-10
1.6000000e+02		1.6100000e+02		1.6050000e+02		4.1635449e-01		3.0360431e-01		1.0742333e+00		5.2585808e-01		5.2585808e-01		1.4232366e-09
1.6100000e+02		1.6200000e+02		1.6150000e+02		4.7164413e-01		3.4997704e-01		1.2366241e+00		6.0617802e-01		6.0617802e-01		2.8980177e-09
1.6200000e+02		1.6300000e+02		1.6250000e+02		5.2241459e-01		3.9428718e-01		1.3913595e+00		6.8292543e-01		6.8292542e-01		5.6440069e-09
1.6300000e+02		1.6400000e+02		1.6350000e+02		1.1072121e+00		8.4858876e-01		2.9907269e+00		1.4697988e+00		1.4697988e+00		2.0592430e-08
1.6400000e+02		1.6500000e+02		1.6450000e+02		1.1323318e+00		8.8034345e-01		3.0988876e+00		1.5247996e+00		1.5247995e+00		3.5529876e-08
1.6500000e+02		1.6600000e+02		1.6550000e+02		1.3255566e+00		1.0442158e+00		3.6714624e+00		1.8086347e+00		1.8086346e+00		6.8831076e-08
1.6600000e+02		1.6700000e+02		1.6650000e+02		6.2522883e-01		4.9886447e-01		1.7520403e+00		8.6405856e-01		8.6405851e-01		5.2747186e-08
1.6700000e+02		1.6800000e+02		1.6750000e+02		6.6723830e-01		5.3861150e-01		1.8895976e+00		9.3290241e-01		9.3290232e-01		8.9857276e-08
1.6800000e+02		1.6900000e+02		1.6850000e+02		7.1904320e-01		5.8700984e-01		2.0572515e+00		1.0167308e+00		1.0167306e+00		1.5199404e-07
1.6900000e+02		1.7000000e+02		1.6950000e+02		9.0554889e-01		7.4718657e-01		2.6159880e+00		1.2941649e+00		1.2941646e+00		2.9565015e-07
1.7000000e+02		1.7100000e+02		1.7050000e+02		1.0161854e+00		8.4688075e-01		2.9621675e+00		1.4668401e+00		1.4668396e+00		5.0457523e-07
1.7100000e+02		1.7200000e+02		1.7150000e+02		1.0130704e+00		8.5291721e-01		2.9804877e+00		1.4772954e+00		1.4772946e+00		7.5383756e-07
1.7200000e+02		1.7300000e+02		1.7250000e+02		1.0571150e+00		8.9816509e-01		3.1357817e+00		1.5556667e+00		1.5556656e+00		1.1622028e-06
1.7300000e+02		1.7400000e+02		1.7350000e+02		1.0479596e+00		8.9859337e-01		3.1345411e+00		1.5564081e+00		1.5564065e+00		1.6793724e-06
1.7400000e+02		1.7500000e+02		1.7450000e+02		1.2530722e+00		1.0832384e+00		3.7754696e+00		1.8762219e+00		1.8762190e+00		2.8890652e-06
1.7500000e+02		1.7600000e+02		1.7550000e+02		1.4954862e+00		1.3036152e+00		4.5398642e+00		2.2579242e+00		2.2579193e+00		4.8994252e-06
1.7600000e+02		1.7700000e+02		1.7650000e+02		1.6135596e+00		1.4172963e+00		4.9318925e+00		2.4548237e+00		2.4548163e+00		7.4221116e-06
1.7700000e+02		1.7800000e+02		1.7750000e+02		1.9010195e+00		1.6824611e+00		5.8501612e+00		2.9140992e+00		2.9140870e+00		1.2137702e-05
1.7800000e+02		1.7900000e+02		1.7850000e+02		2.0776624e+00		1.8517288e+00		6.4340074e+00		3.2072751e+00		3.2072569e+00		1.8211530e-05
1.7900000e+02		1.8000000e+02		1.7950000e+02		2.0198657e+00		1.8117810e+00		6.2907509e+00		3.1380791e+00		3.1380550e+00		2.4050203e-05
1.8000000e+02		1.8100000e+02		1.8050000e+02		2.4976225e+00		2.2568778e+00		7.8307470e+00		3.9089977e+00		3.9089577e+00		3.9992839e-05
1.8100000e+02		1.8200000e+02		1.8150000e+02		3.0410490e+00		2.7630401e+00		9.5806555e+00		4.7856784e+00		4.7856135e+00		6.4842173e-05
1.8200000e+02		1.8300000e+02		1.8250000e+02		2.8073836e+00		2.5606287e+00		8.8732098e+00		4.4350812e+00		4.4350022e+00		7.8959681e-05
1.8300000e+02		1.8400000e+02		1.8350000e+02		2.9562417e+00		2.7042238e+00		9.3651253e+00		4.6837735e+00		4.6836648e+00		1.0868777e-04
1.8400000e+02		1.8500000e+02		1.8450000e+02		2.5409769e+00		2.3387004e+00		8.0942971e+00		4.0506593e+00		4.0505382e+00		1.2109912e-04
1.8500000e+02		1.8600000e+02		1.8550000e+02		2.8735562e+00		2.6701166e+00		9.2355878e+00		4.6246487e+00		4.6244726e+00		1.7610740e-04
1.8600000e+02		1.8700000e+02		1.8650000e+02		3.2604304e+00		3.0326682e+00		1.0483889e+01		5.2525490e+00		5.2522943e+00		2.5473569e-04
1.8700000e+02		1.8800000e+02		1.8750000e+02		3.6946466e+00		3.4455552e+00		1.1904765e+01		5.9676093e+00		5.9672440e+00		3.6522977e-04
1.8800000e+02		1.8900000e+02		1.8850000e+02		3.8870616e+00		3.6532438e+00		1.2615193e+01		6.3272504e+00		6.3267676e+00		4.8281035e-04
1.8900000e+02		1.9000000e+02		1.8950000e+02		4.3106081e+00		4.0781717e+00		1.4074835e+01		7.0631117e+00		7.0624437e+00		6.6793132e-04
1.9000000e+02		1.9100000e+02		1.9050000e+02		4.4384288e+00		4.1773343e+00		1.4410567e+01		7.2347321e+00		7.2338809e+00		8.5120959e-04
1.9100000e+02		1.9200000e+02		1.9150000e+02		4.8094361e+00		4.5555341e+00		1.5707013e+01		7.8895854e+00		7.8884501e+00		1.1352741e-03
1.9200000e+02		1.9300000e+02		1.9250000e+02		5.0365493e+00		4.8299656e+00		1.6643966e+01		8.3646808e+00		8.3632259e+00		1.4548883e-03
1.9300000e+02		1.9400000e+02		1.9350000e+02		3.8447944e+00		3.6931181e+00		1.2720404e+01		6.3956802e+00		6.3943307e+00		1.3495189e-03
1.9400000e+02		1.9500000e+02		1.9450000e+02		6.1679797e+00		5.9099821e+00		2.0347185e+01		1.0234476e+01		1.0231861e+01		2.6141188e-03
1.9500000e+02		1.9600000e+02		1.9550000e+02		5.9528271e+00		5.7789762e+00		1.9885464e+01		1.0007260e+01		1.0004226e+01		3.0337227e-03
1.9600000e+02		1.9700000e+02		1.9650000e+02		6.5508102e+00		6.4236635e+00		2.2092573e+01		1.1123190e+01		1.1119198e+01		3.9913933e-03
1.9700000e+02		1.9800000e+02		1.9750000e+02		6.5190955e+00		6.3502931e+00		2.1831663e+01		1.0995578e+01		1.0990862e+01		4.7160170e-03
1.9800000e+02		1.9900000e+02		1.9850000e+02		6.3883794e+00		6.3819772e+00		2.1927421e+01		1.1049899e+01		1.1044422e+01		5.4770963e-03
1.9900000e+02		2.0000000e+02		1.9950000e+02		6.7274707e+00		6.7368004e+00		2.3136228e+01		1.1663513e+01		1.1656726e+01		6.7864316e-03
2.0000000e+02		2.0100000e+02		2.0050000e+02		7.1125146e+00		7.1166858e+00		2.4430529e+01		1.2320313e+01		1.2311914e+01		8.3991921e-03
2.0100000e+02		2.0200000e+02		2.0150000e+02		7.5701275e+00		7.7377449e+00		2.6547626e+01		1.3394523e+01		1.3384081e+01		1.0442368e-02
2.0200000e+02		2.0300000e+02		2.0250000e+02		7.4828608e+00		7.5788842e+00		2.5992965e+01		1.3118254e+01		1.3106289e+01		1.1964535e-02
2.0300000e+02		2.0400000e+02		2.0350000e+02		8.0092047e+00		8.1916186e+00		2.8080737e+01		1.4177457e+01		1.4162645e+01		1.4811803e-02
2.0400000e+02		2.0500000e+02		2.0450000e+02		8.6207445e+00		9.0255157e+00		3.0921787e+01		1.5619187e+01		1.5600794e+01		1.8393026e-02
2.0500000e+02		2.0600000e+02		2.0550000e+02		8.6400754e+00		8.9188584e+00		3.0545711e+01		1.5432475e+01		1.5411382e+01		2.1092904e-02
2.0600000e+02		2.0700000e+02		2.0650000e+02		8.6510225e+00		9.0638739e+00		3.1026257e+01		1.5681408e+01		1.5657254e+01		2.4154148e-02
2.0700000e+02		2.0800000e+02		2.0750000e+02		9.3957826e+00		1.0012500e+01		3.4255299e+01		1.7320270e+01		1.7290369e+01		2.9900629e-02
2.0800000e+02		2.0900000e+02		2.0850000e+02		1.0163489e+01		1.0742806e+01		3.6739204e+01		1.8580276e+01		1.8543653e+01		3.6623306e-02
2.0900000e+02		2.1000000e+02		2.0950000e+02		1.3129215e+01		1.4204701e+01		4.8550959e+01		2.4564033e+01		2.4510443e+01		5.3590435e-02
2.1000000e+02		2.1100000e+02		2.1050000e+02		1.6183343e+01		1.7347764e+01		5.9269646e+01		2.9992833e+01		2.9918555e+01		7.4278080e-02
2.1100000e+02		2.1200000e+02		2.1150000e+02		1.8424170e+01		2.0044986e+01		6.8448500e+01		3.4649341e+01		3.4554273e+01		9.5067683e-02
2.1200000e+02		2.1300000e+02		2.1250000e+02		1.6428561e+01		1.8008457e+01		6.1463487e+01		3.1122079e+01		3.1027161e+01		9.4917779e-02
2.1300000e+02		2.1400000e+02		2.1350000e+02		1.6737981e+01		1.8347787e+01		6.2591892e+01		3.1700347e+01		3.1592497e+01		1.0785053e-01
2.1400000e+02		2.1500000e+02		2.1450000e+02		2.1432541e+01		2.3822698e+01		8.1225186e+01		4.1149499e+01		4.0995651e+01		1.5384834e-01
2.1500000e+02		2.1600000e+02		2.1550000e+02		1.8408135e+01		2.0410936e+01		6.9558958e+01		3.5245552e+01		3.5099078e+01		1.4647373e-01
2.1600000e+02		2.1700000e+02		2.1650000e+02		1.7036901e+01		1.9093268e+01		6.5033273e+01		3.2960610e+01		3.2810484e+01		1.5012588e-01
2.1700000e+02		2.1800000e+02		2.1750000e+02		1.7640866e+01		1.9809057e+01		6.7436346e+01		3.4184755e+01		3.4013266e+01		1.7148890e-01
2.1800000e+02		2.1900000e+02		2.1850000e+02		2.3730294e+01		2.6785139e+01		9.1136051e+01		4.6207316e+01		4.5953364e+01		2.5395211e-01
2.1900000e+02		2.2000000e+02		2.1950000e+02		2.5052511e+01		2.8449054e+01		9.6744242e+01		4.9059654e+01		4.8765203e+01		2.9445081e-01
2.2000000e+02		2.2100000e+02		2.2050000e+02		2.5203754e+01		2.8637425e+01		9.7331601e+01		4.9364066e+01		4.9039760e+01		3.2430592e-01
2.2100000e+02		2.2200000e+02		2.2150000e+02		2.0176768e+01		2.3085017e+01		7.8415432e+01		3.9776642e+01		3.9492809e+01		2.8383254e-01
2.2200000e+02		2.2300000e+02		2.2250000e+02		2.7154039e+01		3.1130830e+01		1.0568497e+02		5.3615379e+01		5.3199015e+01		4.1636426e-01
2.2300000e+02		2.2400000e+02		2.2350000e+02		3.5163062e+01		4.0533531e+01		1.3752470e+02		6.9776626e+01		6.9189905e+01		5.8672067e-01
2.2400000e+02		2.2500000e+02		2.2450000e+02		3.2875934e+01		3.7952681e+01		1.2869147e+02		6.5300172e+01		6.4704859e+01		5.9531276e-01
2.2500000e+02		2.2600000e+02		2.2550000e+02		2.8720078e+01		3.3279844e+01		1.1277770e+02		5.7229924e+01		5.6666497e+01		5.6342696e-01
2.2600000e+02		2.2700000e+02		2.2650000e+02		2.1037217e+01		2.4441422e+01		8.2774798e+01		4.2007177e+01		4.1561022e+01		4.4615444e-01
2.2700000e+02		2.2800000e+02		2.2750000e+02		2.0463841e+01		2.3840681e+01		8.0689037e+01		4.0950471e+01		4.0482197e+01		4.6827343e-01
2.2800000e+02		2.2900000e+02		2.2850000e+02		2.8509984e+01		3.3320816e+01		1.1270167e+02		5.7198964e+01		5.6496305e+01		7.0265922e-01
2.2900000e+02		2.3000000e+02		2.2950000e+02		2.5620938e+01		3.0020772e+01		1.0147284e+02		5.1500583e+01		5.0821778e+01		6.7880543e-01
2.3000000e+02		2.3100000e+02		2.3050000e+02		2.9055844e+01		3.4114523e+01		1.1523241e+02		5.8483409e+01		5.7657402e+01		8.2600665e-01
2.3100000e+02		2.3200000e+02		2.3150000e+02		2.7387429e+01		3.2225955e+01		1.0877845e+02		5.5206454e+01		5.4372445e+01		8.3400959e-01
2.3200000e+02		2.3300000e+02		2.3250000e+02		2.9413108e+01		3.4679817e+01		1.1697950e+02		5.9366007e+01		5.8408153e+01		9.5785375e-01
2.3300000e+02		2.3400000e+02		2.3350000e+02		2.6543685e+01		3.1357725e+01		1.0569820e+02		5.3637566e+01		5.2714668e+01		9.2289777e-01
2.3400000e+02		2.3500000e+02		2.3450000e+02		2.3194371e+01		2.7450474e+01		9.2460673e+01		4.6916311e+01		4.6056665e+01		8.5964624e-01
2.3500000e+02		2.3600000e+02		2.3550000e+02		3.1223226e+01		3.7015562e+01		1.2458617e+02		6.3211191e+01		6.1979524e+01		1.2316673e+00
2.3600000e+02		2.3700000e+02		2.3650000e+02		2.8911473e+01		3.4331784e+01		1.1546606e+02		5.8577110e+01		5.7365057e+01		1.2120529e+00
2.3700000e+02		2.3800000e+02		2.3750000e+02		3.0878004e+01		3.6724601e+01		1.2341891e+02		6.2603218e+01		6.1229465e+01		1.3737530e+00
2.3800000e+02		2.3900000e+02		2.3850000e+02		2.5598090e+01		3.0490336e+01		1.0238768e+02		5.1927310e+01		5.0720426e+01		1.2068846e+00
2.3900000e+02		2.4000000e+02		2.3950000e+02		2.7890834e+01		3.3268288e+01		1.1162746e+02		5.6603614e+01		5.5211975e+01		1.3916396e+00
2.4000000e+02		2.4100000e+02		2.4050000e+02		2.5623038e+01		3.0604476e+01		1.0260651e+02		5.2019341e+01		5.0668113e+01		1.3512279e+00
2.4100000e+02		2.4200000e+02		2.4150000e+02		3.0005079e+01		3.5884419e+01		1.2020974e+02		6.0930969e+01		5.9260774e+01		1.6701953e+00
2.4200000e+02		2.4300000e+02		2.4250000e+02		4.1301739e+01		4.9454539e+01		1.6553052e+02		8.3883530e+01		8.1459867e+01		2.4236635e+00
2.4300000e+02		2.4400000e+02		2.4350000e+02		3.8791639e+01		4.6501544e+01		1.5551486e+02		7.8788405e+01		7.6391535e+01		2.3968706e+00
2.4400000e+02		2.4500000e+02		2.4450000e+02		3.6329084e+01		4.3594326e+01		1.4566710e+02		7.3779411e+01		7.1418678e+01		2.3607327e+00
2.4500000e+02		2.4600000e+02		2.4550000e+02		2.9476122e+01		3.5404302e+01		1.1819772e+02		5.9849096e+01		5.7837004e+01		2.0120920e+00
2.4600000e+02		2.4700000e+02		2.4650000e+02		2.8685918e+01		3.4488706e+01		1.1503939e+02		5.8232025e+01		5.6177297e+01		2.0547284e+00
2.4700000e+02		2.4800000e+02		2.4750000e+02		3.1678139e+01		3.8119619e+01		1.2703679e+02		6.4284033e+01		6.1905669e+01		2.3783643e+00
2.4800000e+02		2.4900000e+02		2.4850000e+02		2.5406301e+01		3.0597271e+01		1.0187551e+02		5.1533935e+01		4.9536680e+01		1.9972557e+00
2.4900000e+02		2.5000000e+02		2.4950000e+02		3.0967514e+01		3.7322307e+01		1.2415285e+02		6.2780049e+01		6.0233664e+01		2.5463850e+00
2.5000000e+02		2.5100000e+02		2.5050000e+02		3.3448743e+01		4.0337662e+01		1.3405863e+02		6.7762988e+01		6.4889017e+01		2.8739705e+00
2.5100000e+02		2.5200000e+02		2.5150000e+02		2.7888154e+01		3.3651611e+01		1.1173290e+02		5.6455135e+01		5.3953716e+01		2.5014187e+00
2.5200000e+02		2.5300000e+02		2.5250000e+02		2.5069906e+01		3.0269823e+01		1.0040888e+02		5.0712062e+01		4.8366857e+01		2.3452052e+00
2.5300000e+02		2.5400000e+02		2.5350000e+02		3.1592540e+01		3.8163792e+01		1.2647238e+02		6.3847357e+01		6.0767966e+01		3.0793906e+00
2.5400000e+02		2.5500000e+02		2.5450000e+02		3.5730773e+01		4.3179791e+01		1.4295584e+02		7.2135463e+01		6.8509855e+01		3.6256078e+00
2.5500000e+02		2.5600000e+02		2.5550000e+02		4.8755658e+01		5.8939302e+01		1.9493916e+02		9.8318991e+01		9.3173344e+01		5.1456466e+00
2.5600000e+02		2.5700000e+02		2.5650000e+02		6.2803876e+01		7.5959461e+01		2.5098399e+02		1.2652284e+02		1.1963424e+02		6.8885982e+00
2.5700000e+02		2.5800000e+02		2.5750000e+02		7.8843355e+01		9.5375154e+01		3.1482078e+02		1.5862120e+02		1.4964174e+02		8.9794534e+00
2.5800000e+02		2.5900000e+02		2.5850000e+02		8.2991293e+01		1.0042307e+02		3.3114862e+02		1.6675881e+02		1.5695205e+02		9.8067604e+00
2.5900000e+02		2.6000000e+02		2.5950000e+02		7.0629481e+01		8.5475635e+01		2.8157122e+02		1.4171422e+02		1.3306191e+02		8.6523041e+00
2.6000000e+02		2.6100000e+02		2.6050000e+02		5.7868388e+01		7.0041541e+01		2.3049142e+02		1.1593958e+02		1.0859592e+02		7.3436567e+00
2.6100000e+02		2.6200000e+02		2.6150000e+02		5.9092703e+01		7.1526034e+01		2.3513230e+02		1.1820421e+02		1.1044174e+02		7.7624658e+00
2.6200000e+02		2.6300000e+02		2.6250000e+02		7.0528613e+01		8.5376644e+01		2.8037141e+02		1.4086112e+02		1.3127767e+02		9.5834459e+00
2.6300000e+02		2.6400000e+02		2.6350000e+02		1.0614195e+02		1.2849835e+02		4.2153695e+02		2.1165202e+02		1.9674369e+02		1.4908327e+01
2.6400000e+02		2.6500000e+02		2.6450000e+02		1.6548208e+02		2.0030446e+02		6.5639763e+02		3.2936249e+02		3.0535458e+02		2.4007905e+01
2.6500000e+02		2.6600000e+02		2.6550000e+02		1.7356948e+02		2.1007806e+02		6.8769121e+02		3.4483751e+02		3.1884430e+02		2.5993213e+01
2.6600000e+02		2.6700000e+02		2.6650000e+02		1.6826276e+02		2.0362441e+02		6.6584888e+02		3.3365913e+02		3.0766543e+02		2.5993693e+01
2.6700000e+02		2.6800000e+02		2.6750000e+02		1.6940220e+02		2.0497275e+02		6.6953386e+02		3.3527354e+02		3.0829499e+02		2.6978553e+01
2.6800000e+02		2.6900000e+02		2.6850000e+02		1.6778062e+02		2.0296233e+02		6.6224575e+02		3.3138877e+02		3.0386023e+02		2.7528546e+01
2.6900000e+02		2.7000000e+02		2.6950000e+02		1.5737310e+02		1.9034283e+02		6.2039212e+02		3.1022068e+02		2.8363404e+02		2.6586640e+01
2.7000000e+02		2.7100000e+02		2.7050000e+02		1.8181465e+02		2.1982287e+02		7.1568869e+02		3.5760702e+02		3.2600079e+02		3.1606230e+01
2.7100000e+02		2.7200000e+02		2.7150000e+02		1.5108640e+02		1.8260922e+02		5.9387343e+02		2.9651522e+02		2.6950447e+02		2.7010742e+01
2.7200000e+02		2.7300000e+02		2.7250000e+02		1.2154404e+02		1.4684453e+02		4.7703065e+02		2.3799270e+02		2.1565890e+02		2.2333804e+01
2.7300000e+02		2.7400000e+02		2.7350000e+02		1.2960124e+02		1.5650016e+02		5.0782916e+02		2.5315819e+02		2.2869535e+02		2.4462840e+01
2.7400000e+02		2.7500000e+02		2.7450000e+02		8.9183780e+01		1.0768257e+02		3.4903252e+02		1.7385807e+02		1.5657292e+02		1.7285151e+01
2.7500000e+02		2.7600000e+02		2.7550000e+02		1.1893609e+02		1.4351824e+02		4.6466225e+02		2.3126510e+02		2.0761130e+02		2.3653793e+01
2.7600000e+02		2.7700000e+02		2.7650000e+02		1.6564211e+02		1.9980761e+02		6.4618097e+02		3.2134181e+02		2.8755301e+02		3.3788802e+01
2.7700000e+02		2.7800000e+02		2.7750000e+02		1.5837296e+02		1.9092938e+02		6.1676897e+02		3.0645586e+02		2.7333858e+02		3.3117276e+01
2.7800000e+02		2.7900000e+02		2.7850000e+02		1.0921797e+02		1.3161077e+02		4.2466787e+02		2.1082532e+02		1.8742362e+02		2.3401698e+01
2.7900000e+02		2.8000000e+02		2.7950000e+02		6.1368404e+01		7.3905183e+01		2.3819778e+02		1.1814945e+02		1.0468305e+02		1.3466397e+01
2.8000000e+02		2.8100000e+02		2.8050000e+02		6.7313201e+01		8.1022440e+01		2.6083955e+02		1.2926580e+02		1.1414501e+02		1.5120786e+01
2.8100000e+02		2.8200000e+02		2.8150000e+02		1.3943196e+02		1.6769372e+02		5.3924381e+02		2.6699496e+02		2.3494927e+02		3.2045695e+01
2.8200000e+02		2.8300000e+02		2.8250000e+02		1.8983287e+02		2.2827521e+02		7.3322356e+02		3.6271386e+02		3.1808526e+02		4.4628599e+01
2.8300000e+02		2.8400000e+02		2.8350000e+02		1.9610227e+02		2.3560503e+02		7.5589227e+02		3.7358042e+02		3.2645327e+02		4.7127144e+01
2.8400000e+02		2.8500000e+02		2.8450000e+02		1.4459284e+02		1.7362882e+02		5.5641642e+02		2.7473871e+02		2.3922856e+02		3.5510144e+01
2.8500000e+02		2.8600000e+02		2.8550000e+02		9.2944992e+01		1.1152035e+02		3.5696883e+02		1.7609127e+02		1.5277643e+02		2.3314840e+01
2.8600000e+02		2.8700000e+02		2.8650000e+02		1.9045522e+02		2.2840224e+02		7.3026242e+02		3.5989258e+02		3.1110948e+02		4.8783101e+01
2.8700000e+02		2.8800000e+02		2.8750000e+02		2.2108403e+02		2.6493305e+02		8.4608292e+02		4.1656777e+02		3.5877160e+02		5.7796169e+01
2.8800000e+02		2.8900000e+02		2.8850000e+02		2.1010240e+02		2.5161314e+02		8.0262043e+02		3.9478333e+02		3.3874429e+02		5.6039033e+01
2.8900000e+02		2.9000000e+02		2.8950000e+02		3.1885068e+02		3.8164237e+02		1.2160049e+03		5.9752596e+02		5.1078606e+02		8.6739902e+01
2.9000000e+02		2.9100000e+02		2.9050000e+02		4.1860542e+02		5.0056515e+02		1.5930674e+03		7.8202173e+02		6.6593342e+02		1.1608831e+02
2.9100000e+02		2.9200000e+02		2.9150000e+02		4.0318642e+02		4.8194312e+02		1.5320548e+03		7.5132129e+02		6.3735561e+02		1.1396569e+02
2.9200000e+02		2.9300000e+02		2.9250000e+02		3.5818014e+02		4.2765003e+02		1.3578708e+03		6.6521515e+02		5.6208512e+02		1.0313003e+02
2.9300000e+02		2.9400000e+02		2.9350000e+02		3.7393440e+02		4.4627915e+02		1.4154089e+03		6.9269868e+02		5.8303487e+02		1.0966382e+02
2.9400000e+02		2.9500000e+02		2.9450000e+02		3.4819581e+02		4.1517102e+02		1.3152201e+03		6.4299630e+02		5.3904042e+02		1.0395589e+02
2.9500000e+02		2.9600000e+02		2.9550000e+02		3.7701055e+02		4.4934198e+02		1.4218533e+03		6.9441060e+02		5.7983860e+02		1.1457201e+02
2.9600000e+02		2.9700000e+02		2.9650000e+02		3.4493460e+02		4.1060131e+02		1.2977452e+03		6.3312144e+02		5.2648829e+02		1.0663315e+02
2.9700000e+02		2.9800000e+02		2.9750000e+02		3.5165811e+02		4.1842324e+02		1.3209682e+03		6.4377554e+02		5.3318927e+02		1.1058627e+02
2.9800000e+02		2.9900000e+02		2.9850000e+02		3.0223333e+02		3.5917445e+02		1.1325954e+03		5.5137411e+02		4.5474928e+02		9.6624827e+01
2.9900000e+02		3.0000000e+02		2.9950000e+02		3.4101318e+02		4.0511228e+02		1.2760137e+03		6.2053496e+02		5.0969553e+02		1.1083943e+02
3.0000000e+02		3.0100000e+02		3.0050000e+02		2.7131061e+02		3.2193066e+02		1.0128325e+03		4.9200839e+02		4.0240825e+02		8.9600143e+01
3.0100000e+02		3.0200000e+02		3.0150000e+02		3.1202593e+02		3.7015512e+02		1.1632535e+03		5.6447532e+02		4.5976655e+02		1.0470878e+02
3.0200000e+02		3.0300000e+02		3.0250000e+02		3.2846528e+02		3.8910492e+02		1.2213761e+03		5.9201706e+02		4.8009527e+02		1.1192178e+02
3.0300000e+02		3.0400000e+02		3.0350000e+02		4.2601061e+02		5.0453207e+02		1.5819361e+03		7.6595623e+02		6.1853621e+02		1.4742002e+02
3.0400000e+02		3.0500000e+02		3.0450000e+02		4.0776836e+02		4.8224164e+02		1.5102847e+03		7.3043651e+02		5.8723536e+02		1.4320115e+02
3.0500000e+02		3.0600000e+02		3.0550000e+02		4.1174793e+02		4.8679204e+02		1.5228466e+03		7.3570571e+02		5.8893606e+02		1.4676965e+02
3.0600000e+02		3.0700000e+02		3.0650000e+02		3.9053943e+02		4.6105788e+02		1.4406684e+03		6.9520899e+02		5.5400745e+02		1.4120153e+02
3.0700000e+02		3.0800000e+02		3.0750000e+02		4.3847484e+02		5.1741426e+02		1.6149737e+03		7.7845667e+02		6.1763299e+02		1.6082369e+02
3.0800000e+02		3.0900000e+02		3.0850000e+02		4.3035211e+02		5.0722404e+02		1.5813590e+03		7.6138145e+02		6.0134289e+02		1.6003856e+02
3.0900000e+02		3.1000000e+02		3.0950000e+02		3.4901328e+02		4.1107477e+02		1.2801703e+03		6.1567168e+02		4.8408148e+02		1.3159020e+02
3.1000000e+02		3.1100000e+02		3.1050000e+02		4.3927411e+02		5.1684054e+02		1.6077293e+03		7.7231679e+02		6.0446331e+02		1.6785349e+02
3.1100000e+02		3.1200000e+02		3.1150000e+02		5.2246540e+02		6.1421817e+02		1.9085137e+03		9.1575917e+02		7.1345368e+02		2.0230550e+02
3.1200000e+02		3.1300000e+02		3.1250000e+02		4.6521908e+02		5.4641005e+02		1.6959248e+03		8.1281609e+02		6.3032346e+02		1.8249264e+02
3.1300000e+02		3.1400000e+02		3.1350000e+02		4.9544367e+02		5.8132549e+02		1.8022806e+03		8.6278939e+02		6.6595074e+02		1.9683866e+02
3.1400000e+02		3.1500000e+02		3.1450000e+02		4.6729179e+02		5.4782213e+02		1.6965348e+03		8.1122795e+02		6.2322486e+02		1.8800309e+02
3.1500000e+02		3.1600000e+02		3.1550000e+02		4.5343123e+02		5.3102605e+02		1.6426947e+03		7.8456712e+02		5.9988463e+02		1.8468250e+02
3.1600000e+02		3.1700000e+02		3.1650000e+02		4.4229406e+02		5.1750787e+02		1.5991167e+03		7.6286426e+02		5.8051945e+02		1.8234481e+02
3.1700000e+02		3.1800000e+02		3.1750000e+02		5.6102832e+02		6.5578097e+02		2.0241566e+03		9.6450013e+02		7.3043738e+02		2.3406275e+02
3.1800000e+02		3.1900000e+02		3.1850000e+02		4.6340678e+02		5.4115198e+02		1.6685117e+03		7.9410504e+02		5.9849336e+02		1.9561168e+02
3.1900000e+02		3.2000000e+02		3.1950000e+02		4.9774832e+02		5.8068929e+02		1.7884632e+03		8.5019365e+02		6.3765416e+02		2.1253949e+02
3.2000000e+02		3.2100000e+02		3.2050000e+02		5.7184857e+02		6.6648675e+02		2.0504809e+03		9.7360245e+02		7.2664354e+02		2.4695891e+02
3.2100000e+02		3.2200000e+02		3.2150000e+02		4.8024660e+02		5.5917329e+02		1.7184632e+03		8.1499151e+02		6.0527242e+02		2.0971909e+02
3.2200000e+02		3.2300000e+02		3.2250000e+02		4.8228681e+02		5.6099201e+02		1.7221933e+03		8.1579432e+02		6.0286874e+02		2.1292558e+02
3.2300000e+02		3.2400000e+02		3.2350000e+02		4.6607071e+02		5.4159924e+02		1.6608750e+03		7.8581653e+02		5.7782430e+02		2.0799223e+02
3.2400000e+02		3.2500000e+02		3.2450000e+02		5.4882129e+02		6.3712083e+02		1.9517121e+03		9.2232547e+02		6.7480144e+02		2.4752403e+02
3.2500000e+02		3.2600000e+02		3.2550000e+02		6.3196128e+02		7.3290644e+02		2.2427440e+03		1.0586000e+03		7.7059924e+02		2.8800076e+02
3.2600000e+02		3.2700000e+02		3.2650000e+02		7.1301257e+02		8.2608122e+02		2.5251848e+03		1.1904977e+03		8.6221875e+02		3.2827899e+02
3.2700000e+02		3.2800000e+02		3.2750000e+02		6.8984049e+02		7.9843438e+02		2.4380960e+03		1.1480713e+03		8.2724980e+02		3.2082149e+02
3.2800000e+02		3.2900000e+02		3.2850000e+02		6.6596082e+02		7.7002646e+02		2.3488785e+03		1.1047422e+03		7.9194582e+02		3.1279633e+02
3.2900000e+02		3.3000000e+02		3.2950000e+02		7.7527139e+02		8.9552222e+02		2.7288311e+03		1.2819143e+03		9.1421354e+02		3.6770079e+02
3.3000000e+02		3.3100000e+02		3.3050000e+02		7.3029799e+02		8.4273098e+02		2.5652920e+03		1.2036519e+03		8.5394810e+02		3.4970381e+02
3.3100000e+02		3.3200000e+02		3.3150000e+02		6.9881652e+02		8.0559874e+02		2.4497195e+03		1.1480534e+03		8.1025645e+02		3.3779696e+02
3.3200000e+02		3.3300000e+02		3.3250000e+02		6.8562051e+02		7.8959816e+02		2.3985877e+03		1.1227495e+03		7.8824457e+02		3.3450494e+02
3.3300000e+02		3.3400000e+02		3.3350000e+02		6.5878216e+02		7.5793504e+02		2.3000412e+03		1.0753367e+03		7.5098036e+02		3.2435632e+02
3.3400000e+02		3.3500000e+02		3.3450000e+02		6.9405546e+02		7.9772399e+02		2.4183140e+03		1.1292840e+03		7.8447939e+02		3.4480461e+02
3.3500000e+02		3.3600000e+02		3.3550000e+02		6.8541663e+02		7.8701379e+02		2.3834227e+03		1.1116635e+03		7.6812945e+02		3.4353404e+02
3.3600000e+02		3.3700000e+02		3.3650000e+02		5.6469084e+02		6.4775173e+02		1.9596941e+03		9.1294076e+02		6.2744397e+02		2.8549678e+02
3.3700000e+02		3.3800000e+02		3.3750000e+02		5.9573781e+02		6.8269104e+02		2.0633230e+03		9.6007211e+02		6.5629067e+02		3.0378144e+02
3.3800000e+02		3.3900000e+02		3.3850000e+02		6.4448401e+02		7.3782535e+02		2.2277284e+03		1.0353367e+03		7.0391929e+02		3.3141736e+02
3.3900000e+02		3.4000000e+02		3.3950000e+02		6.7448220e+02		7.7141079e+02		2.3268180e+03		1.0801023e+03		7.3037204e+02		3.4973030e+02
3.4000000e+02		3.4100000e+02		3.4050000e+02		7.1196374e+02		8.1348193e+02		2.4512918e+03		1.1365306e+03		7.6434142e+02		3.7218921e+02
3.4100000e+02		3.4200000e+02		3.4150000e+02		6.4984945e+02		7.4178656e+02		2.2330521e+03		1.0341158e+03		6.9165851e+02		3.4245733e+02
3.4200000e+02		3.4300000e+02		3.4250000e+02		7.0477558e+02		8.0370116e+02		2.4170727e+03		1.1180079e+03		7.4365767e+02		3.7435020e+02
3.4300000e+02		3.4400000e+02		3.4350000e+02		6.9264465e+02		7.8910220e+02		2.3708606e+03		1.0953343e+03		7.2455286e+02		3.7078141e+02
3.4400000e+02		3.4500000e+02		3.4450000e+02		5.5710877e+02		6.3407889e+02		1.9032513e+03		8.7825991e+02		5.7773849e+02		3.0052141e+02
3.4500000e+02		3.4600000e+02		3.4550000e+02		6.7138909e+02		7.6341331e+02		2.2892600e+03		1.0551376e+03		6.9022708e+02		3.6491052e+02
3.4600000e+02		3.4700000e+02		3.4650000e+02		6.5194093e+02		7.4058938e+02		2.2186964e+03		1.0214092e+03		6.6442695e+02		3.5698229e+02
3.4700000e+02		3.4800000e+02		3.4750000e+02		6.4525828e+02		7.3229870e+02		2.1917760e+03		1.0078291e+03		6.5191198e+02		3.5591714e+02
3.4800000e+02		3.4900000e+02		3.4850000e+02		6.6761091e+02		7.5694678e+02		2.2634100e+03		1.0395462e+03		6.6863735e+02		3.7090882e+02
3.4900000e+02		3.5000000e+02		3.4950000e+02		6.3989005e+02		7.2483021e+02		2.1653428e+03		9.9334029e+02		6.3530165e+02		3.5803863e+02
3.5000000e+02		3.5100000e+02		3.5050000e+02		7.6650484e+02		8.6743449e+02		2.5889405e+03		1.1862749e+03		7.5438459e+02		4.3189035e+02
3.5100000e+02		3.5200000e+02		3.5150000e+02		7.1211510e+02		8.0512765e+02		2.4007538e+03		1.0987628e+03		6.9474831e+02		4.0401452e+02
3.5200000e+02		3.5300000e+02		3.5250000e+02		6.5785102e+02		7.4308209e+02		2.2137049e+03		1.0119761e+03		6.3621012e+02		3.7576600e+02
3.5300000e+02		3.5400000e+02		3.5350000e+02		7.5263834e+02		8.4936071e+02		2.5280035e+03		1.1543131e+03		7.2152520e+02		4.3278794e+02
3.5400000e+02		3.5500000e+02		3.5450000e+02		8.0329241e+02		9.0568699e+02		2.6932009e+03		1.2283197e+03		7.6335716e+02		4.6496253e+02
3.5500000e+02		3.5600000e+02		3.5550000e+02		7.5433512e+02		8.4970761e+02		2.5244558e+03		1.1500281e+03		7.1056597e+02		4.3946216e+02
3.5600000e+02		3.5700000e+02		3.5650000e+02		6.5576441e+02		7.3799901e+02		2.1906059e+03		9.9679146e+02		6.1230950e+02		3.8448195e+02
3.5700000e+02		3.5800000e+02		3.5750000e+02		5.7307986e+02		6.4435904e+02		1.9109492e+03		8.6854030e+02		5.3041856e+02		3.3812174e+02
3.5800000e+02		3.5900000e+02		3.5850000e+02		4.9194729e+02		5.5263489e+02		1.6374755e+03		7.4339196e+02		4.5133608e+02		2.9205588e+02
3.5900000e+02		3.6000000e+02		3.5950000e+02		7.1030971e+02		7.9721711e+02		2.3601032e+03		1.0702315e+03		6.4595897e+02		4.2427253e+02
3.6000000e+02		3.6100000e+02		3.6050000e+02		7.0092701e+02		7.8598272e+02		2.3248118e+03		1.0530276e+03		6.3183495e+02		4.2119264e+02
3.6100000e+02		3.6200000e+02		3.6150000e+02		6.5110481e+02		7.2946541e+02		2.1557703e+03		9.7535163e+02		5.8177305e+02		3.9357858e+02
3.6200000e+02		3.6300000e+02		3.6250000e+02		7.3500056e+02		8.2272982e+02		2.4292966e+03		1.0978618e+03		6.5096916e+02		4.4689260e+02
3.6300000e+02		3.6400000e+02		3.6350000e+02		7.1558904e+02		8.0029712e+02		2.3610362e+03		1.0658099e+03		6.2821009e+02		4.3759985e+02
3.6400000e+02		3.6500000e+02		3.6450000e+02		7.4837927e+02		8.3623753e+02		2.4649703e+03		1.1114770e+03		6.5122369e+02		4.6025336e+02
3.6500000e+02		3.6600000e+02		3.6550000e+02		8.5179486e+02		9.5096730e+02		2.8007918e+03		1.2614877e+03		7.3469914e+02		5.2678855e+02
3.6600000e+02		3.6700000e+02		3.6650000e+02		9.1042532e+02		1.0155465e+03		2.9884834e+03		1.3445227e+03		7.7836596e+02		5.6615675e+02
3.6700000e+02		3.6800000e+02		3.6750000e+02		8.7909512e+02		9.7975768e+02		2.8807661e+03		1.2946196e+03		7.4497132e+02		5.4964829e+02
3.6800000e+02		3.6900000e+02		3.6850000e+02		8.1047729e+02		9.0251260e+02		2.6514501e+03		1.1902449e+03		6.8078184e+02		5.0946302e+02
3.6900000e+02		3.7000000e+02		3.6950000e+02		8.9967825e+02		1.0009942e+03		2.9383610e+03		1.3175846e+03		7.4906093e+02		5.6852370e+02
3.7000000e+02		3.7100000e+02		3.7050000e+02		8.4427990e+02		9.3856657e+02		2.7528631e+03		1.2330490e+03		6.9675284e+02		5.3629613e+02
3.7100000e+02		3.7200000e+02		3.7150000e+02		8.7164560e+02		9.6817845e+02		2.8374187e+03		1.2695312e+03		7.1300838e+02		5.5652287e+02
3.7200000e+02		3.7300000e+02		3.7250000e+02		7.2411383e+02		8.0363985e+02		2.3533174e+03		1.0517841e+03		5.8711571e+02		4.6466844e+02
3.7300000e+02		3.7400000e+02		3.7350000e+02		6.3155746e+02		7.0034014e+02		2.0491871e+03		9.1486246e+02		5.0756526e+02		4.0729720e+02
3.7400000e+02		3.7500000e+02		3.7450000e+02		6.4642322e+02		7.1623744e+02		2.0940434e+03		9.3387751e+02		5.1494193e+02		4.1893558e+02
3.7500000e+02		3.7600000e+02		3.7550000e+02		7.4036161e+02		8.1965343e+02		2.3945147e+03		1.0667282e+03		5.8458511e+02		4.8214307e+02
3.7600000e+02		3.7700000e+02		3.7650000e+02		7.6758018e+02		8.4910027e+02		2.4786050e+03		1.1030054e+03		6.0074587e+02		5.0225948e+02
3.7700000e+02		3.7800000e+02		3.7750000e+02		9.0048278e+02		9.9531806e+02		2.9031791e+03		1.2905659e+03		6.9856390e+02		5.9200200e+02
3.7800000e+02		3.7900000e+02		3.7850000e+02		9.3786543e+02		1.0358113e+03		3.0189691e+03		1.3406121e+03		7.2116653e+02		6.1944559e+02
3.7900000e+02		3.8000000e+02		3.7950000e+02		7.6051322e+02		8.3927250e+02		2.4442725e+03		1.0842621e+03		5.7965155e+02		5.0461052e+02
3.8000000e+02		3.8100000e+02		3.8050000e+02		8.2814537e+02		9.1319042e+02		2.6575353e+03		1.1776221e+03		6.2565211e+02		5.5197000e+02
3.8100000e+02		3.8200000e+02		3.8150000e+02		7.4366886e+02		8.1939883e+02		2.3827944e+03		1.0547702e+03		5.5689468e+02		4.9787553e+02
3.8200000e+02		3.8300000e+02		3.8250000e+02		5.3336093e+02		5.8721933e+02		1.7063479e+03		7.5454537e+02		3.9589768e+02		3.5864770e+02
3.8300000e+02		3.8400000e+02		3.8350000e+02		4.7073026e+02		5.1786559e+02		1.5037053e+03		6.6424634e+02		3.4634056e+02		3.1790578e+02
3.8400000e+02		3.8500000e+02		3.8450000e+02		6.2969557e+02		6.9221963e+02		2.0084939e+03		8.8631425e+02		4.5923280e+02		4.2708145e+02
3.8500000e+02		3.8600000e+02		3.8550000e+02		6.6694888e+02		7.3261634e+02		2.1241567e+03		9.3638994e+02		4.8213352e+02		4.5425642e+02
3.8600000e+02		3.8700000e+02		3.8650000e+02		6.6977732e+02		7.3516983e+02		2.1300186e+03		9.3801277e+02		4.7993154e+02		4.5808123e+02
3.8700000e+02		3.8800000e+02		3.8750000e+02		6.6902499e+02		7.3379575e+02		2.1245116e+03		9.3463452e+02		4.7518963e+02		4.5944489e+02
3.8800000e+02		3.8900000e+02		3.8850000e+02		6.7841027e+02		7.4353821e+02		2.1511851e+03		9.4540977e+02		4.7763324e+02		4.6777653e+02
3.8900000e+02		3.9000000e+02		3.8950000e+02		8.1451188e+02		8.9204907e+02		2.5790291e+03		1.1322969e+03		5.6843256e+02		5.6386438e+02
3.9000000e+02		3.9100000e+02		3.9050000e+02		8.5560997e+02		9.3637563e+02		2.7052847e+03		1.1865365e+03		5.9188709e+02		5.9464946e+02
3.9100000e+02		3.9200000e+02		3.9150000e+02		9.2006232e+02		1.0061827e+03		2.9049421e+03		1.2728345e+03		6.3090479e+02		6.4192966e+02
3.9200000e+02		3.9300000e+02		3.9250000e+02		7.0614281e+02		7.7168469e+02		2.2263869e+03		9.7454890e+02		4.7998186e+02		4.9456704e+02
3.9300000e+02		3.9400000e+02		3.9350000e+02		4.3291589e+02		4.7276032e+02		1.3630263e+03		5.9604365e+02		2.9169150e+02		3.0435215e+02
3.9400000e+02		3.9500000e+02		3.9450000e+02		7.1565803e+02		7.8097221e+02		2.2501094e+03		9.8299329e+02		4.7798701e+02		5.0500628e+02
3.9500000e+02		3.9600000e+02		3.9550000e+02		8.7888136e+02		9.5841858e+02		2.7595002e+03		1.2043501e+03		5.8188014e+02		6.2246992e+02
3.9600000e+02		3.9700000e+02		3.9650000e+02		6.0712893e+02		6.6161177e+02		1.9036535e+03		8.3001873e+02		3.9845516e+02		4.3156357e+02
3.9700000e+02		3.9800000e+02		3.9750000e+02		6.8053003e+02		7.4108716e+02		2.1309131e+03		9.2820890e+02		4.4273479e+02		4.8547411e+02
3.9800000e+02		3.9900000e+02		3.9850000e+02		1.0480559e+03		1.1405348e+03		3.2773215e+03		1.4262030e+03		6.7589826e+02		7.5030471e+02
3.9900000e+02		4.0000000e+02		3.9950000e+02		1.1577145e+03		1.2590123e+03		3.6154043e+03		1.5718235e+03		7.4011910e+02		8.3170438e+02
4.0000000e+02		4.0100000e+02		4.0050000e+02		1.1939713e+03		1.2975652e+03		3.7237001e+03		1.6173669e+03		7.5665883e+02		8.6070803e+02
4.0100000e+02		4.0200000e+02		4.0150000e+02		1.2509583e+03		1.3585864e+03		3.8963115e+03		1.6907398e+03		7.8588325e+02		9.0485653e+02
4.0200000e+02		4.0300000e+02		4.0250000e+02		1.2664199e+03		1.3744648e+03		3.9393372e+03		1.7078033e+03		7.8868733e+02		9.1911600e+02
4.0300000e+02		4.0400000e+02		4.0350000e+02		1.2115903e+03		1.3140912e+03		3.7639199e+03		1.6302305e+03		7.4799363e+02		8.8223683e+02
4.0400000e+02		4.0500000e+02		4.0450000e+02		1.1914959e+03		1.2914523e+03		3.6967564e+03		1.5996528e+03		7.2921021e+02		8.7044257e+02
4.0500000e+02		4.0600000e+02		4.0550000e+02		1.1904731e+03		1.2895073e+03		3.6888931e+03		1.5947755e+03		7.2227240e+02		8.7250314e+02
4.0600000e+02		4.0700000e+02		4.0650000e+02		1.1388815e+03		1.2328308e+03		3.5245827e+03		1.5223417e+03		6.8499033e+02		8.3735141e+02
4.0700000e+02		4.0800000e+02		4.0750000e+02		1.1575323e+03		1.2522211e+03		3.5778278e+03		1.5439285e+03		6.9018701e+02		8.5374146e+02
4.0800000e+02		4.0900000e+02		4.0850000e+02		1.2307397e+03		1.3305750e+03		3.7993920e+03		1.6380513e+03		7.2749664e+02		9.1055464e+02
4.0900000e+02		4.1000000e+02		4.0950000e+02		1.2243097e+03		1.3227932e+03		3.7748977e+03		1.6260225e+03		7.1744829e+02		9.0857425e+02
4.1000000e+02		4.1100000e+02		4.1050000e+02		1.1216634e+03		1.2111362e+03		3.4541948e+03		1.4865466e+03		6.5162818e+02		8.3491845e+02
4.1100000e+02		4.1200000e+02		4.1150000e+02		1.3003372e+03		1.4031962e+03		3.9995857e+03		1.7197266e+03		7.4891897e+02		9.7080763e+02
4.1200000e+02		4.1300000e+02		4.1250000e+02		1.2760342e+03		1.3761283e+03		3.9201295e+03		1.6840689e+03		7.2859513e+02		9.5547374e+02
4.1300000e+02		4.1400000e+02		4.1350000e+02		1.2308584e+03		1.3266035e+03		3.7768487e+03		1.6210873e+03		6.9675611e+02		9.2433117e+02
4.1400000e+02		4.1500000e+02		4.1450000e+02		1.2488872e+03		1.3452248e+03		3.8276514e+03		1.6414547e+03		7.0088753e+02		9.4056722e+02
4.1500000e+02		4.1600000e+02		4.1550000e+02		1.2477523e+03		1.3432005e+03		3.8197019e+03		1.6366209e+03		6.9424006e+02		9.4238079e+02
4.1600000e+02		4.1700000e+02		4.1650000e+02		1.2947363e+03		1.3929539e+03		3.9589369e+03		1.6948123e+03		7.1420447e+02		9.8060779e+02
4.1700000e+02		4.1800000e+02		4.1750000e+02		1.1781342e+03		1.2667629e+03		3.5982586e+03		1.5390834e+03		6.4431731e+02		8.9476608e+02
4.1800000e+02		4.1900000e+02		4.1850000e+02		1.2217101e+03		1.3128527e+03		3.7270937e+03		1.5928291e+03		6.6243133e+02		9.3039777e+02
4.1900000e+02		4.2000000e+02		4.1950000e+02		1.2338424e+03		1.3251252e+03		3.7598501e+03		1.6054649e+03		6.6329081e+02		9.4217409e+02
4.2000000e+02		4.2100000e+02		4.2050000e+02		1.2494927e+03		1.3411658e+03		3.8032718e+03		1.6226371e+03		6.6596834e+02		9.5666881e+02
4.2100000e+02		4.2200000e+02		4.2150000e+02		1.2299982e+03		1.3194923e+03		3.7397711e+03		1.5942086e+03		6.4998588e+02		9.4422274e+02
4.2200000e+02		4.2300000e+02		4.2250000e+02		1.1657134e+03		1.2498269e+03		3.5404078e+03		1.5079670e+03		6.1076602e+02		8.9720099e+02
4.2300000e+02		4.2400000e+02		4.2350000e+02		1.2419943e+03		1.3308695e+03		3.7679585e+03		1.6035606e+03		6.4519414e+02		9.5836650e+02
4.2400000e+02		4.2500000e+02		4.2450000e+02		1.2850442e+03		1.3762388e+03		3.8943375e+03		1.6559831e+03		6.6188226e+02		9.9410087e+02
4.2500000e+02		4.2600000e+02		4.2550000e+02		1.2367256e+03		1.3237652e+03		3.7438796e+03		1.5907046e+03		6.3158537e+02		9.5911926e+02
4.2600000e+02		4.2700000e+02		4.2650000e+02		1.2316584e+03		1.3176250e+03		3.7245666e+03		1.5812156e+03		6.2366193e+02		9.5755362e+02
4.2700000e+02		4.2800000e+02		4.2750000e+02		1.1420512e+03		1.2211052e+03		3.4499430e+03		1.4634477e+03		5.7338859e+02		8.9005915e+02
4.2800000e+02		4.2900000e+02		4.2850000e+02		1.1495483e+03		1.2284647e+03		3.4689524e+03		1.4703336e+03		5.7226801e+02		8.9806564e+02
4.2900000e+02		4.3000000e+02		4.2950000e+02		1.0698649e+03		1.1427056e+03		3.2251410e+03		1.3659060e+03		5.2809772e+02		8.3780824e+02
4.3000000e+02		4.3100000e+02		4.3050000e+02		8.6065012e+02		9.1876402e+02		2.5917845e+03		1.0968009e+03		4.2123984e+02		6.7556108e+02
4.3100000e+02		4.3200000e+02		4.3150000e+02		1.0641754e+03		1.1354407e+03		3.2014135e+03		1.3537229e+03		5.1646139e+02		8.3726156e+02
4.3200000e+02		4.3300000e+02		4.3250000e+02		1.1990384e+03		1.2786750e+03		3.6034769e+03		1.5225485e+03		5.7701085e+02		9.4553761e+02
4.3300000e+02		4.3400000e+02		4.3350000e+02		1.3017454e+03		1.3874933e+03		3.9082159e+03		1.6500289e+03		6.2116593e+02		1.0288630e+03
4.3400000e+02		4.3500000e+02		4.3450000e+02		1.1054356e+03		1.1776548e+03		3.3155342e+03		1.3987253e+03		5.2305842e+02		8.7566684e+02
4.3500000e+02		4.3600000e+02		4.3550000e+02		1.2347447e+03		1.3147504e+03		3.6997171e+03		1.5596083e+03		5.7934009e+02		9.8026824e+02
4.3600000e+02		4.3700000e+02		4.3650000e+02		1.3814970e+03		1.4702784e+03		4.1353878e+03		1.7419418e+03		6.4276255e+02		1.0991793e+03
4.3700000e+02		4.3800000e+02		4.3750000e+02		1.2223713e+03		1.3002838e+03		3.6555104e+03		1.5386436e+03		5.6396547e+02		9.7467816e+02
4.3800000e+02		4.3900000e+02		4.3850000e+02		1.1905029e+03		1.2657639e+03		3.5567845e+03		1.4959683e+03		5.4466964e+02		9.5129869e+02
4.3900000e+02		4.4000000e+02		4.3950000e+02		1.3250738e+03		1.4081580e+03		3.9550590e+03		1.6622443e+03		6.0117475e+02		1.0610696e+03
4.4000000e+02		4.4100000e+02		4.4050000e+02		1.2562739e+03		1.3344016e+03		3.7461624e+03		1.5732862e+03		5.6520707e+02		1.0080792e+03
4.4100000e+02		4.4200000e+02		4.4150000e+02		1.3817384e+03		1.4669685e+03		4.1164323e+03		1.7275220e+03		6.1647618e+02		1.1110458e+03
4.4200000e+02		4.4300000e+02		4.4250000e+02		1.4526378e+03		1.5415117e+03		4.3236337e+03		1.8131559e+03		6.4271693e+02		1.1704389e+03
4.4300000e+02		4.4400000e+02		4.4350000e+02		1.4050936e+03		1.4903596e+03		4.1782718e+03		1.7509299e+03		6.1651587e+02		1.1344140e+03
4.4400000e+02		4.4500000e+02		4.4450000e+02		1.4475318e+03		1.5346595e+03		4.3005388e+03		1.8008724e+03		6.2986643e+02		1.1710060e+03
4.4500000e+02		4.4600000e+02		4.4550000e+02		1.3420773e+03		1.4222021e+03		3.9836304e+03		1.6669757e+03		5.7914053e+02		1.0878352e+03
4.4600000e+02		4.4700000e+02		4.4650000e+02		1.3689269e+03		1.4499922e+03		4.0596810e+03		1.6975965e+03		5.8583799e+02		1.1117585e+03
4.4700000e+02		4.4800000e+02		4.4750000e+02		1.4837056e+03		1.5708564e+03		4.3961540e+03		1.8370032e+03		6.2971009e+02		1.2072931e+03
4.4800000e+02		4.4900000e+02		4.4850000e+02		1.4587166e+03		1.5437066e+03		4.3183013e+03		1.8032110e+03		6.1399419e+02		1.1892169e+03
4.4900000e+02		4.5000000e+02		4.4950000e+02		1.4737837e+03		1.5589578e+03		4.3590909e+03		1.8189815e+03		6.1522267e+02		1.2037588e+03
4.5000000e+02		4.5100000e+02		4.5050000e+02		1.5636828e+03		1.6533231e+03		4.6209821e+03		1.9269368e+03		6.4737709e+02		1.2795597e+03
4.5100000e+02		4.5200000e+02		4.5150000e+02		1.5589734e+03		1.6476233e+03		4.6031067e+03		1.9181704e+03		6.4012134e+02		1.2780490e+03
4.5200000e+02		4.5300000e+02		4.5250000e+02		1.4757889e+03		1.5590328e+03		4.3537804e+03		1.8130413e+03		6.0099055e+02		1.2120508e+03
4.5300000e+02		4.5400000e+02		4.5350000e+02		1.4141855e+03		1.4933130e+03		4.1685192e+03		1.7347229e+03		5.7118194e+02		1.1635410e+03
4.5400000e+02		4.5500000e+02		4.5450000e+02		1.5096596e+03		1.5934506e+03		4.4462183e+03		1.8490485e+03		6.0475116e+02		1.2442974e+03
4.5500000e+02		4.5600000e+02		4.5550000e+02		1.4952815e+03		1.5776085e+03		4.4002179e+03		1.8287022e+03		5.9409394e+02		1.2346082e+03
4.5600000e+02		4.5700000e+02		4.5650000e+02		1.5527317e+03		1.6375367e+03		4.5655199e+03		1.8961486e+03		6.1188248e+02		1.2842662e+03
4.5700000e+02		4.5800000e+02		4.5750000e+02		1.5677329e+03		1.6526718e+03		4.6058691e+03		1.9116532e+03		6.1275664e+02		1.2988966e+03
4.5800000e+02		4.5900000e+02		4.5850000e+02		1.4734199e+03		1.5526107e+03		4.3252859e+03		1.7940302e+03		5.7120473e+02		1.2228255e+03
4.5900000e+02		4.6000000e+02		4.5950000e+02		1.5222067e+03		1.6033662e+03		4.4649205e+03		1.8507515e+03		5.8531974e+02		1.2654317e+03
4.6000000e+02		4.6100000e+02		4.6050000e+02		1.5039223e+03		1.5834674e+03		4.4077844e+03		1.8258965e+03		5.7359346e+02		1.2523031e+03
4.6100000e+02		4.6200000e+02		4.6150000e+02		1.5386000e+03		1.6193310e+03		4.5058684e+03		1.8653390e+03		5.8206135e+02		1.2832777e+03
4.6200000e+02		4.6300000e+02		4.6250000e+02		1.5538294e+03		1.6347107e+03		4.5469158e+03		1.8811422e+03		5.8306316e+02		1.2980791e+03
4.6300000e+02		4.6400000e+02		4.6350000e+02		1.5018384e+03		1.5793922e+03		4.3913750e+03		1.8156523e+03		5.5899730e+02		1.2566550e+03
4.6400000e+02		4.6500000e+02		4.6450000e+02		1.5281564e+03		1.6064429e+03		4.4649005e+03		1.8449022e+03		5.6420063e+02		1.2807015e+03
4.6500000e+02		4.6600000e+02		4.6550000e+02		1.4760608e+03		1.5510791e+03		4.3094097e+03		1.7795521e+03		5.4057292e+02		1.2389792e+03
4.6600000e+02		4.6700000e+02		4.6650000e+02		1.4854121e+03		1.5603079e+03		4.3334413e+03		1.7883773e+03		5.3961785e+02		1.2487594e+03
4.6700000e+02		4.6800000e+02		4.6750000e+02		1.4997486e+03		1.5747694e+03		4.3719954e+03		1.8031887e+03		5.4044583e+02		1.2627428e+03
4.6800000e+02		4.6900000e+02		4.6850000e+02		1.4665907e+03		1.5393735e+03		4.2721672e+03		1.7609494e+03		5.2425433e+02		1.2366951e+03
4.6900000e+02		4.7000000e+02		4.6950000e+02		1.5086728e+03		1.5829535e+03		4.3915240e+03		1.8090601e+03		5.3497393e+02		1.2740861e+03
4.7000000e+02		4.7100000e+02		4.7050000e+02		1.4256243e+03		1.4952631e+03		4.1467604e+03		1.7072128e+03		5.0147832e+02		1.2057345e+03
4.7100000e+02		4.7200000e+02		4.7150000e+02		1.4904926e+03		1.5627273e+03		4.3323154e+03		1.7825498e+03		5.2010555e+02		1.2624443e+03
4.7200000e+02		4.7300000e+02		4.7250000e+02		1.5269264e+03		1.6003454e+03		4.4350392e+03		1.8237438e+03		5.2856625e+02		1.2951776e+03
4.7300000e+02		4.7400000e+02		4.7350000e+02		1.4995420e+03		1.5710786e+03		4.3524100e+03		1.7887219e+03		5.1494957e+02		1.2737723e+03
4.7400000e+02		4.7500000e+02		4.7450000e+02		1.5448084e+03		1.6179269e+03		4.4806423e+03		1.8403558e+03		5.2627230e+02		1.3140835e+03
4.7500000e+02		4.7600000e+02		4.7550000e+02		1.5413846e+03		1.6137701e+03		4.4675951e+03		1.8339423e+03		5.2093294e+02		1.3130093e+03
4.7600000e+02		4.7700000e+02		4.7650000e+02		1.4853490e+03		1.5545578e+03		4.3022046e+03		1.7650422e+03		4.9801145e+02		1.2670308e+03
4.7700000e+02		4.7800000e+02		4.7750000e+02		1.5508368e+03		1.6225330e+03		4.4888078e+03		1.8405561e+03		5.1584832e+02		1.3247078e+03
4.7800000e+02		4.7900000e+02		4.7850000e+02		1.5358791e+03		1.6063303e+03		4.4424944e+03		1.8205422e+03		5.0683099e+02		1.3137112e+03
4.7900000e+02		4.8000000e+02		4.7950000e+02		1.5403519e+03		1.6104582e+03		4.4524321e+03		1.8235967e+03		5.0429121e+02		1.3193055e+03
4.8000000e+02		4.8100000e+02		4.8050000e+02		1.5442750e+03		1.6140134e+03		4.4607926e+03		1.8260091e+03		5.0158728e+02		1.3244219e+03
4.8100000e+02		4.8200000e+02		4.8150000e+02		1.5475498e+03		1.6168935e+03		4.4672943e+03		1.8276654e+03		4.9869158e+02		1.3289738e+03
4.8200000e+02		4.8300000e+02		4.8250000e+02		1.5416562e+03		1.6102002e+03		4.4473622e+03		1.8185179e+03		4.9288498e+02		1.3256329e+03
4.8300000e+02		4.8400000e+02		4.8350000e+02		1.5183412e+03		1.5853259e+03		4.3772550e+03		1.7888818e+03		4.8161853e+02		1.3072633e+03
4.8400000e+02		4.8500000e+02		4.8450000e+02		1.4920771e+03		1.5573941e+03		4.2987647e+03		1.7558603e+03		4.6957607e+02		1.2862842e+03
4.8500000e+02		4.8600000e+02		4.8550000e+02		1.4021236e+03		1.4630288e+03		4.0370216e+03		1.6480696e+03		4.3781132e+02		1.2102583e+03
4.8600000e+02		4.8700000e+02		4.8650000e+02		1.2173217e+03		1.2697917e+03		3.5027158e+03		1.4291879e+03		3.7713528e+02		1.0520526e+03
4.8700000e+02		4.8800000e+02		4.8750000e+02		1.3927585e+03		1.4523281e+03		4.0049999e+03		1.6332722e+03		4.2811836e+02		1.2051538e+03
4.8800000e+02		4.8900000e+02		4.8850000e+02		1.4651201e+03		1.5273027e+03		4.2104587e+03		1.7161641e+03		4.4685088e+02		1.2693132e+03
4.8900000e+02		4.9000000e+02		4.8950000e+02		1.4372192e+03		1.4977492e+03		4.1277277e+03		1.6815720e+03		4.3492952e+02		1.2466425e+03
4.9000000e+02		4.9100000e+02		4.9050000e+02		1.5307557e+03		1.5947306e+03		4.3936764e+03		1.7889953e+03		4.5963528e+02		1.3293601e+03
4.9100000e+02		4.9200000e+02		4.9150000e+02		1.4425606e+03		1.5023878e+03		4.1380210e+03		1.6840393e+03		4.2979193e+02		1.2542473e+03
4.9200000e+02		4.9300000e+02		4.9250000e+02		1.3729411e+03		1.4294455e+03		3.9359471e+03		1.6009907e+03		4.0588026e+02		1.1951104e+03
4.9300000e+02		4.9400000e+02		4.9350000e+02		1.4509629e+03		1.5102223e+03		4.1571397e+03		1.6901135e+03		4.2562712e+02		1.2644864e+03
4.9400000e+02		4.9500000e+02		4.9450000e+02		1.4929449e+03		1.5534538e+03		4.2748935e+03		1.7371201e+03		4.3455908e+02		1.3025610e+03
4.9500000e+02		4.9600000e+02		4.9550000e+02		1.4663156e+03		1.5252926e+03		4.1961827e+03		1.7042915e+03		4.2351588e+02		1.2807756e+03
4.9600000e+02		4.9700000e+02		4.9650000e+02		1.4846220e+03		1.5438812e+03		4.2461021e+03		1.7237190e+03		4.2550086e+02		1.2982181e+03
4.9700000e+02		4.9800000e+02		4.9750000e+02		1.5123203e+03		1.5722266e+03		4.3228294e+03		1.7540109e+03		4.3010624e+02		1.3239046e+03
4.9800000e+02		4.9900000e+02		4.9850000e+02		1.3744029e+03		1.4284331e+03		3.9263617e+03		1.5923709e+03		3.8788104e+02		1.2044898e+03
4.9900000e+02		5.0000000e+02		4.9950000e+02		1.4721832e+03		1.5296190e+03		4.2033171e+03		1.7038737e+03		4.1229113e+02		1.2915826e+03
