Left Bin Edge (nm)	Right Bin Edge (nm)	Bin Center (nm)		Top of Atm Intensity (erg/s/nm/cm2)		Total Surface Flux (erg/s/nm/cm2)		Total Intensity at BOA (erg/s/nm/cm2)		Total Surface Intensity (erg/s/nm/cm2)		Total Surface Diffuse Intensity (erg/s/nm/cm2)		Total Surface Direct Intensity (erg/s/nm/cm2)
1.0000000e+02		1.0100000e+02		1.0050000e+02		4.4569042e-02		2.4525374e-199		0.0000000e+00		4.2479194e-199		4.2479194e-199		0.0000000e+00
1.0100000e+02		1.0200000e+02		1.0150000e+02		1.7387199e-01		2.8780738e-197		0.0000000e+00		4.9849701e-197		4.9849701e-197		0.0000000e+00
1.0200000e+02		1.0300000e+02		1.0250000e+02		9.2286085e-01		3.0760917e-195		0.0000000e+00		5.3279471e-195		5.3279471e-195		0.0000000e+00
1.0300000e+02		1.0400000e+02		1.0350000e+02		7.0094286e-01		3.0025219e-193		0.0000000e+00		5.2005205e-193		5.2005205e-193		0.0000000e+00
1.0400000e+02		1.0500000e+02		1.0450000e+02		1.4124828e-01		2.6834655e-191		0.0000000e+00		4.6478986e-191		4.6478986e-191		0.0000000e+00
1.0500000e+02		1.0600000e+02		1.0550000e+02		4.8389941e-02		2.2015022e-189		0.0000000e+00		3.8131136e-189		3.8131136e-189		0.0000000e+00
1.0600000e+02		1.0700000e+02		1.0650000e+02		4.5487167e-02		1.6618998e-187		0.0000000e+00		2.8784949e-187		2.8784949e-187		0.0000000e+00
1.0700000e+02		1.0800000e+02		1.0750000e+02		5.0757295e-02		1.1570799e-185		0.0000000e+00		2.0041212e-185		2.0041212e-185		0.0000000e+00
1.0800000e+02		1.0900000e+02		1.0850000e+02		7.1152114e-02		7.4462170e-184		0.0000000e+00		1.2897226e-183		1.2897226e-183		0.0000000e+00
1.0900000e+02		1.1000000e+02		1.0950000e+02		5.5817450e-02		1.0547062e-02		4.6678409e-02		1.8268047e-02		1.8268047e-02		1.9112494e-64
1.1000000e+02		1.1100000e+02		1.1050000e+02		5.4043772e-02		1.0664356e-02		4.6709615e-02		1.8471207e-02		1.8471207e-02		2.2079761e-61
1.1100000e+02		1.1200000e+02		1.1150000e+02		5.0797691e-02		1.0459180e-02		4.5356755e-02		1.8115831e-02		1.8115831e-02		1.6136530e-58
1.1200000e+02		1.1300000e+02		1.1250000e+02		5.1969037e-02		1.1156145e-02		4.7919203e-02		1.9323009e-02		1.9323009e-02		8.6224708e-56
1.1300000e+02		1.1400000e+02		1.1350000e+02		4.1221387e-02		9.2187253e-03		3.9236368e-02		1.5967301e-02		1.5967301e-02		2.4674950e-53
1.1400000e+02		1.1500000e+02		1.1450000e+02		3.1562600e-02		7.3477694e-03		3.0999926e-02		1.2726710e-02		1.2726710e-02		4.8309428e-51
1.1500000e+02		1.1600000e+02		1.1550000e+02		4.3552050e-02		1.0545905e-02		4.4119888e-02		1.8266043e-02		1.8266043e-02		1.2369238e-48
1.1600000e+02		1.1700000e+02		1.1650000e+02		1.0143732e-01		2.5527018e-02		1.0593712e-01		4.4214092e-02		4.4214092e-02		3.9648201e-46
1.1700000e+02		1.1800000e+02		1.1750000e+02		3.6108525e-01		9.4364721e-02		3.8859826e-01		1.6344449e-01		1.6344449e-01		1.4698583e-43
1.1800000e+02		1.1900000e+02		1.1850000e+02		1.2283927e-01		3.3312388e-02		1.3616947e-01		5.7698748e-02		5.7698748e-02		4.0146984e-42
1.1900000e+02		1.2000000e+02		1.1950000e+02		1.7115732e-01		4.8127719e-02		1.9533769e-01		8.3359654e-02		8.3359654e-02		3.5222498e-40
1.2000000e+02		1.2100000e+02		1.2050000e+02		9.3056497e-01		2.7110593e-01		1.0928865e+00		4.6956925e-01		4.6956925e-01		9.6078659e-38
1.2100000e+02		1.2200000e+02		1.2150000e+02		3.6941242e+01		1.1142783e+01		4.4626999e+01		1.9299866e+01		1.9299866e+01		1.5472793e-34
1.2200000e+02		1.2300000e+02		1.2250000e+02		2.4773856e-01		7.7319840e-02		3.0773739e-01		1.3392189e-01		1.3392189e-01		3.4502698e-35
1.2300000e+02		1.2400000e+02		1.2350000e+02		1.3344721e-01		4.3067290e-02		1.7038622e-01		7.4594734e-02		7.4594734e-02		5.1294163e-34
1.2400000e+02		1.2500000e+02		1.2450000e+02		1.0726631e-01		3.5771486e-02		1.4071144e-01		6.1958032e-02		6.1958032e-02		9.5563501e-33
1.2500000e+02		1.2600000e+02		1.2550000e+02		1.0471361e-01		3.6057141e-02		1.4105635e-01		6.2452801e-02		6.2452801e-02		1.8356248e-31
1.2600000e+02		1.2700000e+02		1.2650000e+02		1.4644878e-01		5.2033868e-02		2.0248611e-01		9.0125303e-02		9.0125303e-02		4.3318751e-30
1.2700000e+02		1.2800000e+02		1.2750000e+02		7.6659940e-02		2.8085862e-02		1.0874246e-01		4.8646140e-02		4.8646140e-02		3.3120222e-29
1.2800000e+02		1.2900000e+02		1.2850000e+02		6.1165494e-02		2.3091786e-02		8.8973692e-02		3.9996147e-02		3.9996147e-02		3.3703458e-28
1.2900000e+02		1.3000000e+02		1.2950000e+02		8.1594975e-02		3.1722235e-02		1.2165976e-01		5.4944523e-02		5.4944523e-02		5.0478313e-27
1.3000000e+02		1.3100000e+02		1.3050000e+02		6.7007791e-01		2.6809429e-01		1.0236056e+00		4.6435293e-01		4.6435293e-01		4.1280989e-25
1.3100000e+02		1.3200000e+02		1.3150000e+02		9.0731094e-02		3.7335920e-02		1.4194257e-01		6.4667711e-02		6.4667711e-02		4.9720179e-25
1.3200000e+02		1.3300000e+02		1.3250000e+02		7.0547730e-02		2.9839895e-02		1.1297942e-01		5.1684214e-02		5.1684214e-02		3.0919358e-24
1.3300000e+02		1.3400000e+02		1.3350000e+02		9.5357088e-01		4.1432690e-01		1.5625494e+00		7.1763524e-01		7.1763524e-01		3.0237904e-22
1.3400000e+02		1.3500000e+02		1.3450000e+02		6.5246966e-02		2.9105269e-02		1.0935027e-01		5.0411805e-02		5.0411805e-02		1.3619962e-22
1.3500000e+02		1.3600000e+02		1.3550000e+02		1.3692679e-01		6.2672480e-02		2.3461118e-01		1.0855192e-01		1.0855192e-01		1.7211104e-21
1.3600000e+02		1.3700000e+02		1.3650000e+02		8.9861989e-02		4.2178842e-02		1.5734508e-01		7.3055897e-02		7.3055897e-02		6.2525914e-21
1.3700000e+02		1.3800000e+02		1.3750000e+02		9.2282630e-02		4.4394145e-02		1.6505599e-01		7.6892914e-02		7.6892914e-02		3.2829000e-20
1.3800000e+02		1.3900000e+02		1.3850000e+02		9.4180145e-02		4.6409173e-02		1.7199439e-01		8.0383046e-02		8.0383046e-02		1.5890671e-19
1.3900000e+02		1.4000000e+02		1.3950000e+02		3.1801144e-01		1.6043057e-01		5.9273108e-01		2.7787391e-01		2.7787391e-01		2.3705179e-18
1.4000000e+02		1.4100000e+02		1.4050000e+02		2.7729440e-01		1.4313698e-01		5.2727273e-01		2.4792052e-01		2.4792052e-01		8.5388773e-18
1.4100000e+02		1.4200000e+02		1.4150000e+02		1.3359910e-01		7.0526537e-02		2.5905943e-01		1.2215554e-01		1.2215554e-01		1.5948837e-17
1.4200000e+02		1.4300000e+02		1.4250000e+02		1.4479671e-01		7.8130791e-02		2.8620732e-01		1.3532650e-01		1.3532650e-01		6.3099375e-17
1.4300000e+02		1.4400000e+02		1.4350000e+02		1.6064305e-01		8.8556488e-02		3.2354654e-01		1.5338434e-01		1.5338434e-01		2.4139207e-16
1.4400000e+02		1.4500000e+02		1.4450000e+02		1.5363637e-01		8.6483239e-02		3.1517397e-01		1.4979336e-01		1.4979336e-01		7.5421994e-16
1.4500000e+02		1.4600000e+02		1.4550000e+02		1.6382583e-01		9.4121412e-02		3.4217724e-01		1.6302307e-01		1.6302307e-01		2.4962850e-15
1.4600000e+02		1.4700000e+02		1.4650000e+02		1.9977093e-01		1.1708447e-01		4.2466521e-01		2.0279624e-01		2.0279624e-01		9.0003806e-15
1.4700000e+02		1.4800000e+02		1.4750000e+02		2.4643334e-01		1.4727338e-01		5.3296055e-01		2.5508497e-01		2.5508497e-01		3.1349453e-14
1.4800000e+02		1.4900000e+02		1.4850000e+02		2.4167300e-01		1.4720128e-01		5.3154844e-01		2.5496010e-01		2.5496010e-01		8.3091786e-14
1.4900000e+02		1.5000000e+02		1.4950000e+02		2.1832777e-01		1.3547402e-01		4.8818357e-01		2.3464788e-01		2.3464788e-01		1.9462114e-13
1.5000000e+02		1.5100000e+02		1.5050000e+02		2.4023073e-01		1.5179170e-01		5.4588982e-01		2.6291094e-01		2.6291094e-01		5.3371687e-13
1.5100000e+02		1.5200000e+02		1.5150000e+02		2.5258505e-01		1.6244725e-01		5.8308466e-01		2.8136689e-01		2.8136689e-01		1.3470636e-12
1.5200000e+02		1.5300000e+02		1.5250000e+02		3.2229547e-01		2.1089237e-01		7.5556795e-01		3.6527630e-01		3.6527630e-01		3.9813338e-12
1.5300000e+02		1.5400000e+02		1.5350000e+02		3.5701286e-01		2.3758172e-01		8.4966722e-01		4.1150361e-01		4.1150361e-01		9.8741801e-12
1.5400000e+02		1.5500000e+02		1.5450000e+02		9.5486931e-01		6.4598129e-01		2.3062560e+00		1.1188724e+00		1.1188724e+00		5.7248460e-11
1.5500000e+02		1.5600000e+02		1.5550000e+02		7.8587524e-01		5.4026201e-01		1.9256221e+00		9.3576126e-01		9.3576126e-01		9.9039502e-11
1.5600000e+02		1.5700000e+02		1.5650000e+02		4.6648084e-01		3.2575505e-01		1.1592125e+00		5.6422429e-01		5.6422429e-01		1.2000228e-10
1.5700000e+02		1.5800000e+02		1.5750000e+02		4.2309893e-01		3.0001387e-01		1.0659665e+00		5.1963927e-01		5.1963927e-01		2.1605515e-10
1.5800000e+02		1.5900000e+02		1.5850000e+02		3.9008072e-01		2.8075993e-01		9.9607441e-01		4.8629046e-01		4.8629046e-01		3.8501456e-10
1.5900000e+02		1.6000000e+02		1.5950000e+02		3.8042347e-01		2.7782538e-01		9.8425145e-01		4.8120768e-01		4.8120768e-01		7.0755317e-10
1.6000000e+02		1.6100000e+02		1.6050000e+02		4.1635449e-01		3.0841688e-01		1.0911184e+00		5.3419370e-01		5.3419370e-01		1.4242998e-09
1.6100000e+02		1.6200000e+02		1.6150000e+02		4.7164413e-01		3.5424957e-01		1.2515952e+00		6.1357826e-01		6.1357825e-01		2.8997231e-09
1.6200000e+02		1.6300000e+02		1.6250000e+02		5.2241459e-01		3.9772547e-01		1.4033924e+00		6.8888072e-01		6.8888072e-01		5.6464332e-09
1.6300000e+02		1.6400000e+02		1.6350000e+02		1.1072121e+00		8.5413929e-01		3.0101289e+00		1.4794126e+00		1.4794126e+00		2.0599218e-08
1.6400000e+02		1.6500000e+02		1.6450000e+02		1.1323318e+00		8.8483284e-01		3.1145623e+00		1.5325754e+00		1.5325754e+00		3.5539208e-08
1.6500000e+02		1.6600000e+02		1.6550000e+02		1.3255566e+00		1.0489109e+00		3.6878374e+00		1.8167670e+00		1.8167669e+00		6.8847362e-08
1.6600000e+02		1.6700000e+02		1.6650000e+02		6.2522883e-01		5.0083940e-01		1.7589208e+00		8.6747926e-01		8.6747920e-01		5.2758412e-08
1.6700000e+02		1.6800000e+02		1.6750000e+02		6.6723830e-01		5.4091515e-01		1.8976150e+00		9.3689246e-01		9.3689237e-01		8.9878376e-08
1.6800000e+02		1.6900000e+02		1.6850000e+02		7.1904320e-01		5.8974527e-01		2.0667622e+00		1.0214687e+00		1.0214685e+00		1.5203375e-07
1.6900000e+02		1.7000000e+02		1.6950000e+02		9.0554889e-01		7.5120481e-01		2.6299455e+00		1.3011247e+00		1.3011244e+00		2.9574115e-07
1.7000000e+02		1.7100000e+02		1.7050000e+02		1.0161854e+00		8.5238351e-01		2.9812639e+00		1.4763712e+00		1.4763707e+00		5.0476678e-07
1.7100000e+02		1.7200000e+02		1.7150000e+02		1.0130704e+00		8.5901141e-01		3.0016177e+00		1.4878509e+00		1.4878501e+00		7.5415877e-07
1.7200000e+02		1.7300000e+02		1.7250000e+02		1.0571150e+00		9.0586447e-01		3.1624542e+00		1.5690024e+00		1.5690013e+00		1.1628091e-06
1.7300000e+02		1.7400000e+02		1.7350000e+02		1.0479596e+00		9.0730749e-01		3.1647037e+00		1.5715014e+00		1.5714998e+00		1.6803837e-06
1.7400000e+02		1.7500000e+02		1.7450000e+02		1.2530722e+00		1.0958347e+00		3.8190347e+00		1.8980393e+00		1.8980364e+00		2.8911934e-06
1.7500000e+02		1.7600000e+02		1.7550000e+02		1.4954862e+00		1.3206968e+00		4.5988962e+00		2.2875104e+00		2.2875055e+00		4.9035740e-06
1.7600000e+02		1.7700000e+02		1.7650000e+02		1.6135596e+00		1.4386425e+00		5.0056070e+00		2.4917965e+00		2.4917891e+00		7.4294799e-06
1.7700000e+02		1.7800000e+02		1.7750000e+02		1.9010195e+00		1.7108014e+00		5.9479570e+00		2.9631860e+00		2.9631739e+00		1.2151446e-05
1.7800000e+02		1.7900000e+02		1.7850000e+02		2.0776624e+00		1.8868338e+00		6.5550616e+00		3.2680787e+00		3.2680604e+00		1.8235197e-05
1.7900000e+02		1.8000000e+02		1.7950000e+02		2.0198657e+00		1.8506735e+00		6.4247746e+00		3.2054429e+00		3.2054188e+00		2.4086285e-05
1.8000000e+02		1.8100000e+02		1.8050000e+02		2.4976225e+00		2.3082781e+00		8.0077561e+00		3.9980257e+00		3.9979856e+00		4.0057748e-05
1.8100000e+02		1.8200000e+02		1.8150000e+02		3.0410490e+00		2.8343047e+00		9.8259162e+00		4.9091123e+00		4.9090473e+00		6.4963652e-05
1.8200000e+02		1.8300000e+02		1.8250000e+02		2.8073836e+00		2.6381332e+00		9.1397819e+00		4.5693228e+00		4.5692437e+00		7.9136567e-05
1.8300000e+02		1.8400000e+02		1.8350000e+02		2.9562417e+00		2.8003932e+00		9.6956984e+00		4.8503436e+00		4.8502346e+00		1.0897921e-04
1.8400000e+02		1.8500000e+02		1.8450000e+02		2.5409769e+00		2.4259307e+00		8.3939694e+00		4.2017463e+00		4.2016248e+00		1.2144623e-04
1.8500000e+02		1.8600000e+02		1.8550000e+02		2.8735562e+00		2.7644742e+00		9.5595622e+00		4.7880805e+00		4.7879039e+00		1.7659508e-04
1.8600000e+02		1.8700000e+02		1.8650000e+02		3.2604304e+00		3.1601056e+00		1.0921208e+01		5.4732763e+00		5.4730207e+00		2.5558981e-04
1.8700000e+02		1.8800000e+02		1.8750000e+02		3.6946466e+00		3.6070654e+00		1.2458721e+01		6.2473522e+00		6.2469856e+00		3.6662104e-04
1.8800000e+02		1.8900000e+02		1.8850000e+02		3.8870616e+00		3.8219023e+00		1.3193369e+01		6.6193743e+00		6.6188896e+00		4.8465654e-04
1.8900000e+02		1.9000000e+02		1.8950000e+02		4.3106081e+00		4.2677426e+00		1.4724378e+01		7.3914562e+00		7.3907856e+00		6.7055173e-04
1.9000000e+02		1.9100000e+02		1.9050000e+02		4.4384288e+00		4.4240166e+00		1.5255402e+01		7.6619952e+00		7.6611397e+00		8.5552439e-04
1.9100000e+02		1.9200000e+02		1.9150000e+02		4.8094361e+00		4.8254466e+00		1.6630975e+01		8.3570832e+00		8.3559421e+00		1.1411567e-03
1.9200000e+02		1.9300000e+02		1.9250000e+02		5.0365493e+00		5.0858327e+00		1.7519443e+01		8.8078505e+00		8.8063887e+00		1.4617611e-03
1.9300000e+02		1.9400000e+02		1.9350000e+02		3.8447944e+00		3.9067816e+00		1.3451160e+01		6.7657512e+00		6.7643946e+00		1.3566062e-03
1.9400000e+02		1.9500000e+02		1.9450000e+02		6.1679797e+00		6.3057825e+00		2.1700307e+01		1.0920010e+01		1.0917380e+01		2.6302858e-03
1.9500000e+02		1.9600000e+02		1.9550000e+02		5.9528271e+00		6.1221489e+00		2.1058169e+01		1.0601640e+01		1.0598589e+01		3.0506837e-03
1.9600000e+02		1.9700000e+02		1.9650000e+02		6.5508102e+00		6.7763560e+00		2.3297316e+01		1.1734056e+01		1.1730043e+01		4.0124178e-03
1.9700000e+02		1.9800000e+02		1.9750000e+02		6.5190955e+00		6.7818245e+00		2.3305151e+01		1.1742989e+01		1.1738242e+01		4.7472710e-03
1.9800000e+02		1.9900000e+02		1.9850000e+02		6.3883794e+00		6.6826192e+00		2.2953563e+01		1.1570608e+01		1.1565105e+01		5.5027870e-03
1.9900000e+02		2.0000000e+02		1.9950000e+02		6.7274707e+00		7.0752982e+00		2.4291152e+01		1.2249783e+01		1.2242962e+01		6.8209846e-03
2.0000000e+02		2.0100000e+02		2.0050000e+02		7.1125146e+00		7.5195941e+00		2.5804727e+01		1.3018134e+01		1.3009686e+01		8.4482046e-03
2.0100000e+02		2.0200000e+02		2.0150000e+02		7.5701275e+00		8.0444304e+00		2.7593249e+01		1.3925686e+01		1.3915200e+01		1.0485885e-02
2.0200000e+02		2.0300000e+02		2.0250000e+02		7.4828608e+00		7.9914280e+00		2.7399042e+01		1.3832750e+01		1.3820716e+01		1.2034104e-02
2.0300000e+02		2.0400000e+02		2.0350000e+02		8.0092047e+00		8.5951924e+00		2.9455773e+01		1.4876409e+01		1.4861518e+01		1.4891186e-02
2.0400000e+02		2.0500000e+02		2.0450000e+02		8.6207445e+00		9.2953639e+00		3.1840881e+01		1.6086533e+01		1.6068079e+01		1.8454046e-02
2.0500000e+02		2.0600000e+02		2.0550000e+02		8.6400754e+00		9.3592603e+00		3.2045253e+01		1.6195187e+01		1.6173977e+01		2.1210229e-02
2.0600000e+02		2.0700000e+02		2.0650000e+02		8.6510225e+00		9.4132965e+00		3.2215636e+01		1.6286547e+01		1.6262286e+01		2.4261007e-02
2.0700000e+02		2.0800000e+02		2.0750000e+02		9.3957826e+00		1.0268486e+01		3.5126358e+01		1.7763586e+01		1.7733596e+01		2.9990012e-02
2.0800000e+02		2.0900000e+02		2.0850000e+02		1.0163489e+01		1.1154889e+01		3.8141017e+01		1.9293902e+01		1.9257112e+01		3.6790153e-02
2.0900000e+02		2.1000000e+02		2.0950000e+02		1.3129215e+01		1.4469742e+01		4.9452290e+01		2.5023010e+01		2.4969298e+01		5.3711498e-02
2.1000000e+02		2.1100000e+02		2.1050000e+02		1.6183343e+01		1.7907764e+01		6.1173523e+01		3.0962566e+01		3.0887993e+01		7.4572886e-02
2.1100000e+02		2.1200000e+02		2.1150000e+02		1.8424170e+01		2.0467482e+01		6.9884474e+01		3.5380941e+01		3.5285623e+01		9.5318534e-02
2.1200000e+02		2.1300000e+02		2.1250000e+02		1.6428561e+01		1.8320294e+01		6.2523054e+01		3.1662042e+01		3.1566914e+01		9.5127094e-02
2.1300000e+02		2.1400000e+02		2.1350000e+02		1.6737981e+01		1.8734679e+01		6.3906131e+01		3.2370248e+01		3.2262103e+01		1.0814489e-01
2.1400000e+02		2.1500000e+02		2.1450000e+02		2.1432541e+01		2.4075847e+01		8.2084873e+01		4.1587807e+01		4.1433744e+01		1.5406371e-01
2.1500000e+02		2.1600000e+02		2.1550000e+02		1.8408135e+01		2.0750932e+01		7.0713274e+01		3.5834202e+01		3.5687402e+01		1.4680027e-01
2.1600000e+02		2.1700000e+02		2.1650000e+02		1.7036901e+01		1.9270553e+01		6.5635011e+01		3.3267538e+01		3.3117222e+01		1.5031565e-01
2.1700000e+02		2.1800000e+02		2.1750000e+02		1.7640866e+01		2.0019616e+01		6.8150840e+01		3.4549270e+01		3.4377529e+01		1.7174109e-01
2.1800000e+02		2.1900000e+02		2.1850000e+02		2.3730294e+01		2.7016457e+01		9.1920784e+01		4.6607744e+01		4.6353484e+01		2.5426053e-01
2.1900000e+02		2.2000000e+02		2.1950000e+02		2.5052511e+01		2.8610386e+01		9.7291413e+01		4.9338914e+01		4.9044225e+01		2.9468950e-01
2.2000000e+02		2.2100000e+02		2.2050000e+02		2.5203754e+01		2.8869763e+01		9.8119402e+01		4.9766209e+01		4.9441521e+01		3.2468799e-01
2.2100000e+02		2.2200000e+02		2.2150000e+02		2.0176768e+01		2.3178967e+01		7.8733914e+01		3.9939244e+01		3.9655241e+01		2.8400302e-01
2.2200000e+02		2.2300000e+02		2.2250000e+02		2.7154039e+01		3.1282462e+01		1.0619886e+02		5.3877790e+01		5.3461122e+01		4.1666830e-01
2.2300000e+02		2.2400000e+02		2.2350000e+02		3.5163062e+01		4.0619751e+01		1.3781683e+02		6.9925824e+01		6.9338913e+01		5.8691077e-01
2.2400000e+02		2.2500000e+02		2.2450000e+02		3.2875934e+01		3.8077935e+01		1.2911576e+02		6.5516896e+01		6.4921279e+01		5.9561669e-01
2.2500000e+02		2.2600000e+02		2.2550000e+02		2.8720078e+01		3.3349307e+01		1.1301294e+02		5.7350102e+01		5.6786490e+01		5.6361174e-01
2.2600000e+02		2.2700000e+02		2.2650000e+02		2.1037217e+01		2.4488214e+01		8.2933223e+01		4.2088123e+01		4.1641832e+01		4.4629072e-01
2.2700000e+02		2.2800000e+02		2.2750000e+02		2.0463841e+01		2.3877336e+01		8.0813112e+01		4.1013873e+01		4.0545483e+01		4.6839008e-01
2.2800000e+02		2.2900000e+02		2.2850000e+02		2.8509984e+01		3.3341748e+01		1.1277251e+02		5.7235166e+01		5.6532434e+01		7.0273184e-01
2.2900000e+02		2.3000000e+02		2.2950000e+02		2.5620938e+01		3.0029107e+01		1.0150104e+02		5.1514996e+01		5.0836160e+01		6.7883690e-01
2.3000000e+02		2.3100000e+02		2.3050000e+02		2.9055844e+01		3.4127205e+01		1.1527530e+02		5.8505337e+01		5.7679278e+01		8.2605871e-01
2.3100000e+02		2.3200000e+02		2.3150000e+02		2.7387429e+01		3.2233147e+01		1.0880277e+02		5.5218888e+01		5.4384846e+01		8.3404162e-01
2.3200000e+02		2.3300000e+02		2.3250000e+02		2.9413108e+01		3.4684981e+01		1.1699696e+02		5.9374934e+01		5.8417055e+01		9.5787866e-01
2.3300000e+02		2.3400000e+02		2.3350000e+02		2.6543685e+01		3.1360016e+01		1.0570594e+02		5.3641524e+01		5.2718614e+01		9.2290971e-01
2.3400000e+02		2.3500000e+02		2.3450000e+02		2.3194371e+01		2.7452260e+01		9.2466707e+01		4.6919396e+01		4.6059740e+01		8.5965630e-01
2.3500000e+02		2.3600000e+02		2.3550000e+02		3.1223226e+01		3.7018615e+01		1.2459648e+02		6.3216465e+01		6.1984780e+01		1.2316858e+00
2.3600000e+02		2.3700000e+02		2.3650000e+02		2.8911473e+01		3.4334165e+01		1.1547410e+02		5.8581222e+01		5.7369153e+01		1.2120685e+00
2.3700000e+02		2.3800000e+02		2.3750000e+02		3.0878004e+01		3.6727117e+01		1.2342741e+02		6.2607562e+01		6.1233792e+01		1.3737707e+00
2.3800000e+02		2.3900000e+02		2.3850000e+02		2.5598090e+01		3.0492608e+01		1.0239535e+02		5.1931233e+01		5.0724331e+01		1.2069018e+00
2.3900000e+02		2.4000000e+02		2.3950000e+02		2.7890834e+01		3.3271044e+01		1.1163676e+02		5.6608371e+01		5.5216709e+01		1.3916618e+00
2.4000000e+02		2.4100000e+02		2.4050000e+02		2.5623038e+01		3.0607125e+01		1.0261545e+02		5.2023911e+01		5.0672660e+01		1.3512508e+00
2.4100000e+02		2.4200000e+02		2.4150000e+02		3.0005079e+01		3.5887506e+01		1.2022015e+02		6.0936296e+01		5.9266072e+01		1.6702238e+00
2.4200000e+02		2.4300000e+02		2.4250000e+02		4.1301739e+01		4.9458797e+01		1.6554487e+02		8.3890873e+01		8.1467168e+01		2.4237055e+00
2.4300000e+02		2.4400000e+02		2.4350000e+02		3.8791639e+01		4.6506181e+01		1.5553049e+02		7.8796402e+01		7.6399483e+01		2.3969194e+00
2.4400000e+02		2.4500000e+02		2.4450000e+02		3.6329084e+01		4.3600909e+01		1.4568929e+02		7.3790759e+01		7.1429953e+01		2.3608064e+00
2.4500000e+02		2.4600000e+02		2.4550000e+02		2.9476122e+01		3.5412095e+01		1.1822398e+02		5.9862527e+01		5.7850342e+01		2.0121849e+00
2.4600000e+02		2.4700000e+02		2.4650000e+02		2.8685918e+01		3.4495508e+01		1.1506230e+02		5.8243744e+01		5.6188930e+01		2.0548145e+00
2.4700000e+02		2.4800000e+02		2.4750000e+02		3.1678139e+01		3.8127529e+01		1.2706342e+02		6.4297655e+01		6.1919185e+01		2.3784706e+00
2.4800000e+02		2.4900000e+02		2.4850000e+02		2.5406301e+01		3.0604056e+01		1.0189835e+02		5.1545616e+01		4.9548264e+01		1.9973523e+00
2.4900000e+02		2.5000000e+02		2.4950000e+02		3.0967514e+01		3.7331565e+01		1.2418400e+02		6.2795981e+01		6.0249457e+01		2.5465246e+00
2.5000000e+02		2.5100000e+02		2.5050000e+02		3.3448743e+01		4.0351194e+01		1.3410416e+02		6.7786267e+01		6.4912081e+01		2.8741865e+00
2.5100000e+02		2.5200000e+02		2.5150000e+02		2.7888154e+01		3.3664947e+01		1.1177776e+02		5.6478068e+01		5.3976424e+01		2.5016436e+00
2.5200000e+02		2.5300000e+02		2.5250000e+02		2.5069906e+01		3.0280835e+01		1.0044591e+02		5.0730992e+01		4.8385591e+01		2.3454013e+00
2.5300000e+02		2.5400000e+02		2.5350000e+02		3.1592540e+01		3.8179709e+01		1.2652588e+02		6.3874707e+01		6.0795018e+01		3.0796895e+00
2.5400000e+02		2.5500000e+02		2.5450000e+02		3.5730773e+01		4.3201606e+01		1.4302915e+02		7.2172932e+01		6.8546892e+01		3.6260395e+00
2.5500000e+02		2.5600000e+02		2.5550000e+02		4.8755658e+01		5.8975115e+01		1.9505947e+02		9.8380474e+01		9.3234082e+01		5.1463927e+00
2.5600000e+02		2.5700000e+02		2.5650000e+02		6.2803876e+01		7.5996603e+01		2.5110873e+02		1.2658658e+02		1.1969717e+02		6.8894121e+00
2.5700000e+02		2.5800000e+02		2.5750000e+02		7.8843355e+01		9.5436545e+01		3.1502688e+02		1.5872649e+02		1.4974563e+02		8.9808673e+00
2.5800000e+02		2.5900000e+02		2.5850000e+02		8.2991293e+01		1.0048529e+02		3.3135743e+02		1.6686548e+02		1.5705721e+02		9.8082649e+00
2.5900000e+02		2.6000000e+02		2.5950000e+02		7.0629481e+01		8.5537300e+01		2.8177810e+02		1.4181988e+02		1.3316601e+02		8.6538685e+00
2.6000000e+02		2.6100000e+02		2.6050000e+02		5.7868388e+01		7.0095458e+01		2.3067224e+02		1.1603191e+02		1.0868682e+02		7.3450905e+00
2.6100000e+02		2.6200000e+02		2.6150000e+02		5.9092703e+01		7.1588205e+01		2.3534073e+02		1.1831062e+02		1.1054642e+02		7.7641977e+00
2.6200000e+02		2.6300000e+02		2.6250000e+02		7.0528613e+01		8.5450105e+01		2.8061762e+02		1.4098679e+02		1.3140120e+02		9.5855876e+00
2.6300000e+02		2.6400000e+02		2.6350000e+02		1.0614195e+02		1.2860418e+02		4.2189151e+02		2.1183296e+02		1.9692141e+02		1.4911554e+01
2.6400000e+02		2.6500000e+02		2.6450000e+02		1.6548208e+02		2.0050315e+02		6.5706307e+02		3.2970201e+02		3.0568777e+02		2.4014237e+01
2.6500000e+02		2.6600000e+02		2.6550000e+02		1.7356948e+02		2.1029452e+02		6.8841587e+02		3.4520716e+02		3.1920674e+02		2.6000416e+01
2.6600000e+02		2.6700000e+02		2.6650000e+02		1.6826276e+02		2.0384940e+02		6.6660179e+02		3.3404309e+02		3.0804159e+02		2.6001505e+01
2.6700000e+02		2.6800000e+02		2.6750000e+02		1.6940220e+02		2.0520613e+02		6.7031458e+02		3.3567159e+02		3.0868458e+02		2.6987004e+01
2.6800000e+02		2.6900000e+02		2.6850000e+02		1.6778062e+02		2.0321064e+02		6.6307607e+02		3.3181199e+02		3.0427408e+02		2.7537917e+01
2.6900000e+02		2.7000000e+02		2.6950000e+02		1.5737310e+02		1.9056906e+02		6.2114832e+02		3.1060601e+02		2.8401048e+02		2.6595530e+01
2.7000000e+02		2.7100000e+02		2.7050000e+02		1.8181465e+02		2.2011643e+02		7.1666954e+02		3.5810669e+02		3.2648845e+02		3.1618237e+01
2.7100000e+02		2.7200000e+02		2.7150000e+02		1.5108640e+02		1.8286708e+02		5.9473465e+02		2.9695381e+02		2.6993210e+02		2.7021712e+01
2.7200000e+02		2.7300000e+02		2.7250000e+02		1.2154404e+02		1.4706715e+02		4.7777389e+02		2.3837109e+02		2.1602744e+02		2.2343648e+01
2.7300000e+02		2.7400000e+02		2.7350000e+02		1.2960124e+02		1.5676490e+02		5.0871260e+02		2.5360782e+02		2.2913282e+02		2.4475001e+01
2.7400000e+02		2.7500000e+02		2.7450000e+02		8.9183780e+01		1.0783740e+02		3.4954900e+02		1.7412084e+02		1.5682831e+02		1.7292533e+01
2.7500000e+02		2.7600000e+02		2.7550000e+02		1.1893609e+02		1.4375655e+02		4.6545686e+02		2.3166923e+02		2.0800365e+02		2.3665584e+01
2.7600000e+02		2.7700000e+02		2.7650000e+02		1.6564211e+02		2.0012542e+02		6.4724020e+02		3.2188034e+02		2.8807524e+02		3.3805106e+01
2.7700000e+02		2.7800000e+02		2.7750000e+02		1.5837296e+02		1.9125709e+02		6.1786072e+02		3.0701072e+02		2.7387602e+02		3.3134701e+01
2.7800000e+02		2.7900000e+02		2.7850000e+02		1.0921797e+02		1.3183281e+02		4.2540724e+02		2.1120095e+02		1.8778702e+02		2.3413926e+01
2.7900000e+02		2.8000000e+02		2.7950000e+02		6.1368404e+01		7.4038130e+01		2.3864028e+02		1.1837417e+02		1.0490019e+02		1.3473977e+01
2.8000000e+02		2.8100000e+02		2.8050000e+02		6.7313201e+01		8.1167236e+01		2.6132127e+02		1.2951034e+02		1.1438101e+02		1.5129327e+01
2.8100000e+02		2.8200000e+02		2.8150000e+02		1.3943196e+02		1.6803580e+02		5.4038137e+02		2.6757219e+02		2.3550563e+02		3.2066568e+01
2.8200000e+02		2.8300000e+02		2.8250000e+02		1.8983287e+02		2.2864377e+02		7.3444859e+02		3.6333521e+02		3.1868337e+02		4.4651836e+01
2.8300000e+02		2.8400000e+02		2.8350000e+02		1.9610227e+02		2.3605264e+02		7.5737936e+02		3.7433436e+02		3.2717806e+02		4.7156305e+01
2.8400000e+02		2.8500000e+02		2.8450000e+02		1.4459284e+02		1.7394085e+02		5.5745256e+02		2.7526379e+02		2.3973266e+02		3.5531133e+01
2.8500000e+02		2.8600000e+02		2.8550000e+02		9.2944992e+01		1.1173775e+02		3.5769038e+02		1.7645676e+02		1.5312682e+02		2.3329934e+01
2.8600000e+02		2.8700000e+02		2.8650000e+02		1.9045522e+02		2.2881098e+02		7.3161838e+02		3.6057910e+02		3.1176672e+02		4.8812375e+01
2.8700000e+02		2.8800000e+02		2.8750000e+02		2.2108403e+02		2.6542555e+02		8.4771594e+02		4.1739417e+02		3.5956163e+02		5.7832542e+01
2.8800000e+02		2.8900000e+02		2.8850000e+02		2.1010240e+02		2.5206316e+02		8.0411185e+02		3.9553770e+02		3.3946442e+02		5.6073287e+01
2.8900000e+02		2.9000000e+02		2.8950000e+02		3.1885068e+02		3.8225281e+02		1.2180270e+03		5.9854823e+02		5.1176047e+02		8.6787764e+01
2.9000000e+02		2.9100000e+02		2.9050000e+02		4.1860542e+02		5.0147059e+02		1.5960651e+03		7.8353647e+02		6.6737504e+02		1.1616143e+02
2.9100000e+02		2.9200000e+02		2.9150000e+02		4.0318642e+02		4.8263235e+02		1.5343355e+03		7.5247315e+02		6.3845018e+02		1.1402296e+02
2.9200000e+02		2.9300000e+02		2.9250000e+02		3.5818014e+02		4.2842508e+02		1.3604342e+03		6.6650906e+02		5.6331275e+02		1.0319632e+02
2.9300000e+02		2.9400000e+02		2.9350000e+02		3.7393440e+02		4.4691498e+02		1.4175107e+03		6.9375903e+02		5.8403930e+02		1.0971973e+02
2.9400000e+02		2.9500000e+02		2.9450000e+02		3.4819581e+02		4.1581743e+02		1.3173557e+03		6.4407314e+02		5.4005881e+02		1.0401433e+02
2.9500000e+02		2.9600000e+02		2.9550000e+02		3.7701055e+02		4.4985874e+02		1.4235597e+03		6.9527053e+02		5.8065052e+02		1.1462001e+02
2.9600000e+02		2.9700000e+02		2.9650000e+02		3.4493460e+02		4.1124162e+02		1.2998584e+03		6.3418576e+02		5.2749148e+02		1.0669428e+02
2.9700000e+02		2.9800000e+02		2.9750000e+02		3.5165811e+02		4.1890255e+02		1.3225492e+03		6.4457135e+02		5.3393810e+02		1.1063324e+02
2.9800000e+02		2.9900000e+02		2.9850000e+02		3.0223333e+02		3.5971742e+02		1.1343854e+03		5.5227457e+02		4.5559511e+02		9.6679459e+01
2.9900000e+02		3.0000000e+02		2.9950000e+02		3.4101318e+02		4.0551973e+02		1.2773562e+03		6.2120989e+02		5.1032841e+02		1.1088149e+02
3.0000000e+02		3.0100000e+02		3.0050000e+02		2.7131061e+02		3.2234767e+02		1.0142057e+03		4.9269835e+02		4.0305405e+02		8.9644300e+01
3.0100000e+02		3.0200000e+02		3.0150000e+02		3.1202593e+02		3.7039135e+02		1.1640311e+03		5.6486573e+02		4.6013131e+02		1.0473442e+02
3.0200000e+02		3.0300000e+02		3.0250000e+02		3.2846528e+02		3.8955407e+02		1.2228535e+03		5.9275842e+02		4.8078665e+02		1.1197177e+02
3.0300000e+02		3.0400000e+02		3.0350000e+02		4.2601061e+02		5.0478074e+02		1.5827536e+03		7.6636620e+02		6.1891783e+02		1.4744836e+02
3.0400000e+02		3.0500000e+02		3.0450000e+02		4.0776836e+02		4.8272097e+02		1.5118595e+03		7.3122575e+02		5.8796861e+02		1.4325714e+02
3.0500000e+02		3.0600000e+02		3.0550000e+02		4.1174793e+02		4.8697962e+02		1.5234625e+03		7.3601418e+02		5.8922210e+02		1.4679208e+02
3.0600000e+02		3.0700000e+02		3.0650000e+02		3.9053943e+02		4.6146377e+02		1.4420004e+03		6.9587562e+02		5.5462440e+02		1.4125122e+02
3.0700000e+02		3.0800000e+02		3.0750000e+02		4.3847484e+02		5.1761592e+02		1.6156351e+03		7.7878748e+02		6.1793853e+02		1.6084895e+02
3.0800000e+02		3.0900000e+02		3.0850000e+02		4.3035211e+02		5.0754458e+02		1.5824097e+03		7.6190657e+02		6.0182694e+02		1.6007964e+02
3.0900000e+02		3.1000000e+02		3.0950000e+02		3.4901328e+02		4.1122244e+02		1.2806541e+03		6.1591328e+02		4.8430373e+02		1.3160955e+02
3.1000000e+02		3.1100000e+02		3.1050000e+02		4.3927411e+02		5.1707380e+02		1.6084930e+03		7.7269794e+02		6.0481319e+02		1.6788474e+02
3.1100000e+02		3.1200000e+02		3.1150000e+02		5.2246540e+02		6.1440426e+02		1.9091226e+03		9.1606283e+02		7.1373185e+02		2.0233098e+02
3.1200000e+02		3.1300000e+02		3.1250000e+02		4.6521908e+02		5.4655242e+02		1.6963903e+03		8.1304809e+02		6.3053553e+02		1.8251256e+02
3.1300000e+02		3.1400000e+02		3.1350000e+02		4.9544367e+02		5.8149268e+02		1.8028270e+03		8.6306147e+02		6.6619892e+02		1.9686255e+02
3.1400000e+02		3.1500000e+02		3.1450000e+02		4.6729179e+02		5.4791351e+02		1.6968332e+03		8.1137646e+02		6.2336004e+02		1.8801643e+02
3.1500000e+02		3.1600000e+02		3.1550000e+02		4.5343123e+02		5.3113825e+02		1.6430609e+03		7.8474922e+02		6.0005000e+02		1.8469922e+02
3.1600000e+02		3.1700000e+02		3.1650000e+02		4.4229406e+02		5.1758075e+02		1.5993544e+03		7.6298237e+02		5.8062647e+02		1.8235589e+02
3.1700000e+02		3.1800000e+02		3.1750000e+02		5.6102832e+02		6.5587544e+02		2.0244646e+03		9.6465303e+02		7.3057562e+02		2.3407741e+02
3.1800000e+02		3.1900000e+02		3.1850000e+02		4.6340678e+02		5.4121202e+02		1.6687073e+03		7.9420207e+02		5.9858089e+02		1.9562119e+02
3.1900000e+02		3.2000000e+02		3.1950000e+02		4.9774832e+02		5.8074082e+02		1.7886310e+03		8.5027681e+02		6.3772900e+02		2.1254781e+02
3.2000000e+02		3.2100000e+02		3.2050000e+02		5.7184857e+02		6.6653088e+02		2.0506245e+03		9.7367357e+02		7.2670739e+02		2.4696618e+02
3.2100000e+02		3.2200000e+02		3.2150000e+02		4.8024660e+02		5.5920307e+02		1.7185601e+03		8.1503944e+02		6.0531536e+02		2.0972409e+02
3.2200000e+02		3.2300000e+02		3.2250000e+02		4.8228681e+02		5.6101711e+02		1.7222749e+03		8.1583465e+02		6.0290478e+02		2.1292987e+02
3.2300000e+02		3.2400000e+02		3.2350000e+02		4.6607071e+02		5.4161116e+02		1.6609137e+03		7.8583565e+02		5.7784134e+02		2.0799431e+02
3.2400000e+02		3.2500000e+02		3.2450000e+02		5.4882129e+02		6.3713512e+02		1.9517585e+03		9.2234837e+02		6.7482180e+02		2.4752657e+02
3.2500000e+02		3.2600000e+02		3.2550000e+02		6.3196128e+02		7.3291855e+02		2.2427833e+03		1.0586194e+03		7.7061644e+02		2.8800295e+02
3.2600000e+02		3.2700000e+02		3.2650000e+02		7.1301257e+02		8.2608941e+02		2.5252113e+03		1.1905108e+03		8.6223034e+02		3.2828050e+02
3.2700000e+02		3.2800000e+02		3.2750000e+02		6.8984049e+02		7.9844180e+02		2.4381201e+03		1.1480831e+03		8.2726024e+02		3.2082288e+02
3.2800000e+02		3.2900000e+02		3.2850000e+02		6.6596082e+02		7.7003094e+02		2.3488930e+03		1.1047493e+03		7.9195211e+02		3.1279718e+02
3.2900000e+02		3.3000000e+02		3.2950000e+02		7.7527139e+02		8.9552658e+02		2.7288452e+03		1.2819213e+03		9.1421962e+02		3.6770164e+02
3.3000000e+02		3.3100000e+02		3.3050000e+02		7.3029799e+02		8.4273391e+02		2.5653015e+03		1.2036566e+03		8.5395218e+02		3.4970439e+02
3.3100000e+02		3.3200000e+02		3.3150000e+02		6.9881652e+02		8.0560042e+02		2.4497249e+03		1.1480561e+03		8.1025877e+02		3.3779730e+02
3.3200000e+02		3.3300000e+02		3.3250000e+02		6.8562051e+02		7.8959992e+02		2.3985934e+03		1.1227523e+03		7.8824700e+02		3.3450530e+02
3.3300000e+02		3.3400000e+02		3.3350000e+02		6.5878216e+02		7.5793612e+02		2.3000447e+03		1.0753384e+03		7.5098184e+02		3.2435655e+02
3.3400000e+02		3.3500000e+02		3.3450000e+02		6.9405546e+02		7.9772504e+02		2.4183174e+03		1.1292857e+03		7.8448083e+02		3.4480483e+02
3.3500000e+02		3.3600000e+02		3.3550000e+02		6.8541663e+02		7.8701472e+02		2.3834256e+03		1.1116650e+03		7.6813071e+02		3.4353424e+02
3.3600000e+02		3.3700000e+02		3.3650000e+02		5.6469084e+02		6.4775250e+02		1.9596966e+03		9.1294196e+02		6.2744501e+02		2.8549695e+02
3.3700000e+02		3.3800000e+02		3.3750000e+02		5.9573781e+02		6.8269182e+02		2.0633255e+03		9.6007335e+02		6.5629173e+02		3.0378162e+02
3.3800000e+02		3.3900000e+02		3.3850000e+02		6.4448401e+02		7.3782607e+02		2.2277307e+03		1.0353378e+03		7.0392025e+02		3.3141752e+02
3.3900000e+02		3.4000000e+02		3.3950000e+02		6.7448220e+02		7.7141106e+02		2.3268188e+03		1.0801028e+03		7.3037239e+02		3.4973036e+02
3.4000000e+02		3.4100000e+02		3.4050000e+02		7.1196374e+02		8.1348216e+02		2.4512925e+03		1.1365310e+03		7.6434171e+02		3.7218926e+02
3.4100000e+02		3.4200000e+02		3.4150000e+02		6.4984945e+02		7.4178670e+02		2.2330526e+03		1.0341161e+03		6.9165869e+02		3.4245737e+02
3.4200000e+02		3.4300000e+02		3.4250000e+02		7.0477558e+02		8.0370131e+02		2.4170731e+03		1.1180081e+03		7.4365786e+02		3.7435024e+02
3.4300000e+02		3.4400000e+02		3.4350000e+02		6.9264465e+02		7.8910232e+02		2.3708609e+03		1.0953345e+03		7.2455302e+02		3.7078144e+02
3.4400000e+02		3.4500000e+02		3.4450000e+02		5.5710877e+02		6.3407901e+02		1.9032517e+03		8.7826009e+02		5.7773865e+02		3.0052144e+02
3.4500000e+02		3.4600000e+02		3.4550000e+02		6.7138909e+02		7.6341342e+02		2.2892603e+03		1.0551378e+03		6.9022722e+02		3.6491055e+02
3.4600000e+02		3.4700000e+02		3.4650000e+02		6.5194093e+02		7.4058947e+02		2.2186967e+03		1.0214094e+03		6.6442708e+02		3.5698232e+02
3.4700000e+02		3.4800000e+02		3.4750000e+02		6.4525828e+02		7.3229884e+02		2.1917764e+03		1.0078293e+03		6.5191216e+02		3.5591718e+02
3.4800000e+02		3.4900000e+02		3.4850000e+02		6.6761091e+02		7.5694689e+02		2.2634104e+03		1.0395463e+03		6.6863749e+02		3.7090885e+02
3.4900000e+02		3.5000000e+02		3.4950000e+02		6.3989005e+02		7.2483032e+02		2.1653432e+03		9.9334046e+02		6.3530179e+02		3.5803866e+02
3.5000000e+02		3.5100000e+02		3.5050000e+02		7.6650484e+02		8.6743463e+02		2.5889409e+03		1.1862751e+03		7.5438477e+02		4.3189038e+02
3.5100000e+02		3.5200000e+02		3.5150000e+02		7.1211510e+02		8.0512774e+02		2.4007541e+03		1.0987630e+03		6.9474843e+02		4.0401455e+02
3.5200000e+02		3.5300000e+02		3.5250000e+02		6.5785102e+02		7.4308213e+02		2.2137050e+03		1.0119762e+03		6.3621018e+02		3.7576601e+02
3.5300000e+02		3.5400000e+02		3.5350000e+02		7.5263834e+02		8.4936085e+02		2.5280040e+03		1.1543134e+03		7.2152538e+02		4.3278798e+02
3.5400000e+02		3.5500000e+02		3.5450000e+02		8.0329241e+02		9.0568714e+02		2.6932014e+03		1.2283199e+03		7.6335735e+02		4.6496257e+02
3.5500000e+02		3.5600000e+02		3.5550000e+02		7.5433512e+02		8.4970768e+02		2.5244561e+03		1.1500282e+03		7.1056606e+02		4.3946218e+02
3.5600000e+02		3.5700000e+02		3.5650000e+02		6.5576441e+02		7.3799906e+02		2.1906060e+03		9.9679153e+02		6.1230956e+02		3.8448197e+02
3.5700000e+02		3.5800000e+02		3.5750000e+02		5.7307986e+02		6.4435910e+02		1.9109494e+03		8.6854038e+02		5.3041862e+02		3.3812176e+02
3.5800000e+02		3.5900000e+02		3.5850000e+02		4.9194729e+02		5.5263499e+02		1.6374758e+03		7.4339211e+02		4.5133620e+02		2.9205591e+02
3.5900000e+02		3.6000000e+02		3.5950000e+02		7.1030971e+02		7.9721728e+02		2.3601037e+03		1.0702318e+03		6.4595918e+02		4.2427258e+02
3.6000000e+02		3.6100000e+02		3.6050000e+02		7.0092701e+02		7.8598288e+02		2.3248123e+03		1.0530278e+03		6.3183514e+02		4.2119269e+02
3.6100000e+02		3.6200000e+02		3.6150000e+02		6.5110481e+02		7.2946548e+02		2.1557705e+03		9.7535174e+02		5.8177314e+02		3.9357860e+02
3.6200000e+02		3.6300000e+02		3.6250000e+02		7.3500056e+02		8.2272993e+02		2.4292970e+03		1.0978619e+03		6.5096930e+02		4.4689263e+02
3.6300000e+02		3.6400000e+02		3.6350000e+02		7.1558904e+02		8.0029731e+02		2.3610368e+03		1.0658102e+03		6.2821032e+02		4.3759991e+02
3.6400000e+02		3.6500000e+02		3.6450000e+02		7.4837927e+02		8.3623771e+02		2.4649709e+03		1.1114773e+03		6.5122391e+02		4.6025342e+02
3.6500000e+02		3.6600000e+02		3.6550000e+02		8.5179486e+02		9.5096742e+02		2.8007922e+03		1.2614879e+03		7.3469928e+02		5.2678859e+02
3.6600000e+02		3.6700000e+02		3.6650000e+02		9.1042532e+02		1.0155467e+03		2.9884838e+03		1.3445229e+03		7.7836612e+02		5.6615679e+02
3.6700000e+02		3.6800000e+02		3.6750000e+02		8.7909512e+02		9.7975774e+02		2.8807663e+03		1.2946197e+03		7.4497140e+02		5.4964831e+02
3.6800000e+02		3.6900000e+02		3.6850000e+02		8.1047729e+02		9.0251266e+02		2.6514503e+03		1.1902450e+03		6.8078192e+02		5.0946304e+02
3.6900000e+02		3.7000000e+02		3.6950000e+02		8.9967825e+02		1.0009944e+03		2.9383616e+03		1.3175849e+03		7.4906114e+02		5.6852376e+02
3.7000000e+02		3.7100000e+02		3.7050000e+02		8.4427990e+02		9.3856690e+02		2.7528641e+03		1.2330495e+03		6.9675323e+02		5.3629624e+02
3.7100000e+02		3.7200000e+02		3.7150000e+02		8.7164560e+02		9.6817856e+02		2.8374191e+03		1.2695314e+03		7.1300851e+02		5.5652291e+02
3.7200000e+02		3.7300000e+02		3.7250000e+02		7.2411383e+02		8.0363990e+02		2.3533176e+03		1.0517842e+03		5.8711577e+02		4.6466846e+02
3.7300000e+02		3.7400000e+02		3.7350000e+02		6.3155746e+02		7.0034020e+02		2.0491873e+03		9.1486255e+02		5.0756532e+02		4.0729722e+02
3.7400000e+02		3.7500000e+02		3.7450000e+02		6.4642322e+02		7.1623754e+02		2.0940437e+03		9.3387766e+02		5.1494204e+02		4.1893561e+02
3.7500000e+02		3.7600000e+02		3.7550000e+02		7.4036161e+02		8.1965367e+02		2.3945154e+03		1.0667285e+03		5.8458537e+02		4.8214315e+02
3.7600000e+02		3.7700000e+02		3.7650000e+02		7.6758018e+02		8.4910039e+02		2.4786054e+03		1.1030055e+03		6.0074600e+02		5.0225952e+02
3.7700000e+02		3.7800000e+02		3.7750000e+02		9.0048278e+02		9.9531814e+02		2.9031793e+03		1.2905660e+03		6.9856399e+02		5.9200203e+02
3.7800000e+02		3.7900000e+02		3.7850000e+02		9.3786543e+02		1.0358114e+03		3.0189695e+03		1.3406123e+03		7.2116667e+02		6.1944563e+02
3.7900000e+02		3.8000000e+02		3.7950000e+02		7.6051322e+02		8.3927255e+02		2.4442726e+03		1.0842621e+03		5.7965161e+02		5.0461054e+02
3.8000000e+02		3.8100000e+02		3.8050000e+02		8.2814537e+02		9.1319045e+02		2.6575354e+03		1.1776222e+03		6.2565215e+02		5.5197002e+02
3.8100000e+02		3.8200000e+02		3.8150000e+02		7.4366886e+02		8.1939885e+02		2.3827945e+03		1.0547703e+03		5.5689471e+02		4.9787554e+02
3.8200000e+02		3.8300000e+02		3.8250000e+02		5.3336093e+02		5.8721937e+02		1.7063480e+03		7.5454543e+02		3.9589772e+02		3.5864771e+02
3.8300000e+02		3.8400000e+02		3.8350000e+02		4.7073026e+02		5.1786570e+02		1.5037057e+03		6.6424649e+02		3.4634068e+02		3.1790582e+02
3.8400000e+02		3.8500000e+02		3.8450000e+02		6.2969557e+02		6.9221972e+02		2.0084941e+03		8.8631438e+02		4.5923290e+02		4.2708148e+02
3.8500000e+02		3.8600000e+02		3.8550000e+02		6.6694888e+02		7.3261637e+02		2.1241567e+03		9.3638999e+02		4.8213356e+02		4.5425643e+02
3.8600000e+02		3.8700000e+02		3.8650000e+02		6.6977732e+02		7.3516985e+02		2.1300186e+03		9.3801279e+02		4.7993156e+02		4.5808123e+02
3.8700000e+02		3.8800000e+02		3.8750000e+02		6.6902499e+02		7.3379577e+02		2.1245116e+03		9.3463455e+02		4.7518965e+02		4.5944490e+02
3.8800000e+02		3.8900000e+02		3.8850000e+02		6.7841027e+02		7.4353827e+02		2.1511853e+03		9.4540986e+02		4.7763330e+02		4.6777656e+02
3.8900000e+02		3.9000000e+02		3.8950000e+02		8.1451188e+02		8.9204921e+02		2.5790295e+03		1.1322971e+03		5.6843270e+02		5.6386444e+02
3.9000000e+02		3.9100000e+02		3.9050000e+02		8.5560997e+02		9.3637569e+02		2.7052849e+03		1.1865366e+03		5.9188714e+02		5.9464948e+02
3.9100000e+02		3.9200000e+02		3.9150000e+02		9.2006232e+02		1.0061827e+03		2.9049422e+03		1.2728345e+03		6.3090481e+02		6.4192967e+02
3.9200000e+02		3.9300000e+02		3.9250000e+02		7.0614281e+02		7.7168470e+02		2.2263869e+03		9.7454891e+02		4.7998187e+02		4.9456704e+02
3.9300000e+02		3.9400000e+02		3.9350000e+02		4.3291589e+02		4.7276032e+02		1.3630264e+03		5.9604365e+02		2.9169150e+02		3.0435215e+02
3.9400000e+02		3.9500000e+02		3.9450000e+02		7.1565803e+02		7.8097222e+02		2.2501094e+03		9.8299330e+02		4.7798702e+02		5.0500628e+02
3.9500000e+02		3.9600000e+02		3.9550000e+02		8.7888136e+02		9.5841859e+02		2.7595002e+03		1.2043501e+03		5.8188015e+02		6.2246993e+02
3.9600000e+02		3.9700000e+02		3.9650000e+02		6.0712893e+02		6.6161178e+02		1.9036535e+03		8.3001875e+02		3.9845517e+02		4.3156358e+02
3.9700000e+02		3.9800000e+02		3.9750000e+02		6.8053003e+02		7.4108718e+02		2.1309132e+03		9.2820892e+02		4.4273481e+02		4.8547412e+02
3.9800000e+02		3.9900000e+02		3.9850000e+02		1.0480559e+03		1.1405348e+03		3.2773215e+03		1.4262030e+03		6.7589827e+02		7.5030472e+02
3.9900000e+02		4.0000000e+02		3.9950000e+02		1.1577145e+03		1.2590123e+03		3.6154043e+03		1.5718235e+03		7.4011911e+02		8.3170438e+02
4.0000000e+02		4.0100000e+02		4.0050000e+02		1.1939713e+03		1.2975652e+03		3.7237002e+03		1.6173669e+03		7.5665884e+02		8.6070803e+02
4.0100000e+02		4.0200000e+02		4.0150000e+02		1.2509583e+03		1.3585864e+03		3.8963115e+03		1.6907398e+03		7.8588325e+02		9.0485653e+02
4.0200000e+02		4.0300000e+02		4.0250000e+02		1.2664199e+03		1.3744649e+03		3.9393372e+03		1.7078033e+03		7.8868734e+02		9.1911601e+02
4.0300000e+02		4.0400000e+02		4.0350000e+02		1.2115903e+03		1.3140912e+03		3.7639199e+03		1.6302305e+03		7.4799363e+02		8.8223683e+02
4.0400000e+02		4.0500000e+02		4.0450000e+02		1.1914959e+03		1.2914523e+03		3.6967564e+03		1.5996528e+03		7.2921022e+02		8.7044257e+02
4.0500000e+02		4.0600000e+02		4.0550000e+02		1.1904731e+03		1.2895073e+03		3.6888931e+03		1.5947755e+03		7.2227240e+02		8.7250314e+02
4.0600000e+02		4.0700000e+02		4.0650000e+02		1.1388815e+03		1.2328308e+03		3.5245827e+03		1.5223417e+03		6.8499033e+02		8.3735141e+02
4.0700000e+02		4.0800000e+02		4.0750000e+02		1.1575323e+03		1.2522211e+03		3.5778278e+03		1.5439285e+03		6.9018701e+02		8.5374146e+02
4.0800000e+02		4.0900000e+02		4.0850000e+02		1.2307397e+03		1.3305750e+03		3.7993920e+03		1.6380513e+03		7.2749664e+02		9.1055464e+02
4.0900000e+02		4.1000000e+02		4.0950000e+02		1.2243097e+03		1.3227932e+03		3.7748977e+03		1.6260225e+03		7.1744829e+02		9.0857425e+02
4.1000000e+02		4.1100000e+02		4.1050000e+02		1.1216634e+03		1.2111362e+03		3.4541948e+03		1.4865466e+03		6.5162818e+02		8.3491845e+02
4.1100000e+02		4.1200000e+02		4.1150000e+02		1.3003372e+03		1.4031962e+03		3.9995857e+03		1.7197266e+03		7.4891897e+02		9.7080763e+02
4.1200000e+02		4.1300000e+02		4.1250000e+02		1.2760342e+03		1.3761283e+03		3.9201295e+03		1.6840689e+03		7.2859513e+02		9.5547374e+02
4.1300000e+02		4.1400000e+02		4.1350000e+02		1.2308584e+03		1.3266035e+03		3.7768487e+03		1.6210873e+03		6.9675611e+02		9.2433117e+02
4.1400000e+02		4.1500000e+02		4.1450000e+02		1.2488872e+03		1.3452248e+03		3.8276514e+03		1.6414547e+03		7.0088753e+02		9.4056722e+02
4.1500000e+02		4.1600000e+02		4.1550000e+02		1.2477523e+03		1.3432005e+03		3.8197019e+03		1.6366209e+03		6.9424006e+02		9.4238079e+02
4.1600000e+02		4.1700000e+02		4.1650000e+02		1.2947363e+03		1.3929539e+03		3.9589369e+03		1.6948123e+03		7.1420447e+02		9.8060779e+02
4.1700000e+02		4.1800000e+02		4.1750000e+02		1.1781342e+03		1.2667629e+03		3.5982586e+03		1.5390834e+03		6.4431731e+02		8.9476608e+02
4.1800000e+02		4.1900000e+02		4.1850000e+02		1.2217101e+03		1.3128527e+03		3.7270937e+03		1.5928291e+03		6.6243133e+02		9.3039777e+02
4.1900000e+02		4.2000000e+02		4.1950000e+02		1.2338424e+03		1.3251252e+03		3.7598501e+03		1.6054649e+03		6.6329081e+02		9.4217409e+02
4.2000000e+02		4.2100000e+02		4.2050000e+02		1.2494927e+03		1.3411658e+03		3.8032718e+03		1.6226371e+03		6.6596834e+02		9.5666881e+02
4.2100000e+02		4.2200000e+02		4.2150000e+02		1.2299982e+03		1.3194923e+03		3.7397711e+03		1.5942086e+03		6.4998588e+02		9.4422274e+02
4.2200000e+02		4.2300000e+02		4.2250000e+02		1.1657134e+03		1.2498269e+03		3.5404078e+03		1.5079670e+03		6.1076602e+02		8.9720099e+02
4.2300000e+02		4.2400000e+02		4.2350000e+02		1.2419943e+03		1.3308695e+03		3.7679585e+03		1.6035606e+03		6.4519414e+02		9.5836650e+02
4.2400000e+02		4.2500000e+02		4.2450000e+02		1.2850442e+03		1.3762388e+03		3.8943375e+03		1.6559831e+03		6.6188226e+02		9.9410087e+02
4.2500000e+02		4.2600000e+02		4.2550000e+02		1.2367256e+03		1.3237652e+03		3.7438796e+03		1.5907046e+03		6.3158537e+02		9.5911926e+02
4.2600000e+02		4.2700000e+02		4.2650000e+02		1.2316584e+03		1.3176250e+03		3.7245666e+03		1.5812156e+03		6.2366193e+02		9.5755362e+02
4.2700000e+02		4.2800000e+02		4.2750000e+02		1.1420512e+03		1.2211052e+03		3.4499430e+03		1.4634477e+03		5.7338859e+02		8.9005915e+02
4.2800000e+02		4.2900000e+02		4.2850000e+02		1.1495483e+03		1.2284647e+03		3.4689524e+03		1.4703336e+03		5.7226801e+02		8.9806564e+02
4.2900000e+02		4.3000000e+02		4.2950000e+02		1.0698649e+03		1.1427056e+03		3.2251410e+03		1.3659060e+03		5.2809772e+02		8.3780824e+02
4.3000000e+02		4.3100000e+02		4.3050000e+02		8.6065012e+02		9.1876402e+02		2.5917845e+03		1.0968009e+03		4.2123984e+02		6.7556108e+02
4.3100000e+02		4.3200000e+02		4.3150000e+02		1.0641754e+03		1.1354407e+03		3.2014135e+03		1.3537229e+03		5.1646139e+02		8.3726156e+02
4.3200000e+02		4.3300000e+02		4.3250000e+02		1.1990384e+03		1.2786750e+03		3.6034769e+03		1.5225485e+03		5.7701085e+02		9.4553761e+02
4.3300000e+02		4.3400000e+02		4.3350000e+02		1.3017454e+03		1.3874933e+03		3.9082159e+03		1.6500289e+03		6.2116593e+02		1.0288630e+03
4.3400000e+02		4.3500000e+02		4.3450000e+02		1.1054356e+03		1.1776548e+03		3.3155342e+03		1.3987253e+03		5.2305842e+02		8.7566684e+02
4.3500000e+02		4.3600000e+02		4.3550000e+02		1.2347447e+03		1.3147504e+03		3.6997171e+03		1.5596083e+03		5.7934009e+02		9.8026824e+02
4.3600000e+02		4.3700000e+02		4.3650000e+02		1.3814970e+03		1.4702784e+03		4.1353878e+03		1.7419418e+03		6.4276255e+02		1.0991793e+03
4.3700000e+02		4.3800000e+02		4.3750000e+02		1.2223713e+03		1.3002838e+03		3.6555104e+03		1.5386436e+03		5.6396547e+02		9.7467816e+02
4.3800000e+02		4.3900000e+02		4.3850000e+02		1.1905029e+03		1.2657639e+03		3.5567845e+03		1.4959683e+03		5.4466964e+02		9.5129869e+02
4.3900000e+02		4.4000000e+02		4.3950000e+02		1.3250738e+03		1.4081580e+03		3.9550590e+03		1.6622443e+03		6.0117475e+02		1.0610696e+03
4.4000000e+02		4.4100000e+02		4.4050000e+02		1.2562739e+03		1.3344016e+03		3.7461624e+03		1.5732862e+03		5.6520707e+02		1.0080792e+03
4.4100000e+02		4.4200000e+02		4.4150000e+02		1.3817384e+03		1.4669685e+03		4.1164323e+03		1.7275220e+03		6.1647618e+02		1.1110458e+03
4.4200000e+02		4.4300000e+02		4.4250000e+02		1.4526378e+03		1.5415117e+03		4.3236337e+03		1.8131559e+03		6.4271693e+02		1.1704389e+03
4.4300000e+02		4.4400000e+02		4.4350000e+02		1.4050936e+03		1.4903596e+03		4.1782718e+03		1.7509299e+03		6.1651587e+02		1.1344140e+03
4.4400000e+02		4.4500000e+02		4.4450000e+02		1.4475318e+03		1.5346595e+03		4.3005388e+03		1.8008724e+03		6.2986643e+02		1.1710060e+03
4.4500000e+02		4.4600000e+02		4.4550000e+02		1.3420773e+03		1.4222021e+03		3.9836304e+03		1.6669757e+03		5.7914053e+02		1.0878352e+03
4.4600000e+02		4.4700000e+02		4.4650000e+02		1.3689269e+03		1.4499922e+03		4.0596810e+03		1.6975965e+03		5.8583799e+02		1.1117585e+03
4.4700000e+02		4.4800000e+02		4.4750000e+02		1.4837056e+03		1.5708564e+03		4.3961540e+03		1.8370032e+03		6.2971009e+02		1.2072931e+03
4.4800000e+02		4.4900000e+02		4.4850000e+02		1.4587166e+03		1.5437066e+03		4.3183013e+03		1.8032110e+03		6.1399419e+02		1.1892169e+03
4.4900000e+02		4.5000000e+02		4.4950000e+02		1.4737837e+03		1.5589578e+03		4.3590909e+03		1.8189815e+03		6.1522267e+02		1.2037588e+03
4.5000000e+02		4.5100000e+02		4.5050000e+02		1.5636828e+03		1.6533231e+03		4.6209821e+03		1.9269368e+03		6.4737709e+02		1.2795597e+03
4.5100000e+02		4.5200000e+02		4.5150000e+02		1.5589734e+03		1.6476233e+03		4.6031067e+03		1.9181704e+03		6.4012134e+02		1.2780490e+03
4.5200000e+02		4.5300000e+02		4.5250000e+02		1.4757889e+03		1.5590328e+03		4.3537804e+03		1.8130413e+03		6.0099055e+02		1.2120508e+03
4.5300000e+02		4.5400000e+02		4.5350000e+02		1.4141855e+03		1.4933130e+03		4.1685192e+03		1.7347229e+03		5.7118194e+02		1.1635410e+03
4.5400000e+02		4.5500000e+02		4.5450000e+02		1.5096596e+03		1.5934506e+03		4.4462183e+03		1.8490485e+03		6.0475116e+02		1.2442974e+03
4.5500000e+02		4.5600000e+02		4.5550000e+02		1.4952815e+03		1.5776085e+03		4.4002179e+03		1.8287022e+03		5.9409394e+02		1.2346082e+03
4.5600000e+02		4.5700000e+02		4.5650000e+02		1.5527317e+03		1.6375367e+03		4.5655199e+03		1.8961486e+03		6.1188248e+02		1.2842662e+03
4.5700000e+02		4.5800000e+02		4.5750000e+02		1.5677329e+03		1.6526718e+03		4.6058691e+03		1.9116532e+03		6.1275664e+02		1.2988966e+03
4.5800000e+02		4.5900000e+02		4.5850000e+02		1.4734199e+03		1.5526107e+03		4.3252859e+03		1.7940302e+03		5.7120473e+02		1.2228255e+03
4.5900000e+02		4.6000000e+02		4.5950000e+02		1.5222067e+03		1.6033662e+03		4.4649205e+03		1.8507515e+03		5.8531974e+02		1.2654317e+03
4.6000000e+02		4.6100000e+02		4.6050000e+02		1.5039223e+03		1.5834674e+03		4.4077844e+03		1.8258965e+03		5.7359346e+02		1.2523031e+03
4.6100000e+02		4.6200000e+02		4.6150000e+02		1.5386000e+03		1.6193310e+03		4.5058684e+03		1.8653390e+03		5.8206135e+02		1.2832777e+03
4.6200000e+02		4.6300000e+02		4.6250000e+02		1.5538294e+03		1.6347107e+03		4.5469158e+03		1.8811422e+03		5.8306316e+02		1.2980791e+03
4.6300000e+02		4.6400000e+02		4.6350000e+02		1.5018384e+03		1.5793922e+03		4.3913750e+03		1.8156523e+03		5.5899730e+02		1.2566550e+03
4.6400000e+02		4.6500000e+02		4.6450000e+02		1.5281564e+03		1.6064429e+03		4.4649005e+03		1.8449022e+03		5.6420063e+02		1.2807015e+03
4.6500000e+02		4.6600000e+02		4.6550000e+02		1.4760608e+03		1.5510791e+03		4.3094097e+03		1.7795521e+03		5.4057292e+02		1.2389792e+03
4.6600000e+02		4.6700000e+02		4.6650000e+02		1.4854121e+03		1.5603079e+03		4.3334413e+03		1.7883773e+03		5.3961785e+02		1.2487594e+03
4.6700000e+02		4.6800000e+02		4.6750000e+02		1.4997486e+03		1.5747694e+03		4.3719954e+03		1.8031887e+03		5.4044583e+02		1.2627428e+03
4.6800000e+02		4.6900000e+02		4.6850000e+02		1.4665907e+03		1.5393735e+03		4.2721672e+03		1.7609494e+03		5.2425433e+02		1.2366951e+03
4.6900000e+02		4.7000000e+02		4.6950000e+02		1.5086728e+03		1.5829535e+03		4.3915240e+03		1.8090601e+03		5.3497393e+02		1.2740861e+03
4.7000000e+02		4.7100000e+02		4.7050000e+02		1.4256243e+03		1.4952631e+03		4.1467604e+03		1.7072128e+03		5.0147832e+02		1.2057345e+03
4.7100000e+02		4.7200000e+02		4.7150000e+02		1.4904926e+03		1.5627273e+03		4.3323154e+03		1.7825498e+03		5.2010555e+02		1.2624443e+03
4.7200000e+02		4.7300000e+02		4.7250000e+02		1.5269264e+03		1.6003454e+03		4.4350392e+03		1.8237438e+03		5.2856625e+02		1.2951776e+03
4.7300000e+02		4.7400000e+02		4.7350000e+02		1.4995420e+03		1.5710786e+03		4.3524100e+03		1.7887219e+03		5.1494957e+02		1.2737723e+03
4.7400000e+02		4.7500000e+02		4.7450000e+02		1.5448084e+03		1.6179269e+03		4.4806423e+03		1.8403558e+03		5.2627230e+02		1.3140835e+03
4.7500000e+02		4.7600000e+02		4.7550000e+02		1.5413846e+03		1.6137701e+03		4.4675951e+03		1.8339423e+03		5.2093294e+02		1.3130093e+03
4.7600000e+02		4.7700000e+02		4.7650000e+02		1.4853490e+03		1.5545578e+03		4.3022046e+03		1.7650422e+03		4.9801145e+02		1.2670308e+03
4.7700000e+02		4.7800000e+02		4.7750000e+02		1.5508368e+03		1.6225330e+03		4.4888078e+03		1.8405561e+03		5.1584832e+02		1.3247078e+03
4.7800000e+02		4.7900000e+02		4.7850000e+02		1.5358791e+03		1.6063303e+03		4.4424944e+03		1.8205422e+03		5.0683099e+02		1.3137112e+03
4.7900000e+02		4.8000000e+02		4.7950000e+02		1.5403519e+03		1.6104582e+03		4.4524321e+03		1.8235967e+03		5.0429121e+02		1.3193055e+03
4.8000000e+02		4.8100000e+02		4.8050000e+02		1.5442750e+03		1.6140134e+03		4.4607926e+03		1.8260091e+03		5.0158728e+02		1.3244219e+03
4.8100000e+02		4.8200000e+02		4.8150000e+02		1.5475498e+03		1.6168935e+03		4.4672943e+03		1.8276654e+03		4.9869158e+02		1.3289738e+03
4.8200000e+02		4.8300000e+02		4.8250000e+02		1.5416562e+03		1.6102002e+03		4.4473622e+03		1.8185179e+03		4.9288498e+02		1.3256329e+03
4.8300000e+02		4.8400000e+02		4.8350000e+02		1.5183412e+03		1.5853259e+03		4.3772550e+03		1.7888818e+03		4.8161853e+02		1.3072633e+03
4.8400000e+02		4.8500000e+02		4.8450000e+02		1.4920771e+03		1.5573941e+03		4.2987647e+03		1.7558603e+03		4.6957607e+02		1.2862842e+03
4.8500000e+02		4.8600000e+02		4.8550000e+02		1.4021236e+03		1.4630288e+03		4.0370216e+03		1.6480696e+03		4.3781132e+02		1.2102583e+03
4.8600000e+02		4.8700000e+02		4.8650000e+02		1.2173217e+03		1.2697917e+03		3.5027158e+03		1.4291879e+03		3.7713528e+02		1.0520526e+03
4.8700000e+02		4.8800000e+02		4.8750000e+02		1.3927585e+03		1.4523281e+03		4.0049999e+03		1.6332722e+03		4.2811836e+02		1.2051538e+03
4.8800000e+02		4.8900000e+02		4.8850000e+02		1.4651201e+03		1.5273027e+03		4.2104587e+03		1.7161641e+03		4.4685088e+02		1.2693132e+03
4.8900000e+02		4.9000000e+02		4.8950000e+02		1.4372192e+03		1.4977492e+03		4.1277277e+03		1.6815720e+03		4.3492952e+02		1.2466425e+03
4.9000000e+02		4.9100000e+02		4.9050000e+02		1.5307557e+03		1.5947306e+03		4.3936764e+03		1.7889953e+03		4.5963528e+02		1.3293601e+03
4.9100000e+02		4.9200000e+02		4.9150000e+02		1.4425606e+03		1.5023878e+03		4.1380210e+03		1.6840393e+03		4.2979193e+02		1.2542473e+03
4.9200000e+02		4.9300000e+02		4.9250000e+02		1.3729411e+03		1.4294455e+03		3.9359471e+03		1.6009907e+03		4.0588026e+02		1.1951104e+03
4.9300000e+02		4.9400000e+02		4.9350000e+02		1.4509629e+03		1.5102223e+03		4.1571397e+03		1.6901135e+03		4.2562711e+02		1.2644864e+03
4.9400000e+02		4.9500000e+02		4.9450000e+02		1.4929449e+03		1.5534538e+03		4.2748935e+03		1.7371201e+03		4.3455908e+02		1.3025610e+03
4.9500000e+02		4.9600000e+02		4.9550000e+02		1.4663156e+03		1.5252926e+03		4.1961827e+03		1.7042915e+03		4.2351588e+02		1.2807756e+03
4.9600000e+02		4.9700000e+02		4.9650000e+02		1.4846220e+03		1.5438812e+03		4.2461021e+03		1.7237190e+03		4.2550086e+02		1.2982181e+03
4.9700000e+02		4.9800000e+02		4.9750000e+02		1.5123203e+03		1.5722266e+03		4.3228294e+03		1.7540109e+03		4.3010624e+02		1.3239046e+03
4.9800000e+02		4.9900000e+02		4.9850000e+02		1.3744029e+03		1.4284331e+03		3.9263617e+03		1.5923709e+03		3.8788104e+02		1.2044898e+03
4.9900000e+02		5.0000000e+02		4.9950000e+02		1.4721832e+03		1.5296190e+03		4.2033171e+03		1.7038737e+03		4.1229113e+02		1.2915826e+03
