Left Bin Edge (nm)	Right Bin Edge (nm)	Bin Center (nm)		Top of Atm Intensity (erg/s/nm/cm2)		Total Surface Flux (erg/s/nm/cm2)		Total Intensity at BOA (erg/s/nm/cm2)		Total Surface Intensity (erg/s/nm/cm2)		Total Surface Diffuse Intensity (erg/s/nm/cm2)		Total Surface Direct Intensity (erg/s/nm/cm2)
1.0000000e+02		1.0100000e+02		1.0050000e+02		4.4569042e-02		2.4525374e-199		0.0000000e+00		4.2479194e-199		4.2479194e-199		0.0000000e+00
1.0100000e+02		1.0200000e+02		1.0150000e+02		1.7387199e-01		2.8780738e-197		0.0000000e+00		4.9849701e-197		4.9849701e-197		0.0000000e+00
1.0200000e+02		1.0300000e+02		1.0250000e+02		9.2286085e-01		3.0760917e-195		0.0000000e+00		5.3279471e-195		5.3279471e-195		0.0000000e+00
1.0300000e+02		1.0400000e+02		1.0350000e+02		7.0094286e-01		3.0025219e-193		0.0000000e+00		5.2005205e-193		5.2005205e-193		0.0000000e+00
1.0400000e+02		1.0500000e+02		1.0450000e+02		1.4124828e-01		2.6834655e-191		0.0000000e+00		4.6478986e-191		4.6478986e-191		0.0000000e+00
1.0500000e+02		1.0600000e+02		1.0550000e+02		4.8389941e-02		2.2015022e-189		0.0000000e+00		3.8131136e-189		3.8131136e-189		0.0000000e+00
1.0600000e+02		1.0700000e+02		1.0650000e+02		4.5487167e-02		1.6618998e-187		0.0000000e+00		2.8784949e-187		2.8784949e-187		0.0000000e+00
1.0700000e+02		1.0800000e+02		1.0750000e+02		5.0757295e-02		1.1570799e-185		0.0000000e+00		2.0041212e-185		2.0041212e-185		0.0000000e+00
1.0800000e+02		1.0900000e+02		1.0850000e+02		7.1152114e-02		7.4462286e-184		0.0000000e+00		1.2897246e-183		1.2897246e-183		0.0000000e+00
1.0900000e+02		1.1000000e+02		1.0950000e+02		5.5817450e-02		4.4252013e-182		0.0000000e+00		7.6646735e-182		7.6646735e-182		0.0000000e+00
1.1000000e+02		1.1100000e+02		1.1050000e+02		5.4043772e-02		2.4500938e-180		0.0000000e+00		4.2436870e-180		4.2436870e-180		0.0000000e+00
1.1100000e+02		1.1200000e+02		1.1150000e+02		5.0797691e-02		1.2617487e-178		0.0000000e+00		2.1854129e-178		2.1854129e-178		0.0000000e+00
1.1200000e+02		1.1300000e+02		1.1250000e+02		5.1969037e-02		6.0540414e-177		0.0000000e+00		1.0485907e-176		1.0485907e-176		0.0000000e+00
1.1300000e+02		1.1400000e+02		1.1350000e+02		4.1221387e-02		2.7108984e-175		0.0000000e+00		4.6954137e-175		4.6954137e-175		0.0000000e+00
1.1400000e+02		1.1500000e+02		1.1450000e+02		3.1562600e-02		1.1349837e-173		0.0000000e+00		1.9658495e-173		1.9658495e-173		0.0000000e+00
1.1500000e+02		1.1600000e+02		1.1550000e+02		4.3552050e-02		4.4482433e-172		0.0000000e+00		7.7045835e-172		7.7045835e-172		0.0000000e+00
1.1600000e+02		1.1700000e+02		1.1650000e+02		1.0143732e-01		1.6412483e-170		0.0000000e+00		2.8427255e-170		2.8427255e-170		0.0000000e+00
1.1700000e+02		1.1800000e+02		1.1750000e+02		3.6108525e-01		5.6891070e-169		0.0000000e+00		9.8538223e-169		9.8538223e-169		0.0000000e+00
1.1800000e+02		1.1900000e+02		1.1850000e+02		1.2283927e-01		1.8566715e-167		0.0000000e+00		3.2158494e-167		3.2158494e-167		0.0000000e+00
1.1900000e+02		1.2000000e+02		1.1950000e+02		1.7115732e-01		5.7164902e-166		0.0000000e+00		9.9012514e-166		9.9012514e-166		0.0000000e+00
1.2000000e+02		1.2100000e+02		1.2050000e+02		9.3056497e-01		1.6620513e-164		0.0000000e+00		2.8787573e-164		2.8787573e-164		0.0000000e+00
1.2100000e+02		1.2200000e+02		1.2150000e+02		3.6941242e+01		4.5677157e-163		0.0000000e+00		7.9115157e-163		7.9115157e-163		0.0000000e+00
1.2200000e+02		1.2300000e+02		1.2250000e+02		2.4773856e-01		1.1883907e-161		2.2227587e-162		2.0583530e-161		2.0583530e-161		0.0000000e+00
1.2300000e+02		1.2400000e+02		1.2350000e+02		1.3344721e-01		2.9305163e-160		4.4232341e-161		5.0758031e-160		5.0758031e-160		0.0000000e+00
1.2400000e+02		1.2500000e+02		1.2450000e+02		1.0726631e-01		6.8552617e-159		1.2170046e-159		1.1873662e-158		1.1873662e-158		0.0000000e+00
1.2500000e+02		1.2600000e+02		1.2550000e+02		1.0471361e-01		1.5243436e-157		3.0878672e-158		2.6402405e-157		2.6402405e-157		0.0000000e+00
1.2600000e+02		1.2700000e+02		1.2650000e+02		1.4644878e-01		3.2282079e-156		7.0212437e-157		5.5914202e-156		5.5914202e-156		0.0000000e+00
1.2700000e+02		1.2800000e+02		1.2750000e+02		7.6659940e-02		6.5216819e-155		1.4260131e-155		1.1295884e-154		1.1295884e-154		0.0000000e+00
1.2800000e+02		1.2900000e+02		1.2850000e+02		6.1165494e-02		1.2578527e-153		2.6457005e-154		2.1786648e-153		2.1786648e-153		0.0000000e+00
1.2900000e+02		1.3000000e+02		1.2950000e+02		8.1594975e-02		2.3175087e-152		4.6025741e-153		4.0140428e-152		4.0140428e-152		0.0000000e+00
1.3000000e+02		1.3100000e+02		1.3050000e+02		6.7007791e-01		4.0840509e-151		7.3255790e-152		7.0737837e-151		7.0737837e-151		0.0000000e+00
1.3100000e+02		1.3200000e+02		1.3150000e+02		9.0731094e-02		6.8783623e-150		1.2436284e-150		1.1913673e-149		1.1913673e-149		0.0000000e+00
1.3200000e+02		1.3300000e+02		1.3250000e+02		7.0547730e-02		1.1097114e-148		2.0360226e-149		1.9220765e-148		1.9220765e-148		0.0000000e+00
1.3300000e+02		1.3400000e+02		1.3350000e+02		9.5357088e-01		1.7171884e-147		3.1378635e-148		2.9742575e-147		2.9742575e-147		0.0000000e+00
1.3400000e+02		1.3500000e+02		1.3450000e+02		6.5246966e-02		2.5500898e-146		4.6982134e-147		4.4168851e-146		4.4168851e-146		0.0000000e+00
1.3500000e+02		1.3600000e+02		1.3550000e+02		1.3692679e-01		3.6367452e-145		6.9657220e-146		6.2990274e-145		6.2990274e-145		0.0000000e+00
1.3600000e+02		1.3700000e+02		1.3650000e+02		8.9861989e-02		4.9854647e-144		1.0122244e-144		8.6350781e-144		8.6350781e-144		0.0000000e+00
1.3700000e+02		1.3800000e+02		1.3750000e+02		9.2282630e-02		6.5711244e-143		1.4846661e-143		1.1381521e-142		1.1381521e-142		0.0000000e+00
1.3800000e+02		1.3900000e+02		1.3850000e+02		9.4180145e-02		8.3453863e-142		2.0227598e-142		1.4454633e-141		1.4454633e-141		0.0000000e+00
1.3900000e+02		1.4000000e+02		1.3950000e+02		3.1801144e-01		1.0220283e-140		2.5954079e-141		1.7702049e-140		1.7702049e-140		0.0000000e+00
1.4000000e+02		1.4100000e+02		1.4050000e+02		2.7729440e-01		1.2080469e-139		3.1396978e-140		2.0923987e-139		2.0923987e-139		0.0000000e+00
1.4100000e+02		1.4200000e+02		1.4150000e+02		1.3359910e-01		1.3786077e-138		3.6616120e-139		2.3878186e-138		2.3878186e-138		0.0000000e+00
1.4200000e+02		1.4300000e+02		1.4250000e+02		1.4479671e-01		1.5199665e-137		4.1282921e-138		2.6326592e-137		2.6326592e-137		0.0000000e+00
1.4300000e+02		1.4400000e+02		1.4350000e+02		1.6064305e-01		1.6202222e-136		4.5033503e-137		2.8063072e-136		2.8063072e-136		0.0000000e+00
1.4400000e+02		1.4500000e+02		1.4450000e+02		1.5363637e-01		1.6709634e-135		4.7557397e-136		2.8941935e-135		2.8941935e-135		6.0314306e-309
1.4500000e+02		1.4600000e+02		1.4550000e+02		1.6382583e-01		1.6684164e-134		4.8658019e-135		2.8897819e-134		2.8897819e-134		2.0722886e-292
1.4600000e+02		1.4700000e+02		1.4650000e+02		1.9977093e-01		1.6138817e-133		4.8270546e-134		2.7953251e-133		2.7953251e-133		7.7562305e-276
1.4700000e+02		1.4800000e+02		1.4750000e+02		2.4643334e-01		1.5133680e-132		4.6466707e-133		2.6212302e-132		2.6212302e-132		2.8044877e-259
1.4800000e+02		1.4900000e+02		1.4850000e+02		2.4167300e-01		1.3765438e-131		4.3439048e-132		2.3842438e-131		2.3842438e-131		7.7164123e-243
1.4900000e+02		1.5000000e+02		1.4950000e+02		2.1832777e-01		1.2152517e-130		3.9468913e-131		2.1048777e-130		2.1048777e-130		1.8762085e-226
1.5000000e+02		1.5100000e+02		1.5050000e+02		2.4023073e-01		1.0418899e-129		3.4885206e-130		1.8046062e-129		1.8046062e-129		5.3411623e-210
1.5100000e+02		1.5200000e+02		1.5150000e+02		2.5258505e-01		8.6795096e-129		3.0021981e-129		1.5033352e-128		1.5033352e-128		1.3994155e-193
1.5200000e+02		1.5300000e+02		1.5250000e+02		3.2229547e-01		7.0293169e-128		2.5181908e-128		1.2175134e-127		1.2175134e-127		4.2935937e-177
1.5300000e+02		1.5400000e+02		1.5350000e+02		3.5701286e-01		5.5371765e-127		2.0610390e-127		9.5906711e-127		9.5906711e-127		1.1054196e-160
1.5400000e+02		1.5500000e+02		1.5450000e+02		9.5486931e-01		4.2443901e-126		1.9967145e-126		7.3514992e-126		7.3514992e-126		6.6530940e-144
1.5500000e+02		1.5600000e+02		1.5550000e+02		7.8587524e-01		3.1702904e-125		4.8836448e-122		5.4911040e-125		5.4911040e-125		1.9676869e-134
1.5600000e+02		1.5700000e+02		1.5650000e+02		4.6648084e-01		2.3093979e-124		1.7031296e-120		3.9999945e-124		3.9999944e-124		6.7124133e-132
1.5700000e+02		1.5800000e+02		1.5750000e+02		4.2309893e-01		1.6400303e-123		7.1602096e-119		2.8406133e-123		2.8406099e-123		3.4024789e-129
1.5800000e+02		1.5900000e+02		1.5850000e+02		3.9008072e-01		1.1361473e-122		2.9624348e-117		1.9677400e-122		1.9675692e-122		1.7070632e-126
1.5900000e+02		1.6000000e+02		1.5950000e+02		3.8042347e-01		7.7726911e-122		1.2371487e-115		1.3398039e-121		1.3309716e-121		8.8322867e-124
1.6000000e+02		1.6100000e+02		1.6050000e+02		4.1635449e-01		1.0433814e-120		7.1753189e-114		1.4407535e-120		9.4019235e-121		5.0056114e-121
1.6100000e+02		1.6200000e+02		1.6150000e+02		4.7164413e-01		3.1074935e-118		1.9667198e-111		3.2819701e-118		4.1281607e-119		2.8691540e-118
1.6200000e+02		1.6300000e+02		1.6250000e+02		5.2241459e-01		1.6850346e-115		7.5556507e-109		1.7670909e-115		1.9414726e-116		1.5729437e-115
1.6300000e+02		1.6400000e+02		1.6350000e+02		1.1072121e+00		1.7297061e-112		5.4809154e-106		1.8132444e-112		1.9765369e-113		1.6155907e-112
1.6400000e+02		1.6500000e+02		1.6450000e+02		1.1323318e+00		8.3983354e-110		1.8826681e-103		8.8015926e-110		9.5411687e-111		7.8474757e-110
1.6500000e+02		1.6600000e+02		1.6550000e+02		1.3255566e+00		4.5789070e-107		7.2697842e-101		4.7976686e-107		5.1759559e-108		4.2800730e-107
1.6600000e+02		1.6700000e+02		1.6650000e+02		6.2522883e-01		9.8759865e-105		1.1116762e-98		1.0345839e-104		1.1116827e-105		9.2341562e-105
1.6700000e+02		1.6800000e+02		1.6750000e+02		6.6723830e-01		4.7356976e-102		3.7832021e-96		4.9602406e-102		5.3127450e-103		4.4289661e-102
1.6800000e+02		1.6900000e+02		1.6850000e+02		7.1904320e-01		2.2549402e-99		1.2797044e-93		2.3615903e-99		2.5233683e-100		2.1092535e-99
1.6900000e+02		1.7000000e+02		1.6950000e+02		9.0554889e-01		1.2348100e-96		4.9828492e-91		1.2931179e-96		1.3795783e-97		1.1551600e-96
1.7000000e+02		1.7100000e+02		1.7050000e+02		1.0161854e+00		5.9333576e-94		1.7039962e-88		6.2133416e-94		6.6244928e-95		5.5508923e-94
1.7100000e+02		1.7200000e+02		1.7150000e+02		1.0130704e+00		2.4958759e-91		5.1056807e-86		2.6136863e-91		2.7874243e-92		2.3349439e-91
1.7200000e+02		1.7300000e+02		1.7250000e+02		1.0571150e+00		8.3046683e-89		1.2292425e-83		8.6966459e-89		9.2742893e-90		7.7692170e-89
1.7300000e+02		1.7400000e+02		1.7350000e+02		1.0479596e+00		1.9850756e-86		2.1596516e-81		2.0787267e-86		2.2158088e-87		1.8571458e-86
1.7400000e+02		1.7500000e+02		1.7450000e+02		1.2530722e+00		5.6497415e-84		4.5212123e-79		5.9164087e-84		6.3094151e-85		5.2854672e-84
1.7500000e+02		1.7600000e+02		1.7550000e+02		1.4954862e+00		1.5851720e-81		9.3376627e-77		1.6601008e-81		1.7728343e-82		1.4828174e-81
1.7600000e+02		1.7700000e+02		1.7650000e+02		1.6135596e+00		3.9734263e-79		1.7241155e-74		4.1617105e-79		4.4548511e-80		3.7162254e-79
1.7700000e+02		1.7800000e+02		1.7750000e+02		1.9010195e+00		1.0752523e-76		3.4390917e-72		1.1263853e-76		1.2098200e-77		1.0054033e-76
1.7800000e+02		1.7900000e+02		1.7850000e+02		2.0776624e+00		2.6699495e-74		6.2987003e-70		2.7975128e-74		3.0181789e-75		2.4956949e-74
1.7900000e+02		1.8000000e+02		1.7950000e+02		2.0198657e+00		5.8359215e-72		1.0161185e-67		6.1163861e-72		6.6358642e-73		5.4527997e-72
1.8000000e+02		1.8100000e+02		1.8050000e+02		2.4976225e+00		1.6062484e-69		2.0653705e-65		1.6839930e-69		1.8394566e-70		1.5000473e-69
1.8100000e+02		1.8200000e+02		1.8150000e+02		3.0410490e+00		4.3114742e-67		4.0965308e-63		4.5219226e-67		4.9792643e-68		4.0239962e-67
1.8200000e+02		1.8300000e+02		1.8250000e+02		2.8073836e+00		8.6937669e-65		6.1073181e-61		9.1223143e-65		1.0139541e-65		8.1083602e-65
1.8300000e+02		1.8400000e+02		1.8350000e+02		2.9562417e+00		1.9819849e-62		1.0299942e-58		2.0807968e-62		2.3379131e-63		1.8470055e-62
1.8400000e+02		1.8500000e+02		1.8450000e+02		2.5409769e+00		3.6569758e-60		1.4066357e-56		3.8416637e-60		4.3697614e-61		3.4046875e-60
1.8500000e+02		1.8600000e+02		1.8550000e+02		2.8735562e+00		1.6044718e-57		4.4196952e-54		1.6870836e-57		1.9546161e-58		1.4916220e-57
1.8600000e+02		1.8700000e+02		1.8650000e+02		3.2604304e+00		4.5846766e-55		9.2659230e-52		4.8250423e-55		5.6871125e-56		4.2563310e-55
1.8700000e+02		1.8800000e+02		1.8750000e+02		3.6946466e+00		7.7291591e-53		1.1804009e-49		8.1408141e-53		9.7398633e-54		7.1668278e-53
1.8800000e+02		1.8900000e+02		1.8850000e+02		3.8870616e+00		2.0068705e-50		2.2516798e-47		2.1161597e-50		2.5858109e-51		1.8575786e-50
1.8900000e+02		1.9000000e+02		1.8950000e+02		4.3106081e+00		5.8797450e-48		4.8287736e-45		6.2081879e-48		7.7710441e-49		5.4310835e-48
1.9000000e+02		1.9100000e+02		1.9050000e+02		4.4384288e+00		2.3754052e-45		1.3969956e-42		2.5124437e-45		3.2423649e-46		2.1882072e-45
1.9100000e+02		1.9200000e+02		1.9150000e+02		4.8094361e+00		4.2231770e-43		1.8674361e-40		4.4733975e-43		5.9202814e-44		3.8813694e-43
1.9200000e+02		1.9300000e+02		1.9250000e+02		5.0365493e+00		7.4865082e-41		2.4851158e-38		7.9435746e-41		1.0814308e-41		6.8621438e-41
1.9300000e+02		1.9400000e+02		1.9350000e+02		3.8447944e+00		1.4144133e-38		3.4515205e-36		1.5040906e-38		2.1217873e-39		1.2919119e-38
1.9400000e+02		1.9500000e+02		1.9450000e+02		6.1679797e+00		1.8134801e-36		3.4649552e-34		1.9317109e-36		2.7973719e-37		1.6519737e-36
1.9500000e+02		1.9600000e+02		1.9550000e+02		5.9528271e+00		1.3361498e-34		2.0043426e-32		1.4259432e-34		2.1245349e-35		1.2134897e-34
1.9600000e+02		1.9700000e+02		1.9650000e+02		6.5508102e+00		7.7890776e-33		9.3631850e-31		8.3276903e-33		1.2743714e-33		7.0533189e-33
1.9700000e+02		1.9800000e+02		1.9750000e+02		6.5190955e+00		1.4172965e-31		1.4484449e-29		1.5169002e-31		2.3566506e-32		1.2812352e-31
1.9800000e+02		1.9900000e+02		1.9850000e+02		6.3883794e+00		2.8541568e-30		2.4640982e-28		3.0587443e-30		4.8405918e-31		2.5746851e-30
1.9900000e+02		2.0000000e+02		1.9950000e+02		6.7274707e+00		2.4215742e-29		1.8602726e-27		2.5964199e-29		4.1368923e-30		2.1827306e-29
2.0000000e+02		2.0100000e+02		2.0050000e+02		7.1125146e+00		6.3899778e-29		4.6608445e-27		6.8466783e-29		1.0805649e-29		5.7661134e-29
2.0100000e+02		2.0200000e+02		2.0150000e+02		7.5701275e+00		6.4961822e-29		4.7447408e-27		6.9489955e-29		1.0713677e-29		5.8776278e-29
2.0200000e+02		2.0300000e+02		2.0250000e+02		7.4828608e+00		2.2619630e-29		1.7484214e-27		2.4133948e-29		3.5829151e-30		2.0551033e-29
2.0300000e+02		2.0400000e+02		2.0350000e+02		8.0092047e+00		3.9357678e-30		3.3609604e-28		4.1860159e-30		5.9209343e-31		3.5939225e-30
2.0400000e+02		2.0500000e+02		2.0450000e+02		8.6207445e+00		2.3895180e-31		2.3911691e-29		2.5317608e-31		3.3655023e-32		2.1952106e-31
2.0500000e+02		2.0600000e+02		2.0550000e+02		8.6400754e+00		2.7349340e-33		3.5058513e-31		2.8843646e-33		3.5355644e-34		2.5308081e-33
2.0600000e+02		2.0700000e+02		2.0650000e+02		8.6510225e+00		8.5731996e-36		1.5136085e-33		8.9978414e-36		1.0047131e-36		7.9931282e-36
2.0700000e+02		2.0800000e+02		2.0750000e+02		9.3957826e+00		4.9718174e-39		1.3349471e-36		5.1917565e-39		5.2038160e-40		4.6713749e-39
2.0800000e+02		2.0900000e+02		2.0850000e+02		1.0163489e+01		9.2853550e-43		4.0407873e-40		9.6507113e-43		8.6444231e-44		8.7862690e-43
2.0900000e+02		2.1000000e+02		2.0950000e+02		1.3129215e+01		4.5827484e-47		3.5186502e-44		4.7421983e-47		3.7726258e-48		4.3649357e-47
2.1000000e+02		2.1100000e+02		2.1050000e+02		1.6183343e+01		2.6598816e-52		4.0532707e-49		2.7410354e-52		1.9201184e-53		2.5490235e-52
2.1100000e+02		2.1200000e+02		2.1150000e+02		1.8424170e+01		2.4140140e-58		8.0687428e-55		2.4784380e-58		1.5242874e-59		2.3260092e-58
2.1200000e+02		2.1300000e+02		2.1250000e+02		1.6428561e+01		2.0765730e-65		1.7144917e-61		2.1249116e-65		1.1437016e-66		2.0105414e-65
2.1300000e+02		2.1400000e+02		2.1350000e+02		1.6737981e+01		2.7817793e-64		1.9873911e-60		2.8462455e-64		1.5252856e-65		2.6937169e-64
2.1400000e+02		2.1500000e+02		2.1450000e+02		2.1432541e+01		1.3006878e-70		2.1313781e-66		1.3274751e-70		6.3379297e-72		1.2640958e-70
2.1500000e+02		2.1600000e+02		2.1550000e+02		1.8408135e+01		2.9080045e-81		1.8672667e-76		2.9589328e-81		1.2049782e-82		2.8384350e-81
2.1600000e+02		2.1700000e+02		2.1650000e+02		1.7036901e+01		2.6769196e-87		9.0425049e-85		4.6365589e-87		4.6365563e-87		2.5276898e-93
2.1700000e+02		2.1800000e+02		2.1750000e+02		1.7640866e+01		7.4451483e-87		4.6090765e-87		1.2895375e-86		1.2895375e-86		4.3285388e-106
2.1800000e+02		2.1900000e+02		2.1850000e+02		2.3730294e+01		2.0505477e-86		1.2501723e-86		3.5516528e-86		3.5516528e-86		9.2014470e-121
2.1900000e+02		2.2000000e+02		2.1950000e+02		2.5052511e+01		5.5927330e-86		3.3697576e-86		9.6868977e-86		9.6868977e-86		1.5048837e-136
2.2000000e+02		2.2100000e+02		2.2050000e+02		2.5203754e+01		1.5108848e-85		9.0230820e-86		2.6169292e-85		2.6169292e-85		2.7428217e-153
2.2100000e+02		2.2200000e+02		2.2150000e+02		2.0176768e+01		4.0437334e-85		2.3992507e-85		7.0039517e-85		7.0039517e-85		3.8857544e-171
2.2200000e+02		2.2300000e+02		2.2250000e+02		2.7154039e+01		1.0724351e-84		6.3319721e-85		1.8575121e-84		1.8575121e-84		2.1960288e-190
2.2300000e+02		2.2400000e+02		2.2350000e+02		3.5163062e+01		2.8186177e-84		1.6592738e-84		4.8819891e-84		4.8819891e-84		2.9879637e-210
2.2400000e+02		2.2500000e+02		2.2450000e+02		3.2875934e+01		7.3431721e-84		4.3137064e-84		1.2718747e-83		1.2718747e-83		9.7587355e-233
2.2500000e+02		2.2600000e+02		2.2550000e+02		2.8720078e+01		1.8963066e-83		1.1138523e-83		3.2844993e-83		3.2844993e-83		4.2471710e-254
2.2600000e+02		2.2700000e+02		2.2650000e+02		2.1037217e+01		4.8557662e-83		2.8518976e-83		8.4104337e-83		8.4104337e-83		4.7219060e-280
2.2700000e+02		2.2800000e+02		2.2750000e+02		2.0463841e+01		1.2328394e-82		7.2509452e-83		2.1353405e-82		2.1353405e-82		1.0704103e-304
2.2800000e+02		2.2900000e+02		2.2850000e+02		2.8509984e+01		3.1042109e-82		1.8292495e-82		5.3766510e-82		5.3766510e-82		0.0000000e+00
2.2900000e+02		2.3000000e+02		2.2950000e+02		2.5620938e+01		7.7520936e-82		4.5810733e-82		1.3427020e-81		1.3427020e-81		0.0000000e+00
2.3000000e+02		2.3100000e+02		2.3050000e+02		2.9055844e+01		1.9204031e-81		1.1382497e-81		3.3262357e-81		3.3262357e-81		0.0000000e+00
2.3100000e+02		2.3200000e+02		2.3150000e+02		2.7387429e+01		4.7193643e-81		2.8078990e-81		8.1741787e-81		8.1741787e-81		0.0000000e+00
2.3200000e+02		2.3300000e+02		2.3250000e+02		2.9413108e+01		1.1507162e-80		6.8738342e-81		1.9930989e-80		1.9930989e-80		0.0000000e+00
2.3300000e+02		2.3400000e+02		2.3350000e+02		2.6543685e+01		2.7840541e-80		1.6704266e-80		4.8221231e-80		4.8221231e-80		0.0000000e+00
2.3400000e+02		2.3500000e+02		2.3450000e+02		2.3194371e+01		6.6843816e-80		4.0295578e-80		1.1577689e-79		1.1577689e-79		0.0000000e+00
2.3500000e+02		2.3600000e+02		2.3550000e+02		3.1223226e+01		1.5928066e-79		9.6497208e-80		2.7588220e-79		2.7588220e-79		0.0000000e+00
2.3600000e+02		2.3700000e+02		2.3650000e+02		2.8911473e+01		3.7672465e-79		2.2942601e-79		6.5250624e-79		6.5250624e-79		0.0000000e+00
2.3700000e+02		2.3800000e+02		2.3750000e+02		3.0878004e+01		8.8449818e-79		5.4149423e-79		1.5319958e-78		1.5319958e-78		0.0000000e+00
2.3800000e+02		2.3900000e+02		2.3850000e+02		2.5598090e+01		2.0615975e-78		1.2692170e-78		3.5707916e-78		3.5707916e-78		0.0000000e+00
2.3900000e+02		2.4000000e+02		2.3950000e+02		2.7890834e+01		4.7709627e-78		2.9536024e-78		8.2635497e-78		8.2635497e-78		0.0000000e+00
2.4000000e+02		2.4100000e+02		2.4050000e+02		2.5623038e+01		1.0962947e-77		6.8262873e-78		1.8988382e-77		1.8988382e-77		0.0000000e+00
2.4100000e+02		2.4200000e+02		2.4150000e+02		3.0005079e+01		2.5015569e-77		1.5668901e-77		4.3328237e-77		4.3328237e-77		0.0000000e+00
2.4200000e+02		2.4300000e+02		2.4250000e+02		4.1301739e+01		5.6689183e-77		3.5719037e-77		9.8188546e-77		9.8188546e-77		0.0000000e+00
2.4300000e+02		2.4400000e+02		2.4350000e+02		3.8791639e+01		1.2759429e-76		8.0876332e-77		2.2099979e-76		2.2099979e-76		0.0000000e+00
2.4400000e+02		2.4500000e+02		2.4450000e+02		3.6329084e+01		2.8525322e-76		1.8192815e-76		4.9407307e-76		4.9407307e-76		0.0000000e+00
2.4500000e+02		2.4600000e+02		2.4550000e+02		2.9476122e+01		6.3352222e-76		4.0643183e-76		1.0972927e-75		1.0972927e-75		0.0000000e+00
2.4600000e+02		2.4700000e+02		2.4650000e+02		2.8685918e+01		1.3977020e-75		9.0243245e-76		2.4208909e-75		2.4208909e-75		0.0000000e+00
2.4700000e+02		2.4800000e+02		2.4750000e+02		3.1678139e+01		3.0638877e-75		1.9902041e-75		5.3068092e-75		5.3068092e-75		0.0000000e+00
2.4800000e+02		2.4900000e+02		2.4850000e+02		2.5406301e+01		6.6732023e-75		4.3621480e-75		1.1558325e-74		1.1558325e-74		0.0000000e+00
2.4900000e+02		2.5000000e+02		2.4950000e+02		3.0967514e+01		1.4443247e-74		9.4984926e-75		2.5016438e-74		2.5016438e-74		0.0000000e+00
2.5000000e+02		2.5100000e+02		2.5050000e+02		3.3448743e+01		3.1064178e-74		2.0560018e-74		5.3804735e-74		5.3804735e-74		0.0000000e+00
2.5100000e+02		2.5200000e+02		2.5150000e+02		2.7888154e+01		6.6402324e-74		4.4222889e-74		1.1501220e-73		1.1501220e-73		0.0000000e+00
2.5200000e+02		2.5300000e+02		2.5250000e+02		2.5069906e+01		1.4107723e-73		9.4540712e-74		2.4435292e-73		2.4435292e-73		0.0000000e+00
2.5300000e+02		2.5400000e+02		2.5350000e+02		3.1592540e+01		2.9792599e-73		2.0090556e-73		5.1602294e-73		5.1602294e-73		0.0000000e+00
2.5400000e+02		2.5500000e+02		2.5450000e+02		3.5730773e+01		6.2541341e-73		4.2442833e-73		1.0832478e-72		1.0832478e-72		0.0000000e+00
2.5500000e+02		2.5600000e+02		2.5550000e+02		4.8755658e+01		1.3052492e-72		8.9108443e-73		2.2607580e-72		2.2607580e-72		0.0000000e+00
2.5600000e+02		2.5700000e+02		2.5650000e+02		6.2803876e+01		2.7080077e-72		1.8609832e-72		4.6904070e-72		4.6904070e-72		0.0000000e+00
2.5700000e+02		2.5800000e+02		2.5750000e+02		7.8843355e+01		5.5864392e-72		3.8629449e-72		9.6759966e-72		9.6759966e-72		0.0000000e+00
2.5800000e+02		2.5900000e+02		2.5850000e+02		8.2991293e+01		1.1459586e-71		7.9713298e-72		1.9848586e-71		1.9848586e-71		0.0000000e+00
2.5900000e+02		2.6000000e+02		2.5950000e+02		7.0629481e+01		2.3373150e-71		1.6366066e-71		4.0483484e-71		4.0483484e-71		0.0000000e+00
2.6000000e+02		2.6100000e+02		2.6050000e+02		5.7868388e+01		4.7412762e-71		3.3398135e-71		8.2121313e-71		8.2121313e-71		0.0000000e+00
2.6100000e+02		2.6200000e+02		2.6150000e+02		5.9092703e+01		9.5644629e-71		6.7805045e-71		1.6566136e-70		1.6566136e-70		0.0000000e+00
2.6200000e+02		2.6300000e+02		2.6250000e+02		7.0528613e+01		1.9190458e-70		1.3688546e-70		3.3238848e-70		3.3238848e-70		0.0000000e+00
2.6300000e+02		2.6400000e+02		2.6350000e+02		1.0614195e+02		3.8296167e-70		2.7494371e-70		6.6330908e-70		6.6330908e-70		0.0000000e+00
2.6400000e+02		2.6500000e+02		2.6450000e+02		1.6548208e+02		7.6026139e-70		5.4905708e-70		1.3168114e-69		1.3168114e-69		0.0000000e+00
2.6500000e+02		2.6600000e+02		2.6550000e+02		1.7356948e+02		1.5012556e-69		1.0911888e-69		2.6002511e-69		2.6002511e-69		0.0000000e+00
2.6600000e+02		2.6700000e+02		2.6650000e+02		1.6826276e+02		2.9492135e-69		2.1570926e-69		5.1081876e-69		5.1081876e-69		0.0000000e+00
2.6700000e+02		2.6800000e+02		2.6750000e+02		1.6940220e+02		5.7639971e-69		4.2426979e-69		9.9835358e-69		9.9835358e-69		0.0000000e+00
2.6800000e+02		2.6900000e+02		2.6850000e+02		1.6778062e+02		1.1207961e-68		8.3036519e-69		1.9412758e-68		1.9412758e-68		0.0000000e+00
2.6900000e+02		2.7000000e+02		2.6950000e+02		1.5737310e+02		2.1686022e-68		1.6165374e-68		3.7561292e-68		3.7561292e-68		0.0000000e+00
2.7000000e+02		2.7100000e+02		2.7050000e+02		1.8181465e+02		4.1749778e-68		3.1323032e-68		7.2312737e-68		7.2312737e-68		0.0000000e+00
2.7100000e+02		2.7200000e+02		2.7150000e+02		1.5108640e+02		7.9981462e-68		6.0401846e-68		1.3853196e-67		1.3853196e-67		0.0000000e+00
2.7200000e+02		2.7300000e+02		2.7250000e+02		1.2154404e+02		1.5248914e-67		1.1588703e-67		2.6411893e-67		2.6411893e-67		0.0000000e+00
2.7300000e+02		2.7400000e+02		2.7350000e+02		1.2960124e+02		2.8931553e-67		2.2134965e-67		5.0110921e-67		5.0110921e-67		0.0000000e+00
2.7400000e+02		2.7500000e+02		2.7450000e+02		8.9183780e+01		5.4627797e-67		4.2090622e-67		9.4618120e-67		9.4618120e-67		0.0000000e+00
2.7500000e+02		2.7600000e+02		2.7550000e+02		1.1893609e+02		1.0267583e-66		7.9621756e-67		1.7783976e-66		1.7783976e-66		0.0000000e+00
2.7600000e+02		2.7700000e+02		2.7650000e+02		1.6564211e+02		1.9207300e-66		1.4997726e-66		3.3268020e-66		3.3268020e-66		0.0000000e+00
2.7700000e+02		2.7800000e+02		2.7750000e+02		1.5837296e+02		3.5764693e-66		2.8124185e-66		6.1946265e-66		6.1946265e-66		0.0000000e+00
2.7800000e+02		2.7900000e+02		2.7850000e+02		1.0921797e+02		6.6291556e-66		5.2504664e-66		1.1482034e-65		1.1482034e-65		0.0000000e+00
2.7900000e+02		2.8000000e+02		2.7950000e+02		6.1368404e+01		1.2232086e-65		9.7586733e-66		2.1186595e-65		2.1186595e-65		0.0000000e+00
2.8000000e+02		2.8100000e+02		2.8050000e+02		6.7313201e+01		2.2467187e-65		1.8066905e-65		3.8914310e-65		3.8914310e-65		1.8957299e-320
2.8100000e+02		2.8200000e+02		2.8150000e+02		1.3943196e+02		4.1085081e-65		3.3300823e-65		7.1161447e-65		7.1161447e-65		7.6568869e-293
2.8200000e+02		2.8300000e+02		2.8250000e+02		1.8983287e+02		7.4801111e-65		6.1121657e-65		1.2955932e-64		1.2955932e-64		1.3454934e-267
2.8300000e+02		2.8400000e+02		2.8350000e+02		1.9610227e+02		1.3560834e-64		1.1167428e-64		2.3488053e-64		2.3488053e-64		1.0551342e-247
2.8400000e+02		2.8500000e+02		2.8450000e+02		1.4459284e+02		2.4470624e-64		2.0344373e-64		4.2384364e-64		4.2384364e-64		5.2668610e-221
2.8500000e+02		2.8600000e+02		2.8550000e+02		9.2944992e+01		4.3972101e-64		3.6901670e-64		7.6161913e-64		7.6161913e-64		1.5047528e-199
2.8600000e+02		2.8700000e+02		2.8650000e+02		1.9045522e+02		7.8685727e-64		6.6650048e-64		1.3628768e-63		1.3628768e-63		3.5055369e-181
2.8700000e+02		2.8800000e+02		2.8750000e+02		2.2108403e+02		1.4014725e-63		1.2009057e-63		2.4274215e-63		2.4274215e-63		4.8483837e-159
2.8800000e+02		2.8900000e+02		2.8850000e+02		2.1010240e+02		2.4852582e-63		2.1566322e-63		4.3045934e-63		4.3045934e-63		6.7507706e-139
2.8900000e+02		2.9000000e+02		2.8950000e+02		3.1885068e+02		4.3904443e-63		3.8535425e-63		7.6044725e-63		7.6044725e-63		9.3113295e-125
2.9000000e+02		2.9100000e+02		2.9050000e+02		4.1860542e+02		7.7232368e-63		6.8621696e-63		1.3377039e-62		1.3377039e-62		1.2574177e-111
2.9100000e+02		2.9200000e+02		2.9150000e+02		4.0318642e+02		1.3524798e-62		1.2188732e-62		2.3425637e-62		2.3425637e-62		2.2305135e-98
2.9200000e+02		2.9300000e+02		2.9250000e+02		3.5818014e+02		2.3584399e-62		2.1577845e-62		4.0849377e-62		4.0849377e-62		9.0540513e-87
2.9300000e+02		2.9400000e+02		2.9350000e+02		3.7393440e+02		4.0952814e-62		3.8074727e-62		7.0932355e-62		7.0932355e-62		1.6317940e-76
2.9400000e+02		2.9500000e+02		2.9450000e+02		3.4819581e+02		7.0810281e-62		1.5892762e-60		1.2264688e-61		1.2264671e-61		1.6988605e-67
2.9500000e+02		2.9600000e+02		2.9550000e+02		3.7701055e+02		8.5179151e-59		3.5227324e-55		8.5759185e-59		1.3723766e-60		8.4386809e-59
2.9600000e+02		2.9700000e+02		2.9650000e+02		3.4493460e+02		3.6368708e-51		5.5880678e-48		3.6605602e-51		5.6049674e-53		3.6045105e-51
2.9700000e+02		2.9800000e+02		2.9750000e+02		3.5165811e+02		1.5036818e-44		9.8415718e-42		1.5147171e-44		2.6109794e-46		1.4886073e-44
2.9800000e+02		2.9900000e+02		2.9850000e+02		3.0223333e+02		4.9591453e-39		1.5782730e-36		4.9999536e-39		9.6553344e-41		4.9034002e-39
2.9900000e+02		3.0000000e+02		2.9950000e+02		3.4101318e+02		7.9078248e-34		1.2944882e-31		7.9812907e-34		1.7382219e-35		7.8074685e-34
3.0000000e+02		3.0100000e+02		3.0050000e+02		2.7131061e+02		1.2082301e-29		1.1379585e-27		1.2208164e-29		2.9779554e-31		1.1910369e-29
3.0100000e+02		3.0200000e+02		3.0150000e+02		3.1202593e+02		1.7539510e-25		9.7329362e-24		1.7746936e-25		4.9077575e-27		1.7256160e-25
3.0200000e+02		3.0300000e+02		3.0250000e+02		3.2846528e+02		1.9848146e-22		7.4508014e-21		2.0108750e-22		6.1659549e-24		1.9492154e-22
3.0300000e+02		3.0400000e+02		3.0350000e+02		4.2601061e+02		5.7770692e-19		1.4082853e-17		5.8639746e-19		2.0562040e-20		5.6583542e-19
3.0400000e+02		3.0500000e+02		3.0450000e+02		4.0776836e+02		6.0553122e-17		1.1352269e-15		6.1549459e-17		2.3573593e-18		5.9192100e-17
3.0500000e+02		3.0600000e+02		3.0550000e+02		4.1174793e+02		4.0652673e-14		5.3017272e-13		4.1429909e-14		1.8389597e-15		3.9590949e-14
3.0600000e+02		3.0700000e+02		3.0650000e+02		3.9053943e+02		9.9532374e-13		1.0827722e-11		1.0159243e-12		4.8741559e-14		9.6718279e-13
3.0700000e+02		3.0800000e+02		3.0750000e+02		4.3847484e+02		2.0672106e-10		1.6820003e-09		2.1172762e-10		1.1845666e-11		1.9988196e-10
3.0800000e+02		3.0900000e+02		3.0850000e+02		4.3035211e+02		2.7577045e-09		1.9413271e-08		2.8303335e-09		1.7184209e-10		2.6584914e-09
3.0900000e+02		3.1000000e+02		3.0950000e+02		3.4901328e+02		7.6598876e-08		4.4367816e-07		7.8910018e-08		5.4682219e-09		7.3441796e-08
3.1000000e+02		3.1100000e+02		3.1050000e+02		4.3927411e+02		1.4514919e-06		7.2482516e-06		1.5007943e-06		1.1665057e-07		1.3841437e-06
3.1100000e+02		3.1200000e+02		3.1150000e+02		5.2246540e+02		9.5461561e-06		4.3455923e-05		9.8972270e-06		8.3064271e-07		9.0665843e-06
3.1200000e+02		3.1300000e+02		3.1250000e+02		4.6521908e+02		1.4828022e-04		5.8044928e-04		1.5471060e-04		1.5214441e-05		1.3949616e-04
3.1300000e+02		3.1400000e+02		3.1350000e+02		4.9544367e+02		4.8952063e-04		1.8083456e-03		5.1220844e-04		5.3679954e-05		4.5852849e-04
3.1400000e+02		3.1500000e+02		3.1450000e+02		4.6729179e+02		4.5351557e-03		1.5000275e-02		4.7845644e-03		5.9010740e-04		4.1944570e-03
3.1500000e+02		3.1600000e+02		3.1550000e+02		4.5343123e+02		1.0694534e-02		3.3981553e-02		1.1324019e-02		1.4893783e-03		9.8346409e-03
3.1600000e+02		3.1700000e+02		3.1650000e+02		4.4229406e+02		6.0999525e-02		1.8049405e-01		6.5259301e-02		1.0078738e-02		5.5180564e-02
3.1700000e+02		3.1800000e+02		3.1750000e+02		5.6102832e+02		1.1917083e-01		3.4706672e-01		1.2780202e-01		2.0421619e-02		1.0738041e-01
3.1800000e+02		3.1900000e+02		3.1850000e+02		4.6340678e+02		4.9103673e-01		1.3634857e+00		5.3434038e-01		1.0245752e-01		4.3188286e-01
3.1900000e+02		3.2000000e+02		3.1950000e+02		4.9774832e+02		9.4856136e-01		2.5987433e+00		1.0385993e+00		2.1303201e-01		8.2556727e-01
3.2000000e+02		3.2100000e+02		3.2050000e+02		5.7184857e+02		1.8321574e+00		4.9712254e+00		2.0185041e+00		4.4090101e-01		1.5776031e+00
3.2100000e+02		3.2200000e+02		3.2150000e+02		4.8024660e+02		6.8900339e+00		1.8475529e+01		7.7983095e+00		2.1490031e+00		5.6493063e+00
3.2200000e+02		3.2300000e+02		3.2250000e+02		4.8228681e+02		3.1937595e+00		8.5794508e+00		3.5520465e+00		8.4771612e-01		2.7043304e+00
3.2300000e+02		3.2400000e+02		3.2350000e+02		4.6607071e+02		1.5377492e+01		4.1338521e+01		1.7733281e+01		5.5738577e+00		1.2159424e+01
3.2400000e+02		3.2500000e+02		3.2450000e+02		5.4882129e+02		2.2617362e+01		6.0896279e+01		2.6215562e+01		8.5134328e+00		1.7702129e+01
3.2500000e+02		3.2600000e+02		3.2550000e+02		6.3196128e+02		2.2264050e+01		5.9766071e+01		2.5635047e+01		7.9758657e+00		1.7659182e+01
3.2600000e+02		3.2700000e+02		3.2650000e+02		7.1301257e+02		8.2803152e+01		2.2716874e+02		9.9500766e+01		3.9506979e+01		5.9993787e+01
3.2700000e+02		3.2800000e+02		3.2750000e+02		6.8984049e+02		6.9640303e+01		1.9012889e+02		8.2985377e+01		3.1574782e+01		5.1410595e+01
3.2800000e+02		3.2900000e+02		3.2850000e+02		6.6596082e+02		6.4678601e+01		1.7621372e+02		7.6789723e+01		2.8655223e+01		4.8134501e+01
3.2900000e+02		3.3000000e+02		3.2950000e+02		7.7527139e+02		2.0710625e+02		5.8269020e+02		2.5893080e+02		1.2261820e+02		1.3631259e+02
3.3000000e+02		3.3100000e+02		3.3050000e+02		7.3029799e+02		1.5229259e+02		4.2381932e+02		1.8705269e+02		8.2243295e+01		1.0480940e+02
3.3100000e+02		3.3200000e+02		3.3150000e+02		6.9881652e+02		1.3328825e+02		3.6931433e+02		1.6252115e+02		6.9165792e+01		9.3355359e+01
3.3200000e+02		3.3300000e+02		3.3250000e+02		6.8562051e+02		2.8930803e+02		8.2843973e+02		3.7157618e+02		1.9464853e+02		1.7692765e+02
3.3300000e+02		3.3400000e+02		3.3350000e+02		6.5878216e+02		2.1313157e+02		6.0187907e+02		2.6755066e+02		1.2875696e+02		1.3879370e+02
3.3400000e+02		3.3500000e+02		3.3450000e+02		6.9405546e+02		2.5996341e+02		7.3835081e+02		3.2917866e+02		1.6376503e+02		1.6541363e+02
3.3500000e+02		3.3600000e+02		3.3550000e+02		6.8541663e+02		4.2051433e+02		1.2248685e+03		5.5479091e+02		3.1770179e+02		2.3708912e+02
3.3600000e+02		3.3700000e+02		3.3650000e+02		5.6469084e+02		3.1055208e+02		8.9794013e+02		4.0448908e+02		2.2225733e+02		1.8223176e+02
3.3700000e+02		3.3800000e+02		3.3750000e+02		5.9573781e+02		2.6499964e+02		7.5665669e+02		3.3792841e+02		1.7255133e+02		1.6537708e+02
3.3800000e+02		3.3900000e+02		3.3850000e+02		6.4448401e+02		4.4149394e+02		1.2902687e+03		5.8494119e+02		3.3939985e+02		2.4554134e+02
3.3900000e+02		3.4000000e+02		3.3950000e+02		6.7448220e+02		4.8206171e+02		1.4109992e+03		6.4007444e+02		3.7386212e+02		2.6621232e+02
3.4000000e+02		3.4100000e+02		3.4050000e+02		7.1196374e+02		4.6038094e+02		1.3380090e+03		6.0364424e+02		3.3896461e+02		2.6467964e+02
3.4100000e+02		3.4200000e+02		3.4150000e+02		6.4984945e+02		5.5841686e+02		1.6501738e+03		7.5316205e+02		4.6077207e+02		2.9238998e+02
3.4200000e+02		3.4300000e+02		3.4250000e+02		7.0477558e+02		6.2427662e+02		1.8465937e+03		8.4305873e+02		5.1764403e+02		3.2541470e+02
3.4300000e+02		3.4400000e+02		3.4350000e+02		6.9264465e+02		5.6986092e+02		1.6759954e+03		7.6153143e+02		4.5349731e+02		3.0803412e+02
3.4400000e+02		3.4500000e+02		3.4450000e+02		5.5710877e+02		4.4517535e+02		1.3055702e+03		5.9169758e+02		3.4667530e+02		2.4502228e+02
3.4500000e+02		3.4600000e+02		3.4550000e+02		6.7138909e+02		6.1131710e+02		1.8062926e+03		8.2287618e+02		5.0055417e+02		3.2232201e+02
3.4600000e+02		3.4700000e+02		3.4650000e+02		6.5194093e+02		6.2265862e+02		1.8438797e+03		8.4106297e+02		5.1675024e+02		3.2431273e+02
3.4700000e+02		3.4800000e+02		3.4750000e+02		6.4525828e+02		6.2599319e+02		1.8539666e+03		8.4536916e+02		5.1904911e+02		3.2632005e+02
3.4800000e+02		3.4900000e+02		3.4850000e+02		6.6761091e+02		6.8674495e+02		2.0400307e+03		9.3201481e+02		5.8031470e+02		3.5170011e+02
3.4900000e+02		3.5000000e+02		3.4950000e+02		6.3989005e+02		6.5205344e+02		1.9340071e+03		8.8212453e+02		5.4435405e+02		3.3777048e+02
3.5000000e+02		3.5100000e+02		3.5050000e+02		7.6650484e+02		7.9258814e+02		2.3510682e+03		1.0719728e+03		6.6103124e+02		4.1094158e+02
3.5100000e+02		3.5200000e+02		3.5150000e+02		7.1211510e+02		7.1746535e+02		2.1226020e+03		9.6535891e+02		5.8652244e+02		3.7883646e+02
3.5200000e+02		3.5300000e+02		3.5250000e+02		6.5785102e+02		6.7669569e+02		2.0030506e+03		9.1097244e+02		5.5430475e+02		3.5666769e+02
3.5300000e+02		3.5400000e+02		3.5350000e+02		7.5263834e+02		7.9635292e+02		2.3597457e+03		1.0736374e+03		6.5606223e+02		4.1757521e+02
3.5400000e+02		3.5500000e+02		3.5450000e+02		8.0329241e+02		8.6978469e+02		2.5792223e+03		1.1736791e+03		7.1902186e+02		4.5465723e+02
3.5500000e+02		3.5600000e+02		3.5550000e+02		7.5433512e+02		8.1883113e+02		2.4264901e+03		1.1031063e+03		6.7260219e+02		4.3050407e+02
3.5600000e+02		3.5700000e+02		3.5650000e+02		6.5576441e+02		7.1070431e+02		2.1040680e+03		9.5538651e+02		5.7892430e+02		3.7646221e+02
3.5700000e+02		3.5800000e+02		3.5750000e+02		5.7307986e+02		6.1788529e+02		1.8270867e+03		8.2846284e+02		4.9823184e+02		3.3023100e+02
3.5800000e+02		3.5900000e+02		3.5850000e+02		4.9194729e+02		5.3651493e+02		1.5864246e+03		7.1900928e+02		4.3178625e+02		2.8722303e+02
3.5900000e+02		3.6000000e+02		3.5950000e+02		7.1030971e+02		7.7497824e+02		2.2897204e+03		1.0366487e+03		6.1911902e+02		4.1752971e+02
3.6000000e+02		3.6100000e+02		3.6050000e+02		7.0092701e+02		7.6592060e+02		2.2613573e+03		1.0227793e+03		6.0773423e+02		4.1504508e+02
3.6100000e+02		3.6200000e+02		3.6150000e+02		6.5110481e+02		7.1688128e+02		2.1159843e+03		9.5640020e+02		5.6670783e+02		3.8969236e+02
3.6200000e+02		3.6300000e+02		3.6250000e+02		7.3500056e+02		8.1239048e+02		2.3966261e+03		1.0823136e+03		6.3864504e+02		4.4366860e+02
3.6300000e+02		3.6400000e+02		3.6350000e+02		7.1558904e+02		7.9205319e+02		2.3350035e+03		1.0534331e+03		6.1843149e+02		4.3500160e+02
3.6400000e+02		3.6500000e+02		3.6450000e+02		7.4837927e+02		8.2665446e+02		2.4347309e+03		1.0971154e+03		6.3991745e+02		4.5719794e+02
3.6500000e+02		3.6600000e+02		3.6550000e+02		8.5179486e+02		9.3689399e+02		2.7564188e+03		1.2404374e+03		7.1819132e+02		5.2224604e+02
3.6600000e+02		3.6700000e+02		3.6650000e+02		9.1042532e+02		1.0049257e+03		2.9550152e+03		1.3286604e+03		7.6596458e+02		5.6269581e+02
3.6700000e+02		3.6800000e+02		3.6750000e+02		8.7909512e+02		9.7369437e+02		2.8616720e+03		1.2855793e+03		7.3792764e+02		5.4765165e+02
3.6800000e+02		3.6900000e+02		3.6850000e+02		8.1047729e+02		8.9711998e+02		2.6344799e+03		1.1822186e+03		6.7455056e+02		5.0766803e+02
3.6900000e+02		3.7000000e+02		3.6950000e+02		8.9967825e+02		9.9588760e+02		2.9223024e+03		1.3099977e+03		7.4319244e+02		5.6680525e+02
3.7000000e+02		3.7100000e+02		3.7050000e+02		8.4427990e+02		9.3383960e+02		2.7380087e+03		1.2260384e+03		6.9134971e+02		5.3468866e+02
3.7100000e+02		3.7200000e+02		3.7150000e+02		8.7164560e+02		9.6415241e+02		2.8247763e+03		1.2635713e+03		7.0843266e+02		5.5513863e+02
3.7200000e+02		3.7300000e+02		3.7250000e+02		7.2411383e+02		8.0138835e+02		2.3462534e+03		1.0484583e+03		5.8457373e+02		4.6388455e+02
3.7300000e+02		3.7400000e+02		3.7350000e+02		6.3155746e+02		6.9783074e+02		2.0413184e+03		9.1116105e+02		5.0474494e+02		4.0641611e+02
3.7400000e+02		3.7500000e+02		3.7450000e+02		6.4642322e+02		7.1331944e+02		2.0848994e+03		9.2958046e+02		5.1167908e+02		4.1790139e+02
3.7500000e+02		3.7600000e+02		3.7550000e+02		7.4036161e+02		8.1733224e+02		2.3872470e+03		1.0633172e+03		5.8200668e+02		4.8131052e+02
3.7600000e+02		3.7700000e+02		3.7650000e+02		7.6758018e+02		8.4727030e+02		2.4728803e+03		1.1003221e+03		5.9872695e+02		5.0159514e+02
3.7700000e+02		3.7800000e+02		3.7750000e+02		9.0048278e+02		9.9341454e+02		2.8972290e+03		1.2877803e+03		6.9647692e+02		5.9130340e+02
3.7800000e+02		3.7900000e+02		3.7850000e+02		9.3786543e+02		1.0339698e+03		3.0132173e+03		1.3379224e+03		7.1915970e+02		6.1876274e+02
3.7900000e+02		3.8000000e+02		3.7950000e+02		7.6051322e+02		8.3751609e+02		2.4387893e+03		1.0817002e+03		5.7774592e+02		5.0395433e+02
3.8000000e+02		3.8100000e+02		3.8050000e+02		8.2814537e+02		9.1154852e+02		2.6524137e+03		1.1752322e+03		6.2388239e+02		5.5134985e+02
3.8100000e+02		3.8200000e+02		3.8150000e+02		7.4366886e+02		8.1821438e+02		2.3791032e+03		1.0530502e+03		5.5562742e+02		4.9742274e+02
3.8200000e+02		3.8300000e+02		3.8250000e+02		5.3336093e+02		5.8639180e+02		1.7037708e+03		7.5334581e+02		3.9501744e+02		3.5832837e+02
3.8300000e+02		3.8400000e+02		3.8350000e+02		4.7073026e+02		5.1678953e+02		1.5003552e+03		6.6268776e+02		3.4519893e+02		3.1748883e+02
3.8400000e+02		3.8500000e+02		3.8450000e+02		6.2969557e+02		6.9109348e+02		2.0049909e+03		8.8468684e+02		4.5804682e+02		4.2664003e+02
3.8500000e+02		3.8600000e+02		3.8550000e+02		6.6694888e+02		7.3154823e+02		2.1208369e+03		9.3484954e+02		4.8101607e+02		4.5383347e+02
3.8600000e+02		3.8700000e+02		3.8650000e+02		6.6977732e+02		7.3418840e+02		2.1269706e+03		9.3660020e+02		4.7891146e+02		4.5768874e+02
3.8700000e+02		3.8800000e+02		3.8750000e+02		6.6902499e+02		7.3275840e+02		2.1212919e+03		9.3314380e+02		4.7411694e+02		4.5902686e+02
3.8800000e+02		3.8900000e+02		3.8850000e+02		6.7841027e+02		7.4225690e+02		2.1472100e+03		9.4357070e+02		4.7631357e+02		4.6725713e+02
3.8900000e+02		3.9000000e+02		3.8950000e+02		8.1451188e+02		8.9033078e+02		2.5737013e+03		1.1298343e+03		5.6667152e+02		5.6316283e+02
3.9000000e+02		3.9100000e+02		3.9050000e+02		8.5560997e+02		9.3468784e+02		2.7000553e+03		1.1841222e+03		5.9016802e+02		5.9395418e+02
3.9100000e+02		3.9200000e+02		3.9150000e+02		9.2006232e+02		1.0044013e+03		2.8994264e+03		1.2702907e+03		6.2910104e+02		6.4118966e+02
3.9200000e+02		3.9300000e+02		3.9250000e+02		7.0614281e+02		7.7035190e+02		2.2222631e+03		9.7264913e+02		4.7864037e+02		4.9400876e+02
3.9300000e+02		3.9400000e+02		3.9350000e+02		4.3291589e+02		4.7184842e+02		1.3602064e+03		5.9474576e+02		2.9077823e+02		3.0396754e+02
3.9400000e+02		3.9500000e+02		3.9450000e+02		7.1565803e+02		7.7897258e+02		2.2439285e+03		9.8015078e+02		4.7599274e+02		5.0415804e+02
3.9500000e+02		3.9600000e+02		3.9550000e+02		8.7888136e+02		9.5555942e+02		2.7506676e+03		1.2002919e+03		5.7904336e+02		6.2124858e+02
3.9600000e+02		3.9700000e+02		3.9650000e+02		6.0712893e+02		6.5964405e+02		1.8975788e+03		8.2723069e+02		3.9651424e+02		4.3071645e+02
3.9700000e+02		3.9800000e+02		3.9750000e+02		6.8053003e+02		7.3912654e+02		2.1248646e+03		9.2543608e+02		4.4081310e+02		4.8462298e+02
3.9800000e+02		3.9900000e+02		3.9850000e+02		1.0480559e+03		1.1374056e+03		3.2676742e+03		1.4217849e+03		6.7284871e+02		7.4893622e+02
3.9900000e+02		4.0000000e+02		3.9950000e+02		1.1577145e+03		1.2551755e+03		3.6035822e+03		1.5664149e+03		7.3640025e+02		8.3001460e+02
4.0000000e+02		4.0100000e+02		4.0050000e+02		1.1939713e+03		1.2932846e+03		3.7105189e+03		1.6113425e+03		7.5253318e+02		8.5880937e+02
4.0100000e+02		4.0200000e+02		4.0150000e+02		1.2509583e+03		1.3533437e+03		3.8801773e+03		1.6833731e+03		7.8085793e+02		9.0251518e+02
4.0200000e+02		4.0300000e+02		4.0250000e+02		1.2664199e+03		1.3685593e+03		3.9211744e+03		1.6995189e+03		7.8305885e+02		9.1646003e+02
4.0300000e+02		4.0400000e+02		4.0350000e+02		1.2115903e+03		1.3083444e+03		3.7462568e+03		1.6221824e+03		7.4254881e+02		8.7963362e+02
4.0400000e+02		4.0500000e+02		4.0450000e+02		1.1914959e+03		1.2858326e+03		3.6794948e+03		1.5917961e+03		7.2391746e+02		8.6787861e+02
4.0500000e+02		4.0600000e+02		4.0550000e+02		1.1904731e+03		1.2839774e+03		3.6719184e+03		1.5870576e+03		7.1709542e+02		8.6996220e+02
4.0600000e+02		4.0700000e+02		4.0650000e+02		1.1388815e+03		1.2268743e+03		3.5063098e+03		1.5140421e+03		6.7944627e+02		8.3459580e+02
4.0700000e+02		4.0800000e+02		4.0750000e+02		1.1575323e+03		1.2449450e+03		3.5555204e+03		1.5338067e+03		6.8345420e+02		8.5035251e+02
4.0800000e+02		4.0900000e+02		4.0850000e+02		1.2307397e+03		1.3215505e+03		3.7717422e+03		1.6255185e+03		7.1919611e+02		9.0632243e+02
4.0900000e+02		4.1000000e+02		4.0950000e+02		1.2243097e+03		1.3130386e+03		3.7450300e+03		1.6124989e+03		7.0853061e+02		9.0396825e+02
4.1000000e+02		4.1100000e+02		4.1050000e+02		1.1216634e+03		1.2017780e+03		3.4255592e+03		1.4735945e+03		6.4312486e+02		8.3046967e+02
4.1100000e+02		4.1200000e+02		4.1150000e+02		1.3003372e+03		1.3925796e+03		3.9671195e+03		1.7050573e+03		7.3933022e+02		9.6572707e+02
4.1200000e+02		4.1300000e+02		4.1250000e+02		1.2760342e+03		1.3664462e+03		3.8905392e+03		1.6707129e+03		7.1990283e+02		9.5081010e+02
4.1300000e+02		4.1400000e+02		4.1350000e+02		1.2308584e+03		1.3175311e+03		3.7491388e+03		1.6085932e+03		6.8866043e+02		9.1993277e+02
4.1400000e+02		4.1500000e+02		4.1450000e+02		1.2488872e+03		1.3355601e+03		3.7981510e+03		1.6281673e+03		6.9231597e+02		9.3585130e+02
4.1500000e+02		4.1600000e+02		4.1550000e+02		1.2477523e+03		1.3323363e+03		3.7865614e+03		1.6217096e+03		6.8466453e+02		9.3704506e+02
4.1600000e+02		4.1700000e+02		4.1650000e+02		1.2947363e+03		1.3800765e+03		3.9196805e+03		1.6771681e+03		7.0292625e+02		9.7424187e+02
4.1700000e+02		4.1800000e+02		4.1750000e+02		1.1781342e+03		1.2540016e+03		3.5593811e+03		1.5216281e+03		6.3321124e+02		8.8841687e+02
4.1800000e+02		4.1900000e+02		4.1850000e+02		1.2217101e+03		1.2993142e+03		3.6858739e+03		1.5743415e+03		6.5072174e+02		9.2361980e+02
4.1900000e+02		4.2000000e+02		4.1950000e+02		1.2338424e+03		1.3118819e+03		3.7195529e+03		1.5874097e+03		6.5190586e+02		9.3550387e+02
4.2000000e+02		4.2100000e+02		4.2050000e+02		1.2494927e+03		1.3276900e+03		3.7622921e+03		1.6042952e+03		6.5445488e+02		9.4984032e+02
4.2100000e+02		4.2200000e+02		4.2150000e+02		1.2299982e+03		1.3048956e+03		3.6954112e+03		1.5743749e+03		6.3759493e+02		9.3678001e+02
4.2200000e+02		4.2300000e+02		4.2250000e+02		1.1657134e+03		1.2336420e+03		3.4912544e+03		1.4860143e+03		5.9711933e+02		8.8889499e+02
4.2300000e+02		4.2400000e+02		4.2350000e+02		1.2419943e+03		1.3107534e+03		3.7069084e+03		1.5763253e+03		6.2834981e+02		9.4797550e+02
4.2400000e+02		4.2500000e+02		4.2450000e+02		1.2850442e+03		1.3523516e+03		3.8218932e+03		1.6237012e+03		6.4201995e+02		9.8168123e+02
4.2500000e+02		4.2600000e+02		4.2550000e+02		1.2367256e+03		1.2990317e+03		3.6689172e+03		1.5573370e+03		6.1115696e+02		9.4618002e+02
4.2600000e+02		4.2700000e+02		4.2650000e+02		1.2316584e+03		1.2928447e+03		3.6495072e+03		1.5478390e+03		6.0332316e+02		9.4451587e+02
4.2700000e+02		4.2800000e+02		4.2750000e+02		1.1420512e+03		1.1990615e+03		3.3832095e+03		1.4338026e+03		5.5540352e+02		8.7839909e+02
4.2800000e+02		4.2900000e+02		4.2850000e+02		1.1495483e+03		1.2075988e+03		3.4058184e+03		1.4423146e+03		5.5534334e+02		8.8697121e+02
4.2900000e+02		4.3000000e+02		4.2950000e+02		1.0698649e+03		1.1238704e+03		3.1681830e+03		1.3406528e+03		5.1291269e+02		8.2774012e+02
4.3000000e+02		4.3100000e+02		4.3050000e+02		8.6065012e+02		9.0301496e+02		2.5441880e+03		1.0757203e+03		4.0862532e+02		6.6709502e+02
4.3100000e+02		4.3200000e+02		4.3150000e+02		1.0641754e+03		1.1138239e+03		3.1361274e+03		1.3248394e+03		4.9926793e+02		8.2557147e+02
4.3200000e+02		4.3300000e+02		4.3250000e+02		1.1990384e+03		1.2515069e+03		3.5214805e+03		1.4863126e+03		5.5555624e+02		9.3075633e+02
4.3300000e+02		4.3400000e+02		4.3350000e+02		1.3017454e+03		1.3564896e+03		3.8147016e+03		1.6087468e+03		5.9684694e+02		1.0118998e+03
4.3400000e+02		4.3500000e+02		4.3450000e+02		1.1054356e+03		1.1512681e+03		3.2359916e+03		1.3636461e+03		5.0249179e+02		8.6115436e+02
4.3500000e+02		4.3600000e+02		4.3550000e+02		1.2347447e+03		1.2857083e+03		3.6122176e+03		1.5210580e+03		5.5684337e+02		9.6421464e+02
4.3600000e+02		4.3700000e+02		4.3650000e+02		1.3814970e+03		1.4376547e+03		4.0371532e+03		1.6987051e+03		6.1765180e+02		1.0810533e+03
4.3700000e+02		4.3800000e+02		4.3750000e+02		1.2223713e+03		1.2693491e+03		3.5624214e+03		1.4977156e+03		5.4032091e+02		9.5739470e+02
4.3800000e+02		4.3900000e+02		4.3850000e+02		1.1905029e+03		1.2315970e+03		3.4540431e+03		1.4508487e+03		5.1875505e+02		9.3209365e+02
4.3900000e+02		4.4000000e+02		4.3950000e+02		1.3250738e+03		1.3636947e+03		3.8214611e+03		1.6036460e+03		5.6773095e+02		1.0359150e+03
4.4000000e+02		4.4100000e+02		4.4050000e+02		1.2562739e+03		1.2859885e+03		3.6008125e+03		1.5096121e+03		5.2909906e+02		9.8051304e+02
4.4100000e+02		4.4200000e+02		4.4150000e+02		1.3817384e+03		1.4071795e+03		3.9370695e+03		1.6490436e+03		5.7225678e+02		1.0767869e+03
4.4200000e+02		4.4300000e+02		4.4250000e+02		1.4526378e+03		1.4736944e+03		4.1203324e+03		1.7243061e+03		5.9295347e+02		1.1313526e+03
4.4300000e+02		4.4400000e+02		4.4350000e+02		1.4050936e+03		1.4236343e+03		3.9783608e+03		1.6636504e+03		5.6788429e+02		1.0957661e+03
4.4400000e+02		4.4500000e+02		4.4450000e+02		1.4475318e+03		1.4687303e+03		4.1031009e+03		1.7147476e+03		5.8208303e+02		1.1326645e+03
4.4500000e+02		4.4600000e+02		4.4550000e+02		1.3420773e+03		1.3650833e+03		3.8126433e+03		1.5924496e+03		5.3795465e+02		1.0544950e+03
4.4600000e+02		4.4700000e+02		4.4650000e+02		1.3689269e+03		1.3950128e+03		3.8951669e+03		1.6259519e+03		5.4640779e+02		1.0795441e+03
4.4700000e+02		4.4800000e+02		4.4750000e+02		1.4837056e+03		1.5108370e+03		4.2166572e+03		1.7589099e+03		5.8694674e+02		1.1719632e+03
4.4800000e+02		4.4900000e+02		4.4850000e+02		1.4587166e+03		1.4817330e+03		4.1330770e+03		1.7227114e+03		5.7016110e+02		1.1525503e+03
4.4900000e+02		4.5000000e+02		4.4950000e+02		1.4737837e+03		1.4898986e+03		4.1528436e+03		1.7294507e+03		5.6678633e+02		1.1626644e+03
4.5000000e+02		4.5100000e+02		4.5050000e+02		1.5636828e+03		1.5754574e+03		4.3885900e+03		1.8261679e+03		5.9318739e+02		1.2329805e+03
4.5100000e+02		4.5200000e+02		4.5150000e+02		1.5589734e+03		1.5678782e+03		4.3652460e+03		1.8151349e+03		5.8501561e+02		1.2301193e+03
4.5200000e+02		4.5300000e+02		4.5250000e+02		1.4757889e+03		1.4842058e+03		4.1306995e+03		1.7164969e+03		5.4960669e+02		1.1668902e+03
4.5300000e+02		4.5400000e+02		4.5350000e+02		1.4141855e+03		1.4224277e+03		3.9572926e+03		1.6433918e+03		5.2280655e+02		1.1205852e+03
4.5400000e+02		4.5500000e+02		4.5450000e+02		1.5096596e+03		1.5159857e+03		4.2155178e+03		1.7493966e+03		5.5225592e+02		1.1971406e+03
4.5500000e+02		4.5600000e+02		4.5550000e+02		1.4952815e+03		1.4953120e+03		4.1552992e+03		1.7230275e+03		5.3878077e+02		1.1842468e+03
4.5600000e+02		4.5700000e+02		4.5650000e+02		1.5527317e+03		1.5428055e+03		4.2838237e+03		1.7747560e+03		5.4880085e+02		1.2259552e+03
4.5700000e+02		4.5800000e+02		4.5750000e+02		1.5677329e+03		1.5438297e+03		4.2825145e+03		1.7724982e+03		5.4103548e+02		1.2314627e+03
4.5800000e+02		4.5900000e+02		4.5850000e+02		1.4734199e+03		1.4376771e+03		3.9841560e+03		1.6474260e+03		4.9627128e+02		1.1511547e+03
4.5900000e+02		4.6000000e+02		4.5950000e+02		1.5222067e+03		1.4707900e+03		4.0718068e+03		1.6820410e+03		4.9982540e+02		1.1822156e+03
4.6000000e+02		4.6100000e+02		4.6050000e+02		1.5039223e+03		1.4401134e+03		3.9831044e+03		1.6438827e+03		4.8212344e+02		1.1617593e+03
4.6100000e+02		4.6200000e+02		4.6150000e+02		1.5386000e+03		1.4658150e+03		4.0514137e+03		1.6707854e+03		4.8496516e+02		1.1858203e+03
4.6200000e+02		4.6300000e+02		4.6250000e+02		1.5538294e+03		1.4794554e+03		4.0875404e+03		1.6846607e+03		4.8552107e+02		1.1991397e+03
4.6300000e+02		4.6400000e+02		4.6350000e+02		1.5018384e+03		1.4351073e+03		3.9645820e+03		1.6332342e+03		4.6877330e+02		1.1644609e+03
4.6400000e+02		4.6500000e+02		4.6450000e+02		1.5281564e+03		1.4677829e+03		4.0548308e+03		1.6697403e+03		4.7783632e+02		1.1919040e+03
4.6500000e+02		4.6600000e+02		4.6550000e+02		1.4760608e+03		1.4238719e+03		3.9333027e+03		1.6190027e+03		4.6168438e+02		1.1573183e+03
4.6600000e+02		4.6700000e+02		4.6650000e+02		1.4854121e+03		1.4349006e+03		3.9627995e+03		1.6302868e+03		4.6228875e+02		1.1679981e+03
4.6700000e+02		4.6800000e+02		4.6750000e+02		1.4997486e+03		1.4445386e+03		3.9873286e+03		1.6392813e+03		4.6076619e+02		1.1785151e+03
4.6800000e+02		4.6900000e+02		4.6850000e+02		1.4665907e+03		1.4038069e+03		3.8720451e+03		1.5906552e+03		4.4208798e+02		1.1485673e+03
4.6900000e+02		4.7000000e+02		4.6950000e+02		1.5086728e+03		1.4356360e+03		3.9570409e+03		1.6243525e+03		4.4650817e+02		1.1778444e+03
4.7000000e+02		4.7100000e+02		4.7050000e+02		1.4256243e+03		1.3529492e+03		3.7272777e+03		1.5290571e+03		4.1667573e+02		1.1123814e+03
4.7100000e+02		4.7200000e+02		4.7150000e+02		1.4904926e+03		1.4135864e+03		3.8929185e+03		1.5961002e+03		4.3183233e+02		1.1642679e+03
4.7200000e+02		4.7300000e+02		4.7250000e+02		1.5269264e+03		1.4473064e+03		3.9843694e+03		1.6326771e+03		4.3859171e+02		1.1940854e+03
4.7300000e+02		4.7400000e+02		4.7350000e+02		1.4995420e+03		1.4197431e+03		3.9069771e+03		1.6000438e+03		4.2659603e+02		1.1734478e+03
4.7400000e+02		4.7500000e+02		4.7450000e+02		1.5448084e+03		1.4565933e+03		4.0060839e+03		1.6395478e+03		4.3287495e+02		1.2066728e+03
4.7500000e+02		4.7600000e+02		4.7550000e+02		1.5413846e+03		1.4429098e+03		3.9654089e+03		1.6216925e+03		4.2300438e+02		1.1986881e+03
4.7600000e+02		4.7700000e+02		4.7650000e+02		1.4853490e+03		1.3751043e+03		3.7752722e+03		1.5426324e+03		3.9637576e+02		1.1462567e+03
4.7700000e+02		4.7800000e+02		4.7750000e+02		1.5508368e+03		1.4167433e+03		3.8851887e+03		1.5861422e+03		4.0080216e+02		1.1853401e+03
4.7800000e+02		4.7900000e+02		4.7850000e+02		1.5358791e+03		1.3818044e+03		3.7846759e+03		1.5437000e+03		3.8304921e+02		1.1606508e+03
4.7900000e+02		4.8000000e+02		4.7950000e+02		1.5403519e+03		1.3640840e+03		3.7314422e+03		1.5206243e+03		3.7037824e+02		1.1502460e+03
4.8000000e+02		4.8100000e+02		4.8050000e+02		1.5442750e+03		1.3477700e+03		3.6825097e+03		1.4994274e+03		3.5882537e+02		1.1406021e+03
4.8100000e+02		4.8200000e+02		4.8150000e+02		1.5475498e+03		1.3358628e+03		3.6465404e+03		1.4836948e+03		3.4977442e+02		1.1339204e+03
4.8200000e+02		4.8300000e+02		4.8250000e+02		1.5416562e+03		1.3236017e+03		3.6108979e+03		1.4683187e+03		3.4240405e+02		1.1259147e+03
4.8300000e+02		4.8400000e+02		4.8350000e+02		1.5183412e+03		1.3044292e+03		3.5577419e+03		1.4460401e+03		3.3505497e+02		1.1109851e+03
4.8400000e+02		4.8500000e+02		4.8450000e+02		1.4920771e+03		1.2882623e+03		3.5137154e+03		1.4276262e+03		3.2973855e+02		1.0978877e+03
4.8500000e+02		4.8600000e+02		4.8550000e+02		1.4021236e+03		1.2183367e+03		3.3233415e+03		1.3498295e+03		3.1111532e+02		1.0387142e+03
4.8600000e+02		4.8700000e+02		4.8650000e+02		1.2173217e+03		1.0640569e+03		2.9027367e+03		1.1785952e+03		2.7100067e+02		9.0759455e+02
4.8700000e+02		4.8800000e+02		4.8750000e+02		1.3927585e+03		1.2209010e+03		3.3302749e+03		1.3516447e+03		3.0934304e+02		1.0423017e+03
4.8800000e+02		4.8900000e+02		4.8850000e+02		1.4651201e+03		1.2820116e+03		3.4956556e+03		1.4180600e+03		3.2189404e+02		1.0961660e+03
4.8900000e+02		4.9000000e+02		4.8950000e+02		1.4372192e+03		1.2505998e+03		3.4079762e+03		1.3817025e+03		3.1019249e+02		1.0715101e+03
4.9000000e+02		4.9100000e+02		4.9050000e+02		1.5307557e+03		1.3229287e+03		3.6026863e+03		1.4597873e+03		3.2381092e+02		1.1359764e+03
4.9100000e+02		4.9200000e+02		4.9150000e+02		1.4425606e+03		1.2394283e+03		3.3732625e+03		1.3660636e+03		2.9962236e+02		1.0664412e+03
4.9200000e+02		4.9300000e+02		4.9250000e+02		1.3729411e+03		1.1754684e+03		3.1977129e+03		1.2943164e+03		2.8119728e+02		1.0131191e+03
4.9300000e+02		4.9400000e+02		4.9350000e+02		1.4509629e+03		1.2403806e+03		3.3731447e+03		1.3646916e+03		2.9412305e+02		1.0705686e+03
4.9400000e+02		4.9500000e+02		4.9450000e+02		1.4929449e+03		1.2740038e+03		3.4633546e+03		1.4005384e+03		2.9938407e+02		1.1011543e+03
4.9500000e+02		4.9600000e+02		4.9550000e+02		1.4663156e+03		1.2464153e+03		3.3867525e+03		1.3688823e+03		2.8976000e+02		1.0791223e+03
4.9600000e+02		4.9700000e+02		4.9650000e+02		1.4846220e+03		1.2523089e+03		3.4004300e+03		1.3736514e+03		2.8709945e+02		1.0865519e+03
4.9700000e+02		4.9800000e+02		4.9750000e+02		1.5123203e+03		1.2604241e+03		3.4192950e+03		1.3804312e+03		2.8393983e+02		1.0964913e+03
4.9800000e+02		4.9900000e+02		4.9850000e+02		1.3744029e+03		1.1277716e+03		3.0560212e+03		1.2329793e+03		2.4892411e+02		9.8405523e+02
4.9900000e+02		5.0000000e+02		4.9950000e+02		1.4721832e+03		1.1860720e+03		3.2099752e+03		1.2942492e+03		2.5595015e+02		1.0382991e+03
