Left Bin Edge (nm)	Right Bin Edge (nm)	Bin Center (nm)		Top of Atm Intensity (erg/s/nm/cm2)		Total Surface Flux (erg/s/nm/cm2)		Total Intensity at BOA (erg/s/nm/cm2)		Total Surface Intensity (erg/s/nm/cm2)		Total Surface Diffuse Intensity (erg/s/nm/cm2)		Total Surface Direct Intensity (erg/s/nm/cm2)
1.0000000e+02		1.0100000e+02		1.0050000e+02		4.4569042e-02		2.4525374e-199		0.0000000e+00		4.2479194e-199		4.2479194e-199		0.0000000e+00
1.0100000e+02		1.0200000e+02		1.0150000e+02		1.7387199e-01		2.8780738e-197		0.0000000e+00		4.9849701e-197		4.9849701e-197		0.0000000e+00
1.0200000e+02		1.0300000e+02		1.0250000e+02		9.2286085e-01		3.0760917e-195		0.0000000e+00		5.3279471e-195		5.3279471e-195		0.0000000e+00
1.0300000e+02		1.0400000e+02		1.0350000e+02		7.0094286e-01		3.0025219e-193		0.0000000e+00		5.2005205e-193		5.2005205e-193		0.0000000e+00
1.0400000e+02		1.0500000e+02		1.0450000e+02		1.4124828e-01		2.6834655e-191		0.0000000e+00		4.6478986e-191		4.6478986e-191		0.0000000e+00
1.0500000e+02		1.0600000e+02		1.0550000e+02		4.8389941e-02		2.2015022e-189		0.0000000e+00		3.8131136e-189		3.8131136e-189		0.0000000e+00
1.0600000e+02		1.0700000e+02		1.0650000e+02		4.5487167e-02		1.6618998e-187		0.0000000e+00		2.8784949e-187		2.8784949e-187		0.0000000e+00
1.0700000e+02		1.0800000e+02		1.0750000e+02		5.0757295e-02		1.1570799e-185		0.0000000e+00		2.0041212e-185		2.0041212e-185		0.0000000e+00
1.0800000e+02		1.0900000e+02		1.0850000e+02		7.1152114e-02		7.4462170e-184		0.0000000e+00		1.2897226e-183		1.2897226e-183		0.0000000e+00
1.0900000e+02		1.1000000e+02		1.0950000e+02		5.5817450e-02		3.1623590e-05		1.5959404e-04		5.4773665e-05		5.4773665e-05		1.7323009e-64
1.1000000e+02		1.1100000e+02		1.1050000e+02		5.4043772e-02		4.5077665e-05		2.2278376e-04		7.8076806e-05		7.8076806e-05		1.9560562e-61
1.1100000e+02		1.1200000e+02		1.1150000e+02		5.0797691e-02		8.1789413e-06		4.2442771e-05		1.4166342e-05		1.4166342e-05		1.2969837e-58
1.1200000e+02		1.1300000e+02		1.1250000e+02		5.1969037e-02		6.0121759e-06		3.1357871e-05		1.0413394e-05		1.0413394e-05		6.7308746e-56
1.1300000e+02		1.1400000e+02		1.1350000e+02		4.1221387e-02		2.8603793e-05		1.3896751e-04		4.9543223e-05		4.9543223e-05		2.0825549e-53
1.1400000e+02		1.1500000e+02		1.1450000e+02		3.1562600e-02		3.8529759e-05		1.8247550e-04		6.6735500e-05		6.6735500e-05		4.1475183e-51
1.1500000e+02		1.1600000e+02		1.1550000e+02		4.3552050e-02		1.8408859e-04		8.3406906e-04		3.1885079e-04		3.1885079e-04		1.1628525e-48
1.1600000e+02		1.1700000e+02		1.1650000e+02		1.0143732e-01		5.6147920e-04		2.5078623e-03		9.7251050e-04		9.7251050e-04		3.7237785e-46
1.1700000e+02		1.1800000e+02		1.1750000e+02		3.6108525e-01		2.5782650e-03		1.1362115e-02		4.4656860e-03		4.4656860e-03		1.3846594e-43
1.1800000e+02		1.1900000e+02		1.1850000e+02		1.2283927e-01		1.1139389e-03		4.8476511e-03		1.9293988e-03		1.9293988e-03		3.7009819e-42
1.1900000e+02		1.2000000e+02		1.1950000e+02		1.7115732e-01		7.4687109e-04		3.2957827e-03		1.2936187e-03		1.2936187e-03		3.0902616e-40
1.2000000e+02		1.2100000e+02		1.2050000e+02		9.3056497e-01		1.1398714e-03		5.2031905e-03		1.9743153e-03		1.9743153e-03		7.8152443e-38
1.2100000e+02		1.2200000e+02		1.2150000e+02		3.6941242e+01		1.8965889e-02		8.8767322e-02		3.2849883e-02		3.2849883e-02		1.1771040e-34
1.2200000e+02		1.2300000e+02		1.2250000e+02		2.4773856e-01		1.3222416e-04		6.1502215e-04		2.2901896e-04		2.2901896e-04		2.5980774e-35
1.2300000e+02		1.2400000e+02		1.2350000e+02		1.3344721e-01		2.0693265e-05		1.0041257e-04		3.5841786e-05		3.5841786e-05		3.4524967e-34
1.2400000e+02		1.2500000e+02		1.2450000e+02		1.0726631e-01		2.5543404e-06		1.3347869e-05		4.4242473e-06		4.4242473e-06		5.2636616e-33
1.2500000e+02		1.2600000e+02		1.2550000e+02		1.0471361e-01		9.1964044e-07		5.0061559e-06		1.5928640e-06		1.5928640e-06		8.7837283e-32
1.2600000e+02		1.2700000e+02		1.2650000e+02		1.4644878e-01		3.9474126e-06		2.0368199e-05		6.8371193e-06		6.8371193e-06		2.2944128e-30
1.2700000e+02		1.2800000e+02		1.2750000e+02		7.6659940e-02		3.6008604e-05		1.6476975e-04		6.2368731e-05		6.2368731e-05		2.2969716e-29
1.2800000e+02		1.2900000e+02		1.2850000e+02		6.1165494e-02		3.4571584e-04		1.4497751e-03		5.9879740e-04		5.9879740e-04		2.8057026e-28
1.2900000e+02		1.3000000e+02		1.2950000e+02		8.1594975e-02		1.6602985e-03		6.7010706e-03		2.8757214e-03		2.8757214e-03		4.5116566e-27
1.3000000e+02		1.3100000e+02		1.3050000e+02		6.7007791e-01		2.5237338e-02		1.0004319e-01		4.3712352e-02		4.3712352e-02		3.7925076e-25
1.3100000e+02		1.3200000e+02		1.3150000e+02		9.0731094e-02		3.1004933e-03		1.2270450e-02		5.3702120e-03		5.3702120e-03		4.5256026e-25
1.3200000e+02		1.3300000e+02		1.3250000e+02		7.0547730e-02		4.0573095e-03		1.5825347e-02		7.0274662e-03		7.0274662e-03		2.8781826e-24
1.3300000e+02		1.3400000e+02		1.3350000e+02		9.5357088e-01		7.8981955e-02		3.0486691e-01		1.3680076e-01		1.3680076e-01		2.8542209e-22
1.3400000e+02		1.3500000e+02		1.3450000e+02		6.5246966e-02		7.2096282e-03		2.7594067e-02		1.2487442e-02		1.2487442e-02		1.3247717e-22
1.3500000e+02		1.3600000e+02		1.3550000e+02		1.3692679e-01		1.6696420e-02		6.3590057e-02		2.8919048e-02		2.8919048e-02		1.6829911e-21
1.3600000e+02		1.3700000e+02		1.3650000e+02		8.9861989e-02		1.2032918e-02		4.5615303e-02		2.0841625e-02		2.0841625e-02		6.1174744e-21
1.3700000e+02		1.3800000e+02		1.3750000e+02		9.2282630e-02		1.3509154e-02		5.0985043e-02		2.3398541e-02		2.3398541e-02		3.2072122e-20
1.3800000e+02		1.3900000e+02		1.3850000e+02		9.4180145e-02		1.5010158e-02		5.6411555e-02		2.5998356e-02		2.5998356e-02		1.5501020e-19
1.3900000e+02		1.4000000e+02		1.3950000e+02		3.1801144e-01		5.4966830e-02		2.0574952e-01		9.5205342e-02		9.5205342e-02		2.3101252e-18
1.4000000e+02		1.4100000e+02		1.4050000e+02		2.7729440e-01		5.1791265e-02		1.9312171e-01		8.9705102e-02		8.9705102e-02		8.3246056e-18
1.4100000e+02		1.4200000e+02		1.4150000e+02		1.3359910e-01		2.6865976e-02		9.9814640e-02		4.6533236e-02		4.6533236e-02		1.5520738e-17
1.4200000e+02		1.4300000e+02		1.4250000e+02		1.4479671e-01		3.1248242e-02		1.1569288e-01		5.4123542e-02		5.4123542e-02		6.1362862e-17
1.4300000e+02		1.4400000e+02		1.4350000e+02		1.6064305e-01		3.7088325e-02		1.3686010e-01		6.4238863e-02		6.4238863e-02		2.3465822e-16
1.4400000e+02		1.4500000e+02		1.4450000e+02		1.5363637e-01		3.7829590e-02		1.3915476e-01		6.5522772e-02		6.5522772e-02		7.3135432e-16
1.4500000e+02		1.4600000e+02		1.4550000e+02		1.6382583e-01		4.2747892e-02		1.5677938e-01		7.4041521e-02		7.4041521e-02		2.4176204e-15
1.4600000e+02		1.4700000e+02		1.4650000e+02		1.9977093e-01		5.3008018e-02		1.9395310e-01		9.1812580e-02		9.1812580e-02		8.7081588e-15
1.4700000e+02		1.4800000e+02		1.4750000e+02		2.4643334e-01		6.4518699e-02		2.3562912e-01		1.1174967e-01		1.1174967e-01		3.0255129e-14
1.4800000e+02		1.4900000e+02		1.4850000e+02		2.4167300e-01		6.2053807e-02		2.2624027e-01		1.0748035e-01		1.0748035e-01		7.9955176e-14
1.4900000e+02		1.5000000e+02		1.4950000e+02		2.1832777e-01		5.7767367e-02		2.1013130e-01		1.0005602e-01		1.0005602e-01		1.8720934e-13
1.5000000e+02		1.5100000e+02		1.5050000e+02		2.4023073e-01		6.8124200e-02		2.4713134e-01		1.1799458e-01		1.1799458e-01		5.1435022e-13
1.5100000e+02		1.5200000e+02		1.5150000e+02		2.5258505e-01		7.4053466e-02		2.6805635e-01		1.2826437e-01		1.2826437e-01		1.2981300e-12
1.5200000e+02		1.5300000e+02		1.5250000e+02		3.2229547e-01		1.0329246e-01		3.7284929e-01		1.7890779e-01		1.7890779e-01		3.8488048e-12
1.5300000e+02		1.5400000e+02		1.5350000e+02		3.5701286e-01		1.3038062e-01		4.6912984e-01		2.2582585e-01		2.2582585e-01		9.5982381e-12
1.5400000e+02		1.5500000e+02		1.5450000e+02		9.5486931e-01		3.6706372e-01		1.3179040e+00		6.3577300e-01		6.3577300e-01		5.5717777e-11
1.5500000e+02		1.5600000e+02		1.5550000e+02		7.8587524e-01		3.1383204e-01		1.1245947e+00		5.4357304e-01		5.4357304e-01		9.6447947e-11
1.5600000e+02		1.5700000e+02		1.5650000e+02		4.6648084e-01		2.0717293e-01		7.4043937e-01		3.5883404e-01		3.5883404e-01		1.1779941e-10
1.5700000e+02		1.5800000e+02		1.5750000e+02		4.2309893e-01		1.9499086e-01		6.9564578e-01		3.3773407e-01		3.3773407e-01		2.1260030e-10
1.5800000e+02		1.5900000e+02		1.5850000e+02		3.9008072e-01		1.8627490e-01		6.6340244e-01		3.2263759e-01		3.2263759e-01		3.7973927e-10
1.5900000e+02		1.6000000e+02		1.5950000e+02		3.8042347e-01		1.8798699e-01		6.6838522e-01		3.2560301e-01		3.2560301e-01		7.0089236e-10
1.6000000e+02		1.6100000e+02		1.6050000e+02		4.1635449e-01		2.1259064e-01		7.5465862e-01		3.6821779e-01		3.6821779e-01		1.4137003e-09
1.6100000e+02		1.6200000e+02		1.6150000e+02		4.7164413e-01		2.4851219e-01		8.8082349e-01		4.3043573e-01		4.3043573e-01		2.8827073e-09
1.6200000e+02		1.6300000e+02		1.6250000e+02		5.2241459e-01		2.8370550e-01		1.0040827e+00		4.9139233e-01		4.9139232e-01		5.6222043e-09
1.6300000e+02		1.6400000e+02		1.6350000e+02		1.1072121e+00		6.1898476e-01		2.1875976e+00		1.0721130e+00		1.0721130e+00		2.0531393e-08
1.6400000e+02		1.6500000e+02		1.6450000e+02		1.1323318e+00		6.5091725e-01		2.2973266e+00		1.1274217e+00		1.1274217e+00		3.5445921e-08
1.6500000e+02		1.6600000e+02		1.6550000e+02		1.3255566e+00		7.8267163e-01		2.7587277e+00		1.3556270e+00		1.3556269e+00		6.8684529e-08
1.6600000e+02		1.6700000e+02		1.6650000e+02		6.2522883e-01		3.7879609e-01		1.3334855e+00		6.5609404e-01		6.5609399e-01		5.2646156e-08
1.6700000e+02		1.6800000e+02		1.6750000e+02		6.6723830e-01		4.1437947e-01		1.4569863e+00		7.1772624e-01		7.1772615e-01		8.9667425e-08
1.6800000e+02		1.6900000e+02		1.6850000e+02		7.1904320e-01		4.5731646e-01		1.6060828e+00		7.9209523e-01		7.9209508e-01		1.5163685e-07
1.6900000e+02		1.7000000e+02		1.6950000e+02		9.0554889e-01		5.8928627e-01		2.0672359e+00		1.0206735e+00		1.0206733e+00		2.9483184e-07
1.7000000e+02		1.7100000e+02		1.7050000e+02		1.0161854e+00		6.7602643e-01		2.3689614e+00		1.1709118e+00		1.1709113e+00		5.0285368e-07
1.7100000e+02		1.7200000e+02		1.7150000e+02		1.0130704e+00		6.8842722e-01		2.4099030e+00		1.1923904e+00		1.1923896e+00		7.5095153e-07
1.7200000e+02		1.7300000e+02		1.7250000e+02		1.0571150e+00		7.3319248e-01		2.5640321e+00		1.2699258e+00		1.2699246e+00		1.1567584e-06
1.7300000e+02		1.7400000e+02		1.7350000e+02		1.0479596e+00		7.4130434e-01		2.5898893e+00		1.2839756e+00		1.2839739e+00		1.6702953e-06
1.7400000e+02		1.7500000e+02		1.7450000e+02		1.2530722e+00		9.0336112e-01		3.1531208e+00		1.5646653e+00		1.5646624e+00		2.8699769e-06
1.7500000e+02		1.7600000e+02		1.7550000e+02		1.4954862e+00		1.0980169e+00		3.8290993e+00		1.9018175e+00		1.9018127e+00		4.8622357e-06
1.7600000e+02		1.7700000e+02		1.7650000e+02		1.6135596e+00		1.2057574e+00		4.2011653e+00		2.0884276e+00		2.0884203e+00		7.3561140e-06
1.7700000e+02		1.7800000e+02		1.7750000e+02		1.9010195e+00		1.4449015e+00		5.0301755e+00		2.5026340e+00		2.5026220e+00		1.2014684e-05
1.7800000e+02		1.7900000e+02		1.7850000e+02		2.0776624e+00		1.5773868e+00		5.4877202e+00		2.7321010e+00		2.7320830e+00		1.7999880e-05
1.7900000e+02		1.8000000e+02		1.7950000e+02		2.0198657e+00		1.5131154e+00		5.2612301e+00		2.6207753e+00		2.6207516e+00		2.3727854e-05
1.8000000e+02		1.8100000e+02		1.8050000e+02		2.4976225e+00		1.8657415e+00		6.4833414e+00		3.2315302e+00		3.2314908e+00		3.9413318e-05
1.8100000e+02		1.8200000e+02		1.8150000e+02		3.0410490e+00		2.2317605e+00		7.7515700e+00		3.8654759e+00		3.8654122e+00		6.3758952e-05
1.8200000e+02		1.8300000e+02		1.8250000e+02		2.8073836e+00		1.9997257e+00		6.9432106e+00		3.4635699e+00		3.4634925e+00		7.7385295e-05
1.8300000e+02		1.8400000e+02		1.8350000e+02		2.9562417e+00		2.0315504e+00		7.0517548e+00		3.5186708e+00		3.5185647e+00		1.0609954e-04
1.8400000e+02		1.8500000e+02		1.8450000e+02		2.5409769e+00		1.7352898e+00		6.0202900e+00		3.0055236e+00		3.0054056e+00		1.1801931e-04
1.8500000e+02		1.8600000e+02		1.8550000e+02		2.8735562e+00		2.0094905e+00		6.9662769e+00		3.4804140e+00		3.4802422e+00		1.7177834e-04
1.8600000e+02		1.8700000e+02		1.8650000e+02		3.2604304e+00		2.1767705e+00		7.5451423e+00		3.7700962e+00		3.7698491e+00		2.4717562e-04
1.8700000e+02		1.8800000e+02		1.8750000e+02		3.6946466e+00		2.3921273e+00		8.2894831e+00		4.1430277e+00		4.1426748e+00		3.5294319e-04
1.8800000e+02		1.8900000e+02		1.8850000e+02		3.8870616e+00		2.5488794e+00		8.8271047e+00		4.4144471e+00		4.4139806e+00		4.6650743e-04
1.8900000e+02		1.9000000e+02		1.8950000e+02		4.3106081e+00		2.8395444e+00		9.8283323e+00		4.9177631e+00		4.9171183e+00		6.4480308e-04
1.9000000e+02		1.9100000e+02		1.9050000e+02		4.4384288e+00		2.6777212e+00		9.2709557e+00		4.6373538e+00		4.6365405e+00		8.1334186e-04
1.9100000e+02		1.9200000e+02		1.9150000e+02		4.8094361e+00		2.9169977e+00		1.0093934e+01		5.0515950e+00		5.0505113e+00		1.0836761e-03
1.9200000e+02		1.9300000e+02		1.9250000e+02		5.0365493e+00		3.2214714e+00		1.1136799e+01		5.5787313e+00		5.5773368e+00		1.3944679e-03
1.9300000e+02		1.9400000e+02		1.9350000e+02		3.8447944e+00		2.3867940e+00		8.2495380e+00		4.1331061e+00		4.1318188e+00		1.2873753e-03
1.9400000e+02		1.9500000e+02		1.9450000e+02		6.1679797e+00		3.6078194e+00		1.2470629e+01		6.2471161e+00		6.2446431e+00		2.4730135e-03
1.9500000e+02		1.9600000e+02		1.9550000e+02		5.9528271e+00		3.6998523e+00		1.2775710e+01		6.4062199e+00		6.4033347e+00		2.8852525e-03
1.9600000e+02		1.9700000e+02		1.9650000e+02		6.5508102e+00		4.2333112e+00		1.4605977e+01		7.3295232e+00		7.3257161e+00		3.8070595e-03
1.9700000e+02		1.9800000e+02		1.9750000e+02		6.5190955e+00		3.8558556e+00		1.3307806e+01		6.6752848e+00		6.6708410e+00		4.4438276e-03
1.9800000e+02		1.9900000e+02		1.9850000e+02		6.3883794e+00		4.4296772e+00		1.5260408e+01		7.6685818e+00		7.6633306e+00		5.2512080e-03
1.9900000e+02		2.0000000e+02		1.9950000e+02		6.7274707e+00		4.5794567e+00		1.5771536e+01		7.9271056e+00		7.9206224e+00		6.4832224e-03
2.0000000e+02		2.0100000e+02		2.0050000e+02		7.1125146e+00		4.6415201e+00		1.5983390e+01		8.0335137e+00		8.0255430e+00		7.9706747e-03
2.0100000e+02		2.0200000e+02		2.0150000e+02		7.5701275e+00		5.6554311e+00		1.9445153e+01		9.7881305e+00		9.7780718e+00		1.0058745e-02
2.0200000e+02		2.0300000e+02		2.0250000e+02		7.4828608e+00		5.0145802e+00		1.7248139e+01		8.6771944e+00		8.6658381e+00		1.1356232e-02
2.0300000e+02		2.0400000e+02		2.0350000e+02		8.0092047e+00		5.6076904e+00		1.9272548e+01		9.7024710e+00		9.6883549e+00		1.4116125e-02
2.0400000e+02		2.0500000e+02		2.0450000e+02		8.6207445e+00		7.0766215e+00		2.4281953e+01		1.2243999e+01		1.2226146e+01		1.7852832e-02
2.0500000e+02		2.0600000e+02		2.0550000e+02		8.6400754e+00		6.1025907e+00		2.0951950e+01		1.0555308e+01		1.0535242e+01		2.0065748e-02
2.0600000e+02		2.0700000e+02		2.0650000e+02		8.6510225e+00		6.6781944e+00		2.2902855e+01		1.1549979e+01		1.1526765e+01		2.3213340e-02
2.0700000e+02		2.0800000e+02		2.0750000e+02		9.3957826e+00		8.1101816e+00		2.7780658e+01		1.4025938e+01		1.3996830e+01		2.9108051e-02
2.0800000e+02		2.0900000e+02		2.0850000e+02		1.0163489e+01		7.9272783e+00		2.7158169e+01		1.3704713e+01		1.3669558e+01		3.5155297e-02
2.0900000e+02		2.1000000e+02		2.0950000e+02		1.3129215e+01		1.2138194e+01		4.1522222e+01		2.0985527e+01		2.0933014e+01		5.2513026e-02
2.1000000e+02		2.1100000e+02		2.1050000e+02		1.6183343e+01		1.3371229e+01		4.5746716e+01		2.3107178e+01		2.3035501e+01		7.1676646e-02
2.1100000e+02		2.1200000e+02		2.1150000e+02		1.8424170e+01		1.6807990e+01		5.7444798e+01		2.9044329e+01		2.8951490e+01		9.2839413e-02
2.1200000e+02		2.1300000e+02		2.1250000e+02		1.6428561e+01		1.5554383e+01		5.3123851e+01		2.6872860e+01		2.6779806e+01		9.3054429e-02
2.1300000e+02		2.1400000e+02		2.1350000e+02		1.6737981e+01		1.5384680e+01		5.2524935e+01		2.6570008e+01		2.6464771e+01		1.0523694e-01
2.1400000e+02		2.1500000e+02		2.1450000e+02		2.1432541e+01		2.1729078e+01		7.4114779e+01		3.7524651e+01		3.7372728e+01		1.5192333e-01
2.1500000e+02		2.1600000e+02		2.1550000e+02		1.8408135e+01		1.7723393e+01		6.0433523e+01		3.0592719e+01		3.0449152e+01		1.4356711e-01
2.1600000e+02		2.1700000e+02		2.1650000e+02		1.7036901e+01		1.7612034e+01		6.0005403e+01		3.0396281e+01		3.0247852e+01		1.4842840e-01
2.1700000e+02		2.1800000e+02		2.1750000e+02		1.7640866e+01		1.8068074e+01		6.1528287e+01		3.1170933e+01		3.1001698e+01		1.6923543e-01
2.1800000e+02		2.1900000e+02		2.1850000e+02		2.3730294e+01		2.4842869e+01		8.4546710e+01		4.2845226e+01		4.2594034e+01		2.5119249e-01
2.1900000e+02		2.2000000e+02		2.1950000e+02		2.5052511e+01		2.7062253e+01		9.2040661e+01		4.6659211e+01		4.6366900e+01		2.9231048e-01
2.2000000e+02		2.2100000e+02		2.2050000e+02		2.5203754e+01		2.6678733e+01		9.0689961e+01		4.5974016e+01		4.5653129e+01		3.2088647e-01
2.2100000e+02		2.2200000e+02		2.2150000e+02		2.0176768e+01		2.2266813e+01		7.5641764e+01		3.8360591e+01		3.8078290e+01		2.8230182e-01
2.2200000e+02		2.2300000e+02		2.2250000e+02		2.7154039e+01		2.9818925e+01		1.0123877e+02		5.1345090e+01		5.0931453e+01		4.1363625e-01
2.2300000e+02		2.2400000e+02		2.2350000e+02		3.5163062e+01		3.9553110e+01		1.3420196e+02		6.8079739e+01		6.7494729e+01		5.8500998e-01
2.2400000e+02		2.2500000e+02		2.2450000e+02		3.2875934e+01		3.6854683e+01		1.2497209e+02		6.3400384e+01		6.2807803e+01		5.9258153e-01
2.2500000e+02		2.2600000e+02		2.2550000e+02		2.8720078e+01		3.2532506e+01		1.1024621e+02		5.5936714e+01		5.5374950e+01		5.6176375e-01
2.2600000e+02		2.2700000e+02		2.2650000e+02		2.1037217e+01		2.3909063e+01		8.0971822e+01		4.1086002e+01		4.0641075e+01		4.4492717e-01
2.2700000e+02		2.2800000e+02		2.2750000e+02		2.0463841e+01		2.3332290e+01		7.8967288e+01		4.0070682e+01		3.9603460e+01		4.6722197e-01
2.2800000e+02		2.2900000e+02		2.2850000e+02		2.8509984e+01		3.2608257e+01		1.1028762e+02		5.5965258e+01		5.5263257e+01		7.0200122e-01
2.2900000e+02		2.3000000e+02		2.2950000e+02		2.5620938e+01		2.9391350e+01		9.9340339e+01		5.0410602e+01		4.9732084e+01		6.7851720e-01
2.3000000e+02		2.3100000e+02		2.3050000e+02		2.9055844e+01		3.3426411e+01		1.1290161e+02		5.7291911e+01		5.6466379e+01		8.2553168e-01
2.3100000e+02		2.3200000e+02		2.3150000e+02		2.7387429e+01		3.1593552e+01		1.0663645e+02		5.4111316e+01		5.3277602e+01		8.3371422e-01
2.3200000e+02		2.3300000e+02		2.3250000e+02		2.9413108e+01		3.4019658e+01		1.1474369e+02		5.8222748e+01		5.7265128e+01		9.5762075e-01
2.3300000e+02		2.3400000e+02		2.3350000e+02		2.6543685e+01		3.0778413e+01		1.0373635e+02		5.2634252e+01		5.1711471e+01		9.2278117e-01
2.3400000e+02		2.3500000e+02		2.3450000e+02		2.3194371e+01		2.6959803e+01		9.0799220e+01		4.6066516e+01		4.5206969e+01		8.5954673e-01
2.3500000e+02		2.3600000e+02		2.3550000e+02		3.1223226e+01		3.6376117e+01		1.2242129e+02		6.2103773e+01		6.0872286e+01		1.2314868e+00
2.3600000e+02		2.3700000e+02		2.3650000e+02		2.8911473e+01		3.3757572e+01		1.1352226e+02		5.7582659e+01		5.6370760e+01		1.2118987e+00
2.3700000e+02		2.3800000e+02		2.3750000e+02		3.0878004e+01		3.6130191e+01		1.2140699e+02		6.1573799e+01		6.0200222e+01		1.3735769e+00
2.3800000e+02		2.3900000e+02		2.3850000e+02		2.5598090e+01		3.0012861e+01		1.0077177e+02		5.1100424e+01		4.9893709e+01		1.2067147e+00
2.3900000e+02		2.4000000e+02		2.3950000e+02		2.7890834e+01		3.2764225e+01		1.0992180e+02		5.5730713e+01		5.4339293e+01		1.3914201e+00
2.4000000e+02		2.4100000e+02		2.4050000e+02		2.5623038e+01		3.0155633e+01		1.0108791e+02		5.1242086e+01		4.9891084e+01		1.3510024e+00
2.4100000e+02		2.4200000e+02		2.4150000e+02		3.0005079e+01		3.5374780e+01		1.1848564e+02		6.0048455e+01		5.8378542e+01		1.6699136e+00
2.4200000e+02		2.4300000e+02		2.4250000e+02		4.1301739e+01		4.8774284e+01		1.6322950e+02		8.2705598e+01		8.0282350e+01		2.4232479e+00
2.4300000e+02		2.4400000e+02		2.4350000e+02		3.8791639e+01		4.5882517e+01		1.5342126e+02		7.7716569e+01		7.5320176e+01		2.3963929e+00
2.4400000e+02		2.4500000e+02		2.4450000e+02		3.6329084e+01		4.3034152e+01		1.4377302e+02		7.2809676e+01		7.0449646e+01		2.3600299e+00
2.4500000e+02		2.4600000e+02		2.4550000e+02		2.9476122e+01		3.4965794e+01		1.1671549e+02		5.9090215e+01		5.7078994e+01		2.0112216e+00
2.4600000e+02		2.4700000e+02		2.4650000e+02		2.8685918e+01		3.4074087e+01		1.1363802e+02		5.7514477e+01		5.5460560e+01		2.0539175e+00
2.4700000e+02		2.4800000e+02		2.4750000e+02		3.1678139e+01		3.7675868e+01		1.2553721e+02		6.3516166e+01		6.1138801e+01		2.3773651e+00
2.4800000e+02		2.4900000e+02		2.4850000e+02		2.5406301e+01		3.0252444e+01		1.0071045e+02		5.0937340e+01		4.8940991e+01		1.9963496e+00
2.4900000e+02		2.5000000e+02		2.4950000e+02		3.0967514e+01		3.6915490e+01		1.2277869e+02		6.2076376e+01		5.9531295e+01		2.5450807e+00
2.5000000e+02		2.5100000e+02		2.5050000e+02		3.3448743e+01		3.9914704e+01		1.3263070e+02		6.7031865e+01		6.4159892e+01		2.8719736e+00
2.5100000e+02		2.5200000e+02		2.5150000e+02		2.7888154e+01		3.3311490e+01		1.1058517e+02		5.5867543e+01		5.3368195e+01		2.4993478e+00
2.5200000e+02		2.5300000e+02		2.5250000e+02		2.5069906e+01		2.9972336e+01		9.9405074e+01		5.0198124e+01		4.7854728e+01		2.3433961e+00
2.5300000e+02		2.5400000e+02		2.5350000e+02		3.1592540e+01		3.7802052e+01		1.2525237e+02		6.3222817e+01		6.0146175e+01		3.0766421e+00
2.5400000e+02		2.5500000e+02		2.5450000e+02		3.5730773e+01		4.2786569e+01		1.4163067e+02		7.1457275e+01		6.7835620e+01		3.6216549e+00
2.5500000e+02		2.5600000e+02		2.5550000e+02		4.8755658e+01		5.8424732e+01		1.9320671e+02		9.7432717e+01		9.2293882e+01		5.1388350e+00
2.5600000e+02		2.5700000e+02		2.5650000e+02		6.2803876e+01		7.5308164e+01		2.4879016e+02		1.2540022e+02		1.1851907e+02		6.8811463e+00
2.5700000e+02		2.5800000e+02		2.5750000e+02		7.8843355e+01		9.4596249e+01		3.1220100e+02		1.5728153e+02		1.4831496e+02		8.9665685e+00
2.5800000e+02		2.5900000e+02		2.5850000e+02		8.2991293e+01		9.9625881e+01		3.2846790e+02		1.6538808e+02		1.5559504e+02		9.7930419e+00
2.5900000e+02		2.6000000e+02		2.5950000e+02		7.0629481e+01		8.4826198e+01		2.7939027e+02		1.4059977e+02		1.3196170e+02		8.6380773e+00
2.6000000e+02		2.6100000e+02		2.6050000e+02		5.7868388e+01		6.9529095e+01		2.2877221e+02		1.1506153e+02		1.0773090e+02		7.3306284e+00
2.6100000e+02		2.6200000e+02		2.6150000e+02		5.9092703e+01		7.0965716e+01		2.3325384e+02		1.1724521e+02		1.0949845e+02		7.7467564e+00
2.6200000e+02		2.6300000e+02		2.6250000e+02		7.0528613e+01		8.4714627e+01		2.7815281e+02		1.3972869e+02		1.3016467e+02		9.5640222e+00
2.6300000e+02		2.6400000e+02		2.6350000e+02		1.0614195e+02		1.2754439e+02		4.1834111e+02		2.1002113e+02		1.9514207e+02		1.4879066e+01
2.6400000e+02		2.6500000e+02		2.6450000e+02		1.6548208e+02		1.9851887e+02		6.5041803e+02		3.2631171e+02		3.0236112e+02		2.3950592e+01
2.6500000e+02		2.6600000e+02		2.6550000e+02		1.7356948e+02		2.0813467e+02		6.8118561e+02		3.4151916e+02		3.1559111e+02		2.5928056e+01
2.6600000e+02		2.6700000e+02		2.6650000e+02		1.6826276e+02		2.0160719e+02		6.5909873e+02		3.3021689e+02		3.0429382e+02		2.5923078e+01
2.6700000e+02		2.6800000e+02		2.6750000e+02		1.6940220e+02		2.0288178e+02		6.6253964e+02		3.3170777e+02		3.0480557e+02		2.6902207e+01
2.6800000e+02		2.6900000e+02		2.6850000e+02		1.6778062e+02		2.0074075e+02		6.5481758e+02		3.2760281e+02		3.0015884e+02		2.7443964e+01
2.6900000e+02		2.7000000e+02		2.6950000e+02		1.5737310e+02		1.8831830e+02		6.1362550e+02		3.0677284e+02		2.8026645e+02		2.6506394e+01
2.7000000e+02		2.7100000e+02		2.7050000e+02		1.8181465e+02		2.1720112e+02		7.0692955e+02		3.5314527e+02		3.2164731e+02		3.1497960e+01
2.7100000e+02		2.7200000e+02		2.7150000e+02		1.5108640e+02		1.8030883e+02		5.8619115e+02		2.9260320e+02		2.6569131e+02		2.6911883e+01
2.7200000e+02		2.7300000e+02		2.7250000e+02		1.2154404e+02		1.4486102e+02		4.7040941e+02		2.3462208e+02		2.1237694e+02		2.2245136e+01
2.7300000e+02		2.7400000e+02		2.7350000e+02		1.2960124e+02		1.5414623e+02		4.9997481e+02		2.4916119e+02		2.2480780e+02		2.4353389e+01
2.7400000e+02		2.7500000e+02		2.7450000e+02		8.9183780e+01		1.0630259e+02		3.4442982e+02		1.7151655e+02		1.5429787e+02		1.7218673e+01
2.7500000e+02		2.7600000e+02		2.7550000e+02		1.1893609e+02		1.4139931e+02		4.5759809e+02		2.2767267e+02		2.0412496e+02		2.3547707e+01
2.7600000e+02		2.7700000e+02		2.7650000e+02		1.6564211e+02		1.9698033e+02		6.3675933e+02		3.1655220e+02		2.8291010e+02		3.3642108e+01
2.7700000e+02		2.7800000e+02		2.7750000e+02		1.5837296e+02		1.8801806e+02		6.0707172e+02		3.0152801e+02		2.6856743e+02		3.2960584e+01
2.7800000e+02		2.7900000e+02		2.7850000e+02		1.0921797e+02		1.2963799e+02		4.1809968e+02		2.0748883e+02		1.8419709e+02		2.3291749e+01
2.7900000e+02		2.8000000e+02		2.7950000e+02		6.1368404e+01		7.2725368e+01		2.3427154e+02		1.1615582e+02		1.0275755e+02		1.3398270e+01
2.8000000e+02		2.8100000e+02		2.8050000e+02		6.7313201e+01		7.9737512e+01		2.5656548e+02		1.2709643e+02		1.1205240e+02		1.5044027e+01
2.8100000e+02		2.8200000e+02		2.8150000e+02		1.3943196e+02		1.6466537e+02		5.2917558e+02		2.6188693e+02		2.3002867e+02		3.1858257e+01
2.8200000e+02		2.8300000e+02		2.8250000e+02		1.8983287e+02		2.2500016e+02		7.2233973e+02		3.5719418e+02		3.1277441e+02		4.4419765e+01
2.8300000e+02		2.8400000e+02		2.8350000e+02		1.9610227e+02		2.3163817e+02		7.4271612e+02		3.6690132e+02		3.2003605e+02		4.6865264e+01
2.8400000e+02		2.8500000e+02		2.8450000e+02		1.4459284e+02		1.7086130e+02		5.4722829e+02		2.7008322e+02		2.3476158e+02		3.5321640e+01
2.8500000e+02		2.8600000e+02		2.8550000e+02		9.2944992e+01		1.0959496e+02		3.5057979e+02		1.7285558e+02		1.4967625e+02		2.3179334e+01
2.8600000e+02		2.8700000e+02		2.8650000e+02		1.9045522e+02		2.2477733e+02		7.1823957e+02		3.5380647e+02		3.0528622e+02		4.8520245e+01
2.8700000e+02		2.8800000e+02		2.8750000e+02		2.2108403e+02		2.6056835e+02		8.3161377e+02		4.0924692e+02		3.5177726e+02		5.7469651e+01
2.8800000e+02		2.8900000e+02		2.8850000e+02		2.1010240e+02		2.4762274e+02		7.8939866e+02		3.8809685e+02		3.3236532e+02		5.5731531e+01
2.8900000e+02		2.9000000e+02		2.8950000e+02		3.1885068e+02		3.7622074e+02		1.1980496e+03		5.8845006e+02		5.0213995e+02		8.6310104e+01
2.9000000e+02		2.9100000e+02		2.9050000e+02		4.1860542e+02		4.9253866e+02		1.5664999e+03		7.6859986e+02		6.5316780e+02		1.1543205e+02
2.9100000e+02		2.9200000e+02		2.9150000e+02		4.0318642e+02		4.7581315e+02		1.5117742e+03		7.4108047e+02		6.2762921e+02		1.1345126e+02
2.9200000e+02		2.9300000e+02		2.9250000e+02		3.5818014e+02		4.2078013e+02		1.3351555e+03		6.5375162e+02		5.5121645e+02		1.0253516e+02
2.9300000e+02		2.9400000e+02		2.9350000e+02		3.7393440e+02		4.4062446e+02		1.3967204e+03		6.8327204e+02		5.7411035e+02		1.0916169e+02
2.9400000e+02		2.9500000e+02		2.9450000e+02		3.4819581e+02		4.0942899e+02		1.2962535e+03		6.3343493e+02		5.3000374e+02		1.0343119e+02
2.9500000e+02		2.9600000e+02		2.9550000e+02		3.7701055e+02		4.4473538e+02		1.4066444e+03		6.8674746e+02		5.7260673e+02		1.1414073e+02
2.9600000e+02		2.9700000e+02		2.9650000e+02		3.4493460e+02		4.0491396e+02		1.2789797e+03		6.2367229e+02		5.1758777e+02		1.0608452e+02
2.9700000e+02		2.9800000e+02		2.9750000e+02		3.5165811e+02		4.1415070e+02		1.3068776e+03		6.3668417e+02		5.2651983e+02		1.1016434e+02
2.9800000e+02		2.9900000e+02		2.9850000e+02		3.0223333e+02		3.5434990e+02		1.1166942e+03		5.4337673e+02		4.4724228e+02		9.6134447e+01
2.9900000e+02		3.0000000e+02		2.9950000e+02		3.4101318e+02		4.0147609e+02		1.2640348e+03		6.1451349e+02		5.0405189e+02		1.1046160e+02
3.0000000e+02		3.0100000e+02		3.0050000e+02		2.7131061e+02		3.1821854e+02		1.0006110e+03		4.8586907e+02		3.9666542e+02		8.9203651e+01
3.0100000e+02		3.0200000e+02		3.0150000e+02		3.1202593e+02		3.6804010e+02		1.1562933e+03		5.6098076e+02		4.5650251e+02		1.0447825e+02
3.0200000e+02		3.0300000e+02		3.0250000e+02		3.2846528e+02		3.8510192e+02		1.2082117e+03		5.8541228e+02		4.7393942e+02		1.1147286e+02
3.0300000e+02		3.0400000e+02		3.0350000e+02		4.2601061e+02		5.0230293e+02		1.5746085e+03		7.6228187e+02		6.1511678e+02		1.4716509e+02
3.0400000e+02		3.0500000e+02		3.0450000e+02		4.0776836e+02		4.7796383e+02		1.4962324e+03		7.2339531e+02		5.8069710e+02		1.4269821e+02
3.0500000e+02		3.0600000e+02		3.0550000e+02		4.1174793e+02		4.8510909e+02		1.5173208e+03		7.3293843e+02		5.8637050e+02		1.4656793e+02
3.0600000e+02		3.0700000e+02		3.0650000e+02		3.9053943e+02		4.5743207e+02		1.4287716e+03		6.8925574e+02		5.4850069e+02		1.4075505e+02
3.0700000e+02		3.0800000e+02		3.0750000e+02		4.3847484e+02		5.1560501e+02		1.6090402e+03		7.7548927e+02		6.1489277e+02		1.6059650e+02
3.0800000e+02		3.0900000e+02		3.0850000e+02		4.3035211e+02		5.0435444e+02		1.5719541e+03		7.5668149e+02		5.9701221e+02		1.5966928e+02
3.0900000e+02		3.1000000e+02		3.0950000e+02		3.4901328e+02		4.0974965e+02		1.2758297e+03		6.1350393e+02		4.8208779e+02		1.3141614e+02
3.1000000e+02		3.1100000e+02		3.1050000e+02		4.3927411e+02		5.1474906e+02		1.6008827e+03		7.6890000e+02		6.0132758e+02		1.6757243e+02
3.1100000e+02		3.1200000e+02		3.1150000e+02		5.2246540e+02		6.1254751e+02		1.9030478e+03		9.1303332e+02		7.1095706e+02		2.0207627e+02
3.1200000e+02		3.1300000e+02		3.1250000e+02		4.6521908e+02		5.4513150e+02		1.6917443e+03		8.1073276e+02		6.2841932e+02		1.8231344e+02
3.1300000e+02		3.1400000e+02		3.1350000e+02		4.9544367e+02		5.7982437e+02		1.7973754e+03		8.6034674e+02		6.6372305e+02		1.9662369e+02
3.1400000e+02		3.1500000e+02		3.1450000e+02		4.6729179e+02		5.4673331e+02		1.6929499e+03		8.0942992e+02		6.2154686e+02		1.8788307e+02
3.1500000e+02		3.1600000e+02		3.1550000e+02		4.5343123e+02		5.3001796e+02		1.6394045e+03		7.8293118e+02		5.9839912e+02		1.8453206e+02
3.1600000e+02		3.1700000e+02		3.1650000e+02		4.4229406e+02		5.1650783e+02		1.5958161e+03		7.6120515e+02		5.7896008e+02		1.8224507e+02
3.1700000e+02		3.1800000e+02		3.1750000e+02		5.6102832e+02		6.5454482e+02		2.0200829e+03		9.6245565e+02		7.2852485e+02		2.3393081e+02
3.1800000e+02		3.1900000e+02		3.1850000e+02		4.6340678e+02		5.4013033e+02		1.6651273e+03		7.9239810e+02		5.9687196e+02		1.9552614e+02
3.1900000e+02		3.2000000e+02		3.1950000e+02		4.9774832e+02		5.7959898e+02		1.7848392e+03		8.4835999e+02		6.3589537e+02		2.1246461e+02
3.2000000e+02		3.2100000e+02		3.2050000e+02		5.7184857e+02		6.6524096e+02		2.0463252e+03		9.7149254e+02		7.2459902e+02		2.4689352e+02
3.2100000e+02		3.2200000e+02		3.2150000e+02		4.8024660e+02		5.5813944e+02		1.7150077e+03		8.1323377e+02		6.0355967e+02		2.0967410e+02
3.2200000e+02		3.2300000e+02		3.2250000e+02		4.8228681e+02		5.5996899e+02		1.7187696e+03		8.1405069e+02		6.0116375e+02		2.1288694e+02
3.2300000e+02		3.2400000e+02		3.2350000e+02		4.6607071e+02		5.4061385e+02		1.6575637e+03		7.8412347e+02		5.7614993e+02		2.0797354e+02
3.2400000e+02		3.2500000e+02		3.2450000e+02		5.4882129e+02		6.3598439e+02		1.9478942e+03		9.2037383e+02		6.7287264e+02		2.4750119e+02
3.2500000e+02		3.2600000e+02		3.2550000e+02		6.3196128e+02		7.3161807e+02		2.2384110e+03		1.0563829e+03		7.6840187e+02		2.8798104e+02
3.2600000e+02		3.2700000e+02		3.2650000e+02		7.1301257e+02		8.2464874e+02		2.5203612e+03		1.1880266e+03		8.5976116e+02		3.2826541e+02
3.2700000e+02		3.2800000e+02		3.2750000e+02		6.8984049e+02		7.9707505e+02		2.4335184e+03		1.1457260e+03		8.2491702e+02		3.2080898e+02
3.2800000e+02		3.2900000e+02		3.2850000e+02		6.6596082e+02		7.6873599e+02		2.3445298e+03		1.1025126e+03		7.8972399e+02		3.1278863e+02
3.2900000e+02		3.3000000e+02		3.2950000e+02		7.7527139e+02		8.9404784e+02		2.7238618e+03		1.2793662e+03		9.1167301e+02		3.6769319e+02
3.3000000e+02		3.3100000e+02		3.3050000e+02		7.3029799e+02		8.4136718e+02		2.5606940e+03		1.2012936e+03		8.5159496e+02		3.4969860e+02
3.3100000e+02		3.3200000e+02		3.3150000e+02		6.9881652e+02		8.0431705e+02		2.4453970e+03		1.1458357e+03		8.0804175e+02		3.3779393e+02
3.3200000e+02		3.3300000e+02		3.3250000e+02		6.8562051e+02		7.8836476e+02		2.3944283e+03		1.1206156e+03		7.8611386e+02		3.3450171e+02
3.3300000e+02		3.3400000e+02		3.3350000e+02		6.5878216e+02		7.5677142e+02		2.2961164e+03		1.0733227e+03		7.4896842e+02		3.2435430e+02
3.3400000e+02		3.3500000e+02		3.3450000e+02		6.9405546e+02		7.9652099e+02		2.4142562e+03		1.1272018e+03		7.8239918e+02		3.4480261e+02
3.3500000e+02		3.3600000e+02		3.3550000e+02		6.8541663e+02		7.8584779e+02		2.3794896e+03		1.1096452e+03		7.6611298e+02		3.4353226e+02
3.3600000e+02		3.3700000e+02		3.3650000e+02		5.6469084e+02		6.4680897e+02		1.9565141e+03		9.1130894e+02		6.2581367e+02		2.8549528e+02
3.3700000e+02		3.3800000e+02		3.3750000e+02		5.9573781e+02		6.8171480e+02		2.0600300e+03		9.5838236e+02		6.5460248e+02		3.0377988e+02
3.3800000e+02		3.3900000e+02		3.3850000e+02		6.4448401e+02		7.3678844e+02		2.2242306e+03		1.0335417e+03		7.0212582e+02		3.3141591e+02
3.3900000e+02		3.4000000e+02		3.3950000e+02		6.7448220e+02		7.7034469e+02		2.3232211e+03		1.0782562e+03		7.2852645e+02		3.4972975e+02
3.4000000e+02		3.4100000e+02		3.4050000e+02		7.1196374e+02		8.1237694e+02		2.4475636e+03		1.1346171e+03		7.6242832e+02		3.7218874e+02
3.4100000e+02		3.4200000e+02		3.4150000e+02		6.4984945e+02		7.4079609e+02		2.2297102e+03		1.0324005e+03		6.8994347e+02		3.4245704e+02
3.4200000e+02		3.4300000e+02		3.4250000e+02		7.0477558e+02		8.0264627e+02		2.4135134e+03		1.1161810e+03		7.4183110e+02		3.7434988e+02
3.4300000e+02		3.4400000e+02		3.4350000e+02		6.9264465e+02		7.8808395e+02		2.3674249e+03		1.0935708e+03		7.2278966e+02		3.7078115e+02
3.4400000e+02		3.4500000e+02		3.4450000e+02		5.5710877e+02		6.3327448e+02		1.9005372e+03		8.7686683e+02		5.7634567e+02		3.0052115e+02
3.4500000e+02		3.4600000e+02		3.4550000e+02		6.7138909e+02		7.6246098e+02		2.2860467e+03		1.0534883e+03		6.8857804e+02		3.6491027e+02
3.4600000e+02		3.4700000e+02		3.4650000e+02		6.5194093e+02		7.3968088e+02		2.2156310e+03		1.0198358e+03		6.6285378e+02		3.5698207e+02
3.4700000e+02		3.4800000e+02		3.4750000e+02		6.4525828e+02		7.3141532e+02		2.1887954e+03		1.0062993e+03		6.5038248e+02		3.5591682e+02
3.4800000e+02		3.4900000e+02		3.4850000e+02		6.6761091e+02		7.5604863e+02		2.2603795e+03		1.0379907e+03		6.6708214e+02		3.7090858e+02
3.4900000e+02		3.5000000e+02		3.4950000e+02		6.3989005e+02		7.2398427e+02		2.1624885e+03		9.9187526e+02		6.3383689e+02		3.5803837e+02
3.5000000e+02		3.5100000e+02		3.5050000e+02		7.6650484e+02		8.6643861e+02		2.5855802e+03		1.1845503e+03		7.5266024e+02		4.3189002e+02
3.5100000e+02		3.5200000e+02		3.5150000e+02		7.1211510e+02		8.0421823e+02		2.3976853e+03		1.0971878e+03		6.9317356e+02		4.0401429e+02
3.5200000e+02		3.5300000e+02		3.5250000e+02		6.5785102e+02		7.4225620e+02		2.2109181e+03		1.0105457e+03		6.3477984e+02		3.7576589e+02
3.5300000e+02		3.5400000e+02		3.5350000e+02		7.5263834e+02		8.4843198e+02		2.5248699e+03		1.1527048e+03		7.1991722e+02		4.3278758e+02
3.5400000e+02		3.5500000e+02		3.5450000e+02		8.0329241e+02		9.0471247e+02		2.6899127e+03		1.2266320e+03		7.6166988e+02		4.6496215e+02
3.5500000e+02		3.5600000e+02		3.5550000e+02		7.5433512e+02		8.4880769e+02		2.5214193e+03		1.1484696e+03		7.0900758e+02		4.3946198e+02
3.5600000e+02		3.5700000e+02		3.5650000e+02		6.5576441e+02		7.3722971e+02		2.1880100e+03		9.9545908e+02		6.1097725e+02		3.8448183e+02
3.5700000e+02		3.5800000e+02		3.5750000e+02		5.7307986e+02		6.4369792e+02		1.9087184e+03		8.6739531e+02		5.2927370e+02		3.3812160e+02
3.5800000e+02		3.5900000e+02		3.5850000e+02		4.9194729e+02		5.5207683e+02		1.6355926e+03		7.4242557e+02		4.5036996e+02		2.9205561e+02
3.5900000e+02		3.6000000e+02		3.5950000e+02		7.1030971e+02		7.9642462e+02		2.3574293e+03		1.0688592e+03		6.4458712e+02		4.2427207e+02
3.6000000e+02		3.6100000e+02		3.6050000e+02		7.0092701e+02		7.8521346e+02		2.3222162e+03		1.0516955e+03		6.3050329e+02		4.2119221e+02
3.6100000e+02		3.6200000e+02		3.6150000e+02		6.5110481e+02		7.2876230e+02		2.1533978e+03		9.7413396e+02		5.8055557e+02		3.9357839e+02
3.6200000e+02		3.6300000e+02		3.6250000e+02		7.3500056e+02		8.2194901e+02		2.4266620e+03		1.0965096e+03		6.4961730e+02		4.4689229e+02
3.6300000e+02		3.6400000e+02		3.6350000e+02		7.1558904e+02		7.9954931e+02		2.3585131e+03		1.0645151e+03		6.2691578e+02		4.3759931e+02
3.6400000e+02		3.6500000e+02		3.6450000e+02		7.4837927e+02		8.3546795e+02		2.4623737e+03		1.1101445e+03		6.4989163e+02		4.6025284e+02
3.6500000e+02		3.6600000e+02		3.6550000e+02		8.5179486e+02		9.5010516e+02		2.7978828e+03		1.2599947e+03		7.3320650e+02		5.2678819e+02
3.6600000e+02		3.6700000e+02		3.6650000e+02		9.1042532e+02		1.0146397e+03		2.9854233e+03		1.3429522e+03		7.7679588e+02		5.6615636e+02
3.6700000e+02		3.6800000e+02		3.6750000e+02		8.7909512e+02		9.7889569e+02		2.8778574e+03		1.2931267e+03		7.4347863e+02		5.4964810e+02
3.6800000e+02		3.6900000e+02		3.6850000e+02		8.1047729e+02		9.0173036e+02		2.6488105e+03		1.1888901e+03		6.7942732e+02		5.0946282e+02
3.6900000e+02		3.7000000e+02		3.6950000e+02		8.9967825e+02		1.0001397e+03		2.9354776e+03		1.3161049e+03		7.4758177e+02		5.6852314e+02
3.7000000e+02		3.7100000e+02		3.7050000e+02		8.4427990e+02		9.3777739e+02		2.7502006e+03		1.2316828e+03		6.9538771e+02		5.3629511e+02
3.7100000e+02		3.7200000e+02		3.7150000e+02		8.7164560e+02		9.6737585e+02		2.8347105e+03		1.2681414e+03		7.1161885e+02		5.5652251e+02
3.7200000e+02		3.7300000e+02		3.7250000e+02		7.2411383e+02		8.0298326e+02		2.3511017e+03		1.0506470e+03		5.8597875e+02		4.6466827e+02
3.7300000e+02		3.7400000e+02		3.7350000e+02		6.3155746e+02		6.9977626e+02		2.0472843e+03		9.1388591e+02		5.0658888e+02		4.0729703e+02
3.7400000e+02		3.7500000e+02		3.7450000e+02		6.4642322e+02		7.1566915e+02		2.0921258e+03		9.3289343e+02		5.1395816e+02		4.1893527e+02
3.7500000e+02		3.7600000e+02		3.7550000e+02		7.4036161e+02		8.1901266e+02		2.3923528e+03		1.0656189e+03		5.8347656e+02		4.8214231e+02
3.7600000e+02		3.7700000e+02		3.7650000e+02		7.6758018e+02		8.4844570e+02		2.4763962e+03		1.1018719e+03		5.9961275e+02		5.0225912e+02
3.7700000e+02		3.7800000e+02		3.7750000e+02		9.0048278e+02		9.9456156e+02		2.9006263e+03		1.2892558e+03		6.9725408e+02		5.9200173e+02
3.7800000e+02		3.7900000e+02		3.7850000e+02		9.3786543e+02		1.0350352e+03		3.0163504e+03		1.3392683e+03		7.1982309e+02		6.1944517e+02
3.7900000e+02		3.8000000e+02		3.7950000e+02		7.6051322e+02		8.3865244e+02		2.4421800e+03		1.0831882e+03		5.7857788e+02		5.0461035e+02
3.8000000e+02		3.8100000e+02		3.8050000e+02		8.2814537e+02		9.1252515e+02		2.6552902e+03		1.1764699e+03		6.2450002e+02		5.5196990e+02
3.8100000e+02		3.8200000e+02		3.8150000e+02		7.4366886e+02		8.1881020e+02		2.3808080e+03		1.0537508e+03		5.5587532e+02		4.9787544e+02
3.8200000e+02		3.8300000e+02		3.8250000e+02		5.3336093e+02		5.8680339e+02		1.7049442e+03		7.5382505e+02		3.9517750e+02		3.5864755e+02
3.8300000e+02		3.8400000e+02		3.8350000e+02		4.7073026e+02		5.1750399e+02		1.5024853e+03		6.6362030e+02		3.4571490e+02		3.1790540e+02
3.8400000e+02		3.8500000e+02		3.8450000e+02		6.2969557e+02		6.9174282e+02		2.0068849e+03		8.8548862e+02		4.5840749e+02		4.2708114e+02
3.8500000e+02		3.8600000e+02		3.8550000e+02		6.6694888e+02		7.3211847e+02		2.1224765e+03		9.3552769e+02		4.8127137e+02		4.5425632e+02
3.8600000e+02		3.8700000e+02		3.8650000e+02		6.6977732e+02		7.3467701e+02		2.1283554e+03		9.3715921e+02		4.7907804e+02		4.5808117e+02
3.8700000e+02		3.8800000e+02		3.8750000e+02		6.6902499e+02		7.3331053e+02		2.1228740e+03		9.3379413e+02		4.7434930e+02		4.5944483e+02
3.8800000e+02		3.8900000e+02		3.8850000e+02		6.7841027e+02		7.4305326e+02		2.1495486e+03		9.4456998e+02		4.7679366e+02		4.6777631e+02
3.8900000e+02		3.9000000e+02		3.8950000e+02		8.1451188e+02		8.9147523e+02		2.5770927e+03		1.1313034e+03		5.6743954e+02		5.6386386e+02
3.9000000e+02		3.9100000e+02		3.9050000e+02		8.5560997e+02		9.3578113e+02		2.7032784e+03		1.1855070e+03		5.9085773e+02		5.9464926e+02
3.9100000e+02		3.9200000e+02		3.9150000e+02		9.2006232e+02		1.0055523e+03		2.9028146e+03		1.2717426e+03		6.2981300e+02		6.4192960e+02
3.9200000e+02		3.9300000e+02		3.9250000e+02		7.0614281e+02		7.7120760e+02		2.2247768e+03		9.7372257e+02		4.7915555e+02		4.9456701e+02
3.9300000e+02		3.9400000e+02		3.9350000e+02		4.3291589e+02		4.7247189e+02		1.3620529e+03		5.9554408e+02		2.9119194e+02		3.0435214e+02
3.9400000e+02		3.9500000e+02		3.9450000e+02		7.1565803e+02		7.8050200e+02		2.2485225e+03		9.8217888e+02		4.7717261e+02		5.0500627e+02
3.9500000e+02		3.9600000e+02		3.9550000e+02		8.7888136e+02		9.5784908e+02		2.7575781e+03		1.2033637e+03		5.8089379e+02		6.2246990e+02
3.9600000e+02		3.9700000e+02		3.9650000e+02		6.0712893e+02		6.6122376e+02		1.9023440e+03		8.2934672e+02		3.9778317e+02		4.3156354e+02
3.9700000e+02		3.9800000e+02		3.9750000e+02		6.8053003e+02		7.4065819e+02		2.1294653e+03		9.2746594e+02		4.4199188e+02		4.8547406e+02
3.9800000e+02		3.9900000e+02		3.9850000e+02		1.0480559e+03		1.1398831e+03		3.2751220e+03		1.4250742e+03		6.7476958e+02		7.5030467e+02
3.9900000e+02		4.0000000e+02		3.9950000e+02		1.1577145e+03		1.2583022e+03		3.6130075e+03		1.5705935e+03		7.3888917e+02		8.3170434e+02
4.0000000e+02		4.0100000e+02		4.0050000e+02		1.1939713e+03		1.2968427e+03		3.7212616e+03		1.6161154e+03		7.5540745e+02		8.6070799e+02
4.0100000e+02		4.0200000e+02		4.0150000e+02		1.2509583e+03		1.3578396e+03		3.8937907e+03		1.6894462e+03		7.8458969e+02		9.0485650e+02
4.0200000e+02		4.0300000e+02		4.0250000e+02		1.2664199e+03		1.3737188e+03		3.9368193e+03		1.7065112e+03		7.8739524e+02		9.1911598e+02
4.0300000e+02		4.0400000e+02		4.0350000e+02		1.2115903e+03		1.3133869e+03		3.7615430e+03		1.6290107e+03		7.4677388e+02		8.8223681e+02
4.0400000e+02		4.0500000e+02		4.0450000e+02		1.1914959e+03		1.2907689e+03		3.6944498e+03		1.5984691e+03		7.2802655e+02		8.7044256e+02
4.0500000e+02		4.0600000e+02		4.0550000e+02		1.1904731e+03		1.2888335e+03		3.6866188e+03		1.5936084e+03		7.2110530e+02		8.7250314e+02
4.0600000e+02		4.0700000e+02		4.0650000e+02		1.1388815e+03		1.2321946e+03		3.5224355e+03		1.5212399e+03		6.8388845e+02		8.3735140e+02
4.0700000e+02		4.0800000e+02		4.0750000e+02		1.1575323e+03		1.2515830e+03		3.5756739e+03		1.5428232e+03		6.8908170e+02		8.5374146e+02
4.0800000e+02		4.0900000e+02		4.0850000e+02		1.2307397e+03		1.3299053e+03		3.7971317e+03		1.6368913e+03		7.2633669e+02		9.1055464e+02
4.0900000e+02		4.1000000e+02		4.0950000e+02		1.2243097e+03		1.3221356e+03		3.7726782e+03		1.6248836e+03		7.1630933e+02		9.0857425e+02
4.1000000e+02		4.1100000e+02		4.1050000e+02		1.1216634e+03		1.2105415e+03		3.4521876e+03		1.4855166e+03		6.5059816e+02		8.3491845e+02
4.1100000e+02		4.1200000e+02		4.1150000e+02		1.3003372e+03		1.4025156e+03		3.9972886e+03		1.7185478e+03		7.4774018e+02		9.7080763e+02
4.1200000e+02		4.1300000e+02		4.1250000e+02		1.2760342e+03		1.3754690e+03		3.9179041e+03		1.6829269e+03		7.2745315e+02		9.5547374e+02
4.1300000e+02		4.1400000e+02		4.1350000e+02		1.2308584e+03		1.3259756e+03		3.7747294e+03		1.6199997e+03		6.9566858e+02		9.2433116e+02
4.1400000e+02		4.1500000e+02		4.1450000e+02		1.2488872e+03		1.3445958e+03		3.8255283e+03		1.6403653e+03		6.9979804e+02		9.4056722e+02
4.1500000e+02		4.1600000e+02		4.1550000e+02		1.2477523e+03		1.3425800e+03		3.8176075e+03		1.6355461e+03		6.9316529e+02		9.4238079e+02
4.1600000e+02		4.1700000e+02		4.1650000e+02		1.2947363e+03		1.3923181e+03		3.9567908e+03		1.6937110e+03		7.1310324e+02		9.8060778e+02
4.1700000e+02		4.1800000e+02		4.1750000e+02		1.1781342e+03		1.2661916e+03		3.5963303e+03		1.5380939e+03		6.4332778e+02		8.9476608e+02
4.1800000e+02		4.1900000e+02		4.1850000e+02		1.2217101e+03		1.3122676e+03		3.7251189e+03		1.5918157e+03		6.6141798e+02		9.3039777e+02
4.1900000e+02		4.2000000e+02		4.1950000e+02		1.2338424e+03		1.3245417e+03		3.7578804e+03		1.6044542e+03		6.6228010e+02		9.4217409e+02
4.2000000e+02		4.2100000e+02		4.2050000e+02		1.2494927e+03		1.3405822e+03		3.8013018e+03		1.6216263e+03		6.6495745e+02		9.5666881e+02
4.2100000e+02		4.2200000e+02		4.2150000e+02		1.2299982e+03		1.3189248e+03		3.7378556e+03		1.5932257e+03		6.4900300e+02		9.4422274e+02
4.2200000e+02		4.2300000e+02		4.2250000e+02		1.1657134e+03		1.2492957e+03		3.5386147e+03		1.5070469e+03		6.0984592e+02		8.9720099e+02
4.2300000e+02		4.2400000e+02		4.2350000e+02		1.2419943e+03		1.3303104e+03		3.7660714e+03		1.6025923e+03		6.4422579e+02		9.5836650e+02
4.2400000e+02		4.2500000e+02		4.2450000e+02		1.2850442e+03		1.3756673e+03		3.8924087e+03		1.6549934e+03		6.6089252e+02		9.9410087e+02
4.2500000e+02		4.2600000e+02		4.2550000e+02		1.2367256e+03		1.3232220e+03		3.7420457e+03		1.5897636e+03		6.3064438e+02		9.5911926e+02
4.2600000e+02		4.2700000e+02		4.2650000e+02		1.2316584e+03		1.3170905e+03		3.7227622e+03		1.5802897e+03		6.2273609e+02		9.5755362e+02
4.2700000e+02		4.2800000e+02		4.2750000e+02		1.1420512e+03		1.2206155e+03		3.4482900e+03		1.4625996e+03		5.7254041e+02		8.9005915e+02
4.2800000e+02		4.2900000e+02		4.2850000e+02		1.1495483e+03		1.2279777e+03		3.4673085e+03		1.4694901e+03		5.7142447e+02		8.9806564e+02
4.2900000e+02		4.3000000e+02		4.2950000e+02		1.0698649e+03		1.1422577e+03		3.2236292e+03		1.3651302e+03		5.2732200e+02		8.3780824e+02
4.3000000e+02		4.3100000e+02		4.3050000e+02		8.6065012e+02		9.1840801e+02		2.5905828e+03		1.0961843e+03		4.2062322e+02		6.7556108e+02
4.3100000e+02		4.3200000e+02		4.3150000e+02		1.0641754e+03		1.1350057e+03		3.1999452e+03		1.3529695e+03		5.1570795e+02		8.3726156e+02
4.3200000e+02		4.3300000e+02		4.3250000e+02		1.1990384e+03		1.2781906e+03		3.6018419e+03		1.5217095e+03		5.7617193e+02		9.4553761e+02
4.3300000e+02		4.3400000e+02		4.3350000e+02		1.3017454e+03		1.3869736e+03		3.9064616e+03		1.6491288e+03		6.2026582e+02		1.0288630e+03
4.3400000e+02		4.3500000e+02		4.3450000e+02		1.1054356e+03		1.1772186e+03		3.3140619e+03		1.3979698e+03		5.2230297e+02		8.7566684e+02
4.3500000e+02		4.3600000e+02		4.3550000e+02		1.2347447e+03		1.3142689e+03		3.6980917e+03		1.5587743e+03		5.7850610e+02		9.8026824e+02
4.3600000e+02		4.3700000e+02		4.3650000e+02		1.3814970e+03		1.4697459e+03		4.1335902e+03		1.7410195e+03		6.4184024e+02		1.0991793e+03
4.3700000e+02		4.3800000e+02		4.3750000e+02		1.2223713e+03		1.2998181e+03		3.6539383e+03		1.5378370e+03		5.6315882e+02		9.7467816e+02
4.3800000e+02		4.3900000e+02		4.3850000e+02		1.1905029e+03		1.2653155e+03		3.5552710e+03		1.4951917e+03		5.4389305e+02		9.5129869e+02
4.3900000e+02		4.4000000e+02		4.3950000e+02		1.3250738e+03		1.4076646e+03		3.9533936e+03		1.6613898e+03		6.0032027e+02		1.0610696e+03
4.4000000e+02		4.4100000e+02		4.4050000e+02		1.2562739e+03		1.3339392e+03		3.7446015e+03		1.5724854e+03		5.6440620e+02		1.0080792e+03
4.4100000e+02		4.4200000e+02		4.4150000e+02		1.3817384e+03		1.4664657e+03		4.1147351e+03		1.7266511e+03		6.1560534e+02		1.1110458e+03
4.4200000e+02		4.4300000e+02		4.4250000e+02		1.4526378e+03		1.5409891e+03		4.3218696e+03		1.8122507e+03		6.4181177e+02		1.1704389e+03
4.4300000e+02		4.4400000e+02		4.4350000e+02		1.4050936e+03		1.4898598e+03		4.1765846e+03		1.7500642e+03		6.1565022e+02		1.1344140e+03
4.4400000e+02		4.4500000e+02		4.4450000e+02		1.4475318e+03		1.5341504e+03		4.2988202e+03		1.7999906e+03		6.2898465e+02		1.1710060e+03
4.4500000e+02		4.4600000e+02		4.4550000e+02		1.3420773e+03		1.4217354e+03		3.9820549e+03		1.6661673e+03		5.7833215e+02		1.0878352e+03
4.4600000e+02		4.4700000e+02		4.4650000e+02		1.3689269e+03		1.4495215e+03		4.0580919e+03		1.6967811e+03		5.8502264e+02		1.1117585e+03
4.4700000e+02		4.4800000e+02		4.4750000e+02		1.4837056e+03		1.5703519e+03		4.3944508e+03		1.8361293e+03		6.2883619e+02		1.2072931e+03
4.4800000e+02		4.4900000e+02		4.4850000e+02		1.4587166e+03		1.5432160e+03		4.3166453e+03		1.8023614e+03		6.1314452e+02		1.1892169e+03
4.4900000e+02		4.5000000e+02		4.4950000e+02		1.4737837e+03		1.5584676e+03		4.3574363e+03		1.8181325e+03		6.1437370e+02		1.2037588e+03
4.5000000e+02		4.5100000e+02		4.5050000e+02		1.5636828e+03		1.6528087e+03		4.6192458e+03		1.9260460e+03		6.4648623e+02		1.2795597e+03
4.5100000e+02		4.5200000e+02		4.5150000e+02		1.5589734e+03		1.6471161e+03		4.6013946e+03		1.9172919e+03		6.3924289e+02		1.2780490e+03
4.5200000e+02		4.5300000e+02		4.5250000e+02		1.4757889e+03		1.5585580e+03		4.3521773e+03		1.8122188e+03		6.0016805e+02		1.2120508e+03
4.5300000e+02		4.5400000e+02		4.5350000e+02		1.4141855e+03		1.4928629e+03		4.1669997e+03		1.7339433e+03		5.7040235e+02		1.1635410e+03
4.5400000e+02		4.5500000e+02		4.5450000e+02		1.5096596e+03		1.5929753e+03		4.4446138e+03		1.8482253e+03		6.0392795e+02		1.2442974e+03
4.5500000e+02		4.5600000e+02		4.5550000e+02		1.4952815e+03		1.5771429e+03		4.3986458e+03		1.8278956e+03		5.9328738e+02		1.2346082e+03
4.5600000e+02		4.5700000e+02		4.5650000e+02		1.5527317e+03		1.6370583e+03		4.5639050e+03		1.8953201e+03		6.1105393e+02		1.2842662e+03
4.5700000e+02		4.5800000e+02		4.5750000e+02		1.5677329e+03		1.6521940e+03		4.6042561e+03		1.9108256e+03		6.1192906e+02		1.2988966e+03
4.5800000e+02		4.5900000e+02		4.5850000e+02		1.4734199e+03		1.5521664e+03		4.3237861e+03		1.7932607e+03		5.7043525e+02		1.2228255e+03
4.5900000e+02		4.6000000e+02		4.5950000e+02		1.5222067e+03		1.6029121e+03		4.4633876e+03		1.8499650e+03		5.8453324e+02		1.2654317e+03
4.6000000e+02		4.6100000e+02		4.6050000e+02		1.5039223e+03		1.5830235e+03		4.4062859e+03		1.8251277e+03		5.7282465e+02		1.2523031e+03
4.6100000e+02		4.6200000e+02		4.6150000e+02		1.5386000e+03		1.6188817e+03		4.5043515e+03		1.8645608e+03		5.8128312e+02		1.2832777e+03
4.6200000e+02		4.6300000e+02		4.6250000e+02		1.5538294e+03		1.6342618e+03		4.5454001e+03		1.8803646e+03		5.8228550e+02		1.2980791e+03
4.6300000e+02		4.6400000e+02		4.6350000e+02		1.5018384e+03		1.5789628e+03		4.3899254e+03		1.8149085e+03		5.5825355e+02		1.2566550e+03
4.6400000e+02		4.6500000e+02		4.6450000e+02		1.5281564e+03		1.6060106e+03		4.4634409e+03		1.8441533e+03		5.6345177e+02		1.2807015e+03
4.6500000e+02		4.6600000e+02		4.6550000e+02		1.4760608e+03		1.5506658e+03		4.3080146e+03		1.7788363e+03		5.3985713e+02		1.2389792e+03
4.6600000e+02		4.6700000e+02		4.6650000e+02		1.4854121e+03		1.5598964e+03		4.3320519e+03		1.7876644e+03		5.3890500e+02		1.2487594e+03
4.6700000e+02		4.6800000e+02		4.6750000e+02		1.4997486e+03		1.5743581e+03		4.3706071e+03		1.8024764e+03		5.3973355e+02		1.2627428e+03
4.6800000e+02		4.6900000e+02		4.6850000e+02		1.4665907e+03		1.5389755e+03		4.2708236e+03		1.7602601e+03		5.2356499e+02		1.2366951e+03
4.6900000e+02		4.7000000e+02		4.6950000e+02		1.5086728e+03		1.5825483e+03		4.3901560e+03		1.8083582e+03		5.3427210e+02		1.2740861e+03
4.7000000e+02		4.7100000e+02		4.7050000e+02		1.4256243e+03		1.4948841e+03		4.1454809e+03		1.7065564e+03		5.0082193e+02		1.2057345e+03
4.7100000e+02		4.7200000e+02		4.7150000e+02		1.4904926e+03		1.5623352e+03		4.3309914e+03		1.7818706e+03		5.1942630e+02		1.2624443e+03
4.7200000e+02		4.7300000e+02		4.7250000e+02		1.5269264e+03		1.5999478e+03		4.4336967e+03		1.8230551e+03		5.2787748e+02		1.2951776e+03
4.7300000e+02		4.7400000e+02		4.7350000e+02		1.4995420e+03		1.5706920e+03		4.3511050e+03		1.7880523e+03		5.1428001e+02		1.2737723e+03
4.7400000e+02		4.7500000e+02		4.7450000e+02		1.5448084e+03		1.6175327e+03		4.4793114e+03		1.8396730e+03		5.2558951e+02		1.3140835e+03
4.7500000e+02		4.7600000e+02		4.7550000e+02		1.5413846e+03		1.6133807e+03		4.4662805e+03		1.8332679e+03		5.2025853e+02		1.3130093e+03
4.7600000e+02		4.7700000e+02		4.7650000e+02		1.4853490e+03		1.5541864e+03		4.3009505e+03		1.7643989e+03		4.9736808e+02		1.2670308e+03
4.7700000e+02		4.7800000e+02		4.7750000e+02		1.5508368e+03		1.6221490e+03		4.4875116e+03		1.8398911e+03		5.1518332e+02		1.3247078e+03
4.7800000e+02		4.7900000e+02		4.7850000e+02		1.5358791e+03		1.6059538e+03		4.4412235e+03		1.8198902e+03		5.0617898e+02		1.3137112e+03
4.7900000e+02		4.8000000e+02		4.7950000e+02		1.5403519e+03		1.6100844e+03		4.4511702e+03		1.8229493e+03		5.0364380e+02		1.3193055e+03
4.8000000e+02		4.8100000e+02		4.8050000e+02		1.5442750e+03		1.6136424e+03		4.4595400e+03		1.8253665e+03		5.0094466e+02		1.3244219e+03
4.8100000e+02		4.8200000e+02		4.8150000e+02		1.5475498e+03		1.6165254e+03		4.4660515e+03		1.8270277e+03		4.9805397e+02		1.3289738e+03
4.8200000e+02		4.8300000e+02		4.8250000e+02		1.5416562e+03		1.6098371e+03		4.4461363e+03		1.8178890e+03		4.9225605e+02		1.3256329e+03
4.8300000e+02		4.8400000e+02		4.8350000e+02		1.5183412e+03		1.5849718e+03		4.3760594e+03		1.7882685e+03		4.8100520e+02		1.3072633e+03
4.8400000e+02		4.8500000e+02		4.8450000e+02		1.4920771e+03		1.5570495e+03		4.2976014e+03		1.7552634e+03		4.6897924e+02		1.2862842e+03
4.8500000e+02		4.8600000e+02		4.8550000e+02		1.4021236e+03		1.4627082e+03		4.0359391e+03		1.6475143e+03		4.3725595e+02		1.2102583e+03
4.8600000e+02		4.8700000e+02		4.8650000e+02		1.2173217e+03		1.2695161e+03		3.5017851e+03		1.4287104e+03		3.7665780e+02		1.0520526e+03
4.8700000e+02		4.8800000e+02		4.8750000e+02		1.3927585e+03		1.4520157e+03		4.0039453e+03		1.6327312e+03		4.2757737e+02		1.2051538e+03
4.8800000e+02		4.8900000e+02		4.8850000e+02		1.4651201e+03		1.5269773e+03		4.2093601e+03		1.7156005e+03		4.4628728e+02		1.2693132e+03
4.8900000e+02		4.9000000e+02		4.8950000e+02		1.4372192e+03		1.4974330e+03		4.1266604e+03		1.6810245e+03		4.3438198e+02		1.2466425e+03
4.9000000e+02		4.9100000e+02		4.9050000e+02		1.5307557e+03		1.5943972e+03		4.3925505e+03		1.7884178e+03		4.5905771e+02		1.3293601e+03
4.9100000e+02		4.9200000e+02		4.9150000e+02		1.4425606e+03		1.5020766e+03		4.1369702e+03		1.6835002e+03		4.2925284e+02		1.2542473e+03
4.9200000e+02		4.9300000e+02		4.9250000e+02		1.3729411e+03		1.4291521e+03		3.9349565e+03		1.6004825e+03		4.0537209e+02		1.1951104e+03
4.9300000e+02		4.9400000e+02		4.9350000e+02		1.4509629e+03		1.5099152e+03		4.1561029e+03		1.6895815e+03		4.2509518e+02		1.2644864e+03
4.9400000e+02		4.9500000e+02		4.9450000e+02		1.4929449e+03		1.5531408e+03		4.2738367e+03		1.7365780e+03		4.3401695e+02		1.3025610e+03
4.9500000e+02		4.9600000e+02		4.9550000e+02		1.4663156e+03		1.5249881e+03		4.1951546e+03		1.7037641e+03		4.2298846e+02		1.2807756e+03
4.9600000e+02		4.9700000e+02		4.9650000e+02		1.4846220e+03		1.5435758e+03		4.2450709e+03		1.7231900e+03		4.2497189e+02		1.2982181e+03
4.9700000e+02		4.9800000e+02		4.9750000e+02		1.5123203e+03		1.5719184e+03		4.3217889e+03		1.7534771e+03		4.2957247e+02		1.3239046e+03
4.9800000e+02		4.9900000e+02		4.9850000e+02		1.3744029e+03		1.4281556e+03		3.9254250e+03		1.5918903e+03		3.8740050e+02		1.2044898e+03
4.9900000e+02		5.0000000e+02		4.9950000e+02		1.4721832e+03		1.5293246e+03		4.2023231e+03		1.7033638e+03		4.1178121e+02		1.2915826e+03
