Left Bin Edge (nm)	Right Bin Edge (nm)	Bin Center (nm)		Top of Atm Intensity (erg/s/nm/cm2)		Total Surface Flux (erg/s/nm/cm2)		Total Intensity at BOA (erg/s/nm/cm2)		Total Surface Intensity (erg/s/nm/cm2)		Total Surface Diffuse Intensity (erg/s/nm/cm2)		Total Surface Direct Intensity (erg/s/nm/cm2)
1.0000000e+02		1.0100000e+02		1.0050000e+02		4.4569042e-02		2.4525374e-199		0.0000000e+00		4.2479194e-199		4.2479194e-199		0.0000000e+00
1.0100000e+02		1.0200000e+02		1.0150000e+02		1.7387199e-01		2.8780738e-197		0.0000000e+00		4.9849701e-197		4.9849701e-197		0.0000000e+00
1.0200000e+02		1.0300000e+02		1.0250000e+02		9.2286085e-01		3.0760917e-195		0.0000000e+00		5.3279471e-195		5.3279471e-195		0.0000000e+00
1.0300000e+02		1.0400000e+02		1.0350000e+02		7.0094286e-01		3.0025219e-193		0.0000000e+00		5.2005205e-193		5.2005205e-193		0.0000000e+00
1.0400000e+02		1.0500000e+02		1.0450000e+02		1.4124828e-01		2.6834655e-191		0.0000000e+00		4.6478986e-191		4.6478986e-191		0.0000000e+00
1.0500000e+02		1.0600000e+02		1.0550000e+02		4.8389941e-02		2.2015022e-189		0.0000000e+00		3.8131136e-189		3.8131136e-189		0.0000000e+00
1.0600000e+02		1.0700000e+02		1.0650000e+02		4.5487167e-02		1.6618998e-187		0.0000000e+00		2.8784949e-187		2.8784949e-187		0.0000000e+00
1.0700000e+02		1.0800000e+02		1.0750000e+02		5.0757295e-02		1.1570799e-185		0.0000000e+00		2.0041212e-185		2.0041212e-185		0.0000000e+00
1.0800000e+02		1.0900000e+02		1.0850000e+02		7.1152114e-02		7.4462170e-184		0.0000000e+00		1.2897226e-183		1.2897226e-183		0.0000000e+00
1.0900000e+02		1.1000000e+02		1.0950000e+02		5.5817450e-02		1.0446861e-02		4.6239667e-02		1.8094494e-02		1.8094494e-02		1.9110507e-64
1.1000000e+02		1.1100000e+02		1.1050000e+02		5.4043772e-02		1.0424688e-02		4.5671022e-02		1.8056089e-02		1.8056089e-02		2.2074054e-61
1.1100000e+02		1.1200000e+02		1.1150000e+02		5.0797691e-02		1.0348647e-02		4.4882540e-02		1.7924383e-02		1.7924383e-02		1.6134506e-58
1.1200000e+02		1.1300000e+02		1.1250000e+02		5.1969037e-02		1.0842502e-02		4.6586317e-02		1.8779765e-02		1.8779765e-02		8.6194405e-56
1.1300000e+02		1.1400000e+02		1.1350000e+02		4.1221387e-02		8.8547668e-03		3.7703699e-02		1.5336906e-02		1.5336906e-02		2.4662188e-53
1.1400000e+02		1.1500000e+02		1.1450000e+02		3.1562600e-02		7.3156649e-03		3.0865926e-02		1.2671103e-02		1.2671103e-02		4.8306628e-51
1.1500000e+02		1.1600000e+02		1.1550000e+02		4.3552050e-02		9.9050112e-03		4.1466808e-02		1.7155983e-02		1.7155983e-02		1.2358454e-48
1.1600000e+02		1.1700000e+02		1.1650000e+02		1.0143732e-01		2.4749473e-02		1.0274447e-01		4.2867344e-02		4.2867344e-02		3.9630630e-46
1.1700000e+02		1.1800000e+02		1.1750000e+02		3.6108525e-01		9.1397324e-02		3.7650752e-01		1.5830481e-01		1.5830481e-01		1.4691607e-43
1.1800000e+02		1.1900000e+02		1.1850000e+02		1.2283927e-01		3.3211340e-02		1.3576081e-01		5.7523728e-02		5.7523728e-02		4.0145119e-42
1.1900000e+02		1.2000000e+02		1.1950000e+02		1.7115732e-01		4.7149576e-02		1.9140957e-01		8.1665461e-02		8.1665461e-02		3.5211005e-40
1.2000000e+02		1.2100000e+02		1.2050000e+02		9.3056497e-01		2.0740775e-01		8.3861984e-01		3.5924076e-01		3.5924076e-01		9.5632741e-38
1.2100000e+02		1.2200000e+02		1.2150000e+02		3.6941242e+01		1.1037191e+01		4.4208555e+01		1.9116976e+01		1.9116976e+01		1.5470294e-34
1.2200000e+02		1.2300000e+02		1.2250000e+02		2.4773856e-01		7.6665446e-02		3.0516019e-01		1.3278845e-01		1.3278845e-01		3.4497558e-35
1.2300000e+02		1.2400000e+02		1.2350000e+02		1.3344721e-01		4.2514907e-02		1.6822365e-01		7.3637979e-02		7.3637979e-02		5.1282162e-34
1.2400000e+02		1.2500000e+02		1.2450000e+02		1.0726631e-01		2.7153272e-02		1.0713751e-01		4.7030847e-02		4.7030847e-02		9.5041760e-33
1.2500000e+02		1.2600000e+02		1.2550000e+02		1.0471361e-01		3.5214518e-02		1.3779401e-01		6.0993334e-02		6.0993334e-02		1.8347846e-31
1.2600000e+02		1.2700000e+02		1.2650000e+02		1.4644878e-01		5.1669575e-02		2.0108312e-01		8.9494328e-02		8.9494328e-02		4.3312697e-30
1.2700000e+02		1.2800000e+02		1.2750000e+02		7.6659940e-02		2.7988838e-02		1.0837067e-01		4.8478089e-02		4.8478089e-02		3.3117873e-29
1.2800000e+02		1.2900000e+02		1.2850000e+02		6.1165494e-02		2.2843981e-02		8.8028632e-02		3.9566935e-02		3.9566935e-02		3.3695766e-28
1.2900000e+02		1.3000000e+02		1.2950000e+02		8.1594975e-02		3.1287295e-02		1.2000862e-01		5.4191184e-02		5.4191184e-02		5.0463116e-27
1.3000000e+02		1.3100000e+02		1.3050000e+02		6.7007791e-01		2.6557318e-01		1.0140770e+00		4.5998624e-01		4.5998624e-01		4.1272239e-25
1.3100000e+02		1.3200000e+02		1.3150000e+02		9.0731094e-02		3.6689056e-02		1.3950799e-01		6.3547309e-02		6.3547309e-02		4.9700075e-25
1.3200000e+02		1.3300000e+02		1.3250000e+02		7.0547730e-02		2.8659923e-02		1.0855608e-01		4.9640443e-02		4.9640443e-02		3.0889506e-24
1.3300000e+02		1.3400000e+02		1.3350000e+02		9.5357088e-01		3.9392359e-01		1.4863582e+00		6.8229567e-01		6.8229567e-01		3.0200230e-22
1.3400000e+02		1.3500000e+02		1.3450000e+02		6.5246966e-02		2.7088107e-02		1.0184524e-01		4.6917977e-02		4.6917977e-02		1.3595022e-22
1.3500000e+02		1.3600000e+02		1.3550000e+02		1.3692679e-01		5.4014856e-02		2.0250816e-01		9.3556474e-02		9.3556474e-02		1.7142858e-21
1.3600000e+02		1.3700000e+02		1.3650000e+02		8.9861989e-02		3.4618225e-02		1.2940221e-01		5.9960524e-02		5.9960524e-02		6.2183558e-21
1.3700000e+02		1.3800000e+02		1.3750000e+02		9.2282630e-02		3.4488672e-02		1.2856193e-01		5.9736132e-02		5.9736132e-02		3.2589998e-20
1.3800000e+02		1.3900000e+02		1.3850000e+02		9.4180145e-02		3.5593536e-02		1.3227134e-01		6.1649813e-02		6.1649813e-02		1.5765425e-19
1.3900000e+02		1.4000000e+02		1.3950000e+02		3.1801144e-01		1.2326692e-01		4.5665197e-01		2.1350457e-01		2.1350457e-01		2.3514717e-18
1.4000000e+02		1.4100000e+02		1.4050000e+02		2.7729440e-01		1.1040280e-01		4.0776171e-01		1.9122325e-01		1.9122325e-01		8.4695340e-18
1.4100000e+02		1.4200000e+02		1.4150000e+02		1.3359910e-01		5.4760538e-02		2.0165982e-01		9.4848033e-02		9.4848033e-02		1.5819511e-17
1.4200000e+02		1.4300000e+02		1.4250000e+02		1.4479671e-01		6.1024687e-02		2.2409627e-01		1.0569786e-01		1.0569786e-01		6.2587359e-17
1.4300000e+02		1.4400000e+02		1.4350000e+02		1.6064305e-01		6.9779726e-02		2.5554604e-01		1.2086203e-01		1.2086203e-01		2.3945841e-16
1.4400000e+02		1.4500000e+02		1.4450000e+02		1.5363637e-01		6.8606612e-02		2.5059412e-01		1.1883014e-01		1.1883014e-01		7.4820873e-16
1.4500000e+02		1.4600000e+02		1.4550000e+02		1.6382583e-01		7.5465243e-02		2.7494270e-01		1.3070963e-01		1.3070963e-01		2.4768733e-15
1.4600000e+02		1.4700000e+02		1.4650000e+02		1.9977093e-01		9.4756045e-02		3.4438132e-01		1.6412228e-01		1.6412228e-01		8.9318189e-15
1.4700000e+02		1.4800000e+02		1.4750000e+02		2.4643334e-01		1.2053875e-01		4.3704659e-01		2.0877925e-01		2.0877925e-01		3.1118379e-14
1.4800000e+02		1.4900000e+02		1.4850000e+02		2.4167300e-01		1.2192406e-01		4.4105629e-01		2.1117867e-01		2.1117867e-01		8.2503287e-14
1.4900000e+02		1.5000000e+02		1.4950000e+02		2.1832777e-01		1.1363481e-01		4.1015974e-01		1.9682127e-01		1.9682127e-01		1.9330769e-13
1.5000000e+02		1.5100000e+02		1.5050000e+02		2.4023073e-01		1.2919517e-01		4.6531986e-01		2.2377260e-01		2.2377260e-01		5.3034644e-13
1.5100000e+02		1.5200000e+02		1.5150000e+02		2.5258505e-01		1.3994224e-01		5.0299314e-01		2.4238707e-01		2.4238707e-01		1.3390288e-12
1.5200000e+02		1.5300000e+02		1.5250000e+02		3.2229547e-01		1.8436696e-01		6.6134118e-01		3.1933293e-01		3.1933293e-01		3.9594990e-12
1.5300000e+02		1.5400000e+02		1.5350000e+02		3.5701286e-01		2.1068012e-01		7.5427231e-01		3.6490867e-01		3.6490867e-01		9.8248023e-12
1.5400000e+02		1.5500000e+02		1.5450000e+02		9.5486931e-01		5.8000939e-01		2.0727105e+00		1.0046057e+00		1.0046057e+00		5.6986644e-11
1.5500000e+02		1.5600000e+02		1.5550000e+02		7.8587524e-01		4.9027696e-01		1.7489586e+00		8.4918461e-01		8.4918461e-01		9.8622964e-11
1.5600000e+02		1.5700000e+02		1.5650000e+02		4.6648084e-01		2.9915051e-01		1.0653306e+00		5.1814389e-01		5.1814389e-01		1.1955054e-10
1.5700000e+02		1.5800000e+02		1.5750000e+02		4.2309893e-01		2.7827618e-01		9.8937421e-01		4.8198848e-01		4.8198848e-01		2.1532260e-10
1.5800000e+02		1.5900000e+02		1.5850000e+02		3.9008072e-01		2.6307033e-01		9.3383582e-01		4.5565118e-01		4.5565118e-01		3.8386244e-10
1.5900000e+02		1.6000000e+02		1.5950000e+02		3.8042347e-01		2.6257375e-01		9.3066536e-01		4.5479108e-01		4.5479108e-01		7.0567908e-10
1.6000000e+02		1.6100000e+02		1.6050000e+02		4.1635449e-01		2.9364582e-01		1.0392904e+00		5.0860948e-01		5.0860948e-01		1.4209537e-09
1.6100000e+02		1.6200000e+02		1.6150000e+02		4.7164413e-01		3.3960004e-01		1.2002600e+00		5.8820451e-01		5.8820451e-01		2.8937414e-09
1.6200000e+02		1.6300000e+02		1.6250000e+02		5.2241459e-01		3.8389022e-01		1.3549710e+00		6.6491736e-01		6.6491736e-01		5.6364710e-09
1.6300000e+02		1.6400000e+02		1.6350000e+02		1.1072121e+00		8.2897356e-01		2.9221581e+00		1.4358243e+00		1.4358243e+00		2.0567893e-08
1.6400000e+02		1.6500000e+02		1.6450000e+02		1.1323318e+00		8.6312805e-01		3.0387775e+00		1.4949816e+00		1.4949816e+00		3.5493410e-08
1.6500000e+02		1.6600000e+02		1.6550000e+02		1.3255566e+00		1.0278956e+00		3.6145416e+00		1.7803673e+00		1.7803672e+00		6.8773589e-08
1.6600000e+02		1.6700000e+02		1.6650000e+02		6.2522883e-01		4.9258996e-01		1.7301798e+00		8.5319079e-01		8.5319074e-01		5.2711069e-08
1.6700000e+02		1.6800000e+02		1.6750000e+02		6.6723830e-01		5.3363151e-01		1.8722652e+00		9.2427683e-01		9.2427674e-01		8.9811191e-08
1.6800000e+02		1.6900000e+02		1.6850000e+02		7.1904320e-01		5.8326935e-01		2.0442460e+00		1.0102520e+00		1.0102519e+00		1.5193929e-07
1.6900000e+02		1.7000000e+02		1.6950000e+02		9.0554889e-01		7.4470571e-01		2.6073705e+00		1.2898679e+00		1.2898676e+00		2.9559359e-07
1.7000000e+02		1.7100000e+02		1.7050000e+02		1.0161854e+00		8.4649391e-01		2.9608250e+00		1.4661701e+00		1.4661696e+00		5.0456170e-07
1.7100000e+02		1.7200000e+02		1.7150000e+02		1.0130704e+00		8.5435765e-01		2.9854821e+00		1.4797903e+00		1.4797896e+00		7.5391380e-07
1.7200000e+02		1.7300000e+02		1.7250000e+02		1.0571150e+00		9.0200062e-01		3.1490690e+00		1.5623100e+00		1.5623089e+00		1.1625058e-06
1.7300000e+02		1.7400000e+02		1.7350000e+02		1.0479596e+00		9.0434662e-01		3.1544552e+00		1.5663731e+00		1.5663714e+00		1.6800418e-06
1.7400000e+02		1.7500000e+02		1.7450000e+02		1.2530722e+00		1.0931525e+00		3.8097582e+00		1.8933936e+00		1.8933907e+00		2.8907434e-06
1.7500000e+02		1.7600000e+02		1.7550000e+02		1.4954862e+00		1.3182937e+00		4.5905916e+00		2.2833481e+00		2.2833432e+00		4.9029953e-06
1.7600000e+02		1.7700000e+02		1.7650000e+02		1.6135596e+00		1.4367486e+00		4.9990670e+00		2.4885162e+00		2.4885087e+00		7.4288329e-06
1.7700000e+02		1.7800000e+02		1.7750000e+02		1.9010195e+00		1.7093799e+00		5.9430518e+00		2.9607239e+00		2.9607117e+00		1.2150765e-05
1.7800000e+02		1.7900000e+02		1.7850000e+02		2.0776624e+00		1.8861475e+00		6.5526951e+00		3.2668900e+00		3.2668718e+00		1.8234741e-05
1.7900000e+02		1.8000000e+02		1.7950000e+02		2.0198657e+00		1.8489352e+00		6.4187845e+00		3.2024320e+00		3.2024079e+00		2.4084697e-05
1.8000000e+02		1.8100000e+02		1.8050000e+02		2.4976225e+00		2.3073351e+00		8.0045085e+00		3.9963922e+00		3.9963522e+00		4.0056577e-05
1.8100000e+02		1.8200000e+02		1.8150000e+02		3.0410490e+00		2.8337134e+00		9.8238812e+00		4.9080880e+00		4.9080231e+00		6.4962663e-05
1.8200000e+02		1.8300000e+02		1.8250000e+02		2.8073836e+00		2.6377531e+00		9.1384744e+00		4.5686644e+00		4.5685852e+00		7.9135719e-05
1.8300000e+02		1.8400000e+02		1.8350000e+02		2.9562417e+00		2.7998919e+00		9.6939751e+00		4.8494752e+00		4.8493663e+00		1.0897773e-04
1.8400000e+02		1.8500000e+02		1.8450000e+02		2.5409769e+00		2.4257406e+00		8.3933165e+00		4.2014171e+00		4.2012956e+00		1.2144549e-04
1.8500000e+02		1.8600000e+02		1.8550000e+02		2.8735562e+00		2.7643874e+00		9.5592644e+00		4.7879302e+00		4.7877536e+00		1.7659464e-04
1.8600000e+02		1.8700000e+02		1.8650000e+02		3.2604304e+00		3.1599284e+00		1.0920600e+01		5.4729695e+00		5.4727139e+00		2.5558866e-04
1.8700000e+02		1.8800000e+02		1.8750000e+02		3.6946466e+00		3.6070215e+00		1.2458570e+01		6.2472761e+00		6.2469095e+00		3.6662067e-04
1.8800000e+02		1.8900000e+02		1.8850000e+02		3.8870616e+00		3.8217470e+00		1.3192836e+01		6.6191051e+00		6.6186204e+00		4.8465490e-04
1.8900000e+02		1.9000000e+02		1.8950000e+02		4.3106081e+00		4.2677291e+00		1.4724332e+01		7.3914327e+00		7.3907621e+00		6.7055155e-04
1.9000000e+02		1.9100000e+02		1.9050000e+02		4.4384288e+00		4.4239483e+00		1.5255168e+01		7.6618770e+00		7.6610214e+00		8.5552325e-04
1.9100000e+02		1.9200000e+02		1.9150000e+02		4.8094361e+00		4.8254416e+00		1.6630958e+01		8.3570747e+00		8.3559336e+00		1.1411566e-03
1.9200000e+02		1.9300000e+02		1.9250000e+02		5.0365493e+00		5.0858149e+00		1.7519382e+01		8.8078197e+00		8.8063579e+00		1.4617606e-03
1.9300000e+02		1.9400000e+02		1.9350000e+02		3.8447944e+00		3.9067808e+00		1.3451157e+01		6.7657498e+00		6.7643932e+00		1.3566062e-03
1.9400000e+02		1.9500000e+02		1.9450000e+02		6.1679797e+00		6.3057808e+00		2.1700301e+01		1.0920007e+01		1.0917377e+01		2.6302857e-03
1.9500000e+02		1.9600000e+02		1.9550000e+02		5.9528271e+00		6.1221485e+00		2.1058167e+01		1.0601639e+01		1.0598588e+01		3.0506837e-03
1.9600000e+02		1.9700000e+02		1.9650000e+02		6.5508102e+00		6.7763595e+00		2.3297328e+01		1.1734062e+01		1.1730049e+01		4.0124180e-03
1.9700000e+02		1.9800000e+02		1.9750000e+02		6.5190955e+00		6.7818276e+00		2.3305161e+01		1.1742995e+01		1.1738247e+01		4.7472712e-03
1.9800000e+02		1.9900000e+02		1.9850000e+02		6.3883794e+00		6.6826223e+00		2.2953574e+01		1.1570613e+01		1.1565110e+01		5.5027872e-03
1.9900000e+02		2.0000000e+02		1.9950000e+02		6.7274707e+00		7.0753019e+00		2.4291165e+01		1.2249789e+01		1.2242968e+01		6.8209849e-03
2.0000000e+02		2.0100000e+02		2.0050000e+02		7.1125146e+00		7.5195978e+00		2.5804740e+01		1.3018141e+01		1.3009693e+01		8.4482050e-03
2.0100000e+02		2.0200000e+02		2.0150000e+02		7.5701275e+00		8.0444346e+00		2.7593264e+01		1.3925693e+01		1.3915207e+01		1.0485886e-02
2.0200000e+02		2.0300000e+02		2.0250000e+02		7.4828608e+00		7.9914323e+00		2.7399057e+01		1.3832757e+01		1.3820723e+01		1.2034104e-02
2.0300000e+02		2.0400000e+02		2.0350000e+02		8.0092047e+00		8.5951971e+00		2.9455789e+01		1.4876417e+01		1.4861526e+01		1.4891187e-02
2.0400000e+02		2.0500000e+02		2.0450000e+02		8.6207445e+00		9.2953692e+00		3.1840899e+01		1.6086542e+01		1.6068088e+01		1.8454047e-02
2.0500000e+02		2.0600000e+02		2.0550000e+02		8.6400754e+00		9.3592658e+00		3.2045272e+01		1.6195197e+01		1.6173987e+01		2.1210230e-02
2.0600000e+02		2.0700000e+02		2.0650000e+02		8.6510225e+00		9.4133024e+00		3.2215656e+01		1.6286558e+01		1.6262297e+01		2.4261009e-02
2.0700000e+02		2.0800000e+02		2.0750000e+02		9.3957826e+00		1.0268493e+01		3.5126383e+01		1.7763598e+01		1.7733608e+01		2.9990014e-02
2.0800000e+02		2.0900000e+02		2.0850000e+02		1.0163489e+01		1.1154897e+01		3.8141046e+01		1.9293917e+01		1.9257127e+01		3.6790156e-02
2.0900000e+02		2.1000000e+02		2.0950000e+02		1.3129215e+01		1.4469754e+01		4.9452330e+01		2.5023030e+01		2.4969319e+01		5.3711503e-02
2.1000000e+02		2.1100000e+02		2.1050000e+02		1.6183343e+01		1.7907780e+01		6.1173579e+01		3.0962594e+01		3.0888022e+01		7.4572895e-02
2.1100000e+02		2.1200000e+02		2.1150000e+02		1.8424170e+01		2.0467503e+01		6.9884544e+01		3.5380977e+01		3.5285659e+01		9.5318546e-02
2.1200000e+02		2.1300000e+02		2.1250000e+02		1.6428561e+01		1.8320314e+01		6.2523124e+01		3.1662077e+01		3.1566950e+01		9.5127108e-02
2.1300000e+02		2.1400000e+02		2.1350000e+02		1.6737981e+01		1.8734699e+01		6.3906200e+01		3.2370283e+01		3.2262138e+01		1.0814490e-01
2.1400000e+02		2.1500000e+02		2.1450000e+02		2.1432541e+01		2.4075875e+01		8.2084969e+01		4.1587857e+01		4.1433793e+01		1.5406373e-01
2.1500000e+02		2.1600000e+02		2.1550000e+02		1.8408135e+01		2.0750959e+01		7.0713369e+01		3.5834251e+01		3.5687451e+01		1.4680030e-01
2.1600000e+02		2.1700000e+02		2.1650000e+02		1.7036901e+01		1.9270582e+01		6.5635111e+01		3.3267589e+01		3.3117273e+01		1.5031569e-01
2.1700000e+02		2.1800000e+02		2.1750000e+02		1.7640866e+01		2.0019651e+01		6.8150957e+01		3.4549329e+01		3.4377588e+01		1.7174113e-01
2.1800000e+02		2.1900000e+02		2.1850000e+02		2.3730294e+01		2.7016509e+01		9.1920962e+01		4.6607835e+01		4.6353574e+01		2.5426060e-01
2.1900000e+02		2.2000000e+02		2.1950000e+02		2.5052511e+01		2.8610448e+01		9.7291623e+01		4.9339021e+01		4.9044332e+01		2.9468959e-01
2.2000000e+02		2.2100000e+02		2.2050000e+02		2.5203754e+01		2.8869833e+01		9.8119636e+01		4.9766329e+01		4.9441641e+01		3.2468810e-01
2.2100000e+02		2.2200000e+02		2.2150000e+02		2.0176768e+01		2.3179028e+01		7.8734121e+01		3.9939350e+01		3.9655347e+01		2.8400313e-01
2.2200000e+02		2.2300000e+02		2.2250000e+02		2.7154039e+01		3.1282552e+01		1.0619916e+02		5.3877947e+01		5.3461279e+01		4.1666848e-01
2.2300000e+02		2.2400000e+02		2.2350000e+02		3.5163062e+01		4.0619879e+01		1.3781726e+02		6.9926045e+01		6.9339134e+01		5.8691105e-01
2.2400000e+02		2.2500000e+02		2.2450000e+02		3.2875934e+01		3.8078066e+01		1.2911620e+02		6.5517122e+01		6.4921505e+01		5.9561701e-01
2.2500000e+02		2.2600000e+02		2.2550000e+02		2.8720078e+01		3.3349430e+01		1.1301336e+02		5.7350315e+01		5.6786703e+01		5.6361207e-01
2.2600000e+02		2.2700000e+02		2.2650000e+02		2.1037217e+01		2.4488312e+01		8.2933556e+01		4.2088293e+01		4.1642002e+01		4.4629101e-01
2.2700000e+02		2.2800000e+02		2.2750000e+02		2.0463841e+01		2.3877438e+01		8.0813460e+01		4.1014051e+01		4.0545661e+01		4.6839041e-01
2.2800000e+02		2.2900000e+02		2.2850000e+02		2.8509984e+01		3.3341902e+01		1.1277303e+02		5.7235432e+01		5.6532700e+01		7.0273237e-01
2.2900000e+02		2.3000000e+02		2.2950000e+02		2.5620938e+01		3.0029255e+01		1.0150154e+02		5.1515251e+01		5.0836414e+01		6.7883746e-01
2.3000000e+02		2.3100000e+02		2.3050000e+02		2.9055844e+01		3.4127384e+01		1.1527591e+02		5.8505646e+01		5.7679587e+01		8.2605944e-01
2.3100000e+02		2.3200000e+02		2.3150000e+02		2.7387429e+01		3.2233326e+01		1.0880337e+02		5.5219197e+01		5.4385154e+01		8.3404241e-01
2.3200000e+02		2.3300000e+02		2.3250000e+02		2.9413108e+01		3.4685184e+01		1.1699764e+02		5.9375285e+01		5.8417405e+01		9.5787964e-01
2.3300000e+02		2.3400000e+02		2.3350000e+02		2.6543685e+01		3.1360209e+01		1.0570659e+02		5.3641858e+01		5.2718947e+01		9.2291072e-01
2.3400000e+02		2.3500000e+02		2.3450000e+02		2.3194371e+01		2.7452437e+01		9.2467307e+01		4.6919704e+01		4.6060046e+01		8.5965730e-01
2.3500000e+02		2.3600000e+02		2.3550000e+02		3.1223226e+01		3.7018866e+01		1.2459733e+02		6.3216899e+01		6.1985211e+01		1.2316874e+00
2.3600000e+02		2.3700000e+02		2.3650000e+02		2.8911473e+01		3.4334407e+01		1.1547492e+02		5.8581640e+01		5.7369570e+01		1.2120701e+00
2.3700000e+02		2.3800000e+02		2.3750000e+02		3.0878004e+01		3.6727387e+01		1.2342832e+02		6.2608030e+01		6.1234257e+01		1.3737726e+00
2.3800000e+02		2.3900000e+02		2.3850000e+02		2.5598090e+01		3.0492840e+01		1.0239613e+02		5.1931634e+01		5.0724730e+01		1.2069035e+00
2.3900000e+02		2.4000000e+02		2.3950000e+02		2.7890834e+01		3.3271306e+01		1.1163764e+02		5.6608824e+01		5.5217160e+01		1.3916640e+00
2.4000000e+02		2.4100000e+02		2.4050000e+02		2.5623038e+01		3.0607374e+01		1.0261629e+02		5.2024341e+01		5.0673088e+01		1.3512530e+00
2.4100000e+02		2.4200000e+02		2.4150000e+02		3.0005079e+01		3.5887806e+01		1.2022116e+02		6.0936812e+01		5.9266585e+01		1.6702266e+00
2.4200000e+02		2.4300000e+02		2.4250000e+02		4.1301739e+01		4.9459220e+01		1.6554630e+02		8.3891603e+01		8.1467893e+01		2.4237096e+00
2.4300000e+02		2.4400000e+02		2.4350000e+02		3.8791639e+01		4.6506588e+01		1.5553186e+02		7.8797104e+01		7.6400180e+01		2.3969236e+00
2.4400000e+02		2.4500000e+02		2.4450000e+02		3.6329084e+01		4.3601296e+01		1.4569059e+02		7.3791426e+01		7.1430616e+01		2.3608107e+00
2.4500000e+02		2.4600000e+02		2.4550000e+02		2.9476122e+01		3.5412418e+01		1.1822507e+02		5.9863083e+01		5.7850895e+01		2.0121887e+00
2.4600000e+02		2.4700000e+02		2.4650000e+02		2.8685918e+01		3.4495823e+01		1.1506336e+02		5.8244286e+01		5.6189468e+01		2.0548185e+00
2.4700000e+02		2.4800000e+02		2.4750000e+02		3.1678139e+01		3.8127882e+01		1.2706461e+02		6.4298264e+01		6.1919789e+01		2.3784753e+00
2.4800000e+02		2.4900000e+02		2.4850000e+02		2.5406301e+01		3.0604340e+01		1.0189931e+02		5.1546105e+01		4.9548749e+01		1.9973564e+00
2.4900000e+02		2.5000000e+02		2.4950000e+02		3.0967514e+01		3.7331916e+01		1.2418519e+02		6.2796586e+01		6.0250056e+01		2.5465299e+00
2.5000000e+02		2.5100000e+02		2.5050000e+02		3.3448743e+01		4.0351571e+01		1.3410543e+02		6.7786915e+01		6.4912723e+01		2.8741925e+00
2.5100000e+02		2.5200000e+02		2.5150000e+02		2.7888154e+01		3.3665261e+01		1.1177881e+02		5.6478608e+01		5.3976959e+01		2.5016489e+00
2.5200000e+02		2.5300000e+02		2.5250000e+02		2.5069906e+01		3.0281117e+01		1.0044685e+02		5.0731477e+01		4.8386070e+01		2.3454063e+00
2.5300000e+02		2.5400000e+02		2.5350000e+02		3.1592540e+01		3.8180062e+01		1.2652707e+02		6.3875312e+01		6.0795616e+01		3.0796962e+00
2.5400000e+02		2.5500000e+02		2.5450000e+02		3.5730773e+01		4.3201998e+01		1.4303047e+02		7.2173605e+01		6.8547558e+01		3.6260473e+00
2.5500000e+02		2.5600000e+02		2.5550000e+02		4.8755658e+01		5.8975653e+01		1.9506128e+02		9.8381398e+01		9.3234994e+01		5.1464040e+00
2.5600000e+02		2.5700000e+02		2.5650000e+02		6.2803876e+01		7.5997270e+01		2.5111097e+02		1.2658772e+02		1.1969830e+02		6.8894267e+00
2.5700000e+02		2.5800000e+02		2.5750000e+02		7.8843355e+01		9.5437368e+01		3.1502965e+02		1.5872791e+02		1.4974702e+02		8.9808862e+00
2.5800000e+02		2.5900000e+02		2.5850000e+02		8.2991293e+01		1.0048616e+02		3.3136034e+02		1.6686696e+02		1.5705868e+02		9.8082858e+00
2.5900000e+02		2.6000000e+02		2.5950000e+02		7.0629481e+01		8.5538002e+01		2.8178046e+02		1.4182108e+02		1.3316719e+02		8.6538863e+00
2.6000000e+02		2.6100000e+02		2.6050000e+02		5.7868388e+01		7.0096027e+01		2.3067415e+02		1.1603289e+02		1.0868778e+02		7.3451057e+00
2.6100000e+02		2.6200000e+02		2.6150000e+02		5.9092703e+01		7.1588764e+01		2.3534261e+02		1.1831158e+02		1.1054736e+02		7.7642132e+00
2.6200000e+02		2.6300000e+02		2.6250000e+02		7.0528613e+01		8.5450753e+01		2.8061979e+02		1.4098790e+02		1.3140229e+02		9.5856065e+00
2.6300000e+02		2.6400000e+02		2.6350000e+02		1.0614195e+02		1.2860511e+02		4.2189461e+02		2.1183454e+02		1.9692296e+02		1.4911582e+01
2.6400000e+02		2.6500000e+02		2.6450000e+02		1.6548208e+02		2.0050457e+02		6.5706782e+02		3.2970443e+02		3.0569015e+02		2.4014282e+01
2.6500000e+02		2.6600000e+02		2.6550000e+02		1.7356948e+02		2.1029593e+02		6.8842059e+02		3.4520957e+02		3.1920911e+02		2.6000463e+01
2.6600000e+02		2.6700000e+02		2.6650000e+02		1.6826276e+02		2.0385071e+02		6.6660617e+02		3.3404532e+02		3.0804377e+02		2.6001551e+01
2.6700000e+02		2.6800000e+02		2.6750000e+02		1.6940220e+02		2.0520738e+02		6.7031876e+02		3.3567372e+02		3.0868667e+02		2.6987049e+01
2.6800000e+02		2.6900000e+02		2.6850000e+02		1.6778062e+02		2.0321180e+02		6.6307996e+02		3.3181398e+02		3.0427602e+02		2.7537961e+01
2.6900000e+02		2.7000000e+02		2.6950000e+02		1.5737310e+02		1.9057010e+02		6.2115182e+02		3.1060779e+02		2.8401222e+02		2.6595571e+01
2.7000000e+02		2.7100000e+02		2.7050000e+02		1.8181465e+02		2.2011757e+02		7.1667333e+02		3.5810862e+02		3.2649033e+02		3.1618283e+01
2.7100000e+02		2.7200000e+02		2.7150000e+02		1.5108640e+02		1.8286796e+02		5.9473759e+02		2.9695531e+02		2.6993356e+02		2.7021749e+01
2.7200000e+02		2.7300000e+02		2.7250000e+02		1.2154404e+02		1.4706782e+02		4.7777613e+02		2.3837223e+02		2.1602855e+02		2.2343677e+01
2.7300000e+02		2.7400000e+02		2.7350000e+02		1.2960124e+02		1.5676556e+02		5.0871482e+02		2.5360894e+02		2.2913391e+02		2.4475032e+01
2.7400000e+02		2.7500000e+02		2.7450000e+02		8.9183780e+01		1.0783782e+02		3.4955039e+02		1.7412155e+02		1.5682899e+02		1.7292553e+01
2.7500000e+02		2.7600000e+02		2.7550000e+02		1.1893609e+02		1.4375707e+02		4.6545860e+02		2.3167012e+02		2.0800451e+02		2.3665610e+01
2.7600000e+02		2.7700000e+02		2.7650000e+02		1.6564211e+02		2.0012609e+02		6.4724244e+02		3.2188148e+02		2.8807634e+02		3.3805141e+01
2.7700000e+02		2.7800000e+02		2.7750000e+02		1.5837296e+02		1.9125768e+02		6.1786269e+02		3.0701172e+02		2.7387699e+02		3.3134732e+01
2.7800000e+02		2.7900000e+02		2.7850000e+02		1.0921797e+02		1.3183319e+02		4.2540849e+02		2.1120158e+02		1.8778763e+02		2.3413946e+01
2.7900000e+02		2.8000000e+02		2.7950000e+02		6.1368404e+01		7.4038322e+01		2.3864092e+02		1.1837449e+02		1.0490050e+02		1.3473988e+01
2.8000000e+02		2.8100000e+02		2.8050000e+02		6.7313201e+01		8.1167426e+01		2.6132190e+02		1.2951066e+02		1.1438132e+02		1.5129339e+01
2.8100000e+02		2.8200000e+02		2.8150000e+02		1.3943196e+02		1.6803616e+02		5.4038256e+02		2.6757280e+02		2.3550621e+02		3.2066590e+01
2.8200000e+02		2.8300000e+02		2.8250000e+02		1.8983287e+02		2.2864421e+02		7.3445005e+02		3.6333595e+02		3.1868408e+02		4.4651863e+01
2.8300000e+02		2.8400000e+02		2.8350000e+02		1.9610227e+02		2.3605306e+02		7.5738074e+02		3.7433506e+02		3.2717873e+02		4.7156332e+01
2.8400000e+02		2.8500000e+02		2.8450000e+02		1.4459284e+02		1.7394112e+02		5.5745346e+02		2.7526424e+02		2.3973309e+02		3.5531151e+01
2.8500000e+02		2.8600000e+02		2.8550000e+02		9.2944992e+01		1.1173790e+02		3.5769090e+02		1.7645702e+02		1.5312707e+02		2.3329945e+01
2.8600000e+02		2.8700000e+02		2.8650000e+02		1.9045522e+02		2.2881126e+02		7.3161933e+02		3.6057958e+02		3.1176718e+02		4.8812395e+01
2.8700000e+02		2.8800000e+02		2.8750000e+02		2.2108403e+02		2.6542584e+02		8.4771690e+02		4.1739466e+02		3.5956210e+02		5.7832563e+01
2.8800000e+02		2.8900000e+02		2.8850000e+02		2.1010240e+02		2.5206340e+02		8.0411264e+02		3.9553810e+02		3.3946480e+02		5.6073305e+01
2.8900000e+02		2.9000000e+02		2.8950000e+02		3.1885068e+02		3.8225313e+02		1.2180280e+03		5.9854877e+02		5.1176098e+02		8.6787789e+01
2.9000000e+02		2.9100000e+02		2.9050000e+02		4.1860542e+02		5.0147096e+02		1.5960663e+03		7.8353709e+02		6.6737564e+02		1.1616146e+02
2.9100000e+02		2.9200000e+02		2.9150000e+02		4.0318642e+02		4.8263266e+02		1.5343366e+03		7.5247367e+02		6.3845068e+02		1.1402299e+02
2.9200000e+02		2.9300000e+02		2.9250000e+02		3.5818014e+02		4.2842533e+02		1.3604350e+03		6.6650947e+02		5.6331313e+02		1.0319634e+02
2.9300000e+02		2.9400000e+02		2.9350000e+02		3.7393440e+02		4.4691520e+02		1.4175115e+03		6.9375941e+02		5.8403966e+02		1.0971975e+02
2.9400000e+02		2.9500000e+02		2.9450000e+02		3.4819581e+02		4.1581762e+02		1.3173563e+03		6.4407345e+02		5.4005910e+02		1.0401435e+02
2.9500000e+02		2.9600000e+02		2.9550000e+02		3.7701055e+02		4.4985891e+02		1.4235603e+03		6.9527081e+02		5.8065078e+02		1.1462003e+02
2.9600000e+02		2.9700000e+02		2.9650000e+02		3.4493460e+02		4.1124176e+02		1.2998589e+03		6.3418598e+02		5.2749169e+02		1.0669429e+02
2.9700000e+02		2.9800000e+02		2.9750000e+02		3.5165811e+02		4.1890267e+02		1.3225496e+03		6.4457154e+02		5.3393829e+02		1.1063325e+02
2.9800000e+02		2.9900000e+02		2.9850000e+02		3.0223333e+02		3.5971751e+02		1.1343857e+03		5.5227472e+02		4.5559525e+02		9.6679468e+01
2.9900000e+02		3.0000000e+02		2.9950000e+02		3.4101318e+02		4.0551982e+02		1.2773565e+03		6.2121004e+02		5.1032854e+02		1.1088150e+02
3.0000000e+02		3.0100000e+02		3.0050000e+02		2.7131061e+02		3.2234773e+02		1.0142059e+03		4.9269845e+02		4.0305415e+02		8.9644306e+01
3.0100000e+02		3.0200000e+02		3.0150000e+02		3.1202593e+02		3.7039141e+02		1.1640312e+03		5.6486583e+02		4.6013141e+02		1.0473442e+02
3.0200000e+02		3.0300000e+02		3.0250000e+02		3.2846528e+02		3.8955412e+02		1.2228537e+03		5.9275851e+02		4.8078674e+02		1.1197177e+02
3.0300000e+02		3.0400000e+02		3.0350000e+02		4.2601061e+02		5.0478080e+02		1.5827538e+03		7.6636630e+02		6.1891793e+02		1.4744837e+02
3.0400000e+02		3.0500000e+02		3.0450000e+02		4.0776836e+02		4.8272103e+02		1.5118597e+03		7.3122583e+02		5.8796869e+02		1.4325714e+02
3.0500000e+02		3.0600000e+02		3.0550000e+02		4.1174793e+02		4.8697966e+02		1.5234627e+03		7.3601425e+02		5.8922216e+02		1.4679208e+02
3.0600000e+02		3.0700000e+02		3.0650000e+02		3.9053943e+02		4.6146380e+02		1.4420005e+03		6.9587568e+02		5.5462445e+02		1.4125123e+02
3.0700000e+02		3.0800000e+02		3.0750000e+02		4.3847484e+02		5.1761596e+02		1.6156353e+03		7.7878754e+02		6.1793859e+02		1.6084895e+02
3.0800000e+02		3.0900000e+02		3.0850000e+02		4.3035211e+02		5.0754461e+02		1.5824098e+03		7.6190662e+02		6.0182698e+02		1.6007964e+02
3.0900000e+02		3.1000000e+02		3.0950000e+02		3.4901328e+02		4.1122246e+02		1.2806542e+03		6.1591332e+02		4.8430377e+02		1.3160955e+02
3.1000000e+02		3.1100000e+02		3.1050000e+02		4.3927411e+02		5.1707383e+02		1.6084931e+03		7.7269798e+02		6.0481323e+02		1.6788475e+02
3.1100000e+02		3.1200000e+02		3.1150000e+02		5.2246540e+02		6.1440428e+02		1.9091227e+03		9.1606287e+02		7.1373189e+02		2.0233098e+02
3.1200000e+02		3.1300000e+02		3.1250000e+02		4.6521908e+02		5.4655243e+02		1.6963904e+03		8.1304812e+02		6.3053556e+02		1.8251256e+02
3.1300000e+02		3.1400000e+02		3.1350000e+02		4.9544367e+02		5.8149270e+02		1.8028271e+03		8.6306150e+02		6.6619895e+02		1.9686255e+02
3.1400000e+02		3.1500000e+02		3.1450000e+02		4.6729179e+02		5.4791353e+02		1.6968333e+03		8.1137649e+02		6.2336006e+02		1.8801643e+02
3.1500000e+02		3.1600000e+02		3.1550000e+02		4.5343123e+02		5.3113826e+02		1.6430609e+03		7.8474924e+02		6.0005002e+02		1.8469922e+02
3.1600000e+02		3.1700000e+02		3.1650000e+02		4.4229406e+02		5.1758075e+02		1.5993545e+03		7.6298238e+02		5.8062649e+02		1.8235590e+02
3.1700000e+02		3.1800000e+02		3.1750000e+02		5.6102832e+02		6.5587545e+02		2.0244646e+03		9.6465305e+02		7.3057564e+02		2.3407741e+02
3.1800000e+02		3.1900000e+02		3.1850000e+02		4.6340678e+02		5.4121203e+02		1.6687073e+03		7.9420209e+02		5.9858090e+02		1.9562119e+02
3.1900000e+02		3.2000000e+02		3.1950000e+02		4.9774832e+02		5.8074083e+02		1.7886310e+03		8.5027683e+02		6.3772901e+02		2.1254781e+02
3.2000000e+02		3.2100000e+02		3.2050000e+02		5.7184857e+02		6.6653089e+02		2.0506245e+03		9.7367358e+02		7.2670740e+02		2.4696618e+02
3.2100000e+02		3.2200000e+02		3.2150000e+02		4.8024660e+02		5.5920308e+02		1.7185601e+03		8.1503945e+02		6.0531536e+02		2.0972409e+02
3.2200000e+02		3.2300000e+02		3.2250000e+02		4.8228681e+02		5.6101712e+02		1.7222749e+03		8.1583466e+02		6.0290479e+02		2.1292987e+02
3.2300000e+02		3.2400000e+02		3.2350000e+02		4.6607071e+02		5.4161117e+02		1.6609137e+03		7.8583566e+02		5.7784135e+02		2.0799431e+02
3.2400000e+02		3.2500000e+02		3.2450000e+02		5.4882129e+02		6.3713512e+02		1.9517585e+03		9.2234838e+02		6.7482181e+02		2.4752657e+02
3.2500000e+02		3.2600000e+02		3.2550000e+02		6.3196128e+02		7.3291856e+02		2.2427833e+03		1.0586194e+03		7.7061644e+02		2.8800295e+02
3.2600000e+02		3.2700000e+02		3.2650000e+02		7.1301257e+02		8.2608942e+02		2.5252114e+03		1.1905108e+03		8.6223034e+02		3.2828050e+02
3.2700000e+02		3.2800000e+02		3.2750000e+02		6.8984049e+02		7.9844180e+02		2.4381201e+03		1.1480831e+03		8.2726024e+02		3.2082288e+02
3.2800000e+02		3.2900000e+02		3.2850000e+02		6.6596082e+02		7.7003094e+02		2.3488930e+03		1.1047493e+03		7.9195211e+02		3.1279718e+02
3.2900000e+02		3.3000000e+02		3.2950000e+02		7.7527139e+02		8.9552658e+02		2.7288452e+03		1.2819213e+03		9.1421962e+02		3.6770164e+02
3.3000000e+02		3.3100000e+02		3.3050000e+02		7.3029799e+02		8.4273391e+02		2.5653015e+03		1.2036566e+03		8.5395218e+02		3.4970439e+02
3.3100000e+02		3.3200000e+02		3.3150000e+02		6.9881652e+02		8.0560042e+02		2.4497249e+03		1.1480561e+03		8.1025877e+02		3.3779730e+02
3.3200000e+02		3.3300000e+02		3.3250000e+02		6.8562051e+02		7.8959992e+02		2.3985934e+03		1.1227523e+03		7.8824700e+02		3.3450530e+02
3.3300000e+02		3.3400000e+02		3.3350000e+02		6.5878216e+02		7.5793612e+02		2.3000447e+03		1.0753384e+03		7.5098184e+02		3.2435655e+02
3.3400000e+02		3.3500000e+02		3.3450000e+02		6.9405546e+02		7.9772505e+02		2.4183174e+03		1.1292857e+03		7.8448083e+02		3.4480483e+02
3.3500000e+02		3.3600000e+02		3.3550000e+02		6.8541663e+02		7.8701472e+02		2.3834256e+03		1.1116650e+03		7.6813072e+02		3.4353424e+02
3.3600000e+02		3.3700000e+02		3.3650000e+02		5.6469084e+02		6.4775250e+02		1.9596966e+03		9.1294196e+02		6.2744501e+02		2.8549695e+02
3.3700000e+02		3.3800000e+02		3.3750000e+02		5.9573781e+02		6.8269182e+02		2.0633255e+03		9.6007335e+02		6.5629173e+02		3.0378162e+02
3.3800000e+02		3.3900000e+02		3.3850000e+02		6.4448401e+02		7.3782607e+02		2.2277307e+03		1.0353378e+03		7.0392025e+02		3.3141752e+02
3.3900000e+02		3.4000000e+02		3.3950000e+02		6.7448220e+02		7.7141106e+02		2.3268188e+03		1.0801028e+03		7.3037239e+02		3.4973036e+02
3.4000000e+02		3.4100000e+02		3.4050000e+02		7.1196374e+02		8.1348216e+02		2.4512925e+03		1.1365310e+03		7.6434171e+02		3.7218926e+02
3.4100000e+02		3.4200000e+02		3.4150000e+02		6.4984945e+02		7.4178670e+02		2.2330526e+03		1.0341161e+03		6.9165869e+02		3.4245737e+02
3.4200000e+02		3.4300000e+02		3.4250000e+02		7.0477558e+02		8.0370131e+02		2.4170731e+03		1.1180081e+03		7.4365787e+02		3.7435024e+02
3.4300000e+02		3.4400000e+02		3.4350000e+02		6.9264465e+02		7.8910232e+02		2.3708609e+03		1.0953345e+03		7.2455302e+02		3.7078144e+02
3.4400000e+02		3.4500000e+02		3.4450000e+02		5.5710877e+02		6.3407901e+02		1.9032517e+03		8.7826009e+02		5.7773865e+02		3.0052144e+02
3.4500000e+02		3.4600000e+02		3.4550000e+02		6.7138909e+02		7.6341342e+02		2.2892603e+03		1.0551378e+03		6.9022722e+02		3.6491055e+02
3.4600000e+02		3.4700000e+02		3.4650000e+02		6.5194093e+02		7.4058947e+02		2.2186967e+03		1.0214094e+03		6.6442708e+02		3.5698232e+02
3.4700000e+02		3.4800000e+02		3.4750000e+02		6.4525828e+02		7.3229884e+02		2.1917764e+03		1.0078293e+03		6.5191216e+02		3.5591718e+02
3.4800000e+02		3.4900000e+02		3.4850000e+02		6.6761091e+02		7.5694689e+02		2.2634104e+03		1.0395463e+03		6.6863749e+02		3.7090885e+02
3.4900000e+02		3.5000000e+02		3.4950000e+02		6.3989005e+02		7.2483032e+02		2.1653432e+03		9.9334046e+02		6.3530179e+02		3.5803866e+02
3.5000000e+02		3.5100000e+02		3.5050000e+02		7.6650484e+02		8.6743463e+02		2.5889409e+03		1.1862751e+03		7.5438477e+02		4.3189038e+02
3.5100000e+02		3.5200000e+02		3.5150000e+02		7.1211510e+02		8.0512774e+02		2.4007541e+03		1.0987630e+03		6.9474843e+02		4.0401455e+02
3.5200000e+02		3.5300000e+02		3.5250000e+02		6.5785102e+02		7.4308213e+02		2.2137050e+03		1.0119762e+03		6.3621018e+02		3.7576601e+02
3.5300000e+02		3.5400000e+02		3.5350000e+02		7.5263834e+02		8.4936085e+02		2.5280040e+03		1.1543134e+03		7.2152538e+02		4.3278798e+02
3.5400000e+02		3.5500000e+02		3.5450000e+02		8.0329241e+02		9.0568714e+02		2.6932014e+03		1.2283199e+03		7.6335735e+02		4.6496257e+02
3.5500000e+02		3.5600000e+02		3.5550000e+02		7.5433512e+02		8.4970768e+02		2.5244561e+03		1.1500282e+03		7.1056606e+02		4.3946218e+02
3.5600000e+02		3.5700000e+02		3.5650000e+02		6.5576441e+02		7.3799906e+02		2.1906060e+03		9.9679153e+02		6.1230956e+02		3.8448197e+02
3.5700000e+02		3.5800000e+02		3.5750000e+02		5.7307986e+02		6.4435910e+02		1.9109494e+03		8.6854038e+02		5.3041862e+02		3.3812176e+02
3.5800000e+02		3.5900000e+02		3.5850000e+02		4.9194729e+02		5.5263499e+02		1.6374758e+03		7.4339211e+02		4.5133620e+02		2.9205591e+02
3.5900000e+02		3.6000000e+02		3.5950000e+02		7.1030971e+02		7.9721728e+02		2.3601037e+03		1.0702318e+03		6.4595918e+02		4.2427258e+02
3.6000000e+02		3.6100000e+02		3.6050000e+02		7.0092701e+02		7.8598288e+02		2.3248123e+03		1.0530278e+03		6.3183514e+02		4.2119269e+02
3.6100000e+02		3.6200000e+02		3.6150000e+02		6.5110481e+02		7.2946548e+02		2.1557705e+03		9.7535174e+02		5.8177314e+02		3.9357860e+02
3.6200000e+02		3.6300000e+02		3.6250000e+02		7.3500056e+02		8.2272993e+02		2.4292970e+03		1.0978619e+03		6.5096930e+02		4.4689263e+02
3.6300000e+02		3.6400000e+02		3.6350000e+02		7.1558904e+02		8.0029731e+02		2.3610368e+03		1.0658102e+03		6.2821032e+02		4.3759991e+02
3.6400000e+02		3.6500000e+02		3.6450000e+02		7.4837927e+02		8.3623771e+02		2.4649709e+03		1.1114773e+03		6.5122391e+02		4.6025342e+02
3.6500000e+02		3.6600000e+02		3.6550000e+02		8.5179486e+02		9.5096742e+02		2.8007922e+03		1.2614879e+03		7.3469928e+02		5.2678859e+02
3.6600000e+02		3.6700000e+02		3.6650000e+02		9.1042532e+02		1.0155467e+03		2.9884838e+03		1.3445229e+03		7.7836612e+02		5.6615679e+02
3.6700000e+02		3.6800000e+02		3.6750000e+02		8.7909512e+02		9.7975774e+02		2.8807663e+03		1.2946197e+03		7.4497140e+02		5.4964831e+02
3.6800000e+02		3.6900000e+02		3.6850000e+02		8.1047729e+02		9.0251266e+02		2.6514503e+03		1.1902450e+03		6.8078192e+02		5.0946304e+02
3.6900000e+02		3.7000000e+02		3.6950000e+02		8.9967825e+02		1.0009944e+03		2.9383616e+03		1.3175849e+03		7.4906114e+02		5.6852376e+02
3.7000000e+02		3.7100000e+02		3.7050000e+02		8.4427990e+02		9.3856690e+02		2.7528641e+03		1.2330495e+03		6.9675323e+02		5.3629624e+02
3.7100000e+02		3.7200000e+02		3.7150000e+02		8.7164560e+02		9.6817856e+02		2.8374191e+03		1.2695314e+03		7.1300851e+02		5.5652291e+02
3.7200000e+02		3.7300000e+02		3.7250000e+02		7.2411383e+02		8.0363990e+02		2.3533176e+03		1.0517842e+03		5.8711577e+02		4.6466846e+02
3.7300000e+02		3.7400000e+02		3.7350000e+02		6.3155746e+02		7.0034020e+02		2.0491873e+03		9.1486255e+02		5.0756532e+02		4.0729722e+02
3.7400000e+02		3.7500000e+02		3.7450000e+02		6.4642322e+02		7.1623754e+02		2.0940437e+03		9.3387766e+02		5.1494204e+02		4.1893561e+02
3.7500000e+02		3.7600000e+02		3.7550000e+02		7.4036161e+02		8.1965367e+02		2.3945154e+03		1.0667285e+03		5.8458537e+02		4.8214315e+02
3.7600000e+02		3.7700000e+02		3.7650000e+02		7.6758018e+02		8.4910039e+02		2.4786054e+03		1.1030055e+03		6.0074600e+02		5.0225952e+02
3.7700000e+02		3.7800000e+02		3.7750000e+02		9.0048278e+02		9.9531814e+02		2.9031793e+03		1.2905660e+03		6.9856399e+02		5.9200203e+02
3.7800000e+02		3.7900000e+02		3.7850000e+02		9.3786543e+02		1.0358114e+03		3.0189695e+03		1.3406123e+03		7.2116667e+02		6.1944563e+02
3.7900000e+02		3.8000000e+02		3.7950000e+02		7.6051322e+02		8.3927255e+02		2.4442726e+03		1.0842621e+03		5.7965161e+02		5.0461054e+02
3.8000000e+02		3.8100000e+02		3.8050000e+02		8.2814537e+02		9.1319045e+02		2.6575354e+03		1.1776222e+03		6.2565215e+02		5.5197002e+02
3.8100000e+02		3.8200000e+02		3.8150000e+02		7.4366886e+02		8.1939885e+02		2.3827945e+03		1.0547703e+03		5.5689471e+02		4.9787554e+02
3.8200000e+02		3.8300000e+02		3.8250000e+02		5.3336093e+02		5.8721937e+02		1.7063480e+03		7.5454543e+02		3.9589772e+02		3.5864771e+02
3.8300000e+02		3.8400000e+02		3.8350000e+02		4.7073026e+02		5.1786570e+02		1.5037057e+03		6.6424649e+02		3.4634068e+02		3.1790582e+02
3.8400000e+02		3.8500000e+02		3.8450000e+02		6.2969557e+02		6.9221972e+02		2.0084941e+03		8.8631438e+02		4.5923290e+02		4.2708148e+02
3.8500000e+02		3.8600000e+02		3.8550000e+02		6.6694888e+02		7.3261637e+02		2.1241567e+03		9.3638999e+02		4.8213356e+02		4.5425643e+02
3.8600000e+02		3.8700000e+02		3.8650000e+02		6.6977732e+02		7.3516985e+02		2.1300186e+03		9.3801279e+02		4.7993156e+02		4.5808123e+02
3.8700000e+02		3.8800000e+02		3.8750000e+02		6.6902499e+02		7.3379577e+02		2.1245116e+03		9.3463455e+02		4.7518965e+02		4.5944490e+02
3.8800000e+02		3.8900000e+02		3.8850000e+02		6.7841027e+02		7.4353827e+02		2.1511853e+03		9.4540986e+02		4.7763330e+02		4.6777656e+02
3.8900000e+02		3.9000000e+02		3.8950000e+02		8.1451188e+02		8.9204921e+02		2.5790295e+03		1.1322971e+03		5.6843270e+02		5.6386444e+02
3.9000000e+02		3.9100000e+02		3.9050000e+02		8.5560997e+02		9.3637569e+02		2.7052849e+03		1.1865366e+03		5.9188714e+02		5.9464948e+02
3.9100000e+02		3.9200000e+02		3.9150000e+02		9.2006232e+02		1.0061827e+03		2.9049422e+03		1.2728345e+03		6.3090481e+02		6.4192967e+02
3.9200000e+02		3.9300000e+02		3.9250000e+02		7.0614281e+02		7.7168470e+02		2.2263869e+03		9.7454891e+02		4.7998187e+02		4.9456704e+02
3.9300000e+02		3.9400000e+02		3.9350000e+02		4.3291589e+02		4.7276032e+02		1.3630264e+03		5.9604365e+02		2.9169150e+02		3.0435215e+02
3.9400000e+02		3.9500000e+02		3.9450000e+02		7.1565803e+02		7.8097222e+02		2.2501094e+03		9.8299330e+02		4.7798702e+02		5.0500628e+02
3.9500000e+02		3.9600000e+02		3.9550000e+02		8.7888136e+02		9.5841859e+02		2.7595002e+03		1.2043501e+03		5.8188015e+02		6.2246993e+02
3.9600000e+02		3.9700000e+02		3.9650000e+02		6.0712893e+02		6.6161178e+02		1.9036535e+03		8.3001875e+02		3.9845517e+02		4.3156358e+02
3.9700000e+02		3.9800000e+02		3.9750000e+02		6.8053003e+02		7.4108718e+02		2.1309132e+03		9.2820892e+02		4.4273481e+02		4.8547412e+02
3.9800000e+02		3.9900000e+02		3.9850000e+02		1.0480559e+03		1.1405348e+03		3.2773215e+03		1.4262030e+03		6.7589827e+02		7.5030472e+02
3.9900000e+02		4.0000000e+02		3.9950000e+02		1.1577145e+03		1.2590123e+03		3.6154043e+03		1.5718235e+03		7.4011911e+02		8.3170438e+02
4.0000000e+02		4.0100000e+02		4.0050000e+02		1.1939713e+03		1.2975652e+03		3.7237002e+03		1.6173669e+03		7.5665884e+02		8.6070803e+02
4.0100000e+02		4.0200000e+02		4.0150000e+02		1.2509583e+03		1.3585864e+03		3.8963115e+03		1.6907398e+03		7.8588325e+02		9.0485653e+02
4.0200000e+02		4.0300000e+02		4.0250000e+02		1.2664199e+03		1.3744649e+03		3.9393372e+03		1.7078033e+03		7.8868734e+02		9.1911601e+02
4.0300000e+02		4.0400000e+02		4.0350000e+02		1.2115903e+03		1.3140912e+03		3.7639199e+03		1.6302305e+03		7.4799363e+02		8.8223683e+02
4.0400000e+02		4.0500000e+02		4.0450000e+02		1.1914959e+03		1.2914523e+03		3.6967564e+03		1.5996528e+03		7.2921022e+02		8.7044257e+02
4.0500000e+02		4.0600000e+02		4.0550000e+02		1.1904731e+03		1.2895073e+03		3.6888931e+03		1.5947755e+03		7.2227240e+02		8.7250314e+02
4.0600000e+02		4.0700000e+02		4.0650000e+02		1.1388815e+03		1.2328308e+03		3.5245827e+03		1.5223417e+03		6.8499033e+02		8.3735141e+02
4.0700000e+02		4.0800000e+02		4.0750000e+02		1.1575323e+03		1.2522211e+03		3.5778278e+03		1.5439285e+03		6.9018701e+02		8.5374146e+02
4.0800000e+02		4.0900000e+02		4.0850000e+02		1.2307397e+03		1.3305750e+03		3.7993920e+03		1.6380513e+03		7.2749664e+02		9.1055464e+02
4.0900000e+02		4.1000000e+02		4.0950000e+02		1.2243097e+03		1.3227932e+03		3.7748977e+03		1.6260225e+03		7.1744829e+02		9.0857425e+02
4.1000000e+02		4.1100000e+02		4.1050000e+02		1.1216634e+03		1.2111362e+03		3.4541948e+03		1.4865466e+03		6.5162818e+02		8.3491845e+02
4.1100000e+02		4.1200000e+02		4.1150000e+02		1.3003372e+03		1.4031962e+03		3.9995857e+03		1.7197266e+03		7.4891897e+02		9.7080763e+02
4.1200000e+02		4.1300000e+02		4.1250000e+02		1.2760342e+03		1.3761283e+03		3.9201295e+03		1.6840689e+03		7.2859513e+02		9.5547374e+02
4.1300000e+02		4.1400000e+02		4.1350000e+02		1.2308584e+03		1.3266035e+03		3.7768487e+03		1.6210873e+03		6.9675611e+02		9.2433117e+02
4.1400000e+02		4.1500000e+02		4.1450000e+02		1.2488872e+03		1.3452248e+03		3.8276514e+03		1.6414547e+03		7.0088753e+02		9.4056722e+02
4.1500000e+02		4.1600000e+02		4.1550000e+02		1.2477523e+03		1.3432005e+03		3.8197019e+03		1.6366209e+03		6.9424006e+02		9.4238079e+02
4.1600000e+02		4.1700000e+02		4.1650000e+02		1.2947363e+03		1.3929539e+03		3.9589369e+03		1.6948123e+03		7.1420447e+02		9.8060779e+02
4.1700000e+02		4.1800000e+02		4.1750000e+02		1.1781342e+03		1.2667629e+03		3.5982586e+03		1.5390834e+03		6.4431731e+02		8.9476608e+02
4.1800000e+02		4.1900000e+02		4.1850000e+02		1.2217101e+03		1.3128527e+03		3.7270937e+03		1.5928291e+03		6.6243133e+02		9.3039777e+02
4.1900000e+02		4.2000000e+02		4.1950000e+02		1.2338424e+03		1.3251252e+03		3.7598501e+03		1.6054649e+03		6.6329081e+02		9.4217409e+02
4.2000000e+02		4.2100000e+02		4.2050000e+02		1.2494927e+03		1.3411658e+03		3.8032718e+03		1.6226371e+03		6.6596834e+02		9.5666881e+02
4.2100000e+02		4.2200000e+02		4.2150000e+02		1.2299982e+03		1.3194923e+03		3.7397711e+03		1.5942086e+03		6.4998588e+02		9.4422274e+02
4.2200000e+02		4.2300000e+02		4.2250000e+02		1.1657134e+03		1.2498269e+03		3.5404078e+03		1.5079670e+03		6.1076602e+02		8.9720099e+02
4.2300000e+02		4.2400000e+02		4.2350000e+02		1.2419943e+03		1.3308695e+03		3.7679585e+03		1.6035606e+03		6.4519414e+02		9.5836650e+02
4.2400000e+02		4.2500000e+02		4.2450000e+02		1.2850442e+03		1.3762388e+03		3.8943375e+03		1.6559831e+03		6.6188226e+02		9.9410087e+02
4.2500000e+02		4.2600000e+02		4.2550000e+02		1.2367256e+03		1.3237652e+03		3.7438796e+03		1.5907046e+03		6.3158537e+02		9.5911926e+02
4.2600000e+02		4.2700000e+02		4.2650000e+02		1.2316584e+03		1.3176250e+03		3.7245666e+03		1.5812156e+03		6.2366193e+02		9.5755362e+02
4.2700000e+02		4.2800000e+02		4.2750000e+02		1.1420512e+03		1.2211052e+03		3.4499430e+03		1.4634477e+03		5.7338859e+02		8.9005915e+02
4.2800000e+02		4.2900000e+02		4.2850000e+02		1.1495483e+03		1.2284647e+03		3.4689524e+03		1.4703336e+03		5.7226801e+02		8.9806564e+02
4.2900000e+02		4.3000000e+02		4.2950000e+02		1.0698649e+03		1.1427056e+03		3.2251410e+03		1.3659060e+03		5.2809772e+02		8.3780824e+02
4.3000000e+02		4.3100000e+02		4.3050000e+02		8.6065012e+02		9.1876402e+02		2.5917845e+03		1.0968009e+03		4.2123984e+02		6.7556108e+02
4.3100000e+02		4.3200000e+02		4.3150000e+02		1.0641754e+03		1.1354407e+03		3.2014135e+03		1.3537229e+03		5.1646139e+02		8.3726156e+02
4.3200000e+02		4.3300000e+02		4.3250000e+02		1.1990384e+03		1.2786750e+03		3.6034769e+03		1.5225485e+03		5.7701085e+02		9.4553761e+02
4.3300000e+02		4.3400000e+02		4.3350000e+02		1.3017454e+03		1.3874933e+03		3.9082159e+03		1.6500289e+03		6.2116593e+02		1.0288630e+03
4.3400000e+02		4.3500000e+02		4.3450000e+02		1.1054356e+03		1.1776548e+03		3.3155342e+03		1.3987253e+03		5.2305842e+02		8.7566684e+02
4.3500000e+02		4.3600000e+02		4.3550000e+02		1.2347447e+03		1.3147504e+03		3.6997171e+03		1.5596083e+03		5.7934009e+02		9.8026824e+02
4.3600000e+02		4.3700000e+02		4.3650000e+02		1.3814970e+03		1.4702784e+03		4.1353878e+03		1.7419418e+03		6.4276255e+02		1.0991793e+03
4.3700000e+02		4.3800000e+02		4.3750000e+02		1.2223713e+03		1.3002838e+03		3.6555104e+03		1.5386436e+03		5.6396547e+02		9.7467816e+02
4.3800000e+02		4.3900000e+02		4.3850000e+02		1.1905029e+03		1.2657639e+03		3.5567845e+03		1.4959683e+03		5.4466964e+02		9.5129869e+02
4.3900000e+02		4.4000000e+02		4.3950000e+02		1.3250738e+03		1.4081580e+03		3.9550590e+03		1.6622443e+03		6.0117475e+02		1.0610696e+03
4.4000000e+02		4.4100000e+02		4.4050000e+02		1.2562739e+03		1.3344016e+03		3.7461624e+03		1.5732862e+03		5.6520707e+02		1.0080792e+03
4.4100000e+02		4.4200000e+02		4.4150000e+02		1.3817384e+03		1.4669685e+03		4.1164323e+03		1.7275220e+03		6.1647618e+02		1.1110458e+03
4.4200000e+02		4.4300000e+02		4.4250000e+02		1.4526378e+03		1.5415117e+03		4.3236337e+03		1.8131559e+03		6.4271693e+02		1.1704389e+03
4.4300000e+02		4.4400000e+02		4.4350000e+02		1.4050936e+03		1.4903596e+03		4.1782718e+03		1.7509299e+03		6.1651587e+02		1.1344140e+03
4.4400000e+02		4.4500000e+02		4.4450000e+02		1.4475318e+03		1.5346595e+03		4.3005388e+03		1.8008724e+03		6.2986643e+02		1.1710060e+03
4.4500000e+02		4.4600000e+02		4.4550000e+02		1.3420773e+03		1.4222021e+03		3.9836304e+03		1.6669757e+03		5.7914053e+02		1.0878352e+03
4.4600000e+02		4.4700000e+02		4.4650000e+02		1.3689269e+03		1.4499922e+03		4.0596810e+03		1.6975965e+03		5.8583799e+02		1.1117585e+03
4.4700000e+02		4.4800000e+02		4.4750000e+02		1.4837056e+03		1.5708564e+03		4.3961540e+03		1.8370032e+03		6.2971009e+02		1.2072931e+03
4.4800000e+02		4.4900000e+02		4.4850000e+02		1.4587166e+03		1.5437066e+03		4.3183013e+03		1.8032110e+03		6.1399419e+02		1.1892169e+03
4.4900000e+02		4.5000000e+02		4.4950000e+02		1.4737837e+03		1.5589578e+03		4.3590909e+03		1.8189815e+03		6.1522267e+02		1.2037588e+03
4.5000000e+02		4.5100000e+02		4.5050000e+02		1.5636828e+03		1.6533231e+03		4.6209821e+03		1.9269368e+03		6.4737709e+02		1.2795597e+03
4.5100000e+02		4.5200000e+02		4.5150000e+02		1.5589734e+03		1.6476233e+03		4.6031067e+03		1.9181704e+03		6.4012134e+02		1.2780490e+03
4.5200000e+02		4.5300000e+02		4.5250000e+02		1.4757889e+03		1.5590328e+03		4.3537804e+03		1.8130413e+03		6.0099055e+02		1.2120508e+03
4.5300000e+02		4.5400000e+02		4.5350000e+02		1.4141855e+03		1.4933130e+03		4.1685192e+03		1.7347229e+03		5.7118194e+02		1.1635410e+03
4.5400000e+02		4.5500000e+02		4.5450000e+02		1.5096596e+03		1.5934506e+03		4.4462183e+03		1.8490485e+03		6.0475116e+02		1.2442974e+03
4.5500000e+02		4.5600000e+02		4.5550000e+02		1.4952815e+03		1.5776085e+03		4.4002179e+03		1.8287022e+03		5.9409394e+02		1.2346082e+03
4.5600000e+02		4.5700000e+02		4.5650000e+02		1.5527317e+03		1.6375367e+03		4.5655199e+03		1.8961486e+03		6.1188248e+02		1.2842662e+03
4.5700000e+02		4.5800000e+02		4.5750000e+02		1.5677329e+03		1.6526718e+03		4.6058691e+03		1.9116532e+03		6.1275664e+02		1.2988966e+03
4.5800000e+02		4.5900000e+02		4.5850000e+02		1.4734199e+03		1.5526107e+03		4.3252859e+03		1.7940302e+03		5.7120473e+02		1.2228255e+03
4.5900000e+02		4.6000000e+02		4.5950000e+02		1.5222067e+03		1.6033662e+03		4.4649205e+03		1.8507515e+03		5.8531974e+02		1.2654317e+03
4.6000000e+02		4.6100000e+02		4.6050000e+02		1.5039223e+03		1.5834674e+03		4.4077844e+03		1.8258965e+03		5.7359346e+02		1.2523031e+03
4.6100000e+02		4.6200000e+02		4.6150000e+02		1.5386000e+03		1.6193310e+03		4.5058684e+03		1.8653390e+03		5.8206135e+02		1.2832777e+03
4.6200000e+02		4.6300000e+02		4.6250000e+02		1.5538294e+03		1.6347107e+03		4.5469158e+03		1.8811422e+03		5.8306316e+02		1.2980791e+03
4.6300000e+02		4.6400000e+02		4.6350000e+02		1.5018384e+03		1.5793922e+03		4.3913750e+03		1.8156523e+03		5.5899730e+02		1.2566550e+03
4.6400000e+02		4.6500000e+02		4.6450000e+02		1.5281564e+03		1.6064429e+03		4.4649005e+03		1.8449022e+03		5.6420063e+02		1.2807015e+03
4.6500000e+02		4.6600000e+02		4.6550000e+02		1.4760608e+03		1.5510791e+03		4.3094097e+03		1.7795521e+03		5.4057292e+02		1.2389792e+03
4.6600000e+02		4.6700000e+02		4.6650000e+02		1.4854121e+03		1.5603079e+03		4.3334413e+03		1.7883773e+03		5.3961785e+02		1.2487594e+03
4.6700000e+02		4.6800000e+02		4.6750000e+02		1.4997486e+03		1.5747694e+03		4.3719954e+03		1.8031887e+03		5.4044583e+02		1.2627428e+03
4.6800000e+02		4.6900000e+02		4.6850000e+02		1.4665907e+03		1.5393735e+03		4.2721672e+03		1.7609494e+03		5.2425433e+02		1.2366951e+03
4.6900000e+02		4.7000000e+02		4.6950000e+02		1.5086728e+03		1.5829535e+03		4.3915240e+03		1.8090601e+03		5.3497393e+02		1.2740861e+03
4.7000000e+02		4.7100000e+02		4.7050000e+02		1.4256243e+03		1.4952631e+03		4.1467604e+03		1.7072128e+03		5.0147832e+02		1.2057345e+03
4.7100000e+02		4.7200000e+02		4.7150000e+02		1.4904926e+03		1.5627273e+03		4.3323154e+03		1.7825498e+03		5.2010555e+02		1.2624443e+03
4.7200000e+02		4.7300000e+02		4.7250000e+02		1.5269264e+03		1.6003454e+03		4.4350392e+03		1.8237438e+03		5.2856625e+02		1.2951776e+03
4.7300000e+02		4.7400000e+02		4.7350000e+02		1.4995420e+03		1.5710786e+03		4.3524100e+03		1.7887219e+03		5.1494957e+02		1.2737723e+03
4.7400000e+02		4.7500000e+02		4.7450000e+02		1.5448084e+03		1.6179269e+03		4.4806423e+03		1.8403558e+03		5.2627230e+02		1.3140835e+03
4.7500000e+02		4.7600000e+02		4.7550000e+02		1.5413846e+03		1.6137701e+03		4.4675951e+03		1.8339423e+03		5.2093294e+02		1.3130093e+03
4.7600000e+02		4.7700000e+02		4.7650000e+02		1.4853490e+03		1.5545578e+03		4.3022046e+03		1.7650422e+03		4.9801145e+02		1.2670308e+03
4.7700000e+02		4.7800000e+02		4.7750000e+02		1.5508368e+03		1.6225330e+03		4.4888078e+03		1.8405561e+03		5.1584832e+02		1.3247078e+03
4.7800000e+02		4.7900000e+02		4.7850000e+02		1.5358791e+03		1.6063303e+03		4.4424944e+03		1.8205422e+03		5.0683099e+02		1.3137112e+03
4.7900000e+02		4.8000000e+02		4.7950000e+02		1.5403519e+03		1.6104582e+03		4.4524321e+03		1.8235967e+03		5.0429121e+02		1.3193055e+03
4.8000000e+02		4.8100000e+02		4.8050000e+02		1.5442750e+03		1.6140134e+03		4.4607926e+03		1.8260091e+03		5.0158728e+02		1.3244219e+03
4.8100000e+02		4.8200000e+02		4.8150000e+02		1.5475498e+03		1.6168935e+03		4.4672943e+03		1.8276654e+03		4.9869158e+02		1.3289738e+03
4.8200000e+02		4.8300000e+02		4.8250000e+02		1.5416562e+03		1.6102002e+03		4.4473622e+03		1.8185179e+03		4.9288498e+02		1.3256329e+03
4.8300000e+02		4.8400000e+02		4.8350000e+02		1.5183412e+03		1.5853259e+03		4.3772550e+03		1.7888818e+03		4.8161853e+02		1.3072633e+03
4.8400000e+02		4.8500000e+02		4.8450000e+02		1.4920771e+03		1.5573941e+03		4.2987647e+03		1.7558603e+03		4.6957607e+02		1.2862842e+03
4.8500000e+02		4.8600000e+02		4.8550000e+02		1.4021236e+03		1.4630288e+03		4.0370216e+03		1.6480696e+03		4.3781132e+02		1.2102583e+03
4.8600000e+02		4.8700000e+02		4.8650000e+02		1.2173217e+03		1.2697917e+03		3.5027158e+03		1.4291879e+03		3.7713528e+02		1.0520526e+03
4.8700000e+02		4.8800000e+02		4.8750000e+02		1.3927585e+03		1.4523281e+03		4.0049999e+03		1.6332722e+03		4.2811836e+02		1.2051538e+03
4.8800000e+02		4.8900000e+02		4.8850000e+02		1.4651201e+03		1.5273027e+03		4.2104587e+03		1.7161641e+03		4.4685088e+02		1.2693132e+03
4.8900000e+02		4.9000000e+02		4.8950000e+02		1.4372192e+03		1.4977492e+03		4.1277277e+03		1.6815720e+03		4.3492952e+02		1.2466425e+03
4.9000000e+02		4.9100000e+02		4.9050000e+02		1.5307557e+03		1.5947306e+03		4.3936764e+03		1.7889953e+03		4.5963528e+02		1.3293601e+03
4.9100000e+02		4.9200000e+02		4.9150000e+02		1.4425606e+03		1.5023878e+03		4.1380210e+03		1.6840393e+03		4.2979193e+02		1.2542473e+03
4.9200000e+02		4.9300000e+02		4.9250000e+02		1.3729411e+03		1.4294455e+03		3.9359471e+03		1.6009907e+03		4.0588026e+02		1.1951104e+03
4.9300000e+02		4.9400000e+02		4.9350000e+02		1.4509629e+03		1.5102223e+03		4.1571397e+03		1.6901135e+03		4.2562711e+02		1.2644864e+03
4.9400000e+02		4.9500000e+02		4.9450000e+02		1.4929449e+03		1.5534538e+03		4.2748935e+03		1.7371201e+03		4.3455908e+02		1.3025610e+03
4.9500000e+02		4.9600000e+02		4.9550000e+02		1.4663156e+03		1.5252926e+03		4.1961827e+03		1.7042915e+03		4.2351588e+02		1.2807756e+03
4.9600000e+02		4.9700000e+02		4.9650000e+02		1.4846220e+03		1.5438812e+03		4.2461021e+03		1.7237190e+03		4.2550086e+02		1.2982181e+03
4.9700000e+02		4.9800000e+02		4.9750000e+02		1.5123203e+03		1.5722266e+03		4.3228294e+03		1.7540109e+03		4.3010624e+02		1.3239046e+03
4.9800000e+02		4.9900000e+02		4.9850000e+02		1.3744029e+03		1.4284331e+03		3.9263617e+03		1.5923709e+03		3.8788104e+02		1.2044898e+03
4.9900000e+02		5.0000000e+02		4.9950000e+02		1.4721832e+03		1.5296190e+03		4.2033171e+03		1.7038737e+03		4.1229113e+02		1.2915826e+03
