Left Bin Edge (nm)	Right Bin Edge (nm)	Bin Center (nm)		Top of Atm Intensity (erg/s/nm/cm2)		Total Surface Flux (erg/s/nm/cm2)		Total Intensity at BOA (erg/s/nm/cm2)		Total Surface Intensity (erg/s/nm/cm2)		Total Surface Diffuse Intensity (erg/s/nm/cm2)		Total Surface Direct Intensity (erg/s/nm/cm2)
1.0000000e+02		1.0100000e+02		1.0050000e+02		4.4569042e-02		2.4525374e-199		0.0000000e+00		4.2479194e-199		4.2479194e-199		0.0000000e+00
1.0100000e+02		1.0200000e+02		1.0150000e+02		1.7387199e-01		2.8780738e-197		0.0000000e+00		4.9849701e-197		4.9849701e-197		0.0000000e+00
1.0200000e+02		1.0300000e+02		1.0250000e+02		9.2286085e-01		3.0760917e-195		0.0000000e+00		5.3279471e-195		5.3279471e-195		0.0000000e+00
1.0300000e+02		1.0400000e+02		1.0350000e+02		7.0094286e-01		3.0025219e-193		0.0000000e+00		5.2005205e-193		5.2005205e-193		0.0000000e+00
1.0400000e+02		1.0500000e+02		1.0450000e+02		1.4124828e-01		2.6834655e-191		0.0000000e+00		4.6478986e-191		4.6478986e-191		0.0000000e+00
1.0500000e+02		1.0600000e+02		1.0550000e+02		4.8389941e-02		2.2015022e-189		0.0000000e+00		3.8131136e-189		3.8131136e-189		0.0000000e+00
1.0600000e+02		1.0700000e+02		1.0650000e+02		4.5487167e-02		1.6618998e-187		0.0000000e+00		2.8784949e-187		2.8784949e-187		0.0000000e+00
1.0700000e+02		1.0800000e+02		1.0750000e+02		5.0757295e-02		1.1570799e-185		0.0000000e+00		2.0041212e-185		2.0041212e-185		0.0000000e+00
1.0800000e+02		1.0900000e+02		1.0850000e+02		7.1152114e-02		7.4462211e-184		0.0000000e+00		1.2897233e-183		1.2897233e-183		0.0000000e+00
1.0900000e+02		1.1000000e+02		1.0950000e+02		5.5817450e-02		4.3989123e-182		0.0000000e+00		7.6191397e-182		7.6191397e-182		0.0000000e+00
1.1000000e+02		1.1100000e+02		1.1050000e+02		5.4043772e-02		2.4342332e-180		0.0000000e+00		4.2162155e-180		4.2162155e-180		5.2058709e-319
1.1100000e+02		1.1200000e+02		1.1150000e+02		5.0797691e-02		1.2529104e-178		0.0000000e+00		2.1701046e-178		2.1701046e-178		7.4029479e-310
1.1200000e+02		1.1300000e+02		1.1250000e+02		5.1969037e-02		6.0098780e-177		0.0000000e+00		1.0409414e-176		1.0409414e-176		1.4925148e-300
1.1300000e+02		1.1400000e+02		1.1350000e+02		4.1221387e-02		2.6916169e-175		0.0000000e+00		4.6620173e-175		4.6620173e-175		1.6115189e-291
1.1400000e+02		1.1500000e+02		1.1450000e+02		3.1562600e-02		1.1275725e-173		0.0000000e+00		1.9530128e-173		1.9530128e-173		1.1904281e-282
1.1500000e+02		1.1600000e+02		1.1550000e+02		4.3552050e-02		4.4260265e-172		0.0000000e+00		7.6661028e-172		7.6661028e-172		1.1225474e-273
1.1600000e+02		1.1700000e+02		1.1650000e+02		1.0143732e-01		1.6306679e-170		0.0000000e+00		2.8243997e-170		2.8243997e-170		2.1645666e-265
1.1700000e+02		1.1800000e+02		1.1750000e+02		3.6108525e-01		5.6480558e-169		0.0000000e+00		9.7827195e-169		9.7827195e-169		1.5580637e-257
1.1800000e+02		1.1900000e+02		1.1850000e+02		1.2283927e-01		1.8419815e-167		0.0000000e+00		3.1904056e-167		3.1904056e-167		8.2627566e-251
1.1900000e+02		1.2000000e+02		1.1950000e+02		1.7115732e-01		5.6647613e-166		0.0000000e+00		9.8116545e-166		9.8116545e-166		1.4075204e-243
1.2000000e+02		1.2100000e+02		1.2050000e+02		9.3056497e-01		1.6452176e-164		0.0000000e+00		2.8496004e-164		2.8496004e-164		7.4545995e-236
1.2100000e+02		1.2200000e+02		1.2150000e+02		3.6941242e+01		4.5189250e-163		0.0000000e+00		7.8270077e-163		7.8270077e-163		8.8760858e-228
1.2200000e+02		1.2300000e+02		1.2250000e+02		2.4773856e-01		1.1756605e-161		3.1434556e-162		2.0363038e-161		2.0363038e-161		1.0806791e-226
1.2300000e+02		1.2400000e+02		1.2350000e+02		1.3344721e-01		2.9005520e-160		8.1335964e-161		5.0239034e-160		5.0239034e-160		2.0025957e-224
1.2400000e+02		1.2500000e+02		1.2450000e+02		1.0726631e-01		6.7947312e-159		1.9215566e-159		1.1768820e-158		1.1768820e-158		4.6504932e-222
1.2500000e+02		1.2600000e+02		1.2550000e+02		1.0471361e-01		1.5131988e-157		4.3153092e-158		2.6209372e-157		2.6209372e-157		1.1134557e-219
1.2600000e+02		1.2700000e+02		1.2650000e+02		1.4644878e-01		3.2075532e-156		9.2244979e-157		5.5556451e-156		5.5556451e-156		3.2752705e-217
1.2700000e+02		1.2800000e+02		1.2750000e+02		7.6659940e-02		6.4790661e-155		1.8789954e-155		1.1222072e-154		1.1222072e-154		2.9110074e-215
1.2800000e+02		1.2900000e+02		1.2850000e+02		6.1165494e-02		1.2486273e-153		3.6430231e-154		2.1626859e-153		2.1626859e-153		2.2213486e-214
1.2900000e+02		1.3000000e+02		1.2950000e+02		8.1594975e-02		2.2982363e-152		6.7380435e-153		3.9806620e-152		3.9806620e-152		6.0357933e-214
1.3000000e+02		1.3100000e+02		1.3050000e+02		6.7007791e-01		4.0442837e-151		1.1916039e-151		7.0049049e-151		7.0049049e-151		8.9550330e-213
1.3100000e+02		1.3200000e+02		1.3150000e+02		9.0731094e-02		6.8111408e-150		2.0169885e-150		1.1797242e-149		1.1797242e-149		1.9567573e-213
1.3200000e+02		1.3300000e+02		1.3250000e+02		7.0547730e-02		1.0989100e-148		3.2710100e-149		1.9033679e-148		1.9033679e-148		2.2076076e-213
1.3300000e+02		1.3400000e+02		1.3350000e+02		9.5357088e-01		1.7001534e-147		5.0873035e-148		2.9447520e-147		2.9447520e-147		3.9167908e-212
1.3400000e+02		1.3500000e+02		1.3450000e+02		6.5246966e-02		2.5246584e-146		7.5963031e-147		4.3728366e-146		4.3728366e-146		3.9767296e-213
1.3500000e+02		1.3600000e+02		1.3550000e+02		1.3692679e-01		3.6011664e-145		1.0943258e-145		6.2374031e-145		6.2374031e-145		2.3475251e-210
1.3600000e+02		1.3700000e+02		1.3650000e+02		8.9861989e-02		4.9388513e-144		1.5186613e-144		8.5543413e-144		8.5543413e-144		3.9607541e-207
1.3700000e+02		1.3800000e+02		1.3750000e+02		9.2282630e-02		6.5185181e-143		2.0283284e-143		1.1290405e-142		1.1290405e-142		9.6581013e-204
1.3800000e+02		1.3900000e+02		1.3850000e+02		9.4180145e-02		8.2865460e-142		2.6093949e-142		1.4352719e-141		1.4352719e-141		2.1711647e-200
1.3900000e+02		1.4000000e+02		1.3950000e+02		3.1801144e-01		1.0154327e-140		3.2360581e-141		1.7587809e-140		1.7587809e-140		1.5042164e-196
1.4000000e+02		1.4100000e+02		1.4050000e+02		2.7729440e-01		1.2003911e-139		3.8717611e-140		2.0791385e-139		2.0791385e-139		2.5164274e-193
1.4100000e+02		1.4200000e+02		1.4150000e+02		1.3359910e-01		1.3699983e-138		4.4724727e-139		2.3729066e-138		2.3729066e-138		2.1828767e-190
1.4200000e+02		1.4300000e+02		1.4250000e+02		1.4479671e-01		1.5105635e-137		4.9993896e-138		2.6163728e-137		2.6163728e-137		2.5287669e-186
1.4300000e+02		1.4400000e+02		1.4350000e+02		1.6064305e-01		1.6096851e-136		5.4574677e-137		2.7880564e-136		2.7880564e-136		2.9789980e-177
1.4400000e+02		1.4500000e+02		1.4450000e+02		1.5363637e-01		1.6593726e-135		5.7795214e-136		2.8741176e-135		2.8741176e-135		2.1410120e-167
1.4500000e+02		1.4600000e+02		1.4550000e+02		1.6382583e-01		1.6560178e-134		5.9331076e-135		2.8683069e-134		2.8683069e-134		1.6300058e-157
1.4600000e+02		1.4700000e+02		1.4650000e+02		1.9977093e-01		1.6009682e-133		4.6838376e-132		2.7729583e-133		2.7729583e-133		1.3518539e-147
1.4700000e+02		1.4800000e+02		1.4750000e+02		2.4643334e-01		1.5002662e-132		3.6212031e-127		2.5985294e-132		2.5985185e-132		1.0831104e-137
1.4800000e+02		1.4900000e+02		1.4850000e+02		2.4167300e-01		7.3021158e-128		1.5724485e-120		7.8135316e-128		1.2100228e-128		6.6035088e-128
1.4900000e+02		1.5000000e+02		1.4950000e+02		2.1832777e-01		3.9545135e-118		2.4128395e-111		4.2449336e-118		6.8714149e-119		3.5577921e-118
1.5000000e+02		1.5100000e+02		1.5050000e+02		2.4023073e-01		2.5109331e-108		4.3522431e-102		2.7061430e-108		4.6187160e-109		2.2442714e-108
1.5100000e+02		1.5200000e+02		1.5150000e+02		2.5258505e-01		3.2972450e-98		1.5561472e-92		3.5721732e-98		6.5048705e-99		2.9216861e-98
1.5200000e+02		1.5300000e+02		1.5250000e+02		3.2229547e-01		2.6892598e-87		3.1582424e-82		2.9348670e-87		5.8111294e-88		2.3537541e-87
1.5300000e+02		1.5400000e+02		1.5350000e+02		3.5701286e-01		1.9443945e-76		5.6855194e-72		2.1424503e-76		4.6860505e-77		1.6738453e-76
1.5400000e+02		1.5500000e+02		1.5450000e+02		9.5486931e-01		3.3083789e-65		2.4186427e-61		3.6932332e-65		9.1057507e-66		2.7826582e-65
1.5500000e+02		1.5600000e+02		1.5550000e+02		7.8587524e-01		1.6990239e-54		3.1227376e-51		1.9323163e-54		5.5197558e-55		1.3803407e-54
1.5600000e+02		1.5700000e+02		1.5650000e+02		4.6648084e-01		6.2494244e-44		2.9126710e-41		7.3136477e-44		2.5179793e-44		4.7956684e-44
1.5700000e+02		1.5800000e+02		1.5750000e+02		4.2309893e-01		3.6055681e-33		4.3319371e-31		4.4326553e-33		1.9569095e-33		2.4757459e-33
1.5800000e+02		1.5900000e+02		1.5850000e+02		3.9008072e-01		2.5290455e-22		8.1859215e-21		3.4543700e-22		2.1893413e-22		1.2650287e-22
1.5900000e+02		1.6000000e+02		1.5950000e+02		3.8042347e-01		2.2901877e-11		2.3027987e-10		3.9449280e-11		3.9151578e-11		2.9770240e-13
1.6000000e+02		1.6100000e+02		1.6050000e+02		4.1635449e-01		1.8815054e-08		1.2889216e-07		3.2577789e-08		3.2562980e-08		1.4808816e-11
1.6100000e+02		1.6200000e+02		1.6150000e+02		4.7164413e-01		2.0835235e-07		1.2574382e-06		3.6082248e-07		3.6074820e-07		7.4280605e-11
1.6200000e+02		1.6300000e+02		1.6250000e+02		5.2241459e-01		9.5797990e-07		5.3552701e-06		1.6590941e-06		1.6588541e-06		2.4005396e-10
1.6300000e+02		1.6400000e+02		1.6350000e+02		1.1072121e+00		2.0962444e-06		1.1703329e-05		3.6302025e-06		3.6293839e-06		8.1867660e-10
1.6400000e+02		1.6500000e+02		1.6450000e+02		1.1323318e+00		1.4607108e-06		8.3299838e-06		2.5292172e-06		2.5281132e-06		1.1040013e-09
1.6500000e+02		1.6600000e+02		1.6550000e+02		1.3255566e+00		8.7487198e-07		5.1791523e-06		1.5142611e-06		1.5128108e-06		1.4502749e-09
1.6600000e+02		1.6700000e+02		1.6650000e+02		6.2522883e-01		1.6473545e-07		1.0271461e-06		2.8485325e-07		2.8420175e-07		6.5149484e-10
1.6700000e+02		1.6800000e+02		1.6750000e+02		6.6723830e-01		7.1499284e-08		4.6911731e-07		1.2337957e-07		1.2275007e-07		6.2949780e-10
1.6800000e+02		1.6900000e+02		1.6850000e+02		7.1904320e-01		2.6955039e-08		1.8738226e-07		4.6300093e-08		4.5770890e-08		5.2920305e-10
1.6900000e+02		1.7000000e+02		1.6950000e+02		9.0554889e-01		1.0175909e-08		7.5201531e-08		1.7307792e-08		1.6874218e-08		4.3357456e-10
1.7000000e+02		1.7100000e+02		1.7050000e+02		1.0161854e+00		3.4810689e-09		2.7071430e-08		5.8211438e-09		5.5366767e-09		2.8446714e-10
1.7100000e+02		1.7200000e+02		1.7150000e+02		1.0130704e+00		9.7758018e-10		7.9381712e-09		1.5926077e-09		1.4551707e-09		1.3743700e-10
1.7200000e+02		1.7300000e+02		1.7250000e+02		1.0571150e+00		2.4444859e-10		2.0671105e-09		3.8450014e-10		3.3136552e-10		5.3134616e-11
1.7300000e+02		1.7400000e+02		1.7350000e+02		1.0479596e+00		6.9377035e-11		6.0562080e-10		1.0548097e-10		8.5422830e-11		2.0058141e-11
1.7400000e+02		1.7500000e+02		1.7450000e+02		1.2530722e+00		2.1106845e-11		1.9157259e-10		3.1002798e-11		2.3414075e-11		7.5887230e-12
1.7500000e+02		1.7600000e+02		1.7550000e+02		1.4954862e+00		3.5266462e-12		3.4289154e-11		4.9782998e-12		3.4346493e-12		1.5436506e-12
1.7600000e+02		1.7700000e+02		1.7650000e+02		1.6135596e+00		6.3942496e-13		6.6563924e-12		8.7410705e-13		5.5526379e-13		3.1884326e-13
1.7700000e+02		1.7800000e+02		1.7750000e+02		1.9010195e+00		1.2766149e-13		1.4299231e-12		1.6972592e-13		9.9525521e-14		7.0200401e-14
1.7800000e+02		1.7900000e+02		1.7850000e+02		2.0776624e+00		7.8837439e-15		1.0065168e-13		1.0137081e-14		5.3314527e-15		4.8056283e-15
1.7900000e+02		1.8000000e+02		1.7950000e+02		2.0198657e+00		3.6348521e-16		5.3700600e-15		4.5415706e-16		2.1453190e-16		2.3962516e-16
1.8000000e+02		1.8100000e+02		1.8050000e+02		2.4976225e+00		4.0201474e-17		6.6843487e-16		4.9217496e-17		2.1332138e-17		2.7885358e-17
1.8100000e+02		1.8200000e+02		1.8150000e+02		3.0410490e+00		1.5490780e-18		3.0688785e-17		1.8544995e-18		7.2263506e-19		1.1318645e-18
1.8200000e+02		1.8300000e+02		1.8250000e+02		2.8073836e+00		1.0216596e-20		2.6194989e-19		1.1941326e-20		4.0807535e-21		7.8605723e-21
1.8300000e+02		1.8400000e+02		1.8350000e+02		2.9562417e+00		1.9406224e-22		6.1520850e-21		2.2310758e-22		6.8722017e-23		1.5438556e-22
1.8400000e+02		1.8500000e+02		1.8450000e+02		2.5409769e+00		7.4021811e-24		2.7693148e-22		8.4107615e-24		2.3863268e-24		6.0244347e-24
1.8500000e+02		1.8600000e+02		1.8550000e+02		2.8735562e+00		3.5556605e-26		1.7864604e-24		3.9797891e-26		1.0034989e-26		2.9762902e-26
1.8600000e+02		1.8700000e+02		1.8650000e+02		3.2604304e+00		2.6637251e-29		1.9953241e-27		2.9364572e-29		6.4529119e-30		2.2911660e-29
1.8700000e+02		1.8800000e+02		1.8750000e+02		3.6946466e+00		3.0672384e-31		2.9530538e-29		3.3519273e-31		6.7358108e-32		2.6783462e-31
1.8800000e+02		1.8900000e+02		1.8850000e+02		3.8870616e+00		2.5967484e-32		2.8685534e-30		2.8228965e-32		5.3507222e-33		2.2878243e-32
1.8900000e+02		1.9000000e+02		1.8950000e+02		4.3106081e+00		1.4037811e-34		2.0788066e-32		1.5143882e-34		2.6169913e-35		1.2526890e-34
1.9000000e+02		1.9100000e+02		1.9050000e+02		4.4384288e+00		1.6396836e-38		4.0143158e-36		1.7519628e-38		2.6565561e-39		1.4863072e-38
1.9100000e+02		1.9200000e+02		1.9150000e+02		4.8094361e+00		5.1330481e-41		1.7374875e-38		5.4533612e-41		7.5786905e-42		4.6954922e-41
1.9200000e+02		1.9300000e+02		1.9250000e+02		5.0365493e+00		3.8317439e-41		1.3202429e-38		4.0639451e-41		5.4939403e-42		3.5145511e-41
1.9300000e+02		1.9400000e+02		1.9350000e+02		3.8447944e+00		1.3244498e-41		4.7642759e-39		1.4020221e-41		1.8353805e-42		1.2184840e-41
1.9400000e+02		1.9500000e+02		1.9450000e+02		6.1679797e+00		5.7371145e-44		2.8664337e-41		6.0449063e-44		7.2824332e-45		5.3166630e-44
1.9500000e+02		1.9600000e+02		1.9550000e+02		5.9528271e+00		6.1149477e-47		4.4624660e-44		6.4140672e-47		7.0772442e-48		5.7063428e-47
1.9600000e+02		1.9700000e+02		1.9650000e+02		6.5508102e+00		5.2972521e-47		3.9144812e-44		5.5494774e-47		5.9677154e-48		4.9527058e-47
1.9700000e+02		1.9800000e+02		1.9750000e+02		6.5190955e+00		6.2713679e-45		3.5466944e-42		6.5766641e-45		7.2233865e-46		5.8543254e-45
1.9800000e+02		1.9900000e+02		1.9850000e+02		6.3883794e+00		2.3297421e-43		1.0748511e-40		2.4445949e-43		2.7174471e-44		2.1728502e-43
1.9900000e+02		2.0000000e+02		1.9950000e+02		6.7274707e+00		1.7168137e-43		8.0734302e-41		1.7991196e-43		1.9473788e-44		1.6043817e-43
2.0000000e+02		2.0100000e+02		2.0050000e+02		7.1125146e+00		8.0965754e-44		3.9797442e-41		8.4723800e-44		8.8916325e-45		7.5832167e-44
2.0100000e+02		2.0200000e+02		2.0150000e+02		7.5701275e+00		2.9845309e-42		1.2028417e-39		3.1248704e-42		3.3204671e-43		2.7928237e-42
2.0200000e+02		2.0300000e+02		2.0250000e+02		7.4828608e+00		4.3296373e-39		1.1611299e-36		4.5450821e-39		5.0974779e-40		4.0353343e-39
2.0300000e+02		2.0400000e+02		2.0350000e+02		8.0092047e+00		1.4529606e-35		2.4865032e-33		1.5307497e-35		1.8405109e-36		1.3466986e-35
2.0400000e+02		2.0500000e+02		2.0450000e+02		8.6207445e+00		2.3267044e-32		2.6499467e-30		2.4607220e-32		3.1708906e-33		2.1436330e-32
2.0500000e+02		2.0600000e+02		2.0550000e+02		8.6400754e+00		1.4787823e-29		1.1759435e-27		1.5701671e-29		2.1621877e-30		1.3539483e-29
2.0600000e+02		2.0700000e+02		2.0650000e+02		8.6510225e+00		3.6537724e-27		2.1388732e-25		3.8945361e-27		5.6965317e-28		3.3248829e-27
2.0700000e+02		2.0800000e+02		2.0750000e+02		9.3957826e+00		4.4863038e-25		2.0196651e-23		4.7997049e-25		7.4151500e-26		4.0581899e-25
2.0800000e+02		2.0900000e+02		2.0850000e+02		1.0163489e+01		2.9961045e-23		1.0730236e-21		3.2169742e-23		5.2258327e-24		2.6943909e-23
2.0900000e+02		2.1000000e+02		2.0950000e+02		1.3129215e+01		1.6508613e-21		4.8025257e-20		1.7791119e-21		3.0344416e-22		1.4756677e-21
2.1000000e+02		2.1100000e+02		2.1050000e+02		1.6183343e+01		7.5704117e-20		1.8032509e-18		8.1920802e-20		1.4708834e-20		6.7211968e-20
2.1100000e+02		2.1200000e+02		2.1150000e+02		1.8424170e+01		2.4837286e-18		4.9150556e-17		2.6994019e-18		5.1028855e-19		2.1891134e-18
2.1200000e+02		2.1300000e+02		2.1250000e+02		1.6428561e+01		5.1035068e-17		8.4983143e-16		5.5724707e-17		1.1095805e-17		4.4628902e-17
2.1300000e+02		2.1400000e+02		2.1350000e+02		1.6737981e+01		8.3784500e-16		1.1977773e-14		9.1903736e-16		1.9210317e-16		7.2693418e-16
2.1400000e+02		2.1500000e+02		2.1450000e+02		2.1432541e+01		1.5035952e-14		1.8605189e-13		1.6575434e-14		3.6424542e-15		1.2932980e-14
2.1500000e+02		2.1600000e+02		2.1550000e+02		1.8408135e+01		1.7906540e-13		1.9202750e-12		1.9855457e-13		4.6111862e-14		1.5244271e-13
2.1600000e+02		2.1700000e+02		2.1650000e+02		1.7036901e+01		2.0132819e-12		1.8860656e-11		2.2468423e-12		5.5260987e-13		1.6942324e-12
2.1700000e+02		2.1800000e+02		2.1750000e+02		1.7640866e+01		2.2785375e-11		1.8771226e-10		2.5613600e-11		6.6916519e-12		1.8921948e-11
2.1800000e+02		2.1900000e+02		2.1850000e+02		2.3730294e+01		2.6502129e-10		1.9461116e-09		3.0016690e-10		8.3155418e-11		2.1701149e-10
2.1900000e+02		2.2000000e+02		2.1950000e+02		2.5052511e+01		1.9626509e-09		1.3003259e-08		2.2403161e-09		6.5696285e-10		1.5833532e-09
2.2000000e+02		2.2100000e+02		2.2050000e+02		2.5203754e+01		1.2435763e-08		7.4855609e-08		1.4317369e-08		4.4519290e-09		9.8654404e-09
2.2100000e+02		2.2200000e+02		2.2150000e+02		2.0176768e+01		5.5961967e-08		3.0833127e-07		6.5036850e-08		2.1471405e-08		4.3565446e-08
2.2200000e+02		2.2300000e+02		2.2250000e+02		2.7154039e+01		3.8226764e-07		1.9415018e-06		4.4887497e-07		1.5759463e-07		2.9128034e-07
2.2300000e+02		2.2400000e+02		2.2350000e+02		3.5163062e+01		2.1850957e-06		1.0323285e-05		2.5941531e-06		9.6784031e-07		1.6263128e-06
2.2400000e+02		2.2500000e+02		2.2450000e+02		3.2875934e+01		8.0426294e-06		3.5626705e-05		9.6613888e-06		3.8300260e-06		5.8313628e-06
2.2500000e+02		2.2600000e+02		2.2550000e+02		2.8720078e+01		2.5436347e-05		1.0636309e-04		3.0953660e-05		1.3054103e-05		1.7899558e-05
2.2600000e+02		2.2700000e+02		2.2650000e+02		2.1037217e+01		6.0965532e-05		2.4247951e-04		7.5222439e-05		3.3732203e-05		4.1490236e-05
2.2700000e+02		2.2800000e+02		2.2750000e+02		2.0463841e+01		1.8497569e-04		7.0375599e-04		2.3181422e-04		1.1082114e-04		1.2099307e-04
2.2800000e+02		2.2900000e+02		2.2850000e+02		2.8509984e+01		7.0963282e-04		2.6040416e-03		9.0349514e-04		4.5868318e-04		4.4481196e-04
2.2900000e+02		2.3000000e+02		2.2950000e+02		2.5620938e+01		1.6595336e-03		5.9072503e-03		2.1494053e-03		1.1590487e-03		9.9035658e-04
2.3000000e+02		2.3100000e+02		2.3050000e+02		2.9055844e+01		4.7459811e-03		1.6469825e-02		6.2648792e-03		3.5937514e-03		2.6711278e-03
2.3100000e+02		2.3200000e+02		2.3150000e+02		2.7387429e+01		1.0421261e-02		3.5460511e-02		1.4025628e-02		8.5280236e-03		5.4976046e-03
2.3200000e+02		2.3300000e+02		2.3250000e+02		2.9413108e+01		2.3632304e-02		7.9251741e-02		3.2400377e-02		2.0745483e-02		1.1654893e-02
2.3300000e+02		2.3400000e+02		2.3350000e+02		2.6543685e+01		4.2304699e-02		1.4033669e-01		5.9063707e-02		3.9652239e-02		1.9411468e-02
2.3400000e+02		2.3500000e+02		2.3450000e+02		2.3194371e+01		6.9507736e-02		2.2875662e-01		9.8771021e-02		6.9237677e-02		2.9533344e-02
2.3500000e+02		2.3600000e+02		2.3550000e+02		3.1223226e+01		1.6777004e-01		5.4907603e-01		2.4247806e-01		1.7676106e-01		6.5716995e-02
2.3600000e+02		2.3700000e+02		2.3650000e+02		2.8911473e+01		2.6833500e-01		8.7496071e-01		3.9420694e-01		2.9781623e-01		9.6390718e-02
2.3700000e+02		2.3800000e+02		2.3750000e+02		3.0878004e+01		4.7236178e-01		1.5367913e+00		7.0446313e-01		5.4915769e-01		1.5530544e-01
2.3800000e+02		2.3900000e+02		2.3850000e+02		2.5598090e+01		6.1902954e-01		2.0116972e+00		9.3600622e-01		7.4997489e-01		1.8603133e-01
2.3900000e+02		2.4000000e+02		2.3950000e+02		2.7890834e+01		1.0205888e+00		3.3155486e+00		1.5622645e+00		1.2816185e+00		2.8064599e-01
2.4000000e+02		2.4100000e+02		2.4050000e+02		2.5623038e+01		1.3727426e+00		4.4608688e+00		2.1248932e+00		1.7796074e+00		3.4528576e-01
2.4100000e+02		2.4200000e+02		2.4150000e+02		3.0005079e+01		2.2668817e+00		7.3714271e+00		3.5434625e+00		3.0204228e+00		5.2303975e-01
2.4200000e+02		2.4300000e+02		2.4250000e+02		4.1301739e+01		4.2930877e+00		1.3974711e+01		6.7708370e+00		5.8624178e+00		9.0841923e-01
2.4300000e+02		2.4400000e+02		2.4350000e+02		3.8791639e+01		5.3778917e+00		1.7526746e+01		8.5479812e+00		7.5005123e+00		1.0474689e+00
2.4400000e+02		2.4500000e+02		2.4450000e+02		3.6329084e+01		6.5318087e+00		2.1314153e+01		1.0452561e+01		9.2765995e+00		1.1759615e+00
2.4500000e+02		2.4600000e+02		2.4550000e+02		2.9476122e+01		6.7631070e+00		2.2099832e+01		1.0890117e+01		9.7646098e+00		1.1255069e+00
2.4600000e+02		2.4700000e+02		2.4650000e+02		2.8685918e+01		8.1891679e+00		2.6795313e+01		1.3256510e+01		1.1989461e+01		1.2670494e+00
2.4700000e+02		2.4800000e+02		2.4750000e+02		3.1678139e+01		1.1070877e+01		3.6272504e+01		1.8006654e+01		1.6410224e+01		1.5964299e+00
2.4800000e+02		2.4900000e+02		2.4850000e+02		2.5406301e+01		1.0683284e+01		3.5046625e+01		1.7448567e+01		1.6006832e+01		1.4417355e+00
2.4900000e+02		2.5000000e+02		2.4950000e+02		3.0967514e+01		1.5350589e+01		5.0412638e+01		2.5158348e+01		2.3205408e+01		1.9529410e+00
2.5000000e+02		2.5100000e+02		2.5050000e+02		3.3448743e+01		1.9118572e+01		6.2840822e+01		3.1419287e+01		2.9103805e+01		2.3154818e+00
2.5100000e+02		2.5200000e+02		2.5150000e+02		2.7888154e+01		1.7996422e+01		5.9188681e+01		2.9635792e+01		2.7539044e+01		2.0967480e+00
2.5200000e+02		2.5300000e+02		2.5250000e+02		2.5069906e+01		1.7974380e+01		5.9141855e+01		2.9645645e+01		2.7614509e+01		2.0311363e+00
2.5300000e+02		2.5400000e+02		2.5350000e+02		3.1592540e+01		2.4799013e+01		8.1618574e+01		4.0947458e+01		3.8207632e+01		2.7398263e+00
2.5400000e+02		2.5500000e+02		2.5450000e+02		3.5730773e+01		3.0300769e+01		9.9735828e+01		5.0068149e+01		4.6770122e+01		3.2980267e+00
2.5500000e+02		2.5600000e+02		2.5550000e+02		4.8755658e+01		4.4154150e+01		1.4532801e+02		7.2987581e+01		6.8220631e+01		4.7669499e+00
2.5600000e+02		2.5700000e+02		2.5650000e+02		6.2803876e+01		6.0156156e+01		1.9796370e+02		9.9450554e+01		9.2971544e+01		6.4790104e+00
2.5700000e+02		2.5800000e+02		2.5750000e+02		7.8843355e+01		7.9184887e+01		2.6051112e+02		1.3089118e+02		1.2233840e+02		8.5527780e+00
2.5800000e+02		2.5900000e+02		2.5850000e+02		8.2991293e+01		8.6732326e+01		2.8523211e+02		1.4331540e+02		1.3387700e+02		9.4384017e+00
2.5900000e+02		2.6000000e+02		2.5950000e+02		7.0629481e+01		6.7249171e+01		2.2049411e+02		1.1054694e+02		1.0244362e+02		8.1033204e+00
2.6000000e+02		2.6100000e+02		2.6050000e+02		5.7868388e+01		5.1287617e+01		1.6769646e+02		8.3911768e+01		7.7189569e+01		6.7221986e+00
2.6100000e+02		2.6200000e+02		2.6150000e+02		5.9092703e+01		5.3373429e+01		1.7437005e+02		8.7218262e+01		8.0077735e+01		7.1405268e+00
2.6200000e+02		2.6300000e+02		2.6250000e+02		7.0528613e+01		6.4636139e+01		2.1097030e+02		1.0547645e+02		9.6629210e+01		8.8472384e+00
2.6300000e+02		2.6400000e+02		2.6350000e+02		1.0614195e+02		9.6782983e+01		3.1546105e+02		1.5758383e+02		1.4385635e+02		1.3727478e+01
2.6400000e+02		2.6500000e+02		2.6450000e+02		1.6548208e+02		1.5859603e+02		5.1691531e+02		2.5826979e+02		2.3583064e+02		2.2439150e+01
2.6500000e+02		2.6600000e+02		2.6550000e+02		1.7356948e+02		1.7190723e+02		5.6006676e+02		2.7979651e+02		2.5526876e+02		2.4527743e+01
2.6600000e+02		2.6700000e+02		2.6650000e+02		1.6826276e+02		1.6648867e+02		5.4173929e+02		2.7042765e+02		2.4592227e+02		2.4505381e+01
2.6700000e+02		2.6800000e+02		2.6750000e+02		1.6940220e+02		1.7330209e+02		5.6371000e+02		2.8136501e+02		2.5567962e+02		2.5685393e+01
2.6800000e+02		2.6900000e+02		2.6850000e+02		1.6778062e+02		1.7611213e+02		5.7255096e+02		2.8570421e+02		2.5929767e+02		2.6406549e+01
2.6900000e+02		2.7000000e+02		2.6950000e+02		1.5737310e+02		1.6276305e+02		5.2830999e+02		2.6333837e+02		2.3796377e+02		2.5374599e+01
2.7000000e+02		2.7100000e+02		2.7050000e+02		1.8181465e+02		1.9012029e+02		6.1655436e+02		3.0714730e+02		2.7688888e+02		3.0258423e+01
2.7100000e+02		2.7200000e+02		2.7150000e+02		1.5108640e+02		1.5253460e+02		4.9357057e+02		2.4548837e+02		2.1993099e+02		2.5557386e+01
2.7200000e+02		2.7300000e+02		2.7250000e+02		1.2154404e+02		1.2952292e+02		4.1926125e+02		2.0860431e+02		1.8710856e+02		2.1495747e+01
2.7300000e+02		2.7400000e+02		2.7350000e+02		1.2960124e+02		1.3814766e+02		4.4664904e+02		2.2204558e+02		1.9850463e+02		2.3540957e+01
2.7400000e+02		2.7500000e+02		2.7450000e+02		8.9183780e+01		9.4768077e+01		3.0600133e+02		1.5198327e+02		1.3537259e+02		1.6610675e+01
2.7500000e+02		2.7600000e+02		2.7550000e+02		1.1893609e+02		1.2623201e+02		4.0709177e+02		2.0201051e+02		1.7929385e+02		2.2716656e+01
2.7600000e+02		2.7700000e+02		2.7650000e+02		1.6564211e+02		1.7563907e+02		5.6572778e+02		2.8047535e+02		2.4804529e+02		3.2430059e+01
2.7700000e+02		2.7800000e+02		2.7750000e+02		1.5837296e+02		1.7042789e+02		5.4854535e+02		2.7181149e+02		2.3987617e+02		3.1935314e+01
2.7800000e+02		2.7900000e+02		2.7850000e+02		1.0921797e+02		1.1790413e+02		3.7907592e+02		1.8768226e+02		1.6509684e+02		2.2585422e+01
2.7900000e+02		2.8000000e+02		2.7950000e+02		6.1368404e+01		6.6102372e+01		2.1225662e+02		1.0498710e+02		9.2002261e+01		1.2984842e+01
2.8000000e+02		2.8100000e+02		2.8050000e+02		6.7313201e+01		7.1219723e+01		2.2827160e+02		1.1275056e+02		9.8263020e+01		1.4487542e+01
2.8100000e+02		2.8200000e+02		2.8150000e+02		1.3943196e+02		1.5018182e+02		4.8108096e+02		2.3750922e+02		2.0661883e+02		3.0890385e+01
2.8200000e+02		2.8300000e+02		2.8250000e+02		1.8983287e+02		2.0627211e+02		6.6017257e+02		3.2569424e+02		2.8255579e+02		4.3138445e+01
2.8300000e+02		2.8400000e+02		2.8350000e+02		1.9610227e+02		2.1349495e+02		6.8252132e+02		3.3641516e+02		2.9083235e+02		4.5582810e+01
2.8400000e+02		2.8500000e+02		2.8450000e+02		1.4459284e+02		1.5871430e+02		5.0694351e+02		2.4968857e+02		2.1524743e+02		3.4441135e+01
2.8500000e+02		2.8600000e+02		2.8550000e+02		9.2944992e+01		1.0120718e+02		3.2277978e+02		1.5878960e+02		1.3624145e+02		2.2548144e+01
2.8600000e+02		2.8700000e+02		2.8650000e+02		1.9045522e+02		2.0957303e+02		6.6786563e+02		3.2832831e+02		2.8097801e+02		4.7350298e+01
2.8700000e+02		2.8800000e+02		2.8750000e+02		2.2108403e+02		2.4113782e+02		7.6727929e+02		3.7672738e+02		3.2080832e+02		5.5919052e+01
2.8800000e+02		2.8900000e+02		2.8850000e+02		2.1010240e+02		2.2887672e+02		7.2736384e+02		3.5675614e+02		3.0256596e+02		5.4190184e+01
2.8900000e+02		2.9000000e+02		2.8950000e+02		3.1885068e+02		3.4107758e+02		1.0818411e+03		5.2978171e+02		4.4647877e+02		8.3302937e+01
2.9000000e+02		2.9100000e+02		2.9050000e+02		4.1860542e+02		4.5017776e+02		1.4264944e+03		6.9795342e+02		5.8624349e+02		1.1170993e+02
2.9100000e+02		2.9200000e+02		2.9150000e+02		4.0318642e+02		4.3361657e+02		1.3723802e+03		6.7077839e+02		5.6113088e+02		1.0964751e+02
2.9200000e+02		2.9300000e+02		2.9250000e+02		3.5818014e+02		3.8882655e+02		1.2296484e+03		6.0056661e+02		5.0098236e+02		9.9584254e+01
2.9300000e+02		2.9400000e+02		2.9350000e+02		3.7393440e+02		4.0908824e+02		1.2926307e+03		6.3082396e+02		5.2463234e+02		1.0619162e+02
2.9400000e+02		2.9500000e+02		2.9450000e+02		3.4819581e+02		3.7338467e+02		1.1773896e+03		5.7359335e+02		4.7369882e+02		9.9894529e+01
2.9500000e+02		2.9600000e+02		2.9550000e+02		3.7701055e+02		4.1463574e+02		1.3073942e+03		6.3679103e+02		5.2562506e+02		1.1116597e+02
2.9600000e+02		2.9700000e+02		2.9650000e+02		3.4493460e+02		3.9127979e+02		1.2340284e+03		6.0105211e+02		4.9632664e+02		1.0472547e+02
2.9700000e+02		2.9800000e+02		2.9750000e+02		3.5165811e+02		3.8785140e+02		1.2202521e+03		5.9313287e+02		4.8570119e+02		1.0743168e+02
2.9800000e+02		2.9900000e+02		2.9850000e+02		3.0223333e+02		3.3216084e+02		1.0436576e+03		5.0668366e+02		4.1292542e+02		9.3758240e+01
2.9900000e+02		3.0000000e+02		2.9950000e+02		3.4101318e+02		3.7032994e+02		1.1615864e+03		5.6308138e+02		4.5605479e+02		1.0702658e+02
3.0000000e+02		3.0100000e+02		3.0050000e+02		2.7131061e+02		2.9899386e+02		9.3739936e+02		4.5414978e+02		3.6710286e+02		8.7046923e+01
3.0100000e+02		3.0200000e+02		3.0150000e+02		3.1202593e+02		3.4390376e+02		1.0769683e+03		5.2119741e+02		4.1948128e+02		1.0171613e+02
3.0200000e+02		3.0300000e+02		3.0250000e+02		3.2846528e+02		3.6044878e+02		1.1272497e+03		5.4484045e+02		4.3627539e+02		1.0856507e+02
3.0300000e+02		3.0400000e+02		3.0350000e+02		4.2601061e+02		4.5949132e+02		1.4341236e+03		6.9194031e+02		5.4998021e+02		1.4196009e+02
3.0400000e+02		3.0500000e+02		3.0450000e+02		4.0776836e+02		4.5131543e+02		1.4088043e+03		6.7963462e+02		5.4020901e+02		1.3942561e+02
3.0500000e+02		3.0600000e+02		3.0550000e+02		4.1174793e+02		4.5925584e+02		1.4325289e+03		6.9051627e+02		5.4716805e+02		1.4334822e+02
3.0600000e+02		3.0700000e+02		3.0650000e+02		3.9053943e+02		4.3612389e+02		1.3589330e+03		6.5434101e+02		5.1630724e+02		1.3803376e+02
3.0700000e+02		3.0800000e+02		3.0750000e+02		4.3847484e+02		4.8243115e+02		1.5003976e+03		7.2122193e+02		5.6498505e+02		1.5623688e+02
3.0800000e+02		3.0900000e+02		3.0850000e+02		4.3035211e+02		4.7456496e+02		1.4744546e+03		7.0801469e+02		5.5234799e+02		1.5566670e+02
3.0900000e+02		3.1000000e+02		3.0950000e+02		3.4901328e+02		3.9214678e+02		1.2182256e+03		5.8476025e+02		4.5572837e+02		1.2903188e+02
3.1000000e+02		3.1100000e+02		3.1050000e+02		4.3927411e+02		4.8342037e+02		1.4984705e+03		7.1785469e+02		5.5467756e+02		1.6317713e+02
3.1100000e+02		3.1200000e+02		3.1150000e+02		5.2246540e+02		5.7705809e+02		1.7870927e+03		8.5527445e+02		6.5826698e+02		1.9700747e+02
3.1200000e+02		3.1300000e+02		3.1250000e+02		4.6521908e+02		5.0628444e+02		1.5649367e+03		7.4763221e+02		5.7103497e+02		1.7659724e+02
3.1300000e+02		3.1400000e+02		3.1350000e+02		4.9544367e+02		5.5133362e+02		1.7043859e+03		8.1408913e+02		6.2168620e+02		1.9240292e+02
3.1400000e+02		3.1500000e+02		3.1450000e+02		4.6729179e+02		5.1616196e+02		1.5932754e+03		7.5990492e+02		5.7670203e+02		1.8320288e+02
3.1500000e+02		3.1600000e+02		3.1550000e+02		4.5343123e+02		5.0009868e+02		1.5418916e+03		7.3450468e+02		5.5461056e+02		1.7989412e+02
3.1600000e+02		3.1700000e+02		3.1650000e+02		4.4229406e+02		4.7890518e+02		1.4734301e+03		7.0051560e+02		5.2433589e+02		1.7617971e+02
3.1700000e+02		3.1800000e+02		3.1750000e+02		5.6102832e+02		6.0915697e+02		1.8724396e+03		8.8929337e+02		6.6280983e+02		2.2648354e+02
3.1800000e+02		3.1900000e+02		3.1850000e+02		4.6340678e+02		5.0484627e+02		1.5504364e+03		7.3561663e+02		5.4600853e+02		1.8960809e+02
3.1900000e+02		3.2000000e+02		3.1950000e+02		4.9774832e+02		5.3862420e+02		1.6517668e+03		7.8254527e+02		5.7712345e+02		2.0542181e+02
3.2000000e+02		3.2100000e+02		3.2050000e+02		5.7184857e+02		6.2078369e+02		1.9020459e+03		9.0019884e+02		6.6110334e+02		2.3909550e+02
3.2100000e+02		3.2200000e+02		3.2150000e+02		4.8024660e+02		5.0468363e+02		1.5417510e+03		7.2774053e+02		5.2775829e+02		1.9998224e+02
3.2200000e+02		3.2300000e+02		3.2250000e+02		4.8228681e+02		5.2757198e+02		1.6137697e+03		7.6225501e+02		5.5526601e+02		2.0698900e+02
3.2300000e+02		3.2400000e+02		3.2350000e+02		4.6607071e+02		5.0209641e+02		1.5328509e+03		7.2267354e+02		5.2189108e+02		2.0078246e+02
3.2400000e+02		3.2500000e+02		3.2450000e+02		5.4882129e+02		5.9136930e+02		1.8035326e+03		8.4930242e+02		6.1027630e+02		2.3902611e+02
3.2500000e+02		3.2600000e+02		3.2550000e+02		6.3196128e+02		6.2981325e+02		1.9097697e+03		8.9496352e+02		6.2735229e+02		2.6761123e+02
3.2600000e+02		3.2700000e+02		3.2650000e+02		7.1301257e+02		7.7515236e+02		2.3604131e+03		1.1094175e+03		7.9087975e+02		3.1853773e+02
3.2700000e+02		3.2800000e+02		3.2750000e+02		6.8984049e+02		7.4926260e+02		2.2791173e+03		1.0699102e+03		7.5866034e+02		3.1124985e+02
3.2800000e+02		3.2900000e+02		3.2850000e+02		6.6596082e+02		7.1688344e+02		2.1772160e+03		1.0204372e+03		7.1821602e+02		3.0222122e+02
3.2900000e+02		3.3000000e+02		3.2950000e+02		7.7527139e+02		8.2242884e+02		2.4929793e+03		1.1662308e+03		8.1344416e+02		3.5278664e+02
3.3000000e+02		3.3100000e+02		3.3050000e+02		7.3029799e+02		7.3261867e+02		2.2108007e+03		1.0301891e+03		7.0405912e+02		3.2612995e+02
3.3100000e+02		3.3200000e+02		3.3150000e+02		6.9881652e+02		7.7606017e+02		2.3544076e+03		1.1013284e+03		7.6959293e+02		3.3173548e+02
3.3200000e+02		3.3300000e+02		3.3250000e+02		6.8562051e+02		7.5256211e+02		2.2792029e+03		1.0642931e+03		7.3756354e+02		3.2672961e+02
3.3300000e+02		3.3400000e+02		3.3350000e+02		6.5878216e+02		7.1796406e+02		2.1713080e+03		1.0123713e+03		6.9657501e+02		3.1579628e+02
3.3400000e+02		3.3500000e+02		3.3450000e+02		6.9405546e+02		7.5114842e+02		2.2684407e+03		1.0560587e+03		7.2142548e+02		3.3463322e+02
3.3500000e+02		3.3600000e+02		3.3550000e+02		6.8541663e+02		7.3356825e+02		2.2116161e+03		1.0278248e+03		6.9621840e+02		3.3160637e+02
3.3600000e+02		3.3700000e+02		3.3650000e+02		5.6469084e+02		6.0959200e+02		1.8370754e+03		8.5314440e+02		5.7625117e+02		2.7689324e+02
3.3700000e+02		3.3800000e+02		3.3750000e+02		5.9573781e+02		6.4659793e+02		1.9474031e+03		9.0358516e+02		6.0803831e+02		2.9554685e+02
3.3800000e+02		3.3900000e+02		3.3850000e+02		6.4448401e+02		7.0459120e+02		2.1210377e+03		9.8338340e+02		6.5962942e+02		3.2375398e+02
3.3900000e+02		3.4000000e+02		3.3950000e+02		6.7448220e+02		7.3192859e+02		2.2001840e+03		1.0185083e+03		6.7805480e+02		3.4045348e+02
3.4000000e+02		3.4100000e+02		3.4050000e+02		7.1196374e+02		7.5926657e+02		2.2776175e+03		1.0521801e+03		6.9304078e+02		3.5913929e+02
3.4100000e+02		3.4200000e+02		3.4150000e+02		6.4984945e+02		6.4965219e+02		1.9387307e+03		8.9159082e+02		5.7243295e+02		3.1915787e+02
3.4200000e+02		3.4300000e+02		3.4250000e+02		7.0477558e+02		7.4419504e+02		2.2267706e+03		1.0257844e+03		6.6624748e+02		3.5953688e+02
3.4300000e+02		3.4400000e+02		3.4350000e+02		6.9264465e+02		7.0635450e+02		2.1067192e+03		9.6759138e+02		6.1809309e+02		3.4949829e+02
3.4400000e+02		3.4500000e+02		3.4450000e+02		5.5710877e+02		5.8938537e+02		1.7605062e+03		8.0921104e+02		5.2011312e+02		2.8909792e+02
3.4500000e+02		3.4600000e+02		3.4550000e+02		6.7138909e+02		6.9825326e+02		2.0814105e+03		9.5474923e+02		6.0687600e+02		3.4787324e+02
3.4600000e+02		3.4700000e+02		3.4650000e+02		6.5194093e+02		6.7539209e+02		2.0108992e+03		9.2115653e+02		5.8148491e+02		3.3967162e+02
3.4700000e+02		3.4800000e+02		3.4750000e+02		6.4525828e+02		6.3969023e+02		1.8972676e+03		8.6608974e+02		5.3566700e+02		3.3042274e+02
3.4800000e+02		3.4900000e+02		3.4850000e+02		6.6761091e+02		7.2848762e+02		2.1726652e+03		9.9577419e+02		6.3240683e+02		3.6336736e+02
3.4900000e+02		3.5000000e+02		3.4950000e+02		6.3989005e+02		7.0087656e+02		2.0890055e+03		9.5654868e+02		6.0492675e+02		3.5162194e+02
3.5000000e+02		3.5100000e+02		3.5050000e+02		7.6650484e+02		8.2333330e+02		2.4485874e+03		1.1187416e+03		6.9894353e+02		4.1979806e+02
3.5100000e+02		3.5200000e+02		3.5150000e+02		7.1211510e+02		7.6564011e+02		2.2751648e+03		1.0383905e+03		6.4533434e+02		3.9305616e+02
3.5200000e+02		3.5300000e+02		3.5250000e+02		6.5785102e+02		7.0748148e+02		2.1005539e+03		9.5763572e+02		5.9187129e+02		3.6576443e+02
3.5300000e+02		3.5400000e+02		3.5350000e+02		7.5263834e+02		8.2356691e+02		2.4460256e+03		1.1149577e+03		6.8943797e+02		4.2551971e+02
3.5400000e+02		3.5500000e+02		3.5450000e+02		8.0329241e+02		8.7315069e+02		2.5898889e+03		1.1787829e+03		7.2313363e+02		4.5564930e+02
3.5500000e+02		3.5600000e+02		3.5550000e+02		7.5433512e+02		8.1876703e+02		2.4262822e+03		1.1030040e+03		6.7251190e+02		4.3049211e+02
3.5600000e+02		3.5700000e+02		3.5650000e+02		6.5576441e+02		7.0382718e+02		2.0822983e+03		9.4498629e+02		5.7058857e+02		3.7439772e+02
3.5700000e+02		3.5800000e+02		3.5750000e+02		5.7307986e+02		6.0916286e+02		1.7995113e+03		8.1531033e+02		4.8775015e+02		3.2756018e+02
3.5800000e+02		3.5900000e+02		3.5850000e+02		4.9194729e+02		5.2816527e+02		1.5600232e+03		7.0641884e+02		4.2175247e+02		2.8466637e+02
3.5900000e+02		3.6000000e+02		3.5950000e+02		7.1030971e+02		7.5041865e+02		2.2121664e+03		9.9972578e+02		5.8986700e+02		4.0985878e+02
3.6000000e+02		3.6100000e+02		3.6050000e+02		7.0092701e+02		7.4624271e+02		2.1992358e+03		9.9322154e+02		5.8435819e+02		4.0886335e+02
3.6100000e+02		3.6200000e+02		3.6150000e+02		6.5110481e+02		6.6010602e+02		1.9371647e+03		8.7154255e+02		5.0026420e+02		3.7127835e+02
3.6200000e+02		3.6300000e+02		3.6250000e+02		7.3500056e+02		7.1113688e+02		2.0784650e+03		9.3173473e+02		5.2194012e+02		4.0979462e+02
3.6300000e+02		3.6400000e+02		3.6350000e+02		7.1558904e+02		7.1080939e+02		2.0796069e+03		9.3254998e+02		5.2464386e+02		4.0790612e+02
3.6400000e+02		3.6500000e+02		3.6450000e+02		7.4837927e+02		6.4249530e+02		1.8595624e+03		8.2670324e+02		4.3584067e+02		3.9086257e+02
3.6500000e+02		3.6600000e+02		3.6550000e+02		8.5179486e+02		7.5330933e+02		2.1828852e+03		9.7082600e+02		5.1464997e+02		4.5617603e+02
3.6600000e+02		3.6700000e+02		3.6650000e+02		9.1042532e+02		7.2750568e+02		2.0922060e+03		9.2495798e+02		4.6717717e+02		4.5778082e+02
3.6700000e+02		3.6800000e+02		3.6750000e+02		8.7909512e+02		7.0770045e+02		2.0346103e+03		8.9884869e+02		4.5226159e+02		4.4658710e+02
3.6800000e+02		3.6900000e+02		3.6850000e+02		8.1047729e+02		4.9420526e+02		1.3953121e+03		6.0882543e+02		2.7119423e+02		3.3763120e+02
3.6900000e+02		3.7000000e+02		3.6950000e+02		8.9967825e+02		6.1294080e+02		1.7407626e+03		7.6194139e+02		3.5253919e+02		4.0940220e+02
3.7000000e+02		3.7100000e+02		3.7050000e+02		8.4427990e+02		9.3662815e+02		2.7467691e+03		1.2301715e+03		6.9453101e+02		5.3564049e+02
3.7100000e+02		3.7200000e+02		3.7150000e+02		8.7164560e+02		9.6817881e+02		2.8374205e+03		1.2695325e+03		7.1301045e+02		5.5652204e+02
3.7200000e+02		3.7300000e+02		3.7250000e+02		7.2411383e+02		8.0364011e+02		2.3533188e+03		1.0517851e+03		5.8711737e+02		4.6466774e+02
3.7300000e+02		3.7400000e+02		3.7350000e+02		6.3155746e+02		7.0034038e+02		2.0491883e+03		9.1486331e+02		5.0756671e+02		4.0729660e+02
3.7400000e+02		3.7500000e+02		3.7450000e+02		6.4642322e+02		7.1623772e+02		2.0940448e+03		9.3387844e+02		5.1494346e+02		4.1893498e+02
3.7500000e+02		3.7600000e+02		3.7550000e+02		7.4036161e+02		8.1965388e+02		2.3945166e+03		1.0667294e+03		5.8458698e+02		4.8214243e+02
3.7600000e+02		3.7700000e+02		3.7650000e+02		7.6758018e+02		8.4910060e+02		2.4786066e+03		1.1030064e+03		6.0074766e+02		5.0225878e+02
3.7700000e+02		3.7800000e+02		3.7750000e+02		9.0048278e+02		9.9531839e+02		2.9031808e+03		1.2905671e+03		6.9856593e+02		5.9200116e+02
3.7800000e+02		3.7900000e+02		3.7850000e+02		9.3786543e+02		1.0358117e+03		3.0189710e+03		1.3406134e+03		7.2116868e+02		6.1944473e+02
3.7900000e+02		3.8000000e+02		3.7950000e+02		7.6051322e+02		8.3927276e+02		2.4442738e+03		1.0842630e+03		5.7965323e+02		5.0460982e+02
3.8000000e+02		3.8100000e+02		3.8050000e+02		8.2814537e+02		9.1319068e+02		2.6575367e+03		1.1776231e+03		6.2565390e+02		5.5196923e+02
3.8100000e+02		3.8200000e+02		3.8150000e+02		7.4366886e+02		8.1939906e+02		2.3827956e+03		1.0547711e+03		5.5689628e+02		4.9787484e+02
3.8200000e+02		3.8300000e+02		3.8250000e+02		5.3336093e+02		5.8721951e+02		1.7063488e+03		7.5454605e+02		3.9589884e+02		3.5864721e+02
3.8300000e+02		3.8400000e+02		3.8350000e+02		4.7073026e+02		5.1786583e+02		1.5037064e+03		6.6424703e+02		3.4634166e+02		3.1790538e+02
3.8400000e+02		3.8500000e+02		3.8450000e+02		6.2969557e+02		6.9221989e+02		2.0084951e+03		8.8631510e+02		4.5923420e+02		4.2708090e+02
3.8500000e+02		3.8600000e+02		3.8550000e+02		6.6694888e+02		7.3261655e+02		2.1241578e+03		9.3639075e+02		4.8213493e+02		4.5425582e+02
3.8600000e+02		3.8700000e+02		3.8650000e+02		6.6977732e+02		7.3517003e+02		2.1300196e+03		9.3801355e+02		4.7993293e+02		4.5808062e+02
3.8700000e+02		3.8800000e+02		3.8750000e+02		6.6902499e+02		7.3379595e+02		2.1245126e+03		9.3463530e+02		4.7519101e+02		4.5944429e+02
3.8800000e+02		3.8900000e+02		3.8850000e+02		6.7841027e+02		7.4353845e+02		2.1511863e+03		9.4541062e+02		4.7763467e+02		4.6777594e+02
3.8900000e+02		3.9000000e+02		3.8950000e+02		8.1451188e+02		8.9204943e+02		2.5790307e+03		1.1322980e+03		5.6843434e+02		5.6386371e+02
3.9000000e+02		3.9100000e+02		3.9050000e+02		8.5560997e+02		9.3637591e+02		2.7052861e+03		1.1865376e+03		5.9188885e+02		5.9464872e+02
3.9100000e+02		3.9200000e+02		3.9150000e+02		9.2006232e+02		1.0061830e+03		2.9049435e+03		1.2728355e+03		6.3090664e+02		6.4192885e+02
3.9200000e+02		3.9300000e+02		3.9250000e+02		7.0614281e+02		7.7168488e+02		2.2263880e+03		9.7454968e+02		4.7998326e+02		4.9456642e+02
3.9300000e+02		3.9400000e+02		3.9350000e+02		4.3291589e+02		4.7276043e+02		1.3630270e+03		5.9604412e+02		2.9169235e+02		3.0435177e+02
3.9400000e+02		3.9500000e+02		3.9450000e+02		7.1565803e+02		7.8097240e+02		2.2501105e+03		9.8299407e+02		4.7798841e+02		5.0500566e+02
3.9500000e+02		3.9600000e+02		3.9550000e+02		8.7888136e+02		9.5841881e+02		2.7595015e+03		1.2043510e+03		5.8188185e+02		6.2246917e+02
3.9600000e+02		3.9700000e+02		3.9650000e+02		6.0712893e+02		6.6161193e+02		1.9036544e+03		8.3001939e+02		3.9845634e+02		4.3156306e+02
3.9700000e+02		3.9800000e+02		3.9750000e+02		6.8053003e+02		7.4108735e+02		2.1309141e+03		9.2820965e+02		4.4273611e+02		4.8547354e+02
3.9800000e+02		3.9900000e+02		3.9850000e+02		1.0480559e+03		1.1405350e+03		3.2773230e+03		1.4262041e+03		6.7590026e+02		7.5030383e+02
3.9900000e+02		4.0000000e+02		3.9950000e+02		1.1577145e+03		1.2590126e+03		3.6154059e+03		1.5718247e+03		7.4012130e+02		8.3170341e+02
4.0000000e+02		4.0100000e+02		4.0050000e+02		1.1939713e+03		1.2975655e+03		3.7237018e+03		1.6173681e+03		7.5666109e+02		8.6070703e+02
4.0100000e+02		4.0200000e+02		4.0150000e+02		1.2509583e+03		1.3585868e+03		3.8963132e+03		1.6907411e+03		7.8588559e+02		9.0485549e+02
4.0200000e+02		4.0300000e+02		4.0250000e+02		1.2664199e+03		1.3744652e+03		3.9393390e+03		1.7078046e+03		7.8868968e+02		9.1911496e+02
4.0300000e+02		4.0400000e+02		4.0350000e+02		1.2115903e+03		1.3140915e+03		3.7639216e+03		1.6302317e+03		7.4799587e+02		8.8223584e+02
4.0400000e+02		4.0500000e+02		4.0450000e+02		1.1914959e+03		1.2914526e+03		3.6967580e+03		1.5996540e+03		7.2921240e+02		8.7044160e+02
4.0500000e+02		4.0600000e+02		4.0550000e+02		1.1904731e+03		1.2895076e+03		3.6888947e+03		1.5947767e+03		7.2227456e+02		8.7250218e+02
4.0600000e+02		4.0700000e+02		4.0650000e+02		1.1388815e+03		1.2328310e+03		3.5245842e+03		1.5223429e+03		6.8499239e+02		8.3735049e+02
4.0700000e+02		4.0800000e+02		4.0750000e+02		1.1575323e+03		1.2522214e+03		3.5778293e+03		1.5439296e+03		6.9018909e+02		8.5374054e+02
4.0800000e+02		4.0900000e+02		4.0850000e+02		1.2307397e+03		1.3305753e+03		3.7993937e+03		1.6380525e+03		7.2749884e+02		9.1055367e+02
4.0900000e+02		4.1000000e+02		4.0950000e+02		1.2243097e+03		1.3227935e+03		3.7748993e+03		1.6260237e+03		7.1745046e+02		9.0857329e+02
4.1000000e+02		4.1100000e+02		4.1050000e+02		1.1216634e+03		1.2111364e+03		3.4541963e+03		1.4865477e+03		6.5163016e+02		8.3491758e+02
4.1100000e+02		4.1200000e+02		4.1150000e+02		1.3003372e+03		1.4031965e+03		3.9995874e+03		1.7197279e+03		7.4892124e+02		9.7080662e+02
4.1200000e+02		4.1300000e+02		4.1250000e+02		1.2760342e+03		1.3761286e+03		3.9201312e+03		1.6840701e+03		7.2859735e+02		9.5547276e+02
4.1300000e+02		4.1400000e+02		4.1350000e+02		1.2308584e+03		1.3266038e+03		3.7768503e+03		1.6210885e+03		6.9675824e+02		9.2433022e+02
4.1400000e+02		4.1500000e+02		4.1450000e+02		1.2488872e+03		1.3452251e+03		3.8276530e+03		1.6414559e+03		7.0088967e+02		9.4056627e+02
4.1500000e+02		4.1600000e+02		4.1550000e+02		1.2477523e+03		1.3432008e+03		3.8197035e+03		1.6366220e+03		6.9424219e+02		9.4237985e+02
4.1600000e+02		4.1700000e+02		4.1650000e+02		1.2947363e+03		1.3929542e+03		3.9589385e+03		1.6948135e+03		7.1420667e+02		9.8060681e+02
4.1700000e+02		4.1800000e+02		4.1750000e+02		1.1781342e+03		1.2667631e+03		3.5982601e+03		1.5390845e+03		6.4431929e+02		8.9476520e+02
4.1800000e+02		4.1900000e+02		4.1850000e+02		1.2217101e+03		1.3128529e+03		3.7270952e+03		1.5928302e+03		6.6243337e+02		9.3039686e+02
4.1900000e+02		4.2000000e+02		4.1950000e+02		1.2338424e+03		1.3251255e+03		3.7598516e+03		1.6054660e+03		6.6329286e+02		9.4217318e+02
4.2000000e+02		4.2100000e+02		4.2050000e+02		1.2494927e+03		1.3411661e+03		3.8032733e+03		1.6226383e+03		6.6597040e+02		9.5666789e+02
4.2100000e+02		4.2200000e+02		4.2150000e+02		1.2299982e+03		1.3194925e+03		3.7397726e+03		1.5942097e+03		6.4998789e+02		9.4422185e+02
4.2200000e+02		4.2300000e+02		4.2250000e+02		1.1657134e+03		1.2498272e+03		3.5404093e+03		1.5079681e+03		6.1076791e+02		8.9720015e+02
4.2300000e+02		4.2400000e+02		4.2350000e+02		1.2419943e+03		1.3308698e+03		3.7679600e+03		1.6035618e+03		6.4519614e+02		9.5836561e+02
4.2400000e+02		4.2500000e+02		4.2450000e+02		1.2850442e+03		1.3762391e+03		3.8943391e+03		1.6559843e+03		6.6188432e+02		9.9409996e+02
4.2500000e+02		4.2600000e+02		4.2550000e+02		1.2367256e+03		1.3237655e+03		3.7438810e+03		1.5907057e+03		6.3158734e+02		9.5911838e+02
4.2600000e+02		4.2700000e+02		4.2650000e+02		1.2316584e+03		1.3176253e+03		3.7245680e+03		1.5812166e+03		6.2366388e+02		9.5755276e+02
4.2700000e+02		4.2800000e+02		4.2750000e+02		1.1420512e+03		1.2211054e+03		3.4499444e+03		1.4634487e+03		5.7339038e+02		8.9005836e+02
4.2800000e+02		4.2900000e+02		4.2850000e+02		1.1495483e+03		1.2284650e+03		3.4689538e+03		1.4703346e+03		5.7226980e+02		8.9806484e+02
4.2900000e+02		4.3000000e+02		4.2950000e+02		1.0698649e+03		1.1427058e+03		3.2251422e+03		1.3659069e+03		5.2809938e+02		8.3780751e+02
4.3000000e+02		4.3100000e+02		4.3050000e+02		8.6065012e+02		9.1876420e+02		2.5917855e+03		1.0968017e+03		4.2124117e+02		6.7556050e+02
4.3100000e+02		4.3200000e+02		4.3150000e+02		1.0641754e+03		1.1354409e+03		3.2014147e+03		1.3537239e+03		5.1646301e+02		8.3726084e+02
4.3200000e+02		4.3300000e+02		4.3250000e+02		1.1990384e+03		1.2786752e+03		3.6034782e+03		1.5225495e+03		5.7701268e+02		9.4553680e+02
4.3300000e+02		4.3400000e+02		4.3350000e+02		1.3017454e+03		1.3874936e+03		3.9082173e+03		1.6500300e+03		6.2116790e+02		1.0288621e+03
4.3400000e+02		4.3500000e+02		4.3450000e+02		1.1054356e+03		1.1776550e+03		3.3155354e+03		1.3987262e+03		5.2306008e+02		8.7566610e+02
4.3500000e+02		4.3600000e+02		4.3550000e+02		1.2347447e+03		1.3147507e+03		3.6997184e+03		1.5596094e+03		5.7934193e+02		9.8026743e+02
4.3600000e+02		4.3700000e+02		4.3650000e+02		1.3814970e+03		1.4702787e+03		4.1353893e+03		1.7419430e+03		6.4276459e+02		1.0991784e+03
4.3700000e+02		4.3800000e+02		4.3750000e+02		1.2223713e+03		1.3002840e+03		3.6555118e+03		1.5386446e+03		5.6396727e+02		9.7467737e+02
4.3800000e+02		4.3900000e+02		4.3850000e+02		1.1905029e+03		1.2657641e+03		3.5567858e+03		1.4959693e+03		5.4467138e+02		9.5129792e+02
4.3900000e+02		4.4000000e+02		4.3950000e+02		1.3250738e+03		1.4081582e+03		3.9550604e+03		1.6622454e+03		6.0117667e+02		1.0610687e+03
4.4000000e+02		4.4100000e+02		4.4050000e+02		1.2562739e+03		1.3344019e+03		3.7461637e+03		1.5732872e+03		5.6520888e+02		1.0080784e+03
4.4100000e+02		4.4200000e+02		4.4150000e+02		1.3817384e+03		1.4669687e+03		4.1164338e+03		1.7275231e+03		6.1647816e+02		1.1110449e+03
4.4200000e+02		4.4300000e+02		4.4250000e+02		1.4526378e+03		1.5415120e+03		4.3236353e+03		1.8131570e+03		6.4271899e+02		1.1704380e+03
4.4300000e+02		4.4400000e+02		4.4350000e+02		1.4050936e+03		1.4903599e+03		4.1782733e+03		1.7509310e+03		6.1651786e+02		1.1344131e+03
4.4400000e+02		4.4500000e+02		4.4450000e+02		1.4475318e+03		1.5346598e+03		4.3005403e+03		1.8008735e+03		6.2986845e+02		1.1710051e+03
4.4500000e+02		4.4600000e+02		4.4550000e+02		1.3420773e+03		1.4222024e+03		3.9836318e+03		1.6669768e+03		5.7914240e+02		1.0878344e+03
4.4600000e+02		4.4700000e+02		4.4650000e+02		1.3689269e+03		1.4499925e+03		4.0596824e+03		1.6975975e+03		5.8583988e+02		1.1117576e+03
4.4700000e+02		4.4800000e+02		4.4750000e+02		1.4837056e+03		1.5708567e+03		4.3961556e+03		1.8370044e+03		6.2971212e+02		1.2072922e+03
4.4800000e+02		4.4900000e+02		4.4850000e+02		1.4587166e+03		1.5437068e+03		4.3183028e+03		1.8032122e+03		6.1399617e+02		1.1892160e+03
4.4900000e+02		4.5000000e+02		4.4950000e+02		1.4737837e+03		1.5589580e+03		4.3590924e+03		1.8189826e+03		6.1522467e+02		1.2037579e+03
4.5000000e+02		4.5100000e+02		4.5050000e+02		1.5636828e+03		1.6533234e+03		4.6209837e+03		1.9269380e+03		6.4737919e+02		1.2795588e+03
4.5100000e+02		4.5200000e+02		4.5150000e+02		1.5589734e+03		1.6476236e+03		4.6031083e+03		1.9181715e+03		6.4012342e+02		1.2780481e+03
4.5200000e+02		4.5300000e+02		4.5250000e+02		1.4757889e+03		1.5590331e+03		4.3537818e+03		1.8130424e+03		6.0099251e+02		1.2120499e+03
4.5300000e+02		4.5400000e+02		4.5350000e+02		1.4141855e+03		1.4933133e+03		4.1685206e+03		1.7347240e+03		5.7118380e+02		1.1635402e+03
4.5400000e+02		4.5500000e+02		4.5450000e+02		1.5096596e+03		1.5934509e+03		4.4462198e+03		1.8490496e+03		6.0475313e+02		1.2442965e+03
4.5500000e+02		4.5600000e+02		4.5550000e+02		1.4952815e+03		1.5776088e+03		4.4002193e+03		1.8287033e+03		5.9409588e+02		1.2346074e+03
4.5600000e+02		4.5700000e+02		4.5650000e+02		1.5527317e+03		1.6375369e+03		4.5655214e+03		1.8961498e+03		6.1188448e+02		1.2842653e+03
4.5700000e+02		4.5800000e+02		4.5750000e+02		1.5677329e+03		1.6526720e+03		4.6058706e+03		1.9116543e+03		6.1275864e+02		1.2988957e+03
4.5800000e+02		4.5900000e+02		4.5850000e+02		1.4734199e+03		1.5526109e+03		4.3252873e+03		1.7940312e+03		5.7120661e+02		1.2228246e+03
4.5900000e+02		4.6000000e+02		4.5950000e+02		1.5222067e+03		1.6033665e+03		4.4649220e+03		1.8507525e+03		5.8532166e+02		1.2654309e+03
4.6000000e+02		4.6100000e+02		4.6050000e+02		1.5039223e+03		1.5834677e+03		4.4077858e+03		1.8258976e+03		5.7359535e+02		1.2523022e+03
4.6100000e+02		4.6200000e+02		4.6150000e+02		1.5386000e+03		1.6193312e+03		4.5058698e+03		1.8653401e+03		5.8206326e+02		1.2832768e+03
4.6200000e+02		4.6300000e+02		4.6250000e+02		1.5538294e+03		1.6347110e+03		4.5469172e+03		1.8811433e+03		5.8306508e+02		1.2980782e+03
4.6300000e+02		4.6400000e+02		4.6350000e+02		1.5018384e+03		1.5793925e+03		4.3913764e+03		1.8156533e+03		5.5899914e+02		1.2566542e+03
4.6400000e+02		4.6500000e+02		4.6450000e+02		1.5281564e+03		1.6064432e+03		4.4649019e+03		1.8449032e+03		5.6420249e+02		1.2807007e+03
4.6500000e+02		4.6600000e+02		4.6550000e+02		1.4760608e+03		1.5510793e+03		4.3094111e+03		1.7795531e+03		5.4057471e+02		1.2389784e+03
4.6600000e+02		4.6700000e+02		4.6650000e+02		1.4854121e+03		1.5603082e+03		4.3334427e+03		1.7883783e+03		5.3961963e+02		1.2487586e+03
4.6700000e+02		4.6800000e+02		4.6750000e+02		1.4997486e+03		1.5747696e+03		4.3719968e+03		1.8031897e+03		5.4044762e+02		1.2627420e+03
4.6800000e+02		4.6900000e+02		4.6850000e+02		1.4665907e+03		1.5393737e+03		4.2721685e+03		1.7609504e+03		5.2425607e+02		1.2366943e+03
4.6900000e+02		4.7000000e+02		4.6950000e+02		1.5086728e+03		1.5829537e+03		4.3915253e+03		1.8090611e+03		5.3497571e+02		1.2740854e+03
4.7000000e+02		4.7100000e+02		4.7050000e+02		1.4256243e+03		1.4952633e+03		4.1467616e+03		1.7072137e+03		5.0147999e+02		1.2057337e+03
4.7100000e+02		4.7200000e+02		4.7150000e+02		1.4904926e+03		1.5627276e+03		4.3323167e+03		1.7825508e+03		5.2010728e+02		1.2624435e+03
4.7200000e+02		4.7300000e+02		4.7250000e+02		1.5269264e+03		1.6003457e+03		4.4350405e+03		1.8237448e+03		5.2856801e+02		1.2951768e+03
4.7300000e+02		4.7400000e+02		4.7350000e+02		1.4995420e+03		1.5710788e+03		4.3524113e+03		1.7887228e+03		5.1495129e+02		1.2737715e+03
4.7400000e+02		4.7500000e+02		4.7450000e+02		1.5448084e+03		1.6179272e+03		4.4806436e+03		1.8403568e+03		5.2627406e+02		1.3140827e+03
4.7500000e+02		4.7600000e+02		4.7550000e+02		1.5413846e+03		1.6137703e+03		4.4675964e+03		1.8339432e+03		5.2093468e+02		1.3130086e+03
4.7600000e+02		4.7700000e+02		4.7650000e+02		1.4853490e+03		1.5545580e+03		4.3022058e+03		1.7650432e+03		4.9801311e+02		1.2670300e+03
4.7700000e+02		4.7800000e+02		4.7750000e+02		1.5508368e+03		1.6225332e+03		4.4888091e+03		1.8405571e+03		5.1585005e+02		1.3247070e+03
4.7800000e+02		4.7900000e+02		4.7850000e+02		1.5358791e+03		1.6063305e+03		4.4424957e+03		1.8205432e+03		5.0683269e+02		1.3137105e+03
4.7900000e+02		4.8000000e+02		4.7950000e+02		1.5403519e+03		1.6104584e+03		4.4524334e+03		1.8235977e+03		5.0429290e+02		1.3193048e+03
4.8000000e+02		4.8100000e+02		4.8050000e+02		1.5442750e+03		1.6140136e+03		4.4607939e+03		1.8260101e+03		5.0158896e+02		1.3244211e+03
4.8100000e+02		4.8200000e+02		4.8150000e+02		1.5475498e+03		1.6168937e+03		4.4672956e+03		1.8276663e+03		4.9869326e+02		1.3289730e+03
4.8200000e+02		4.8300000e+02		4.8250000e+02		1.5416562e+03		1.6102004e+03		4.4473635e+03		1.8185188e+03		4.9288664e+02		1.3256322e+03
4.8300000e+02		4.8400000e+02		4.8350000e+02		1.5183412e+03		1.5853261e+03		4.3772562e+03		1.7888827e+03		4.8162016e+02		1.3072626e+03
4.8400000e+02		4.8500000e+02		4.8450000e+02		1.4920771e+03		1.5573943e+03		4.2987659e+03		1.7558612e+03		4.6957765e+02		1.2862835e+03
4.8500000e+02		4.8600000e+02		4.8550000e+02		1.4021236e+03		1.4630290e+03		4.0370227e+03		1.6480705e+03		4.3781280e+02		1.2102577e+03
4.8600000e+02		4.8700000e+02		4.8650000e+02		1.2173217e+03		1.2697919e+03		3.5027168e+03		1.4291886e+03		3.7713656e+02		1.0520520e+03
4.8700000e+02		4.8800000e+02		4.8750000e+02		1.3927585e+03		1.4523283e+03		4.0050009e+03		1.6332730e+03		4.2811981e+02		1.2051532e+03
4.8800000e+02		4.8900000e+02		4.8850000e+02		1.4651201e+03		1.5273029e+03		4.2104599e+03		1.7161650e+03		4.4685240e+02		1.2693126e+03
4.8900000e+02		4.9000000e+02		4.8950000e+02		1.4372192e+03		1.4977494e+03		4.1277288e+03		1.6815728e+03		4.3493099e+02		1.2466418e+03
4.9000000e+02		4.9100000e+02		4.9050000e+02		1.5307557e+03		1.5947308e+03		4.3936775e+03		1.7889962e+03		4.5963684e+02		1.3293594e+03
4.9100000e+02		4.9200000e+02		4.9150000e+02		1.4425606e+03		1.5023880e+03		4.1380221e+03		1.6840401e+03		4.2979338e+02		1.2542467e+03
4.9200000e+02		4.9300000e+02		4.9250000e+02		1.3729411e+03		1.4294457e+03		3.9359481e+03		1.6009915e+03		4.0588164e+02		1.1951098e+03
4.9300000e+02		4.9400000e+02		4.9350000e+02		1.4509629e+03		1.5102225e+03		4.1571408e+03		1.6901143e+03		4.2562856e+02		1.2644857e+03
4.9400000e+02		4.9500000e+02		4.9450000e+02		1.4929449e+03		1.5534540e+03		4.2748946e+03		1.7371210e+03		4.3456056e+02		1.3025604e+03
4.9500000e+02		4.9600000e+02		4.9550000e+02		1.4663156e+03		1.5252928e+03		4.1961838e+03		1.7042923e+03		4.2351732e+02		1.2807750e+03
4.9600000e+02		4.9700000e+02		4.9650000e+02		1.4846220e+03		1.5438814e+03		4.2461032e+03		1.7237198e+03		4.2550231e+02		1.2982175e+03
4.9700000e+02		4.9800000e+02		4.9750000e+02		1.5123203e+03		1.5722268e+03		4.3228305e+03		1.7540117e+03		4.3010771e+02		1.3239040e+03
4.9800000e+02		4.9900000e+02		4.9850000e+02		1.3744029e+03		1.4284333e+03		3.9263627e+03		1.5923716e+03		3.8788237e+02		1.2044893e+03
4.9900000e+02		5.0000000e+02		4.9950000e+02		1.4721832e+03		1.5296192e+03		4.2033182e+03		1.7038745e+03		4.1229254e+02		1.2915820e+03
