Left Bin Edge (nm)	Right Bin Edge (nm)	Bin Center (nm)		Top of Atm Intensity (erg/s/nm/cm2)		Total Surface Flux (erg/s/nm/cm2)		Total Intensity at BOA (erg/s/nm/cm2)		Total Surface Intensity (erg/s/nm/cm2)		Total Surface Diffuse Intensity (erg/s/nm/cm2)		Total Surface Direct Intensity (erg/s/nm/cm2)
1.0000000e+02		1.0100000e+02		1.0050000e+02		4.4569042e-02		2.4525374e-199		0.0000000e+00		4.2479194e-199		4.2479194e-199		0.0000000e+00
1.0100000e+02		1.0200000e+02		1.0150000e+02		1.7387199e-01		2.8780738e-197		0.0000000e+00		4.9849701e-197		4.9849701e-197		0.0000000e+00
1.0200000e+02		1.0300000e+02		1.0250000e+02		9.2286085e-01		3.0760917e-195		0.0000000e+00		5.3279472e-195		5.3279472e-195		0.0000000e+00
1.0300000e+02		1.0400000e+02		1.0350000e+02		7.0094286e-01		3.0025220e-193		0.0000000e+00		5.2005206e-193		5.2005206e-193		0.0000000e+00
1.0400000e+02		1.0500000e+02		1.0450000e+02		1.4124828e-01		2.6834656e-191		0.0000000e+00		4.6478988e-191		4.6478988e-191		0.0000000e+00
1.0500000e+02		1.0600000e+02		1.0550000e+02		4.8389941e-02		2.2015023e-189		0.0000000e+00		3.8131139e-189		3.8131139e-189		0.0000000e+00
1.0600000e+02		1.0700000e+02		1.0650000e+02		4.5487167e-02		1.6619000e-187		0.0000000e+00		2.8784953e-187		2.8784953e-187		0.0000000e+00
1.0700000e+02		1.0800000e+02		1.0750000e+02		5.0757295e-02		1.1570805e-185		0.0000000e+00		2.0041222e-185		2.0041222e-185		0.0000000e+00
1.0800000e+02		1.0900000e+02		1.0850000e+02		7.1152114e-02		7.4467736e-184		0.0000000e+00		1.2898190e-183		1.2898190e-183		0.0000000e+00
1.0900000e+02		1.1000000e+02		1.0950000e+02		5.5817450e-02		4.4397253e-182		0.0000000e+00		7.6898297e-182		7.6898297e-182		0.0000000e+00
1.1000000e+02		1.1100000e+02		1.1050000e+02		5.4043772e-02		2.4571454e-180		0.0000000e+00		4.2559006e-180		4.2559006e-180		0.0000000e+00
1.1100000e+02		1.1200000e+02		1.1150000e+02		5.0797691e-02		1.2649211e-178		0.0000000e+00		2.1909077e-178		2.1909077e-178		0.0000000e+00
1.1200000e+02		1.1300000e+02		1.1250000e+02		5.1969037e-02		6.0686753e-177		0.0000000e+00		1.0511254e-176		1.0511254e-176		0.0000000e+00
1.1300000e+02		1.1400000e+02		1.1350000e+02		4.1221387e-02		2.7185205e-175		0.0000000e+00		4.7086157e-175		4.7086157e-175		0.0000000e+00
1.1400000e+02		1.1500000e+02		1.1450000e+02		3.1562600e-02		1.1390994e-173		0.0000000e+00		1.9729781e-173		1.9729781e-173		0.0000000e+00
1.1500000e+02		1.1600000e+02		1.1550000e+02		4.3552050e-02		4.4723513e-172		0.0000000e+00		7.7463397e-172		7.7463397e-172		0.0000000e+00
1.1600000e+02		1.1700000e+02		1.1650000e+02		1.0143732e-01		1.6481033e-170		0.0000000e+00		2.8545987e-170		2.8545987e-170		0.0000000e+00
1.1700000e+02		1.1800000e+02		1.1750000e+02		3.6108525e-01		5.7096749e-169		0.0000000e+00		9.8894471e-169		9.8894471e-169		0.0000000e+00
1.1800000e+02		1.1900000e+02		1.1850000e+02		1.2283927e-01		1.8625035e-167		0.0000000e+00		3.2259507e-167		3.2259507e-167		0.0000000e+00
1.1900000e+02		1.2000000e+02		1.1950000e+02		1.7115732e-01		5.7292685e-166		0.0000000e+00		9.9233841e-166		9.9233841e-166		0.0000000e+00
1.2000000e+02		1.2100000e+02		1.2050000e+02		9.3056497e-01		1.6643832e-164		0.0000000e+00		2.8827962e-164		2.8827962e-164		0.0000000e+00
1.2100000e+02		1.2200000e+02		1.2150000e+02		3.6941242e+01		4.5727167e-163		0.0000000e+00		7.9201776e-163		7.9201776e-163		0.0000000e+00
1.2200000e+02		1.2300000e+02		1.2250000e+02		2.4773856e-01		1.1897529e-161		0.0000000e+00		2.0607125e-161		2.0607125e-161		0.0000000e+00
1.2300000e+02		1.2400000e+02		1.2350000e+02		1.3344721e-01		2.9354602e-160		3.4291052e-161		5.0843661e-160		5.0843661e-160		0.0000000e+00
1.2400000e+02		1.2500000e+02		1.2450000e+02		1.0726631e-01		6.8768475e-159		8.2589771e-160		1.1911049e-158		1.1911049e-158		0.0000000e+00
1.2500000e+02		1.2600000e+02		1.2550000e+02		1.0471361e-01		1.5315653e-157		1.8892757e-158		2.6527489e-157		2.6527489e-157		0.0000000e+00
1.2600000e+02		1.2700000e+02		1.2650000e+02		1.4644878e-01		3.2466587e-156		4.1118395e-157		5.6233778e-156		5.6233778e-156		0.0000000e+00
1.2700000e+02		1.2800000e+02		1.2750000e+02		7.6659940e-02		6.5584072e-155		8.5242907e-156		1.1359495e-154		1.1359495e-154		0.0000000e+00
1.2800000e+02		1.2900000e+02		1.2850000e+02		6.1165494e-02		1.2638941e-153		1.6852165e-154		2.1891287e-153		2.1891287e-153		0.0000000e+00
1.2900000e+02		1.3000000e+02		1.2950000e+02		8.1594975e-02		2.3262065e-152		3.1805874e-153		4.0291079e-152		4.0291079e-152		0.0000000e+00
1.3000000e+02		1.3100000e+02		1.3050000e+02		6.7007791e-01		4.0932791e-151		5.7368996e-152		7.0897674e-151		7.0897674e-151		0.0000000e+00
1.3100000e+02		1.3200000e+02		1.3150000e+02		9.0731094e-02		6.8932831e-150		9.8995517e-151		1.1939517e-149		1.1939517e-149		0.0000000e+00
1.3200000e+02		1.3300000e+02		1.3250000e+02		7.0547730e-02		1.1121035e-148		1.6359068e-149		1.9262198e-148		1.9262198e-148		0.0000000e+00
1.3300000e+02		1.3400000e+02		1.3350000e+02		9.5357088e-01		1.7204751e-147		2.5913711e-148		2.9799503e-147		2.9799503e-147		0.0000000e+00
1.3400000e+02		1.3500000e+02		1.3450000e+02		6.5246966e-02		2.5547174e-146		3.9385772e-147		4.4249003e-146		4.4249003e-146		0.0000000e+00
1.3500000e+02		1.3600000e+02		1.3550000e+02		1.3692679e-01		3.6443811e-145		5.7489217e-146		6.3122532e-145		6.3122532e-145		0.0000000e+00
1.3600000e+02		1.3700000e+02		1.3650000e+02		8.9861989e-02		4.9989036e-144		8.0659883e-145		8.6583550e-144		8.6583550e-144		0.0000000e+00
1.3700000e+02		1.3800000e+02		1.3750000e+02		9.2282630e-02		6.5988493e-143		1.0887510e-143		1.1429542e-142		1.1429542e-142		0.0000000e+00
1.3800000e+02		1.3900000e+02		1.3850000e+02		9.4180145e-02		8.3900736e-142		1.4150245e-142		1.4532034e-141		1.4532034e-141		0.0000000e+00
1.3900000e+02		1.4000000e+02		1.3950000e+02		3.1801144e-01		1.0282974e-140		1.7722216e-141		1.7810633e-140		1.7810633e-140		0.0000000e+00
1.4000000e+02		1.4100000e+02		1.4050000e+02		2.7729440e-01		1.2158173e-139		2.1405977e-140		2.1058573e-139		2.1058573e-139		0.0000000e+00
1.4100000e+02		1.4200000e+02		1.4150000e+02		1.3359910e-01		1.3878615e-138		2.4954539e-139		2.4038466e-138		2.4038466e-138		0.0000000e+00
1.4200000e+02		1.4300000e+02		1.4250000e+02		1.4479671e-01		1.5306449e-137		2.8098725e-138		2.6511548e-137		2.6511548e-137		0.0000000e+00
1.4300000e+02		1.4400000e+02		1.4350000e+02		1.6064305e-01		1.6321745e-136		3.0581747e-137		2.8270091e-136		2.8270091e-136		0.0000000e+00
1.4400000e+02		1.4500000e+02		1.4450000e+02		1.5363637e-01		1.6839419e-135		3.2194672e-136		2.9166728e-135		2.9166728e-135		0.0000000e+00
1.4500000e+02		1.4600000e+02		1.4550000e+02		1.6382583e-01		1.6821015e-134		3.2805815e-135		2.9134853e-134		2.9134853e-134		0.0000000e+00
1.4600000e+02		1.4700000e+02		1.4650000e+02		1.9977093e-01		1.6279087e-133		3.2378168e-134		2.8196206e-133		2.8196206e-133		0.0000000e+00
1.4700000e+02		1.4800000e+02		1.4750000e+02		2.4643334e-01		1.5273583e-132		3.0972066e-133		2.6454622e-132		2.6454622e-132		0.0000000e+00
1.4800000e+02		1.4900000e+02		1.4850000e+02		2.4167300e-01		1.3901369e-131		2.8733007e-132		2.4077877e-131		2.4077877e-131		0.0000000e+00
1.4900000e+02		1.5000000e+02		1.4950000e+02		2.1832777e-01		1.2281330e-130		2.5867406e-131		2.1271887e-130		2.1271887e-130		0.0000000e+00
1.5000000e+02		1.5100000e+02		1.5050000e+02		2.4023073e-01		1.0538111e-129		2.2612389e-130		1.8252544e-129		1.8252544e-129		0.0000000e+00
1.5100000e+02		1.5200000e+02		1.5150000e+02		2.5258505e-01		8.7874164e-129		1.9205075e-129		1.5220252e-128		1.5220252e-128		0.0000000e+00
1.5200000e+02		1.5300000e+02		1.5250000e+02		3.2229547e-01		7.1250125e-128		1.5856588e-128		1.2340884e-127		1.2340884e-127		0.0000000e+00
1.5300000e+02		1.5400000e+02		1.5350000e+02		3.5701286e-01		5.6204943e-127		1.2734180e-127		9.7349817e-127		9.7349817e-127		0.0000000e+00
1.5400000e+02		1.5500000e+02		1.5450000e+02		9.5486931e-01		4.3157874e-126		9.9527418e-127		7.4751630e-126		7.4751630e-126		0.0000000e+00
1.5500000e+02		1.5600000e+02		1.5550000e+02		7.8587524e-01		3.2275192e-125		7.5742398e-126		5.5902273e-125		5.5902273e-125		0.0000000e+00
1.5600000e+02		1.5700000e+02		1.5650000e+02		4.6648084e-01		2.3519176e-124		5.6150310e-125		4.0736407e-124		4.0736407e-124		0.0000000e+00
1.5700000e+02		1.5800000e+02		1.5750000e+02		4.2309893e-01		1.6708374e-123		4.0572293e-124		2.8939753e-123		2.8939753e-123		0.0000000e+00
1.5800000e+02		1.5900000e+02		1.5850000e+02		3.9008072e-01		1.1577497e-122		2.8587920e-123		2.0052813e-122		2.0052813e-122		0.0000000e+00
1.5900000e+02		1.6000000e+02		1.5950000e+02		3.8042347e-01		7.8283064e-122		1.9652472e-122		1.3559024e-121		1.3559024e-121		0.0000000e+00
1.6000000e+02		1.6100000e+02		1.6050000e+02		4.1635449e-01		5.1676464e-121		1.3186645e-121		8.9506261e-121		8.9506261e-121		0.0000000e+00
1.6100000e+02		1.6200000e+02		1.6150000e+02		4.7164413e-01		3.3318377e-120		8.6403195e-121		5.7709121e-120		5.7709121e-120		0.0000000e+00
1.6200000e+02		1.6300000e+02		1.6250000e+02		5.2241459e-01		2.0990868e-119		5.5308865e-120		3.6357250e-119		3.6357250e-119		0.0000000e+00
1.6300000e+02		1.6400000e+02		1.6350000e+02		1.1072121e+00		1.2927582e-118		3.4603140e-119		2.2391228e-118		2.2391228e-118		0.0000000e+00
1.6400000e+02		1.6500000e+02		1.6450000e+02		1.1323318e+00		7.7861870e-118		2.1167713e-118		1.3486071e-117		1.3486071e-117		0.0000000e+00
1.6500000e+02		1.6600000e+02		1.6550000e+02		1.3255566e+00		4.5880372e-117		1.2668411e-117		7.9467136e-117		7.9467136e-117		0.0000000e+00
1.6600000e+02		1.6700000e+02		1.6650000e+02		6.2522883e-01		4.2954777e-01		1.5311120e+00		7.4399856e-01		7.4399856e-01		7.6486064e-11
1.6700000e+02		1.6800000e+02		1.6750000e+02		6.6723830e-01		4.6507763e-01		1.6553129e+00		8.0553808e-01		8.0553808e-01		1.5767198e-10
1.6800000e+02		1.6900000e+02		1.6850000e+02		7.1904320e-01		5.0831360e-01		1.8066204e+00		8.8042499e-01		8.8042499e-01		3.2049707e-10
1.6900000e+02		1.7000000e+02		1.6950000e+02		9.0554889e-01		6.4905878e-01		2.3036701e+00		1.1242028e+00		1.1242028e+00		7.4419812e-10
1.7000000e+02		1.7100000e+02		1.7050000e+02		1.0161854e+00		7.3825500e-01		2.6167576e+00		1.2786952e+00		1.2786952e+00		1.5065848e-09
1.7100000e+02		1.7200000e+02		1.7150000e+02		1.0130704e+00		7.4576689e-01		2.6399764e+00		1.2917061e+00		1.2917061e+00		2.6536509e-09
1.7200000e+02		1.7300000e+02		1.7250000e+02		1.0571150e+00		7.8829213e-01		2.7870340e+00		1.3653620e+00		1.3653620e+00		4.7954889e-09
1.7300000e+02		1.7400000e+02		1.7350000e+02		1.0479596e+00		7.9138014e-01		2.7945762e+00		1.3707106e+00		1.3707106e+00		8.0769816e-09
1.7400000e+02		1.7500000e+02		1.7450000e+02		1.2530722e+00		9.5800810e-01		3.3790348e+00		1.6593187e+00		1.6593187e+00		1.6110493e-08
1.7500000e+02		1.7600000e+02		1.7550000e+02		1.4954862e+00		1.1571974e+00		4.0769923e+00		2.0043246e+00		2.0043246e+00		3.1514294e-08
1.7600000e+02		1.7700000e+02		1.7650000e+02		1.6135596e+00		1.2633510e+00		4.4461196e+00		2.1881880e+00		2.1881880e+00		5.4800056e-08
1.7700000e+02		1.7800000e+02		1.7750000e+02		1.9010195e+00		1.5056505e+00		5.2932336e+00		2.6078630e+00		2.6078629e+00		1.0238373e-07
1.7800000e+02		1.7900000e+02		1.7850000e+02		2.0776624e+00		1.6641722e+00		5.8445284e+00		2.8824306e+00		2.8824304e+00		1.7471506e-07
1.7900000e+02		1.8000000e+02		1.7950000e+02		2.0198657e+00		1.6357654e+00		5.7390575e+00		2.8332286e+00		2.8332283e+00		2.6129009e-07
1.8000000e+02		1.8100000e+02		1.8050000e+02		2.4976225e+00		2.0445257e+00		7.1662830e+00		3.5412220e+00		3.5412215e+00		4.8996530e-07
1.8100000e+02		1.8200000e+02		1.8150000e+02		3.0410490e+00		2.5156535e+00		8.8094142e+00		4.3572391e+00		4.3572382e+00		8.9235955e-07
1.8200000e+02		1.8300000e+02		1.8250000e+02		2.8073836e+00		2.3463215e+00		8.2090154e+00		4.0639472e+00		4.0639460e+00		1.2161060e-06
1.8300000e+02		1.8400000e+02		1.8350000e+02		2.9562417e+00		2.4956467e+00		8.7238068e+00		4.3225855e+00		4.3225836e+00		1.8666493e-06
1.8400000e+02		1.8500000e+02		1.8450000e+02		2.5409769e+00		2.1662200e+00		7.5658289e+00		3.7520014e+00		3.7519991e+00		2.3104203e-06
1.8500000e+02		1.8600000e+02		1.8550000e+02		2.8735562e+00		2.4733395e+00		8.6313730e+00		4.2839470e+00		4.2839433e+00		3.7187458e-06
1.8600000e+02		1.8700000e+02		1.8650000e+02		3.2604304e+00		2.8327410e+00		9.8777035e+00		4.9064469e+00		4.9064410e+00		5.9381725e-06
1.8700000e+02		1.8800000e+02		1.8750000e+02		3.6946466e+00		3.2395191e+00		1.1287377e+01		5.6110049e+00		5.6109955e+00		9.3681365e-06
1.8800000e+02		1.8900000e+02		1.8850000e+02		3.8870616e+00		3.4388617e+00		1.1972932e+01		5.9562732e+00		5.9562596e+00		1.3579504e-05
1.8900000e+02		1.9000000e+02		1.8950000e+02		4.3106081e+00		3.8470642e+00		1.3384377e+01		6.6632957e+00		6.6632751e+00		2.0541565e-05
1.9000000e+02		1.9100000e+02		1.9050000e+02		4.4384288e+00		3.9951377e+00		1.3889694e+01		6.9197606e+00		6.9197320e+00		2.8573951e-05
1.9100000e+02		1.9200000e+02		1.9150000e+02		4.8094361e+00		4.3654017e+00		1.5166529e+01		7.5610672e+00		7.5610258e+00		4.1442954e-05
1.9200000e+02		1.9300000e+02		1.9250000e+02		5.0365493e+00		4.6090199e+00		1.6002217e+01		7.9830145e+00		7.9829570e+00		5.7573663e-05
1.9300000e+02		1.9400000e+02		1.9350000e+02		3.8447944e+00		3.5466132e+00		1.2305611e+01		6.1428719e+00		6.1428141e+00		5.7804234e-05
1.9400000e+02		1.9500000e+02		1.9450000e+02		6.1679797e+00		5.7341686e+00		1.9883163e+01		9.9317828e+00		9.9316618e+00		1.2095490e-04
1.9500000e+02		1.9600000e+02		1.9550000e+02		5.9528271e+00		5.5764912e+00		1.9324543e+01		9.6586555e+00		9.6585044e+00		1.5105216e-04
1.9600000e+02		1.9700000e+02		1.9650000e+02		6.5508102e+00		6.1825575e+00		2.1411977e+01		1.0708347e+01		1.0708134e+01		2.1344024e-04
1.9700000e+02		1.9800000e+02		1.9750000e+02		6.5190955e+00		6.1975890e+00		2.1451548e+01		1.0734341e+01		1.0734070e+01		2.7072033e-04
1.9800000e+02		1.9900000e+02		1.9850000e+02		6.3883794e+00		6.1166969e+00		2.1159561e+01		1.0594184e+01		1.0593848e+01		3.3571141e-04
1.9900000e+02		2.0000000e+02		1.9950000e+02		6.7274707e+00		6.4863309e+00		2.2425848e+01		1.1234329e+01		1.1233885e+01		4.4429263e-04
2.0000000e+02		2.0100000e+02		2.0050000e+02		7.1125146e+00		6.9043572e+00		2.3858275e+01		1.1958268e+01		1.1957682e+01		5.8639198e-04
2.0100000e+02		2.0200000e+02		2.0150000e+02		7.5701275e+00		7.3975752e+00		2.5549172e+01		1.2812409e+01		1.2811635e+01		7.7414583e-04
2.0200000e+02		2.0300000e+02		2.0250000e+02		7.4828608e+00		7.3599489e+00		2.5406169e+01		1.2747115e+01		1.2746172e+01		9.4329252e-04
2.0300000e+02		2.0400000e+02		2.0350000e+02		8.0092047e+00		7.9278194e+00		2.7352691e+01		1.3730480e+01		1.3729243e+01		1.2371575e-03
2.0400000e+02		2.0500000e+02		2.0450000e+02		8.6207445e+00		8.5862602e+00		2.9609904e+01		1.4870651e+01		1.4869029e+01		1.6222752e-03
2.0500000e+02		2.0600000e+02		2.0550000e+02		8.6400754e+00		8.6578648e+00		2.9842469e+01		1.4994420e+01		1.4992450e+01		1.9697666e-03
2.0600000e+02		2.0700000e+02		2.0650000e+02		8.6510225e+00		8.7203740e+00		3.0043750e+01		1.5102391e+01		1.5100015e+01		2.3765010e-03
2.0700000e+02		2.0800000e+02		2.0750000e+02		9.3957826e+00		9.5261350e+00		3.2804587e+01		1.6497485e+01		1.6494391e+01		3.0939404e-03
2.0800000e+02		2.0900000e+02		2.0850000e+02		1.0163489e+01		1.0363004e+01		3.5670218e+01		1.7946327e+01		1.7942335e+01		3.9915498e-03
2.0900000e+02		2.1000000e+02		2.0950000e+02		1.3129215e+01		1.3461232e+01		4.6313788e+01		2.3311057e+01		2.3304937e+01		6.1198632e-03
2.1000000e+02		2.1100000e+02		2.1050000e+02		1.6183343e+01		1.6682565e+01		5.7371545e+01		2.8888526e+01		2.8879615e+01		8.9110763e-03
2.1100000e+02		2.1200000e+02		2.1150000e+02		1.8424170e+01		1.9093147e+01		6.5632956e+01		3.3061567e+01		3.3049638e+01		1.1929748e-02
2.1200000e+02		2.1300000e+02		2.1250000e+02		1.6428561e+01		1.7113217e+01		5.8801585e+01		2.9631844e+01		2.9619390e+01		1.2454080e-02
2.1300000e+02		2.1400000e+02		2.1350000e+02		1.6737981e+01		1.7523722e+01		6.0186424e+01		3.0341147e+01		3.0326355e+01		1.4792239e-02
2.1400000e+02		2.1500000e+02		2.1450000e+02		2.1432541e+01		2.2549540e+01		7.7415210e+01		3.9040851e+01		3.9018861e+01		2.1990406e-02
2.1500000e+02		2.1600000e+02		2.1550000e+02		1.8408135e+01		1.9461000e+01		6.6783851e+01		3.3691453e+01		3.3669612e+01		2.1840673e-02
2.1600000e+02		2.1700000e+02		2.1650000e+02		1.7036901e+01		1.8096260e+01		6.2074582e+01		3.1326597e+01		3.1303313e+01		2.3284506e-02
2.1700000e+02		2.1800000e+02		2.1750000e+02		1.7640866e+01		1.8824066e+01		6.4544278e+01		3.2583984e+01		3.2556315e+01		2.7669013e-02
2.1800000e+02		2.1900000e+02		2.1850000e+02		2.3730294e+01		2.5435791e+01		8.7178481e+01		4.4024927e+01		4.3982367e+01		4.2560134e-02
2.1900000e+02		2.2000000e+02		2.1950000e+02		2.5052511e+01		2.6970943e+01		9.2401710e+01		4.6677564e+01		4.6626366e+01		5.1198313e-02
2.2000000e+02		2.2100000e+02		2.2050000e+02		2.5203754e+01		2.7250080e+01		9.3319261e+01		4.7155704e+01		4.7097212e+01		5.8492528e-02
2.2100000e+02		2.2200000e+02		2.2150000e+02		2.0176768e+01		2.1906225e+01		7.4987732e+01		3.7903896e+01		3.7850894e+01		5.3001711e-02
2.2200000e+02		2.2300000e+02		2.2250000e+02		2.7154039e+01		2.9601945e+01		1.0128878e+02		5.1213157e+01		5.1132676e+01		8.0480863e-02
2.2300000e+02		2.2400000e+02		2.2350000e+02		3.5163062e+01		3.8485713e+01		1.3163095e+02		6.6573395e+01		6.6456169e+01		1.1722611e-01
2.2400000e+02		2.2500000e+02		2.2450000e+02		3.2875934e+01		3.6122339e+01		1.2349530e+02		6.2475748e+01		6.2352836e+01		1.2291249e-01
2.2500000e+02		2.2600000e+02		2.2550000e+02		2.8720078e+01		3.1675744e+01		1.0824702e+02		5.4776103e+01		5.4656036e+01		1.2006722e-01
2.2600000e+02		2.2700000e+02		2.2650000e+02		2.1037217e+01		2.3287996e+01		7.9548872e+01		4.0264201e+01		4.0166134e+01		9.8067915e-02
2.2700000e+02		2.2800000e+02		2.2750000e+02		2.0463841e+01		2.2734918e+01		7.7625794e+01		3.9300376e+01		3.9194294e+01		1.0608197e-01
2.2800000e+02		2.2900000e+02		2.2850000e+02		2.8509984e+01		3.1785278e+01		1.0847937e+02		5.4933723e+01		5.4769808e+01		1.6391504e-01
2.2900000e+02		2.3000000e+02		2.2950000e+02		2.5620938e+01		2.8662089e+01		9.7776614e+01		4.9524902e+01		4.9361946e+01		1.6295598e-01
2.3000000e+02		2.3100000e+02		2.3050000e+02		2.9055844e+01		3.2613063e+01		1.1120442e+02		5.6338195e+01		5.6134265e+01		2.0393018e-01
2.3100000e+02		2.3200000e+02		2.3150000e+02		2.7387429e+01		3.0840166e+01		1.0511086e+02		5.3261830e+01		5.3050226e+01		2.1160373e-01
2.3200000e+02		2.3300000e+02		2.3250000e+02		2.9413108e+01		3.3225865e+01		1.1318907e+02		5.7366177e+01		5.7116592e+01		2.4958551e-01
2.3300000e+02		2.3400000e+02		2.3350000e+02		2.6543685e+01		3.0076661e+01		1.0241223e+02		5.1913629e+01		5.1666822e+01		2.4680743e-01
2.3400000e+02		2.3500000e+02		2.3450000e+02		2.3194371e+01		2.6360134e+01		8.9714038e+01		4.5484476e+01		4.5248679e+01		2.3579752e-01
2.3500000e+02		2.3600000e+02		2.3550000e+02		3.1223226e+01		3.5587992e+01		1.2106071e+02		6.1386694e+01		6.1040386e+01		3.4630835e-01
2.3600000e+02		2.3700000e+02		2.3650000e+02		2.8911473e+01		3.3046172e+01		1.1235801e+02		5.6982072e+01		5.6632948e+01		3.4912412e-01
2.3700000e+02		2.3800000e+02		2.3750000e+02		3.0878004e+01		3.5390800e+01		1.2026867e+02		6.1002081e+01		6.0596941e+01		4.0514007e-01
2.3800000e+02		2.3900000e+02		2.3850000e+02		2.5598090e+01		2.9417408e+01		9.9917541e+01		5.0685823e+01		5.0321609e+01		3.6421424e-01
2.3900000e+02		2.4000000e+02		2.3950000e+02		2.7890834e+01		3.2135120e+01		1.0909083e+02		5.5345237e+01		5.4915724e+01		4.2951231e-01
2.4000000e+02		2.4100000e+02		2.4050000e+02		2.5623038e+01		2.9596269e+01		1.0041810e+02		5.0950177e+01		5.0523887e+01		4.2628923e-01
2.4100000e+02		2.4200000e+02		2.4150000e+02		3.0005079e+01		3.4742079e+01		1.1781298e+02		5.9780963e+01		5.9242637e+01		5.3832645e-01
2.4200000e+02		2.4300000e+02		2.4250000e+02		4.1301739e+01		4.7934835e+01		1.6245997e+02		8.2441617e+01		8.1643923e+01		7.9769347e-01
2.4300000e+02		2.4400000e+02		2.4350000e+02		3.8791639e+01		4.5124302e+01		1.5284768e+02		7.7568164e+01		7.6763002e+01		8.0516222e-01
2.4400000e+02		2.4500000e+02		2.4450000e+02		3.6329084e+01		4.2353013e+01		1.4337758e+02		7.2765328e+01		7.1956309e+01		8.0901886e-01
2.4500000e+02		2.4600000e+02		2.4550000e+02		2.9476122e+01		3.4437066e+01		1.1651099e+02		5.9132023e+01		5.8428894e+01		7.0312857e-01
2.4600000e+02		2.4700000e+02		2.4650000e+02		2.8685918e+01		3.3582988e+01		1.1355314e+02		5.7631700e+01		5.6899864e+01		7.3183615e-01
2.4700000e+02		2.4800000e+02		2.4750000e+02		3.1678139e+01		3.7159877e+01		1.2557070e+02		6.3731016e+01		6.2867988e+01		8.6302742e-01
2.4800000e+02		2.4900000e+02		2.4850000e+02		2.5406301e+01		2.9859996e+01		1.0084007e+02		5.1178743e+01		5.0440697e+01		7.3804599e-01
2.4900000e+02		2.5000000e+02		2.4950000e+02		3.0967514e+01		3.6463504e+01		1.2306265e+02		6.2455442e+01		6.1497587e+01		9.5785543e-01
2.5000000e+02		2.5100000e+02		2.5050000e+02		3.3448743e+01		3.9455366e+01		1.3307409e+02		6.7533398e+01		6.6433338e+01		1.1000606e+00
2.5100000e+02		2.5200000e+02		2.5150000e+02		2.7888154e+01		3.2952710e+01		1.1106908e+02		5.6362834e+01		5.5388949e+01		9.7388495e-01
2.5200000e+02		2.5300000e+02		2.5250000e+02		2.5069906e+01		2.9671563e+01		9.9942946e+01		5.0713050e+01		4.9784692e+01		9.2835792e-01
2.5300000e+02		2.5400000e+02		2.5350000e+02		3.1592540e+01		3.7450731e+01		1.2605984e+02		6.3959579e+01		6.2720608e+01		1.2389713e+00
2.5400000e+02		2.5500000e+02		2.5450000e+02		3.5730773e+01		4.2420744e+01		1.4269033e+02		7.2389888e+01		7.0907755e+01		1.4821326e+00
2.5500000e+02		2.5600000e+02		2.5550000e+02		4.8755658e+01		5.7968691e+01		1.9485190e+02		9.8840680e+01		9.6704164e+01		2.1365156e+00
2.5600000e+02		2.5700000e+02		2.5650000e+02		6.2803876e+01		7.4775685e+01		2.5116640e+02		1.2738946e+02		1.2448553e+02		2.9039307e+00
2.5700000e+02		2.5800000e+02		2.5750000e+02		7.8843355e+01		9.3997829e+01		3.1550343e+02		1.5999633e+02		1.5615414e+02		3.8421968e+00
2.5800000e+02		2.5900000e+02		2.5850000e+02		8.2991293e+01		9.9068988e+01		3.3228006e+02		1.6847570e+02		1.6421804e+02		4.2576584e+00
2.5900000e+02		2.6000000e+02		2.5950000e+02		7.0629481e+01		8.4414643e+01		2.8291752e+02		1.4342105e+02		1.3961065e+02		3.8103939e+00
2.6000000e+02		2.6100000e+02		2.6050000e+02		5.7868388e+01		6.9242740e+01		2.3189268e+02		1.1753120e+02		1.1425172e+02		3.2794798e+00
2.6100000e+02		2.6200000e+02		2.6150000e+02		5.9092703e+01		7.0785242e+01		2.3687627e+02		1.2003108e+02		1.1651691e+02		3.5141741e+00
2.6200000e+02		2.6300000e+02		2.6250000e+02		7.0528613e+01		8.4571793e+01		2.8279112e+02		1.4326395e+02		1.3886713e+02		4.3968164e+00
2.6300000e+02		2.6400000e+02		2.6350000e+02		1.0614195e+02		1.2740144e+02		4.2566834e+02		2.1559289e+02		2.0866322e+02		6.9296711e+00
2.6400000e+02		2.6500000e+02		2.6450000e+02		1.6548208e+02		1.9881147e+02		6.6372892e+02		3.3607691e+02		3.2477351e+02		1.1303398e+01
2.6500000e+02		2.6600000e+02		2.6550000e+02		1.7356948e+02		2.0871017e+02		6.9621073e+02		3.5242477e+02		3.4003239e+02		1.2392372e+01
2.6600000e+02		2.6700000e+02		2.6650000e+02		1.6826276e+02		2.0249532e+02		6.7492500e+02		3.4154813e+02		3.2900249e+02		1.2545644e+01
2.6700000e+02		2.6800000e+02		2.6750000e+02		1.6940220e+02		2.0402347e+02		6.7945353e+02		3.4373185e+02		3.3055357e+02		1.3178278e+01
2.6800000e+02		2.6900000e+02		2.6850000e+02		1.6778062e+02		2.0221566e+02		6.7286705e+02		3.4028737e+02		3.2668118e+02		1.3606193e+01
2.6900000e+02		2.7000000e+02		2.6950000e+02		1.5737310e+02		1.8979885e+02		6.3101365e+02		3.1901038e+02		3.0571777e+02		1.3292616e+01
2.7000000e+02		2.7100000e+02		2.7050000e+02		1.8181465e+02		2.1941214e+02		7.2884040e+02		3.6833329e+02		3.5235122e+02		1.5982071e+01
2.7100000e+02		2.7200000e+02		2.7150000e+02		1.5108640e+02		1.8243362e+02		6.0547925e+02		3.0587448e+02		2.9206423e+02		1.3810255e+01
2.7200000e+02		2.7300000e+02		2.7250000e+02		1.2154404e+02		1.4683862e+02		4.8691528e+02		2.4588150e+02		2.3433797e+02		1.1543533e+01
2.7300000e+02		2.7400000e+02		2.7350000e+02		1.2960124e+02		1.5664724e+02		5.1898014e+02		2.6196587e+02		2.4918655e+02		1.2779326e+01
2.7400000e+02		2.7500000e+02		2.7450000e+02		8.9183780e+01		1.0784169e+02		3.5696515e+02		1.8010858e+02		1.7098529e+02		9.1232893e+00
2.7500000e+02		2.7600000e+02		2.7550000e+02		1.1893609e+02		1.4387400e+02		4.7580494e+02		2.3996354e+02		2.2735029e+02		1.2613250e+01
2.7600000e+02		2.7700000e+02		2.7650000e+02		1.6564211e+02		2.0044181e+02		6.6227582e+02		3.3385363e+02		3.1565576e+02		1.8197871e+01
2.7700000e+02		2.7800000e+02		2.7750000e+02		1.5837296e+02		1.9170301e+02		6.3281976e+02		3.1885361e+02		3.0084155e+02		1.8012064e+01
2.7800000e+02		2.7900000e+02		2.7850000e+02		1.0921797e+02		1.3223737e+02		4.3611642e+02		2.1963478e+02		2.0678450e+02		1.2850280e+01
2.7900000e+02		2.8000000e+02		2.7950000e+02		6.1368404e+01		7.4318916e+01		2.4487333e+02		1.2325963e+02		1.1579497e+02		7.4646560e+00
2.8000000e+02		2.8100000e+02		2.8050000e+02		6.7313201e+01		8.1532707e+01		2.6838899e+02		1.3502623e+02		1.2656704e+02		8.4591947e+00
2.8100000e+02		2.8200000e+02		2.8150000e+02		1.3943196e+02		1.6890949e+02		5.5548783e+02		2.7931580e+02		2.6122412e+02		1.8091680e+01
2.8200000e+02		2.8300000e+02		2.8250000e+02		1.8983287e+02		2.2998880e+02		7.5563463e+02		3.7974652e+02		3.5433058e+02		2.5415944e+01
2.8300000e+02		2.8400000e+02		2.8350000e+02		1.9610227e+02		2.3759935e+02		7.7988797e+02		3.9171368e+02		3.6463843e+02		2.7075251e+01
2.8400000e+02		2.8500000e+02		2.8450000e+02		1.4459284e+02		1.7519470e+02		5.7449596e+02		2.8838435e+02		2.6780960e+02		2.0574752e+01
2.8500000e+02		2.8600000e+02		2.8550000e+02		9.2944992e+01		1.1261501e+02		3.6892550e+02		1.8508247e+02		1.7145985e+02		1.3622620e+01
2.8600000e+02		2.8700000e+02		2.8650000e+02		1.9045522e+02		2.3075135e+02		7.5519731e+02		3.7863672e+02		3.4990054e+02		2.8736180e+01
2.8700000e+02		2.8800000e+02		2.8750000e+02		2.2108403e+02		2.6783983e+02		8.7571473e+02		4.3878775e+02		4.0446711e+02		3.4320638e+01
2.8800000e+02		2.8900000e+02		2.8850000e+02		2.1010240e+02		2.5450770e+02		8.3129917e+02		4.1626764e+02		3.8272813e+02		3.3539506e+01
2.8900000e+02		2.9000000e+02		2.8950000e+02		3.1885068e+02		3.8618504e+02		1.2601392e+03		6.3059614e+02		5.7828287e+02		5.2313264e+01
2.9000000e+02		2.9100000e+02		2.9050000e+02		4.1860542e+02		5.0691782e+02		1.6524378e+03		8.2636035e+02		7.5580913e+02		7.0551220e+01
2.9100000e+02		2.9200000e+02		2.9150000e+02		4.0318642e+02		4.8814632e+02		1.5896443e+03		7.9441981e+02		7.2465086e+02		6.9768956e+01
2.9200000e+02		2.9300000e+02		2.9250000e+02		3.5818014e+02		4.3355499e+02		1.4104397e+03		7.0437615e+02		6.4076975e+02		6.3606406e+01
2.9300000e+02		2.9400000e+02		2.9350000e+02		3.7393440e+02		4.5250582e+02		1.4705948e+03		7.3390101e+02		6.6578817e+02		6.8112839e+01
2.9400000e+02		2.9500000e+02		2.9450000e+02		3.4819581e+02		4.2123670e+02		1.3675769e+03		6.8200101e+02		6.1697499e+02		6.5026018e+01
2.9500000e+02		2.9600000e+02		2.9550000e+02		3.7701055e+02		4.5595109e+02		1.4787638e+03		7.3691162e+02		6.6475975e+02		7.2151870e+01
2.9600000e+02		2.9700000e+02		2.9650000e+02		3.4493460e+02		4.1701544e+02		1.3510956e+03		6.7279169e+02		6.0517309e+02		6.7618597e+01
2.9700000e+02		2.9800000e+02		2.9750000e+02		3.5165811e+02		4.2498686e+02		1.3755023e+03		6.8442916e+02		6.1384707e+02		7.0582089e+01
2.9800000e+02		2.9900000e+02		2.9850000e+02		3.0223333e+02		3.6511182e+02		1.1804896e+03		5.8694417e+02		5.2486098e+02		6.2083195e+01
2.9900000e+02		3.0000000e+02		2.9950000e+02		3.4101318e+02		4.1178725e+02		1.3300203e+03		6.6077750e+02		5.8911728e+02		7.1660227e+01
3.0000000e+02		3.0100000e+02		3.0050000e+02		2.7131061e+02		3.2747377e+02		1.0565980e+03		5.2452246e+02		4.6622219e+02		5.8300269e+01
3.0100000e+02		3.0200000e+02		3.0150000e+02		3.1202593e+02		3.7644246e+02		1.2133289e+03		6.0184588e+02		5.3331022e+02		6.8535659e+01
3.0200000e+02		3.0300000e+02		3.0250000e+02		3.2846528e+02		3.9608283e+02		1.2752978e+03		6.3207111e+02		5.5835428e+02		7.3716829e+01
3.0300000e+02		3.0400000e+02		3.0350000e+02		4.2601061e+02		5.1344786e+02		1.6514544e+03		8.1783146e+02		7.2017933e+02		9.7652125e+01
3.0400000e+02		3.0500000e+02		3.0450000e+02		4.0776836e+02		4.9120175e+02		1.5782432e+03		7.8092509e+02		6.8549280e+02		9.5432293e+01
3.0500000e+02		3.0600000e+02		3.0550000e+02		4.1174793e+02		4.9572361e+02		1.5910967e+03		7.8662139e+02		6.8827152e+02		9.8349866e+01
3.0600000e+02		3.0700000e+02		3.0650000e+02		3.9053943e+02		4.6992280e+02		1.5066962e+03		7.4425913e+02		6.4908670e+02		9.5172422e+01
3.0700000e+02		3.0800000e+02		3.0750000e+02		4.3847484e+02		5.2729262e+02		1.6888553e+03		8.3351969e+02		7.2454101e+02		1.0897867e+02
3.0800000e+02		3.0900000e+02		3.0850000e+02		4.3035211e+02		5.1721194e+02		1.6548182e+03		8.1600802e+02		7.0695910e+02		1.0904891e+02
3.0900000e+02		3.1000000e+02		3.0950000e+02		3.4901328e+02		4.1919552e+02		1.3397967e+03		6.6008461e+02		5.6994969e+02		9.0134919e+01
3.1000000e+02		3.1100000e+02		3.1050000e+02		4.3927411e+02		5.2727008e+02		1.6834316e+03		8.2864540e+02		7.1306168e+02		1.1558372e+02
3.1100000e+02		3.1200000e+02		3.1150000e+02		5.2246540e+02		6.2671618e+02		1.9988170e+03		9.8300303e+02		8.4298376e+02		1.4001928e+02
3.1200000e+02		3.1300000e+02		3.1250000e+02		4.6521908e+02		5.5767351e+02		1.7767309e+03		8.7298789e+02		7.4604183e+02		1.2694606e+02
3.1300000e+02		3.1400000e+02		3.1350000e+02		4.9544367e+02		5.9349826e+02		1.8888627e+03		9.2723105e+02		7.8962026e+02		1.3761079e+02
3.1400000e+02		3.1500000e+02		3.1450000e+02		4.6729179e+02		5.5938364e+02		1.7784019e+03		8.7219748e+02		7.4012549e+02		1.3207199e+02
3.1500000e+02		3.1600000e+02		3.1550000e+02		4.5343123e+02		5.4240479e+02		1.7225936e+03		8.4403710e+02		7.1366971e+02		1.3036739e+02
3.1600000e+02		3.1700000e+02		3.1650000e+02		4.4229406e+02		5.2869833e+02		1.6772834e+03		8.2106111e+02		6.9173777e+02		1.2932334e+02
3.1700000e+02		3.1800000e+02		3.1750000e+02		5.6102832e+02		6.7013277e+02		2.1237269e+03		1.0386152e+03		8.7183872e+02		1.6677645e+02
3.1800000e+02		3.1900000e+02		3.1850000e+02		4.6340678e+02		5.5311117e+02		1.7510143e+03		8.5551848e+02		7.1550337e+02		1.4001511e+02
3.1900000e+02		3.2000000e+02		3.1950000e+02		4.9774832e+02		5.9364769e+02		1.8773521e+03		9.1635967e+02		7.6354473e+02		1.5281493e+02
3.2000000e+02		3.2100000e+02		3.2050000e+02		5.7184857e+02		6.8149728e+02		2.1528861e+03		1.0498294e+03		8.7148326e+02		1.7834619e+02
3.2100000e+02		3.2200000e+02		3.2150000e+02		4.8024660e+02		5.7188261e+02		1.8046964e+03		8.7917702e+02		7.2706638e+02		1.5211063e+02
3.2200000e+02		3.2300000e+02		3.2250000e+02		4.8228681e+02		5.7385620e+02		1.8090106e+03		8.8040979e+02		7.2531360e+02		1.5509620e+02
3.2300000e+02		3.2400000e+02		3.2350000e+02		4.6607071e+02		5.5411564e+02		1.7449368e+03		8.4838355e+02		6.9624534e+02		1.5213821e+02
3.2400000e+02		3.2500000e+02		3.2450000e+02		5.4882129e+02		6.5196829e+02		2.0509144e+03		9.9615329e+02		8.1435046e+02		1.8180283e+02
3.2500000e+02		3.2600000e+02		3.2550000e+02		6.3196128e+02		7.5011719e+02		2.3571790e+03		1.1437594e+03		9.3136753e+02		2.1239189e+02
3.2600000e+02		3.2700000e+02		3.2650000e+02		7.1301257e+02		8.4562021e+02		2.6544946e+03		1.2867226e+03		1.0436594e+03		2.4306315e+02
3.2700000e+02		3.2800000e+02		3.2750000e+02		6.8984049e+02		8.1745331e+02		2.5633812e+03		1.2412945e+03		1.0028189e+03		2.3847554e+02
3.2800000e+02		3.2900000e+02		3.2850000e+02		6.6596082e+02		7.8848934e+02		2.4699638e+03		1.1948363e+03		9.6142716e+02		2.3340911e+02
3.2900000e+02		3.3000000e+02		3.2950000e+02		7.7527139e+02		9.1712963e+02		2.8699268e+03		1.3868918e+03		1.1114692e+03		2.7542259e+02
3.3000000e+02		3.3100000e+02		3.3050000e+02		7.3029799e+02		8.6318526e+02		2.6983005e+03		1.3026083e+03		1.0396862e+03		2.6292215e+02
3.3100000e+02		3.3200000e+02		3.3150000e+02		6.9881652e+02		8.2526096e+02		2.5770612e+03		1.2427907e+03		9.8788586e+02		2.5490479e+02
3.3200000e+02		3.3300000e+02		3.3250000e+02		6.8562051e+02		8.0897225e+02		2.5235688e+03		1.2157272e+03		9.6239245e+02		2.5333471e+02
3.3300000e+02		3.3400000e+02		3.3350000e+02		6.5878216e+02		7.7662427e+02		2.4201462e+03		1.1646847e+03		9.1816092e+02		2.4652381e+02
3.3400000e+02		3.3500000e+02		3.3450000e+02		6.9405546e+02		8.1748611e+02		2.5448442e+03		1.2234099e+03		9.6042596e+02		2.6298392e+02
3.3500000e+02		3.3600000e+02		3.3550000e+02		6.8541663e+02		8.0659560e+02		2.5083490e+03		1.2045948e+03		9.4167634e+02		2.6291851e+02
3.3600000e+02		3.3700000e+02		3.3650000e+02		5.6469084e+02		6.6393419e+02		2.0625742e+03		9.8947139e+02		7.7022929e+02		2.1924210e+02
3.3700000e+02		3.3800000e+02		3.3750000e+02		5.9573781e+02		6.9981099e+02		2.1717956e+03		1.0407625e+03		8.0670001e+02		2.3406253e+02
3.3800000e+02		3.3900000e+02		3.3850000e+02		6.4448401e+02		7.5639284e+02		2.3449872e+03		1.1225630e+03		8.6636793e+02		2.5619508e+02
3.3900000e+02		3.4000000e+02		3.3950000e+02		6.7448220e+02		7.9088606e+02		2.4494194e+03		1.1713038e+03		9.0007796e+02		2.7122581e+02
3.4000000e+02		3.4100000e+02		3.4050000e+02		7.1196374e+02		8.3408077e+02		2.5805651e+03		1.2326961e+03		9.4313396e+02		2.8956212e+02
3.4100000e+02		3.4200000e+02		3.4150000e+02		6.4984945e+02		7.6062142e+02		2.3508997e+03		1.1217830e+03		8.5451747e+02		2.6726553e+02
3.4200000e+02		3.4300000e+02		3.4250000e+02		7.0477558e+02		8.2415919e+02		2.5447017e+03		1.2129531e+03		9.1989633e+02		2.9305679e+02
3.4300000e+02		3.4400000e+02		3.4350000e+02		6.9264465e+02		8.0923417e+02		2.4960981e+03		1.1885024e+03		8.9735831e+02		2.9114411e+02
3.4400000e+02		3.4500000e+02		3.4450000e+02		5.5710877e+02		6.5028889e+02		2.0038117e+03		9.5307170e+02		7.1639182e+02		2.3667988e+02
3.4500000e+02		3.4600000e+02		3.4550000e+02		6.7138909e+02		7.8296523e+02		2.4102255e+03		1.1451323e+03		8.5689639e+02		2.8823587e+02
3.4600000e+02		3.4700000e+02		3.4650000e+02		6.5194093e+02		7.5958724e+02		2.3359257e+03		1.1086269e+03		8.2583676e+02		2.8279017e+02
3.4700000e+02		3.4800000e+02		3.4750000e+02		6.4525828e+02		7.5111026e+02		2.3075589e+03		1.0939735e+03		8.1122312e+02		2.8275037e+02
3.4800000e+02		3.4900000e+02		3.4850000e+02		6.6761091e+02		7.7641479e+02		2.3829352e+03		1.1284780e+03		8.3299059e+02		2.9548745e+02
3.4900000e+02		3.5000000e+02		3.4950000e+02		6.3989005e+02		7.4349095e+02		2.2796337e+03		1.0783808e+03		7.9235798e+02		2.8602286e+02
3.5000000e+02		3.5100000e+02		3.5050000e+02		7.6650484e+02		8.8978476e+02		2.7255048e+03		1.2878926e+03		9.4193334e+02		3.4595929e+02
3.5100000e+02		3.5200000e+02		3.5150000e+02		7.1211510e+02		8.2588555e+02		2.5272962e+03		1.1929272e+03		8.6842984e+02		3.2449735e+02
3.5200000e+02		3.5300000e+02		3.5250000e+02		6.5785102e+02		7.6224890e+02		2.3302853e+03		1.0987313e+03		7.9612590e+02		3.0260540e+02
3.5300000e+02		3.5400000e+02		3.5350000e+02		7.5263834e+02		8.7127497e+02		2.6610024e+03		1.2532909e+03		9.0385937e+02		3.4943152e+02
3.5400000e+02		3.5500000e+02		3.5450000e+02		8.0329241e+02		9.2905700e+02		2.8347312e+03		1.3336516e+03		9.5728108e+02		3.7637051e+02
3.5500000e+02		3.5600000e+02		3.5550000e+02		7.5433512e+02		8.7163178e+02		2.6569530e+03		1.2486421e+03		8.9201603e+02		3.5662608e+02
3.5600000e+02		3.5700000e+02		3.5650000e+02		6.5576441e+02		7.5703668e+02		2.3054241e+03		1.0822519e+03		7.6946738e+02		3.1278448e+02
3.5700000e+02		3.5800000e+02		3.5750000e+02		5.7307986e+02		6.6097491e+02		2.0109618e+03		9.4298454e+02		6.6724195e+02		2.7574259e+02
3.5800000e+02		3.5900000e+02		3.5850000e+02		4.9194729e+02		5.6687803e+02		1.7230395e+03		8.0708480e+02		5.6833531e+02		2.3874949e+02
3.5900000e+02		3.6000000e+02		3.5950000e+02		7.1030971e+02		8.1775006e+02		2.4832180e+03		1.1618817e+03		8.1422421e+02		3.4765749e+02
3.6000000e+02		3.6100000e+02		3.6050000e+02		7.0092701e+02		8.0620971e+02		2.4458670e+03		1.1431496e+03		7.9720829e+02		3.4594129e+02
3.6100000e+02		3.6200000e+02		3.6150000e+02		6.5110481e+02		7.4821984e+02		2.2678091e+03		1.0587660e+03		7.3475998e+02		3.2400597e+02
3.6200000e+02		3.6300000e+02		3.6250000e+02		7.3500056e+02		8.4385890e+02		2.5552976e+03		1.1916765e+03		8.2294518e+02		3.6873128e+02
3.6300000e+02		3.6400000e+02		3.6350000e+02		7.1558904e+02		8.2082489e+02		2.4832390e+03		1.1568018e+03		7.9492996e+02		3.6187187e+02
3.6400000e+02		3.6500000e+02		3.6450000e+02		7.4837927e+02		8.5765801e+02		2.5922712e+03		1.2062706e+03		8.2482618e+02		3.8144439e+02
3.6500000e+02		3.6600000e+02		3.6550000e+02		8.5179486e+02		9.7529033e+02		2.9451030e+03		1.3689542e+03		9.3141878e+02		4.3753545e+02
3.6600000e+02		3.6700000e+02		3.6650000e+02		9.1042532e+02		1.0414795e+03		3.1420970e+03		1.4589235e+03		9.8768304e+02		4.7124048e+02
3.6700000e+02		3.6800000e+02		3.6750000e+02		8.7909512e+02		1.0047334e+03		3.0284749e+03		1.4046296e+03		9.4616454e+02		4.5846510e+02
3.6800000e+02		3.6900000e+02		3.6850000e+02		8.1047729e+02		9.2547678e+02		2.7870512e+03		1.2912435e+03		8.6541343e+02		4.2583011e+02
3.6900000e+02		3.7000000e+02		3.6950000e+02		8.9967825e+02		1.0264144e+03		3.0882363e+03		1.4292217e+03		9.5305214e+02		4.7616954e+02
3.7000000e+02		3.7100000e+02		3.7050000e+02		8.4427990e+02		9.6235223e+02		2.8928919e+03		1.3373581e+03		8.8727334e+02		4.5008473e+02
3.7100000e+02		3.7200000e+02		3.7150000e+02		8.7164560e+02		9.9266084e+02		2.9813398e+03		1.3767466e+03		9.0875656e+02		4.6798999e+02
3.7200000e+02		3.7300000e+02		3.7250000e+02		7.2411383e+02		8.2391505e+02		2.4723363e+03		1.1404539e+03		7.4893890e+02		3.9151497e+02
3.7300000e+02		3.7400000e+02		3.7350000e+02		6.3155746e+02		7.1796698e+02		2.1525149e+03		9.9184706e+02		6.4800723e+02		3.4383983e+02
3.7400000e+02		3.7500000e+02		3.7450000e+02		6.4642322e+02		7.3421956e+02		2.1993094e+03		1.0123110e+03		6.5797145e+02		3.5433957e+02
3.7500000e+02		3.7600000e+02		3.7550000e+02		7.4036161e+02		8.4017883e+02		2.5145072e+03		1.1561399e+03		7.4757197e+02		4.0856796e+02
3.7600000e+02		3.7700000e+02		3.7650000e+02		7.6758018e+02		8.7030588e+02		2.6024114e+03		1.1952649e+03		7.6886123e+02		4.2640364e+02
3.7700000e+02		3.7800000e+02		3.7750000e+02		9.0048278e+02		1.0201063e+03		3.0477156e+03		1.3982802e+03		8.9476909e+02		5.0351109e+02
3.7800000e+02		3.7900000e+02		3.7850000e+02		9.3786543e+02		1.0615340e+03		3.1687652e+03		1.4522530e+03		9.2445097e+02		5.2780200e+02
3.7900000e+02		3.8000000e+02		3.7950000e+02		7.6051322e+02		8.6005283e+02		2.5651367e+03		1.1743461e+03		7.4362596e+02		4.3072018e+02
3.8000000e+02		3.8100000e+02		3.8050000e+02		8.2814537e+02		9.3573210e+02		2.7884848e+03		1.2752293e+03		8.0325893e+02		4.7197034e+02
3.8100000e+02		3.8200000e+02		3.8150000e+02		7.4366886e+02		8.3956203e+02		2.4997873e+03		1.1419798e+03		7.1552822e+02		4.2645162e+02
3.8200000e+02		3.8300000e+02		3.8250000e+02		5.3336093e+02		6.0162283e+02		1.7898236e+03		8.1677428e+02		5.0905381e+02		3.0772048e+02
3.8300000e+02		3.8400000e+02		3.8350000e+02		4.7073026e+02		5.3052622e+02		1.5769959e+03		7.1888585e+02		4.4566367e+02		2.7322218e+02
3.8400000e+02		3.8500000e+02		3.8450000e+02		6.2969557e+02		7.0908571e+02		2.1060196e+03		9.5902609e+02		5.9136530e+02		3.6766080e+02
3.8500000e+02		3.8600000e+02		3.8550000e+02		6.6694888e+02		7.5040507e+02		2.2269042e+03		1.0129998e+03		6.2130586e+02		3.9169397e+02
3.8600000e+02		3.8700000e+02		3.8650000e+02		6.6977732e+02		7.5295766e+02		2.2326497e+03		1.0145406e+03		6.1891189e+02		3.9562872e+02
3.8700000e+02		3.8800000e+02		3.8750000e+02		6.6902499e+02		7.5148648e+02		2.2264740e+03		1.0106684e+03		6.1323106e+02		3.9743736e+02
3.8800000e+02		3.8900000e+02		3.8850000e+02		6.7841027e+02		7.6139810e+02		2.2540150e+03		1.0220953e+03		6.1681611e+02		4.0527915e+02
3.8900000e+02		3.9000000e+02		3.8950000e+02		8.1451188e+02		9.1339617e+02		2.7018109e+03		1.2238672e+03		7.3458225e+02		4.8928491e+02
3.9000000e+02		3.9100000e+02		3.9050000e+02		8.5560997e+02		9.5869809e+02		2.8335477e+03		1.2822005e+03		7.6541492e+02		5.1678557e+02
3.9100000e+02		3.9200000e+02		3.9150000e+02		9.2006232e+02		1.0300764e+03		3.0420976e+03		1.3751371e+03		8.1642243e+02		5.5871464e+02
3.9200000e+02		3.9300000e+02		3.9250000e+02		7.0614281e+02		7.8993756e+02		2.3310614e+03		1.0526291e+03		6.2153481e+02		4.3109427e+02
3.9300000e+02		3.9400000e+02		3.9350000e+02		4.3291589e+02		4.8389789e+02		1.4268360e+03		6.4364428e+02		3.7796403e+02		2.6568026e+02
3.9400000e+02		3.9500000e+02		3.9450000e+02		7.1565803e+02		7.9929604e+02		2.3549926e+03		1.0612386e+03		6.1976268e+02		4.4147589e+02
3.9500000e+02		3.9600000e+02		3.9550000e+02		8.7888136e+02		9.8081303e+02		2.8875654e+03		1.2998953e+03		7.5495680e+02		5.4493852e+02
3.9600000e+02		3.9700000e+02		3.9650000e+02		6.0712893e+02		6.7700632e+02		1.9916095e+03		8.9564375e+02		5.1730172e+02		3.7834204e+02
3.9700000e+02		3.9800000e+02		3.9750000e+02		6.8053003e+02		7.5825781e+02		2.2289298e+03		1.0013446e+03		5.7514946e+02		4.2619511e+02
3.9800000e+02		3.9900000e+02		3.9850000e+02		1.0480559e+03		1.1668468e+03		3.4273899e+03		1.5381839e+03		8.7859297e+02		6.5959090e+02
3.9900000e+02		4.0000000e+02		3.9950000e+02		1.1577145e+03		1.2879311e+03		3.7801989e+03		1.6948003e+03		9.6266269e+02		7.3213759e+02
4.0000000e+02		4.0100000e+02		4.0050000e+02		1.1939713e+03		1.3272381e+03		3.8926499e+03		1.7434517e+03		9.8477178e+02		7.5867990e+02
4.0100000e+02		4.0200000e+02		4.0150000e+02		1.2509583e+03		1.3895162e+03		4.0722715e+03		1.8220638e+03		1.0234187e+03		7.9864514e+02
4.0200000e+02		4.0300000e+02		4.0250000e+02		1.2664199e+03		1.4056149e+03		4.1164062e+03		1.8399626e+03		1.0276777e+03		8.1228488e+02
4.0300000e+02		4.0400000e+02		4.0350000e+02		1.2115903e+03		1.3437370e+03		3.9323037e+03		1.7559145e+03		9.7522237e+02		7.8069208e+02
4.0400000e+02		4.0500000e+02		4.0450000e+02		1.1914959e+03		1.3204530e+03		3.8613464e+03		1.7225120e+03		9.5128181e+02		7.7123017e+02
4.0500000e+02		4.0600000e+02		4.0550000e+02		1.1904731e+03		1.3183293e+03		3.8523427e+03		1.7167903e+03		9.4276878e+02		7.7402154e+02
4.0600000e+02		4.0700000e+02		4.0650000e+02		1.1388815e+03		1.2602563e+03		3.6799944e+03		1.6383627e+03		8.9460931e+02		7.4375335e+02
4.0700000e+02		4.0800000e+02		4.0750000e+02		1.1575323e+03		1.2799456e+03		3.7348159e+03		1.6611327e+03		9.0189852e+02		7.5923421e+02
4.0800000e+02		4.0900000e+02		4.0850000e+02		1.2307397e+03		1.3598929e+03		3.9652806e+03		1.7619072e+03		9.5117614e+02		8.1073107e+02
4.0900000e+02		4.1000000e+02		4.0950000e+02		1.2243097e+03		1.3517985e+03		3.9388987e+03		1.7484758e+03		9.3854869e+02		8.0992711e+02
4.1000000e+02		4.1100000e+02		4.1050000e+02		1.1216634e+03		1.2375633e+03		3.6035125e+03		1.5980425e+03		8.5290281e+02		7.4513966e+02
4.1100000e+02		4.1200000e+02		4.1150000e+02		1.3003372e+03		1.4336633e+03		4.1716090e+03		1.8481836e+03		9.8076566e+02		8.6741796e+02
4.1200000e+02		4.1300000e+02		4.1250000e+02		1.2760342e+03		1.4058593e+03		4.0878806e+03		1.8093423e+03		9.5465120e+02		8.5469114e+02
4.1300000e+02		4.1400000e+02		4.1350000e+02		1.2308584e+03		1.3551209e+03		3.9376437e+03		1.7411724e+03		9.1340760e+02		8.2776480e+02
4.1400000e+02		4.1500000e+02		4.1450000e+02		1.2488872e+03		1.3739966e+03		3.9897723e+03		1.7625364e+03		9.1929502e+02		8.4324138e+02
4.1500000e+02		4.1600000e+02		4.1550000e+02		1.2477523e+03		1.3717829e+03		3.9806499e+03		1.7568328e+03		9.1103778e+02		8.4579498e+02
4.1600000e+02		4.1700000e+02		4.1650000e+02		1.2947363e+03		1.4224432e+03		4.1248843e+03		1.8187646e+03		9.3770637e+02		8.8105821e+02
4.1700000e+02		4.1800000e+02		4.1750000e+02		1.1781342e+03		1.2934423e+03		3.7482984e+03		1.6511595e+03		8.4636783e+02		8.0479162e+02
4.1800000e+02		4.1900000e+02		4.1850000e+02		1.2217101e+03		1.3403592e+03		3.8816880e+03		1.7083131e+03		8.7058819e+02		8.3772491e+02
4.1900000e+02		4.2000000e+02		4.1950000e+02		1.2338424e+03		1.3527438e+03		3.9149779e+03		1.7213533e+03		8.7213956e+02		8.4921375e+02
4.2000000e+02		4.2100000e+02		4.2050000e+02		1.2494927e+03		1.3689716e+03		3.9593564e+03		1.7392461e+03		8.7607896e+02		8.6316715e+02
4.2100000e+02		4.2200000e+02		4.2150000e+02		1.2299982e+03		1.3467038e+03		3.8924288e+03		1.7082631e+03		8.5545831e+02		8.5280474e+02
4.2200000e+02		4.2300000e+02		4.2250000e+02		1.1657134e+03		1.2754645e+03		3.6841507e+03		1.6153661e+03		8.0421597e+02		8.1115017e+02
4.2300000e+02		4.2400000e+02		4.2350000e+02		1.2419943e+03		1.3580232e+03		3.9201136e+03		1.7172506e+03		8.4994105e+02		8.6730950e+02
4.2400000e+02		4.2500000e+02		4.2450000e+02		1.2850442e+03		1.4041668e+03		4.0507422e+03		1.7728539e+03		8.7232314e+02		9.0053080e+02
4.2500000e+02		4.2600000e+02		4.2550000e+02		1.2367256e+03		1.3504828e+03		3.8934213e+03		1.7024525e+03		8.3276928e+02		8.6968326e+02
4.2600000e+02		4.2700000e+02		4.2650000e+02		1.2316584e+03		1.3440738e+03		3.8725216e+03		1.6917830e+03		8.2268884e+02		8.6909415e+02
4.2700000e+02		4.2800000e+02		4.2750000e+02		1.1420512e+03		1.2454823e+03		3.5862344e+03		1.5653037e+03		7.5670557e+02		8.0859810e+02
4.2800000e+02		4.2900000e+02		4.2850000e+02		1.1495483e+03		1.2528537e+03		3.6052370e+03		1.5721893e+03		7.5555605e+02		8.1663320e+02
4.2900000e+02		4.3000000e+02		4.2950000e+02		1.0698649e+03		1.1652665e+03		3.3511434e+03		1.4600813e+03		6.9753930e+02		7.6254196e+02
4.3000000e+02		4.3100000e+02		4.3050000e+02		8.6065012e+02		9.3680268e+02		2.6924778e+03		1.1720634e+03		5.5663290e+02		6.1543053e+02
4.3100000e+02		4.3200000e+02		4.3150000e+02		1.0641754e+03		1.1576090e+03		3.3250952e+03		1.4461721e+03		6.8274766e+02		7.6342444e+02
4.3200000e+02		4.3300000e+02		4.3250000e+02		1.1990384e+03		1.3034997e+03		3.7419092e+03		1.6260280e+03		7.6311012e+02		8.6291790e+02
4.3300000e+02		4.3400000e+02		4.3350000e+02		1.3017454e+03		1.4142789e+03		4.0575081e+03		1.7616313e+03		8.2184453e+02		9.3978677e+02
4.3400000e+02		4.3500000e+02		4.3450000e+02		1.1054356e+03		1.2002608e+03		3.4414690e+03		1.4928711e+03		6.9232342e+02		8.0054766e+02
4.3500000e+02		4.3600000e+02		4.3550000e+02		1.2347447e+03		1.3398447e+03		3.8394457e+03		1.6640706e+03		7.6712690e+02		8.9694375e+02
4.3600000e+02		4.3700000e+02		4.3650000e+02		1.3814970e+03		1.4981811e+03		4.2906797e+03		1.8580444e+03		8.5144581e+02		1.0065986e+03
4.3700000e+02		4.3800000e+02		4.3750000e+02		1.2223713e+03		1.3248190e+03		3.7919964e+03		1.6406905e+03		7.4735999e+02		8.9333051e+02
4.3800000e+02		4.3900000e+02		4.3850000e+02		1.1905029e+03		1.2895104e+03		3.6888218e+03		1.5946932e+03		7.2207025e+02		8.7262294e+02
4.3900000e+02		4.4000000e+02		4.3950000e+02		1.3250738e+03		1.4344235e+03		4.1010354e+03		1.7713961e+03		7.9728588e+02		9.7411025e+02
4.4000000e+02		4.4100000e+02		4.4050000e+02		1.2562739e+03		1.3591472e+03		3.8836296e+03		1.6760797e+03		7.4987024e+02		9.2620946e+02
4.4100000e+02		4.4200000e+02		4.4150000e+02		1.3817384e+03		1.4940144e+03		4.2666111e+03		1.8398254e+03		8.1819756e+02		1.0216278e+03
4.4200000e+02		4.4300000e+02		4.4250000e+02		1.4526378e+03		1.5697662e+03		4.4804546e+03		1.9304310e+03		8.5334203e+02		1.0770890e+03
4.4300000e+02		4.4400000e+02		4.4350000e+02		1.4050936e+03		1.5175167e+03		4.3289366e+03		1.8636059e+03		8.1885571e+02		1.0447502e+03
4.4400000e+02		4.4500000e+02		4.4450000e+02		1.4475318e+03		1.5624597e+03		4.4547056e+03		1.9161720e+03		8.3689221e+02		1.0792798e+03
4.4500000e+02		4.4600000e+02		4.4550000e+02		1.3420773e+03		1.4478135e+03		4.1255992e+03		1.7731568e+03		7.6977041e+02		1.0033864e+03
4.4600000e+02		4.4700000e+02		4.4650000e+02		1.3689269e+03		1.4759499e+03		4.2035094e+03		1.8051726e+03		7.7894939e+02		1.0262232e+03
4.4700000e+02		4.4800000e+02		4.4750000e+02		1.4837056e+03		1.5988113e+03		4.5509850e+03		1.9528132e+03		8.3757770e+02		1.1152356e+03
4.4800000e+02		4.4900000e+02		4.4850000e+02		1.4587166e+03		1.5710151e+03		4.4694915e+03		1.9163022e+03		8.1695809e+02		1.0993441e+03
4.4900000e+02		4.5000000e+02		4.4950000e+02		1.4737837e+03		1.5863719e+03		4.5108051e+03		1.9324689e+03		8.1887430e+02		1.1135946e+03
4.5000000e+02		4.5100000e+02		4.5050000e+02		1.5636828e+03		1.6822230e+03		4.7808561e+03		2.0465325e+03		8.6196569e+02		1.1845668e+03
4.5100000e+02		4.5200000e+02		4.5150000e+02		1.5589734e+03		1.6762511e+03		4.7614142e+03		2.0365988e+03		8.5259166e+02		1.1840071e+03
4.5200000e+02		4.5300000e+02		4.5250000e+02		1.4757889e+03		1.5859588e+03		4.5026199e+03		1.9243909e+03		8.0073893e+02		1.1236520e+03
4.5300000e+02		4.5400000e+02		4.5350000e+02		1.4141855e+03		1.5189488e+03		4.3101732e+03		1.8407009e+03		7.6127349e+02		1.0794274e+03
4.5400000e+02		4.5500000e+02		4.5450000e+02		1.5096596e+03		1.6206405e+03		4.5964038e+03		1.9614133e+03		8.0627709e+02		1.1551362e+03
4.5500000e+02		4.5600000e+02		4.5550000e+02		1.4952815e+03		1.6043654e+03		4.5479571e+03		1.9392407e+03		7.9232355e+02		1.1469172e+03
4.5600000e+02		4.5700000e+02		4.5650000e+02		1.5527317e+03		1.6651417e+03		4.7178870e+03		2.0101538e+03		8.1630745e+02		1.1938464e+03
4.5700000e+02		4.5800000e+02		4.5750000e+02		1.5677329e+03		1.6803628e+03		4.7586562e+03		2.0259767e+03		8.1773120e+02		1.2082455e+03
4.5800000e+02		4.5900000e+02		4.5850000e+02		1.4734199e+03		1.5784669e+03		4.4678988e+03		1.9007446e+03		7.6251722e+02		1.1382274e+03
4.5900000e+02		4.6000000e+02		4.5950000e+02		1.5222067e+03		1.6299049e+03		4.6112467e+03		1.9602482e+03		7.8160058e+02		1.1786476e+03
4.6000000e+02		4.6100000e+02		4.6050000e+02		1.5039223e+03		1.6095167e+03		4.5513625e+03		1.9333405e+03		7.6617556e+02		1.1671650e+03
4.6100000e+02		4.6200000e+02		4.6150000e+02		1.5386000e+03		1.6458072e+03		4.6517503e+03		1.9745108e+03		7.7772100e+02		1.1967898e+03
4.6200000e+02		4.6300000e+02		4.6250000e+02		1.5538294e+03		1.6612746e+03		4.6932312e+03		1.9906421e+03		7.7929200e+02		1.2113501e+03
4.6300000e+02		4.6400000e+02		4.6350000e+02		1.5018384e+03		1.6048995e+03		4.5318244e+03		1.9207656e+03		7.4734733e+02		1.1734183e+03
4.6400000e+02		4.6500000e+02		4.6450000e+02		1.5281564e+03		1.6322275e+03		4.6068302e+03		1.9511269e+03		7.5452411e+02		1.1966028e+03
4.6500000e+02		4.6600000e+02		4.6550000e+02		1.4760608e+03		1.5758216e+03		4.4455595e+03		1.8814543e+03		7.2313479e+02		1.1583195e+03
4.6600000e+02		4.6700000e+02		4.6650000e+02		1.4854121e+03		1.5850440e+03		4.4695125e+03		1.8902239e+03		7.2206344e+02		1.1681605e+03
4.6700000e+02		4.6800000e+02		4.6750000e+02		1.4997486e+03		1.5995804e+03		4.5084358e+03		1.9053149e+03		7.2337578e+02		1.1819392e+03
4.6800000e+02		4.6900000e+02		4.6850000e+02		1.4665907e+03		1.5634766e+03		4.4046739e+03		1.8601345e+03		7.0190003e+02		1.1582345e+03
4.6900000e+02		4.7000000e+02		4.6950000e+02		1.5086728e+03		1.6075853e+03		4.5268956e+03		1.9103928e+03		7.1645017e+02		1.1939426e+03
4.7000000e+02		4.7100000e+02		4.7050000e+02		1.4256243e+03		1.5183860e+03		4.2738004e+03		1.8023119e+03		6.7177587e+02		1.1305360e+03
4.7100000e+02		4.7200000e+02		4.7150000e+02		1.4904926e+03		1.5867432e+03		4.4642223e+03		1.8812952e+03		6.9691743e+02		1.1843777e+03
4.7200000e+02		4.7300000e+02		4.7250000e+02		1.5269264e+03		1.6247863e+03		4.5692407e+03		1.9242100e+03		7.0844415e+02		1.2157659e+03
4.7300000e+02		4.7400000e+02		4.7350000e+02		1.4995420e+03		1.5949229e+03		4.4832979e+03		1.8867103e+03		6.9037652e+02		1.1963338e+03
4.7400000e+02		4.7500000e+02		4.7450000e+02		1.5448084e+03		1.6423290e+03		4.6145533e+03		1.9406105e+03		7.0574162e+02		1.2348689e+03
4.7500000e+02		4.7600000e+02		4.7550000e+02		1.5413846e+03		1.6379574e+03		4.6002897e+03		1.9332893e+03		6.9876275e+02		1.2345265e+03
4.7600000e+02		4.7700000e+02		4.7650000e+02		1.4853490e+03		1.5777119e+03		4.4291951e+03		1.8601214e+03		6.6818814e+02		1.1919333e+03
4.7700000e+02		4.7800000e+02		4.7750000e+02		1.5508368e+03		1.6465481e+03		4.6204845e+03		1.9391468e+03		6.9229597e+02		1.2468509e+03
4.7800000e+02		4.7900000e+02		4.7850000e+02		1.5358791e+03		1.6299566e+03		4.5720034e+03		1.9175128e+03		6.8036526e+02		1.2371475e+03
4.7900000e+02		4.8000000e+02		4.7950000e+02		1.5403519e+03		1.6339966e+03		4.5814242e+03		1.9201830e+03		6.7712431e+02		1.2430587e+03
4.8000000e+02		4.8100000e+02		4.8050000e+02		1.5442750e+03		1.6374556e+03		4.5892231e+03		1.9221776e+03		6.7365949e+02		1.2485181e+03
4.8100000e+02		4.8200000e+02		4.8150000e+02		1.5475498e+03		1.6402298e+03		4.5951114e+03		1.9233771e+03		6.6993359e+02		1.2534435e+03
4.8200000e+02		4.8300000e+02		4.8250000e+02		1.5416562e+03		1.6332937e+03		4.5738161e+03		1.9132116e+03		6.6229274e+02		1.2509188e+03
4.8300000e+02		4.8400000e+02		4.8350000e+02		1.5183412e+03		1.6079194e+03		4.5009394e+03		1.8815041e+03		6.4730834e+02		1.2341958e+03
4.8400000e+02		4.8500000e+02		4.8450000e+02		1.4920771e+03		1.5794497e+03		4.4194733e+03		1.8462566e+03		6.3127195e+02		1.2149846e+03
4.8500000e+02		4.8600000e+02		4.8550000e+02		1.4021236e+03		1.4836173e+03		4.1496726e+03		1.7324340e+03		5.8870671e+02		1.1437273e+03
4.8600000e+02		4.8700000e+02		4.8650000e+02		1.2173217e+03		1.2875481e+03		3.5998465e+03		1.5019310e+03		5.0723543e+02		9.9469558e+02
4.8700000e+02		4.8800000e+02		4.8750000e+02		1.3927585e+03		1.4725086e+03		4.1153644e+03		1.7159286e+03		5.7593788e+02		1.1399908e+03
4.8800000e+02		4.8900000e+02		4.8850000e+02		1.4651201e+03		1.5483909e+03		4.3257591e+03		1.8025194e+03		6.0127446e+02		1.2012450e+03
4.8900000e+02		4.9000000e+02		4.8950000e+02		1.4372192e+03		1.5182985e+03		4.2400547e+03		1.7657027e+03		5.8536447e+02		1.1803382e+03
4.9000000e+02		4.9100000e+02		4.9050000e+02		1.5307557e+03		1.6164721e+03		4.5124916e+03		1.8779878e+03		6.1875279e+02		1.2592350e+03
4.9100000e+02		4.9200000e+02		4.9150000e+02		1.4425606e+03		1.5227407e+03		4.2492213e+03		1.7673303e+03		5.7870524e+02		1.1886250e+03
4.9200000e+02		4.9300000e+02		4.9250000e+02		1.3729411e+03		1.4486875e+03		4.0410537e+03		1.6797195e+03		5.4662748e+02		1.1330920e+03
4.9300000e+02		4.9400000e+02		4.9350000e+02		1.4509629e+03		1.5304227e+03		4.2674566e+03		1.7727469e+03		5.7334526e+02		1.1994017e+03
4.9400000e+02		4.9500000e+02		4.9450000e+02		1.4929449e+03		1.5741008e+03		4.3876231e+03		1.8215629e+03		5.8550178e+02		1.2360611e+03
4.9500000e+02		4.9600000e+02		4.9550000e+02		1.4663156e+03		1.5454366e+03		4.3061417e+03		1.7866610e+03		5.7074301e+02		1.2159180e+03
4.9600000e+02		4.9700000e+02		4.9650000e+02		1.4846220e+03		1.5641412e+03		4.3566702e+03		1.8065467e+03		5.7353763e+02		1.2330091e+03
4.9700000e+02		4.9800000e+02		4.9750000e+02		1.5123203e+03		1.5927276e+03		4.4346880e+03		1.8378073e+03		5.7986499e+02		1.2579424e+03
4.9800000e+02		4.9900000e+02		4.9850000e+02		1.3744029e+03		1.4469407e+03		4.0273224e+03		1.6680052e+03		5.2304427e+02		1.1449610e+03
4.9900000e+02		5.0000000e+02		4.9950000e+02		1.4721832e+03		1.5493117e+03		4.3107196e+03		1.7843358e+03		5.5607290e+02		1.2282629e+03
