Left Bin Edge (nm)	Right Bin Edge (nm)	Bin Center (nm)		Top of Atm Intensity (erg/s/nm/cm2)		Total Surface Flux (erg/s/nm/cm2)		Total Intensity at BOA (erg/s/nm/cm2)		Total Surface Intensity (erg/s/nm/cm2)		Total Surface Diffuse Intensity (erg/s/nm/cm2)		Total Surface Direct Intensity (erg/s/nm/cm2)
1.0000000e+02		1.0100000e+02		1.0050000e+02		4.4569042e-02		2.4525374e-199		0.0000000e+00		4.2479194e-199		4.2479194e-199		0.0000000e+00
1.0100000e+02		1.0200000e+02		1.0150000e+02		1.7387199e-01		2.8780738e-197		0.0000000e+00		4.9849701e-197		4.9849701e-197		0.0000000e+00
1.0200000e+02		1.0300000e+02		1.0250000e+02		9.2286085e-01		3.0760917e-195		0.0000000e+00		5.3279471e-195		5.3279471e-195		0.0000000e+00
1.0300000e+02		1.0400000e+02		1.0350000e+02		7.0094286e-01		3.0025219e-193		0.0000000e+00		5.2005205e-193		5.2005205e-193		0.0000000e+00
1.0400000e+02		1.0500000e+02		1.0450000e+02		1.4124828e-01		2.6834655e-191		0.0000000e+00		4.6478986e-191		4.6478986e-191		0.0000000e+00
1.0500000e+02		1.0600000e+02		1.0550000e+02		4.8389941e-02		2.2015022e-189		0.0000000e+00		3.8131136e-189		3.8131136e-189		0.0000000e+00
1.0600000e+02		1.0700000e+02		1.0650000e+02		4.5487167e-02		1.6618998e-187		0.0000000e+00		2.8784949e-187		2.8784949e-187		0.0000000e+00
1.0700000e+02		1.0800000e+02		1.0750000e+02		5.0757295e-02		1.1570799e-185		0.0000000e+00		2.0041212e-185		2.0041212e-185		0.0000000e+00
1.0800000e+02		1.0900000e+02		1.0850000e+02		7.1152114e-02		7.4462176e-184		0.0000000e+00		1.2897227e-183		1.2897227e-183		0.0000000e+00
1.0900000e+02		1.1000000e+02		1.0950000e+02		5.5817450e-02		2.2004187e-106		4.0157697e-100		3.5287173e-106		3.1427882e-106		3.8592903e-107
1.1000000e+02		1.1100000e+02		1.1050000e+02		5.4043772e-02		1.7506391e-113		7.3555468e-107		2.6389944e-113		2.1018712e-113		5.3712317e-114
1.1100000e+02		1.1200000e+02		1.1150000e+02		5.0797691e-02		3.7619891e-153		2.3068006e-144		4.9467200e-153		2.8031034e-153		2.1436166e-153
1.1200000e+02		1.1300000e+02		1.1250000e+02		5.1969037e-02		3.7796041e-163		8.2083719e-154		4.8130568e-163		2.4451754e-163		2.3678814e-163
1.1300000e+02		1.1400000e+02		1.1350000e+02		4.1221387e-02		1.0482698e-126		2.1434618e-119		1.4211092e-126		8.8214743e-127		5.3896176e-127
1.1400000e+02		1.1500000e+02		1.1450000e+02		3.1562600e-02		5.5949979e-117		3.2430322e-110		7.6756372e-117		4.9228455e-117		2.7527917e-117
1.1500000e+02		1.1600000e+02		1.1550000e+02		4.3552050e-02		2.2974801e-74		7.1316527e-70		3.8419077e-74		3.6541548e-74		1.8775284e-75
1.1600000e+02		1.1700000e+02		1.1650000e+02		1.0143732e-01		1.9544756e-72		4.7976154e-68		3.2183181e-72		2.9902833e-72		2.2803475e-73
1.1700000e+02		1.1800000e+02		1.1750000e+02		3.6108525e-01		1.4882672e-68		2.3785547e-64		2.4522501e-68		2.2808081e-68		1.7144201e-69
1.1800000e+02		1.1900000e+02		1.1850000e+02		1.2283927e-01		6.1704712e-77		2.4229313e-72		9.3340706e-77		7.4851565e-77		1.8489141e-77
1.1900000e+02		1.2000000e+02		1.1950000e+02		1.7115732e-01		1.0071728e-96		4.6122626e-91		1.3595560e-96		8.3374778e-97		5.2580824e-97
1.2000000e+02		1.2100000e+02		1.2050000e+02		9.3056497e-01		2.9028937e-127		6.9791688e-120		3.5790100e-127		1.5997082e-127		1.9793018e-127
1.2100000e+02		1.2200000e+02		1.2150000e+02		3.6941242e+01		3.5713726e-153		2.8890236e-144		4.1996307e-153		1.4864747e-153		2.7131560e-153
1.2200000e+02		1.2300000e+02		1.2250000e+02		2.4773856e-01		2.7856971e-158		3.2649195e-149		3.2426499e-158		1.0811619e-158		2.1614880e-158
1.2300000e+02		1.2400000e+02		1.2350000e+02		1.3344721e-01		2.8970952e-160		8.4552527e-161		5.0179160e-160		5.0179160e-160		5.9424839e-206
1.2400000e+02		1.2500000e+02		1.2450000e+02		1.0726631e-01		6.8156737e-159		1.7123568e-159		1.1805093e-158		1.1805093e-158		9.4503061e-292
1.2500000e+02		1.2600000e+02		1.2550000e+02		1.0471361e-01		1.5204534e-157		3.5669555e-158		2.6335026e-157		2.6335026e-157		0.0000000e+00
1.2600000e+02		1.2700000e+02		1.2650000e+02		1.4644878e-01		3.2195703e-156		8.0203600e-157		5.5764593e-156		5.5764593e-156		4.2844846e-306
1.2700000e+02		1.2800000e+02		1.2750000e+02		7.6659940e-02		6.4665185e-155		1.9918552e-155		1.1200339e-154		1.1200339e-154		3.8200736e-188
1.2800000e+02		1.2900000e+02		1.2850000e+02		6.1165494e-02		1.0633608e-107		1.7028475e-101		1.2678063e-107		4.8372325e-108		7.8408303e-108
1.2900000e+02		1.3000000e+02		1.2950000e+02		8.1594975e-02		1.3930601e-75		3.7965796e-71		1.7844616e-75		9.2606588e-76		8.5839572e-76
1.3000000e+02		1.3100000e+02		1.3050000e+02		6.7007791e-01		1.1556429e-61		6.1141017e-58		1.5491344e-61		9.3101081e-62		6.1812357e-62
1.3100000e+02		1.3200000e+02		1.3150000e+02		9.0731094e-02		1.1804323e-65		9.1139166e-62		1.5390640e-65		8.4853163e-66		6.9053238e-66
1.3200000e+02		1.3300000e+02		1.3250000e+02		7.0547730e-02		4.7488362e-55		9.5815879e-52		6.4811468e-55		4.0986909e-55		2.3824559e-55
1.3300000e+02		1.3400000e+02		1.3350000e+02		9.5357088e-01		6.0417757e-47		5.1372605e-44		8.5602170e-47		5.9586960e-47		2.6015210e-47
1.3400000e+02		1.3500000e+02		1.3450000e+02		6.5246966e-02		1.4059471e-33		2.2644167e-31		2.3434306e-33		2.2181097e-33		1.2532087e-34
1.3500000e+02		1.3600000e+02		1.3550000e+02		1.3692679e-01		1.6912709e-29		1.7525174e-27		2.9057985e-29		2.8736033e-29		3.2195259e-31
1.3600000e+02		1.3700000e+02		1.3650000e+02		8.9861989e-02		8.7395021e-29		8.0406747e-27		1.4988718e-28		1.4785803e-28		2.0291451e-30
1.3700000e+02		1.3800000e+02		1.3750000e+02		9.2282630e-02		3.9370888e-29		3.7054064e-27		6.6412900e-29		6.3982086e-29		2.4308133e-30
1.3800000e+02		1.3900000e+02		1.3850000e+02		9.4180145e-02		2.3425139e-29		2.1882047e-27		3.8653453e-29		3.6030579e-29		2.6228742e-30
1.3900000e+02		1.4000000e+02		1.3950000e+02		3.1801144e-01		9.6333120e-29		8.6404079e-27		1.5610657e-28		1.4142550e-28		1.4681071e-29
1.4000000e+02		1.4100000e+02		1.4050000e+02		2.7729440e-01		4.7822722e-28		3.8590544e-26		7.7097107e-28		6.9263938e-28		7.8331689e-29
1.4100000e+02		1.4200000e+02		1.4150000e+02		1.3359910e-01		1.1119633e-28		9.0152341e-27		1.7480389e-28		1.5049710e-28		2.4306786e-29
1.4200000e+02		1.4300000e+02		1.4250000e+02		1.4479671e-01		1.9170312e-28		1.4852508e-26		2.9698082e-28		2.4908970e-28		4.7891116e-29
1.4300000e+02		1.4400000e+02		1.4350000e+02		1.6064305e-01		4.5365176e-28		3.3192062e-26		6.9460510e-28		5.7010172e-28		1.2450337e-28
1.4400000e+02		1.4500000e+02		1.4450000e+02		1.5363637e-01		9.6776732e-29		7.4525091e-27		1.4409484e-28		1.1195584e-28		3.2138999e-29
1.4500000e+02		1.4600000e+02		1.4550000e+02		1.6382583e-01		8.4548203e-29		6.4607368e-27		1.2376861e-28		9.2796478e-29		3.0972131e-29
1.4600000e+02		1.4700000e+02		1.4650000e+02		1.9977093e-01		1.0532253e-28		7.9133530e-27		1.5194460e-28		1.1030901e-28		4.1635589e-29
1.4700000e+02		1.4800000e+02		1.4750000e+02		2.4643334e-01		2.6310139e-29		2.1097663e-27		3.7067544e-29		2.5452292e-29		1.1615252e-29
1.4800000e+02		1.4900000e+02		1.4850000e+02		2.4167300e-01		3.3113106e-30		2.9091052e-28		4.5540451e-30		2.9403412e-30		1.6137038e-30
1.4900000e+02		1.5000000e+02		1.4950000e+02		2.1832777e-01		5.2989699e-30		4.4700178e-28		7.2236489e-30		4.5538393e-30		2.6698096e-30
1.5000000e+02		1.5100000e+02		1.5050000e+02		2.4023073e-01		9.5075701e-29		6.8786063e-27		1.3002996e-28		8.2702669e-29		4.7327293e-29
1.5100000e+02		1.5200000e+02		1.5150000e+02		2.5258505e-01		2.2439619e-28		1.5410264e-26		3.0474780e-28		1.9011394e-28		1.1463386e-28
1.5200000e+02		1.5300000e+02		1.5250000e+02		3.2229547e-01		1.6125670e-26		8.9304725e-25		2.2153535e-26		1.4262082e-26		7.8914529e-27
1.5300000e+02		1.5400000e+02		1.5350000e+02		3.5701286e-01		1.1240072e-23		4.4708586e-22		1.5925374e-23		1.1085545e-23		4.8398290e-24
1.5400000e+02		1.5500000e+02		1.5450000e+02		9.5486931e-01		2.2850542e-22		8.1337545e-21		3.2463706e-22		2.2744992e-22		9.7187148e-23
1.5500000e+02		1.5600000e+02		1.5550000e+02		7.8587524e-01		7.0329042e-22		2.3194669e-20		9.9694219e-22		6.9478753e-22		3.0215466e-22
1.5600000e+02		1.5700000e+02		1.5650000e+02		4.6648084e-01		3.8420579e-18		8.2397316e-17		5.8653764e-18		4.7872230e-18		1.0781534e-18
1.5700000e+02		1.5800000e+02		1.5750000e+02		4.2309893e-01		9.4829632e-17		1.7423712e-15		1.4846556e-16		1.2690396e-16		2.1561595e-17
1.5800000e+02		1.5900000e+02		1.5850000e+02		3.9008072e-01		2.3634085e-15		3.7388906e-14		3.8062909e-15		3.4138963e-15		3.9239455e-16
1.5900000e+02		1.6000000e+02		1.5950000e+02		3.8042347e-01		1.3842655e-12		1.6252958e-11		2.3572135e-12		2.3020196e-12		5.5193821e-14
1.6000000e+02		1.6100000e+02		1.6050000e+02		4.1635449e-01		6.0837407e-11		5.8131149e-10		1.0477923e-10		1.0396747e-10		8.1175926e-13
1.6100000e+02		1.6200000e+02		1.6150000e+02		4.7164413e-01		1.8050292e-09		1.4279021e-08		3.1205027e-09		3.1124438e-09		8.0589294e-12
1.6200000e+02		1.6300000e+02		1.6250000e+02		5.2241459e-01		6.8310933e-08		4.4156908e-07		1.1826195e-07		1.1818537e-07		7.6577254e-11
1.6300000e+02		1.6400000e+02		1.6350000e+02		1.1072121e+00		1.7602375e-06		9.9199976e-06		3.0482637e-06		3.0475026e-06		7.6107293e-10
1.6400000e+02		1.6500000e+02		1.6450000e+02		1.1323318e+00		1.1311269e-05		5.7898672e-05		1.9589814e-05		1.9587249e-05		2.5652231e-09
1.6500000e+02		1.6600000e+02		1.6550000e+02		1.3255566e+00		3.0756712e-05		1.5089834e-04		5.3267468e-05		5.3261020e-05		6.4477598e-09
1.6600000e+02		1.6700000e+02		1.6650000e+02		6.2522883e-01		3.1967439e-05		1.5088775e-04		5.5364640e-05		5.5358372e-05		6.2682658e-09
1.6700000e+02		1.6800000e+02		1.6750000e+02		6.6723830e-01		2.2176144e-05		1.0688633e-04		3.8403934e-05		3.8395363e-05		8.5712005e-09
1.6800000e+02		1.6900000e+02		1.6850000e+02		7.1904320e-01		1.4392821e-05		7.1156054e-05		2.4920947e-05		2.4909814e-05		1.1132749e-08
1.6900000e+02		1.7000000e+02		1.6950000e+02		9.0554889e-01		7.1567778e-06		3.7124674e-05		1.2385949e-05		1.2372352e-05		1.3597053e-08
1.7000000e+02		1.7100000e+02		1.7050000e+02		1.0161854e+00		2.0448510e-06		1.1413063e-05		3.5334985e-06		3.5221778e-06		1.1320677e-08
1.7100000e+02		1.7200000e+02		1.7150000e+02		1.0130704e+00		9.7979534e-07		5.6892080e-06		1.6892742e-06		1.6786450e-06		1.0629186e-08
1.7200000e+02		1.7300000e+02		1.7250000e+02		1.0571150e+00		2.2000880e-07		1.3848814e-06		3.7645084e-07		3.7014583e-07		6.3050103e-09
1.7300000e+02		1.7400000e+02		1.7350000e+02		1.0479596e+00		7.2636882e-08		4.8139734e-07		1.2282773e-07		1.1875283e-07		4.0749037e-09
1.7400000e+02		1.7500000e+02		1.7450000e+02		1.2530722e+00		1.5375891e-08		1.0921987e-07		2.5292789e-08		2.3463631e-08		1.8291574e-09
1.7500000e+02		1.7600000e+02		1.7550000e+02		1.4954862e+00		5.6111367e-09		4.1252122e-08		8.9632333e-09		7.9311458e-09		1.0320875e-09
1.7600000e+02		1.7700000e+02		1.7650000e+02		1.6135596e+00		1.3626795e-09		1.0431643e-08		2.0938716e-09		1.7300190e-09		3.6385255e-10
1.7700000e+02		1.7800000e+02		1.7750000e+02		1.9010195e+00		4.3441304e-10		3.4430253e-09		6.4441100e-10		4.9686051e-10		1.4755049e-10
1.7800000e+02		1.7900000e+02		1.7850000e+02		2.0776624e+00		1.0113943e-10		8.4121656e-10		1.4466226e-10		1.0297611e-10		4.1686151e-11
1.7900000e+02		1.8000000e+02		1.7950000e+02		2.0198657e+00		1.5392369e-11		1.3694741e-10		2.1229198e-11		1.3810087e-11		7.4191113e-12
1.8000000e+02		1.8100000e+02		1.8050000e+02		2.4976225e+00		6.9393802e-12		6.3992653e-11		9.3670268e-12		5.7438734e-12		3.6231534e-12
1.8100000e+02		1.8200000e+02		1.8150000e+02		3.0410490e+00		8.2880992e-13		8.4431772e-12		1.0824473e-12		6.0011257e-13		4.8233477e-13
1.8200000e+02		1.8300000e+02		1.8250000e+02		2.8073836e+00		2.3397988e-14		2.8058070e-13		2.9457811e-14		1.4337695e-14		1.5120116e-14
1.8300000e+02		1.8400000e+02		1.8350000e+02		2.9562417e+00		3.6355692e-16		5.3693077e-15		4.4276102e-16		1.8739890e-16		2.5536212e-16
1.8400000e+02		1.8500000e+02		1.8450000e+02		2.5409769e+00		6.2081819e-17		9.9254085e-16		7.4575217e-17		2.9559696e-17		4.5015521e-17
1.8500000e+02		1.8600000e+02		1.8550000e+02		2.8735562e+00		2.3856851e-16		3.5648730e-15		2.8694634e-16		1.1446316e-16		1.7248317e-16
1.8600000e+02		1.8700000e+02		1.8650000e+02		3.2604304e+00		9.6087702e-19		1.9238679e-17		1.1221270e-18		3.8152151e-19		7.4060548e-19
1.8700000e+02		1.8800000e+02		1.8750000e+02		3.6946466e+00		1.4077785e-20		3.5454061e-19		1.6139460e-20		4.8779753e-21		1.1261485e-20
1.8800000e+02		1.8900000e+02		1.8850000e+02		3.8870616e+00		1.5996773e-20		4.0009830e-19		1.8279333e-20		5.4005957e-21		1.2878738e-20
1.8900000e+02		1.9000000e+02		1.8950000e+02		4.3106081e+00		8.1413159e-21		2.1179537e-19		9.2511574e-21		2.6259132e-21		6.6252442e-21
1.9000000e+02		1.9100000e+02		1.9050000e+02		4.4384288e+00		1.0976281e-25		5.2543243e-24		1.2133507e-25		2.7380246e-26		9.3954819e-26
1.9100000e+02		1.9200000e+02		1.9150000e+02		4.8094361e+00		4.7422304e-26		2.3830201e-24		5.2210884e-26		1.1329900e-26		4.0880983e-26
1.9200000e+02		1.9300000e+02		1.9250000e+02		5.0365493e+00		5.8339553e-24		2.2536654e-22		6.4612774e-24		1.4842599e-24		4.9770175e-24
1.9300000e+02		1.9400000e+02		1.9350000e+02		3.8447944e+00		2.7820299e-26		1.4169518e-24		3.0471648e-26		6.2731592e-27		2.4198489e-26
1.9400000e+02		1.9500000e+02		1.9450000e+02		6.1679797e+00		4.9402319e-30		4.1512087e-28		5.3352173e-30		9.3454550e-31		4.4006718e-30
1.9500000e+02		1.9600000e+02		1.9550000e+02		5.9528271e+00		2.1146330e-27		1.2673451e-25		2.2963565e-27		4.2996238e-28		1.8663941e-27
1.9600000e+02		1.9700000e+02		1.9650000e+02		6.5508102e+00		6.9676872e-26		3.4575273e-24		7.5868093e-26		1.4648588e-26		6.1219505e-26
1.9700000e+02		1.9800000e+02		1.9750000e+02		6.5190955e+00		1.0795583e-31		1.1200549e-29		1.1551282e-31		1.7880030e-32		9.7632793e-32
1.9800000e+02		1.9900000e+02		1.9850000e+02		6.3883794e+00		3.0009907e-23		1.0622952e-21		3.2853000e-23		6.7268307e-24		2.6126169e-23
1.9900000e+02		2.0000000e+02		1.9950000e+02		6.7274707e+00		6.7896412e-25		2.9633309e-23		7.3725355e-25		1.3791427e-25		5.9933928e-25
2.0000000e+02		2.0100000e+02		2.0050000e+02		7.1125146e+00		5.0535831e-28		3.2875922e-26		5.4269043e-28		8.8328754e-29		4.5436168e-28
2.0100000e+02		2.0200000e+02		2.0150000e+02		7.5701275e+00		1.0531024e-20		2.7167090e-19		1.1574673e-20		2.4693008e-21		9.1053722e-21
2.0200000e+02		2.0300000e+02		2.0250000e+02		7.4828608e+00		8.8137597e-28		5.5621924e-26		9.4391414e-28		1.4796691e-28		7.9594724e-28
2.0300000e+02		2.0400000e+02		2.0350000e+02		8.0092047e+00		1.0140543e-25		4.9356776e-24		1.0901096e-25		1.7994882e-26		9.1016080e-26
2.0400000e+02		2.0500000e+02		2.0450000e+02		8.6207445e+00		9.0298576e-17		1.4268207e-15		1.0066773e-16		2.4533686e-17		7.6134046e-17
2.0500000e+02		2.0600000e+02		2.0550000e+02		8.6400754e+00		1.9044054e-26		1.0185225e-24		2.0365139e-26		3.1257191e-27		1.7239420e-26
2.0600000e+02		2.0700000e+02		2.0650000e+02		8.6510225e+00		1.8485038e-21		5.2436136e-20		2.0043177e-21		3.6865985e-22		1.6356579e-21
2.0700000e+02		2.0800000e+02		2.0750000e+02		9.3957826e+00		3.8933666e-15		5.0182630e-14		4.3558263e-15		1.0941915e-15		3.2616349e-15
2.0800000e+02		2.0900000e+02		2.0850000e+02		1.0163489e+01		7.4855990e-22		2.2454677e-20		8.0742403e-22		1.3927403e-22		6.6815000e-22
2.0900000e+02		2.1000000e+02		2.0950000e+02		1.3129215e+01		1.0647406e-11		9.1468077e-11		1.2213886e-11		3.7063328e-12		8.5075536e-12
2.1000000e+02		2.1100000e+02		2.1050000e+02		1.6183343e+01		5.2900071e-19		1.1327494e-17		5.7443817e-19		1.0750619e-19		4.6693198e-19
2.1100000e+02		2.1200000e+02		2.1150000e+02		1.8424170e+01		4.1108997e-13		4.2485685e-12		4.6159435e-13		1.1949463e-13		3.4209971e-13
2.1200000e+02		2.1300000e+02		2.1250000e+02		1.6428561e+01		3.1954955e-11		2.6041858e-10		3.6485065e-11		1.0718354e-11		2.5766711e-11
2.1300000e+02		2.1400000e+02		2.1350000e+02		1.6737981e+01		1.8622860e-13		1.9898075e-12		2.0754958e-13		5.0445973e-14		1.5710361e-13
2.1400000e+02		2.1500000e+02		2.1450000e+02		2.1432541e+01		1.7926369e-07		9.5624325e-07		2.1580212e-07		8.6450856e-08		1.2935127e-07
2.1500000e+02		2.1600000e+02		2.1550000e+02		1.8408135e+01		3.8142902e-11		3.0777370e-10		4.3195122e-11		1.1953680e-11		3.1241442e-11
2.1600000e+02		2.1700000e+02		2.1650000e+02		1.7036901e+01		6.9230706e-07		3.4109616e-06		8.4080514e-07		3.5135023e-07		4.8945491e-07
2.1700000e+02		2.1800000e+02		2.1750000e+02		1.7640866e+01		9.5106037e-08		5.1301467e-07		1.1268315e-07		4.1587896e-08		7.1095253e-08
2.1800000e+02		2.1900000e+02		2.1850000e+02		2.3730294e+01		1.9192545e-06		9.1057568e-06		2.3302078e-06		9.7232606e-07		1.3578818e-06
2.1900000e+02		2.2000000e+02		2.1950000e+02		2.5052511e+01		1.4843569e-04		5.9288071e-04		1.9201150e-04		1.0310146e-04		8.8910038e-05
2.2000000e+02		2.2100000e+02		2.2050000e+02		2.5203754e+01		3.5079636e-06		1.6138205e-05		4.2519125e-06		1.7602020e-06		2.4917105e-06
2.2100000e+02		2.2200000e+02		2.2150000e+02		2.0176768e+01		1.3570876e-03		5.0169754e-03		1.8395447e-03		1.1415056e-03		6.9803908e-04
2.2200000e+02		2.2300000e+02		2.2250000e+02		2.7154039e+01		4.7838747e-04		1.8212802e-03		6.2334408e-04		3.4297101e-04		2.8037306e-04
2.2300000e+02		2.2400000e+02		2.2350000e+02		3.5163062e+01		6.9956091e-02		2.4347965e-01		1.0441399e-01		8.1528261e-02		2.2885727e-02
2.2400000e+02		2.2500000e+02		2.2450000e+02		3.2875934e+01		7.4613296e-03		2.6504146e-02		1.0289958e-02		6.6926058e-03		3.5973518e-03
2.2500000e+02		2.2600000e+02		2.2550000e+02		2.8720078e+01		6.0800039e-02		2.0934622e-01		8.9858098e-02		6.8752107e-02		2.1105991e-02
2.2600000e+02		2.2700000e+02		2.2650000e+02		2.1037217e+01		6.2531835e-02		2.1378450e-01		9.2999070e-02		7.2086252e-02		2.0912818e-02
2.2700000e+02		2.2800000e+02		2.2750000e+02		2.0463841e+01		1.3418025e-01		4.5511368e-01		2.0419655e-01		1.6566033e-01		3.8536214e-02
2.2800000e+02		2.2900000e+02		2.2850000e+02		2.8509984e+01		1.8218846e+00		6.1480037e+00		2.9739459e+00		2.7258063e+00		2.4813959e-01
2.2900000e+02		2.3000000e+02		2.2950000e+02		2.5620938e+01		5.5501446e+00		1.8716470e+01		9.3031281e+00		8.8796544e+00		4.2347368e-01
2.3000000e+02		2.3100000e+02		2.3050000e+02		2.9055844e+01		4.3576627e+00		1.4655042e+01		7.2285428e+00		6.7925754e+00		4.3596739e-01
2.3100000e+02		2.3200000e+02		2.3150000e+02		2.7387429e+01		7.5482976e+00		2.5383836e+01		1.2662122e+01		1.2099438e+01		5.6268360e-01
2.3200000e+02		2.3300000e+02		2.3250000e+02		2.9413108e+01		1.1687070e+01		3.9292946e+01		1.9707470e+01		1.8976470e+01		7.3099999e-01
2.3300000e+02		2.3400000e+02		2.3350000e+02		2.6543685e+01		1.6552706e+01		5.5677853e+01		2.8082997e+01		2.7280963e+01		8.0203444e-01
2.3400000e+02		2.3500000e+02		2.3450000e+02		2.3194371e+01		1.5269391e+01		5.1316964e+01		2.5894004e+01		2.5138105e+01		7.5589907e-01
2.3500000e+02		2.3600000e+02		2.3550000e+02		3.1223226e+01		1.8301952e+01		6.1405082e+01		3.0933755e+01		2.9887166e+01		1.0465886e+00
2.3600000e+02		2.3700000e+02		2.3650000e+02		2.8911473e+01		1.8480559e+01		6.1962053e+01		3.1238983e+01		3.0186754e+01		1.0522289e+00
2.3700000e+02		2.3800000e+02		2.3750000e+02		3.0878004e+01		1.9844219e+01		6.6459760e+01		3.3499047e+01		3.2307671e+01		1.1913763e+00
2.3800000e+02		2.3900000e+02		2.3850000e+02		2.5598090e+01		1.5804427e+01		5.2852871e+01		2.6618480e+01		2.5586323e+01		1.0321567e+00
2.3900000e+02		2.4000000e+02		2.3950000e+02		2.7890834e+01		1.6312156e+01		5.4460239e+01		2.7398462e+01		2.6230480e+01		1.1679819e+00
2.4000000e+02		2.4100000e+02		2.4050000e+02		2.5623038e+01		1.4638311e+01		4.8798840e+01		2.4532528e+01		2.3409968e+01		1.1225594e+00
2.4100000e+02		2.4200000e+02		2.4150000e+02		3.0005079e+01		1.7200087e+01		5.7264855e+01		2.8777701e+01		2.7392931e+01		1.3847704e+00
2.4200000e+02		2.4300000e+02		2.4250000e+02		4.1301739e+01		2.3671634e+01		7.8704837e+01		3.9534017e+01		3.7530800e+01		2.0032165e+00
2.4300000e+02		2.4400000e+02		2.4350000e+02		3.8791639e+01		2.0444891e+01		6.7818333e+01		3.4005448e+01		3.2084623e+01		1.9208251e+00
2.4400000e+02		2.4500000e+02		2.4450000e+02		3.6329084e+01		1.4380348e+01		4.7455840e+01		2.3666022e+01		2.1970140e+01		1.6958819e+00
2.4500000e+02		2.4600000e+02		2.4550000e+02		2.9476122e+01		8.3373379e+00		2.7331075e+01		1.3529917e+01		1.2285775e+01		1.2441424e+00
2.4600000e+02		2.4700000e+02		2.4650000e+02		2.8685918e+01		9.0352180e+00		2.9609675e+01		1.4679290e+01		1.3354019e+01		1.3252718e+00
2.4700000e+02		2.4800000e+02		2.4750000e+02		3.1678139e+01		9.5113783e+00		3.1084961e+01		1.5382564e+01		1.3891374e+01		1.4911901e+00
2.4800000e+02		2.4900000e+02		2.4850000e+02		2.5406301e+01		7.1517423e+00		2.3300176e+01		1.1504017e+01		1.0297593e+01		1.2064241e+00
2.4900000e+02		2.5000000e+02		2.4950000e+02		3.0967514e+01		7.7564571e+00		2.5163673e+01		1.2379532e+01		1.0938314e+01		1.4412186e+00
2.5000000e+02		2.5100000e+02		2.5050000e+02		3.3448743e+01		5.8496261e+00		1.8804548e+01		9.1598836e+00		7.8321533e+00		1.3277303e+00
2.5100000e+02		2.5200000e+02		2.5150000e+02		2.7888154e+01		3.8704392e+00		1.2354564e+01		5.9741757e+00		4.9774939e+00		9.9668174e-01
2.5200000e+02		2.5300000e+02		2.5250000e+02		2.5069906e+01		3.9290174e+00		1.2539974e+01		6.0768434e+00		5.0818110e+00		9.9503248e-01
2.5300000e+02		2.5400000e+02		2.5350000e+02		3.1592540e+01		4.0570347e+00		1.2861712e+01		6.1910824e+00		5.0492110e+00		1.1418714e+00
2.5400000e+02		2.5500000e+02		2.5450000e+02		3.5730773e+01		3.3534593e+00		1.0534041e+01		5.0184524e+00		3.9394161e+00		1.0790363e+00
2.5500000e+02		2.5600000e+02		2.5550000e+02		4.8755658e+01		3.2332693e+00		1.0058496e+01		4.7355214e+00		3.5543664e+00		1.1811549e+00
2.5600000e+02		2.5700000e+02		2.5650000e+02		6.2803876e+01		6.2143253e+00		1.9433179e+01		9.2484526e+00		7.1788222e+00		2.0696304e+00
2.5700000e+02		2.5800000e+02		2.5750000e+02		7.8843355e+01		4.6140486e+00		1.4235864e+01		6.6584418e+00		4.8370863e+00		1.8213555e+00
2.5800000e+02		2.5900000e+02		2.5850000e+02		8.2991293e+01		5.2318181e+00		1.6117764e+01		7.5460000e+00		5.4754132e+00		2.0705868e+00
2.5900000e+02		2.6000000e+02		2.5950000e+02		7.0629481e+01		3.1827329e+00		9.7156773e+00		4.4948840e+00		3.1045828e+00		1.3903012e+00
2.6000000e+02		2.6100000e+02		2.6050000e+02		5.7868388e+01		2.2196424e+00		6.7373483e+00		3.0968823e+00		2.0755720e+00		1.0213103e+00
2.6100000e+02		2.6200000e+02		2.6150000e+02		5.9092703e+01		1.6457479e+00		4.9566010e+00		2.2519882e+00		1.4343800e+00		8.1760820e-01
2.6200000e+02		2.6300000e+02		2.6250000e+02		7.0528613e+01		1.9997430e+00		6.0067244e+00		2.7272084e+00		1.7212015e+00		1.0060069e+00
2.6300000e+02		2.6400000e+02		2.6350000e+02		1.0614195e+02		3.3516113e+00		1.0054304e+01		4.5749022e+00		2.8943374e+00		1.6805648e+00
2.6400000e+02		2.6500000e+02		2.6450000e+02		1.6548208e+02		3.0474640e+00		9.0540629e+00		4.0433497e+00		2.3562907e+00		1.6870590e+00
2.6500000e+02		2.6600000e+02		2.6550000e+02		1.7356948e+02		2.8013765e+00		8.2893996e+00		3.6815212e+00		2.0824447e+00		1.5990765e+00
2.6600000e+02		2.6700000e+02		2.6650000e+02		1.6826276e+02		2.1254665e+00		6.2605155e+00		2.7548883e+00		1.4892279e+00		1.2656603e+00
2.6700000e+02		2.6800000e+02		2.6750000e+02		1.6940220e+02		1.8969956e+00		5.5688565e+00		2.4380807e+00		1.2802211e+00		1.1578596e+00
2.6800000e+02		2.6900000e+02		2.6850000e+02		1.6778062e+02		1.4201363e+00		4.1539237e+00		1.7997644e+00		8.9820981e-01		9.0155458e-01
2.6900000e+02		2.7000000e+02		2.6950000e+02		1.5737310e+02		1.4557752e+00		4.2484117e+00		1.8443338e+00		9.1933949e-01		9.2499432e-01
2.7000000e+02		2.7100000e+02		2.7050000e+02		1.8181465e+02		1.0433020e+00		3.0364535e+00		1.2958131e+00		5.9744767e-01		6.9836548e-01
2.7100000e+02		2.7200000e+02		2.7150000e+02		1.5108640e+02		6.6731013e-01		1.9392626e+00		8.1938614e-01		3.5981572e-01		4.5957042e-01
2.7200000e+02		2.7300000e+02		2.7250000e+02		1.2154404e+02		3.7832480e-01		1.0994290e+00		4.5844285e-01		1.8956134e-01		2.6888151e-01
2.7300000e+02		2.7400000e+02		2.7350000e+02		1.2960124e+02		2.2685596e-01		6.6197754e-01		2.7006682e-01		1.0223798e-01		1.6782884e-01
2.7400000e+02		2.7500000e+02		2.7450000e+02		8.9183780e+01		3.3583878e-01		9.7038592e-01		4.0672263e-01		1.6771301e-01		2.3900962e-01
2.7500000e+02		2.7600000e+02		2.7550000e+02		1.1893609e+02		2.1453724e-01		6.2328271e-01		2.5421396e-01		9.3876148e-02		1.6033782e-01
2.7600000e+02		2.7700000e+02		2.7650000e+02		1.6564211e+02		3.6114900e-01		1.0446254e+00		4.2874948e-01		1.5994446e-01		2.6880503e-01
2.7700000e+02		2.7800000e+02		2.7750000e+02		1.5837296e+02		2.2298741e-01		6.4776230e-01		2.6141199e-01		9.0913546e-02		1.7049845e-01
2.7800000e+02		2.7900000e+02		2.7850000e+02		1.0921797e+02		1.6309716e-01		4.7248019e-01		1.9097626e-01		6.5962678e-02		1.2501359e-01
2.7900000e+02		2.8000000e+02		2.7950000e+02		6.1368404e+01		6.1394340e-02		1.7879528e-01		7.1131073e-02		2.3037358e-02		4.8093715e-02
2.8000000e+02		2.8100000e+02		2.8050000e+02		6.7313201e+01		6.7302546e-02		1.9567400e-01		7.7799433e-02		2.4835900e-02		5.2963533e-02
2.8100000e+02		2.8200000e+02		2.8150000e+02		1.3943196e+02		5.8171015e-02		1.7226248e-01		6.6094455e-02		1.8747060e-02		4.7347395e-02
2.8200000e+02		2.8300000e+02		2.8250000e+02		1.8983287e+02		3.1290491e-01		8.9876682e-01		3.6370937e-01		1.2020465e-01		2.4350472e-01
2.8300000e+02		2.8400000e+02		2.8350000e+02		1.9610227e+02		1.1903714e-01		3.4819065e-01		1.3552544e-01		3.9011734e-02		9.6513702e-02
2.8400000e+02		2.8500000e+02		2.8450000e+02		1.4459284e+02		1.1910061e-01		3.4545603e-01		1.3602565e-01		4.0045071e-02		9.5980578e-02
2.8500000e+02		2.8600000e+02		2.8550000e+02		9.2944992e+01		4.3624606e-02		1.2805208e-01		4.9276597e-02		1.3372754e-02		3.5903843e-02
2.8600000e+02		2.8700000e+02		2.8650000e+02		1.9045522e+02		1.4825883e-01		4.2930106e-01		1.6849598e-01		4.7881602e-02		1.2061438e-01
2.8700000e+02		2.8800000e+02		2.8750000e+02		2.2108403e+02		1.2960818e-01		3.7727293e-01		1.4635529e-01		3.9624088e-02		1.0673120e-01
2.8800000e+02		2.8900000e+02		2.8850000e+02		2.1010240e+02		1.5101288e-01		4.3684518e-01		1.7075599e-01		4.6712698e-02		1.2404330e-01
2.8900000e+02		2.9000000e+02		2.8950000e+02		3.1885068e+02		4.3075660e-01		1.2280516e+00		4.9140096e-01		1.4348610e-01		3.4791486e-01
2.9000000e+02		2.9100000e+02		2.9050000e+02		4.1860542e+02		2.5704598e-01		7.4440132e-01		2.8890805e-01		7.5386465e-02		2.1352158e-01
2.9100000e+02		2.9200000e+02		2.9150000e+02		4.0318642e+02		9.3784281e-01		2.6425509e+00		1.0768107e+00		3.2880154e-01		7.4800916e-01
2.9200000e+02		2.9300000e+02		2.9250000e+02		3.5818014e+02		1.9902705e-01		5.7637490e-01		2.2261327e-01		5.5805605e-02		1.6680767e-01
2.9300000e+02		2.9400000e+02		2.9350000e+02		3.7393440e+02		8.3142631e-01		2.3375462e+00		9.4999137e-01		2.8052795e-01		6.6946342e-01
2.9400000e+02		2.9500000e+02		2.9450000e+02		3.4819581e+02		4.5705510e-01		1.2948860e+00		5.1629138e-01		1.4015453e-01		3.7613685e-01
2.9500000e+02		2.9600000e+02		2.9550000e+02		3.7701055e+02		2.2309058e+00		6.1915678e+00		2.5936757e+00		8.5832274e-01		1.7353530e+00
2.9600000e+02		2.9700000e+02		2.9650000e+02		3.4493460e+02		4.1657805e-01		1.1791782e+00		4.6828895e-01		1.2234931e-01		3.4593964e-01
2.9700000e+02		2.9800000e+02		2.9750000e+02		3.5165811e+02		2.0134526e+00		5.5729208e+00		2.3292030e+00		7.4707358e-01		1.5821294e+00
2.9800000e+02		2.9900000e+02		2.9850000e+02		3.0223333e+02		4.0693134e-01		1.1465709e+00		4.5670977e-01		1.1777704e-01		3.3893273e-01
2.9900000e+02		3.0000000e+02		2.9950000e+02		3.4101318e+02		3.2306131e+00		8.8994425e+00		3.7689490e+00		1.2737163e+00		2.4952327e+00
3.0000000e+02		3.0100000e+02		3.0050000e+02		2.7131061e+02		7.9457392e-01		2.2048175e+00		9.0092670e-01		2.5163337e-01		6.4929333e-01
3.0100000e+02		3.0200000e+02		3.0150000e+02		3.1202593e+02		1.2891693e+01		3.5778644e+01		1.5705756e+01		6.6581447e+00		9.0476111e+00
3.0200000e+02		3.0300000e+02		3.0250000e+02		3.2846528e+02		1.5955032e+00		4.3917491e+00		1.8210457e+00		5.3363930e-01		1.2874064e+00
3.0300000e+02		3.0400000e+02		3.0350000e+02		4.2601061e+02		3.2342311e+01		9.0554649e+01		4.0241842e+01		1.8690491e+01		2.1551351e+01
3.0400000e+02		3.0500000e+02		3.0450000e+02		4.0776836e+02		3.6319874e+00		9.9376924e+00		4.1875775e+00		1.3145401e+00		2.8730374e+00
3.0500000e+02		3.0600000e+02		3.0550000e+02		4.1174793e+02		5.0179026e+01		1.4183906e+02		6.3601458e+01		3.1757816e+01		3.1843642e+01
3.0600000e+02		3.0700000e+02		3.0650000e+02		3.9053943e+02		5.3694450e+00		1.4651266e+01		6.2361817e+00		2.0507211e+00		4.1854607e+00
3.0700000e+02		3.0800000e+02		3.0750000e+02		4.3847484e+02		5.1677519e+01		1.4547828e+02		6.5028430e+01		3.1588594e+01		3.3439836e+01
3.0800000e+02		3.0900000e+02		3.0850000e+02		4.3035211e+02		1.6761046e+01		4.5994649e+01		2.0032942e+01		7.7413876e+00		1.2291554e+01
3.0900000e+02		3.1000000e+02		3.0950000e+02		3.4901328e+02		4.6961414e+01		1.3233529e+02		5.9201944e+01		2.8961403e+01		3.0240540e+01
3.1000000e+02		3.1100000e+02		3.1050000e+02		4.3927411e+02		3.7991407e+01		1.0558573e+02		4.6709956e+01		2.0628308e+01		2.6081648e+01
3.1100000e+02		3.1200000e+02		3.1150000e+02		5.2246540e+02		9.1585398e+01		2.5959625e+02		1.1660397e+02		5.9194570e+01		5.7409398e+01
3.1200000e+02		3.1300000e+02		3.1250000e+02		4.6521908e+02		1.0068006e+02		2.8718573e+02		1.2953390e+02		6.8268933e+01		6.1264970e+01
3.1300000e+02		3.1400000e+02		3.1350000e+02		4.9544367e+02		9.2963215e+01		2.6338147e+02		1.1821839e+02		5.9754377e+01		5.8464010e+01
3.1400000e+02		3.1500000e+02		3.1450000e+02		4.6729179e+02		1.6686625e+02		4.8489854e+02		2.2132238e+02		1.2884458e+02		9.2477802e+01
3.1500000e+02		3.1600000e+02		3.1550000e+02		4.5343123e+02		1.2600401e+02		3.6154878e+02		1.6357112e+02		8.8884743e+01		7.4686377e+01
3.1600000e+02		3.1700000e+02		3.1650000e+02		4.4229406e+02		1.8309596e+02		5.3439209e+02		2.4444855e+02		1.4516178e+02		9.9286771e+01
3.1700000e+02		3.1800000e+02		3.1750000e+02		5.6102832e+02		2.2730458e+02		6.6181852e+02		3.0212098e+02		1.7701751e+02		1.2510347e+02
3.1800000e+02		3.1900000e+02		3.1850000e+02		4.6340678e+02		2.2988200e+02		6.7537197e+02		3.1008417e+02		1.8976038e+02		1.2032379e+02
3.1900000e+02		3.2000000e+02		3.1950000e+02		4.9774832e+02		2.8518569e+02		8.4327525e+02		3.8876905e+02		2.4508087e+02		1.4368818e+02
3.2000000e+02		3.2100000e+02		3.2050000e+02		5.7184857e+02		3.8289328e+02		1.1406679e+03		5.2848243e+02		3.4446763e+02		1.8401480e+02
3.2100000e+02		3.2200000e+02		3.2150000e+02		4.8024660e+02		3.5346283e+02		1.0574483e+03		4.9124921e+02		3.2600606e+02		1.6524315e+02
3.2200000e+02		3.2300000e+02		3.2250000e+02		4.8228681e+02		3.7861816e+02		1.1356361e+03		5.2837854e+02		3.5433685e+02		1.7404168e+02
3.2300000e+02		3.2400000e+02		3.2350000e+02		4.6607071e+02		4.4108828e+02		1.3362430e+03		6.2619746e+02		4.3797303e+02		1.8822443e+02
3.2400000e+02		3.2500000e+02		3.2450000e+02		5.4882129e+02		5.1691857e+02		1.5638026e+03		7.3178510e+02		5.0837967e+02		2.2340543e+02
3.2500000e+02		3.2600000e+02		3.2550000e+02		6.3196128e+02		6.2657210e+02		1.8993493e+03		8.8986383e+02		6.2295492e+02		2.6690891e+02
3.2600000e+02		3.2700000e+02		3.2650000e+02		7.1301257e+02		7.5043943e+02		2.2806747e+03		1.0702776e+03		7.5674518e+02		3.1353240e+02
3.2700000e+02		3.2800000e+02		3.2750000e+02		6.8984049e+02		7.2966818e+02		2.2159286e+03		1.0389174e+03		7.3169139e+02		3.0722596e+02
3.2800000e+02		3.2900000e+02		3.2850000e+02		6.6596082e+02		7.2730313e+02		2.2108177e+03		1.0369138e+03		7.3254680e+02		3.0436703e+02
3.2900000e+02		3.3000000e+02		3.2950000e+02		7.7527139e+02		8.5367321e+02		2.5936529e+03		1.2155453e+03		8.5619846e+02		3.5934680e+02
3.3000000e+02		3.3100000e+02		3.3050000e+02		7.3029799e+02		8.1424523e+02		2.4733064e+03		1.1585134e+03		8.1454735e+02		3.4396609e+02
3.3100000e+02		3.3200000e+02		3.3150000e+02		6.9881652e+02		7.8911527e+02		2.3965066e+03		1.1219549e+03		7.8750696e+02		3.3444791e+02
3.3200000e+02		3.3300000e+02		3.3250000e+02		6.8562051e+02		7.7232711e+02		2.3428724e+03		1.0954492e+03		7.6451509e+02		3.3093411e+02
3.3300000e+02		3.3400000e+02		3.3350000e+02		6.5878216e+02		7.4723210e+02		2.2655298e+03		1.0584378e+03		7.3632047e+02		3.2211728e+02
3.3400000e+02		3.3500000e+02		3.3450000e+02		6.9405546e+02		7.8729940e+02		2.3847218e+03		1.1128496e+03		7.7026005e+02		3.4258955e+02
3.3500000e+02		3.3600000e+02		3.3550000e+02		6.8541663e+02		7.7783145e+02		2.3538524e+03		1.0972094e+03		7.5565628e+02		3.4155309e+02
3.3600000e+02		3.3700000e+02		3.3650000e+02		5.6469084e+02		6.4015479e+02		1.9352461e+03		9.0100140e+02		6.1716971e+02		2.8383169e+02
3.3700000e+02		3.3800000e+02		3.3750000e+02		5.9573781e+02		6.7490100e+02		2.0382704e+03		9.4784871e+02		6.4580123e+02		3.0204748e+02
3.3800000e+02		3.3900000e+02		3.3850000e+02		6.4448401e+02		7.3069892e+02		2.2048245e+03		1.0241714e+03		6.9436331e+02		3.2980808e+02
3.3900000e+02		3.4000000e+02		3.3950000e+02		6.7448220e+02		7.6873655e+02		2.3182275e+03		1.0759178e+03		7.2679875e+02		3.4911909e+02
3.4000000e+02		3.4100000e+02		3.4050000e+02		7.1196374e+02		8.1125196e+02		2.4441333e+03		1.1330469e+03		7.6137493e+02		3.7167194e+02
3.4100000e+02		3.4200000e+02		3.4150000e+02		6.4984945e+02		7.4039956e+02		2.2286027e+03		1.0319525e+03		6.8982169e+02		3.4213082e+02
3.4200000e+02		3.4300000e+02		3.4250000e+02		7.0477558e+02		8.0221496e+02		2.4123083e+03		1.1156936e+03		7.4169845e+02		3.7399517e+02
3.4300000e+02		3.4400000e+02		3.4350000e+02		6.9264465e+02		7.8789344e+02		2.3669882e+03		1.0934551e+03		7.2296671e+02		3.7048841e+02
3.4400000e+02		3.4500000e+02		3.4450000e+02		5.5710877e+02		6.3290342e+02		1.8994882e+03		8.7643551e+02		5.7620312e+02		3.0023239e+02
3.4500000e+02		3.4600000e+02		3.4550000e+02		6.7138909e+02		7.6229517e+02		2.2856829e+03		1.0534051e+03		6.8877341e+02		3.6463166e+02
3.4600000e+02		3.4700000e+02		3.4650000e+02		6.5194093e+02		7.3961585e+02		2.2155842e+03		1.0199033e+03		6.6316726e+02		3.5673606e+02
3.4700000e+02		3.4800000e+02		3.4750000e+02		6.4525828e+02		7.3088752e+02		2.1872677e+03		1.0056498e+03		6.5009446e+02		3.5555531e+02
3.4800000e+02		3.4900000e+02		3.4850000e+02		6.6761091e+02		7.5589490e+02		2.2600519e+03		1.0379244e+03		6.6728906e+02		3.7063538e+02
3.4900000e+02		3.5000000e+02		3.4950000e+02		6.3989005e+02		7.2372101e+02		2.1618042e+03		9.9163303e+02		6.3388664e+02		3.5774639e+02
3.5000000e+02		3.5100000e+02		3.5050000e+02		7.6650484e+02		8.6607710e+02		2.5846130e+03		1.1841892e+03		7.5266126e+02		4.3152792e+02
3.5100000e+02		3.5200000e+02		3.5150000e+02		7.1211510e+02		8.0415241e+02		2.3976469e+03		1.0972669e+03		6.9351621e+02		4.0375064e+02
3.5200000e+02		3.5300000e+02		3.5250000e+02		6.5785102e+02		7.4229046e+02		2.2111226e+03		1.0106986e+03		6.3506047e+02		3.7563812e+02
3.5300000e+02		3.5400000e+02		3.5350000e+02		7.5263834e+02		8.4793232e+02		2.5234592e+03		1.1521294e+03		7.1973799e+02		4.3239139e+02
3.5400000e+02		3.5500000e+02		3.5450000e+02		8.0329241e+02		9.0419466e+02		2.6884565e+03		1.2260421e+03		7.6149912e+02		4.6454294e+02
3.5500000e+02		3.5600000e+02		3.5550000e+02		7.5433512e+02		8.4886068e+02		2.5217339e+03		1.1487047e+03		7.0943866e+02		4.3926607e+02
3.5600000e+02		3.5700000e+02		3.5650000e+02		6.5576441e+02		7.3726600e+02		2.1882251e+03		9.9561987e+02		6.1127184e+02		3.8434804e+02
3.5700000e+02		3.5800000e+02		3.5750000e+02		5.7307986e+02		6.4374033e+02		1.9089694e+03		8.6758293e+02		5.2961728e+02		3.3796565e+02
3.5800000e+02		3.5900000e+02		3.5850000e+02		4.9194729e+02		5.5162248e+02		1.6342659e+03		7.4185733e+02		4.5010049e+02		2.9175684e+02
3.5900000e+02		3.6000000e+02		3.5950000e+02		7.1030971e+02		7.9553244e+02		2.3547660e+03		1.0676822e+03		6.4391331e+02		4.2376891e+02
3.6000000e+02		3.6100000e+02		3.6050000e+02		7.0092701e+02		7.8440073e+02		2.3198033e+03		1.0506378e+03		6.2992371e+02		4.2071411e+02
3.6100000e+02		3.6200000e+02		3.6150000e+02		6.5110481e+02		7.2876396e+02		2.1535511e+03		9.7429389e+02		5.8093006e+02		3.9336383e+02
3.6200000e+02		3.6300000e+02		3.6250000e+02		7.3500056e+02		8.2160985e+02		2.4257558e+03		1.0961758e+03		6.4962993e+02		4.4654584e+02
3.6300000e+02		3.6400000e+02		3.6350000e+02		7.1558904e+02		7.9839054e+02		2.3550128e+03		1.0629448e+03		6.2594202e+02		4.3700275e+02
3.6400000e+02		3.6500000e+02		3.6450000e+02		7.4837927e+02		8.3441000e+02		2.4592007e+03		1.1087354e+03		6.4906086e+02		4.5967454e+02
3.6500000e+02		3.6600000e+02		3.6550000e+02		8.5179486e+02		9.4971636e+02		2.7968453e+03		1.2596143e+03		7.3322640e+02		5.2638790e+02
3.6600000e+02		3.6700000e+02		3.6650000e+02		9.1042532e+02		1.0142147e+03		2.9842846e+03		1.3425317e+03		7.7680621e+02		5.6572547e+02
3.6700000e+02		3.6800000e+02		3.6750000e+02		8.7909512e+02		9.7895331e+02		2.8781934e+03		1.2933780e+03		7.4393683e+02		5.4944118e+02
3.6800000e+02		3.6900000e+02		3.6850000e+02		8.1047729e+02		9.0179218e+02		2.6491706e+03		1.1891594e+03		6.7991810e+02		5.0924128e+02
3.6900000e+02		3.7000000e+02		3.6950000e+02		8.9967825e+02		9.9912497e+02		2.9324801e+03		1.3148046e+03		7.4690611e+02		5.6789853e+02
3.7000000e+02		3.7100000e+02		3.7050000e+02		8.4427990e+02		9.3523596e+02		2.7423923e+03		1.2281047e+03		6.9293478e+02		5.3516988e+02
3.7100000e+02		3.7200000e+02		3.7150000e+02		8.7164560e+02		9.6701793e+02		2.8337727e+03		1.2678113e+03		7.1168486e+02		5.5612649e+02
3.7200000e+02		3.7300000e+02		3.7250000e+02		7.2411383e+02		8.0303574e+02		2.3514060e+03		1.0508745e+03		5.8639283e+02		4.6448168e+02
3.7300000e+02		3.7400000e+02		3.7350000e+02		6.3155746e+02		6.9978423e+02		2.0474430e+03		9.1404152e+02		5.0693819e+02		4.0710333e+02
3.7400000e+02		3.7500000e+02		3.7450000e+02		6.4642322e+02		7.1525255e+02		2.0909555e+03		9.3242549e+02		5.1383670e+02		4.1858879e+02
3.7500000e+02		3.7600000e+02		3.7550000e+02		7.4036161e+02		8.1729963e+02		2.3871402e+03		1.0632642e+03		5.8195838e+02		4.8130580e+02
3.7600000e+02		3.7700000e+02		3.7650000e+02		7.6758018e+02		8.4797282e+02		2.4750750e+03		1.1013490e+03		5.9949441e+02		5.0185457e+02
3.7700000e+02		3.7800000e+02		3.7750000e+02		9.0048278e+02		9.9449314e+02		2.9005981e+03		1.2893562e+03		6.9765343e+02		5.9170274e+02
3.7800000e+02		3.7900000e+02		3.7850000e+02		9.3786543e+02		1.0345368e+03		3.0149843e+03		1.3387463e+03		7.1976735e+02		6.1897893e+02
3.7900000e+02		3.8000000e+02		3.7950000e+02		7.6051322e+02		8.3870776e+02		2.4424982e+03		1.0834262e+03		5.7901012e+02		5.0441612e+02
3.8000000e+02		3.8100000e+02		3.8050000e+02		8.2814537e+02		9.1255924e+02		2.6554861e+03		1.1766164e+03		6.2476600e+02		5.5185042e+02
3.8100000e+02		3.8200000e+02		3.8150000e+02		7.4366886e+02		8.1884022e+02		2.3809803e+03		1.0538796e+03		5.5610924e+02		4.9777040e+02
3.8200000e+02		3.8300000e+02		3.8250000e+02		5.3336093e+02		5.8680513e+02		1.7050564e+03		7.5394327e+02		3.9545309e+02		3.5849018e+02
3.8300000e+02		3.8400000e+02		3.8350000e+02		4.7073026e+02		5.1678371e+02		1.5003342e+03		6.6267623e+02		3.4518542e+02		3.1749081e+02
3.8400000e+02		3.8500000e+02		3.8450000e+02		6.2969557e+02		6.9132499e+02		2.0057081e+03		8.8501815e+02		4.5828293e+02		4.2673522e+02
3.8500000e+02		3.8600000e+02		3.8550000e+02		6.6694888e+02		7.3215109e+02		2.1226630e+03		9.3566721e+02		4.8152431e+02		4.5414290e+02
3.8600000e+02		3.8700000e+02		3.8650000e+02		6.6977732e+02		7.3469517e+02		2.1284591e+03		9.3723684e+02		4.7921874e+02		4.5801810e+02
3.8700000e+02		3.8800000e+02		3.8750000e+02		6.6902499e+02		7.3333200e+02		2.1229966e+03		9.3388583e+02		4.7451546e+02		4.5937037e+02
3.8800000e+02		3.8900000e+02		3.8850000e+02		6.7841027e+02		7.4293011e+02		2.1492967e+03		9.4453496e+02		4.7700220e+02		4.6753276e+02
3.8900000e+02		3.9000000e+02		3.8950000e+02		8.1451188e+02		8.9062385e+02		2.5746060e+03		1.1302501e+03		5.6696170e+02		5.6328836e+02
3.9000000e+02		3.9100000e+02		3.9050000e+02		8.5560997e+02		9.3582799e+02		2.7035864e+03		1.1857515e+03		5.9132543e+02		5.9442609e+02
3.9100000e+02		3.9200000e+02		3.9150000e+02		9.2006232e+02		1.0055717e+03		2.9029252e+03		1.2718254e+03		6.2996281e+02		6.4186255e+02
3.9200000e+02		3.9300000e+02		3.9250000e+02		7.0614281e+02		7.7121513e+02		2.2248195e+03		9.7375458e+02		4.7921348e+02		4.9454110e+02
3.9300000e+02		3.9400000e+02		3.9350000e+02		4.3291589e+02		4.7247487e+02		1.3620699e+03		5.9555677e+02		2.9121490e+02		3.0434187e+02
3.9400000e+02		3.9500000e+02		3.9450000e+02		7.1565803e+02		7.8050679e+02		2.2485496e+03		9.8219921e+02		4.7720938e+02		5.0498982e+02
3.9500000e+02		3.9600000e+02		3.9550000e+02		8.7888136e+02		9.5785767e+02		2.7576268e+03		1.2034001e+03		5.8095970e+02		6.2244043e+02
3.9600000e+02		3.9700000e+02		3.9650000e+02		6.0712893e+02		6.6123451e+02		1.9024049e+03		8.2939230e+02		3.9786560e+02		4.3152670e+02
3.9700000e+02		3.9800000e+02		3.9750000e+02		6.8053003e+02		7.4067425e+02		2.1295562e+03		9.2753397e+02		4.4211486e+02		4.8541911e+02
3.9800000e+02		3.9900000e+02		3.9850000e+02		1.0480559e+03		1.1398973e+03		3.2752027e+03		1.4251346e+03		6.7487866e+02		7.5025594e+02
3.9900000e+02		4.0000000e+02		3.9950000e+02		1.1577145e+03		1.2583157e+03		3.6130840e+03		1.5706507e+03		7.3899259e+02		8.3165816e+02
4.0000000e+02		4.0100000e+02		4.0050000e+02		1.1939713e+03		1.2968549e+03		3.7213306e+03		1.6161671e+03		7.5550075e+02		8.6066634e+02
4.0100000e+02		4.0200000e+02		4.0150000e+02		1.2509583e+03		1.3578503e+03		3.8938514e+03		1.6894916e+03		7.8467171e+02		9.0481989e+02
4.0200000e+02		4.0300000e+02		4.0250000e+02		1.2664199e+03		1.3737274e+03		3.9368678e+03		1.7065475e+03		7.8746077e+02		9.1908674e+02
4.0300000e+02		4.0400000e+02		4.0350000e+02		1.2115903e+03		1.3133919e+03		3.7615711e+03		1.6290317e+03		7.4681176e+02		8.8221991e+02
4.0400000e+02		4.0500000e+02		4.0450000e+02		1.1914959e+03		1.2907723e+03		3.6944693e+03		1.5984837e+03		7.2805292e+02		8.7043079e+02
4.0500000e+02		4.0600000e+02		4.0550000e+02		1.1904731e+03		1.2888353e+03		3.6866290e+03		1.5936161e+03		7.2111916e+02		8.7249696e+02
4.0600000e+02		4.0700000e+02		4.0650000e+02		1.1388815e+03		1.2321969e+03		3.5224485e+03		1.5212496e+03		6.8390602e+02		8.3734357e+02
4.0700000e+02		4.0800000e+02		4.0750000e+02		1.1575323e+03		1.2515836e+03		3.5756775e+03		1.5428259e+03		6.8908666e+02		8.5373925e+02
4.0800000e+02		4.0900000e+02		4.0850000e+02		1.2307397e+03		1.3299055e+03		3.7971329e+03		1.6368922e+03		7.2633834e+02		9.1055391e+02
4.0900000e+02		4.1000000e+02		4.0950000e+02		1.2243097e+03		1.3221359e+03		3.7726795e+03		1.6248845e+03		7.1631104e+02		9.0857349e+02
4.1000000e+02		4.1100000e+02		4.1050000e+02		1.1216634e+03		1.2105416e+03		3.4521885e+03		1.4855173e+03		6.5059939e+02		8.3491791e+02
4.1100000e+02		4.1200000e+02		4.1150000e+02		1.3003372e+03		1.4025158e+03		3.9972897e+03		1.7185486e+03		7.4774160e+02		9.7080700e+02
4.1200000e+02		4.1300000e+02		4.1250000e+02		1.2760342e+03		1.3754692e+03		3.9179052e+03		1.6829277e+03		7.2745460e+02		9.5547310e+02
4.1300000e+02		4.1400000e+02		4.1350000e+02		1.2308584e+03		1.3259758e+03		3.7747304e+03		1.6200005e+03		6.9567001e+02		9.2433053e+02
4.1400000e+02		4.1500000e+02		4.1450000e+02		1.2488872e+03		1.3445960e+03		3.8255291e+03		1.6403659e+03		6.9979921e+02		9.4056670e+02
4.1500000e+02		4.1600000e+02		4.1550000e+02		1.2477523e+03		1.3425801e+03		3.8176083e+03		1.6355467e+03		6.9316648e+02		9.4238027e+02
4.1600000e+02		4.1700000e+02		4.1650000e+02		1.2947363e+03		1.3923183e+03		3.9567916e+03		1.6937116e+03		7.1310434e+02		9.8060730e+02
4.1700000e+02		4.1800000e+02		4.1750000e+02		1.1781342e+03		1.2661917e+03		3.5963310e+03		1.5380944e+03		6.4332877e+02		8.9476564e+02
4.1800000e+02		4.1900000e+02		4.1850000e+02		1.2217101e+03		1.3122678e+03		3.7251197e+03		1.5918163e+03		6.6141900e+02		9.3039731e+02
4.1900000e+02		4.2000000e+02		4.1950000e+02		1.2338424e+03		1.3245418e+03		3.7578811e+03		1.6044548e+03		6.6228112e+02		9.4217364e+02
4.2000000e+02		4.2100000e+02		4.2050000e+02		1.2494927e+03		1.3405823e+03		3.8013025e+03		1.6216268e+03		6.6495848e+02		9.5666835e+02
4.2100000e+02		4.2200000e+02		4.2150000e+02		1.2299982e+03		1.3189249e+03		3.7378564e+03		1.5932263e+03		6.4900400e+02		9.4422230e+02
4.2200000e+02		4.2300000e+02		4.2250000e+02		1.1657134e+03		1.2492958e+03		3.5386154e+03		1.5070474e+03		6.0984686e+02		8.9720057e+02
4.2300000e+02		4.2400000e+02		4.2350000e+02		1.2419943e+03		1.3303106e+03		3.7660721e+03		1.6025928e+03		6.4422679e+02		9.5836606e+02
4.2400000e+02		4.2500000e+02		4.2450000e+02		1.2850442e+03		1.3756675e+03		3.8924095e+03		1.6549940e+03		6.6089355e+02		9.9410042e+02
4.2500000e+02		4.2600000e+02		4.2550000e+02		1.2367256e+03		1.3232221e+03		3.7420464e+03		1.5897642e+03		6.3064536e+02		9.5911882e+02
4.2600000e+02		4.2700000e+02		4.2650000e+02		1.2316584e+03		1.3170906e+03		3.7227630e+03		1.5802903e+03		6.2273706e+02		9.5755319e+02
4.2700000e+02		4.2800000e+02		4.2750000e+02		1.1420512e+03		1.2206156e+03		3.4482907e+03		1.4626001e+03		5.7254130e+02		8.9005875e+02
4.2800000e+02		4.2900000e+02		4.2850000e+02		1.1495483e+03		1.2279778e+03		3.4673092e+03		1.4694906e+03		5.7142536e+02		8.9806524e+02
4.2900000e+02		4.3000000e+02		4.2950000e+02		1.0698649e+03		1.1422579e+03		3.2236298e+03		1.3651307e+03		5.2732283e+02		8.3780787e+02
4.3000000e+02		4.3100000e+02		4.3050000e+02		8.6065012e+02		9.1840810e+02		2.5905833e+03		1.0961847e+03		4.2062388e+02		6.7556079e+02
4.3100000e+02		4.3200000e+02		4.3150000e+02		1.0641754e+03		1.1350058e+03		3.1999458e+03		1.3529700e+03		5.1570876e+02		8.3726120e+02
4.3200000e+02		4.3300000e+02		4.3250000e+02		1.1990384e+03		1.2781907e+03		3.6018426e+03		1.5217100e+03		5.7617284e+02		9.4553720e+02
4.3300000e+02		4.3400000e+02		4.3350000e+02		1.3017454e+03		1.3869738e+03		3.9064624e+03		1.6491294e+03		6.2026680e+02		1.0288626e+03
4.3400000e+02		4.3500000e+02		4.3450000e+02		1.1054356e+03		1.1772187e+03		3.3140625e+03		1.3979703e+03		5.2230380e+02		8.7566647e+02
4.3500000e+02		4.3600000e+02		4.3550000e+02		1.2347447e+03		1.3142690e+03		3.6980923e+03		1.5587749e+03		5.7850701e+02		9.8026784e+02
4.3600000e+02		4.3700000e+02		4.3650000e+02		1.3814970e+03		1.4697460e+03		4.1335910e+03		1.7410201e+03		6.4184126e+02		1.0991788e+03
4.3700000e+02		4.3800000e+02		4.3750000e+02		1.2223713e+03		1.2998182e+03		3.6539390e+03		1.5378375e+03		5.6315972e+02		9.7467777e+02
4.3800000e+02		4.3900000e+02		4.3850000e+02		1.1905029e+03		1.2653156e+03		3.5552716e+03		1.4951922e+03		5.4389392e+02		9.5129830e+02
4.3900000e+02		4.4000000e+02		4.3950000e+02		1.3250738e+03		1.4076648e+03		3.9533944e+03		1.6613904e+03		6.0032123e+02		1.0610691e+03
4.4000000e+02		4.4100000e+02		4.4050000e+02		1.2562739e+03		1.3339394e+03		3.7446022e+03		1.5724859e+03		5.6440710e+02		1.0080788e+03
4.4100000e+02		4.4200000e+02		4.4150000e+02		1.3817384e+03		1.4664658e+03		4.1147358e+03		1.7266517e+03		6.1560633e+02		1.1110454e+03
4.4200000e+02		4.4300000e+02		4.4250000e+02		1.4526378e+03		1.5409893e+03		4.3218704e+03		1.8122513e+03		6.4181280e+02		1.1704385e+03
4.4300000e+02		4.4400000e+02		4.4350000e+02		1.4050936e+03		1.4898600e+03		4.1765854e+03		1.7500648e+03		6.1565121e+02		1.1344136e+03
4.4400000e+02		4.4500000e+02		4.4450000e+02		1.4475318e+03		1.5341506e+03		4.2988210e+03		1.7999912e+03		6.2898566e+02		1.1710055e+03
4.4500000e+02		4.4600000e+02		4.4550000e+02		1.3420773e+03		1.4217355e+03		3.9820556e+03		1.6661679e+03		5.7833308e+02		1.0878348e+03
4.4600000e+02		4.4700000e+02		4.4650000e+02		1.3689269e+03		1.4495216e+03		4.0580926e+03		1.6967816e+03		5.8502358e+02		1.1117581e+03
4.4700000e+02		4.4800000e+02		4.4750000e+02		1.4837056e+03		1.5703520e+03		4.3944516e+03		1.8361299e+03		6.2883720e+02		1.2072927e+03
4.4800000e+02		4.4900000e+02		4.4850000e+02		1.4587166e+03		1.5432161e+03		4.3166460e+03		1.8023619e+03		6.1314551e+02		1.1892164e+03
4.4900000e+02		4.5000000e+02		4.4950000e+02		1.4737837e+03		1.5584677e+03		4.3574370e+03		1.8181330e+03		6.1437470e+02		1.2037584e+03
4.5000000e+02		4.5100000e+02		4.5050000e+02		1.5636828e+03		1.6528089e+03		4.6192466e+03		1.9260466e+03		6.4648728e+02		1.2795593e+03
4.5100000e+02		4.5200000e+02		4.5150000e+02		1.5589734e+03		1.6471162e+03		4.6013954e+03		1.9172925e+03		6.3924393e+02		1.2780486e+03
4.5200000e+02		4.5300000e+02		4.5250000e+02		1.4757889e+03		1.5585581e+03		4.3521780e+03		1.8122194e+03		6.0016903e+02		1.2120503e+03
4.5300000e+02		4.5400000e+02		4.5350000e+02		1.4141855e+03		1.4928631e+03		4.1670004e+03		1.7339439e+03		5.7040328e+02		1.1635406e+03
4.5400000e+02		4.5500000e+02		4.5450000e+02		1.5096596e+03		1.5929755e+03		4.4446145e+03		1.8482259e+03		6.0392894e+02		1.2442969e+03
4.5500000e+02		4.5600000e+02		4.5550000e+02		1.4952815e+03		1.5771430e+03		4.3986465e+03		1.8278962e+03		5.9328835e+02		1.2346078e+03
4.5600000e+02		4.5700000e+02		4.5650000e+02		1.5527317e+03		1.6370584e+03		4.5639057e+03		1.8953206e+03		6.1105493e+02		1.2842657e+03
4.5700000e+02		4.5800000e+02		4.5750000e+02		1.5677329e+03		1.6521941e+03		4.6042568e+03		1.9108262e+03		6.1193006e+02		1.2988961e+03
4.5800000e+02		4.5900000e+02		4.5850000e+02		1.4734199e+03		1.5521665e+03		4.3237868e+03		1.7932612e+03		5.7043618e+02		1.2228251e+03
4.5900000e+02		4.6000000e+02		4.5950000e+02		1.5222067e+03		1.6029123e+03		4.4633883e+03		1.8499655e+03		5.8453420e+02		1.2654313e+03
4.6000000e+02		4.6100000e+02		4.6050000e+02		1.5039223e+03		1.5830237e+03		4.4062866e+03		1.8251282e+03		5.7282559e+02		1.2523026e+03
4.6100000e+02		4.6200000e+02		4.6150000e+02		1.5386000e+03		1.6188818e+03		4.5043523e+03		1.8645613e+03		5.8128408e+02		1.2832773e+03
4.6200000e+02		4.6300000e+02		4.6250000e+02		1.5538294e+03		1.6342619e+03		4.5454008e+03		1.8803651e+03		5.8228646e+02		1.2980787e+03
4.6300000e+02		4.6400000e+02		4.6350000e+02		1.5018384e+03		1.5789629e+03		4.3899260e+03		1.8149090e+03		5.5825448e+02		1.2566546e+03
4.6400000e+02		4.6500000e+02		4.6450000e+02		1.5281564e+03		1.6060107e+03		4.4634416e+03		1.8441538e+03		5.6345270e+02		1.2807011e+03
4.6500000e+02		4.6600000e+02		4.6550000e+02		1.4760608e+03		1.5506659e+03		4.3080152e+03		1.7788368e+03		5.3985802e+02		1.2389788e+03
4.6600000e+02		4.6700000e+02		4.6650000e+02		1.4854121e+03		1.5598965e+03		4.3320526e+03		1.7876649e+03		5.3890590e+02		1.2487590e+03
4.6700000e+02		4.6800000e+02		4.6750000e+02		1.4997486e+03		1.5743583e+03		4.3706078e+03		1.8024769e+03		5.3973445e+02		1.2627424e+03
4.6800000e+02		4.6900000e+02		4.6850000e+02		1.4665907e+03		1.5389756e+03		4.2708243e+03		1.7602606e+03		5.2356586e+02		1.2366947e+03
4.6900000e+02		4.7000000e+02		4.6950000e+02		1.5086728e+03		1.5825484e+03		4.3901567e+03		1.8083587e+03		5.3427299e+02		1.2740857e+03
4.7000000e+02		4.7100000e+02		4.7050000e+02		1.4256243e+03		1.4948843e+03		4.1454816e+03		1.7065569e+03		5.0082276e+02		1.2057341e+03
4.7100000e+02		4.7200000e+02		4.7150000e+02		1.4904926e+03		1.5623353e+03		4.3309921e+03		1.7818710e+03		5.1942716e+02		1.2624439e+03
4.7200000e+02		4.7300000e+02		4.7250000e+02		1.5269264e+03		1.5999479e+03		4.4336973e+03		1.8230555e+03		5.2787836e+02		1.2951772e+03
4.7300000e+02		4.7400000e+02		4.7350000e+02		1.4995420e+03		1.5706921e+03		4.3511056e+03		1.7880528e+03		5.1428087e+02		1.2737719e+03
4.7400000e+02		4.7500000e+02		4.7450000e+02		1.5448084e+03		1.6175328e+03		4.4793121e+03		1.8396735e+03		5.2559039e+02		1.3140831e+03
4.7500000e+02		4.7600000e+02		4.7550000e+02		1.5413846e+03		1.6133809e+03		4.4662812e+03		1.8332683e+03		5.2025940e+02		1.3130089e+03
4.7600000e+02		4.7700000e+02		4.7650000e+02		1.4853490e+03		1.5541865e+03		4.3009512e+03		1.7643993e+03		4.9736891e+02		1.2670304e+03
4.7700000e+02		4.7800000e+02		4.7750000e+02		1.5508368e+03		1.6221491e+03		4.4875122e+03		1.8398916e+03		5.1518418e+02		1.3247074e+03
4.7800000e+02		4.7900000e+02		4.7850000e+02		1.5358791e+03		1.6059539e+03		4.4412241e+03		1.8198907e+03		5.0617983e+02		1.3137109e+03
4.7900000e+02		4.8000000e+02		4.7950000e+02		1.5403519e+03		1.6100845e+03		4.4511708e+03		1.8229498e+03		5.0364465e+02		1.3193051e+03
4.8000000e+02		4.8100000e+02		4.8050000e+02		1.5442750e+03		1.6136425e+03		4.4595406e+03		1.8253670e+03		5.0094550e+02		1.3244215e+03
4.8100000e+02		4.8200000e+02		4.8150000e+02		1.5475498e+03		1.6165255e+03		4.4660521e+03		1.8270282e+03		4.9805480e+02		1.3289734e+03
4.8200000e+02		4.8300000e+02		4.8250000e+02		1.5416562e+03		1.6098372e+03		4.4461369e+03		1.8178894e+03		4.9225688e+02		1.3256326e+03
4.8300000e+02		4.8400000e+02		4.8350000e+02		1.5183412e+03		1.5849719e+03		4.3760600e+03		1.7882689e+03		4.8100601e+02		1.3072629e+03
4.8400000e+02		4.8500000e+02		4.8450000e+02		1.4920771e+03		1.5570496e+03		4.2976020e+03		1.7552639e+03		4.6898004e+02		1.2862839e+03
4.8500000e+02		4.8600000e+02		4.8550000e+02		1.4021236e+03		1.4627083e+03		4.0359396e+03		1.6475147e+03		4.3725669e+02		1.2102580e+03
4.8600000e+02		4.8700000e+02		4.8650000e+02		1.2173217e+03		1.2695162e+03		3.5017856e+03		1.4287107e+03		3.7665844e+02		1.0520523e+03
4.8700000e+02		4.8800000e+02		4.8750000e+02		1.3927585e+03		1.4520158e+03		4.0039459e+03		1.6327316e+03		4.2757809e+02		1.2051535e+03
4.8800000e+02		4.8900000e+02		4.8850000e+02		1.4651201e+03		1.5269774e+03		4.2093607e+03		1.7156009e+03		4.4628804e+02		1.2693129e+03
4.8900000e+02		4.9000000e+02		4.8950000e+02		1.4372192e+03		1.4974331e+03		4.1266609e+03		1.6810249e+03		4.3438271e+02		1.2466422e+03
4.9000000e+02		4.9100000e+02		4.9050000e+02		1.5307557e+03		1.5943973e+03		4.3925511e+03		1.7884182e+03		4.5905848e+02		1.3293597e+03
4.9100000e+02		4.9200000e+02		4.9150000e+02		1.4425606e+03		1.5020767e+03		4.1369707e+03		1.6835006e+03		4.2925357e+02		1.2542470e+03
4.9200000e+02		4.9300000e+02		4.9250000e+02		1.3729411e+03		1.4291522e+03		3.9349570e+03		1.6004829e+03		4.0537278e+02		1.1951101e+03
4.9300000e+02		4.9400000e+02		4.9350000e+02		1.4509629e+03		1.5099153e+03		4.1561034e+03		1.6895819e+03		4.2509591e+02		1.2644860e+03
4.9400000e+02		4.9500000e+02		4.9450000e+02		1.4929449e+03		1.5531409e+03		4.2738373e+03		1.7365784e+03		4.3401769e+02		1.3025607e+03
4.9500000e+02		4.9600000e+02		4.9550000e+02		1.4663156e+03		1.5249882e+03		4.1951551e+03		1.7037645e+03		4.2298918e+02		1.2807753e+03
4.9600000e+02		4.9700000e+02		4.9650000e+02		1.4846220e+03		1.5435759e+03		4.2450715e+03		1.7231904e+03		4.2497261e+02		1.2982178e+03
4.9700000e+02		4.9800000e+02		4.9750000e+02		1.5123203e+03		1.5719185e+03		4.3217895e+03		1.7534775e+03		4.2957321e+02		1.3239043e+03
4.9800000e+02		4.9900000e+02		4.9850000e+02		1.3744029e+03		1.4281557e+03		3.9254255e+03		1.5918907e+03		3.8740116e+02		1.2044896e+03
4.9900000e+02		5.0000000e+02		4.9950000e+02		1.4721832e+03		1.5293247e+03		4.2023237e+03		1.7033642e+03		4.1178191e+02		1.2915823e+03
