Left Bin Edge (nm)	Right Bin Edge (nm)	Bin Center (nm)		Top of Atm Intensity (erg/s/nm/cm2)		Total Surface Flux (erg/s/nm/cm2)		Total Intensity at BOA (erg/s/nm/cm2)		Total Surface Intensity (erg/s/nm/cm2)		Total Surface Diffuse Intensity (erg/s/nm/cm2)		Total Surface Direct Intensity (erg/s/nm/cm2)
1.0000000e+02		1.0100000e+02		1.0050000e+02		4.4569042e-02		2.4525374e-199		0.0000000e+00		4.2479194e-199		4.2479194e-199		0.0000000e+00
1.0100000e+02		1.0200000e+02		1.0150000e+02		1.7387199e-01		2.8780738e-197		0.0000000e+00		4.9849701e-197		4.9849701e-197		0.0000000e+00
1.0200000e+02		1.0300000e+02		1.0250000e+02		9.2286085e-01		3.0760917e-195		0.0000000e+00		5.3279471e-195		5.3279471e-195		0.0000000e+00
1.0300000e+02		1.0400000e+02		1.0350000e+02		7.0094286e-01		3.0025219e-193		0.0000000e+00		5.2005205e-193		5.2005205e-193		0.0000000e+00
1.0400000e+02		1.0500000e+02		1.0450000e+02		1.4124828e-01		2.6834655e-191		0.0000000e+00		4.6478986e-191		4.6478986e-191		0.0000000e+00
1.0500000e+02		1.0600000e+02		1.0550000e+02		4.8389941e-02		2.2015022e-189		0.0000000e+00		3.8131136e-189		3.8131136e-189		0.0000000e+00
1.0600000e+02		1.0700000e+02		1.0650000e+02		4.5487167e-02		1.6618998e-187		0.0000000e+00		2.8784949e-187		2.8784949e-187		0.0000000e+00
1.0700000e+02		1.0800000e+02		1.0750000e+02		5.0757295e-02		1.1570799e-185		0.0000000e+00		2.0041212e-185		2.0041212e-185		0.0000000e+00
1.0800000e+02		1.0900000e+02		1.0850000e+02		7.1152114e-02		7.4462170e-184		0.0000000e+00		1.2897226e-183		1.2897226e-183		0.0000000e+00
1.0900000e+02		1.1000000e+02		1.0950000e+02		5.5817450e-02		1.0503378e-29		9.9502609e-28		1.8192385e-29		1.8192385e-29		2.0930306e-68
1.1000000e+02		1.1100000e+02		1.1050000e+02		5.4043772e-02		2.1774826e-28		1.7368027e-26		3.7715105e-28		3.7715105e-28		3.6673184e-65
1.1100000e+02		1.1200000e+02		1.1150000e+02		5.0797691e-02		4.0015388e-27		2.7011582e-25		6.9308684e-27		6.9308684e-27		4.0649991e-62
1.1200000e+02		1.1300000e+02		1.1250000e+02		5.1969037e-02		7.3546963e-26		4.2218204e-24		1.2738708e-25		1.2738708e-25		3.2944126e-59
1.1300000e+02		1.1400000e+02		1.1350000e+02		4.1221387e-02		6.4557980e-25		3.2376269e-23		1.1181770e-24		1.1181770e-24		1.2827074e-56
1.1400000e+02		1.1500000e+02		1.1450000e+02		3.1562600e-02		3.4014632e-24		1.5302983e-22		5.8915072e-24		5.8915072e-24		3.0651907e-54
1.1500000e+02		1.1600000e+02		1.1550000e+02		4.3552050e-02		3.0294736e-23		1.2271113e-21		5.2472021e-23		5.2472021e-23		9.5790587e-52
1.1600000e+02		1.1700000e+02		1.1650000e+02		1.0143732e-01		4.2860118e-22		1.5684441e-20		7.4235902e-22		7.4235902e-22		3.7476411e-49
1.1700000e+02		1.1800000e+02		1.1750000e+02		3.6108525e-01		8.7488326e-21		2.9018893e-19		1.5153423e-20		1.5153423e-20		1.6957607e-46
1.1800000e+02		1.1900000e+02		1.1850000e+02		1.2283927e-01		1.2894207e-20		3.9375357e-19		2.2333422e-20		2.2333422e-20		5.3072280e-45
1.1900000e+02		1.2000000e+02		1.1950000e+02		1.7115732e-01		5.9380735e-20		1.6948135e-18		1.0285045e-19		1.0285045e-19		5.0087805e-43
1.2000000e+02		1.2100000e+02		1.2050000e+02		9.3056497e-01		1.0247386e-18		2.7399107e-17		1.7748993e-18		1.7748993e-18		1.4697252e-40
1.2100000e+02		1.2200000e+02		1.2150000e+02		3.6941242e+01		1.2422749e-16		3.1184827e-15		2.1516832e-16		2.1516832e-16		2.5460981e-37
1.2200000e+02		1.2300000e+02		1.2250000e+02		2.4773856e-01		2.4520003e-18		5.7911012e-17		4.2469890e-18		4.2469890e-18		6.1073961e-38
1.2300000e+02		1.2400000e+02		1.2350000e+02		1.3344721e-01		3.7528008e-18		8.3557105e-17		6.5000416e-18		6.5000416e-18		9.7671306e-37
1.2400000e+02		1.2500000e+02		1.2450000e+02		1.0726631e-01		1.0341615e-17		2.1482928e-16		1.7912203e-17		1.7912203e-17		2.0934868e-35
1.2500000e+02		1.2600000e+02		1.2550000e+02		1.0471361e-01		4.1600297e-17		7.9810800e-16		7.2053827e-17		7.2053827e-17		4.9479435e-34
1.2600000e+02		1.2700000e+02		1.2650000e+02		1.4644878e-01		2.3095694e-16		4.1009053e-15		4.0002915e-16		4.0002915e-16		1.4367445e-32
1.2700000e+02		1.2800000e+02		1.2750000e+02		7.6659940e-02		4.6324527e-16		7.6281573e-15		8.0236435e-16		8.0236435e-16		1.3516360e-31
1.2800000e+02		1.2900000e+02		1.2850000e+02		6.1165494e-02		1.3696914e-15		2.0956705e-14		2.3723751e-15		2.3723751e-15		1.6924037e-30
1.2900000e+02		1.3000000e+02		1.2950000e+02		8.1594975e-02		6.5604652e-15		9.3436280e-14		1.1363059e-14		1.1363059e-14		3.1188706e-29
1.3000000e+02		1.3100000e+02		1.3050000e+02		6.7007791e-01		1.8776527e-13		2.4935904e-12		3.2521899e-13		3.2521899e-13		3.1383830e-27
1.3100000e+02		1.3200000e+02		1.3150000e+02		9.0731094e-02		1.0153468e-13		1.2480204e-12		1.7586323e-13		1.7586323e-13		4.8899875e-27
1.3200000e+02		1.3300000e+02		1.3250000e+02		7.0547730e-02		3.6310383e-13		4.0993370e-12		6.2891429e-13		6.2891429e-13		4.1360046e-26
1.3300000e+02		1.3400000e+02		1.3350000e+02		9.5357088e-01		2.2151628e-11		2.2998953e-10		3.8367746e-11		3.8367746e-11		5.5014584e-24
1.3400000e+02		1.3500000e+02		1.3450000e+02		6.5246966e-02		6.7378667e-12		6.4406020e-11		1.1670327e-11		1.1670327e-11		3.3703701e-24
1.3500000e+02		1.3600000e+02		1.3550000e+02		1.3692679e-01		6.2166081e-11		5.4761786e-10		1.0767481e-10		1.0767481e-10		5.7927625e-23
1.3600000e+02		1.3700000e+02		1.3650000e+02		8.9861989e-02		1.7824086e-10		1.4481189e-09		3.0872222e-10		3.0872222e-10		2.8622810e-22
1.3700000e+02		1.3800000e+02		1.3750000e+02		9.2282630e-02		7.9918759e-10		5.9924318e-09		1.3842335e-09		1.3842335e-09		2.0440195e-21
1.3800000e+02		1.3900000e+02		1.3850000e+02		9.4180145e-02		3.0418855e-09		2.1243440e-08		5.2687003e-09		5.2687003e-09		1.2886436e-20
1.3900000e+02		1.4000000e+02		1.3950000e+02		3.1801144e-01		3.2495335e-08		2.1336182e-07		5.6283572e-08		5.6283572e-08		2.3976457e-19
1.4000000e+02		1.4100000e+02		1.4050000e+02		2.7729440e-01		8.9588119e-08		5.5349699e-07		1.5517117e-07		1.5517117e-07		1.0771935e-18
1.4100000e+02		1.4200000e+02		1.4150000e+02		1.3359910e-01		1.3709810e-07		7.9761511e-07		2.3746088e-07		2.3746088e-07		2.5094190e-18
1.4200000e+02		1.4300000e+02		1.4250000e+02		1.4479671e-01		4.7724973e-07		2.6164176e-06		8.2662077e-07		8.2662077e-07		1.2382844e-17
1.4300000e+02		1.4400000e+02		1.4350000e+02		1.6064305e-01		1.7346753e-06		8.9672254e-06		3.0045457e-06		3.0045457e-06		5.9083956e-17
1.4400000e+02		1.4500000e+02		1.4450000e+02		1.5363637e-01		5.6113293e-06		2.7367980e-05		9.7191075e-06		9.7191075e-06		2.3024795e-16
1.4500000e+02		1.4600000e+02		1.4550000e+02		1.6382583e-01		2.1269582e-05		9.7929657e-05		3.6839996e-05		3.6839996e-05		9.5048033e-16
1.4600000e+02		1.4700000e+02		1.4650000e+02		1.9977093e-01		6.7857001e-05		2.9966497e-04		1.1753177e-04		1.1753177e-04		3.9890490e-15
1.4700000e+02		1.4800000e+02		1.4750000e+02		2.4643334e-01		1.5307186e-04		6.5892054e-04		2.6512824e-04		2.6512824e-04		1.5094068e-14
1.4800000e+02		1.4900000e+02		1.4850000e+02		2.4167300e-01		2.7605886e-04		1.1593084e-03		4.7814798e-04		4.7814798e-04		4.3461259e-14
1.4900000e+02		1.5000000e+02		1.4950000e+02		2.1832777e-01		4.6309128e-04		1.8988186e-03		8.0209763e-04		8.0209763e-04		1.1058649e-13
1.5000000e+02		1.5100000e+02		1.5050000e+02		2.4023073e-01		9.6061326e-04		3.8489490e-03		1.6638310e-03		1.6638310e-03		3.2945102e-13
1.5100000e+02		1.5200000e+02		1.5150000e+02		2.5258505e-01		1.9481961e-03		7.6340954e-03		3.3743746e-03		3.3743746e-03		9.0330804e-13
1.5200000e+02		1.5300000e+02		1.5250000e+02		3.2229547e-01		4.9639972e-03		1.9038828e-02		8.5978953e-03		8.5978953e-03		2.9003088e-12
1.5300000e+02		1.5400000e+02		1.5350000e+02		3.5701286e-01		1.1591894e-02		4.3550918e-02		2.0077750e-02		2.0077750e-02		7.8142004e-12
1.5400000e+02		1.5500000e+02		1.5450000e+02		9.5486931e-01		7.1626300e-02		2.6381430e-01		1.2406039e-01		1.2406039e-01		4.9217003e-11
1.5500000e+02		1.5600000e+02		1.5550000e+02		7.8587524e-01		9.7010574e-02		3.5349720e-01		1.6802724e-01		1.6802724e-01		8.8728139e-11
1.5600000e+02		1.5700000e+02		1.5650000e+02		4.6648084e-01		6.0067199e-02		2.1840801e-01		1.0403944e-01		1.0403944e-01		1.0746764e-10
1.5700000e+02		1.5800000e+02		1.5750000e+02		4.2309893e-01		5.6774813e-02		2.0600795e-01		9.8336861e-02		9.8336861e-02		1.9341409e-10
1.5800000e+02		1.5900000e+02		1.5850000e+02		3.9008072e-01		5.4495830e-02		1.9734226e-01		9.4389546e-02		9.4389546e-02		3.4453702e-10
1.5900000e+02		1.6000000e+02		1.5950000e+02		3.8042347e-01		5.5280004e-02		1.9979456e-01		9.5747775e-02		9.5747775e-02		6.3292624e-10
1.6000000e+02		1.6100000e+02		1.6050000e+02		4.1635449e-01		6.2873087e-02		2.2681311e-01		1.0889938e-01		1.0889938e-01		1.2735931e-09
1.6100000e+02		1.6200000e+02		1.6150000e+02		4.7164413e-01		7.3949773e-02		2.6629059e-01		1.2808476e-01		1.2808476e-01		2.5919170e-09
1.6200000e+02		1.6300000e+02		1.6250000e+02		5.2241459e-01		8.4974700e-02		3.0545763e-01		1.4718049e-01		1.4718049e-01		5.0451494e-09
1.6300000e+02		1.6400000e+02		1.6350000e+02		1.1072121e+00		1.8668039e-01		6.6992794e-01		3.2333991e-01		3.2333989e-01		1.8398646e-08
1.6400000e+02		1.6500000e+02		1.6450000e+02		1.1323318e+00		1.9773653e-01		7.0844967e-01		3.4248970e-01		3.4248966e-01		3.1730589e-08
1.6500000e+02		1.6600000e+02		1.6550000e+02		1.3255566e+00		4.4584310e-01		1.5811396e+00		7.7222285e-01		7.7222278e-01		6.5047594e-08
1.6600000e+02		1.6700000e+02		1.6650000e+02		6.2522883e-01		5.0084147e-01		1.7589280e+00		8.6748284e-01		8.6748278e-01		5.2758393e-08
1.6700000e+02		1.6800000e+02		1.6750000e+02		6.6723830e-01		5.4091728e-01		1.8976224e+00		9.3689615e-01		9.3689606e-01		8.9878345e-08
1.6800000e+02		1.6900000e+02		1.6850000e+02		7.1904320e-01		5.8974749e-01		2.0667699e+00		1.0214725e+00		1.0214723e+00		1.5203370e-07
1.6900000e+02		1.7000000e+02		1.6950000e+02		9.0554889e-01		7.5120750e-01		2.6299548e+00		1.3011293e+00		1.3011290e+00		2.9574105e-07
1.7000000e+02		1.7100000e+02		1.7050000e+02		1.0161854e+00		8.5238641e-01		2.9812740e+00		1.4763762e+00		1.4763757e+00		5.0476662e-07
1.7100000e+02		1.7200000e+02		1.7150000e+02		1.0130704e+00		8.5901420e-01		3.0016274e+00		1.4878557e+00		1.4878549e+00		7.5415854e-07
1.7200000e+02		1.7300000e+02		1.7250000e+02		1.0571150e+00		9.0586727e-01		3.1624639e+00		1.5690073e+00		1.5690061e+00		1.1628087e-06
1.7300000e+02		1.7400000e+02		1.7350000e+02		1.0479596e+00		9.0731016e-01		3.1647129e+00		1.5715061e+00		1.5715044e+00		1.6803832e-06
1.7400000e+02		1.7500000e+02		1.7450000e+02		1.2530722e+00		1.0958378e+00		3.8190453e+00		1.8980446e+00		1.8980418e+00		2.8911926e-06
1.7500000e+02		1.7600000e+02		1.7550000e+02		1.4954862e+00		1.3207004e+00		4.5989084e+00		2.2875165e+00		2.2875116e+00		4.9035727e-06
1.7600000e+02		1.7700000e+02		1.7650000e+02		1.6135596e+00		1.4386462e+00		5.0056197e+00		2.4918028e+00		2.4917954e+00		7.4294779e-06
1.7700000e+02		1.7800000e+02		1.7750000e+02		1.9010195e+00		1.7108055e+00		5.9479713e+00		2.9631932e+00		2.9631810e+00		1.2151443e-05
1.7800000e+02		1.7900000e+02		1.7850000e+02		2.0776624e+00		1.8868381e+00		6.5550765e+00		3.2680862e+00		3.2680679e+00		1.8235192e-05
1.7900000e+02		1.8000000e+02		1.7950000e+02		2.0198657e+00		1.8506775e+00		6.4247885e+00		3.2054498e+00		3.2054257e+00		2.4086279e-05
1.8000000e+02		1.8100000e+02		1.8050000e+02		2.4976225e+00		2.3082829e+00		8.0077725e+00		3.9980339e+00		3.9979939e+00		4.0057738e-05
1.8100000e+02		1.8200000e+02		1.8150000e+02		3.0410490e+00		2.8343103e+00		9.8259353e+00		4.9091219e+00		4.9090569e+00		6.4963637e-05
1.8200000e+02		1.8300000e+02		1.8250000e+02		2.8073836e+00		2.6381381e+00		9.1397986e+00		4.5693313e+00		4.5692521e+00		7.9136549e-05
1.8300000e+02		1.8400000e+02		1.8350000e+02		2.9562417e+00		2.8003981e+00		9.6957152e+00		4.8503521e+00		4.8502431e+00		1.0897918e-04
1.8400000e+02		1.8500000e+02		1.8450000e+02		2.5409769e+00		2.4259347e+00		8.3939831e+00		4.2017532e+00		4.2016317e+00		1.2144620e-04
1.8500000e+02		1.8600000e+02		1.8550000e+02		2.8735562e+00		2.7644784e+00		9.5595768e+00		4.7880878e+00		4.7879113e+00		1.7659504e-04
1.8600000e+02		1.8700000e+02		1.8650000e+02		3.2604304e+00		3.1601101e+00		1.0921223e+01		5.4732842e+00		5.4730286e+00		2.5558975e-04
1.8700000e+02		1.8800000e+02		1.8750000e+02		3.6946466e+00		3.6070703e+00		1.2458737e+01		6.2473607e+00		6.2469941e+00		3.6662096e-04
1.8800000e+02		1.8900000e+02		1.8850000e+02		3.8870616e+00		3.8219072e+00		1.3193385e+01		6.6193827e+00		6.6188980e+00		4.8465644e-04
1.8900000e+02		1.9000000e+02		1.8950000e+02		4.3106081e+00		4.2677477e+00		1.4724395e+01		7.3914649e+00		7.3907944e+00		6.7055159e-04
1.9000000e+02		1.9100000e+02		1.9050000e+02		4.4384288e+00		4.4240214e+00		1.5255418e+01		7.6620036e+00		7.6611481e+00		8.5552422e-04
1.9100000e+02		1.9200000e+02		1.9150000e+02		4.8094361e+00		4.8254515e+00		1.6630992e+01		8.3570918e+00		8.3559506e+00		1.1411565e-03
1.9200000e+02		1.9300000e+02		1.9250000e+02		5.0365493e+00		5.0858375e+00		1.7519459e+01		8.8078588e+00		8.8063971e+00		1.4617608e-03
1.9300000e+02		1.9400000e+02		1.9350000e+02		3.8447944e+00		3.9067850e+00		1.3451171e+01		6.7657571e+00		6.7644005e+00		1.3566060e-03
1.9400000e+02		1.9500000e+02		1.9450000e+02		6.1679797e+00		6.3057876e+00		2.1700324e+01		1.0920019e+01		1.0917389e+01		2.6302853e-03
1.9500000e+02		1.9600000e+02		1.9550000e+02		5.9528271e+00		6.1221535e+00		2.1058185e+01		1.0601648e+01		1.0598597e+01		3.0506832e-03
1.9600000e+02		1.9700000e+02		1.9650000e+02		6.5508102e+00		6.7763608e+00		2.3297332e+01		1.1734064e+01		1.1730051e+01		4.0124170e-03
1.9700000e+02		1.9800000e+02		1.9750000e+02		6.5190955e+00		6.7818290e+00		2.3305166e+01		1.1742997e+01		1.1738250e+01		4.7472701e-03
1.9800000e+02		1.9900000e+02		1.9850000e+02		6.3883794e+00		6.6826234e+00		2.2953577e+01		1.1570615e+01		1.1565112e+01		5.5027860e-03
1.9900000e+02		2.0000000e+02		1.9950000e+02		6.7274707e+00		7.0753024e+00		2.4291166e+01		1.2249790e+01		1.2242969e+01		6.8209833e-03
2.0000000e+02		2.0100000e+02		2.0050000e+02		7.1125146e+00		7.5195984e+00		2.5804742e+01		1.3018142e+01		1.3009694e+01		8.4482031e-03
2.0100000e+02		2.0200000e+02		2.0150000e+02		7.5701275e+00		8.0444349e+00		2.7593265e+01		1.3925694e+01		1.3915208e+01		1.0485883e-02
2.0200000e+02		2.0300000e+02		2.0250000e+02		7.4828608e+00		7.9914325e+00		2.7399058e+01		1.3832758e+01		1.3820723e+01		1.2034102e-02
2.0300000e+02		2.0400000e+02		2.0350000e+02		8.0092047e+00		8.5951973e+00		2.9455790e+01		1.4876417e+01		1.4861526e+01		1.4891184e-02
2.0400000e+02		2.0500000e+02		2.0450000e+02		8.6207445e+00		9.2953694e+00		3.1840900e+01		1.6086543e+01		1.6068089e+01		1.8454043e-02
2.0500000e+02		2.0600000e+02		2.0550000e+02		8.6400754e+00		9.3592661e+00		3.2045273e+01		1.6195197e+01		1.6173987e+01		2.1210226e-02
2.0600000e+02		2.0700000e+02		2.0650000e+02		8.6510225e+00		9.4133027e+00		3.2215657e+01		1.6286558e+01		1.6262297e+01		2.4261004e-02
2.0700000e+02		2.0800000e+02		2.0750000e+02		9.3957826e+00		1.0268494e+01		3.5126384e+01		1.7763599e+01		1.7733609e+01		2.9990009e-02
2.0800000e+02		2.0900000e+02		2.0850000e+02		1.0163489e+01		1.1154898e+01		3.8141047e+01		1.9293917e+01		1.9257127e+01		3.6790149e-02
2.0900000e+02		2.1000000e+02		2.0950000e+02		1.3129215e+01		1.4469755e+01		4.9452332e+01		2.5023031e+01		2.4969319e+01		5.3711493e-02
2.1000000e+02		2.1100000e+02		2.1050000e+02		1.6183343e+01		1.7907781e+01		6.1173580e+01		3.0962595e+01		3.0888022e+01		7.4572881e-02
2.1100000e+02		2.1200000e+02		2.1150000e+02		1.8424170e+01		2.0467503e+01		6.9884546e+01		3.5380978e+01		3.5285659e+01		9.5318529e-02
2.1200000e+02		2.1300000e+02		2.1250000e+02		1.6428561e+01		1.8320315e+01		6.2523126e+01		3.1662078e+01		3.1566951e+01		9.5127091e-02
2.1300000e+02		2.1400000e+02		2.1350000e+02		1.6737981e+01		1.8734699e+01		6.3906201e+01		3.2370284e+01		3.2262139e+01		1.0814488e-01
2.1400000e+02		2.1500000e+02		2.1450000e+02		2.1432541e+01		2.4075876e+01		8.2084971e+01		4.1587857e+01		4.1433794e+01		1.5406370e-01
2.1500000e+02		2.1600000e+02		2.1550000e+02		1.8408135e+01		2.0750960e+01		7.0713370e+01		3.5834251e+01		3.5687451e+01		1.4680028e-01
2.1600000e+02		2.1700000e+02		2.1650000e+02		1.7036901e+01		1.9270582e+01		6.5635112e+01		3.3267589e+01		3.3117273e+01		1.5031566e-01
2.1700000e+02		2.1800000e+02		2.1750000e+02		1.7640866e+01		2.0019651e+01		6.8150958e+01		3.4549330e+01		3.4377589e+01		1.7174111e-01
2.1800000e+02		2.1900000e+02		2.1850000e+02		2.3730294e+01		2.7016509e+01		9.1920963e+01		4.6607835e+01		4.6353575e+01		2.5426056e-01
2.1900000e+02		2.2000000e+02		2.1950000e+02		2.5052511e+01		2.8610448e+01		9.7291624e+01		4.9339022e+01		4.9044332e+01		2.9468955e-01
2.2000000e+02		2.2100000e+02		2.2050000e+02		2.5203754e+01		2.8869833e+01		9.8119637e+01		4.9766329e+01		4.9441641e+01		3.2468806e-01
2.2100000e+02		2.2200000e+02		2.2150000e+02		2.0176768e+01		2.3179028e+01		7.8734122e+01		3.9939350e+01		3.9655347e+01		2.8400309e-01
2.2200000e+02		2.2300000e+02		2.2250000e+02		2.7154039e+01		3.1282552e+01		1.0619916e+02		5.3877948e+01		5.3461279e+01		4.1666842e-01
2.2300000e+02		2.2400000e+02		2.2350000e+02		3.5163062e+01		4.0619879e+01		1.3781726e+02		6.9926046e+01		6.9339135e+01		5.8691097e-01
2.2400000e+02		2.2500000e+02		2.2450000e+02		3.2875934e+01		3.8078066e+01		1.2911620e+02		6.5517123e+01		6.4921506e+01		5.9561693e-01
2.2500000e+02		2.2600000e+02		2.2550000e+02		2.8720078e+01		3.3349431e+01		1.1301336e+02		5.7350316e+01		5.6786704e+01		5.6361199e-01
2.2600000e+02		2.2700000e+02		2.2650000e+02		2.1037217e+01		2.4488312e+01		8.2933556e+01		4.2088293e+01		4.1642002e+01		4.4629095e-01
2.2700000e+02		2.2800000e+02		2.2750000e+02		2.0463841e+01		2.3877439e+01		8.0813460e+01		4.1014051e+01		4.0545661e+01		4.6839035e-01
2.2800000e+02		2.2900000e+02		2.2850000e+02		2.8509984e+01		3.3341902e+01		1.1277303e+02		5.7235432e+01		5.6532700e+01		7.0273228e-01
2.2900000e+02		2.3000000e+02		2.2950000e+02		2.5620938e+01		3.0029255e+01		1.0150154e+02		5.1515252e+01		5.0836414e+01		6.7883737e-01
2.3000000e+02		2.3100000e+02		2.3050000e+02		2.9055844e+01		3.4127384e+01		1.1527591e+02		5.8505646e+01		5.7679587e+01		8.2605934e-01
2.3100000e+02		2.3200000e+02		2.3150000e+02		2.7387429e+01		3.2233326e+01		1.0880337e+02		5.5219197e+01		5.4385155e+01		8.3404231e-01
2.3200000e+02		2.3300000e+02		2.3250000e+02		2.9413108e+01		3.4685184e+01		1.1699764e+02		5.9375285e+01		5.8417406e+01		9.5787953e-01
2.3300000e+02		2.3400000e+02		2.3350000e+02		2.6543685e+01		3.1360209e+01		1.0570659e+02		5.3641858e+01		5.2718948e+01		9.2291062e-01
2.3400000e+02		2.3500000e+02		2.3450000e+02		2.3194371e+01		2.7452437e+01		9.2467308e+01		4.6919704e+01		4.6060047e+01		8.5965720e-01
2.3500000e+02		2.3600000e+02		2.3550000e+02		3.1223226e+01		3.7018866e+01		1.2459733e+02		6.3216899e+01		6.1985212e+01		1.2316872e+00
2.3600000e+02		2.3700000e+02		2.3650000e+02		2.8911473e+01		3.4334407e+01		1.1547492e+02		5.8581640e+01		5.7369570e+01		1.2120699e+00
2.3700000e+02		2.3800000e+02		2.3750000e+02		3.0878004e+01		3.6727387e+01		1.2342832e+02		6.2608030e+01		6.1234257e+01		1.3737724e+00
2.3800000e+02		2.3900000e+02		2.3850000e+02		2.5598090e+01		3.0492840e+01		1.0239613e+02		5.1931634e+01		5.0724730e+01		1.2069034e+00
2.3900000e+02		2.4000000e+02		2.3950000e+02		2.7890834e+01		3.3271306e+01		1.1163764e+02		5.6608824e+01		5.5217160e+01		1.3916638e+00
2.4000000e+02		2.4100000e+02		2.4050000e+02		2.5623038e+01		3.0607374e+01		1.0261629e+02		5.2024341e+01		5.0673088e+01		1.3512528e+00
2.4100000e+02		2.4200000e+02		2.4150000e+02		3.0005079e+01		3.5887806e+01		1.2022116e+02		6.0936812e+01		5.9266586e+01		1.6702264e+00
2.4200000e+02		2.4300000e+02		2.4250000e+02		4.1301739e+01		4.9459220e+01		1.6554630e+02		8.3891603e+01		8.1467893e+01		2.4237094e+00
2.4300000e+02		2.4400000e+02		2.4350000e+02		3.8791639e+01		4.6506588e+01		1.5553186e+02		7.8797104e+01		7.6400181e+01		2.3969234e+00
2.4400000e+02		2.4500000e+02		2.4450000e+02		3.6329084e+01		4.3601296e+01		1.4569059e+02		7.3791426e+01		7.1430616e+01		2.3608105e+00
2.4500000e+02		2.4600000e+02		2.4550000e+02		2.9476122e+01		3.5412418e+01		1.1822507e+02		5.9863083e+01		5.7850895e+01		2.0121886e+00
2.4600000e+02		2.4700000e+02		2.4650000e+02		2.8685918e+01		3.4495823e+01		1.1506336e+02		5.8244286e+01		5.6189468e+01		2.0548183e+00
2.4700000e+02		2.4800000e+02		2.4750000e+02		3.1678139e+01		3.8127882e+01		1.2706461e+02		6.4298264e+01		6.1919789e+01		2.3784751e+00
2.4800000e+02		2.4900000e+02		2.4850000e+02		2.5406301e+01		3.0604340e+01		1.0189931e+02		5.1546105e+01		4.9548749e+01		1.9973562e+00
2.4900000e+02		2.5000000e+02		2.4950000e+02		3.0967514e+01		3.7331916e+01		1.2418519e+02		6.2796586e+01		6.0250056e+01		2.5465297e+00
2.5000000e+02		2.5100000e+02		2.5050000e+02		3.3448743e+01		4.0351570e+01		1.3410543e+02		6.7786916e+01		6.4912723e+01		2.8741922e+00
2.5100000e+02		2.5200000e+02		2.5150000e+02		2.7888154e+01		3.3665261e+01		1.1177881e+02		5.6478608e+01		5.3976959e+01		2.5016487e+00
2.5200000e+02		2.5300000e+02		2.5250000e+02		2.5069906e+01		3.0281117e+01		1.0044685e+02		5.0731477e+01		4.8386071e+01		2.3454061e+00
2.5300000e+02		2.5400000e+02		2.5350000e+02		3.1592540e+01		3.8180061e+01		1.2652707e+02		6.3875312e+01		6.0795617e+01		3.0796959e+00
2.5400000e+02		2.5500000e+02		2.5450000e+02		3.5730773e+01		4.3201998e+01		1.4303047e+02		7.2173605e+01		6.8547558e+01		3.6260470e+00
2.5500000e+02		2.5600000e+02		2.5550000e+02		4.8755658e+01		5.8975653e+01		1.9506128e+02		9.8381398e+01		9.3234995e+01		5.1464036e+00
2.5600000e+02		2.5700000e+02		2.5650000e+02		6.2803876e+01		7.5997270e+01		2.5111097e+02		1.2658772e+02		1.1969830e+02		6.8894262e+00
2.5700000e+02		2.5800000e+02		2.5750000e+02		7.8843355e+01		9.5437368e+01		3.1502965e+02		1.5872791e+02		1.4974702e+02		8.9808856e+00
2.5800000e+02		2.5900000e+02		2.5850000e+02		8.2991293e+01		1.0048616e+02		3.3136034e+02		1.6686696e+02		1.5705868e+02		9.8082851e+00
2.5900000e+02		2.6000000e+02		2.5950000e+02		7.0629481e+01		8.5538002e+01		2.8178046e+02		1.4182108e+02		1.3316720e+02		8.6538857e+00
2.6000000e+02		2.6100000e+02		2.6050000e+02		5.7868388e+01		7.0096027e+01		2.3067415e+02		1.1603289e+02		1.0868778e+02		7.3451051e+00
2.6100000e+02		2.6200000e+02		2.6150000e+02		5.9092703e+01		7.1588764e+01		2.3534261e+02		1.1831158e+02		1.1054736e+02		7.7642127e+00
2.6200000e+02		2.6300000e+02		2.6250000e+02		7.0528613e+01		8.5450753e+01		2.8061979e+02		1.4098790e+02		1.3140229e+02		9.5856058e+00
2.6300000e+02		2.6400000e+02		2.6350000e+02		1.0614195e+02		1.2860511e+02		4.2189461e+02		2.1183454e+02		1.9692296e+02		1.4911581e+01
2.6400000e+02		2.6500000e+02		2.6450000e+02		1.6548208e+02		2.0050457e+02		6.5706782e+02		3.2970443e+02		3.0569015e+02		2.4014280e+01
2.6500000e+02		2.6600000e+02		2.6550000e+02		1.7356948e+02		2.1029593e+02		6.8842059e+02		3.4520957e+02		3.1920911e+02		2.6000461e+01
2.6600000e+02		2.6700000e+02		2.6650000e+02		1.6826276e+02		2.0385071e+02		6.6660617e+02		3.3404533e+02		3.0804378e+02		2.6001549e+01
2.6700000e+02		2.6800000e+02		2.6750000e+02		1.6940220e+02		2.0520738e+02		6.7031876e+02		3.3567372e+02		3.0868667e+02		2.6987048e+01
2.6800000e+02		2.6900000e+02		2.6850000e+02		1.6778062e+02		2.0321180e+02		6.6307996e+02		3.3181398e+02		3.0427602e+02		2.7537959e+01
2.6900000e+02		2.7000000e+02		2.6950000e+02		1.5737310e+02		1.9057010e+02		6.2115182e+02		3.1060780e+02		2.8401223e+02		2.6595570e+01
2.7000000e+02		2.7100000e+02		2.7050000e+02		1.8181465e+02		2.2011757e+02		7.1667333e+02		3.5810862e+02		3.2649034e+02		3.1618281e+01
2.7100000e+02		2.7200000e+02		2.7150000e+02		1.5108640e+02		1.8286796e+02		5.9473759e+02		2.9695531e+02		2.6993356e+02		2.7021747e+01
2.7200000e+02		2.7300000e+02		2.7250000e+02		1.2154404e+02		1.4706782e+02		4.7777613e+02		2.3837223e+02		2.1602856e+02		2.2343676e+01
2.7300000e+02		2.7400000e+02		2.7350000e+02		1.2960124e+02		1.5676556e+02		5.0871482e+02		2.5360895e+02		2.2913392e+02		2.4475030e+01
2.7400000e+02		2.7500000e+02		2.7450000e+02		8.9183780e+01		1.0783782e+02		3.4955039e+02		1.7412155e+02		1.5682900e+02		1.7292552e+01
2.7500000e+02		2.7600000e+02		2.7550000e+02		1.1893609e+02		1.4375707e+02		4.6545860e+02		2.3167012e+02		2.0800451e+02		2.3665609e+01
2.7600000e+02		2.7700000e+02		2.7650000e+02		1.6564211e+02		2.0012609e+02		6.4724244e+02		3.2188148e+02		2.8807634e+02		3.3805139e+01
2.7700000e+02		2.7800000e+02		2.7750000e+02		1.5837296e+02		1.9125768e+02		6.1786269e+02		3.0701172e+02		2.7387699e+02		3.3134730e+01
2.7800000e+02		2.7900000e+02		2.7850000e+02		1.0921797e+02		1.3183319e+02		4.2540849e+02		2.1120158e+02		1.8778763e+02		2.3413945e+01
2.7900000e+02		2.8000000e+02		2.7950000e+02		6.1368404e+01		7.4038322e+01		2.3864092e+02		1.1837449e+02		1.0490051e+02		1.3473987e+01
2.8000000e+02		2.8100000e+02		2.8050000e+02		6.7313201e+01		8.1167426e+01		2.6132190e+02		1.2951066e+02		1.1438132e+02		1.5129338e+01
2.8100000e+02		2.8200000e+02		2.8150000e+02		1.3943196e+02		1.6803616e+02		5.4038256e+02		2.6757280e+02		2.3550621e+02		3.2066588e+01
2.8200000e+02		2.8300000e+02		2.8250000e+02		1.8983287e+02		2.2864421e+02		7.3445005e+02		3.6333595e+02		3.1868409e+02		4.4651861e+01
2.8300000e+02		2.8400000e+02		2.8350000e+02		1.9610227e+02		2.3605306e+02		7.5738075e+02		3.7433506e+02		3.2717873e+02		4.7156330e+01
2.8400000e+02		2.8500000e+02		2.8450000e+02		1.4459284e+02		1.7394112e+02		5.5745346e+02		2.7526425e+02		2.3973310e+02		3.5531150e+01
2.8500000e+02		2.8600000e+02		2.8550000e+02		9.2944992e+01		1.1173790e+02		3.5769090e+02		1.7645702e+02		1.5312707e+02		2.3329944e+01
2.8600000e+02		2.8700000e+02		2.8650000e+02		1.9045522e+02		2.2881126e+02		7.3161933e+02		3.6057958e+02		3.1176719e+02		4.8812393e+01
2.8700000e+02		2.8800000e+02		2.8750000e+02		2.2108403e+02		2.6542584e+02		8.4771690e+02		4.1739466e+02		3.5956210e+02		5.7832560e+01
2.8800000e+02		2.8900000e+02		2.8850000e+02		2.1010240e+02		2.5206340e+02		8.0411264e+02		3.9553810e+02		3.3946480e+02		5.6073302e+01
2.8900000e+02		2.9000000e+02		2.8950000e+02		3.1885068e+02		3.8225313e+02		1.2180281e+03		5.9854877e+02		5.1176099e+02		8.6787785e+01
2.9000000e+02		2.9100000e+02		2.9050000e+02		4.1860542e+02		5.0147096e+02		1.5960663e+03		7.8353710e+02		6.6737565e+02		1.1616145e+02
2.9100000e+02		2.9200000e+02		2.9150000e+02		4.0318642e+02		4.8263266e+02		1.5343366e+03		7.5247368e+02		6.3845069e+02		1.1402298e+02
2.9200000e+02		2.9300000e+02		2.9250000e+02		3.5818014e+02		4.2842533e+02		1.3604350e+03		6.6650948e+02		5.6331314e+02		1.0319633e+02
2.9300000e+02		2.9400000e+02		2.9350000e+02		3.7393440e+02		4.4691521e+02		1.4175115e+03		6.9375941e+02		5.8403967e+02		1.0971975e+02
2.9400000e+02		2.9500000e+02		2.9450000e+02		3.4819581e+02		4.1581762e+02		1.3173563e+03		6.4407345e+02		5.4005911e+02		1.0401435e+02
2.9500000e+02		2.9600000e+02		2.9550000e+02		3.7701055e+02		4.4985891e+02		1.4235603e+03		6.9527082e+02		5.8065079e+02		1.1462002e+02
2.9600000e+02		2.9700000e+02		2.9650000e+02		3.4493460e+02		4.1124176e+02		1.2998589e+03		6.3418599e+02		5.2749170e+02		1.0669428e+02
2.9700000e+02		2.9800000e+02		2.9750000e+02		3.5165811e+02		4.1890267e+02		1.3225496e+03		6.4457155e+02		5.3393830e+02		1.1063325e+02
2.9800000e+02		2.9900000e+02		2.9850000e+02		3.0223333e+02		3.5971751e+02		1.1343857e+03		5.5227473e+02		4.5559526e+02		9.6679464e+01
2.9900000e+02		3.0000000e+02		2.9950000e+02		3.4101318e+02		4.0551982e+02		1.2773565e+03		6.2121004e+02		5.1032855e+02		1.1088149e+02
3.0000000e+02		3.0100000e+02		3.0050000e+02		2.7131061e+02		3.2234773e+02		1.0142059e+03		4.9269846e+02		4.0305415e+02		8.9644303e+01
3.0100000e+02		3.0200000e+02		3.0150000e+02		3.1202593e+02		3.7039141e+02		1.1640313e+03		5.6486583e+02		4.6013141e+02		1.0473442e+02
3.0200000e+02		3.0300000e+02		3.0250000e+02		3.2846528e+02		3.8955412e+02		1.2228537e+03		5.9275851e+02		4.8078674e+02		1.1197177e+02
3.0300000e+02		3.0400000e+02		3.0350000e+02		4.2601061e+02		5.0478080e+02		1.5827538e+03		7.6636630e+02		6.1891794e+02		1.4744836e+02
3.0400000e+02		3.0500000e+02		3.0450000e+02		4.0776836e+02		4.8272103e+02		1.5118597e+03		7.3122584e+02		5.8796870e+02		1.4325714e+02
3.0500000e+02		3.0600000e+02		3.0550000e+02		4.1174793e+02		4.8697966e+02		1.5234627e+03		7.3601425e+02		5.8922218e+02		1.4679208e+02
3.0600000e+02		3.0700000e+02		3.0650000e+02		3.9053943e+02		4.6146381e+02		1.4420005e+03		6.9587569e+02		5.5462446e+02		1.4125122e+02
3.0700000e+02		3.0800000e+02		3.0750000e+02		4.3847484e+02		5.1761596e+02		1.6156353e+03		7.7878754e+02		6.1793860e+02		1.6084894e+02
3.0800000e+02		3.0900000e+02		3.0850000e+02		4.3035211e+02		5.0754461e+02		1.5824098e+03		7.6190663e+02		6.0182700e+02		1.6007964e+02
3.0900000e+02		3.1000000e+02		3.0950000e+02		3.4901328e+02		4.1122246e+02		1.2806542e+03		6.1591332e+02		4.8430378e+02		1.3160955e+02
3.1000000e+02		3.1100000e+02		3.1050000e+02		4.3927411e+02		5.1707383e+02		1.6084931e+03		7.7269798e+02		6.0481324e+02		1.6788474e+02
3.1100000e+02		3.1200000e+02		3.1150000e+02		5.2246540e+02		6.1440428e+02		1.9091227e+03		9.1606288e+02		7.1373190e+02		2.0233098e+02
3.1200000e+02		3.1300000e+02		3.1250000e+02		4.6521908e+02		5.4655244e+02		1.6963904e+03		8.1304812e+02		6.3053557e+02		1.8251255e+02
3.1300000e+02		3.1400000e+02		3.1350000e+02		4.9544367e+02		5.8149270e+02		1.8028271e+03		8.6306151e+02		6.6619896e+02		1.9686255e+02
3.1400000e+02		3.1500000e+02		3.1450000e+02		4.6729179e+02		5.4791353e+02		1.6968333e+03		8.1137649e+02		6.2336007e+02		1.8801642e+02
3.1500000e+02		3.1600000e+02		3.1550000e+02		4.5343123e+02		5.3113826e+02		1.6430609e+03		7.8474925e+02		6.0005003e+02		1.8469921e+02
3.1600000e+02		3.1700000e+02		3.1650000e+02		4.4229406e+02		5.1758076e+02		1.5993545e+03		7.6298239e+02		5.8062650e+02		1.8235589e+02
3.1700000e+02		3.1800000e+02		3.1750000e+02		5.6102832e+02		6.5587546e+02		2.0244646e+03		9.6465306e+02		7.3057566e+02		2.3407740e+02
3.1800000e+02		3.1900000e+02		3.1850000e+02		4.6340678e+02		5.4121203e+02		1.6687073e+03		7.9420209e+02		5.9858091e+02		1.9562118e+02
3.1900000e+02		3.2000000e+02		3.1950000e+02		4.9774832e+02		5.8074083e+02		1.7886310e+03		8.5027683e+02		6.3772903e+02		2.1254781e+02
3.2000000e+02		3.2100000e+02		3.2050000e+02		5.7184857e+02		6.6653089e+02		2.0506245e+03		9.7367359e+02		7.2670741e+02		2.4696617e+02
3.2100000e+02		3.2200000e+02		3.2150000e+02		4.8024660e+02		5.5920308e+02		1.7185601e+03		8.1503946e+02		6.0531538e+02		2.0972408e+02
3.2200000e+02		3.2300000e+02		3.2250000e+02		4.8228681e+02		5.6101712e+02		1.7222749e+03		8.1583467e+02		6.0290480e+02		2.1292987e+02
3.2300000e+02		3.2400000e+02		3.2350000e+02		4.6607071e+02		5.4161117e+02		1.6609137e+03		7.8583566e+02		5.7784136e+02		2.0799430e+02
3.2400000e+02		3.2500000e+02		3.2450000e+02		5.4882129e+02		6.3713513e+02		1.9517585e+03		9.2234839e+02		6.7482182e+02		2.4752657e+02
3.2500000e+02		3.2600000e+02		3.2550000e+02		6.3196128e+02		7.3291856e+02		2.2427833e+03		1.0586194e+03		7.7061646e+02		2.8800294e+02
3.2600000e+02		3.2700000e+02		3.2650000e+02		7.1301257e+02		8.2608942e+02		2.5252114e+03		1.1905108e+03		8.6223036e+02		3.2828049e+02
3.2700000e+02		3.2800000e+02		3.2750000e+02		6.8984049e+02		7.9844180e+02		2.4381201e+03		1.1480831e+03		8.2726026e+02		3.2082287e+02
3.2800000e+02		3.2900000e+02		3.2850000e+02		6.6596082e+02		7.7003095e+02		2.3488930e+03		1.1047493e+03		7.9195213e+02		3.1279717e+02
3.2900000e+02		3.3000000e+02		3.2950000e+02		7.7527139e+02		8.9552658e+02		2.7288452e+03		1.2819213e+03		9.1421964e+02		3.6770163e+02
3.3000000e+02		3.3100000e+02		3.3050000e+02		7.3029799e+02		8.4273391e+02		2.5653015e+03		1.2036566e+03		8.5395220e+02		3.4970438e+02
3.3100000e+02		3.3200000e+02		3.3150000e+02		6.9881652e+02		8.0560042e+02		2.4497249e+03		1.1480561e+03		8.1025879e+02		3.3779729e+02
3.3200000e+02		3.3300000e+02		3.3250000e+02		6.8562051e+02		7.8959992e+02		2.3985934e+03		1.1227523e+03		7.8824701e+02		3.3450529e+02
3.3300000e+02		3.3400000e+02		3.3350000e+02		6.5878216e+02		7.5793612e+02		2.3000447e+03		1.0753384e+03		7.5098186e+02		3.2435654e+02
3.3400000e+02		3.3500000e+02		3.3450000e+02		6.9405546e+02		7.9772505e+02		2.4183174e+03		1.1292857e+03		7.8448085e+02		3.4480482e+02
3.3500000e+02		3.3600000e+02		3.3550000e+02		6.8541663e+02		7.8701472e+02		2.3834257e+03		1.1116650e+03		7.6813073e+02		3.4353424e+02
3.3600000e+02		3.3700000e+02		3.3650000e+02		5.6469084e+02		6.4775250e+02		1.9596966e+03		9.1294197e+02		6.2744503e+02		2.8549694e+02
3.3700000e+02		3.3800000e+02		3.3750000e+02		5.9573781e+02		6.8269183e+02		2.0633255e+03		9.6007336e+02		6.5629175e+02		3.0378161e+02
3.3800000e+02		3.3900000e+02		3.3850000e+02		6.4448401e+02		7.3782607e+02		2.2277307e+03		1.0353378e+03		7.0392027e+02		3.3141752e+02
3.3900000e+02		3.4000000e+02		3.3950000e+02		6.7448220e+02		7.7141106e+02		2.3268188e+03		1.0801028e+03		7.3037241e+02		3.4973035e+02
3.4000000e+02		3.4100000e+02		3.4050000e+02		7.1196374e+02		8.1348216e+02		2.4512925e+03		1.1365310e+03		7.6434173e+02		3.7218925e+02
3.4100000e+02		3.4200000e+02		3.4150000e+02		6.4984945e+02		7.4178670e+02		2.2330526e+03		1.0341161e+03		6.9165871e+02		3.4245736e+02
3.4200000e+02		3.4300000e+02		3.4250000e+02		7.0477558e+02		8.0370131e+02		2.4170732e+03		1.1180081e+03		7.4365788e+02		3.7435023e+02
3.4300000e+02		3.4400000e+02		3.4350000e+02		6.9264465e+02		7.8910232e+02		2.3708610e+03		1.0953345e+03		7.2455304e+02		3.7078143e+02
3.4400000e+02		3.4500000e+02		3.4450000e+02		5.5710877e+02		6.3407901e+02		1.9032517e+03		8.7826010e+02		5.7773866e+02		3.0052144e+02
3.4500000e+02		3.4600000e+02		3.4550000e+02		6.7138909e+02		7.6341342e+02		2.2892604e+03		1.0551378e+03		6.9022724e+02		3.6491054e+02
3.4600000e+02		3.4700000e+02		3.4650000e+02		6.5194093e+02		7.4058948e+02		2.2186967e+03		1.0214094e+03		6.6442710e+02		3.5698231e+02
3.4700000e+02		3.4800000e+02		3.4750000e+02		6.4525828e+02		7.3229884e+02		2.1917764e+03		1.0078293e+03		6.5191218e+02		3.5591717e+02
3.4800000e+02		3.4900000e+02		3.4850000e+02		6.6761091e+02		7.5694689e+02		2.2634104e+03		1.0395463e+03		6.6863750e+02		3.7090884e+02
3.4900000e+02		3.5000000e+02		3.4950000e+02		6.3989005e+02		7.2483033e+02		2.1653432e+03		9.9334046e+02		6.3530181e+02		3.5803866e+02
3.5000000e+02		3.5100000e+02		3.5050000e+02		7.6650484e+02		8.6743463e+02		2.5889409e+03		1.1862752e+03		7.5438479e+02		4.3189037e+02
3.5100000e+02		3.5200000e+02		3.5150000e+02		7.1211510e+02		8.0512775e+02		2.4007542e+03		1.0987630e+03		6.9474845e+02		4.0401454e+02
3.5200000e+02		3.5300000e+02		3.5250000e+02		6.5785102e+02		7.4308213e+02		2.2137051e+03		1.0119762e+03		6.3621020e+02		3.7576601e+02
3.5300000e+02		3.5400000e+02		3.5350000e+02		7.5263834e+02		8.4936085e+02		2.5280040e+03		1.1543134e+03		7.2152540e+02		4.3278797e+02
3.5400000e+02		3.5500000e+02		3.5450000e+02		8.0329241e+02		9.0568715e+02		2.6932014e+03		1.2283199e+03		7.6335737e+02		4.6496256e+02
3.5500000e+02		3.5600000e+02		3.5550000e+02		7.5433512e+02		8.4970768e+02		2.5244561e+03		1.1500282e+03		7.1056607e+02		4.3946217e+02
3.5600000e+02		3.5700000e+02		3.5650000e+02		6.5576441e+02		7.3799906e+02		2.1906061e+03		9.9679154e+02		6.1230958e+02		3.8448196e+02
3.5700000e+02		3.5800000e+02		3.5750000e+02		5.7307986e+02		6.4435910e+02		1.9109494e+03		8.6854039e+02		5.3041864e+02		3.3812175e+02
3.5800000e+02		3.5900000e+02		3.5850000e+02		4.9194729e+02		5.5263499e+02		1.6374759e+03		7.4339212e+02		4.5133621e+02		2.9205590e+02
3.5900000e+02		3.6000000e+02		3.5950000e+02		7.1030971e+02		7.9721728e+02		2.3601037e+03		1.0702318e+03		6.4595919e+02		4.2427257e+02
3.6000000e+02		3.6100000e+02		3.6050000e+02		7.0092701e+02		7.8598288e+02		2.3248123e+03		1.0530278e+03		6.3183516e+02		4.2119268e+02
3.6100000e+02		3.6200000e+02		3.6150000e+02		6.5110481e+02		7.2946548e+02		2.1557705e+03		9.7535175e+02		5.8177315e+02		3.9357860e+02
3.6200000e+02		3.6300000e+02		3.6250000e+02		7.3500056e+02		8.2272994e+02		2.4292970e+03		1.0978619e+03		6.5096931e+02		4.4689263e+02
3.6300000e+02		3.6400000e+02		3.6350000e+02		7.1558904e+02		8.0029731e+02		2.3610368e+03		1.0658102e+03		6.2821034e+02		4.3759990e+02
3.6400000e+02		3.6500000e+02		3.6450000e+02		7.4837927e+02		8.3623772e+02		2.4649709e+03		1.1114773e+03		6.5122392e+02		4.6025341e+02
3.6500000e+02		3.6600000e+02		3.6550000e+02		8.5179486e+02		9.5096743e+02		2.8007922e+03		1.2614879e+03		7.3469930e+02		5.2678859e+02
3.6600000e+02		3.6700000e+02		3.6650000e+02		9.1042532e+02		1.0155467e+03		2.9884838e+03		1.3445229e+03		7.7836614e+02		5.6615678e+02
3.6700000e+02		3.6800000e+02		3.6750000e+02		8.7909512e+02		9.7975775e+02		2.8807663e+03		1.2946197e+03		7.4497142e+02		5.4964830e+02
3.6800000e+02		3.6900000e+02		3.6850000e+02		8.1047729e+02		9.0251266e+02		2.6514503e+03		1.1902450e+03		6.8078193e+02		5.0946303e+02
3.6900000e+02		3.7000000e+02		3.6950000e+02		8.9967825e+02		1.0009944e+03		2.9383616e+03		1.3175849e+03		7.4906116e+02		5.6852375e+02
3.7000000e+02		3.7100000e+02		3.7050000e+02		8.4427990e+02		9.3856690e+02		2.7528641e+03		1.2330495e+03		6.9675324e+02		5.3629623e+02
3.7100000e+02		3.7200000e+02		3.7150000e+02		8.7164560e+02		9.6817857e+02		2.8374191e+03		1.2695314e+03		7.1300853e+02		5.5652290e+02
3.7200000e+02		3.7300000e+02		3.7250000e+02		7.2411383e+02		8.0363991e+02		2.3533176e+03		1.0517842e+03		5.8711578e+02		4.6466845e+02
3.7300000e+02		3.7400000e+02		3.7350000e+02		6.3155746e+02		7.0034020e+02		2.0491873e+03		9.1486255e+02		5.0756534e+02		4.0729722e+02
3.7400000e+02		3.7500000e+02		3.7450000e+02		6.4642322e+02		7.1623754e+02		2.0940437e+03		9.3387766e+02		5.1494206e+02		4.1893561e+02
3.7500000e+02		3.7600000e+02		3.7550000e+02		7.4036161e+02		8.1965367e+02		2.3945154e+03		1.0667285e+03		5.8458539e+02		4.8214314e+02
3.7600000e+02		3.7700000e+02		3.7650000e+02		7.6758018e+02		8.4910039e+02		2.4786054e+03		1.1030055e+03		6.0074601e+02		5.0225952e+02
3.7700000e+02		3.7800000e+02		3.7750000e+02		9.0048278e+02		9.9531814e+02		2.9031793e+03		1.2905660e+03		6.9856401e+02		5.9200202e+02
3.7800000e+02		3.7900000e+02		3.7850000e+02		9.3786543e+02		1.0358114e+03		3.0189695e+03		1.3406123e+03		7.2116669e+02		6.1944563e+02
3.7900000e+02		3.8000000e+02		3.7950000e+02		7.6051322e+02		8.3927255e+02		2.4442727e+03		1.0842622e+03		5.7965162e+02		5.0461053e+02
3.8000000e+02		3.8100000e+02		3.8050000e+02		8.2814537e+02		9.1319045e+02		2.6575354e+03		1.1776222e+03		6.2565216e+02		5.5197001e+02
3.8100000e+02		3.8200000e+02		3.8150000e+02		7.4366886e+02		8.1939886e+02		2.3827945e+03		1.0547703e+03		5.5689473e+02		4.9787553e+02
3.8200000e+02		3.8300000e+02		3.8250000e+02		5.3336093e+02		5.8721937e+02		1.7063480e+03		7.5454544e+02		3.9589773e+02		3.5864771e+02
3.8300000e+02		3.8400000e+02		3.8350000e+02		4.7073026e+02		5.1786570e+02		1.5037057e+03		6.6424650e+02		3.4634069e+02		3.1790581e+02
3.8400000e+02		3.8500000e+02		3.8450000e+02		6.2969557e+02		6.9221972e+02		2.0084941e+03		8.8631439e+02		4.5923291e+02		4.2708148e+02
3.8500000e+02		3.8600000e+02		3.8550000e+02		6.6694888e+02		7.3261637e+02		2.1241568e+03		9.3638999e+02		4.8213357e+02		4.5425642e+02
3.8600000e+02		3.8700000e+02		3.8650000e+02		6.6977732e+02		7.3516985e+02		2.1300186e+03		9.3801280e+02		4.7993157e+02		4.5808123e+02
3.8700000e+02		3.8800000e+02		3.8750000e+02		6.6902499e+02		7.3379577e+02		2.1245116e+03		9.3463456e+02		4.7518966e+02		4.5944490e+02
3.8800000e+02		3.8900000e+02		3.8850000e+02		6.7841027e+02		7.4353827e+02		2.1511853e+03		9.4540986e+02		4.7763331e+02		4.6777655e+02
3.8900000e+02		3.9000000e+02		3.8950000e+02		8.1451188e+02		8.9204921e+02		2.5790295e+03		1.1322971e+03		5.6843272e+02		5.6386443e+02
3.9000000e+02		3.9100000e+02		3.9050000e+02		8.5560997e+02		9.3637569e+02		2.7052849e+03		1.1865366e+03		5.9188716e+02		5.9464948e+02
3.9100000e+02		3.9200000e+02		3.9150000e+02		9.2006232e+02		1.0061827e+03		2.9049422e+03		1.2728345e+03		6.3090483e+02		6.4192966e+02
3.9200000e+02		3.9300000e+02		3.9250000e+02		7.0614281e+02		7.7168470e+02		2.2263870e+03		9.7454891e+02		4.7998188e+02		4.9456703e+02
3.9300000e+02		3.9400000e+02		3.9350000e+02		4.3291589e+02		4.7276032e+02		1.3630264e+03		5.9604366e+02		2.9169151e+02		3.0435215e+02
3.9400000e+02		3.9500000e+02		3.9450000e+02		7.1565803e+02		7.8097222e+02		2.2501094e+03		9.8299331e+02		4.7798703e+02		5.0500628e+02
3.9500000e+02		3.9600000e+02		3.9550000e+02		8.7888136e+02		9.5841859e+02		2.7595002e+03		1.2043501e+03		5.8188016e+02		6.2246992e+02
3.9600000e+02		3.9700000e+02		3.9650000e+02		6.0712893e+02		6.6161178e+02		1.9036535e+03		8.3001875e+02		3.9845518e+02		4.3156357e+02
3.9700000e+02		3.9800000e+02		3.9750000e+02		6.8053003e+02		7.4108718e+02		2.1309132e+03		9.2820893e+02		4.4273482e+02		4.8547411e+02
3.9800000e+02		3.9900000e+02		3.9850000e+02		1.0480559e+03		1.1405348e+03		3.2773215e+03		1.4262030e+03		6.7589829e+02		7.5030471e+02
3.9900000e+02		4.0000000e+02		3.9950000e+02		1.1577145e+03		1.2590124e+03		3.6154043e+03		1.5718235e+03		7.4011913e+02		8.3170437e+02
4.0000000e+02		4.0100000e+02		4.0050000e+02		1.1939713e+03		1.2975652e+03		3.7237002e+03		1.6173669e+03		7.5665886e+02		8.6070802e+02
4.0100000e+02		4.0200000e+02		4.0150000e+02		1.2509583e+03		1.3585864e+03		3.8963115e+03		1.6907398e+03		7.8588328e+02		9.0485652e+02
4.0200000e+02		4.0300000e+02		4.0250000e+02		1.2664199e+03		1.3744649e+03		3.9393372e+03		1.7078034e+03		7.8868736e+02		9.1911600e+02
4.0300000e+02		4.0400000e+02		4.0350000e+02		1.2115903e+03		1.3140912e+03		3.7639200e+03		1.6302305e+03		7.4799366e+02		8.8223682e+02
4.0400000e+02		4.0500000e+02		4.0450000e+02		1.1914959e+03		1.2914523e+03		3.6967564e+03		1.5996528e+03		7.2921024e+02		8.7044256e+02
4.0500000e+02		4.0600000e+02		4.0550000e+02		1.1904731e+03		1.2895073e+03		3.6888931e+03		1.5947756e+03		7.2227242e+02		8.7250314e+02
4.0600000e+02		4.0700000e+02		4.0650000e+02		1.1388815e+03		1.2328308e+03		3.5245827e+03		1.5223417e+03		6.8499035e+02		8.3735140e+02
4.0700000e+02		4.0800000e+02		4.0750000e+02		1.1575323e+03		1.2522211e+03		3.5778278e+03		1.5439285e+03		6.9018703e+02		8.5374145e+02
4.0800000e+02		4.0900000e+02		4.0850000e+02		1.2307397e+03		1.3305750e+03		3.7993921e+03		1.6380513e+03		7.2749666e+02		9.1055463e+02
4.0900000e+02		4.1000000e+02		4.0950000e+02		1.2243097e+03		1.3227932e+03		3.7748977e+03		1.6260225e+03		7.1744831e+02		9.0857424e+02
4.1000000e+02		4.1100000e+02		4.1050000e+02		1.1216634e+03		1.2111362e+03		3.4541948e+03		1.4865466e+03		6.5162820e+02		8.3491845e+02
4.1100000e+02		4.1200000e+02		4.1150000e+02		1.3003372e+03		1.4031962e+03		3.9995858e+03		1.7197266e+03		7.4891899e+02		9.7080762e+02
4.1200000e+02		4.1300000e+02		4.1250000e+02		1.2760342e+03		1.3761283e+03		3.9201296e+03		1.6840689e+03		7.2859515e+02		9.5547373e+02
4.1300000e+02		4.1400000e+02		4.1350000e+02		1.2308584e+03		1.3266035e+03		3.7768487e+03		1.6210873e+03		6.9675613e+02		9.2433116e+02
4.1400000e+02		4.1500000e+02		4.1450000e+02		1.2488872e+03		1.3452248e+03		3.8276514e+03		1.6414548e+03		7.0088755e+02		9.4056721e+02
4.1500000e+02		4.1600000e+02		4.1550000e+02		1.2477523e+03		1.3432005e+03		3.8197019e+03		1.6366209e+03		6.9424008e+02		9.4238078e+02
4.1600000e+02		4.1700000e+02		4.1650000e+02		1.2947363e+03		1.3929539e+03		3.9589369e+03		1.6948123e+03		7.1420449e+02		9.8060778e+02
4.1700000e+02		4.1800000e+02		4.1750000e+02		1.1781342e+03		1.2667629e+03		3.5982587e+03		1.5390834e+03		6.4431733e+02		8.9476607e+02
4.1800000e+02		4.1900000e+02		4.1850000e+02		1.2217101e+03		1.3128527e+03		3.7270937e+03		1.5928291e+03		6.6243135e+02		9.3039776e+02
4.1900000e+02		4.2000000e+02		4.1950000e+02		1.2338424e+03		1.3251252e+03		3.7598501e+03		1.6054649e+03		6.6329083e+02		9.4217408e+02
4.2000000e+02		4.2100000e+02		4.2050000e+02		1.2494927e+03		1.3411658e+03		3.8032718e+03		1.6226372e+03		6.6596836e+02		9.5666880e+02
4.2100000e+02		4.2200000e+02		4.2150000e+02		1.2299982e+03		1.3194923e+03		3.7397711e+03		1.5942086e+03		6.4998589e+02		9.4422274e+02
4.2200000e+02		4.2300000e+02		4.2250000e+02		1.1657134e+03		1.2498269e+03		3.5404079e+03		1.5079670e+03		6.1076603e+02		8.9720099e+02
4.2300000e+02		4.2400000e+02		4.2350000e+02		1.2419943e+03		1.3308695e+03		3.7679585e+03		1.6035607e+03		6.4519416e+02		9.5836650e+02
4.2400000e+02		4.2500000e+02		4.2450000e+02		1.2850442e+03		1.3762388e+03		3.8943375e+03		1.6559831e+03		6.6188228e+02		9.9410087e+02
4.2500000e+02		4.2600000e+02		4.2550000e+02		1.2367256e+03		1.3237652e+03		3.7438796e+03		1.5907046e+03		6.3158539e+02		9.5911925e+02
4.2600000e+02		4.2700000e+02		4.2650000e+02		1.2316584e+03		1.3176250e+03		3.7245666e+03		1.5812156e+03		6.2366195e+02		9.5755361e+02
4.2700000e+02		4.2800000e+02		4.2750000e+02		1.1420512e+03		1.2211052e+03		3.4499430e+03		1.4634477e+03		5.7338860e+02		8.9005914e+02
4.2800000e+02		4.2900000e+02		4.2850000e+02		1.1495483e+03		1.2284647e+03		3.4689524e+03		1.4703337e+03		5.7226802e+02		8.9806563e+02
4.2900000e+02		4.3000000e+02		4.2950000e+02		1.0698649e+03		1.1427056e+03		3.2251410e+03		1.3659060e+03		5.2809773e+02		8.3780824e+02
4.3000000e+02		4.3100000e+02		4.3050000e+02		8.6065012e+02		9.1876402e+02		2.5917845e+03		1.0968009e+03		4.2123985e+02		6.7556108e+02
4.3100000e+02		4.3200000e+02		4.3150000e+02		1.0641754e+03		1.1354407e+03		3.2014135e+03		1.3537230e+03		5.1646140e+02		8.3726156e+02
4.3200000e+02		4.3300000e+02		4.3250000e+02		1.1990384e+03		1.2786750e+03		3.6034769e+03		1.5225485e+03		5.7701087e+02		9.4553760e+02
4.3300000e+02		4.3400000e+02		4.3350000e+02		1.3017454e+03		1.3874933e+03		3.9082159e+03		1.6500289e+03		6.2116595e+02		1.0288630e+03
4.3400000e+02		4.3500000e+02		4.3450000e+02		1.1054356e+03		1.1776548e+03		3.3155342e+03		1.3987253e+03		5.2305843e+02		8.7566683e+02
4.3500000e+02		4.3600000e+02		4.3550000e+02		1.2347447e+03		1.3147504e+03		3.6997171e+03		1.5596083e+03		5.7934011e+02		9.8026824e+02
4.3600000e+02		4.3700000e+02		4.3650000e+02		1.3814970e+03		1.4702784e+03		4.1353878e+03		1.7419418e+03		6.4276257e+02		1.0991793e+03
4.3700000e+02		4.3800000e+02		4.3750000e+02		1.2223713e+03		1.3002838e+03		3.6555105e+03		1.5386436e+03		5.6396549e+02		9.7467816e+02
4.3800000e+02		4.3900000e+02		4.3850000e+02		1.1905029e+03		1.2657639e+03		3.5567845e+03		1.4959683e+03		5.4466966e+02		9.5129868e+02
4.3900000e+02		4.4000000e+02		4.3950000e+02		1.3250738e+03		1.4081580e+03		3.9550590e+03		1.6622443e+03		6.0117476e+02		1.0610696e+03
4.4000000e+02		4.4100000e+02		4.4050000e+02		1.2562739e+03		1.3344016e+03		3.7461624e+03		1.5732862e+03		5.6520708e+02		1.0080792e+03
4.4100000e+02		4.4200000e+02		4.4150000e+02		1.3817384e+03		1.4669685e+03		4.1164323e+03		1.7275220e+03		6.1647620e+02		1.1110458e+03
4.4200000e+02		4.4300000e+02		4.4250000e+02		1.4526378e+03		1.5415117e+03		4.3236337e+03		1.8131559e+03		6.4271695e+02		1.1704389e+03
4.4300000e+02		4.4400000e+02		4.4350000e+02		1.4050936e+03		1.4903596e+03		4.1782718e+03		1.7509299e+03		6.1651589e+02		1.1344140e+03
4.4400000e+02		4.4500000e+02		4.4450000e+02		1.4475318e+03		1.5346595e+03		4.3005388e+03		1.8008724e+03		6.2986644e+02		1.1710060e+03
4.4500000e+02		4.4600000e+02		4.4550000e+02		1.3420773e+03		1.4222021e+03		3.9836304e+03		1.6669757e+03		5.7914055e+02		1.0878352e+03
4.4600000e+02		4.4700000e+02		4.4650000e+02		1.3689269e+03		1.4499922e+03		4.0596810e+03		1.6975965e+03		5.8583801e+02		1.1117585e+03
4.4700000e+02		4.4800000e+02		4.4750000e+02		1.4837056e+03		1.5708564e+03		4.3961540e+03		1.8370032e+03		6.2971011e+02		1.2072931e+03
4.4800000e+02		4.4900000e+02		4.4850000e+02		1.4587166e+03		1.5437066e+03		4.3183013e+03		1.8032111e+03		6.1399421e+02		1.1892169e+03
4.4900000e+02		4.5000000e+02		4.4950000e+02		1.4737837e+03		1.5589578e+03		4.3590910e+03		1.8189815e+03		6.1522269e+02		1.2037588e+03
4.5000000e+02		4.5100000e+02		4.5050000e+02		1.5636828e+03		1.6533231e+03		4.6209822e+03		1.9269368e+03		6.4737711e+02		1.2795597e+03
4.5100000e+02		4.5200000e+02		4.5150000e+02		1.5589734e+03		1.6476233e+03		4.6031067e+03		1.9181704e+03		6.4012136e+02		1.2780490e+03
4.5200000e+02		4.5300000e+02		4.5250000e+02		1.4757889e+03		1.5590328e+03		4.3537804e+03		1.8130413e+03		6.0099057e+02		1.2120508e+03
4.5300000e+02		4.5400000e+02		4.5350000e+02		1.4141855e+03		1.4933130e+03		4.1685192e+03		1.7347230e+03		5.7118196e+02		1.1635410e+03
4.5400000e+02		4.5500000e+02		4.5450000e+02		1.5096596e+03		1.5934506e+03		4.4462183e+03		1.8490485e+03		6.0475118e+02		1.2442974e+03
4.5500000e+02		4.5600000e+02		4.5550000e+02		1.4952815e+03		1.5776085e+03		4.4002179e+03		1.8287022e+03		5.9409396e+02		1.2346082e+03
4.5600000e+02		4.5700000e+02		4.5650000e+02		1.5527317e+03		1.6375367e+03		4.5655199e+03		1.8961486e+03		6.1188250e+02		1.2842662e+03
4.5700000e+02		4.5800000e+02		4.5750000e+02		1.5677329e+03		1.6526718e+03		4.6058691e+03		1.9116532e+03		6.1275666e+02		1.2988965e+03
4.5800000e+02		4.5900000e+02		4.5850000e+02		1.4734199e+03		1.5526107e+03		4.3252859e+03		1.7940302e+03		5.7120475e+02		1.2228255e+03
4.5900000e+02		4.6000000e+02		4.5950000e+02		1.5222067e+03		1.6033662e+03		4.4649206e+03		1.8507515e+03		5.8531976e+02		1.2654317e+03
4.6000000e+02		4.6100000e+02		4.6050000e+02		1.5039223e+03		1.5834674e+03		4.4077844e+03		1.8258965e+03		5.7359348e+02		1.2523031e+03
4.6100000e+02		4.6200000e+02		4.6150000e+02		1.5386000e+03		1.6193310e+03		4.5058684e+03		1.8653390e+03		5.8206137e+02		1.2832777e+03
4.6200000e+02		4.6300000e+02		4.6250000e+02		1.5538294e+03		1.6347108e+03		4.5469158e+03		1.8811422e+03		5.8306318e+02		1.2980791e+03
4.6300000e+02		4.6400000e+02		4.6350000e+02		1.5018384e+03		1.5793922e+03		4.3913750e+03		1.8156523e+03		5.5899732e+02		1.2566550e+03
4.6400000e+02		4.6500000e+02		4.6450000e+02		1.5281564e+03		1.6064429e+03		4.4649006e+03		1.8449022e+03		5.6420065e+02		1.2807015e+03
4.6500000e+02		4.6600000e+02		4.6550000e+02		1.4760608e+03		1.5510791e+03		4.3094097e+03		1.7795521e+03		5.4057294e+02		1.2389791e+03
4.6600000e+02		4.6700000e+02		4.6650000e+02		1.4854121e+03		1.5603079e+03		4.3334414e+03		1.7883773e+03		5.3961787e+02		1.2487594e+03
4.6700000e+02		4.6800000e+02		4.6750000e+02		1.4997486e+03		1.5747694e+03		4.3719954e+03		1.8031887e+03		5.4044584e+02		1.2627428e+03
4.6800000e+02		4.6900000e+02		4.6850000e+02		1.4665907e+03		1.5393735e+03		4.2721673e+03		1.7609494e+03		5.2425435e+02		1.2366951e+03
4.6900000e+02		4.7000000e+02		4.6950000e+02		1.5086728e+03		1.5829535e+03		4.3915240e+03		1.8090601e+03		5.3497395e+02		1.2740861e+03
4.7000000e+02		4.7100000e+02		4.7050000e+02		1.4256243e+03		1.4952631e+03		4.1467604e+03		1.7072128e+03		5.0147834e+02		1.2057345e+03
4.7100000e+02		4.7200000e+02		4.7150000e+02		1.4904926e+03		1.5627273e+03		4.3323154e+03		1.7825498e+03		5.2010557e+02		1.2624442e+03
4.7200000e+02		4.7300000e+02		4.7250000e+02		1.5269264e+03		1.6003454e+03		4.4350392e+03		1.8237438e+03		5.2856627e+02		1.2951776e+03
4.7300000e+02		4.7400000e+02		4.7350000e+02		1.4995420e+03		1.5710786e+03		4.3524101e+03		1.7887219e+03		5.1494958e+02		1.2737723e+03
4.7400000e+02		4.7500000e+02		4.7450000e+02		1.5448084e+03		1.6179269e+03		4.4806423e+03		1.8403558e+03		5.2627232e+02		1.3140835e+03
4.7500000e+02		4.7600000e+02		4.7550000e+02		1.5413846e+03		1.6137701e+03		4.4675951e+03		1.8339423e+03		5.2093296e+02		1.3130093e+03
4.7600000e+02		4.7700000e+02		4.7650000e+02		1.4853490e+03		1.5545578e+03		4.3022046e+03		1.7650422e+03		4.9801146e+02		1.2670308e+03
4.7700000e+02		4.7800000e+02		4.7750000e+02		1.5508368e+03		1.6225330e+03		4.4888078e+03		1.8405561e+03		5.1584834e+02		1.3247078e+03
4.7800000e+02		4.7900000e+02		4.7850000e+02		1.5358791e+03		1.6063303e+03		4.4424944e+03		1.8205422e+03		5.0683101e+02		1.3137112e+03
4.7900000e+02		4.8000000e+02		4.7950000e+02		1.5403519e+03		1.6104582e+03		4.4524321e+03		1.8235967e+03		5.0429123e+02		1.3193055e+03
4.8000000e+02		4.8100000e+02		4.8050000e+02		1.5442750e+03		1.6140134e+03		4.4607926e+03		1.8260091e+03		5.0158729e+02		1.3244219e+03
4.8100000e+02		4.8200000e+02		4.8150000e+02		1.5475498e+03		1.6168935e+03		4.4672944e+03		1.8276654e+03		4.9869160e+02		1.3289738e+03
4.8200000e+02		4.8300000e+02		4.8250000e+02		1.5416562e+03		1.6102002e+03		4.4473622e+03		1.8185179e+03		4.9288500e+02		1.3256329e+03
4.8300000e+02		4.8400000e+02		4.8350000e+02		1.5183412e+03		1.5853259e+03		4.3772550e+03		1.7888818e+03		4.8161855e+02		1.3072633e+03
4.8400000e+02		4.8500000e+02		4.8450000e+02		1.4920771e+03		1.5573941e+03		4.2987647e+03		1.7558603e+03		4.6957608e+02		1.2862842e+03
4.8500000e+02		4.8600000e+02		4.8550000e+02		1.4021236e+03		1.4630288e+03		4.0370216e+03		1.6480696e+03		4.3781133e+02		1.2102583e+03
4.8600000e+02		4.8700000e+02		4.8650000e+02		1.2173217e+03		1.2697917e+03		3.5027159e+03		1.4291879e+03		3.7713530e+02		1.0520526e+03
4.8700000e+02		4.8800000e+02		4.8750000e+02		1.3927585e+03		1.4523281e+03		4.0049999e+03		1.6332722e+03		4.2811838e+02		1.2051538e+03
4.8800000e+02		4.8900000e+02		4.8850000e+02		1.4651201e+03		1.5273027e+03		4.2104588e+03		1.7161641e+03		4.4685090e+02		1.2693132e+03
4.8900000e+02		4.9000000e+02		4.8950000e+02		1.4372192e+03		1.4977492e+03		4.1277277e+03		1.6815720e+03		4.3492953e+02		1.2466425e+03
4.9000000e+02		4.9100000e+02		4.9050000e+02		1.5307557e+03		1.5947306e+03		4.3936764e+03		1.7889953e+03		4.5963529e+02		1.3293601e+03
4.9100000e+02		4.9200000e+02		4.9150000e+02		1.4425606e+03		1.5023878e+03		4.1380210e+03		1.6840393e+03		4.2979194e+02		1.2542473e+03
4.9200000e+02		4.9300000e+02		4.9250000e+02		1.3729411e+03		1.4294455e+03		3.9359471e+03		1.6009907e+03		4.0588027e+02		1.1951104e+03
4.9300000e+02		4.9400000e+02		4.9350000e+02		1.4509629e+03		1.5102223e+03		4.1571398e+03		1.6901135e+03		4.2562713e+02		1.2644864e+03
4.9400000e+02		4.9500000e+02		4.9450000e+02		1.4929449e+03		1.5534538e+03		4.2748935e+03		1.7371201e+03		4.3455910e+02		1.3025610e+03
4.9500000e+02		4.9600000e+02		4.9550000e+02		1.4663156e+03		1.5252926e+03		4.1961827e+03		1.7042915e+03		4.2351589e+02		1.2807756e+03
4.9600000e+02		4.9700000e+02		4.9650000e+02		1.4846220e+03		1.5438812e+03		4.2461021e+03		1.7237190e+03		4.2550087e+02		1.2982181e+03
4.9700000e+02		4.9800000e+02		4.9750000e+02		1.5123203e+03		1.5722266e+03		4.3228294e+03		1.7540109e+03		4.3010626e+02		1.3239046e+03
4.9800000e+02		4.9900000e+02		4.9850000e+02		1.3744029e+03		1.4284331e+03		3.9263617e+03		1.5923709e+03		3.8788106e+02		1.2044898e+03
4.9900000e+02		5.0000000e+02		4.9950000e+02		1.4721832e+03		1.5296190e+03		4.2033171e+03		1.7038737e+03		4.1229114e+02		1.2915826e+03
