Left Bin Edge (nm)	Right Bin Edge (nm)	Bin Center (nm)		Top of Atm Intensity (erg/s/nm/cm2)		Total Surface Flux (erg/s/nm/cm2)		Total Intensity at BOA (erg/s/nm/cm2)		Total Surface Intensity (erg/s/nm/cm2)		Total Surface Diffuse Intensity (erg/s/nm/cm2)		Total Surface Direct Intensity (erg/s/nm/cm2)
1.0000000e+02		1.0100000e+02		1.0050000e+02		4.4569042e-02		2.4525374e-199		0.0000000e+00		4.2479194e-199		4.2479194e-199		0.0000000e+00
1.0100000e+02		1.0200000e+02		1.0150000e+02		1.7387199e-01		2.8780739e-197		0.0000000e+00		4.9849702e-197		4.9849702e-197		0.0000000e+00
1.0200000e+02		1.0300000e+02		1.0250000e+02		9.2286085e-01		3.0760918e-195		0.0000000e+00		5.3279473e-195		5.3279473e-195		0.0000000e+00
1.0300000e+02		1.0400000e+02		1.0350000e+02		7.0094286e-01		3.0025221e-193		0.0000000e+00		5.2005208e-193		5.2005208e-193		0.0000000e+00
1.0400000e+02		1.0500000e+02		1.0450000e+02		1.4124828e-01		2.6834657e-191		0.0000000e+00		4.6478989e-191		4.6478989e-191		0.0000000e+00
1.0500000e+02		1.0600000e+02		1.0550000e+02		4.8389941e-02		2.2015024e-189		0.0000000e+00		3.8131140e-189		3.8131140e-189		0.0000000e+00
1.0600000e+02		1.0700000e+02		1.0650000e+02		4.5487167e-02		1.6619001e-187		0.0000000e+00		2.8784954e-187		2.8784954e-187		0.0000000e+00
1.0700000e+02		1.0800000e+02		1.0750000e+02		5.0757295e-02		1.1570805e-185		0.0000000e+00		2.0041223e-185		2.0041223e-185		0.0000000e+00
1.0800000e+02		1.0900000e+02		1.0850000e+02		7.1152114e-02		7.4467741e-184		0.0000000e+00		1.2898191e-183		1.2898191e-183		0.0000000e+00
1.0900000e+02		1.1000000e+02		1.0950000e+02		5.5817450e-02		4.4397255e-182		0.0000000e+00		7.6898302e-182		7.6898302e-182		0.0000000e+00
1.1000000e+02		1.1100000e+02		1.1050000e+02		5.4043772e-02		2.4571455e-180		0.0000000e+00		4.2559009e-180		4.2559009e-180		0.0000000e+00
1.1100000e+02		1.1200000e+02		1.1150000e+02		5.0797691e-02		1.2649212e-178		0.0000000e+00		2.1909078e-178		2.1909078e-178		0.0000000e+00
1.1200000e+02		1.1300000e+02		1.1250000e+02		5.1969037e-02		6.0686758e-177		0.0000000e+00		1.0511255e-176		1.0511255e-176		0.0000000e+00
1.1300000e+02		1.1400000e+02		1.1350000e+02		4.1221387e-02		2.7185207e-175		0.0000000e+00		4.7086160e-175		4.7086160e-175		0.0000000e+00
1.1400000e+02		1.1500000e+02		1.1450000e+02		3.1562600e-02		1.1390995e-173		0.0000000e+00		1.9729783e-173		1.9729783e-173		0.0000000e+00
1.1500000e+02		1.1600000e+02		1.1550000e+02		4.3552050e-02		4.4723517e-172		0.0000000e+00		7.7463404e-172		7.7463404e-172		0.0000000e+00
1.1600000e+02		1.1700000e+02		1.1650000e+02		1.0143732e-01		1.6481035e-170		0.0000000e+00		2.8545990e-170		2.8545990e-170		0.0000000e+00
1.1700000e+02		1.1800000e+02		1.1750000e+02		3.6108525e-01		5.7096754e-169		0.0000000e+00		9.8894479e-169		9.8894479e-169		0.0000000e+00
1.1800000e+02		1.1900000e+02		1.1850000e+02		1.2283927e-01		1.8625037e-167		0.0000000e+00		3.2259510e-167		3.2259510e-167		0.0000000e+00
1.1900000e+02		1.2000000e+02		1.1950000e+02		1.7115732e-01		5.7292690e-166		0.0000000e+00		9.9233850e-166		9.9233850e-166		0.0000000e+00
1.2000000e+02		1.2100000e+02		1.2050000e+02		9.3056497e-01		1.6643833e-164		0.0000000e+00		2.8827964e-164		2.8827964e-164		0.0000000e+00
1.2100000e+02		1.2200000e+02		1.2150000e+02		3.6941242e+01		4.5727171e-163		0.0000000e+00		7.9201783e-163		7.9201783e-163		0.0000000e+00
1.2200000e+02		1.2300000e+02		1.2250000e+02		2.4773856e-01		1.1897530e-161		0.0000000e+00		2.0607127e-161		2.0607127e-161		0.0000000e+00
1.2300000e+02		1.2400000e+02		1.2350000e+02		1.3344721e-01		2.9354604e-160		3.4291052e-161		5.0843666e-160		5.0843666e-160		0.0000000e+00
1.2400000e+02		1.2500000e+02		1.2450000e+02		1.0726631e-01		6.8768482e-159		8.2588276e-160		1.1911050e-158		1.1911050e-158		0.0000000e+00
1.2500000e+02		1.2600000e+02		1.2550000e+02		1.0471361e-01		1.5315655e-157		1.8892442e-158		2.6527492e-157		2.6527492e-157		0.0000000e+00
1.2600000e+02		1.2700000e+02		1.2650000e+02		1.4644878e-01		3.2466590e-156		4.1117720e-157		5.6233783e-156		5.6233783e-156		0.0000000e+00
1.2700000e+02		1.2800000e+02		1.2750000e+02		7.6659940e-02		6.5584079e-155		8.5241528e-156		1.1359496e-154		1.1359496e-154		0.0000000e+00
1.2800000e+02		1.2900000e+02		1.2850000e+02		6.1165494e-02		1.2638942e-153		1.6851896e-154		2.1891290e-153		2.1891290e-153		0.0000000e+00
1.2900000e+02		1.3000000e+02		1.2950000e+02		8.1594975e-02		2.3262068e-152		3.1805371e-153		4.0291084e-152		4.0291084e-152		0.0000000e+00
1.3000000e+02		1.3100000e+02		1.3050000e+02		6.7007791e-01		4.0932796e-151		5.7368097e-152		7.0897682e-151		7.0897682e-151		0.0000000e+00
1.3100000e+02		1.3200000e+02		1.3150000e+02		9.0731094e-02		6.8932839e-150		9.8993958e-151		1.1939518e-149		1.1939518e-149		0.0000000e+00
1.3200000e+02		1.3300000e+02		1.3250000e+02		7.0547730e-02		1.1121037e-148		1.6358806e-149		1.9262201e-148		1.9262201e-148		0.0000000e+00
1.3300000e+02		1.3400000e+02		1.3350000e+02		9.5357088e-01		1.7204754e-147		2.5913284e-148		2.9799507e-147		2.9799507e-147		0.0000000e+00
1.3400000e+02		1.3500000e+02		1.3450000e+02		6.5246966e-02		2.5547177e-146		3.9385102e-147		4.4249009e-146		4.4249009e-146		0.0000000e+00
1.3500000e+02		1.3600000e+02		1.3550000e+02		1.3692679e-01		3.6443817e-145		5.7488199e-146		6.3122542e-145		6.3122542e-145		0.0000000e+00
1.3600000e+02		1.3700000e+02		1.3650000e+02		8.9861989e-02		4.9989045e-144		8.0658386e-145		8.6583565e-144		8.6583565e-144		0.0000000e+00
1.3700000e+02		1.3800000e+02		1.3750000e+02		9.2282630e-02		6.5988505e-143		1.0887296e-143		1.1429544e-142		1.1429544e-142		0.0000000e+00
1.3800000e+02		1.3900000e+02		1.3850000e+02		9.4180145e-02		8.3900754e-142		1.4149952e-142		1.4532037e-141		1.4532037e-141		0.0000000e+00
1.3900000e+02		1.4000000e+02		1.3950000e+02		3.1801144e-01		1.0282976e-140		1.7721831e-141		1.7810637e-140		1.7810637e-140		0.0000000e+00
1.4000000e+02		1.4100000e+02		1.4050000e+02		2.7729440e-01		1.2158176e-139		2.1405486e-140		2.1058578e-139		2.1058578e-139		0.0000000e+00
1.4100000e+02		1.4200000e+02		1.4150000e+02		1.3359910e-01		1.3878619e-138		2.4953926e-139		2.4038473e-138		2.4038473e-138		0.0000000e+00
1.4200000e+02		1.4300000e+02		1.4250000e+02		1.4479671e-01		1.5306454e-137		2.8097974e-138		2.6511556e-137		2.6511556e-137		0.0000000e+00
1.4300000e+02		1.4400000e+02		1.4350000e+02		1.6064305e-01		1.6321751e-136		3.0580839e-137		2.8270101e-136		2.8270101e-136		0.0000000e+00
1.4400000e+02		1.4500000e+02		1.4450000e+02		1.5363637e-01		1.6839426e-135		3.2193578e-136		2.9166741e-135		2.9166741e-135		0.0000000e+00
1.4500000e+02		1.4600000e+02		1.4550000e+02		1.6382583e-01		1.6821024e-134		3.2804493e-135		2.9134869e-134		2.9134869e-134		0.0000000e+00
1.4600000e+02		1.4700000e+02		1.4650000e+02		1.9977093e-01		1.6279097e-133		3.2376674e-134		2.8196224e-133		2.8196224e-133		0.0000000e+00
1.4700000e+02		1.4800000e+02		1.4750000e+02		2.4643334e-01		1.5273594e-132		3.0970532e-133		2.6454641e-132		2.6454641e-132		0.0000000e+00
1.4800000e+02		1.4900000e+02		1.4850000e+02		2.4167300e-01		1.3901380e-131		2.8731460e-132		2.4077897e-131		2.4077897e-131		0.0000000e+00
1.4900000e+02		1.5000000e+02		1.4950000e+02		2.1832777e-01		1.2281341e-130		2.5865866e-131		2.1271907e-130		2.1271907e-130		0.0000000e+00
1.5000000e+02		1.5100000e+02		1.5050000e+02		2.4023073e-01		1.0538123e-129		2.2610867e-130		1.8252564e-129		1.8252564e-129		0.0000000e+00
1.5100000e+02		1.5200000e+02		1.5150000e+02		2.5258505e-01		8.7874281e-129		1.9203571e-129		1.5220272e-128		1.5220272e-128		0.0000000e+00
1.5200000e+02		1.5300000e+02		1.5250000e+02		3.2229547e-01		7.1250244e-128		1.5855077e-128		1.2340904e-127		1.2340904e-127		0.0000000e+00
1.5300000e+02		1.5400000e+02		1.5350000e+02		3.5701286e-01		5.6205071e-127		1.2732594e-127		9.7350038e-127		9.7350038e-127		0.0000000e+00
1.5400000e+02		1.5500000e+02		1.5450000e+02		9.5486931e-01		4.3158026e-126		9.9508900e-127		7.4751893e-126		7.4751893e-126		0.0000000e+00
1.5500000e+02		1.5600000e+02		1.5550000e+02		7.8587524e-01		3.2275348e-125		7.5723693e-126		5.5902543e-125		5.5902543e-125		0.0000000e+00
1.5600000e+02		1.5700000e+02		1.5650000e+02		4.6648084e-01		2.3519289e-124		5.6136966e-125		4.0736603e-124		4.0736603e-124		0.0000000e+00
1.5700000e+02		1.5800000e+02		1.5750000e+02		4.2309893e-01		1.6708454e-123		4.0563011e-124		2.8939891e-123		2.8939891e-123		0.0000000e+00
1.5800000e+02		1.5900000e+02		1.5850000e+02		3.9008072e-01		1.1577552e-122		2.8581621e-123		2.0052908e-122		2.0052908e-122		0.0000000e+00
1.5900000e+02		1.6000000e+02		1.5950000e+02		3.8042347e-01		7.8283435e-122		1.9648299e-122		1.3559089e-121		1.3559089e-121		0.0000000e+00
1.6000000e+02		1.6100000e+02		1.6050000e+02		4.1635449e-01		5.1676707e-121		1.3183946e-121		8.9506683e-121		8.9506683e-121		0.0000000e+00
1.6100000e+02		1.6200000e+02		1.6150000e+02		4.7164413e-01		3.3318533e-120		8.6386142e-121		5.7709392e-120		5.7709392e-120		0.0000000e+00
1.6200000e+02		1.6300000e+02		1.6250000e+02		5.2241459e-01		2.0990966e-119		5.5298334e-120		3.6357420e-119		3.6357420e-119		0.0000000e+00
1.6300000e+02		1.6400000e+02		1.6350000e+02		1.1072121e+00		1.2927642e-118		3.4596782e-119		2.2391333e-118		2.2391333e-118		0.0000000e+00
1.6400000e+02		1.6500000e+02		1.6450000e+02		1.1323318e+00		7.7862230e-118		2.1163958e-118		1.3486134e-117		1.3486134e-117		0.0000000e+00
1.6500000e+02		1.6600000e+02		1.6550000e+02		1.3255566e+00		4.5880796e-117		1.2664064e-117		7.9467870e-117		7.9467870e-117		0.0000000e+00
1.6600000e+02		1.6700000e+02		1.6650000e+02		6.2522883e-01		2.6460823e-116		7.4154489e-117		4.5831490e-116		4.5831490e-116		0.0000000e+00
1.6700000e+02		1.6800000e+02		1.6750000e+02		6.6723830e-01		1.4942100e-115		4.2506859e-116		2.5880477e-115		2.5880477e-115		0.0000000e+00
1.6800000e+02		1.6900000e+02		1.6850000e+02		7.1904320e-01		8.2645549e-115		2.3861779e-115		1.4314629e-114		1.4314629e-114		0.0000000e+00
1.6900000e+02		1.7000000e+02		1.6950000e+02		9.0554889e-01		4.4790568e-114		1.3122905e-114		7.7579539e-114		7.7579539e-114		0.0000000e+00
1.7000000e+02		1.7100000e+02		1.7050000e+02		1.0161854e+00		2.3794081e-113		7.0729052e-114		4.1212558e-113		4.1212558e-113		0.0000000e+00
1.7100000e+02		1.7200000e+02		1.7150000e+02		1.0130704e+00		1.2394213e-112		3.7373179e-113		2.1467406e-112		2.1467406e-112		0.0000000e+00
1.7200000e+02		1.7300000e+02		1.7250000e+02		1.0571150e+00		6.3326489e-112		1.9367194e-112		1.0968470e-111		1.0968470e-111		0.0000000e+00
1.7300000e+02		1.7400000e+02		1.7350000e+02		1.0479596e+00		3.1747806e-111		9.8461044e-112		5.4988812e-111		5.4988812e-111		0.0000000e+00
1.7400000e+02		1.7500000e+02		1.7450000e+02		1.2530722e+00		1.5622333e-110		4.9124315e-111		2.7058675e-110		2.7058675e-110		0.0000000e+00
1.7500000e+02		1.7600000e+02		1.7550000e+02		1.4954862e+00		7.5478067e-110		2.4060404e-110		1.3073185e-109		1.3073185e-109		0.0000000e+00
1.7600000e+02		1.7700000e+02		1.7650000e+02		1.6135596e+00		3.5815744e-109		1.1572321e-109		6.2034688e-109		6.2034688e-109		0.0000000e+00
1.7700000e+02		1.7800000e+02		1.7750000e+02		1.9010195e+00		1.6696987e-108		5.4674257e-109		2.8920031e-108		2.8920031e-108		0.0000000e+00
1.7800000e+02		1.7900000e+02		1.7850000e+02		2.0776624e+00		7.6496720e-108		2.5381712e-108		1.3249621e-107		1.3249621e-107		0.0000000e+00
1.7900000e+02		1.8000000e+02		1.7950000e+02		2.0198657e+00		3.4452027e-107		1.1581435e-107		5.9672661e-107		5.9672661e-107		0.0000000e+00
1.8000000e+02		1.8100000e+02		1.8050000e+02		2.4976225e+00		1.5257308e-106		5.1955581e-107		2.6426433e-106		2.6426433e-106		0.0000000e+00
1.8100000e+02		1.8200000e+02		1.8150000e+02		3.0410490e+00		6.6458943e-106		2.2922008e-106		1.1511027e-105		1.1511027e-105		0.0000000e+00
1.8200000e+02		1.8300000e+02		1.8250000e+02		2.8073836e+00		2.8481300e-105		9.9481717e-106		4.9331059e-105		4.9331059e-105		0.0000000e+00
1.8300000e+02		1.8400000e+02		1.8350000e+02		2.9562417e+00		1.2011936e-104		4.2483569e-105		2.0805283e-104		2.0805283e-104		0.0000000e+00
1.8400000e+02		1.8500000e+02		1.8450000e+02		2.5409769e+00		4.9868510e-104		1.7856658e-104		8.6374792e-104		8.6374792e-104		0.0000000e+00
1.8500000e+02		1.8600000e+02		1.8550000e+02		2.8735562e+00		2.0385011e-103		7.3891226e-104		3.5307875e-103		3.5307875e-103		0.0000000e+00
1.8600000e+02		1.8700000e+02		1.8650000e+02		3.2604304e+00		8.2068267e-103		3.0109846e-103		1.4214641e-102		1.4214641e-102		0.0000000e+00
1.8700000e+02		1.8800000e+02		1.8750000e+02		3.6946466e+00		3.2548095e-102		1.2085218e-102		5.6374954e-102		5.6374954e-102		0.0000000e+00
1.8800000e+02		1.8900000e+02		1.8850000e+02		3.8870616e+00		1.2719378e-101		4.7789855e-102		2.2030609e-101		2.2030609e-101		0.0000000e+00
1.8900000e+02		1.9000000e+02		1.8950000e+02		4.3106081e+00		4.8988929e-101		1.8623242e-101		8.4851313e-101		8.4851313e-101		0.0000000e+00
1.9000000e+02		1.9100000e+02		1.9050000e+02		4.4384288e+00		1.8600364e-100		7.1534181e-101		3.2216775e-100		3.2216775e-100		0.0000000e+00
1.9100000e+02		1.9200000e+02		1.9150000e+02		4.8094361e+00		6.9636017e-100		2.7090020e-100		1.2061312e-99		1.2061312e-99		0.0000000e+00
1.9200000e+02		1.9300000e+02		1.9250000e+02		5.0365493e+00		2.5711705e-99		1.0116716e-99		4.4533980e-99		4.4533980e-99		0.0000000e+00
1.9300000e+02		1.9400000e+02		1.9350000e+02		3.8447944e+00		9.3649607e-99		3.7264688e-99		1.6220588e-98		1.6220588e-98		0.0000000e+00
1.9400000e+02		1.9500000e+02		1.9450000e+02		6.1679797e+00		3.3655097e-98		1.3541753e-98		5.8292338e-98		5.8292338e-98		0.0000000e+00
1.9500000e+02		1.9600000e+02		1.9550000e+02		5.9528271e+00		1.1935904e-97		4.8558136e-98		2.0673592e-97		2.0673592e-97		0.0000000e+00
1.9600000e+02		1.9700000e+02		1.9650000e+02		6.5508102e+00		4.1783744e-97		1.7184895e-97		7.2371568e-97		7.2371568e-97		0.0000000e+00
1.9700000e+02		1.9800000e+02		1.9750000e+02		6.5190955e+00		1.4440861e-96		6.0036681e-97		2.5012305e-96		2.5012305e-96		0.0000000e+00
1.9800000e+02		1.9900000e+02		1.9850000e+02		6.3883794e+00		4.9282640e-96		2.0710702e-96		8.5360037e-96		8.5360037e-96		0.0000000e+00
1.9900000e+02		2.0000000e+02		1.9950000e+02		6.7274707e+00		4.2348699e-05		2.7358961e-04		7.3350099e-05		7.3350099e-05		4.3660778e-98
2.0000000e+02		2.0100000e+02		2.0050000e+02		7.1125146e+00		6.0488763e-05		3.8432485e-04		1.0476961e-04		1.0476961e-04		1.1215970e-95
2.0100000e+02		2.0200000e+02		2.0150000e+02		7.5701275e+00		8.6128027e-05		5.3848747e-04		1.4917812e-04		1.4917812e-04		2.4236385e-93
2.0200000e+02		2.0300000e+02		2.0250000e+02		7.4828608e+00		1.1282697e-04		6.9451853e-04		1.9542204e-04		1.9542204e-04		4.0962506e-91
2.0300000e+02		2.0400000e+02		2.0350000e+02		8.0092047e+00		1.5860944e-04		9.6175025e-04		2.7471962e-04		2.7471962e-04		6.3604014e-89
2.0400000e+02		2.0500000e+02		2.0450000e+02		8.6207445e+00		2.2229788e-04		1.3284464e-03		3.8503123e-04		3.8503123e-04		8.4853434e-87
2.0500000e+02		2.0600000e+02		2.0550000e+02		8.6400754e+00		2.8772125e-04		1.6953537e-03		4.9834783e-04		4.9834783e-04		9.0652858e-85
2.0600000e+02		2.0700000e+02		2.0650000e+02		8.6510225e+00		3.6910206e-04		2.1454102e-03		6.3930353e-04		6.3930353e-04		8.3729628e-83
2.0700000e+02		2.0800000e+02		2.0750000e+02		9.3957826e+00		5.0972623e-04		2.9239116e-03		8.8287173e-04		8.8287173e-04		7.3021331e-81
2.0800000e+02		2.0900000e+02		2.0850000e+02		1.0163489e+01		6.9599226e-04		3.9416262e-03		1.2054940e-03		1.2054940e-03		5.5518228e-79
2.0900000e+02		2.1000000e+02		2.0950000e+02		1.3129215e+01		1.1269782e-03		6.3038166e-03		1.9519835e-03		1.9519835e-03		4.4356907e-77
2.1000000e+02		2.1100000e+02		2.1050000e+02		1.6183343e+01		1.7295640e-03		9.5589060e-03		2.9956928e-03		2.9956928e-03		2.9905047e-75
2.1100000e+02		2.1200000e+02		2.1150000e+02		1.8424170e+01		2.4357739e-03		1.3306139e-02		4.2188841e-03		4.2188841e-03		1.6546114e-73
2.1200000e+02		2.1300000e+02		2.1250000e+02		1.6428561e+01		2.6700871e-03		1.4422415e-02		4.6247266e-03		4.6247266e-03		6.3999392e-72
2.1300000e+02		2.1400000e+02		2.1350000e+02		1.6737981e+01		3.3243266e-03		1.7760770e-02		5.7579026e-03		5.7579026e-03		2.5353549e-70
2.1400000e+02		2.1500000e+02		2.1450000e+02		2.1432541e+01		5.1718240e-03		2.7339461e-02		8.9578620e-03		8.9578620e-03		1.1361337e-68
2.1500000e+02		2.1600000e+02		2.1550000e+02		1.8408135e+01		5.3670590e-03		2.8080701e-02		9.2960189e-03		9.2960189e-03		3.0855404e-67
2.1600000e+02		2.1700000e+02		2.1650000e+02		1.7036901e+01		5.9696458e-03		3.0922722e-02		1.0339730e-02		1.0339730e-02		8.1889279e-66
2.1700000e+02		2.1800000e+02		2.1750000e+02		1.7640866e+01		7.3904005e-03		3.7912472e-02		1.2800549e-02		1.2800549e-02		2.2128471e-64
2.1800000e+02		2.1900000e+02		2.1850000e+02		2.3730294e+01		1.1827150e-02		6.0103809e-02		2.0485224e-02		2.0485224e-02		7.0936841e-63
2.1900000e+02		2.2000000e+02		2.1950000e+02		2.5052511e+01		1.4783331e-02		7.4442401e-02		2.5605481e-02		2.5605481e-02		1.6349078e-61
2.2000000e+02		2.2100000e+02		2.2050000e+02		2.5203754e+01		1.7527439e-02		8.7479620e-02		3.0358415e-02		3.0358415e-02		3.2995058e-60
2.2100000e+02		2.2200000e+02		2.2150000e+02		2.0176768e+01		1.6462470e-02		8.1458036e-02		2.8513834e-02		2.8513834e-02		4.8833787e-59
2.2200000e+02		2.2300000e+02		2.2250000e+02		2.7154039e+01		2.5881694e-02		1.2699554e-01		4.4828408e-02		4.4828408e-02		1.1229245e-57
2.2300000e+02		2.2400000e+02		2.2350000e+02		3.5163062e+01		3.8989569e-02		1.8975957e-01		6.7531914e-02		6.7531914e-02		2.3023911e-56
2.2400000e+02		2.2500000e+02		2.2450000e+02		3.2875934e+01		4.2237004e-02		2.0394211e-01		7.3156637e-02		7.3156637e-02		3.1665915e-55
2.2500000e+02		2.2600000e+02		2.2550000e+02		2.8720078e+01		4.2585551e-02		2.0404706e-01		7.3760338e-02		7.3760338e-02		3.7899783e-54
2.2600000e+02		2.2700000e+02		2.2650000e+02		2.1037217e+01		3.5866680e-02		1.7057130e-01		6.2122913e-02		6.2122913e-02		3.5507357e-53
2.2700000e+02		2.2800000e+02		2.2750000e+02		2.0463841e+01		3.9970049e-02		1.8870591e-01		6.9230156e-02		6.9230156e-02		4.1335208e-52
2.2800000e+02		2.2900000e+02		2.2850000e+02		2.8509984e+01		6.3571033e-02		2.9801112e-01		1.1010826e-01		1.1010826e-01		6.4625134e-51
2.2900000e+02		2.3000000e+02		2.2950000e+02		2.5620938e+01		6.4996769e-02		3.0260132e-01		1.1257771e-01		1.1257771e-01		6.1241289e-50
2.3000000e+02		2.3100000e+02		2.3050000e+02		2.9055844e+01		8.3591680e-02		3.8656899e-01		1.4478504e-01		1.4478504e-01		6.9045857e-49
2.3100000e+02		2.3200000e+02		2.3150000e+02		2.7387429e+01		8.9059431e-02		4.0917524e-01		1.5425546e-01		1.5425546e-01		6.0916419e-48
2.3200000e+02		2.3300000e+02		2.3250000e+02		2.9413108e+01		1.0777705e-01		4.9203574e-01		1.8667532e-01		1.8667532e-01		5.7875505e-47
2.3300000e+02		2.3400000e+02		2.3350000e+02		2.6543685e+01		1.0927101e-01		4.9578022e-01		1.8926295e-01		1.8926295e-01		4.3750384e-46
2.3400000e+02		2.3500000e+02		2.3450000e+02		2.3194371e+01		1.0696128e-01		4.8238668e-01		1.8526238e-01		1.8526238e-01		3.0373872e-45
2.3500000e+02		2.3600000e+02		2.3550000e+02		3.1223226e+01		1.6084322e-01		7.2114779e-01		2.7858863e-01		2.7858863e-01		3.0862550e-44
2.3600000e+02		2.3700000e+02		2.3650000e+02		2.8911473e+01		1.6591829e-01		7.3966449e-01		2.8737891e-01		2.8737891e-01		2.0524952e-43
2.3700000e+02		2.3800000e+02		2.3750000e+02		3.0878004e+01		1.9689121e-01		8.7287070e-01		3.4102559e-01		3.4102559e-01		1.5003643e-42
2.3800000e+02		2.3900000e+02		2.3850000e+02		2.5598090e+01		1.8089493e-01		7.9761836e-01		3.1331921e-01		3.1331921e-01		8.1245780e-42
2.3900000e+02		2.4000000e+02		2.3950000e+02		2.7890834e+01		2.1789341e-01		9.5569242e-01		3.7740245e-01		3.7740245e-01		5.5261184e-41
2.4000000e+02		2.4100000e+02		2.4050000e+02		2.5623038e+01		2.2076547e-01		9.6331603e-01		3.8237701e-01		3.8237701e-01		3.0329242e-40
2.4100000e+02		2.4200000e+02		2.4150000e+02		3.0005079e+01		2.8444508e-01		1.2349692e+00		4.9267332e-01		4.9267332e-01		2.0331574e-39
2.4200000e+02		2.4300000e+02		2.4250000e+02		4.1301739e+01		4.2982353e-01		1.8570463e+00		7.4447619e-01		7.4447619e-01		1.5371232e-38
2.4300000e+02		2.4400000e+02		2.4350000e+02		3.8791639e+01		4.4220342e-01		1.9014397e+00		7.6591879e-01		7.6591879e-01		7.6170733e-38
2.4400000e+02		2.4500000e+02		2.4450000e+02		3.6329084e+01		4.5266016e-01		1.9373680e+00		7.8403039e-01		7.8403039e-01		3.6196583e-37
2.4500000e+02		2.4600000e+02		2.4550000e+02		2.9476122e+01		4.0060889e-01		1.7068279e+00		6.9387496e-01		6.9387496e-01		1.4347962e-36
2.4600000e+02		2.4700000e+02		2.4650000e+02		2.8685918e+01		4.2440050e-01		1.8002083e+00		7.3508324e-01		7.3508324e-01		6.5752487e-36
2.4700000e+02		2.4800000e+02		2.4750000e+02		3.1678139e+01		5.0918216e-01		2.1505262e+00		8.8192938e-01		8.8192938e-01		3.2991366e-35
2.4800000e+02		2.4900000e+02		2.4850000e+02		2.5406301e+01		4.4282790e-01		1.8624165e+00		7.6700043e-01		7.6700043e-01		1.1611653e-34
2.4900000e+02		2.5000000e+02		2.4950000e+02		3.0967514e+01		5.8422059e-01		2.4469956e+00		1.0118997e+00		1.0118997e+00		6.0049812e-34
2.5000000e+02		2.5100000e+02		2.5050000e+02		3.3448743e+01		6.8178395e-01		2.8442026e+00		1.1808844e+00		1.1808844e+00		2.6631170e-33
2.5100000e+02		2.5200000e+02		2.5150000e+02		2.7888154e+01		6.1309033e-01		2.5476357e+00		1.0619036e+00		1.0619036e+00		8.8305068e-33
2.5200000e+02		2.5300000e+02		2.5250000e+02		2.5069906e+01		5.9341350e-01		2.4564608e+00		1.0278223e+00		1.0278223e+00		3.0606143e-32
2.5300000e+02		2.5400000e+02		2.5350000e+02		3.1592540e+01		8.0384427e-01		3.3151501e+00		1.3922991e+00		1.3922991e+00		1.4429018e-31
2.5400000e+02		2.5500000e+02		2.5450000e+02		3.5730773e+01		9.7569652e-01		4.0092491e+00		1.6899560e+00		1.6899560e+00		5.9286630e-31
2.5500000e+02		2.5600000e+02		2.5550000e+02		4.8755658e+01		1.4266047e+00		5.8412527e+00		2.4709518e+00		2.4709518e+00		2.8563709e-30
2.5600000e+02		2.5700000e+02		2.5650000e+02		6.2803876e+01		1.9661247e+00		8.0223850e+00		3.4054280e+00		3.4054280e+00		1.2635744e-29
2.5700000e+02		2.5800000e+02		2.5750000e+02		7.8843355e+01		2.6368974e+00		1.0722862e+01		4.5672402e+00		4.5672402e+00		5.3024805e-29
2.5800000e+02		2.5900000e+02		2.5850000e+02		8.2991293e+01		2.9610032e+00		1.2000945e+01		5.1286081e+00		5.1286081e+00		1.8173374e-28
2.5900000e+02		2.6000000e+02		2.5950000e+02		7.0629481e+01		2.6844912e+00		1.0845027e+01		4.6496752e+00		4.6496752e+00		4.9087676e-28
2.6000000e+02		2.6100000e+02		2.6050000e+02		5.7868388e+01		2.3398849e+00		9.4229603e+00		4.0527995e+00		4.0527995e+00		1.2450892e-27
2.6100000e+02		2.6200000e+02		2.6150000e+02		5.9092703e+01		2.5385588e+00		1.0191440e+01		4.3969128e+00		4.3969128e+00		3.8418492e-27
2.6200000e+02		2.6300000e+02		2.6250000e+02		7.0528613e+01		3.2148242e+00		1.2867416e+01		5.5682389e+00		5.5682389e+00		1.3532272e-26
2.6300000e+02		2.6400000e+02		2.6350000e+02		1.0614195e+02		5.1270832e+00		2.0460668e+01		8.8803685e+00		8.8803685e+00		5.8736832e-26
2.6400000e+02		2.6500000e+02		2.6450000e+02		1.6548208e+02		8.4604364e+00		3.3665592e+01		1.4653906e+01		1.4653906e+01		2.5826855e-25
2.6500000e+02		2.6600000e+02		2.6550000e+02		1.7356948e+02		9.3811153e+00		3.7223735e+01		1.6248568e+01		1.6248568e+01		7.4751735e-25
2.6600000e+02		2.6700000e+02		2.6650000e+02		1.6826276e+02		9.6029038e+00		3.7998565e+01		1.6632717e+01		1.6632717e+01		1.9576615e-24
2.6700000e+02		2.6800000e+02		2.6750000e+02		1.6940220e+02		1.0197040e+01		4.0240590e+01		1.7661791e+01		1.7661791e+01		5.2153167e-24
2.6800000e+02		2.6900000e+02		2.6850000e+02		1.6778062e+02		1.0640375e+01		4.1879208e+01		1.8429670e+01		1.8429670e+01		1.3395375e-23
2.6900000e+02		2.7000000e+02		2.6950000e+02		1.5737310e+02		1.0503581e+01		4.1233982e+01		1.8192736e+01		1.8192736e+01		3.1948959e-23
2.7000000e+02		2.7100000e+02		2.7050000e+02		1.8181465e+02		1.2757658e+01		4.9956222e+01		2.2096912e+01		2.2096912e+01		9.2075735e-23
2.7100000e+02		2.7200000e+02		2.7150000e+02		1.5108640e+02		1.1134161e+01		4.3491120e+01		1.9284933e+01		1.9284933e+01		1.8733446e-22
2.7200000e+02		2.7300000e+02		2.7250000e+02		1.2154404e+02		9.3977041e+00		3.6619501e+01		1.6277301e+01		1.6277301e+01		3.6231855e-22
2.7300000e+02		2.7400000e+02		2.7350000e+02		1.2960124e+02		1.0503399e+01		4.0831053e+01		1.8192421e+01		1.8192421e+01		9.1246429e-22
2.7400000e+02		2.7500000e+02		2.7450000e+02		8.9183780e+01		7.5687863e+00		2.9354787e+01		1.3109522e+01		1.3109522e+01		1.4575332e-21
2.7500000e+02		2.7600000e+02		2.7550000e+02		1.1893609e+02		1.0560168e+01		4.0863621e+01		1.8290748e+01		1.8290748e+01		4.4364279e-21
2.7600000e+02		2.7700000e+02		2.7650000e+02		1.6564211e+02		1.5372756e+01		5.9354252e+01		2.6626395e+01		2.6626395e+01		1.3871354e-20
2.7700000e+02		2.7800000e+02		2.7750000e+02		1.5837296e+02		1.5349785e+01		5.9136655e+01		2.6586608e+01		2.6586608e+01		2.9300373e-20
2.7800000e+02		2.7900000e+02		2.7850000e+02		1.0921797e+02		1.1045399e+01		4.2462927e+01		1.9131191e+01		1.9131191e+01		4.3945598e-20
2.7900000e+02		2.8000000e+02		2.7950000e+02		6.1368404e+01		6.4704256e+00		2.4823024e+01		1.1207106e+01		1.1207106e+01		5.2886531e-20
2.8000000e+02		2.8100000e+02		2.8050000e+02		6.7313201e+01		7.3931994e+00		2.8305206e+01		1.2805397e+01		1.2805397e+01		1.2240221e-19
2.8100000e+02		2.8200000e+02		2.8150000e+02		1.3943196e+02		1.5940082e+01		6.0905256e+01		2.7609032e+01		2.7609032e+01		5.2723596e-19
2.8200000e+02		2.8300000e+02		2.8250000e+02		1.8983287e+02		2.2571259e+01		8.6073239e+01		3.9094568e+01		3.9094568e+01		1.4715799e-18
2.8300000e+02		2.8400000e+02		2.8350000e+02		1.9610227e+02		2.4232112e+01		9.2229343e+01		4.1971249e+01		4.1971249e+01		3.0734578e-18
2.8400000e+02		2.8500000e+02		2.8450000e+02		1.4459284e+02		1.8554770e+01		7.0488107e+01		3.2137804e+01		3.2137804e+01		4.5199005e-18
2.8500000e+02		2.8600000e+02		2.8550000e+02		9.2944992e+01		1.2377084e+01		4.6932917e+01		2.1437739e+01		2.1437739e+01		5.7185924e-18
2.8600000e+02		2.8700000e+02		2.8650000e+02		1.9045522e+02		2.6300230e+01		9.9548287e+01		4.5553335e+01		4.5553335e+01		2.2767500e-17
2.8700000e+02		2.8800000e+02		2.8750000e+02		2.2108403e+02		3.1637070e+01		1.1953669e+02		5.4797013e+01		5.4797013e+01		5.0704736e-17
2.8800000e+02		2.8900000e+02		2.8850000e+02		2.1010240e+02		3.1134861e+01		1.1743511e+02		5.3927161e+01		5.3927161e+01		9.1311868e-17
2.8900000e+02		2.9000000e+02		2.8950000e+02		3.1885068e+02		4.4431221e-63		3.7016905e-63		7.6957132e-63		7.6957132e-63		0.0000000e+00
2.9000000e+02		2.9100000e+02		2.9050000e+02		4.1860542e+02		7.8512541e-63		6.4986614e-63		1.3598771e-62		1.3598771e-62		0.0000000e+00
2.9100000e+02		2.9200000e+02		2.9150000e+02		4.0318642e+02		1.3779363e-62		1.1476077e-62		2.3866558e-62		2.3866558e-62		0.0000000e+00
2.9200000e+02		2.9300000e+02		2.9250000e+02		3.5818014e+02		2.4087079e-62		2.0191540e-62		4.1720045e-62		4.1720045e-62		0.0000000e+00
2.9300000e+02		2.9400000e+02		2.9350000e+02		3.7393440e+02		4.1937405e-62		3.5402133e-62		7.2637716e-62		7.2637716e-62		0.0000000e+00
2.9400000e+02		2.9500000e+02		2.9450000e+02		3.4819581e+02		7.2721384e-62		6.1872780e-62		1.2595713e-61		1.2595713e-61		0.0000000e+00
2.9500000e+02		2.9600000e+02		2.9550000e+02		3.7701055e+02		1.2564495e-61		1.0766320e-61		2.1762344e-61		2.1762344e-61		0.0000000e+00
2.9600000e+02		2.9700000e+02		2.9650000e+02		3.4493460e+02		2.1635905e-61		1.8638981e-61		3.7474486e-61		3.7474486e-61		0.0000000e+00
2.9700000e+02		2.9800000e+02		2.9750000e+02		3.5165811e+02		3.7118199e-61		3.2148898e-61		6.4290606e-61		6.4290606e-61		0.0000000e+00
2.9800000e+02		2.9900000e+02		2.9850000e+02		3.0223333e+02		6.3444802e-61		5.5248086e-61		1.0988962e-60		1.0988962e-60		0.0000000e+00
2.9900000e+02		3.0000000e+02		2.9950000e+02		3.4101318e+02		1.0804823e-60		9.4600594e-61		1.8714503e-60		1.8714503e-60		0.0000000e+00
3.0000000e+02		3.0100000e+02		3.0050000e+02		2.7131061e+02		1.8334429e-60		1.6140304e-60		3.1756163e-60		3.1756163e-60		0.0000000e+00
3.0100000e+02		3.0200000e+02		3.0150000e+02		3.1202593e+02		3.0999865e-60		2.7440294e-60		5.3693342e-60		5.3693342e-60		0.0000000e+00
3.0200000e+02		3.0300000e+02		3.0250000e+02		3.2846528e+02		5.2228568e-60		4.6488591e-60		9.0462533e-60		9.0462533e-60		0.0000000e+00
3.0300000e+02		3.0400000e+02		3.0350000e+02		4.2601061e+02		8.7685096e-60		7.8488107e-60		1.5187504e-59		1.5187504e-59		2.6519962e-319
3.0400000e+02		3.0500000e+02		3.0450000e+02		4.0776836e+02		1.4669851e-59		1.3206297e-59		2.5408927e-59		2.5408927e-59		3.3000489e-303
3.0500000e+02		3.0600000e+02		3.0550000e+02		4.1174793e+02		2.4459631e-59		2.2141928e-59		4.2365323e-59		4.2365323e-59		1.2052120e-289
3.0600000e+02		3.0700000e+02		3.0650000e+02		3.9053943e+02		4.0646100e-59		3.6991942e-59		7.0401111e-59		7.0401111e-59		1.1528892e-278
3.0700000e+02		3.0800000e+02		3.0750000e+02		4.3847484e+02		6.7316062e-59		6.1595664e-59		1.1659484e-58		1.1659484e-58		1.3051130e-267
3.0800000e+02		3.0900000e+02		3.0850000e+02		4.3035211e+02		1.1111231e-58		1.0222606e-58		1.9245217e-58		1.9245217e-58		1.2912208e-256
3.0900000e+02		3.1000000e+02		3.0950000e+02		3.4901328e+02		1.8279394e-58		1.6910603e-58		3.1660839e-58		3.1660839e-58		1.0553253e-245
3.1000000e+02		3.1100000e+02		3.1050000e+02		4.3927411e+02		3.0042949e-58		2.7713505e-58		5.2035914e-58		5.2035914e-58		9.2714088e-311
3.1100000e+02		3.1200000e+02		3.1150000e+02		5.2246540e+02		4.9232773e-58		4.5233612e-58		8.5273665e-58		8.5273665e-58		0.0000000e+00
3.1200000e+02		3.1300000e+02		3.1250000e+02		4.6521908e+02		8.0336355e-58		7.3805351e-58		1.3914665e-57		1.3914665e-57		0.0000000e+00
3.1300000e+02		3.1400000e+02		3.1350000e+02		4.9544367e+02		1.3061707e-57		1.2018831e-57		2.2623540e-57		2.2623540e-57		0.0000000e+00
3.1400000e+02		3.1500000e+02		3.1450000e+02		4.6729179e+02		2.1165359e-57		1.9522690e-57		3.6659477e-57		3.6659477e-57		0.0000000e+00
3.1500000e+02		3.1600000e+02		3.1550000e+02		4.5343123e+02		3.4178198e-57		3.1642291e-57		5.9198375e-57		5.9198375e-57		0.0000000e+00
3.1600000e+02		3.1700000e+02		3.1650000e+02		4.4229406e+02		5.5007970e-57		5.1160990e-57		9.5276600e-57		9.5276600e-57		0.0000000e+00
3.1700000e+02		3.1800000e+02		3.1750000e+02		5.6102832e+02		8.8261530e-57		8.2468728e-57		1.5287345e-56		1.5287345e-56		0.0000000e+00
3.1800000e+02		3.1900000e+02		3.1850000e+02		4.6340678e+02		1.4118803e-56		1.3253617e-56		2.4454485e-56		2.4454485e-56		0.0000000e+00
3.1900000e+02		3.2000000e+02		3.1950000e+02		4.9774832e+02		2.2517265e-56		2.1236862e-56		3.9001048e-56		3.9001048e-56		0.0000000e+00
3.2000000e+02		3.2100000e+02		3.2050000e+02		5.7184857e+02		3.5806766e-56		3.3923347e-56		6.2019137e-56		6.2019137e-56		0.0000000e+00
3.2100000e+02		3.2200000e+02		3.2150000e+02		4.8024660e+02		5.6776077e-56		5.4020161e-56		9.8339049e-56		9.8339049e-56		0.0000000e+00
3.2200000e+02		3.2300000e+02		3.2250000e+02		4.8228681e+02		8.9763707e-56		8.5771548e-56		1.5547530e-55		1.5547530e-55		0.0000000e+00
3.2300000e+02		3.2400000e+02		3.2350000e+02		4.6607071e+02		1.4150861e-55		1.3579164e-55		2.4510011e-55		2.4510011e-55		0.0000000e+00
3.2400000e+02		3.2500000e+02		3.2450000e+02		5.4882129e+02		2.2244522e-55		2.1436671e-55		3.8528642e-55		3.8528642e-55		0.0000000e+00
3.2500000e+02		3.2600000e+02		3.2550000e+02		6.3196128e+02		3.4882657e-55		3.3712491e-55		6.0418534e-55		6.0418534e-55		0.0000000e+00
3.2600000e+02		3.2700000e+02		3.2650000e+02		7.1301257e+02		5.4560599e-55		5.2840808e-55		9.4501729e-55		9.4501729e-55		0.0000000e+00
3.2700000e+02		3.2800000e+02		3.2750000e+02		6.8984049e+02		8.5089847e-55		8.2621748e-55		1.4737994e-54		1.4737994e-54		0.0000000e+00
3.2800000e+02		3.2900000e+02		3.2850000e+02		6.6596082e+02		1.3232476e-54		1.2885951e-54		2.2919320e-54		2.2919320e-54		0.0000000e+00
3.2900000e+02		3.3000000e+02		3.2950000e+02		7.7527139e+02		2.0520779e-54		2.0045326e-54		3.5543032e-54		3.5543032e-54		0.0000000e+00
3.3000000e+02		3.3100000e+02		3.3050000e+02		7.3029799e+02		3.1728995e-54		3.1117110e-54		5.4956232e-54		5.4956232e-54		0.0000000e+00
3.3100000e+02		3.3200000e+02		3.3150000e+02		6.9881652e+02		4.8911920e-54		4.8209472e-54		8.4717930e-54		8.4717930e-54		0.0000000e+00
3.3200000e+02		3.3300000e+02		3.3250000e+02		6.8562051e+02		7.5185415e-54		7.4523214e-54		1.3022496e-53		1.3022496e-53		0.0000000e+00
3.3300000e+02		3.3400000e+02		3.3350000e+02		6.5878216e+02		1.1521958e-53		1.1499809e-53		1.9956616e-53		1.9956616e-53		0.0000000e+00
3.3400000e+02		3.3500000e+02		3.3450000e+02		6.9405546e+02		1.7590606e-53		1.7742051e-53		3.0467823e-53		3.0467823e-53		0.0000000e+00
3.3500000e+02		3.3600000e+02		3.3550000e+02		6.8541663e+02		2.6765990e-53		2.7340015e-53		4.6360055e-53		4.6360055e-53		1.7286053e-238
3.3600000e+02		3.3700000e+02		3.3650000e+02		5.6469084e+02		4.0691568e-53		4.1870575e-53		7.0479863e-53		7.0479863e-53		3.9744586e-209
3.3700000e+02		3.3800000e+02		3.3750000e+02		5.9573781e+02		6.1679651e-53		6.4008984e-53		1.0683229e-52		1.0683229e-52		1.1700077e-179
3.3800000e+02		3.3900000e+02		3.3850000e+02		6.4448401e+02		9.3195580e-53		9.7722464e-53		1.6141948e-52		1.6141948e-52		3.5314528e-150
3.3900000e+02		3.4000000e+02		3.3950000e+02		6.7448220e+02		1.4029856e-52		1.4912410e-52		2.4300424e-52		2.4300424e-52		1.0310079e-120
3.4000000e+02		3.4100000e+02		3.4050000e+02		7.1196374e+02		2.1128417e-52		2.2577559e-52		3.6595491e-52		3.6595491e-52		5.7499491e-116
3.4100000e+02		3.4200000e+02		3.4150000e+02		6.4984945e+02		3.1853014e-52		3.3878740e-52		5.5171039e-52		5.5171039e-52		5.2516888e-136
3.4200000e+02		3.4300000e+02		3.4250000e+02		7.0477558e+02		4.7869709e-52		5.0782176e-52		8.2912768e-52		8.2912768e-52		5.6985307e-156
3.4300000e+02		3.4400000e+02		3.4350000e+02		6.9264465e+02		7.1732984e-52		7.6004621e-52		1.2424517e-51		1.2424517e-51		5.6026705e-176
3.4400000e+02		3.4500000e+02		3.4450000e+02		5.5710877e+02		1.0720110e-51		1.1355427e-51		1.8567776e-51		1.8567776e-51		4.5075948e-196
3.4500000e+02		3.4600000e+02		3.4550000e+02		6.7138909e+02		1.5961579e-51		1.6967423e-51		2.7646265e-51		2.7646265e-51		1.9812867e-194
3.4600000e+02		3.4700000e+02		3.4650000e+02		6.5194093e+02		2.3677152e-51		2.5357487e-51		4.1010030e-51		4.1010030e-51		2.5585760e-171
3.4700000e+02		3.4800000e+02		3.4750000e+02		6.4525828e+02		3.5024528e-51		3.7836337e-51		6.0664261e-51		6.0664261e-51		3.3673734e-148
3.4800000e+02		3.4900000e+02		3.4850000e+02		6.6761091e+02		5.1653232e-51		5.6390938e-51		8.9466022e-51		8.9466022e-51		4.6323379e-125
3.4900000e+02		3.5000000e+02		3.4950000e+02		6.3989005e+02		7.5908465e-51		8.4012673e-51		1.3147732e-50		1.3147732e-50		5.9027401e-102
3.5000000e+02		3.5100000e+02		3.5050000e+02		7.6650484e+02		5.5001943e-48		6.3220862e-45		6.1521435e-48		1.5425283e-48		4.6096152e-48
3.5100000e+02		3.5200000e+02		3.5150000e+02		7.1211510e+02		3.8896965e+02		1.3762424e+03		6.7371519e+02		6.7371518e+02		8.5418695e-06
3.5200000e+02		3.5300000e+02		3.5250000e+02		6.5785102e+02		3.6350092e+02		1.2854060e+03		6.2960206e+02		6.2960205e+02		9.7980822e-06
3.5300000e+02		3.5400000e+02		3.5350000e+02		7.5263834e+02		4.2062846e+02		1.4865955e+03		7.2854985e+02		7.2854984e+02		1.3874115e-05
3.5400000e+02		3.5500000e+02		3.5450000e+02		8.0329241e+02		4.5398725e+02		1.6036177e+03		7.8632897e+02		7.8632895e+02		1.8269140e-05
3.5500000e+02		3.5600000e+02		3.5550000e+02		7.5433512e+02		4.3103916e+02		1.5217404e+03		7.4658171e+02		7.4658169e+02		2.1099845e-05
3.5600000e+02		3.5700000e+02		3.5650000e+02		6.5576441e+02		3.7879893e+02		1.3366041e+03		6.5609898e+02		6.5609896e+02		2.2490678e-05
3.5700000e+02		3.5800000e+02		3.5750000e+02		5.7307986e+02		3.3458925e+02		1.1799938e+03		5.7952556e+02		5.7952554e+02		2.4027175e-05
3.5800000e+02		3.5900000e+02		3.5850000e+02		4.9194729e+02		2.9025525e+02		1.0231162e+03		5.0273683e+02		5.0273680e+02		2.5139433e-05
3.5900000e+02		3.6000000e+02		3.5950000e+02		7.1030971e+02		4.2345179e+02		1.4918642e+03		7.3343999e+02		7.3343994e+02		4.4113680e-05
3.6000000e+02		3.6100000e+02		3.6050000e+02		7.0092701e+02		4.2213855e+02		1.4864972e+03		7.3116537e+02		7.3116532e+02		5.2753166e-05
3.6100000e+02		3.6200000e+02		3.6150000e+02		6.5110481e+02		3.9608795e+02		1.3940801e+03		6.8604441e+02		6.8604435e+02		5.9218917e-05
3.6200000e+02		3.6300000e+02		3.6250000e+02		7.3500056e+02		4.5156537e+02		1.5885720e+03		7.8213410e+02		7.8213402e+02		8.0563060e-05
3.6300000e+02		3.6400000e+02		3.6350000e+02		7.1558904e+02		4.4393949e+02		1.5610017e+03		7.6892568e+02		7.6892559e+02		9.4270683e-05
3.6400000e+02		3.6500000e+02		3.6450000e+02		7.4837927e+02		4.6875407e+02		1.6474832e+03		8.1190578e+02		8.1190566e+02		1.1818051e-04
3.6500000e+02		3.6600000e+02		3.6550000e+02		8.5179486e+02		5.3859054e+02		1.8920562e+03		9.3286607e+02		9.3286591e+02		1.6081887e-04
3.6600000e+02		3.6700000e+02		3.6650000e+02		9.1042532e+02		5.8104098e+02		2.0402547e+03		1.0063923e+03		1.0063921e+03		2.0497959e-04
3.6700000e+02		3.6800000e+02		3.6750000e+02		8.7909512e+02		5.6620856e+02		1.9872810e+03		9.8070182e+02		9.8070158e+02		2.3543555e-04
3.6800000e+02		3.6900000e+02		3.6850000e+02		8.1047729e+02		5.2674450e+02		1.8479530e+03		9.1234805e+02		9.1234779e+02		2.5755594e-04
3.6900000e+02		3.7000000e+02		3.6950000e+02		8.9967825e+02		5.8993817e+02		2.0687512e+03		1.0218026e+03		1.0218023e+03		3.3841970e-04
3.7000000e+02		3.7100000e+02		3.7050000e+02		8.4427990e+02		5.5848098e+02		1.9575991e+03		9.6731716e+02		9.6731678e+02		3.7501948e-04
3.7100000e+02		3.7200000e+02		3.7150000e+02		8.7164560e+02		5.8157817e+02		2.0376977e+03		1.0073226e+03		1.0073222e+03		4.5612672e-04
3.7200000e+02		3.7300000e+02		3.7250000e+02		7.2411383e+02		4.8726560e+02		1.7065395e+03		8.4396844e+02		8.4396800e+02		4.4537628e-04
3.7300000e+02		3.7400000e+02		3.7350000e+02		6.3155746e+02		4.2855644e+02		1.5003071e+03		7.4228120e+02		7.4228075e+02		4.5553467e-04
3.7400000e+02		3.7500000e+02		3.7450000e+02		6.4642322e+02		4.4227747e+02		1.5477151e+03		7.6604665e+02		7.6604610e+02		5.4556217e-04
3.7500000e+02		3.7600000e+02		3.7550000e+02		7.4036161e+02		5.1068352e+02		1.7863832e+03		8.8452926e+02		8.8452853e+02		7.2951909e-04
3.7600000e+02		3.7700000e+02		3.7650000e+02		7.6758018e+02		5.3371581e+02		1.8662160e+03		9.2442226e+02		9.2442138e+02		8.8113997e-04
3.7700000e+02		3.7800000e+02		3.7750000e+02		9.0048278e+02		6.3108708e+02		2.2058329e+03		1.0930740e+03		1.0930728e+03		1.2017210e-03
3.7800000e+02		3.7900000e+02		3.7850000e+02		9.3786543e+02		6.6241783e+02		2.3144573e+03		1.1473403e+03		1.1473388e+03		1.4520113e-03
3.7900000e+02		3.8000000e+02		3.7950000e+02		7.6051322e+02		5.4128598e+02		1.8905149e+03		9.3753382e+02		9.3753246e+02		1.3631596e-03
3.8000000e+02		3.8100000e+02		3.8050000e+02		8.2814537e+02		5.9389117e+02		2.0734743e+03		1.0286484e+03		1.0286467e+03		1.7150671e-03
3.8100000e+02		3.8200000e+02		3.8150000e+02		7.4366886e+02		5.3729494e+02		1.8751899e+03		9.3062083e+02		9.3061905e+02		1.7759364e-03
3.8200000e+02		3.8300000e+02		3.8250000e+02		5.3336093e+02		3.8818665e+02		1.3543036e+03		6.7235793e+02		6.7235647e+02		1.4658694e-03
3.8300000e+02		3.8400000e+02		3.8350000e+02		4.7073026e+02		3.4508966e+02		1.2035176e+03		5.9771173e+02		5.9771025e+02		1.4860705e-03
3.8400000e+02		3.8500000e+02		3.8450000e+02		6.2969557e+02		4.6492816e+02		1.6208901e+03		8.0527752e+02		8.0527525e+02		2.2791443e-03
3.8500000e+02		3.8600000e+02		3.8550000e+02		6.6694888e+02		4.9590544e+02		1.7282871e+03		8.5893139e+02		8.5892863e+02		2.7624974e-03
3.8600000e+02		3.8700000e+02		3.8650000e+02		6.6977732e+02		5.0146928e+02		1.7470797e+03		8.6856795e+02		8.6856478e+02		3.1689482e-03
3.8700000e+02		3.8800000e+02		3.8750000e+02		6.6902499e+02		5.0433721e+02		1.7564782e+03		8.7353503e+02		8.7353142e+02		3.6092984e-03
3.8800000e+02		3.8900000e+02		3.8850000e+02		6.7841027e+02		5.1486550e+02		1.7925484e+03		8.9177016e+02		8.9176599e+02		4.1658323e-03
3.8900000e+02		3.9000000e+02		3.8950000e+02		8.1451188e+02		6.2227181e+02		2.1657809e+03		1.0778022e+03		1.0777966e+03		5.6830449e-03
3.9000000e+02		3.9100000e+02		3.9050000e+02		8.5560997e+02		6.5795953e+02		2.2892476e+03		1.1396144e+03		1.1396076e+03		6.7716008e-03
3.9100000e+02		3.9200000e+02		3.9150000e+02		9.2006232e+02		7.1210040e+02		2.4768282e+03		1.2333880e+03		1.2333798e+03		8.2458310e-03
3.9200000e+02		3.9300000e+02		3.9250000e+02		7.0614281e+02		5.5001917e+02		1.9124733e+03		9.5265591e+02		9.5264876e+02		7.1547230e-03
3.9300000e+02		3.9400000e+02		3.9350000e+02		4.3291589e+02		3.3932154e+02		1.1794884e+03		5.8771852e+02		5.8771357e+02		4.9508516e-03
3.9400000e+02		3.9500000e+02		3.9450000e+02		7.1565803e+02		5.6441432e+02		1.9613123e+03		9.7758753e+02		9.7757831e+02		9.2227917e-03
3.9500000e+02		3.9600000e+02		3.9550000e+02		8.7888136e+02		6.9738064e+02		2.4226285e+03		1.2078894e+03		1.2078766e+03		1.2743329e-02
3.9600000e+02		3.9700000e+02		3.9650000e+02		6.0712893e+02		3.7605209e-01		1.5786766e+00		6.5019353e-01		6.4862561e-01		1.5679186e-03
3.9700000e+02		3.9800000e+02		3.9750000e+02		6.8053003e+02		8.8288248e-02		3.9719230e-01		1.5221662e-01		1.5125616e-01		9.6046188e-04
3.9800000e+02		3.9900000e+02		3.9850000e+02		1.0480559e+03		3.3865440e-03		1.8072165e-02		5.7106428e-03		5.4988768e-03		2.1176603e-04
3.9900000e+02		4.0000000e+02		3.9950000e+02		1.1577145e+03		1.5969215e-04		9.6286786e-04		2.5612565e-04		2.2816409e-04		2.7961554e-05
4.0000000e+02		4.0100000e+02		4.0050000e+02		1.1939713e+03		1.5380843e+00		6.2597779e+00		2.6595635e+00		2.6534482e+00		6.1152863e-03
4.0100000e+02		4.0200000e+02		4.0150000e+02		1.2509583e+03		1.0278108e+03		3.5642972e+03		1.7801944e+03		1.7801588e+03		3.5644122e-02
4.0200000e+02		4.0300000e+02		4.0250000e+02		1.2664199e+03		1.0462851e+03		3.6273563e+03		1.8121896e+03		1.8121494e+03		4.0181259e-02
4.0300000e+02		4.0400000e+02		4.0350000e+02		1.2115903e+03		1.0064614e+03		3.4883352e+03		1.7432111e+03		1.7431683e+03		4.2746115e-02
4.0400000e+02		4.0500000e+02		4.0450000e+02		1.1914959e+03		9.9510902e+02		3.4480543e+03		1.7235452e+03		1.7234985e+03		4.6680451e-02
4.0500000e+02		4.0600000e+02		4.0550000e+02		1.1904731e+03		9.9954579e+02		3.4625009e+03		1.7312262e+03		1.7311745e+03		5.1722494e-02
4.0600000e+02		4.0700000e+02		4.0650000e+02		1.1388815e+03		9.6124787e+02		3.3289536e+03		1.6648900e+03		1.6648352e+03		5.4800006e-02
4.0700000e+02		4.0800000e+02		4.0750000e+02		1.1575323e+03		9.8204856e+02		3.4001010e+03		1.7009129e+03		1.7008513e+03		6.1604308e-02
4.0800000e+02		4.0900000e+02		4.0850000e+02		1.2307397e+03		1.0494912e+03		3.6326661e+03		1.8177191e+03		1.8176467e+03		7.2353993e-02
4.0900000e+02		4.1000000e+02		4.0950000e+02		1.2243097e+03		1.0492689e+03		3.6309698e+03		1.8173290e+03		1.8172496e+03		7.9406653e-02
4.1000000e+02		4.1100000e+02		4.1050000e+02		1.1216634e+03		9.6607693e+02		3.3422422e+03		1.6732356e+03		1.6731555e+03		8.0159847e-02
4.1100000e+02		4.1200000e+02		4.1150000e+02		1.3003372e+03		1.1254597e+03		3.8926717e+03		1.9492785e+03		1.9491762e+03		1.0226963e-01
4.1200000e+02		4.1300000e+02		4.1250000e+02		1.2760342e+03		1.1097692e+03		3.8374553e+03		1.9220958e+03		1.9219855e+03		1.1031261e-01
4.1300000e+02		4.1400000e+02		4.1350000e+02		1.2308584e+03		1.0755903e+03		3.7183611e+03		1.8628915e+03		1.8627747e+03		1.1682259e-01
4.1400000e+02		4.1500000e+02		4.1450000e+02		1.2488872e+03		1.0964855e+03		3.7896819e+03		1.8990735e+03		1.8989435e+03		1.2998385e-01
4.1500000e+02		4.1600000e+02		4.1550000e+02		1.2477523e+03		1.1005795e+03		3.8029234e+03		1.9061555e+03		1.9060132e+03		1.4224329e-01
4.1600000e+02		4.1700000e+02		4.1650000e+02		1.2947363e+03		9.5649791e+02		3.3090878e+03		1.6565878e+03		1.6564305e+03		1.5734505e-01
4.1700000e+02		4.1800000e+02		4.1750000e+02		1.1781342e+03		4.6640165e+02		1.6231595e+03		8.0772498e+02		8.0757967e+02		1.4530596e-01
4.1800000e+02		4.1900000e+02		4.1850000e+02		1.2217101e+03		1.4772748e+01		5.5301548e+01		2.5536736e+01		2.5467868e+01		6.8868099e-02
4.1900000e+02		4.2000000e+02		4.1950000e+02		1.2338424e+03		7.2750932e+02		2.5203741e+03		1.2599439e+03		1.2597538e+03		1.9010428e-01
4.2000000e+02		4.2100000e+02		4.2050000e+02		1.2494927e+03		1.1269405e+03		3.8895064e+03		1.9517565e+03		1.9515357e+03		2.2083075e-01
4.2100000e+02		4.2200000e+02		4.2150000e+02		1.2299982e+03		1.1141138e+03		3.8443732e+03		1.9295285e+03		1.9292920e+03		2.3653003e-01
4.2200000e+02		4.2300000e+02		4.2250000e+02		1.1657134e+03		1.0603712e+03		3.6581116e+03		1.8364384e+03		1.8361946e+03		2.4374102e-01
4.2300000e+02		4.2400000e+02		4.2350000e+02		1.2419943e+03		1.1344813e+03		3.9129162e+03		1.9647727e+03		1.9644907e+03		2.8200585e-01
4.2400000e+02		4.2500000e+02		4.2450000e+02		1.2850442e+03		1.1786471e+03		4.0643591e+03		2.0412449e+03		2.0409284e+03		3.1653437e-01
4.2500000e+02		4.2600000e+02		4.2550000e+02		1.2367256e+03		1.1389477e+03		3.9266119e+03		1.9724736e+03		1.9721435e+03		3.3014791e-01
4.2600000e+02		4.2700000e+02		4.2650000e+02		1.2316584e+03		1.1388375e+03		3.9253890e+03		1.9722638e+03		1.9719078e+03		3.5597364e-01
4.2700000e+02		4.2800000e+02		4.2750000e+02		1.1420512e+03		1.0601708e+03		3.6534595e+03		1.8360084e+03		1.8356513e+03		3.5702019e-01
4.2800000e+02		4.2900000e+02		4.2850000e+02		1.1495483e+03		1.0713087e+03		3.6910620e+03		1.8552769e+03		1.8548885e+03		3.8834103e-01
4.2900000e+02		4.3000000e+02		4.2950000e+02		1.0698649e+03		1.0009051e+03		3.4477715e+03		1.7333327e+03		1.7329425e+03		3.9022270e-01
4.3000000e+02		4.3100000e+02		4.3050000e+02		8.6065012e+02		8.0824741e+02		2.7835534e+03		1.3996777e+03		1.3993391e+03		3.3859719e-01
4.3100000e+02		4.3200000e+02		4.3150000e+02		1.0641754e+03		1.0031441e+03		3.4540520e+03		1.7371662e+03		1.7367150e+03		4.5117690e-01
4.3200000e+02		4.3300000e+02		4.3250000e+02		1.1990384e+03		1.1344743e+03		3.9054508e+03		1.9645664e+03		1.9640190e+03		5.4733701e-01
4.3300000e+02		4.3400000e+02		4.3350000e+02		1.3017454e+03		1.2361706e+03		4.2546764e+03		2.1406424e+03		2.1400032e+03		6.3922336e-01
4.3400000e+02		4.3500000e+02		4.3450000e+02		1.1054356e+03		1.0535528e+03		3.6254053e+03		1.8243798e+03		1.8237964e+03		5.8342787e-01
4.3500000e+02		4.3600000e+02		4.3550000e+02		1.2347447e+03		1.1809917e+03		4.0631237e+03		2.0450254e+03		2.0443257e+03		6.9970352e-01
4.3600000e+02		4.3700000e+02		4.3650000e+02		1.3814970e+03		1.3259960e+03		4.5610950e+03		2.2960778e+03		2.2952381e+03		8.3967944e-01
4.3700000e+02		4.3800000e+02		4.3750000e+02		1.2223713e+03		1.1773721e+03		4.0490579e+03		2.0386850e+03		2.0378882e+03		7.9677557e-01
4.3800000e+02		4.3900000e+02		4.3850000e+02		1.1905029e+03		1.1506313e+03		3.9563115e+03		1.9923432e+03		1.9915118e+03		8.3137411e-01
4.3900000e+02		4.4000000e+02		4.3950000e+02		1.3250738e+03		7.9013099e+02		2.7266033e+03		1.3678677e+03		1.3669398e+03		9.2791558e-01
4.4000000e+02		4.4100000e+02		4.4050000e+02		1.2562739e+03		1.3529058e+02		4.7746946e+02		2.3384447e+02		2.3318099e+02		6.6347066e-01
4.4100000e+02		4.4200000e+02		4.4150000e+02		1.3817384e+03		3.6519660e-03		1.7136748e-02		5.3699768e-03		4.0648572e-03		1.3051196e-03
4.4200000e+02		4.4300000e+02		4.4250000e+02		1.4526378e+03		1.7545557e-04		9.0534094e-04		2.3989937e-04		1.5247567e-04		8.7423701e-05
4.4300000e+02		4.4400000e+02		4.4350000e+02		1.4050936e+03		1.1781963e-04		6.1436154e-04		1.5950424e-04		9.8626843e-05		6.0877400e-05
4.4400000e+02		4.4500000e+02		4.4450000e+02		1.4475318e+03		1.2192803e-08		9.5828922e-08		1.4735801e-08		6.0167978e-09		8.7190029e-09
4.4500000e+02		4.4600000e+02		4.4550000e+02		1.3420773e+03		1.7263008e-08		1.3266007e-07		2.0893676e-08		8.5902522e-09		1.2303424e-08
4.4600000e+02		4.4700000e+02		4.4650000e+02		1.3689269e+03		5.8118543e-03		2.6477993e-02		8.5057281e-03		6.3737740e-03		2.1319541e-03
4.4700000e+02		4.4800000e+02		4.4750000e+02		1.4837056e+03		2.1355651e-01		8.8787924e-01		3.4151519e-01		3.0275349e-01		3.8761699e-02
4.4800000e+02		4.4900000e+02		4.4850000e+02		1.4587166e+03		1.7730137e+01		6.5416863e+01		3.0308939e+01		2.9761767e+01		5.4717232e-01
4.4900000e+02		4.5000000e+02		4.4950000e+02		1.4737837e+03		4.5427413e+02		1.5750942e+03		7.8556300e+02		7.8383787e+02		1.7251274e+00
4.5000000e+02		4.5100000e+02		4.5050000e+02		1.5636828e+03		1.5698150e+03		5.3851927e+03		2.7172812e+03		2.7149341e+03		2.3471170e+00
4.5100000e+02		4.5200000e+02		4.5150000e+02		1.5589734e+03		1.5696291e+03		5.3835437e+03		2.7168606e+03		2.7143788e+03		2.4817786e+00
4.5200000e+02		4.5300000e+02		4.5250000e+02		1.4757889e+03		1.4901782e+03		5.1100729e+03		2.5792404e+03		2.5767490e+03		2.4914840e+00
4.5300000e+02		4.5400000e+02		4.5350000e+02		1.4141855e+03		1.4320462e+03		4.9098013e+03		2.4785249e+03		2.4759950e+03		2.5298535e+00
4.5400000e+02		4.5500000e+02		4.5450000e+02		1.5096596e+03		1.5330116e+03		5.2549757e+03		2.6531609e+03		2.6503018e+03		2.8590847e+00
4.5500000e+02		4.5600000e+02		4.5550000e+02		1.4952815e+03		1.5225950e+03		5.2182934e+03		2.6350192e+03		2.6320239e+03		2.9952881e+00
4.5600000e+02		4.5700000e+02		4.5650000e+02		1.5527317e+03		1.5854374e+03		5.4326441e+03		2.7436500e+03		2.7403605e+03		3.2895238e+00
4.5700000e+02		4.5800000e+02		4.5750000e+02		1.5677329e+03		1.6050993e+03		5.4989789e+03		2.7775437e+03		2.7740332e+03		3.5105375e+00
4.5800000e+02		4.5900000e+02		4.5850000e+02		1.4734199e+03		1.5125694e+03		5.1810005e+03		2.6172962e+03		2.6138116e+03		3.4845910e+00
4.5900000e+02		4.6000000e+02		4.5950000e+02		1.5222067e+03		1.5667699e+03		5.3656429e+03		2.7109436e+03		2.7071441e+03		3.7994787e+00
4.6000000e+02		4.6100000e+02		4.6050000e+02		1.5039223e+03		1.5519695e+03		5.3139573e+03		2.6851919e+03		2.6812328e+03		3.9590678e+00
4.6100000e+02		4.6200000e+02		4.6150000e+02		1.5386000e+03		1.5917643e+03		5.4492042e+03		2.7538938e+03		2.7496279e+03		4.2658536e+00
4.6200000e+02		4.6300000e+02		4.6250000e+02		1.5538294e+03		1.6115519e+03		5.5159140e+03		2.7879692e+03		2.7834331e+03		4.5360536e+00
4.6300000e+02		4.6400000e+02		4.6350000e+02		1.5018384e+03		1.5615293e+03		5.3436887e+03		2.7012687e+03		2.6966525e+03		4.6162020e+00
4.6400000e+02		4.6500000e+02		4.6450000e+02		1.5281564e+03		1.5928639e+03		5.4498737e+03		2.7553008e+03		2.7503553e+03		4.9454795e+00
4.6500000e+02		4.6600000e+02		4.6550000e+02		1.4760608e+03		1.5423925e+03		5.2761665e+03		2.6678208e+03		2.6627919e+03		5.0289090e+00
4.6600000e+02		4.6700000e+02		4.6650000e+02		1.4854121e+03		1.5559274e+03		5.3214453e+03		2.6910500e+03		2.6857289e+03		5.3210694e+00
4.6700000e+02		4.6800000e+02		4.6750000e+02		1.4997486e+03		5.1704698e+00		1.9204314e+01		8.4992644e+00		7.8760125e+00		6.2325190e-01
4.6800000e+02		4.6900000e+02		4.6850000e+02		1.4665907e+03		1.4866172e+01		5.4026342e+01		2.4884584e+01		2.3703818e+01		1.1807664e+00
4.6900000e+02		4.7000000e+02		4.6950000e+02		1.5086728e+03		1.3101795e+00		4.9716421e+00		2.0748164e+00		1.8091501e+00		2.6566622e-01
4.7000000e+02		4.7100000e+02		4.7050000e+02		1.4256243e+03		3.2865658e-01		1.2736089e+00		4.9963029e-01		4.0452813e-01		9.5102159e-02
4.7100000e+02		4.7200000e+02		4.7150000e+02		1.4904926e+03		8.1612212e-02		3.2430604e-01		1.1850614e-01		8.7291966e-02		3.1214172e-02
4.7200000e+02		4.7300000e+02		4.7250000e+02		1.5269264e+03		9.3508031e-02		3.6970008e-01		1.3582832e-01		1.0013088e-01		3.5697439e-02
4.7300000e+02		4.7400000e+02		4.7350000e+02		1.4995420e+03		2.7706282e-03		1.2009927e-02		3.6728246e-03		2.1346196e-03		1.5382050e-03
4.7400000e+02		4.7500000e+02		4.7450000e+02		1.5448084e+03		7.0175951e-01		2.6607455e+00		1.0769465e+00		8.8770205e-01		1.8924449e-01
4.7500000e+02		4.7600000e+02		4.7550000e+02		1.5413846e+03		1.6815190e+02		5.8522097e+02		2.8771070e+02		2.8287915e+02		4.8315514e+00
4.7600000e+02		4.7700000e+02		4.7650000e+02		1.4853490e+03		1.5911751e+03		5.4314288e+03		2.7497686e+03		2.7412617e+03		8.5068977e+00
4.7700000e+02		4.7800000e+02		4.7750000e+02		1.5508368e+03		1.6648306e+03		5.6817093e+03		2.8767733e+03		2.8674872e+03		9.2861463e+00
4.7800000e+02		4.7900000e+02		4.7850000e+02		1.5358791e+03		1.6521337e+03		5.6372631e+03		2.8545505e+03		2.8449487e+03		9.6017875e+00
4.7900000e+02		4.8000000e+02		4.7950000e+02		1.5403519e+03		1.6603132e+03		5.6640353e+03		2.8683869e+03		2.8583330e+03		1.0053853e+01
4.8000000e+02		4.8100000e+02		4.8050000e+02		1.5442750e+03		1.6679168e+03		5.6888137e+03		2.8812130e+03		2.8706898e+03		1.0523216e+01
4.8100000e+02		4.8200000e+02		4.8150000e+02		1.5475498e+03		1.6748314e+03		5.7112140e+03		2.8928337e+03		2.8818244e+03		1.1009317e+01
4.8200000e+02		4.8300000e+02		4.8250000e+02		1.5416562e+03		1.6717464e+03		5.6995178e+03		2.8871754e+03		2.8757360e+03		1.1439436e+01
4.8300000e+02		4.8400000e+02		4.8350000e+02		1.5183412e+03		9.2274398e+01		3.2166121e+02		1.5610837e+02		1.5103280e+02		5.0755703e+00
4.8400000e+02		4.8500000e+02		4.8450000e+02		1.4920771e+03		4.9707136e+00		1.7920193e+01		7.8973623e+00		6.9245252e+00		9.7283714e-01
4.8500000e+02		4.8600000e+02		4.8550000e+02		1.4021236e+03		5.6630969e-02		2.1852227e-01		7.8380930e-02		5.1460961e-02		2.6919969e-02
4.8600000e+02		4.8700000e+02		4.8650000e+02		1.2173217e+03		3.3482460e+00		1.2051316e+01		5.2669153e+00		4.5396203e+00		7.2729504e-01
4.8700000e+02		4.8800000e+02		4.8750000e+02		1.3927585e+03		1.5239837e-01		5.7304735e-01		2.1594078e-01		1.5034296e-01		6.5597816e-02
4.8800000e+02		4.8900000e+02		4.8850000e+02		1.4651201e+03		1.8836016e-01		7.0441530e-01		2.6748310e-01		1.8720690e-01		8.0276200e-02
4.8900000e+02		4.9000000e+02		4.8950000e+02		1.4372192e+03		3.3459188e-01		1.2354896e+00		4.8270782e-01		3.5044608e-01		1.3226174e-01
4.9000000e+02		4.9100000e+02		4.9050000e+02		1.5307557e+03		2.7224471e+00		9.7653902e+00		4.1855785e+00		3.4618061e+00		7.2377241e-01
4.9100000e+02		4.9200000e+02		4.9150000e+02		1.4425606e+03		1.7139541e+00		6.1618429e+00		2.5942338e+00		2.0827641e+00		5.1146964e-01
4.9200000e+02		4.9300000e+02		4.9250000e+02		1.3729411e+03		1.3932739e+02		4.8006523e+02		2.3565446e+02		2.2791230e+02		7.7421618e+00
4.9300000e+02		4.9400000e+02		4.9350000e+02		1.4509629e+03		4.9875156e+02		1.7042533e+03		8.5438117e+02		8.4142869e+02		1.2952484e+01
4.9400000e+02		4.9500000e+02		4.9450000e+02		1.4929449e+03		1.6543080e+03		5.6255795e+03		2.8523728e+03		2.8346517e+03		1.7721041e+01
4.9500000e+02		4.9600000e+02		4.9550000e+02		1.4663156e+03		1.6274706e+03		5.5330814e+03		2.8056484e+03		2.7875986e+03		1.8049796e+01
4.9600000e+02		4.9700000e+02		4.9650000e+02		1.4846220e+03		1.6504846e+03		5.6100506e+03		2.8448498e+03		2.8258985e+03		1.8951358e+01
4.9700000e+02		4.9800000e+02		4.9750000e+02		1.5123203e+03		1.6839803e+03		5.7225990e+03		2.9020918e+03		2.8820827e+03		2.0009122e+01
4.9800000e+02		4.9900000e+02		4.9850000e+02		1.3744029e+03		1.9877770e+02		6.8050122e+02		3.3636725e+02		3.2554038e+02		1.0826877e+01
4.9900000e+02		5.0000000e+02		4.9950000e+02		1.4721832e+03		2.9190855e+00		1.0261653e+01		4.4068961e+00		3.5201976e+00		8.8669851e-01
