Left Bin Edge (nm)	Right Bin Edge (nm)	Bin Center (nm)		Top of Atm Intensity (erg/s/nm/cm2)		Total Surface Flux (erg/s/nm/cm2)		Total Intensity at BOA (erg/s/nm/cm2)		Total Surface Intensity (erg/s/nm/cm2)		Total Surface Diffuse Intensity (erg/s/nm/cm2)		Total Surface Direct Intensity (erg/s/nm/cm2)
1.0000000e+02		1.0100000e+02		1.0050000e+02		4.4569042e-02		2.4525374e-199		0.0000000e+00		4.2479194e-199		4.2479194e-199		0.0000000e+00
1.0100000e+02		1.0200000e+02		1.0150000e+02		1.7387199e-01		2.8780738e-197		0.0000000e+00		4.9849701e-197		4.9849701e-197		0.0000000e+00
1.0200000e+02		1.0300000e+02		1.0250000e+02		9.2286085e-01		3.0760917e-195		0.0000000e+00		5.3279471e-195		5.3279471e-195		0.0000000e+00
1.0300000e+02		1.0400000e+02		1.0350000e+02		7.0094286e-01		3.0025219e-193		0.0000000e+00		5.2005205e-193		5.2005205e-193		0.0000000e+00
1.0400000e+02		1.0500000e+02		1.0450000e+02		1.4124828e-01		2.6834655e-191		0.0000000e+00		4.6478986e-191		4.6478986e-191		0.0000000e+00
1.0500000e+02		1.0600000e+02		1.0550000e+02		4.8389941e-02		2.2015022e-189		0.0000000e+00		3.8131136e-189		3.8131136e-189		0.0000000e+00
1.0600000e+02		1.0700000e+02		1.0650000e+02		4.5487167e-02		1.6618998e-187		0.0000000e+00		2.8784949e-187		2.8784949e-187		0.0000000e+00
1.0700000e+02		1.0800000e+02		1.0750000e+02		5.0757295e-02		1.1570799e-185		0.0000000e+00		2.0041212e-185		2.0041212e-185		0.0000000e+00
1.0800000e+02		1.0900000e+02		1.0850000e+02		7.1152114e-02		7.4462174e-184		0.0000000e+00		1.2897227e-183		1.2897227e-183		0.0000000e+00
1.0900000e+02		1.1000000e+02		1.0950000e+02		5.5817450e-02		1.2108550e-84		1.4759077e-79		2.0972617e-84		2.0972608e-84		9.3966784e-91
1.1000000e+02		1.1100000e+02		1.1050000e+02		5.4043772e-02		5.2907274e-82		4.6189922e-77		9.1637808e-82		9.1637427e-82		3.8128106e-87
1.1100000e+02		1.1200000e+02		1.1150000e+02		5.0797691e-02		2.7822991e-79		1.7193548e-74		4.8189966e-79		4.8188781e-79		1.1856882e-83
1.1200000e+02		1.1300000e+02		1.1250000e+02		5.1969037e-02		1.5571146e-76		6.8222186e-72		2.6967908e-76		2.6965027e-76		2.8804567e-80
1.1300000e+02		1.1400000e+02		1.1350000e+02		4.1221387e-02		5.9054074e-74		1.8481795e-69		1.0225722e-73		1.0221975e-73		3.7476151e-77
1.1400000e+02		1.1500000e+02		1.1450000e+02		3.1562600e-02		1.9147486e-71		4.3027988e-67		3.3139998e-71		3.3106640e-71		3.3357971e-74
1.1500000e+02		1.1600000e+02		1.1550000e+02		4.3552050e-02		9.9253062e-69		1.6070657e-64		1.7162777e-68		1.7124040e-68		3.8737316e-71
1.1600000e+02		1.1700000e+02		1.1650000e+02		1.0143732e-01		5.8050096e-66		6.9006223e-62		1.0020178e-65		9.9731950e-66		4.6982784e-68
1.1700000e+02		1.1800000e+02		1.1750000e+02		3.6108525e-01		3.9714193e-63		3.4983892e-59		6.8356128e-63		6.7767546e-63		5.8858208e-65
1.1800000e+02		1.1900000e+02		1.1850000e+02		1.2283927e-01		2.3373418e-61		1.5278309e-57		4.0086259e-61		3.9543008e-61		5.4325137e-63
1.1900000e+02		1.2000000e+02		1.1950000e+02		1.7115732e-01		4.9479680e-59		2.4123385e-55		8.4522286e-59		8.2911698e-59		1.6105885e-60
1.2000000e+02		1.2100000e+02		1.2050000e+02		9.3056497e-01		3.5283163e-56		1.2931538e-52		6.0025431e-56		5.8540836e-56		1.4845959e-57
1.2100000e+02		1.2200000e+02		1.2150000e+02		3.6941242e+01		1.3961168e-52		3.9036708e-49		2.3644449e-52		2.2910889e-52		7.3356061e-54
1.2200000e+02		1.2300000e+02		1.2250000e+02		2.4773856e-01		3.4035071e-53		7.6192286e-50		5.7164064e-53		5.4723786e-53		2.4402783e-54
1.2300000e+02		1.2400000e+02		1.2350000e+02		1.3344721e-01		5.0366866e-52		9.1704780e-49		8.3820042e-52		7.9151065e-52		4.6689775e-53
1.2400000e+02		1.2500000e+02		1.2450000e+02		1.0726631e-01		9.8748464e-51		1.4753542e-47		1.6284225e-50		1.5164752e-50		1.1194725e-51
1.2500000e+02		1.2600000e+02		1.2550000e+02		1.0471361e-01		2.0718254e-49		2.5629626e-46		3.3859184e-49		3.1091776e-49		2.7674086e-50
1.2600000e+02		1.2700000e+02		1.2650000e+02		1.4644878e-01		5.4830515e-48		5.6649577e-45		8.8816410e-48		8.0411493e-48		8.4049172e-49
1.2700000e+02		1.2800000e+02		1.2750000e+02		7.6659940e-02		4.7583633e-47		4.1413423e-44		7.6405118e-47		6.8192368e-47		8.2127507e-48
1.2800000e+02		1.2900000e+02		1.2850000e+02		6.1165494e-02		4.1688130e-46		3.1239065e-43		6.6261527e-46		5.8141282e-46		8.1202454e-47
1.2900000e+02		1.3000000e+02		1.2950000e+02		8.1594975e-02		4.7008221e-45		3.0776491e-42		7.3914609e-45		6.3661198e-45		1.0253411e-45
1.3000000e+02		1.3100000e+02		1.3050000e+02		6.7007791e-01		2.9353724e-43		1.6907348e-40		4.5666978e-43		3.8597575e-43		7.0694037e-44
1.3100000e+02		1.3200000e+02		1.3150000e+02		9.0731094e-02		2.7300841e-43		1.3924887e-40		4.2031412e-43		3.4852905e-43		7.1785070e-44
1.3200000e+02		1.3300000e+02		1.3250000e+02		7.0547730e-02		1.3231213e-42		6.0130508e-40		2.0162004e-42		1.6398429e-42		3.7635754e-43
1.3300000e+02		1.3400000e+02		1.3350000e+02		9.5357088e-01		1.0161897e-40		4.1388149e-38		1.5329322e-40		1.2226258e-40		3.1030637e-41
1.3400000e+02		1.3500000e+02		1.3450000e+02		6.5246966e-02		3.7000462e-41		1.3564725e-38		5.5271051e-41		4.3228677e-41		1.2042374e-41
1.3500000e+02		1.3600000e+02		1.3550000e+02		1.3692679e-01		6.5862833e-40		2.1250073e-37		9.7715971e-40		7.5365333e-40		2.2350638e-40
1.3600000e+02		1.3700000e+02		1.3650000e+02		8.9861989e-02		4.2823832e-39		1.2074045e-36		6.3188715e-39		4.8183830e-39		1.5004885e-39
1.3700000e+02		1.3800000e+02		1.3750000e+02		9.2282630e-02		4.0324296e-38		9.9811137e-36		5.9186045e-38		4.4627378e-38		1.4558667e-38
1.3800000e+02		1.3900000e+02		1.3850000e+02		9.4180145e-02		3.5071148e-37		7.6541526e-35		5.1211805e-37		3.8189205e-37		1.3022600e-37
1.3900000e+02		1.4000000e+02		1.3950000e+02		3.1801144e-01		9.4166985e-36		1.8195741e-33		1.3682163e-35		1.0092197e-35		3.5899660e-36
1.4000000e+02		1.4100000e+02		1.4050000e+02		2.7729440e-01		6.1149789e-35		1.0502299e-32		8.8420880e-35		6.4524093e-35		2.3896787e-35
1.4100000e+02		1.4200000e+02		1.4150000e+02		1.3359910e-01		2.0620627e-34		3.1594775e-32		2.9677870e-34		2.1429666e-34		8.2482040e-35
1.4200000e+02		1.4300000e+02		1.4250000e+02		1.4479671e-01		1.7819991e-33		2.4211950e-31		2.5558057e-33		1.8308462e-33		7.2495954e-34
1.4300000e+02		1.4400000e+02		1.4350000e+02		1.6064305e-01		4.8960025e-32		5.5761017e-30		7.0466198e-32		5.0884153e-32		1.9582045e-32
1.4400000e+02		1.4500000e+02		1.4450000e+02		1.5363637e-01		1.3574018e-30		1.2872311e-28		1.9644090e-30		1.4361943e-30		5.2821463e-31
1.4500000e+02		1.4600000e+02		1.4550000e+02		1.6382583e-01		4.0106781e-29		3.1783978e-27		5.8417927e-29		4.3324635e-29		1.5093291e-29
1.4600000e+02		1.4700000e+02		1.4650000e+02		1.9977093e-01		1.3006305e-27		8.6448224e-26		1.9088287e-27		1.4390124e-27		4.6981625e-28
1.4700000e+02		1.4800000e+02		1.4750000e+02		2.4643334e-01		4.1137571e-26		2.3015669e-24		6.0910096e-26		4.6782298e-26		1.4127799e-26
1.4800000e+02		1.4900000e+02		1.4850000e+02		2.4167300e-01		1.0025799e-24		4.7389017e-23		1.4998613e-24		1.1765805e-24		3.2328086e-25
1.4900000e+02		1.5000000e+02		1.4950000e+02		2.1832777e-01		2.1962872e-23		8.8034025e-22		3.3255275e-23		2.6718112e-23		6.5371625e-24
1.5000000e+02		1.5100000e+02		1.5050000e+02		2.4023073e-01		5.7707240e-22		1.9691036e-20		8.8621901e-22		7.3144873e-22		1.5477028e-22
1.5100000e+02		1.5200000e+02		1.5150000e+02		2.5258505e-01		1.5825641e-20		4.5973016e-19		2.4734396e-20		2.1078341e-20		3.6560558e-21
1.5200000e+02		1.5300000e+02		1.5250000e+02		3.2229547e-01		6.5744660e-19		1.6184592e-17		1.0512842e-18		9.3182989e-19		1.1945436e-19
1.5300000e+02		1.5400000e+02		1.5350000e+02		3.5701286e-01		2.6525456e-17		5.5235214e-16		4.3533733e-17		4.0242015e-17		3.2917179e-18
1.5400000e+02		1.5500000e+02		1.5450000e+02		9.5486931e-01		3.2292290e-15		5.5956515e-14		5.4379590e-15		5.2259113e-15		2.1204768e-16
1.5500000e+02		1.5600000e+02		1.5550000e+02		7.8587524e-01		1.7564484e-13		2.4349438e-12		3.0124200e-13		2.9716607e-13		4.0759264e-15
1.5600000e+02		1.5700000e+02		1.5650000e+02		4.6648084e-01		1.1038331e-11		1.1683297e-10		1.9078781e-11		1.9023909e-11		5.4872604e-14
1.5700000e+02		1.5800000e+02		1.5750000e+02		4.2309893e-01		1.7997761e-09		1.4063236e-08		3.1165001e-09		3.1154024e-09		1.0976879e-12
1.5800000e+02		1.5900000e+02		1.5850000e+02		3.9008072e-01		6.6368042e-07		3.7212778e-06		1.1495123e-06		1.1494906e-06		2.1733995e-11
1.5900000e+02		1.6000000e+02		1.5950000e+02		3.8042347e-01		7.9685086e-04		3.2272068e-03		1.3801859e-03		1.3801856e-03		3.2520820e-10
1.6000000e+02		1.6100000e+02		1.6050000e+02		4.1635449e-01		4.8781303e-03		1.8657983e-02		8.4491688e-03		8.4491679e-03		9.0218040e-10
1.6100000e+02		1.6200000e+02		1.6150000e+02		4.7164413e-01		1.0209131e-02		3.8348684e-02		1.7682733e-02		1.7682731e-02		2.0100575e-09
1.6200000e+02		1.6300000e+02		1.6250000e+02		5.2241459e-01		1.6729988e-02		6.2154819e-02		2.8977186e-02		2.8977182e-02		4.1174443e-09
1.6300000e+02		1.6400000e+02		1.6350000e+02		1.1072121e+00		3.6171137e-02		1.3417489e-01		6.2650236e-02		6.2650221e-02		1.4920280e-08
1.6400000e+02		1.6500000e+02		1.6450000e+02		1.1323318e+00		3.3780110e-02		1.2545827e-01		5.8508849e-02		5.8508824e-02		2.5115047e-08
1.6500000e+02		1.6600000e+02		1.6550000e+02		1.3255566e+00		3.3507161e-02		1.2484547e-01		5.8036070e-02		5.8036023e-02		4.6799765e-08
1.6600000e+02		1.6700000e+02		1.6650000e+02		6.2522883e-01		1.2566083e-02		4.7060028e-02		2.1765069e-02		2.1765035e-02		3.3998026e-08
1.6700000e+02		1.6800000e+02		1.6750000e+02		6.6723830e-01		1.0722793e-02		4.0368781e-02		1.8572382e-02		1.8572327e-02		5.4725430e-08
1.6800000e+02		1.6900000e+02		1.6850000e+02		7.1904320e-01		8.8693156e-03		3.3617322e-02		1.5362042e-02		1.5361956e-02		8.6319377e-08
1.6900000e+02		1.7000000e+02		1.6950000e+02		9.0554889e-01		8.1850702e-03		3.1291227e-02		1.4176845e-02		1.4176691e-02		1.5400223e-07
1.7000000e+02		1.7100000e+02		1.7050000e+02		1.0161854e+00		6.6889994e-03		2.5810933e-02		1.1585512e-02		1.1585273e-02		2.3888284e-07
1.7100000e+02		1.7200000e+02		1.7150000e+02		1.0130704e+00		4.6924079e-03		1.8307123e-02		8.1272555e-03		8.1269367e-03		3.1880633e-07
1.7200000e+02		1.7300000e+02		1.7250000e+02		1.0571150e+00		3.2626964e-03		1.2903415e-02		5.6508426e-03		5.6504145e-03		4.2805087e-07
1.7300000e+02		1.7400000e+02		1.7350000e+02		1.0479596e+00		2.2705008e-03		9.0918948e-03		3.9322268e-03		3.9316859e-03		5.4087480e-07
1.7400000e+02		1.7500000e+02		1.7450000e+02		1.2530722e+00		1.8661848e-03		7.5772561e-03		3.2317414e-03		3.2309416e-03		7.9980914e-07
1.7500000e+02		1.7600000e+02		1.7550000e+02		1.4954862e+00		1.3333443e-03		5.5239657e-03		2.3086168e-03		2.3075196e-03		1.0972774e-06
1.7600000e+02		1.7700000e+02		1.7650000e+02		1.6135596e+00		9.3399659e-04		3.9387256e-03		1.6167324e-03		1.6153703e-03		1.3621356e-06
1.7700000e+02		1.7800000e+02		1.7750000e+02		1.9010195e+00		7.3835437e-04		3.1668979e-03		1.2775327e-03		1.2757097e-03		1.8230525e-06
1.7800000e+02		1.7900000e+02		1.7850000e+02		2.0776624e+00		4.3485982e-04		1.9168513e-03		7.5172857e-04		7.4971950e-04		2.0090673e-06
1.7900000e+02		1.8000000e+02		1.7950000e+02		2.0198657e+00		2.3135065e-04		1.0480511e-03		3.9931121e-04		3.9739896e-04		1.9122564e-06
1.8000000e+02		1.8100000e+02		1.8050000e+02		2.4976225e+00		1.8699446e-04		8.6345831e-04		3.2209949e-04		3.1966192e-04		2.4375613e-06
1.8100000e+02		1.8200000e+02		1.8150000e+02		3.0410490e+00		1.2632780e-04		5.9891238e-04		2.1680481e-04		2.1407091e-04		2.7339016e-06
1.8200000e+02		1.8300000e+02		1.8250000e+02		2.8073836e+00		5.2389218e-05		2.5719276e-04		8.9286581e-05		8.7300098e-05		1.9864834e-06
1.8300000e+02		1.8400000e+02		1.8350000e+02		2.9562417e+00		3.1183083e-05		1.5649381e-04		5.2701467e-05		5.0913045e-05		1.7884220e-06
1.8400000e+02		1.8500000e+02		1.8450000e+02		2.5409769e+00		1.8319828e-05		9.2999449e-05		3.0687406e-05		2.9262004e-05		1.4254018e-06
1.8500000e+02		1.8600000e+02		1.8550000e+02		2.8735562e+00		1.0327590e-05		5.3563536e-05		1.7028522e-05		1.5854575e-05		1.1739465e-06
1.8600000e+02		1.8700000e+02		1.8650000e+02		3.2604304e+00		4.8258412e-06		2.5637601e-05		7.7733593e-06		6.9739027e-06		7.9945659e-07
1.8700000e+02		1.8800000e+02		1.8750000e+02		3.6946466e+00		3.4573034e-06		1.8480472e-05		5.4692775e-06		4.7603818e-06		7.0889574e-07
1.8800000e+02		1.8900000e+02		1.8850000e+02		3.8870616e+00		3.0627742e-06		1.6305310e-05		4.7832365e-06		4.0706576e-06		7.1257894e-07
1.8900000e+02		1.9000000e+02		1.8950000e+02		4.3106081e+00		2.0484902e-06		1.0969474e-05		3.1330255e-06		2.5660381e-06		5.6698743e-07
1.9000000e+02		1.9100000e+02		1.9050000e+02		4.4384288e+00		8.4149378e-07		4.5909205e-06		1.2482138e-06		9.6230993e-07		2.8590389e-07
1.9100000e+02		1.9200000e+02		1.9150000e+02		4.8094361e+00		5.4628274e-07		3.0010723e-06		7.9367180e-07		5.8532880e-07		2.0834300e-07
1.9200000e+02		1.9300000e+02		1.9250000e+02		5.0365493e+00		6.4098795e-07		3.4761671e-06		9.2507655e-07		6.7216086e-07		2.5291570e-07
1.9300000e+02		1.9400000e+02		1.9350000e+02		3.8447944e+00		5.1927492e-07		2.7856158e-06		7.4369510e-07		5.3098385e-07		2.1271125e-07
1.9400000e+02		1.9500000e+02		1.9450000e+02		6.1679797e+00		5.0149036e-07		2.7137500e-06		7.0450707e-07		4.8034269e-07		2.2416438e-07
1.9500000e+02		1.9600000e+02		1.9550000e+02		5.9528271e+00		2.6670368e-07		1.4626284e-06		3.6729129e-07		2.3799285e-07		1.2929844e-07
1.9600000e+02		1.9700000e+02		1.9650000e+02		6.5508102e+00		3.2917043e-07		1.7840811e-06		4.5071606e-07		2.8758006e-07		1.6313601e-07
1.9700000e+02		1.9800000e+02		1.9750000e+02		6.5190955e+00		6.2810393e-07		3.2998790e-06		8.6399015e-07		5.5811278e-07		3.0587737e-07
1.9800000e+02		1.9900000e+02		1.9850000e+02		6.3883794e+00		1.0400456e-06		5.3236405e-06		1.4343250e-06		9.3287524e-07		5.0144978e-07
1.9900000e+02		2.0000000e+02		1.9950000e+02		6.7274707e+00		1.1963693e-06		6.0602226e-06		1.6401220e-06		1.0499302e-06		5.9019180e-07
2.0000000e+02		2.0100000e+02		2.0050000e+02		7.1125146e+00		1.3119113e-06		6.5899192e-06		1.7863212e-06		1.1224660e-06		6.6385521e-07
2.0100000e+02		2.0200000e+02		2.0150000e+02		7.5701275e+00		2.3076325e-06		1.1309332e-05		3.1503135e-06		1.9938046e-06		1.1565089e-06
2.0200000e+02		2.0300000e+02		2.0250000e+02		7.4828608e+00		5.6540292e-06		2.6686841e-05		7.8092489e-06		5.0993046e-06		2.7099443e-06
2.0300000e+02		2.0400000e+02		2.0350000e+02		8.0092047e+00		1.6400718e-05		7.4495249e-05		2.2998030e-05		1.5609408e-05		7.3886217e-06
2.0400000e+02		2.0500000e+02		2.0450000e+02		8.6207445e+00		4.4440383e-05		1.9513816e-04		6.3259803e-05		4.4527226e-05		1.8732577e-05
2.0500000e+02		2.0600000e+02		2.0550000e+02		8.6400754e+00		1.0274717e-04		4.3809260e-04		1.4834282e-04		1.0788048e-04		4.0462347e-05
2.0600000e+02		2.0700000e+02		2.0650000e+02		8.6510225e+00		2.1455156e-04		8.9206465e-04		3.1365308e-04		2.3447670e-04		7.9176374e-05
2.0700000e+02		2.0800000e+02		2.0750000e+02		9.3957826e+00		4.4616162e-04		1.8149985e-03		6.5936404e-04		5.0444234e-04		1.5492170e-04
2.0800000e+02		2.0900000e+02		2.0850000e+02		1.0163489e+01		8.6366707e-04		3.4464216e-03		1.2885453e-03		1.0052728e-03		2.8327258e-04
2.0900000e+02		2.1000000e+02		2.0950000e+02		1.3129215e+01		1.9162780e-03		7.5144956e-03		2.8840795e-03		2.2898428e-03		5.9423666e-04
2.1000000e+02		2.1100000e+02		2.1050000e+02		1.6183343e+01		4.0050902e-03		1.5451617e-02		6.0807536e-03		4.9110722e-03		1.1696814e-03
2.1100000e+02		2.1200000e+02		2.1150000e+02		1.8424170e+01		7.5173231e-03		2.8571937e-02		1.1507425e-02		9.4406815e-03		2.0667431e-03
2.1200000e+02		2.1300000e+02		2.1250000e+02		1.6428561e+01		1.0781179e-02		4.0419669e-02		1.6631921e-02		1.3843004e-02		2.7889163e-03
2.1300000e+02		2.1400000e+02		2.1350000e+02		1.6737981e+01		1.6914313e-02		6.2640405e-02		2.6267471e-02		2.2129809e-02		4.1376614e-03
2.1400000e+02		2.1500000e+02		2.1450000e+02		2.1432541e+01		3.2838997e-02		1.2024604e-01		5.1324356e-02		4.3736829e-02		7.5875267e-03
2.1500000e+02		2.1600000e+02		2.1550000e+02		1.8408135e+01		4.2866208e-02		1.5530049e-01		6.7440228e-02		5.8142756e-02		9.2974728e-03
2.1600000e+02		2.1700000e+02		2.1650000e+02		1.7036901e+01		5.9446893e-02		2.1328029e-01		9.4119132e-02		8.2035397e-02		1.2083734e-02
2.1700000e+02		2.1800000e+02		2.1750000e+02		1.7640866e+01		9.1273659e-02		3.2455466e-01		1.4539585e-01		1.2805448e-01		1.7341373e-02
2.1800000e+02		2.1900000e+02		2.1850000e+02		2.3730294e+01		1.7670093e-01		6.2334589e-01		2.8299067e-01		2.5148423e-01		3.1506447e-02
2.1900000e+02		2.2000000e+02		2.1950000e+02		2.5052511e+01		2.6120122e-01		9.1494685e-01		4.2028256e-01		3.7639049e-01		4.3892074e-02
2.2000000e+02		2.2100000e+02		2.2050000e+02		2.5203754e+01		3.6329611e-01		1.2644865e+00		5.8714825e-01		5.2963983e-01		5.7508414e-02
2.2100000e+02		2.2200000e+02		2.2150000e+02		2.0176768e+01		3.9652365e-01		1.3722912e+00		6.4350326e-01		5.8436003e-01		5.9143229e-02
2.2200000e+02		2.2300000e+02		2.2250000e+02		2.7154039e+01		7.1860975e-01		2.4743675e+00		1.1707449e+00		1.0697632e+00		1.0098171e-01
2.2300000e+02		2.2400000e+02		2.2350000e+02		3.5163062e+01		1.2293223e+00		4.2140210e+00		2.0097463e+00		1.8465029e+00		1.6324334e-01
2.2400000e+02		2.2500000e+02		2.2450000e+02		3.2875934e+01		1.4947608e+00		5.1038462e+00		2.4514111e+00		2.2634589e+00		1.8795219e-01
2.2500000e+02		2.2600000e+02		2.2550000e+02		2.8720078e+01		1.6799239e+00		5.7163565e+00		2.7632574e+00		2.5631945e+00		2.0006286e-01
2.2600000e+02		2.2700000e+02		2.2650000e+02		2.1037217e+01		1.5603678e+00		5.2936468e+00		2.5735167e+00		2.3971360e+00		1.7638064e-01
2.2700000e+02		2.2800000e+02		2.2750000e+02		2.0463841e+01		1.9150823e+00		6.4801794e+00		3.1669254e+00		2.9618926e+00		2.0503275e-01
2.2800000e+02		2.2900000e+02		2.2850000e+02		2.8509984e+01		3.2991206e+00		1.1138520e+01		5.4679413e+00		5.1314851e+00		3.3645625e-01
2.2900000e+02		2.3000000e+02		2.2950000e+02		2.5620938e+01		3.6376880e+00		1.2258136e+01		6.0420122e+00		5.6886921e+00		3.5332012e-01
2.3000000e+02		2.3100000e+02		2.3050000e+02		2.9055844e+01		5.0468632e+00		1.6979420e+01		8.4006068e+00		7.9350425e+00		4.6556426e-01
2.3100000e+02		2.3200000e+02		2.3150000e+02		2.7387429e+01		5.7431684e+00		1.9295887e+01		9.5779481e+00		9.0731861e+00		5.0476202e-01
2.3200000e+02		2.3300000e+02		2.3250000e+02		2.9413108e+01		7.3111751e+00		2.4535459e+01		1.2212124e+01		1.1595769e+01		6.1635465e-01
2.3300000e+02		2.3400000e+02		2.3350000e+02		2.6543685e+01		7.7307123e+00		2.5917586e+01		1.2930798e+01		1.2303535e+01		6.2726284e-01
2.3400000e+02		2.3500000e+02		2.3450000e+02		2.3194371e+01		7.8340076e+00		2.6241573e+01		1.3119673e+01		1.2506018e+01		6.1365472e-01
2.3500000e+02		2.3600000e+02		2.3550000e+02		3.1223226e+01		1.2113676e+01		4.0547585e+01		2.0308899e+01		1.9390104e+01		9.1879411e-01
2.3600000e+02		2.3700000e+02		2.3650000e+02		2.8911473e+01		1.2784820e+01		4.2767445e+01		2.1455115e+01		2.0514139e+01		9.4097583e-01
2.3700000e+02		2.3800000e+02		2.3750000e+02		3.0878004e+01		1.5400264e+01		5.1487948e+01		2.5865348e+01		2.4760654e+01		1.1046941e+00
2.3800000e+02		2.3900000e+02		2.3850000e+02		2.5598090e+01		1.4257457e+01		4.7643035e+01		2.3961806e+01		2.2960738e+01		1.0010687e+00
2.3900000e+02		2.4000000e+02		2.3950000e+02		2.7890834e+01		1.7160709e+01		5.7316788e+01		2.8855184e+01		2.7669424e+01		1.1857601e+00
2.4000000e+02		2.4100000e+02		2.4050000e+02		2.5623038e+01		1.7264093e+01		5.7635268e+01		2.9039263e+01		2.7860353e+01		1.1789106e+00
2.4100000e+02		2.4200000e+02		2.4150000e+02		3.0005079e+01		2.1915420e+01		7.3128922e+01		3.6869960e+01		3.5382822e+01		1.4871381e+00
2.4200000e+02		2.4300000e+02		2.4250000e+02		4.1301739e+01		3.2460490e+01		1.0826558e+02		5.4614788e+01		5.2417630e+01		2.1971574e+00
2.4300000e+02		2.4400000e+02		2.4350000e+02		3.8791639e+01		3.2513693e+01		1.0838950e+02		5.4700102e+01		5.2493607e+01		2.2064947e+00
2.4400000e+02		2.4500000e+02		2.4450000e+02		3.6329084e+01		3.2207660e+01		1.0731318e+02		5.4173414e+01		5.1971530e+01		2.2018836e+00
2.4500000e+02		2.4600000e+02		2.4550000e+02		2.9476122e+01		2.7486129e+01		9.1532391e+01		4.6217491e+01		4.4318877e+01		1.8986139e+00
2.4600000e+02		2.4700000e+02		2.4650000e+02		2.8685918e+01		2.7930501e+01		9.2958717e+01		4.6943814e+01		4.4985982e+01		1.9578322e+00
2.4700000e+02		2.4800000e+02		2.4750000e+02		3.1678139e+01		3.2038041e+01		1.0656543e+02		5.3818402e+01		5.1532889e+01		2.2855134e+00
2.4800000e+02		2.4900000e+02		2.4850000e+02		2.5406301e+01		2.6552911e+01		8.8264826e+01		4.4575719e+01		4.2642422e+01		1.9332969e+00
2.4900000e+02		2.5000000e+02		2.4950000e+02		3.0967514e+01		3.3270082e+01		1.1051897e+02		5.5810107e+01		5.3330272e+01		2.4798352e+00
2.5000000e+02		2.5100000e+02		2.5050000e+02		3.3448743e+01		3.6756128e+01		1.2201143e+02		6.1604418e+01		5.8791685e+01		2.8127323e+00
2.5100000e+02		2.5200000e+02		2.5150000e+02		2.7888154e+01		3.1210044e+01		1.0352236e+02		5.2258099e+01		4.9800232e+01		2.4578668e+00
2.5200000e+02		2.5300000e+02		2.5250000e+02		2.5069906e+01		2.8482547e+01		9.4400222e+01		4.7640785e+01		4.5328879e+01		2.3119061e+00
2.5300000e+02		2.5400000e+02		2.5350000e+02		3.1592540e+01		3.6341505e+01		1.2034773e+02		6.0717048e+01		5.7673155e+01		3.0438930e+00
2.5400000e+02		2.5500000e+02		2.5450000e+02		3.5730773e+01		4.1522357e+01		1.3738687e+02		6.9289431e+01		6.5697603e+01		3.5918280e+00
2.5500000e+02		2.5600000e+02		2.5550000e+02		4.8755658e+01		5.7134072e+01		1.8887540e+02		9.5220431e+01		9.0113294e+01		5.1071374e+00
2.5600000e+02		2.5700000e+02		2.5650000e+02		6.2803876e+01		7.4107135e+01		2.4476392e+02		1.2334479e+02		1.1649755e+02		6.8472414e+00
2.5700000e+02		2.5800000e+02		2.5750000e+02		7.8843355e+01		9.3564302e+01		3.0874188e+02		1.5551569e+02		1.4657856e+02		8.9371283e+00
2.5800000e+02		2.5900000e+02		2.5850000e+02		8.2991293e+01		9.8947057e+01		3.2619532e+02		1.6422871e+02		1.5445806e+02		9.7706543e+00
2.5900000e+02		2.6000000e+02		2.5950000e+02		7.0629481e+01		8.3344408e+01		2.7442192e+02		1.3806317e+02		1.2946599e+02		8.5971869e+00
2.6000000e+02		2.6100000e+02		2.6050000e+02		5.7868388e+01		6.7718975e+01		2.2270331e+02		1.1196315e+02		1.0468285e+02		7.2803017e+00
2.6100000e+02		2.6200000e+02		2.6150000e+02		5.9092703e+01		6.9317531e+01		2.2772923e+02		1.1442508e+02		1.0672562e+02		7.6994682e+00
2.6200000e+02		2.6300000e+02		2.6250000e+02		7.0528613e+01		8.2882339e+01		2.7201328e+02		1.3659529e+02		1.2708622e+02		9.5090779e+00
2.6300000e+02		2.6400000e+02		2.6350000e+02		1.0614195e+02		1.2466361e+02		4.0869193e+02		2.0509762e+02		1.9030891e+02		1.4788715e+01
2.6400000e+02		2.6500000e+02		2.6450000e+02		1.6548208e+02		1.9549902e+02		6.4030659e+02		3.2115343e+02		2.9730151e+02		2.3851916e+01
2.6500000e+02		2.6600000e+02		2.6550000e+02		1.7356948e+02		2.0582077e+02		6.7344072e+02		3.3756904e+02		3.1171974e+02		2.5849296e+01
2.6600000e+02		2.6700000e+02		2.6650000e+02		1.6826276e+02		1.9949218e+02		6.5202226e+02		3.2660861e+02		3.0076069e+02		2.5847912e+01
2.6700000e+02		2.6800000e+02		2.6750000e+02		1.6940220e+02		2.0157702e+02		6.5817573e+02		3.2948317e+02		3.0262920e+02		2.6853969e+01
2.6800000e+02		2.6900000e+02		2.6850000e+02		1.6778062e+02		2.0018748e+02		6.5296782e+02		3.2666009e+02		2.9923742e+02		2.7422671e+01
2.6900000e+02		2.7000000e+02		2.6950000e+02		1.5737310e+02		1.8743252e+02		6.1066525e+02		3.0526462e+02		2.7879374e+02		2.6470875e+01
2.7000000e+02		2.7100000e+02		2.7050000e+02		1.8181465e+02		2.1676122e+02		7.0546005e+02		3.5239679e+02		3.2091720e+02		3.1479591e+01
2.7100000e+02		2.7200000e+02		2.7150000e+02		1.5108640e+02		1.7938408e+02		5.8310332e+02		2.9103096e+02		2.6415935e+02		2.6871614e+01
2.7200000e+02		2.7300000e+02		2.7250000e+02		1.2154404e+02		1.4513335e+02		4.7131840e+02		2.3508478e+02		2.1282738e+02		2.2257400e+01
2.7300000e+02		2.7400000e+02		2.7350000e+02		1.2960124e+02		1.5471370e+02		5.0186811e+02		2.5012461e+02		2.2574463e+02		2.4379980e+01
2.7400000e+02		2.7500000e+02		2.7450000e+02		8.9183780e+01		1.0639439e+02		3.4473597e+02		1.7167228e+02		1.5444916e+02		1.7223124e+01
2.7500000e+02		2.7600000e+02		2.7550000e+02		1.1893609e+02		1.4182040e+02		4.5900182e+02		2.2838647e+02		2.0481751e+02		2.3568957e+01
2.7600000e+02		2.7700000e+02		2.7650000e+02		1.6564211e+02		1.9741902e+02		6.3822108e+02		3.1729524e+02		2.8363019e+02		3.3665049e+01
2.7700000e+02		2.7800000e+02		2.7750000e+02		1.5837296e+02		1.8898129e+02		6.1027983e+02		3.0315816e+02		2.7014537e+02		3.3012790e+01
2.7800000e+02		2.7900000e+02		2.7850000e+02		1.0921797e+02		1.3031515e+02		4.2035403e+02		2.0863391e+02		1.8530417e+02		2.3329744e+01
2.7900000e+02		2.8000000e+02		2.7950000e+02		6.1368404e+01		7.3172316e+01		2.3575877e+02		1.1691093e+02		1.0348668e+02		1.3424255e+01
2.8000000e+02		2.8100000e+02		2.8050000e+02		6.7313201e+01		8.0067525e+01		2.5766307e+02		1.2765348e+02		1.1258958e+02		1.5063900e+01
2.8100000e+02		2.8200000e+02		2.8150000e+02		1.3943196e+02		1.6608939e+02		5.3390949e+02		2.6428845e+02		2.3234147e+02		3.1946981e+01
2.8200000e+02		2.8300000e+02		2.8250000e+02		1.8983287e+02		2.2622216e+02		7.2640035e+02		3.5925335e+02		3.1475519e+02		4.4498162e+01
2.8300000e+02		2.8400000e+02		2.8350000e+02		1.9610227e+02		2.3361559e+02		7.4928363e+02		3.7023020e+02		3.2323363e+02		4.6996566e+01
2.8400000e+02		2.8500000e+02		2.8450000e+02		1.4459284e+02		1.7230687e+02		5.5202715e+02		2.7251456e+02		2.3709395e+02		3.5420615e+01
2.8500000e+02		2.8600000e+02		2.8550000e+02		9.2944992e+01		1.1060132e+02		3.5391888e+02		1.7454651e+02		1.5129595e+02		2.3250560e+01
2.8600000e+02		2.8700000e+02		2.8650000e+02		1.9045522e+02		2.2675249e+02		7.2479008e+02		3.5712219e+02		3.0845801e+02		4.8664176e+01
2.8700000e+02		2.8800000e+02		2.8750000e+02		2.2108403e+02		2.6281053e+02		8.3904593e+02		4.1300702e+02		3.5536872e+02		5.7638301e+01
2.8800000e+02		2.8900000e+02		2.8850000e+02		2.1010240e+02		2.4956572e+02		7.9583583e+02		3.9135197e+02		3.3546989e+02		5.5882085e+01
2.8900000e+02		2.9000000e+02		2.8950000e+02		3.1885068e+02		3.7775855e+02		1.2031418e+03		5.9102376e+02		5.0459092e+02		8.6432842e+01
2.9000000e+02		2.9100000e+02		2.9050000e+02		4.1860542e+02		4.9589780e+02		1.5776172e+03		7.7421574e+02		6.5850731e+02		1.1570843e+02
2.9100000e+02		2.9200000e+02		2.9150000e+02		4.0318642e+02		4.7731032e+02		1.5167268e+03		7.4358109e+02		6.3000339e+02		1.1357770e+02
2.9200000e+02		2.9300000e+02		2.9250000e+02		3.5818014e+02		4.2415854e+02		1.3463249e+03		6.5938786e+02		5.5655855e+02		1.0282931e+02
2.9300000e+02		2.9400000e+02		2.9350000e+02		3.7393440e+02		4.4286583e+02		1.4041273e+03		6.8700778e+02		5.7764605e+02		1.0936173e+02
2.9400000e+02		2.9500000e+02		2.9450000e+02		3.4819581e+02		4.1120862e+02		1.3021310e+03		6.3639755e+02		5.3280271e+02		1.0359484e+02
2.9500000e+02		2.9600000e+02		2.9550000e+02		3.7701055e+02		4.4610824e+02		1.4111765e+03		6.8903081e+02		5.7476096e+02		1.1426985e+02
2.9600000e+02		2.9700000e+02		2.9650000e+02		3.4493460e+02		4.0916725e+02		1.2930127e+03		6.3073816e+02		5.2424240e+02		1.0649575e+02
2.9700000e+02		2.9800000e+02		2.9750000e+02		3.5165811e+02		4.1560777e+02		1.3116824e+03		6.3910209e+02		5.2879324e+02		1.1030885e+02
2.9800000e+02		2.9900000e+02		2.9850000e+02		3.0223333e+02		3.5678752e+02		1.1247275e+03		5.4741665e+02		4.5103335e+02		9.6383295e+01
2.9900000e+02		3.0000000e+02		2.9950000e+02		3.4101318e+02		4.0174672e+02		1.2649263e+03		6.1496156e+02		5.0447172e+02		1.1048984e+02
3.0000000e+02		3.0100000e+02		3.0050000e+02		2.7131061e+02		3.1987323e+02		1.0060582e+03		4.8860516e+02		3.9922404e+02		8.9381118e+01
3.0100000e+02		3.0200000e+02		3.0150000e+02		3.1202593e+02		3.6758710e+02		1.1548028e+03		5.6023250e+02		4.5580389e+02		1.0442860e+02
3.0200000e+02		3.0300000e+02		3.0250000e+02		3.2846528e+02		3.8646467e+02		1.2126928e+03		5.8766028e+02		4.7603393e+02		1.1162635e+02
3.0300000e+02		3.0400000e+02		3.0350000e+02		4.2601061e+02		4.9991367e+02		1.5667560e+03		7.5834484e+02		6.1145471e+02		1.4689013e+02
3.0400000e+02		3.0500000e+02		3.0450000e+02		4.0776836e+02		4.7941383e+02		1.5009950e+03		7.2578152e+02		5.8291222e+02		1.4286930e+02
3.0500000e+02		3.0600000e+02		3.0550000e+02		4.1174793e+02		4.8407945e+02		1.5139404e+03		7.3124575e+02		5.8480175e+02		1.4644401e+02
3.0600000e+02		3.0700000e+02		3.0650000e+02		3.9053943e+02		4.5881737e+02		1.4333165e+03		6.9152990e+02		5.5060377e+02		1.4092613e+02
3.0700000e+02		3.0800000e+02		3.0750000e+02		4.3847484e+02		5.1390234e+02		1.6034570e+03		7.7269742e+02		6.1231574e+02		1.6038168e+02
3.0800000e+02		3.0900000e+02		3.0850000e+02		4.3035211e+02		5.0407233e+02		1.5710297e+03		7.5621958e+02		5.9658680e+02		1.5963277e+02
3.0900000e+02		3.1000000e+02		3.0950000e+02		3.4901328e+02		4.0924399e+02		1.2741736e+03		6.1267690e+02		4.8132741e+02		1.3134948e+02
3.1000000e+02		3.1100000e+02		3.1050000e+02		4.3927411e+02		5.1353054e+02		1.5968943e+03		7.6690988e+02		5.9950194e+02		1.6740794e+02
3.1100000e+02		3.1200000e+02		3.1150000e+02		5.2246540e+02		6.1048600e+02		1.8963041e+03		9.0967060e+02		7.0787838e+02		2.0179222e+02
3.1200000e+02		3.1300000e+02		3.1250000e+02		4.6521908e+02		5.4228335e+02		1.6824331e+03		8.0609332e+02		6.2418110e+02		1.8191222e+02
3.1300000e+02		3.1400000e+02		3.1350000e+02		4.9544367e+02		5.7835129e+02		1.7925624e+03		8.5795027e+02		6.6153829e+02		1.9641198e+02
3.1400000e+02		3.1500000e+02		3.1450000e+02		4.6729179e+02		5.4459016e+02		1.6859810e+03		8.0597676e+02		6.1844732e+02		1.8752944e+02
3.1500000e+02		3.1600000e+02		3.1550000e+02		4.5343123e+02		5.2788826e+02		1.6324548e+03		7.7947601e+02		5.9526302e+02		1.8421299e+02
3.1600000e+02		3.1700000e+02		3.1650000e+02		4.4229406e+02		5.1347775e+02		1.5859736e+03		7.5633494e+02		5.7460628e+02		1.8172866e+02
3.1700000e+02		3.1800000e+02		3.1750000e+02		5.6102832e+02		6.5093345e+02		2.0083576e+03		9.5665745e+02		7.2335075e+02		2.3330670e+02
3.1800000e+02		3.1900000e+02		3.1850000e+02		4.6340678e+02		5.3737788e+02		1.6562188e+03		7.8800754e+02		5.9299614e+02		1.9501139e+02
3.1900000e+02		3.2000000e+02		3.1950000e+02		4.9774832e+02		5.7628140e+02		1.7741154e+03		8.4308256e+02		6.3125833e+02		2.1182423e+02
3.2000000e+02		3.2100000e+02		3.2050000e+02		5.7184857e+02		6.6170246e+02		2.0349177e+03		9.6589510e+02		7.1972751e+02		2.4616759e+02
3.2100000e+02		3.2200000e+02		3.2150000e+02		4.8024660e+02		5.5331227e+02		1.6994113e+03		8.0556480e+02		5.9683588e+02		2.0872892e+02
3.2200000e+02		3.2300000e+02		3.2250000e+02		4.8228681e+02		5.5751290e+02		1.7108901e+03		8.1020564e+02		5.9787745e+02		2.1232819e+02
3.2300000e+02		3.2400000e+02		3.2350000e+02		4.6607071e+02		5.3742662e+02		1.6473280e+03		7.7912418e+02		5.7186256e+02		2.0726162e+02
3.2400000e+02		3.2500000e+02		3.2450000e+02		5.4882129e+02		6.3229326e+02		1.9360489e+03		9.1459413e+02		6.6793103e+02		2.4666310e+02
3.2500000e+02		3.2600000e+02		3.2550000e+02		6.3196128e+02		7.2137367e+02		2.2053583e+03		1.0401656e+03		7.5426991e+02		2.8589573e+02
3.2600000e+02		3.2700000e+02		3.2650000e+02		7.1301257e+02		8.2074471e+02		2.5078926e+03		1.1819765e+03		8.5468352e+02		3.2729296e+02
3.2700000e+02		3.2800000e+02		3.2750000e+02		6.8984049e+02		7.9328206e+02		2.4214117e+03		1.1398566e+03		8.2000411e+02		3.1985247e+02
3.2800000e+02		3.2900000e+02		3.2850000e+02		6.6596082e+02		7.6442200e+02		2.3307425e+03		1.0958206e+03		7.8409743e+02		3.1172314e+02
3.2900000e+02		3.3000000e+02		3.2950000e+02		7.7527139e+02		8.8773417e+02		2.7036468e+03		1.2695367e+03		9.0335453e+02		3.6618219e+02
3.3000000e+02		3.3100000e+02		3.3050000e+02		7.3029799e+02		8.3051457e+02		2.5258206e+03		1.1842725e+03		8.3700030e+02		3.4727222e+02
3.3100000e+02		3.3200000e+02		3.3150000e+02		6.9881652e+02		8.0256187e+02		2.4399109e+03		1.1432405e+03		8.0605437e+02		3.3718617e+02
3.3200000e+02		3.3300000e+02		3.3250000e+02		6.8562051e+02		7.8575968e+02		2.3861988e+03		1.1166761e+03		7.8295661e+02		3.3371948e+02
3.3300000e+02		3.3400000e+02		3.3350000e+02		6.5878216e+02		7.5377280e+02		2.2866166e+03		1.0687615e+03		7.4527136e+02		3.2349018e+02
3.3400000e+02		3.3500000e+02		3.3450000e+02		6.9405546e+02		7.9285243e+02		2.4026125e+03		1.1216007e+03		7.7782681e+02		3.4377391e+02
3.3500000e+02		3.3600000e+02		3.3550000e+02		6.8541663e+02		7.8138145e+02		2.3652820e+03		1.1027950e+03		7.6047259e+02		3.4232240e+02
3.3600000e+02		3.3700000e+02		3.3650000e+02		5.6469084e+02		6.4375908e+02		1.9468429e+03		9.0666371e+02		6.2203903e+02		2.8462468e+02
3.3700000e+02		3.3800000e+02		3.3750000e+02		5.9573781e+02		6.7893273e+02		2.0512340e+03		9.5417271e+02		6.5122480e+02		3.0294792e+02
3.3800000e+02		3.3900000e+02		3.3850000e+02		6.4448401e+02		7.3438595e+02		2.2166725e+03		1.0299463e+03		6.9930317e+02		3.3064308e+02
3.3900000e+02		3.4000000e+02		3.3950000e+02		6.7448220e+02		7.6730484e+02		2.3136288e+03		1.0736779e+03		7.2488654e+02		3.4879141e+02
3.4000000e+02		3.4100000e+02		3.4050000e+02		7.1196374e+02		8.0777524e+02		2.4329743e+03		1.1276171e+03		7.5675385e+02		3.7086320e+02
3.4100000e+02		3.4200000e+02		3.4150000e+02		6.4984945e+02		7.3163045e+02		2.2004823e+03		1.0182852e+03		6.7823231e+02		3.4005285e+02
3.4200000e+02		3.4300000e+02		3.4250000e+02		7.0477558e+02		7.9740168e+02		2.3968808e+03		1.1082011e+03		7.3535921e+02		3.7284184e+02
3.4300000e+02		3.4400000e+02		3.4350000e+02		6.9264465e+02		7.8012501e+02		2.3421090e+03		1.0813851e+03		7.1278905e+02		3.6859606e+02
3.4400000e+02		3.4500000e+02		3.4450000e+02		5.5710877e+02		6.2936139e+02		1.8881509e+03		8.7093986e+02		5.7158079e+02		2.9935907e+02
3.4500000e+02		3.4600000e+02		3.4550000e+02		6.7138909e+02		7.5645484e+02		2.2670031e+03		1.0443594e+03		6.8118945e+02		3.6316993e+02
3.4600000e+02		3.4700000e+02		3.4650000e+02		6.5194093e+02		7.3361270e+02		2.1963970e+03		1.0106210e+03		6.5540876e+02		3.5521227e+02
3.4700000e+02		3.4800000e+02		3.4750000e+02		6.4525828e+02		7.2207931e+02		2.1591398e+03		9.9205795e+02		6.3877633e+02		3.5328162e+02
3.4800000e+02		3.4900000e+02		3.4850000e+02		6.6761091e+02		7.5401905e+02		2.2540634e+03		1.0350324e+03		6.6488467e+02		3.7014771e+02
3.4900000e+02		3.5000000e+02		3.4950000e+02		6.3989005e+02		7.2237463e+02		2.1575088e+03		9.8956063e+02		6.3216888e+02		3.5739176e+02
3.5000000e+02		3.5100000e+02		3.5050000e+02		7.6650484e+02		8.6285168e+02		2.5743311e+03		1.1792338e+03		7.4856817e+02		4.3066564e+02
3.5100000e+02		3.5200000e+02		3.5150000e+02		7.1211510e+02		8.0103010e+02		2.3877005e+03		1.0924778e+03		6.8957272e+02		4.0290510e+02
3.5200000e+02		3.5300000e+02		3.5250000e+02		6.5785102e+02		7.3939123e+02		2.2019553e+03		1.0063244e+03		6.3157078e+02		3.7475367e+02
3.5300000e+02		3.5400000e+02		3.5350000e+02		7.5263834e+02		8.4672219e+02		2.5196092e+03		1.1502792e+03		7.1822360e+02		4.3205560e+02
3.5400000e+02		3.5500000e+02		3.5450000e+02		8.0329241e+02		9.0234483e+02		2.6825756e+03		1.2232189e+03		7.5919613e+02		4.6402274e+02
3.5500000e+02		3.5600000e+02		3.5550000e+02		7.5433512e+02		8.4652824e+02		2.5143552e+03		1.1451840e+03		7.0662722e+02		4.3855682e+02
3.5600000e+02		3.5700000e+02		3.5650000e+02		6.5576441e+02		7.3446129e+02		2.1793751e+03		9.9141102e+02		6.0794958e+02		3.8346144e+02
3.5700000e+02		3.5800000e+02		3.5750000e+02		5.7307986e+02		6.4069230e+02		1.8993174e+03		8.6297356e+02		5.2592310e+02		3.3705046e+02
3.5800000e+02		3.5900000e+02		3.5850000e+02		4.9194729e+02		5.5010579e+02		1.6294579e+03		7.3955863e+02		4.4825023e+02		2.9130840e+02
3.5900000e+02		3.6000000e+02		3.5950000e+02		7.1030971e+02		7.9232710e+02		2.3446127e+03		1.0628334e+03		6.4002469e+02		4.2280867e+02
3.6000000e+02		3.6100000e+02		3.6050000e+02		7.0092701e+02		7.8185614e+02		2.3117484e+03		1.0467948e+03		6.2685158e+02		4.1994321e+02
3.6100000e+02		3.6200000e+02		3.6150000e+02		6.5110481e+02		7.2201281e+02		2.1321989e+03		9.6411900e+02		5.7282941e+02		3.9128959e+02
3.6200000e+02		3.6300000e+02		3.6250000e+02		7.3500056e+02		8.1035067e+02		2.3901783e+03		1.0792433e+03		6.3620682e+02		4.4303649e+02
3.6300000e+02		3.6400000e+02		3.6350000e+02		7.1558904e+02		7.9055730e+02		2.3302762e+03		1.0511831e+03		6.1664739e+02		4.3453576e+02
3.6400000e+02		3.6500000e+02		3.6450000e+02		7.4837927e+02		8.1298114e+02		2.3916210e+03		1.0766571e+03		6.2386412e+02		4.5279302e+02
3.6500000e+02		3.6600000e+02		3.6550000e+02		8.5179486e+02		9.2772041e+02		2.7275139e+03		1.2267332e+03		7.0747190e+02		5.1926132e+02
3.6600000e+02		3.6700000e+02		3.6650000e+02		9.1042532e+02		9.7939892e+02		2.8746733e+03		1.2906266e+03		7.3637266e+02		5.5425397e+02
3.6700000e+02		3.6800000e+02		3.6750000e+02		8.7909512e+02		9.4580717e+02		2.7739448e+03		1.2440844e+03		7.0573157e+02		5.3835286e+02
3.6800000e+02		3.6900000e+02		3.6850000e+02		8.1047729e+02		8.4245453e+02		2.4628776e+03		1.1012533e+03		6.1232443e+02		4.8892886e+02
3.6900000e+02		3.7000000e+02		3.6950000e+02		8.9967825e+02		9.4748218e+02		2.7703653e+03		1.2383424e+03		6.8818272e+02		5.5015970e+02
3.7000000e+02		3.7100000e+02		3.7050000e+02		8.4427990e+02		9.3779546e+02		2.7503056e+03		1.2317613e+03		6.9553070e+02		5.3623063e+02
3.7100000e+02		3.7200000e+02		3.7150000e+02		8.7164560e+02		9.6737576e+02		2.8347100e+03		1.2681410e+03		7.1161816e+02		5.5652282e+02
3.7200000e+02		3.7300000e+02		3.7250000e+02		7.2411383e+02		8.0298323e+02		2.3511016e+03		1.0506469e+03		5.8597850e+02		4.6466838e+02
3.7300000e+02		3.7400000e+02		3.7350000e+02		6.3155746e+02		6.9977622e+02		2.0472841e+03		9.1388575e+02		5.0658859e+02		4.0729716e+02
3.7400000e+02		3.7500000e+02		3.7450000e+02		6.4642322e+02		7.1566907e+02		2.0921253e+03		9.3289308e+02		5.1395753e+02		4.1893555e+02
3.7500000e+02		3.7600000e+02		3.7550000e+02		7.4036161e+02		8.1901245e+02		2.3923515e+03		1.0656179e+03		5.8347486e+02		4.8214308e+02
3.7600000e+02		3.7700000e+02		3.7650000e+02		7.6758018e+02		8.4844561e+02		2.4763957e+03		1.1018715e+03		5.9961201e+02		5.0225945e+02
3.7700000e+02		3.7800000e+02		3.7750000e+02		9.0048278e+02		9.9456150e+02		2.9006259e+03		1.2892556e+03		6.9725361e+02		5.9200195e+02
3.7800000e+02		3.7900000e+02		3.7850000e+02		9.3786543e+02		1.0350351e+03		3.0163498e+03		1.3392678e+03		7.1982225e+02		6.1944554e+02
3.7900000e+02		3.8000000e+02		3.7950000e+02		7.6051322e+02		8.3865241e+02		2.4421798e+03		1.0831881e+03		5.7857761e+02		5.0461047e+02
3.8000000e+02		3.8100000e+02		3.8050000e+02		8.2814537e+02		9.1252514e+02		2.6552901e+03		1.1764699e+03		6.2449993e+02		5.5196994e+02
3.8100000e+02		3.8200000e+02		3.8150000e+02		7.4366886e+02		8.1881019e+02		2.3808079e+03		1.0537507e+03		5.5587525e+02		4.9787547e+02
3.8200000e+02		3.8300000e+02		3.8250000e+02		5.3336093e+02		5.8680336e+02		1.7049441e+03		7.5382492e+02		3.9517726e+02		3.5864766e+02
3.8300000e+02		3.8400000e+02		3.8350000e+02		4.7073026e+02		5.1750389e+02		1.5024847e+03		6.6361985e+02		3.4571408e+02		3.1790577e+02
3.8400000e+02		3.8500000e+02		3.8450000e+02		6.2969557e+02		6.9174274e+02		2.0068844e+03		8.8548827e+02		4.5840685e+02		4.2708143e+02
3.8500000e+02		3.8600000e+02		3.8550000e+02		6.6694888e+02		7.3211846e+02		2.1224764e+03		9.3552763e+02		4.8127126e+02		4.5425637e+02
3.8600000e+02		3.8700000e+02		3.8650000e+02		6.6977732e+02		7.3467701e+02		2.1283554e+03		9.3715921e+02		4.7907804e+02		4.5808117e+02
3.8700000e+02		3.8800000e+02		3.8750000e+02		6.6902499e+02		7.3331052e+02		2.1228740e+03		9.3379411e+02		4.7434927e+02		4.5944484e+02
3.8800000e+02		3.8900000e+02		3.8850000e+02		6.7841027e+02		7.4305321e+02		2.1495483e+03		9.4456975e+02		4.7679326e+02		4.6777650e+02
3.8900000e+02		3.9000000e+02		3.8950000e+02		8.1451188e+02		8.9147509e+02		2.5770919e+03		1.1313028e+03		5.6743842e+02		5.6386436e+02
3.9000000e+02		3.9100000e+02		3.9050000e+02		8.5560997e+02		9.3578109e+02		2.7032782e+03		1.1855068e+03		5.9085741e+02		5.9464941e+02
3.9100000e+02		3.9200000e+02		3.9150000e+02		9.2006232e+02		1.0055523e+03		2.9028146e+03		1.2717426e+03		6.2981304e+02		6.4192958e+02
3.9200000e+02		3.9300000e+02		3.9250000e+02		7.0614281e+02		7.7120761e+02		2.2247768e+03		9.7372261e+02		4.7915564e+02		4.9456698e+02
3.9300000e+02		3.9400000e+02		3.9350000e+02		4.3291589e+02		4.7247190e+02		1.3620529e+03		5.9554412e+02		2.9119200e+02		3.0435211e+02
3.9400000e+02		3.9500000e+02		3.9450000e+02		7.1565803e+02		7.8050202e+02		2.2485225e+03		9.8217894e+02		4.7717271e+02		5.0500622e+02
3.9500000e+02		3.9600000e+02		3.9550000e+02		8.7888136e+02		9.5784910e+02		2.7575782e+03		1.2033637e+03		5.8089390e+02		6.2246985e+02
3.9600000e+02		3.9700000e+02		3.9650000e+02		6.0712893e+02		6.6122377e+02		1.9023440e+03		8.2934674e+02		3.9778321e+02		4.3156353e+02
3.9700000e+02		3.9800000e+02		3.9750000e+02		6.8053003e+02		7.4065819e+02		2.1294653e+03		9.2746595e+02		4.4199189e+02		4.8547406e+02
3.9800000e+02		3.9900000e+02		3.9850000e+02		1.0480559e+03		1.1398831e+03		3.2751221e+03		1.4250743e+03		6.7476967e+02		7.5030463e+02
3.9900000e+02		4.0000000e+02		3.9950000e+02		1.1577145e+03		1.2583022e+03		3.6130076e+03		1.5705936e+03		7.3888929e+02		8.3170428e+02
4.0000000e+02		4.0100000e+02		4.0050000e+02		1.1939713e+03		1.2968427e+03		3.7212617e+03		1.6161155e+03		7.5540759e+02		8.6070793e+02
4.0100000e+02		4.0200000e+02		4.0150000e+02		1.2509583e+03		1.3578396e+03		3.8937908e+03		1.6894463e+03		7.8458985e+02		9.0485643e+02
4.0200000e+02		4.0300000e+02		4.0250000e+02		1.2664199e+03		1.3737189e+03		3.9368195e+03		1.7065113e+03		7.8739541e+02		9.1911590e+02
4.0300000e+02		4.0400000e+02		4.0350000e+02		1.2115903e+03		1.3133869e+03		3.7615432e+03		1.6290108e+03		7.4677407e+02		8.8223673e+02
4.0400000e+02		4.0500000e+02		4.0450000e+02		1.1914959e+03		1.2907689e+03		3.6944499e+03		1.5984692e+03		7.2802674e+02		8.7044247e+02
4.0500000e+02		4.0600000e+02		4.0550000e+02		1.1904731e+03		1.2888335e+03		3.6866189e+03		1.5936086e+03		7.2110551e+02		8.7250305e+02
4.0600000e+02		4.0700000e+02		4.0650000e+02		1.1388815e+03		1.2321946e+03		3.5224356e+03		1.5212400e+03		6.8388864e+02		8.3735131e+02
4.0700000e+02		4.0800000e+02		4.0750000e+02		1.1575323e+03		1.2515830e+03		3.5756740e+03		1.5428233e+03		6.8908190e+02		8.5374137e+02
4.0800000e+02		4.0900000e+02		4.0850000e+02		1.2307397e+03		1.3299054e+03		3.7971318e+03		1.6368915e+03		7.2633691e+02		9.1055454e+02
4.0900000e+02		4.1000000e+02		4.0950000e+02		1.2243097e+03		1.3221357e+03		3.7726784e+03		1.6248837e+03		7.1630954e+02		9.0857415e+02
4.1000000e+02		4.1100000e+02		4.1050000e+02		1.1216634e+03		1.2105415e+03		3.4521877e+03		1.4855167e+03		6.5059836e+02		8.3491837e+02
4.1100000e+02		4.1200000e+02		4.1150000e+02		1.3003372e+03		1.4025157e+03		3.9972888e+03		1.7185479e+03		7.4774041e+02		9.7080753e+02
4.1200000e+02		4.1300000e+02		4.1250000e+02		1.2760342e+03		1.3754690e+03		3.9179043e+03		1.6829270e+03		7.2745337e+02		9.5547364e+02
4.1300000e+02		4.1400000e+02		4.1350000e+02		1.2308584e+03		1.3259756e+03		3.7747295e+03		1.6199999e+03		6.9566879e+02		9.2433107e+02
4.1400000e+02		4.1500000e+02		4.1450000e+02		1.2488872e+03		1.3445958e+03		3.8255284e+03		1.6403654e+03		6.9979825e+02		9.4056713e+02
4.1500000e+02		4.1600000e+02		4.1550000e+02		1.2477523e+03		1.3425800e+03		3.8176076e+03		1.6355462e+03		6.9316551e+02		9.4238070e+02
4.1600000e+02		4.1700000e+02		4.1650000e+02		1.2947363e+03		1.3923182e+03		3.9567910e+03		1.6937111e+03		7.1310346e+02		9.8060769e+02
4.1700000e+02		4.1800000e+02		4.1750000e+02		1.1781342e+03		1.2661916e+03		3.5963304e+03		1.5380940e+03		6.4332798e+02		8.9476599e+02
4.1800000e+02		4.1900000e+02		4.1850000e+02		1.2217101e+03		1.3122676e+03		3.7251191e+03		1.5918159e+03		6.6141819e+02		9.3039767e+02
4.1900000e+02		4.2000000e+02		4.1950000e+02		1.2338424e+03		1.3245417e+03		3.7578805e+03		1.6044543e+03		6.6228030e+02		9.4217400e+02
4.2000000e+02		4.2100000e+02		4.2050000e+02		1.2494927e+03		1.3405822e+03		3.8013019e+03		1.6216264e+03		6.6495765e+02		9.5666871e+02
4.2100000e+02		4.2200000e+02		4.2150000e+02		1.2299982e+03		1.3189248e+03		3.7378558e+03		1.5932259e+03		6.4900320e+02		9.4422265e+02
4.2200000e+02		4.2300000e+02		4.2250000e+02		1.1657134e+03		1.2492957e+03		3.5386149e+03		1.5070470e+03		6.0984611e+02		8.9720091e+02
4.2300000e+02		4.2400000e+02		4.2350000e+02		1.2419943e+03		1.3303105e+03		3.7660715e+03		1.6025924e+03		6.4422599e+02		9.5836641e+02
4.2400000e+02		4.2500000e+02		4.2450000e+02		1.2850442e+03		1.3756674e+03		3.8924088e+03		1.6549935e+03		6.6089273e+02		9.9410078e+02
4.2500000e+02		4.2600000e+02		4.2550000e+02		1.2367256e+03		1.3232220e+03		3.7420459e+03		1.5897637e+03		6.3064457e+02		9.5911917e+02
4.2600000e+02		4.2700000e+02		4.2650000e+02		1.2316584e+03		1.3170905e+03		3.7227624e+03		1.5802898e+03		6.2273628e+02		9.5755353e+02
4.2700000e+02		4.2800000e+02		4.2750000e+02		1.1420512e+03		1.2206155e+03		3.4482902e+03		1.4625997e+03		5.7254059e+02		8.9005907e+02
4.2800000e+02		4.2900000e+02		4.2850000e+02		1.1495483e+03		1.2279777e+03		3.4673086e+03		1.4694902e+03		5.7142465e+02		8.9806556e+02
4.2900000e+02		4.3000000e+02		4.2950000e+02		1.0698649e+03		1.1422578e+03		3.2236294e+03		1.3651303e+03		5.2732216e+02		8.3780817e+02
4.3000000e+02		4.3100000e+02		4.3050000e+02		8.6065012e+02		9.1840803e+02		2.5905829e+03		1.0961844e+03		4.2062335e+02		6.7556102e+02
4.3100000e+02		4.3200000e+02		4.3150000e+02		1.0641754e+03		1.1350057e+03		3.1999453e+03		1.3529696e+03		5.1570811e+02		8.3726149e+02
4.3200000e+02		4.3300000e+02		4.3250000e+02		1.1990384e+03		1.2781906e+03		3.6018420e+03		1.5217096e+03		5.7617211e+02		9.4553753e+02
4.3300000e+02		4.3400000e+02		4.3350000e+02		1.3017454e+03		1.3869737e+03		3.9064618e+03		1.6491289e+03		6.2026602e+02		1.0288629e+03
4.3400000e+02		4.3500000e+02		4.3450000e+02		1.1054356e+03		1.1772186e+03		3.3140620e+03		1.3979699e+03		5.2230314e+02		8.7566676e+02
4.3500000e+02		4.3600000e+02		4.3550000e+02		1.2347447e+03		1.3142689e+03		3.6980918e+03		1.5587744e+03		5.7850628e+02		9.8026816e+02
4.3600000e+02		4.3700000e+02		4.3650000e+02		1.3814970e+03		1.4697459e+03		4.1335904e+03		1.7410196e+03		6.4184045e+02		1.0991792e+03
4.3700000e+02		4.3800000e+02		4.3750000e+02		1.2223713e+03		1.2998181e+03		3.6539385e+03		1.5378371e+03		5.6315900e+02		9.7467808e+02
4.3800000e+02		4.3900000e+02		4.3850000e+02		1.1905029e+03		1.2653155e+03		3.5552711e+03		1.4951918e+03		5.4389322e+02		9.5129861e+02
4.3900000e+02		4.4000000e+02		4.3950000e+02		1.3250738e+03		1.4076647e+03		3.9533938e+03		1.6613899e+03		6.0032046e+02		1.0610695e+03
4.4000000e+02		4.4100000e+02		4.4050000e+02		1.2562739e+03		1.3339393e+03		3.7446016e+03		1.5724855e+03		5.6440638e+02		1.0080791e+03
4.4100000e+02		4.4200000e+02		4.4150000e+02		1.3817384e+03		1.4664657e+03		4.1147352e+03		1.7266512e+03		6.1560554e+02		1.1110457e+03
4.4200000e+02		4.4300000e+02		4.4250000e+02		1.4526378e+03		1.5409892e+03		4.3218697e+03		1.8122508e+03		6.4181198e+02		1.1704388e+03
4.4300000e+02		4.4400000e+02		4.4350000e+02		1.4050936e+03		1.4898599e+03		4.1765848e+03		1.7500643e+03		6.1565042e+02		1.1344139e+03
4.4400000e+02		4.4500000e+02		4.4450000e+02		1.4475318e+03		1.5341505e+03		4.2988204e+03		1.7999907e+03		6.2898485e+02		1.1710059e+03
4.4500000e+02		4.4600000e+02		4.4550000e+02		1.3420773e+03		1.4217354e+03		3.9820550e+03		1.6661674e+03		5.7833234e+02		1.0878351e+03
4.4600000e+02		4.4700000e+02		4.4650000e+02		1.3689269e+03		1.4495215e+03		4.0580920e+03		1.6967812e+03		5.8502283e+02		1.1117584e+03
4.4700000e+02		4.4800000e+02		4.4750000e+02		1.4837056e+03		1.5703519e+03		4.3944510e+03		1.8361294e+03		6.2883639e+02		1.2072931e+03
4.4800000e+02		4.4900000e+02		4.4850000e+02		1.4587166e+03		1.5432160e+03		4.3166454e+03		1.8023615e+03		6.1314472e+02		1.1892168e+03
4.4900000e+02		4.5000000e+02		4.4950000e+02		1.4737837e+03		1.5584676e+03		4.3574364e+03		1.8181326e+03		6.1437390e+02		1.2037587e+03
4.5000000e+02		4.5100000e+02		4.5050000e+02		1.5636828e+03		1.6528088e+03		4.6192460e+03		1.9260461e+03		6.4648644e+02		1.2795596e+03
4.5100000e+02		4.5200000e+02		4.5150000e+02		1.5589734e+03		1.6471161e+03		4.6013948e+03		1.9172921e+03		6.3924310e+02		1.2780490e+03
4.5200000e+02		4.5300000e+02		4.5250000e+02		1.4757889e+03		1.5585580e+03		4.3521774e+03		1.8122189e+03		6.0016825e+02		1.2120507e+03
4.5300000e+02		4.5400000e+02		4.5350000e+02		1.4141855e+03		1.4928630e+03		4.1669998e+03		1.7339435e+03		5.7040253e+02		1.1635409e+03
4.5400000e+02		4.5500000e+02		4.5450000e+02		1.5096596e+03		1.5929754e+03		4.4446139e+03		1.8482254e+03		6.0392815e+02		1.2442973e+03
4.5500000e+02		4.5600000e+02		4.5550000e+02		1.4952815e+03		1.5771429e+03		4.3986460e+03		1.8278957e+03		5.9328757e+02		1.2346082e+03
4.5600000e+02		4.5700000e+02		4.5650000e+02		1.5527317e+03		1.6370583e+03		4.5639052e+03		1.8953202e+03		6.1105413e+02		1.2842661e+03
4.5700000e+02		4.5800000e+02		4.5750000e+02		1.5677329e+03		1.6521940e+03		4.6042562e+03		1.9108257e+03		6.1192926e+02		1.2988965e+03
4.5800000e+02		4.5900000e+02		4.5850000e+02		1.4734199e+03		1.5521664e+03		4.3237862e+03		1.7932608e+03		5.7043543e+02		1.2228254e+03
4.5900000e+02		4.6000000e+02		4.5950000e+02		1.5222067e+03		1.6029122e+03		4.4633877e+03		1.8499651e+03		5.8453343e+02		1.2654316e+03
4.6000000e+02		4.6100000e+02		4.6050000e+02		1.5039223e+03		1.5830236e+03		4.4062860e+03		1.8251278e+03		5.7282484e+02		1.2523030e+03
4.6100000e+02		4.6200000e+02		4.6150000e+02		1.5386000e+03		1.6188817e+03		4.5043517e+03		1.8645609e+03		5.8128331e+02		1.2832776e+03
4.6200000e+02		4.6300000e+02		4.6250000e+02		1.5538294e+03		1.6342618e+03		4.5454002e+03		1.8803647e+03		5.8228570e+02		1.2980790e+03
4.6300000e+02		4.6400000e+02		4.6350000e+02		1.5018384e+03		1.5789628e+03		4.3899255e+03		1.8149086e+03		5.5825374e+02		1.2566549e+03
4.6400000e+02		4.6500000e+02		4.6450000e+02		1.5281564e+03		1.6060106e+03		4.4634411e+03		1.8441534e+03		5.6345195e+02		1.2807015e+03
4.6500000e+02		4.6600000e+02		4.6550000e+02		1.4760608e+03		1.5506658e+03		4.3080147e+03		1.7788364e+03		5.3985730e+02		1.2389791e+03
4.6600000e+02		4.6700000e+02		4.6650000e+02		1.4854121e+03		1.5598964e+03		4.3320521e+03		1.7876645e+03		5.3890518e+02		1.2487594e+03
4.6700000e+02		4.6800000e+02		4.6750000e+02		1.4997486e+03		1.5743582e+03		4.3706072e+03		1.8024765e+03		5.3973373e+02		1.2627427e+03
4.6800000e+02		4.6900000e+02		4.6850000e+02		1.4665907e+03		1.5389755e+03		4.2708238e+03		1.7602602e+03		5.2356517e+02		1.2366950e+03
4.6900000e+02		4.7000000e+02		4.6950000e+02		1.5086728e+03		1.5825483e+03		4.3901562e+03		1.8083583e+03		5.3427228e+02		1.2740861e+03
4.7000000e+02		4.7100000e+02		4.7050000e+02		1.4256243e+03		1.4948842e+03		4.1454811e+03		1.7065565e+03		5.0082210e+02		1.2057344e+03
4.7100000e+02		4.7200000e+02		4.7150000e+02		1.4904926e+03		1.5623352e+03		4.3309916e+03		1.7818706e+03		5.1942647e+02		1.2624442e+03
4.7200000e+02		4.7300000e+02		4.7250000e+02		1.5269264e+03		1.5999478e+03		4.4336968e+03		1.8230552e+03		5.2787765e+02		1.2951775e+03
4.7300000e+02		4.7400000e+02		4.7350000e+02		1.4995420e+03		1.5706920e+03		4.3511051e+03		1.7880524e+03		5.1428019e+02		1.2737722e+03
4.7400000e+02		4.7500000e+02		4.7450000e+02		1.5448084e+03		1.6175327e+03		4.4793116e+03		1.8396731e+03		5.2558969e+02		1.3140834e+03
4.7500000e+02		4.7600000e+02		4.7550000e+02		1.5413846e+03		1.6133808e+03		4.4662807e+03		1.8332680e+03		5.2025871e+02		1.3130093e+03
4.7600000e+02		4.7700000e+02		4.7650000e+02		1.4853490e+03		1.5541864e+03		4.3009507e+03		1.7643989e+03		4.9736825e+02		1.2670307e+03
4.7700000e+02		4.7800000e+02		4.7750000e+02		1.5508368e+03		1.6221490e+03		4.4875117e+03		1.8398912e+03		5.1518349e+02		1.3247077e+03
4.7800000e+02		4.7900000e+02		4.7850000e+02		1.5358791e+03		1.6059538e+03		4.4412236e+03		1.8198903e+03		5.0617915e+02		1.3137112e+03
4.7900000e+02		4.8000000e+02		4.7950000e+02		1.5403519e+03		1.6100844e+03		4.4511703e+03		1.8229494e+03		5.0364397e+02		1.3193054e+03
4.8000000e+02		4.8100000e+02		4.8050000e+02		1.5442750e+03		1.6136424e+03		4.4595401e+03		1.8253666e+03		5.0094483e+02		1.3244218e+03
4.8100000e+02		4.8200000e+02		4.8150000e+02		1.5475498e+03		1.6165254e+03		4.4660516e+03		1.8270278e+03		4.9805413e+02		1.3289737e+03
4.8200000e+02		4.8300000e+02		4.8250000e+02		1.5416562e+03		1.6098371e+03		4.4461364e+03		1.8178891e+03		4.9225622e+02		1.3256329e+03
4.8300000e+02		4.8400000e+02		4.8350000e+02		1.5183412e+03		1.5849718e+03		4.3760596e+03		1.7882686e+03		4.8100536e+02		1.3072632e+03
4.8400000e+02		4.8500000e+02		4.8450000e+02		1.4920771e+03		1.5570495e+03		4.2976015e+03		1.7552635e+03		4.6897940e+02		1.2862841e+03
4.8500000e+02		4.8600000e+02		4.8550000e+02		1.4021236e+03		1.4627082e+03		4.0359392e+03		1.6475144e+03		4.3725610e+02		1.2102583e+03
4.8600000e+02		4.8700000e+02		4.8650000e+02		1.2173217e+03		1.2695161e+03		3.5017852e+03		1.4287105e+03		3.7665793e+02		1.0520525e+03
4.8700000e+02		4.8800000e+02		4.8750000e+02		1.3927585e+03		1.4520157e+03		4.0039454e+03		1.6327313e+03		4.2757751e+02		1.2051537e+03
4.8800000e+02		4.8900000e+02		4.8850000e+02		1.4651201e+03		1.5269773e+03		4.2093603e+03		1.7156006e+03		4.4628743e+02		1.2693132e+03
4.8900000e+02		4.9000000e+02		4.8950000e+02		1.4372192e+03		1.4974331e+03		4.1266605e+03		1.6810246e+03		4.3438212e+02		1.2466424e+03
4.9000000e+02		4.9100000e+02		4.9050000e+02		1.5307557e+03		1.5943972e+03		4.3925507e+03		1.7884179e+03		4.5905786e+02		1.3293600e+03
4.9100000e+02		4.9200000e+02		4.9150000e+02		1.4425606e+03		1.5020766e+03		4.1369703e+03		1.6835003e+03		4.2925299e+02		1.2542473e+03
4.9200000e+02		4.9300000e+02		4.9250000e+02		1.3729411e+03		1.4291521e+03		3.9349566e+03		1.6004826e+03		4.0537223e+02		1.1951104e+03
4.9300000e+02		4.9400000e+02		4.9350000e+02		1.4509629e+03		1.5099152e+03		4.1561030e+03		1.6895816e+03		4.2509533e+02		1.2644863e+03
4.9400000e+02		4.9500000e+02		4.9450000e+02		1.4929449e+03		1.5531409e+03		4.2738368e+03		1.7365781e+03		4.3401710e+02		1.3025610e+03
4.9500000e+02		4.9600000e+02		4.9550000e+02		1.4663156e+03		1.5249881e+03		4.1951547e+03		1.7037642e+03		4.2298860e+02		1.2807756e+03
4.9600000e+02		4.9700000e+02		4.9650000e+02		1.4846220e+03		1.5435758e+03		4.2450711e+03		1.7231901e+03		4.2497203e+02		1.2982181e+03
4.9700000e+02		4.9800000e+02		4.9750000e+02		1.5123203e+03		1.5719184e+03		4.3217890e+03		1.7534772e+03		4.2957262e+02		1.3239046e+03
4.9800000e+02		4.9900000e+02		4.9850000e+02		1.3744029e+03		1.4281556e+03		3.9254251e+03		1.5918904e+03		3.8740063e+02		1.2044898e+03
4.9900000e+02		5.0000000e+02		4.9950000e+02		1.4721832e+03		1.5293246e+03		4.2023232e+03		1.7033639e+03		4.1178135e+02		1.2915825e+03
