Left Bin Edge (nm)	Right Bin Edge (nm)	Bin Center (nm)		Top of Atm Intensity (erg/s/nm/cm2)		Total Surface Flux (erg/s/nm/cm2)		Total Intensity at BOA (erg/s/nm/cm2)		Total Surface Intensity (erg/s/nm/cm2)		Total Surface Diffuse Intensity (erg/s/nm/cm2)		Total Surface Direct Intensity (erg/s/nm/cm2)
1.0000000e+02		1.0100000e+02		1.0050000e+02		4.4569042e-02		2.4525374e-199		0.0000000e+00		4.2479194e-199		4.2479194e-199		0.0000000e+00
1.0100000e+02		1.0200000e+02		1.0150000e+02		1.7387199e-01		2.8780739e-197		0.0000000e+00		4.9849701e-197		4.9849701e-197		0.0000000e+00
1.0200000e+02		1.0300000e+02		1.0250000e+02		9.2286085e-01		3.0760918e-195		0.0000000e+00		5.3279472e-195		5.3279472e-195		0.0000000e+00
1.0300000e+02		1.0400000e+02		1.0350000e+02		7.0094286e-01		3.0025221e-193		0.0000000e+00		5.2005208e-193		5.2005208e-193		0.0000000e+00
1.0400000e+02		1.0500000e+02		1.0450000e+02		1.4124828e-01		2.6834657e-191		0.0000000e+00		4.6478989e-191		4.6478989e-191		0.0000000e+00
1.0500000e+02		1.0600000e+02		1.0550000e+02		4.8389941e-02		2.2015024e-189		0.0000000e+00		3.8131140e-189		3.8131140e-189		0.0000000e+00
1.0600000e+02		1.0700000e+02		1.0650000e+02		4.5487167e-02		1.6619001e-187		0.0000000e+00		2.8784954e-187		2.8784954e-187		0.0000000e+00
1.0700000e+02		1.0800000e+02		1.0750000e+02		5.0757295e-02		1.1570805e-185		0.0000000e+00		2.0041223e-185		2.0041223e-185		0.0000000e+00
1.0800000e+02		1.0900000e+02		1.0850000e+02		7.1152114e-02		7.4467740e-184		0.0000000e+00		1.2898191e-183		1.2898191e-183		0.0000000e+00
1.0900000e+02		1.1000000e+02		1.0950000e+02		5.5817450e-02		4.4397255e-182		0.0000000e+00		7.6898302e-182		7.6898302e-182		0.0000000e+00
1.1000000e+02		1.1100000e+02		1.1050000e+02		5.4043772e-02		2.4571455e-180		0.0000000e+00		4.2559009e-180		4.2559009e-180		0.0000000e+00
1.1100000e+02		1.1200000e+02		1.1150000e+02		5.0797691e-02		1.2649212e-178		0.0000000e+00		2.1909078e-178		2.1909078e-178		0.0000000e+00
1.1200000e+02		1.1300000e+02		1.1250000e+02		5.1969037e-02		6.0686758e-177		0.0000000e+00		1.0511255e-176		1.0511255e-176		0.0000000e+00
1.1300000e+02		1.1400000e+02		1.1350000e+02		4.1221387e-02		2.7185207e-175		0.0000000e+00		4.7086160e-175		4.7086160e-175		0.0000000e+00
1.1400000e+02		1.1500000e+02		1.1450000e+02		3.1562600e-02		1.1390995e-173		0.0000000e+00		1.9729782e-173		1.9729782e-173		0.0000000e+00
1.1500000e+02		1.1600000e+02		1.1550000e+02		4.3552050e-02		4.4723517e-172		0.0000000e+00		7.7463403e-172		7.7463403e-172		0.0000000e+00
1.1600000e+02		1.1700000e+02		1.1650000e+02		1.0143732e-01		1.6481035e-170		0.0000000e+00		2.8545990e-170		2.8545990e-170		0.0000000e+00
1.1700000e+02		1.1800000e+02		1.1750000e+02		3.6108525e-01		5.7096754e-169		0.0000000e+00		9.8894479e-169		9.8894479e-169		0.0000000e+00
1.1800000e+02		1.1900000e+02		1.1850000e+02		1.2283927e-01		1.8625037e-167		0.0000000e+00		3.2259510e-167		3.2259510e-167		0.0000000e+00
1.1900000e+02		1.2000000e+02		1.1950000e+02		1.7115732e-01		5.7292689e-166		0.0000000e+00		9.9233849e-166		9.9233849e-166		0.0000000e+00
1.2000000e+02		1.2100000e+02		1.2050000e+02		9.3056497e-01		1.6643833e-164		0.0000000e+00		2.8827964e-164		2.8827964e-164		0.0000000e+00
1.2100000e+02		1.2200000e+02		1.2150000e+02		3.6941242e+01		4.5727170e-163		0.0000000e+00		7.9201783e-163		7.9201783e-163		0.0000000e+00
1.2200000e+02		1.2300000e+02		1.2250000e+02		2.4773856e-01		1.1897530e-161		0.0000000e+00		2.0607127e-161		2.0607127e-161		0.0000000e+00
1.2300000e+02		1.2400000e+02		1.2350000e+02		1.3344721e-01		2.9354604e-160		3.4291052e-161		5.0843666e-160		5.0843666e-160		0.0000000e+00
1.2400000e+02		1.2500000e+02		1.2450000e+02		1.0726631e-01		6.8768481e-159		8.2588276e-160		1.1911050e-158		1.1911050e-158		0.0000000e+00
1.2500000e+02		1.2600000e+02		1.2550000e+02		1.0471361e-01		1.5315655e-157		1.8892467e-158		2.6527492e-157		2.6527492e-157		0.0000000e+00
1.2600000e+02		1.2700000e+02		1.2650000e+02		1.4644878e-01		3.2466590e-156		4.1117766e-157		5.6233783e-156		5.6233783e-156		0.0000000e+00
1.2700000e+02		1.2800000e+02		1.2750000e+02		7.6659940e-02		6.5584079e-155		8.5241614e-156		1.1359496e-154		1.1359496e-154		0.0000000e+00
1.2800000e+02		1.2900000e+02		1.2850000e+02		6.1165494e-02		1.2638942e-153		1.6851912e-154		2.1891290e-153		2.1891290e-153		0.0000000e+00
1.2900000e+02		1.3000000e+02		1.2950000e+02		8.1594975e-02		2.3262068e-152		3.1805401e-153		4.0291083e-152		4.0291083e-152		0.0000000e+00
1.3000000e+02		1.3100000e+02		1.3050000e+02		6.7007791e-01		4.0932796e-151		5.7368152e-152		7.0897682e-151		7.0897682e-151		0.0000000e+00
1.3100000e+02		1.3200000e+02		1.3150000e+02		9.0731094e-02		6.8932839e-150		9.8994060e-151		1.1939518e-149		1.1939518e-149		0.0000000e+00
1.3200000e+02		1.3300000e+02		1.3250000e+02		7.0547730e-02		1.1121037e-148		1.6358824e-149		1.9262201e-148		1.9262201e-148		0.0000000e+00
1.3300000e+02		1.3400000e+02		1.3350000e+02		9.5357088e-01		1.7204753e-147		2.5913316e-148		2.9799507e-147		2.9799507e-147		0.0000000e+00
1.3400000e+02		1.3500000e+02		1.3450000e+02		6.5246966e-02		2.5547177e-146		3.9385160e-147		4.4249009e-146		4.4249009e-146		0.0000000e+00
1.3500000e+02		1.3600000e+02		1.3550000e+02		1.3692679e-01		3.6443816e-145		5.7488301e-146		6.3122541e-145		6.3122541e-145		0.0000000e+00
1.3600000e+02		1.3700000e+02		1.3650000e+02		8.9861989e-02		4.9989044e-144		8.0658560e-145		8.6583563e-144		8.6583563e-144		0.0000000e+00
1.3700000e+02		1.3800000e+02		1.3750000e+02		9.2282630e-02		6.5988504e-143		1.0887324e-143		1.1429544e-142		1.1429544e-142		0.0000000e+00
1.3800000e+02		1.3900000e+02		1.3850000e+02		9.4180145e-02		8.3900751e-142		1.4150000e-142		1.4532036e-141		1.4532036e-141		0.0000000e+00
1.3900000e+02		1.4000000e+02		1.3950000e+02		3.1801144e-01		1.0282976e-140		1.7721899e-141		1.7810636e-140		1.7810636e-140		0.0000000e+00
1.4000000e+02		1.4100000e+02		1.4050000e+02		2.7729440e-01		1.2158175e-139		2.1405589e-140		2.1058577e-139		2.1058577e-139		0.0000000e+00
1.4100000e+02		1.4200000e+02		1.4150000e+02		1.3359910e-01		1.3878618e-138		2.4954070e-139		2.4038472e-138		2.4038472e-138		0.0000000e+00
1.4200000e+02		1.4300000e+02		1.4250000e+02		1.4479671e-01		1.5306453e-137		2.8098161e-138		2.6511554e-137		2.6511554e-137		0.0000000e+00
1.4300000e+02		1.4400000e+02		1.4350000e+02		1.6064305e-01		1.6321749e-136		3.0581047e-137		2.8270099e-136		2.8270099e-136		0.0000000e+00
1.4400000e+02		1.4500000e+02		1.4450000e+02		1.5363637e-01		1.6839424e-135		3.2193787e-136		2.9166739e-135		2.9166739e-135		0.0000000e+00
1.4500000e+02		1.4600000e+02		1.4550000e+02		1.6382583e-01		1.6821023e-134		3.2804682e-135		2.9134866e-134		2.9134866e-134		0.0000000e+00
1.4600000e+02		1.4700000e+02		1.4650000e+02		1.9977093e-01		1.6279096e-133		3.2376831e-134		2.8196222e-133		2.8196222e-133		0.0000000e+00
1.4700000e+02		1.4800000e+02		1.4750000e+02		2.4643334e-01		1.5273593e-132		3.0970659e-133		2.6454639e-132		2.6454639e-132		0.0000000e+00
1.4800000e+02		1.4900000e+02		1.4850000e+02		2.4167300e-01		1.3901380e-131		2.8731558e-132		2.4077896e-131		2.4077896e-131		0.0000000e+00
1.4900000e+02		1.5000000e+02		1.4950000e+02		2.1832777e-01		1.2281341e-130		2.5865937e-131		2.1271906e-130		2.1271906e-130		0.0000000e+00
1.5000000e+02		1.5100000e+02		1.5050000e+02		2.4023073e-01		1.0538122e-129		2.2610918e-130		1.8252563e-129		1.8252563e-129		0.0000000e+00
1.5100000e+02		1.5200000e+02		1.5150000e+02		2.5258505e-01		8.7874278e-129		1.9203606e-129		1.5220271e-128		1.5220271e-128		0.0000000e+00
1.5200000e+02		1.5300000e+02		1.5250000e+02		3.2229547e-01		7.1250242e-128		1.5855101e-128		1.2340904e-127		1.2340904e-127		0.0000000e+00
1.5300000e+02		1.5400000e+02		1.5350000e+02		3.5701286e-01		5.6205069e-127		1.2732610e-127		9.7350036e-127		9.7350036e-127		0.0000000e+00
1.5400000e+02		1.5500000e+02		1.5450000e+02		9.5486931e-01		4.3158025e-126		9.9509013e-127		7.4751891e-126		7.4751891e-126		0.0000000e+00
1.5500000e+02		1.5600000e+02		1.5550000e+02		7.8587524e-01		3.2275348e-125		7.5723767e-126		5.5902542e-125		5.5902542e-125		0.0000000e+00
1.5600000e+02		1.5700000e+02		1.5650000e+02		4.6648084e-01		2.3519288e-124		5.6137013e-125		4.0736602e-124		4.0736602e-124		0.0000000e+00
1.5700000e+02		1.5800000e+02		1.5750000e+02		4.2309893e-01		1.6708454e-123		4.0563040e-124		2.8939891e-123		2.8939891e-123		0.0000000e+00
1.5800000e+02		1.5900000e+02		1.5850000e+02		3.9008072e-01		1.1577552e-122		2.8581639e-123		2.0052908e-122		2.0052908e-122		0.0000000e+00
1.5900000e+02		1.6000000e+02		1.5950000e+02		3.8042347e-01		7.8283434e-122		1.9648311e-122		1.3559088e-121		1.3559088e-121		0.0000000e+00
1.6000000e+02		1.6100000e+02		1.6050000e+02		4.1635449e-01		5.1676707e-121		1.3183953e-121		8.9506682e-121		8.9506682e-121		0.0000000e+00
1.6100000e+02		1.6200000e+02		1.6150000e+02		4.7164413e-01		3.3318533e-120		8.6386182e-121		5.7709391e-120		5.7709391e-120		0.0000000e+00
1.6200000e+02		1.6300000e+02		1.6250000e+02		5.2241459e-01		2.0990966e-119		5.5298358e-120		3.6357419e-119		3.6357419e-119		0.0000000e+00
1.6300000e+02		1.6400000e+02		1.6350000e+02		1.1072121e+00		1.2927642e-118		3.4596796e-119		2.2391332e-118		2.2391332e-118		0.0000000e+00
1.6400000e+02		1.6500000e+02		1.6450000e+02		1.1323318e+00		7.7862229e-118		2.1163966e-118		1.3486134e-117		1.3486134e-117		0.0000000e+00
1.6500000e+02		1.6600000e+02		1.6550000e+02		1.3255566e+00		4.5880796e-117		1.2664068e-117		7.9467869e-117		7.9467869e-117		0.0000000e+00
1.6600000e+02		1.6700000e+02		1.6650000e+02		6.2522883e-01		2.6460823e-116		7.4154514e-117		4.5831489e-116		4.5831489e-116		0.0000000e+00
1.6700000e+02		1.6800000e+02		1.6750000e+02		6.6723830e-01		1.4942100e-115		4.2506873e-116		2.5880477e-115		2.5880477e-115		0.0000000e+00
1.6800000e+02		1.6900000e+02		1.6850000e+02		7.1904320e-01		8.2645548e-115		2.3861787e-115		1.4314629e-114		1.4314629e-114		0.0000000e+00
1.6900000e+02		1.7000000e+02		1.6950000e+02		9.0554889e-01		4.4790567e-114		1.3122909e-114		7.7579538e-114		7.7579538e-114		0.0000000e+00
1.7000000e+02		1.7100000e+02		1.7050000e+02		1.0161854e+00		2.3794081e-113		7.0729074e-114		4.1212557e-113		4.1212557e-113		0.0000000e+00
1.7100000e+02		1.7200000e+02		1.7150000e+02		1.0130704e+00		1.2394213e-112		3.7373192e-113		2.1467406e-112		2.1467406e-112		0.0000000e+00
1.7200000e+02		1.7300000e+02		1.7250000e+02		1.0571150e+00		6.3326489e-112		1.9367201e-112		1.0968470e-111		1.0968470e-111		0.0000000e+00
1.7300000e+02		1.7400000e+02		1.7350000e+02		1.0479596e+00		3.1747805e-111		9.8461081e-112		5.4988812e-111		5.4988812e-111		0.0000000e+00
1.7400000e+02		1.7500000e+02		1.7450000e+02		1.2530722e+00		1.5622333e-110		4.9124335e-111		2.7058674e-110		2.7058674e-110		0.0000000e+00
1.7500000e+02		1.7600000e+02		1.7550000e+02		1.4954862e+00		7.5478065e-110		2.4060414e-110		1.3073184e-109		1.3073184e-109		0.0000000e+00
1.7600000e+02		1.7700000e+02		1.7650000e+02		1.6135596e+00		3.5815743e-109		1.1572326e-109		6.2034687e-109		6.2034687e-109		0.0000000e+00
1.7700000e+02		1.7800000e+02		1.7750000e+02		1.9010195e+00		1.6696987e-108		5.4674288e-109		2.8920030e-108		2.8920030e-108		0.0000000e+00
1.7800000e+02		1.7900000e+02		1.7850000e+02		2.0776624e+00		7.6496718e-108		2.5381731e-108		1.3249620e-107		1.3249620e-107		0.0000000e+00
1.7900000e+02		1.8000000e+02		1.7950000e+02		2.0198657e+00		3.4452025e-107		1.1581447e-107		5.9672659e-107		5.9672659e-107		0.0000000e+00
1.8000000e+02		1.8100000e+02		1.8050000e+02		2.4976225e+00		1.5257307e-106		5.1955663e-107		2.6426432e-106		2.6426432e-106		0.0000000e+00
1.8100000e+02		1.8200000e+02		1.8150000e+02		3.0410490e+00		6.6458936e-106		2.2922066e-106		1.1511025e-105		1.1511025e-105		0.0000000e+00
1.8200000e+02		1.8300000e+02		1.8250000e+02		2.8073836e+00		2.8481295e-105		9.9482150e-106		4.9331050e-105		4.9331050e-105		0.0000000e+00
1.8300000e+02		1.8400000e+02		1.8350000e+02		2.9562417e+00		1.2011932e-104		4.2483878e-105		2.0805276e-104		2.0805276e-104		0.0000000e+00
1.8400000e+02		1.8500000e+02		1.8450000e+02		2.5409769e+00		4.9868485e-104		1.7856852e-104		8.6374750e-104		8.6374750e-104		0.0000000e+00
1.8500000e+02		1.8600000e+02		1.8550000e+02		2.8735562e+00		2.0384994e-103		7.3892551e-104		3.5307846e-103		3.5307846e-103		0.0000000e+00
1.8600000e+02		1.8700000e+02		1.8650000e+02		3.2604304e+00		8.2068160e-103		3.0110675e-103		1.4214622e-102		1.4214622e-102		0.0000000e+00
1.8700000e+02		1.8800000e+02		1.8750000e+02		3.6946466e+00		3.2548028e-102		1.2085732e-102		5.6374838e-102		5.6374838e-102		0.0000000e+00
1.8800000e+02		1.8900000e+02		1.8850000e+02		3.8870616e+00		1.2719337e-101		4.7792971e-102		2.2030537e-101		2.2030537e-101		0.0000000e+00
1.8900000e+02		1.9000000e+02		1.8950000e+02		4.3106081e+00		4.8988670e-101		1.8625169e-101		8.4850865e-101		8.4850865e-101		0.0000000e+00
1.9000000e+02		1.9100000e+02		1.9050000e+02		4.4384288e+00		1.8600212e-100		7.1545324e-101		3.2216513e-100		3.2216513e-100		0.0000000e+00
1.9100000e+02		1.9200000e+02		1.9150000e+02		4.8094361e+00		6.9635174e-100		2.7096144e-100		1.2061166e-99		1.2061166e-99		0.0000000e+00
1.9200000e+02		1.9300000e+02		1.9250000e+02		5.0365493e+00		2.5711239e-99		1.0120061e-99		4.4533173e-99		4.4533173e-99		0.0000000e+00
1.9300000e+02		1.9400000e+02		1.9350000e+02		3.8447944e+00		9.3647269e-99		3.7281274e-99		1.6220183e-98		1.6220183e-98		0.0000000e+00
1.9400000e+02		1.9500000e+02		1.9450000e+02		6.1679797e+00		3.3654025e-98		1.3549263e-98		5.8290482e-98		5.8290482e-98		0.0000000e+00
1.9500000e+02		1.9600000e+02		1.9550000e+02		5.9528271e+00		1.1935445e-97		4.8589929e-98		2.0672797e-97		2.0672797e-97		0.0000000e+00
1.9600000e+02		1.9700000e+02		1.9650000e+02		6.5508102e+00		4.1781909e-97		1.7197460e-97		7.2368389e-97		7.2368389e-97		0.0000000e+00
1.9700000e+02		1.9800000e+02		1.9750000e+02		6.5190955e+00		1.4440160e-96		6.0084102e-97		2.5011091e-96		2.5011091e-96		0.0000000e+00
1.9800000e+02		1.9900000e+02		1.9850000e+02		6.3883794e+00		4.9277596e-96		2.0744436e-96		8.5351299e-96		8.5351299e-96		0.0000000e+00
1.9900000e+02		2.0000000e+02		1.9950000e+02		6.7274707e+00		2.0778278e+00		7.5588668e+00		3.5989033e+00		3.5989033e+00		2.0628688e-12
2.0000000e+02		2.0100000e+02		2.0050000e+02		7.1125146e+00		2.2808353e+00		8.2821706e+00		3.9505227e+00		3.9505227e+00		4.3558384e-12
2.0100000e+02		2.0200000e+02		2.0150000e+02		7.5701275e+00		2.5174201e+00		9.1250538e+00		4.3602995e+00		4.3602995e+00		9.0571480e-12
2.0200000e+02		2.0300000e+02		2.0250000e+02		7.4828608e+00		2.5774654e+00		9.3266851e+00		4.4643011e+00		4.4643011e+00		1.7124233e-11
2.0300000e+02		2.0400000e+02		2.0350000e+02		8.0092047e+00		2.8542969e+00		1.0311278e+01		4.9437872e+00		4.9437872e+00		3.4354600e-11
2.0400000e+02		2.0500000e+02		2.0450000e+02		8.6207445e+00		3.1751979e+00		1.1452127e+01		5.4996041e+00		5.4996041e+00		6.7975041e-11
2.0500000e+02		2.0600000e+02		2.0550000e+02		8.6400754e+00		3.2855666e+00		1.1831772e+01		5.6907683e+00		5.6907683e+00		1.2292184e-10
2.0600000e+02		2.0700000e+02		2.0650000e+02		8.6510225e+00		3.3930880e+00		1.2200567e+01		5.8770008e+00		5.8770008e+00		2.1812525e-10
2.0700000e+02		2.0800000e+02		2.0750000e+02		9.3957826e+00		3.7973502e+00		1.3634252e+01		6.5772034e+00		6.5772034e+00		4.1269009e-10
2.0800000e+02		2.0900000e+02		2.0850000e+02		1.0163489e+01		4.2287458e+00		1.5161688e+01		7.3244026e+00		7.3244026e+00		7.6489546e-10
2.0900000e+02		2.1000000e+02		2.0950000e+02		1.3129215e+01		5.6188166e+00		2.0118006e+01		9.7320759e+00		9.7320759e+00		1.6663137e-09
2.1000000e+02		2.1100000e+02		2.1050000e+02		1.6183343e+01		7.1177451e+00		2.5450987e+01		1.2328296e+01		1.2328296e+01		3.4111232e-09
2.1100000e+02		2.1200000e+02		2.1150000e+02		1.8424170e+01		8.3209849e+00		2.9715045e+01		1.4412369e+01		1.4412369e+01		6.3552015e-09
2.1200000e+02		2.1300000e+02		2.1250000e+02		1.6428561e+01		7.6130136e+00		2.7152786e+01		1.3186126e+01		1.3186126e+01		9.1430586e-09
2.1300000e+02		2.1400000e+02		2.1350000e+02		1.6737981e+01		7.9524439e+00		2.8328956e+01		1.3774037e+01		1.3774037e+01		1.4825501e-08
2.1400000e+02		2.1500000e+02		2.1450000e+02		2.1432541e+01		1.0432630e+01		3.7120291e+01		1.8069845e+01		1.8069845e+01		2.9817647e-08
2.1500000e+02		2.1600000e+02		2.1550000e+02		1.8408135e+01		9.1737332e+00		3.2603642e+01		1.5889372e+01		1.5889372e+01		3.9718005e-08
2.1600000e+02		2.1700000e+02		2.1650000e+02		1.7036901e+01		8.6865546e+00		3.0837867e+01		1.5045554e+01		1.5045554e+01		5.6315329e-08
2.1700000e+02		2.1800000e+02		2.1750000e+02		1.7640866e+01		9.1962846e+00		3.2612173e+01		1.5928432e+01		1.5928432e+01		8.8284017e-08
2.1800000e+02		2.1900000e+02		2.1850000e+02		2.3730294e+01		1.2640262e+01		4.4778264e+01		2.1893576e+01		2.1893576e+01		1.7776178e-07
2.1900000e+02		2.2000000e+02		2.1950000e+02		2.5052511e+01		1.3626965e+01		4.8224415e+01		2.3602595e+01		2.3602594e+01		2.7782908e-07
2.2000000e+02		2.2100000e+02		2.2050000e+02		2.5203754e+01		1.3991092e+01		4.9463914e+01		2.4233282e+01		2.4233282e+01		4.0941587e-07
2.2100000e+02		2.2200000e+02		2.2150000e+02		2.0176768e+01		1.1424282e+01		4.0350294e+01		1.9787436e+01		1.9787436e+01		4.7518520e-07
2.2200000e+02		2.2300000e+02		2.2250000e+02		2.7154039e+01		1.5673409e+01		5.5306187e+01		2.7147140e+01		2.7147140e+01		9.1800847e-07
2.2300000e+02		2.2400000e+02		2.2350000e+02		3.5163062e+01		2.0679324e+01		7.2903794e+01		3.5817638e+01		3.5817636e+01		1.6901802e-06
2.2400000e+02		2.2500000e+02		2.2450000e+02		3.2875934e+01		1.9689060e+01		6.9351053e+01		3.4102450e+01		3.4102448e+01		2.2260229e-06
2.2500000e+02		2.2600000e+02		2.2550000e+02		2.8720078e+01		1.7507083e+01		6.1612172e+01		3.0323155e+01		3.0323153e+01		2.7148508e-06
2.2600000e+02		2.2700000e+02		2.2650000e+02		2.1037217e+01		1.3046348e+01		4.5875028e+01		2.2596936e+01		2.2596933e+01		2.7522520e-06
2.2700000e+02		2.2800000e+02		2.2750000e+02		2.0463841e+01		1.2905011e+01		4.5340896e+01		2.2352132e+01		2.2352128e+01		3.6743392e-06
2.2800000e+02		2.2900000e+02		2.2850000e+02		2.8509984e+01		1.8274412e+01		6.4154748e+01		3.1652205e+01		3.1652198e+01		6.9686901e-06
2.2900000e+02		2.3000000e+02		2.2950000e+02		2.5620938e+01		1.6685056e+01		5.8529630e+01		2.8899358e+01		2.8899350e+01		8.4585065e-06
2.3000000e+02		2.3100000e+02		2.3050000e+02		2.9055844e+01		1.9216417e+01		6.7358412e+01		3.3283801e+01		3.3283788e+01		1.2859497e-05
2.3100000e+02		2.3200000e+02		2.3150000e+02		2.7387429e+01		1.8387170e+01		6.4404219e+01		3.1847501e+01		3.1847485e+01		1.6126599e-05
2.3200000e+02		2.3300000e+02		2.3250000e+02		2.9413108e+01		2.0038164e+01		7.0136731e+01		3.4707102e+01		3.4707079e+01		2.2878596e-05
2.3300000e+02		2.3400000e+02		2.3350000e+02		2.6543685e+01		1.8342810e+01		6.4157808e+01		3.1770659e+01		3.1770632e+01		2.7085817e-05
2.3400000e+02		2.3500000e+02		2.3450000e+02		2.3194371e+01		1.6252281e+01		5.6806979e+01		2.8149755e+01		2.8149724e+01		3.0842024e-05
2.3500000e+02		2.3600000e+02		2.3550000e+02		3.1223226e+01		2.2175890e+01		7.7460360e+01		3.8409728e+01		3.8409674e+01		5.3751879e-05
2.3600000e+02		2.3700000e+02		2.3650000e+02		2.8911473e+01		2.0806275e+01		7.2629164e+01		3.6037478e+01		3.6037414e+01		6.4032904e-05
2.3700000e+02		2.3800000e+02		2.3750000e+02		3.0878004e+01		2.2508579e+01		7.8521755e+01		3.8985939e+01		3.8985852e+01		8.7446628e-05
2.3800000e+02		2.3900000e+02		2.3850000e+02		2.5598090e+01		1.8894683e+01		6.5873905e+01		3.2726483e+01		3.2726391e+01		9.2147892e-05
2.3900000e+02		2.4000000e+02		2.3950000e+02		2.7890834e+01		2.0839604e+01		7.2610869e+01		3.6095160e+01		3.6095033e+01		1.2688871e-04
2.4000000e+02		2.4100000e+02		2.4050000e+02		2.5623038e+01		1.9374094e+01		6.7464954e+01		3.3556808e+01		3.3556662e+01		1.4650390e-04
2.4100000e+02		2.4200000e+02		2.4150000e+02		3.0005079e+01		2.2951935e+01		7.9877939e+01		3.9753761e+01		3.9753547e+01		2.1444453e-04
2.4200000e+02		2.4300000e+02		2.4250000e+02		4.1301739e+01		3.1952249e+01		1.1113876e+02		5.5342650e+01		5.5342283e+01		3.6703158e-04
2.4300000e+02		2.4400000e+02		2.4350000e+02		3.8791639e+01		3.0342986e+01		1.0548354e+02		5.2555281e+01		5.2554855e+01		4.2644951e-04
2.4400000e+02		2.4500000e+02		2.4450000e+02		3.6329084e+01		2.8723932e+01		9.9801718e+01		4.9750950e+01		4.9750458e+01		4.9161128e-04
2.4500000e+02		2.4600000e+02		2.4550000e+02		2.9476122e+01		2.3551289e+01		8.1786543e+01		4.0791671e+01		4.0791182e+01		4.8863086e-04
2.4600000e+02		2.4700000e+02		2.4650000e+02		2.8685918e+01		2.3155650e+01		8.0371544e+01		4.0106338e+01		4.0105758e+01		5.7981222e-04
2.4700000e+02		2.4800000e+02		2.4750000e+02		3.1678139e+01		2.5827598e+01		8.9600918e+01		4.4734143e+01		4.4733366e+01		7.7715714e-04
2.4800000e+02		2.4900000e+02		2.4850000e+02		2.5406301e+01		2.0916899e+01		7.2529322e+01		3.6228581e+01		3.6227828e+01		7.5318114e-04
2.4900000e+02		2.5000000e+02		2.4950000e+02		3.0967514e+01		2.5739027e+01		8.9207404e+01		4.4580494e+01		4.4579389e+01		1.1046001e-03
2.5000000e+02		2.5100000e+02		2.5050000e+02		3.3448743e+01		2.8060591e+01		9.7208107e+01		4.8601323e+01		4.8599893e+01		1.4295631e-03
2.5100000e+02		2.5200000e+02		2.5150000e+02		2.7888154e+01		2.3608704e+01		8.1748347e+01		4.0890434e+01		4.0889012e+01		1.4223364e-03
2.5200000e+02		2.5300000e+02		2.5250000e+02		2.5069906e+01		2.1411512e+01		7.4107029e+01		3.7084713e+01		3.7083194e+01		1.5197676e-03
2.5300000e+02		2.5400000e+02		2.5350000e+02		3.1592540e+01		2.7216413e+01		9.4156901e+01		4.7138551e+01		4.7136283e+01		2.2676749e-03
2.5400000e+02		2.5500000e+02		2.5450000e+02		3.5730773e+01		3.1042202e+01		1.0734622e+02		5.3764456e+01		5.3761431e+01		3.0254210e-03
2.5500000e+02		2.5600000e+02		2.5550000e+02		4.8755658e+01		4.2708407e+01		1.4762645e+02		7.3969579e+01		7.3964727e+01		4.8521584e-03
2.5600000e+02		2.5700000e+02		2.5650000e+02		6.2803876e+01		5.5458726e+01		1.9161996e+02		9.6051973e+01		9.6044653e+01		7.3202326e-03
2.5700000e+02		2.5800000e+02		2.5750000e+02		7.8843355e+01		7.0171825e+01		2.4235779e+02		1.2153331e+02		1.2152259e+02		1.0725936e-02
2.5800000e+02		2.5900000e+02		2.5850000e+02		8.2991293e+01		7.4433046e+01		2.5697242e+02		1.2891220e+02		1.2889907e+02		1.3133406e-02
2.5900000e+02		2.6000000e+02		2.5950000e+02		7.0629481e+01		6.3823165e+01		2.2025642e+02		1.1053548e+02		1.1052252e+02		1.2959473e-02
2.6000000e+02		2.6100000e+02		2.6050000e+02		5.7868388e+01		5.2676671e+01		1.8171925e+02		9.1229687e+01		9.1217415e+01		1.2272084e-02
2.6100000e+02		2.6200000e+02		2.6150000e+02		5.9092703e+01		5.4177996e+01		1.8682742e+02		9.3828472e+01		9.3814033e+01		1.4439154e-02
2.6200000e+02		2.6300000e+02		2.6250000e+02		7.0528613e+01		6.5117247e+01		2.2446640e+02		1.1277189e+02		1.1275209e+02		1.9796788e-02
2.6300000e+02		2.6400000e+02		2.6350000e+02		1.0614195e+02		9.8671260e+01		3.4000557e+02		1.7087866e+02		1.7084453e+02		3.4124196e-02
2.6400000e+02		2.6500000e+02		2.6450000e+02		1.6548208e+02		1.5486762e+02		5.3345559e+02		2.6819410e+02		2.6813334e+02		6.0761686e-02
2.6500000e+02		2.6600000e+02		2.6550000e+02		1.7356948e+02		1.6350231e+02		5.6299683e+02		2.8314117e+02		2.8306859e+02		7.2584705e-02
2.6600000e+02		2.6700000e+02		2.6650000e+02		1.6826276e+02		1.5952029e+02		5.4909107e+02		2.7623875e+02		2.7615882e+02		7.9923244e-02
2.6700000e+02		2.6800000e+02		2.6750000e+02		1.6940220e+02		1.6160787e+02		5.5608242e+02		2.7984632e+02		2.7975517e+02		9.1152367e-02
2.6800000e+02		2.6900000e+02		2.6850000e+02		1.6778062e+02		1.6104250e+02		5.5394550e+02		2.7885912e+02		2.7875711e+02		1.0200797e-01
2.6900000e+02		2.7000000e+02		2.6950000e+02		1.5737310e+02		1.5195873e+02		5.2252085e+02		2.6312130e+02		2.6301346e+02		1.0783856e-01
2.7000000e+02		2.7100000e+02		2.7050000e+02		1.8181465e+02		1.7658879e+02		6.0700733e+02		3.0575822e+02		3.0561815e+02		1.4007447e-01
2.7100000e+02		2.7200000e+02		2.7150000e+02		1.5108640e+02		1.4758520e+02		5.0713982e+02		2.5552950e+02		2.5539894e+02		1.3055812e-01
2.7200000e+02		2.7300000e+02		2.7250000e+02		1.2154404e+02		1.1939324e+02		4.1012839e+02		2.0670911e+02		2.0659158e+02		1.1752987e-01
2.7300000e+02		2.7400000e+02		2.7350000e+02		1.2960124e+02		1.2800607e+02		4.3956882e+02		2.2161059e+02		2.2147068e+02		1.3991766e-01
2.7400000e+02		2.7500000e+02		2.7450000e+02		8.9183780e+01		8.8558582e+01		3.0400730e+02		1.5330945e+02		1.5320219e+02		1.0725933e-01
2.7500000e+02		2.7600000e+02		2.7550000e+02		1.1893609e+02		1.1872196e+02		4.0741983e+02		2.0551606e+02		2.0535706e+02		1.5900445e-01
2.7600000e+02		2.7700000e+02		2.7650000e+02		1.6564211e+02		1.6619240e+02		5.7013885e+02		2.8767386e+02		2.8742823e+02		2.4563847e-01
2.7700000e+02		2.7800000e+02		2.7750000e+02		1.5837296e+02		1.5969673e+02		5.4767675e+02		2.7641254e+02		2.7615255e+02		2.5998150e-01
2.7800000e+02		2.7900000e+02		2.7850000e+02		1.0921797e+02		1.1067164e+02		3.7942308e+02		1.9154391e+02		1.9134584e+02		1.9807001e-01
2.7900000e+02		2.8000000e+02		2.7950000e+02		6.1368404e+01		6.2483891e+01		2.1414837e+02		1.0813544e+02		1.0801273e+02		1.2271031e-01
2.8000000e+02		2.8100000e+02		2.8050000e+02		6.7313201e+01		6.8858765e+01		2.3592031e+02		1.1915845e+02		1.1901033e+02		1.4812109e-01
2.8100000e+02		2.8200000e+02		2.8150000e+02		1.3943196e+02		1.4328899e+02		4.9077027e+02		2.4793710e+02		2.4760009e+02		3.3701406e-01
2.8200000e+02		2.8300000e+02		2.8250000e+02		1.8983287e+02		1.9596122e+02		6.7095703e+02		3.3904652e+02		3.3854344e+02		5.0307650e-01
2.8300000e+02		2.8400000e+02		2.8350000e+02		1.9610227e+02		2.0332334e+02		6.9593815e+02		3.5174997e+02		3.5118118e+02		5.6878582e-01
2.8400000e+02		2.8500000e+02		2.8450000e+02		1.4459284e+02		1.5056215e+02		5.1517844e+02		2.6044587e+02		2.5998766e+02		4.5820651e-01
2.8500000e+02		2.8600000e+02		2.8550000e+02		9.2944992e+01		9.7189394e+01		3.3244411e+02		1.6810179e+02		1.6778054e+02		3.2125602e-01
2.8600000e+02		2.8700000e+02		2.8650000e+02		1.9045522e+02		1.9997231e+02		6.8379655e+02		3.4583745e+02		3.4512064e+02		7.1681759e-01
2.8700000e+02		2.8800000e+02		2.8750000e+02		2.2108403e+02		2.3306632e+02		7.9669684e+02		4.0302050e+02		4.0211589e+02		9.0460725e-01
2.8800000e+02		2.8900000e+02		2.8850000e+02		2.1010240e+02		2.2236181e+02		7.5985273e+02		3.8445886e+02		3.8352575e+02		9.3311093e-01
2.8900000e+02		2.9000000e+02		2.8950000e+02		3.1885068e+02		5.7975087e-44		3.5662505e-41		6.0006384e-44		4.8061017e-45		5.5200283e-44
2.9000000e+02		2.9100000e+02		2.9050000e+02		4.1860542e+02		7.6896906e-63		6.9498879e-63		1.3318935e-62		1.3318935e-62		1.0467392e-91
2.9100000e+02		2.9200000e+02		2.9150000e+02		4.0318642e+02		1.3459718e-62		1.2355444e-62		2.3312916e-62		2.3312916e-62		3.0877317e-81
2.9200000e+02		2.9300000e+02		2.9250000e+02		3.5818014e+02		2.3446711e-62		3.8583566e-62		4.0610895e-62		4.0610895e-62		8.3981206e-71
2.9300000e+02		2.9400000e+02		2.9350000e+02		3.7393440e+02		2.8154288e-60		1.4217281e-56		2.9121352e-60		2.2880994e-61		2.6833253e-60
2.9400000e+02		2.9500000e+02		2.9450000e+02		3.4819581e+02		7.9564587e-50		1.0446272e-46		8.1847849e-50		5.4022555e-51		7.6445593e-50
2.9500000e+02		2.9600000e+02		2.9550000e+02		3.7701055e+02		1.0052104e-43		6.0397756e-41		1.0375023e-43		7.6403397e-45		9.6109890e-44
2.9600000e+02		2.9700000e+02		2.9650000e+02		3.4493460e+02		4.0572197e-42		1.9720392e-39		4.1905934e-42		3.1556557e-43		3.8750279e-42
2.9700000e+02		2.9800000e+02		2.9750000e+02		3.5165811e+02		1.8243264e-40		7.1735918e-38		1.8857755e-40		1.4539016e-41		1.7403854e-40
2.9800000e+02		2.9900000e+02		2.9850000e+02		3.0223333e+02		6.9139154e-39		2.1995357e-36		7.1528742e-39		5.6538255e-40		6.5874916e-39
2.9900000e+02		3.0000000e+02		2.9950000e+02		3.4101318e+02		3.4393067e-37		8.8527586e-35		3.5614656e-37		2.8903100e-38		3.2724346e-37
3.0000000e+02		3.0100000e+02		3.0050000e+02		2.7131061e+02		1.1706491e-35		2.4422839e-33		1.2134579e-35		1.0128685e-36		1.1121711e-35
3.0100000e+02		3.0200000e+02		3.0150000e+02		3.1202593e+02		5.5893779e-34		9.4680057e-32		5.8002312e-34		4.9888436e-35		5.3013468e-34
3.0200000e+02		3.0300000e+02		3.0250000e+02		3.2846528e+02		2.4424481e-32		3.3595650e-30		2.5376878e-32		2.2533966e-33		2.3123481e-32
3.0300000e+02		3.0400000e+02		3.0350000e+02		4.2601061e+02		1.3148722e-30		1.4687416e-28		1.3679861e-30		1.2566875e-31		1.2423173e-30
3.0400000e+02		3.0500000e+02		3.0450000e+02		4.0776836e+02		5.2237745e-29		4.7391152e-27		5.4429035e-29		5.1846474e-30		4.9244387e-29
3.0500000e+02		3.0600000e+02		3.0550000e+02		4.1174793e+02		1.2151371e-27		9.2529895e-26		1.2677668e-27		1.2452322e-28		1.1432435e-27
3.0600000e+02		3.0700000e+02		3.0650000e+02		3.9053943e+02		1.4735230e-26		9.7326948e-25		1.5389750e-26		1.5486122e-27		1.3841138e-26
3.0700000e+02		3.0800000e+02		3.0750000e+02		4.3847484e+02		2.1148802e-25		1.2117482e-23		2.2113612e-25		2.2827657e-26		1.9830847e-25
3.0800000e+02		3.0900000e+02		3.0850000e+02		4.3035211e+02		2.6532326e-24		1.3188228e-22		2.7777433e-24		2.9459542e-25		2.4831478e-24
3.0900000e+02		3.1000000e+02		3.0950000e+02		3.4901328e+02		2.7502782e-23		1.1860691e-21		2.8832723e-23		3.1466719e-24		2.5686051e-23
3.1000000e+02		3.1100000e+02		3.1050000e+02		4.3927411e+02		1.0522309e-29		1.0456363e-27		1.0917723e-29		9.3555790e-31		9.9821646e-30
3.1100000e+02		3.1200000e+02		3.1150000e+02		5.2246540e+02		9.1934014e-44		5.6279016e-41		9.4269184e-44		5.5250704e-45		8.8744113e-44
3.1200000e+02		3.1300000e+02		3.1250000e+02		4.6521908e+02		1.3841099e-57		3.7392906e-54		1.9650590e-57		1.3745404e-57		5.9051861e-58
3.1300000e+02		3.1400000e+02		3.1350000e+02		4.9544367e+02		1.2726873e-57		1.2813910e-57		2.2043590e-57		2.2043590e-57		4.6985908e-72
3.1400000e+02		3.1500000e+02		3.1450000e+02		4.6729179e+02		2.0711096e-57		2.0607704e-57		3.5872670e-57		3.5872670e-57		3.3102743e-86
3.1500000e+02		3.1600000e+02		3.1550000e+02		4.5343123e+02		3.3481900e-57		3.3300301e-57		5.7992352e-57		5.7992352e-57		8.2033888e-91
3.1600000e+02		3.1700000e+02		3.1650000e+02		4.4229406e+02		5.3824449e-57		5.3952375e-57		9.3226680e-57		9.3226680e-57		6.9872210e-86
3.1700000e+02		3.1800000e+02		3.1750000e+02		5.6102832e+02		8.6249527e-57		8.7167373e-57		1.4938856e-56		1.4938856e-56		7.7374992e-81
3.1800000e+02		3.1900000e+02		3.1850000e+02		4.6340678e+02		1.3776558e-56		1.4044663e-56		2.3861698e-56		2.3861698e-56		5.5784487e-76
3.1900000e+02		3.2000000e+02		3.1950000e+02		4.9774832e+02		2.1934460e-56		2.2569443e-56		3.7991599e-56		3.7991599e-56		5.2289035e-71
3.2000000e+02		3.2100000e+02		3.2050000e+02		5.7184857e+02		3.4834503e-56		3.6142487e-56		6.0335129e-56		6.0335129e-56		1.5997547e-67
3.2100000e+02		3.2200000e+02		3.2150000e+02		4.8024660e+02		5.5191567e-56		5.8302743e-56		9.5594598e-56		9.5594598e-56		1.0917712e-65
3.2200000e+02		3.2300000e+02		3.2250000e+02		4.8228681e+02		8.7186835e-56		1.2239143e-55		1.5101203e-55		1.5101203e-55		8.9081454e-64
3.2300000e+02		3.2400000e+02		3.2350000e+02		4.6607071e+02		1.3732643e-55		7.2103677e-55		2.3785630e-55		2.3785623e-55		6.9930969e-62
3.2400000e+02		3.2500000e+02		3.2450000e+02		5.4882129e+02		2.1567749e-55		6.7692402e-54		3.7355947e-55		3.7355278e-55		6.6881702e-60
3.2500000e+02		3.2600000e+02		3.2550000e+02		6.3196128e+02		3.3911999e-55		3.5938401e-55		5.8737306e-55		5.8737306e-55		1.4992713e-65
3.2600000e+02		3.2700000e+02		3.2650000e+02		7.1301257e+02		5.3296125e-55		5.5631618e-55		9.2311596e-55		9.2311596e-55		7.8932635e-79
3.2700000e+02		3.2800000e+02		3.2750000e+02		6.8984049e+02		8.3400555e-55		8.6361750e-55		1.4445400e-54		1.4445400e-54		3.5629118e-92
3.2800000e+02		3.2900000e+02		3.2850000e+02		6.6596082e+02		1.3002750e-54		1.3394958e-54		2.2521423e-54		2.2521423e-54		1.6044670e-105
3.2900000e+02		3.3000000e+02		3.2950000e+02		7.7527139e+02		2.0204304e-54		2.0746016e-54		3.4994881e-54		3.4994881e-54		8.7114760e-119
3.3000000e+02		3.3100000e+02		3.3050000e+02		7.3029799e+02		3.1225284e-54		3.2224111e-54		5.4083779e-54		5.4083779e-54		2.6895700e-115
3.3100000e+02		3.3200000e+02		3.3150000e+02		6.9881652e+02		4.7971831e-54		5.0244004e-54		8.3089648e-54		8.3089648e-54		5.9276275e-95
3.3200000e+02		3.3300000e+02		3.3250000e+02		6.8562051e+02		7.3353980e-54		7.8407931e-54		1.2705282e-53		1.2705282e-53		1.3392779e-74
3.3300000e+02		3.3400000e+02		3.3350000e+02		6.5878216e+02		1.4165010e-53		1.7332576e-50		2.2365442e-53		1.9402431e-53		2.9630113e-54
3.3400000e+02		3.3500000e+02		3.3450000e+02		6.9405546e+02		7.4284498e-34		1.2828221e-31		7.6054542e-34		4.1879684e-35		7.1866573e-34
3.3500000e+02		3.3600000e+02		3.3550000e+02		6.8541663e+02		3.3688211e-22		1.2989988e-20		3.4870462e-22		2.7972357e-23		3.2073226e-22
3.3600000e+02		3.3700000e+02		3.3650000e+02		5.6469084e+02		2.4780196e-19		6.5459243e-18		2.5760832e-19		2.3202093e-20		2.3440623e-19
3.3700000e+02		3.3800000e+02		3.3750000e+02		5.9573781e+02		2.3389149e-16		4.2365342e-15		2.4454155e-16		2.5198320e-17		2.1934323e-16
3.3800000e+02		3.3900000e+02		3.3850000e+02		6.4448401e+02		2.2715366e-13		2.8253735e-12		2.3938714e-13		2.8944717e-14		2.1044242e-13
3.3900000e+02		3.4000000e+02		3.3950000e+02		6.7448220e+02		2.1473623e-10		1.8388555e-09		2.2896981e-10		3.3677015e-11		1.9529279e-10
3.4000000e+02		3.4100000e+02		3.4050000e+02		7.1196374e+02		6.7933524e-10		5.4771237e-09		7.2562388e-10		1.0952010e-10		6.1610378e-10
3.4100000e+02		3.4200000e+02		3.4150000e+02		6.4984945e+02		6.1456679e-12		6.3707030e-11		6.4977716e-12		8.3308642e-13		5.6646852e-12
3.4200000e+02		3.4300000e+02		3.4250000e+02		7.0477558e+02		6.6340892e-14		8.8580272e-13		6.9608962e-14		7.7323379e-15		6.1876624e-14
3.4300000e+02		3.4400000e+02		3.4350000e+02		6.9264465e+02		6.5070367e-16		1.1204051e-14		6.7873303e-16		6.6318165e-17		6.1241486e-16
3.4400000e+02		3.4500000e+02		3.4450000e+02		5.5710877e+02		5.2328122e-18		1.1627977e-16		5.4325183e-18		4.7250962e-19		4.9600086e-18
3.4500000e+02		3.4600000e+02		3.4550000e+02		6.7138909e+02		9.0951645e-18		1.9797174e-16		9.4407525e-18		8.1767016e-19		8.6230824e-18
3.4600000e+02		3.4700000e+02		3.4650000e+02		6.5194093e+02		1.8375673e-15		2.9738796e-14		1.9159161e-15		1.8537507e-16		1.7305410e-15
3.4700000e+02		3.4800000e+02		3.4750000e+02		6.4525828e+02		3.7919618e-13		4.5669297e-12		3.9767690e-13		4.3725851e-14		3.5395105e-13
3.4800000e+02		3.4900000e+02		3.4850000e+02		6.6761091e+02		8.2072237e-11		7.3665896e-10		8.6759410e-11		1.1089970e-11		7.5669440e-11
3.4900000e+02		3.5000000e+02		3.4950000e+02		6.3989005e+02		1.6551866e-08		1.1101562e-07		1.7699256e-08		2.7147543e-09		1.4984502e-08
3.5000000e+02		3.5100000e+02		3.5050000e+02		7.6650484e+02		5.4363848e-03		1.9462319e-02		6.2337745e-03		1.8866442e-03		4.3471303e-03
3.5100000e+02		3.5200000e+02		3.5150000e+02		7.1211510e+02		8.5199820e+02		2.8233188e+03		1.4251853e+03		1.3561752e+03		6.9010092e+01
3.5200000e+02		3.5300000e+02		3.5250000e+02		6.5785102e+02		7.8750207e+02		2.6078566e+03		1.3160113e+03		1.2504663e+03		6.5545044e+01
3.5300000e+02		3.5400000e+02		3.5350000e+02		7.5263834e+02		9.0143229e+02		2.9831413e+03		1.5049096e+03		1.4278426e+03		7.7066956e+01
3.5400000e+02		3.5500000e+02		3.5450000e+02		8.0329241e+02		9.6256536e+02		3.1833007e+03		1.6053551e+03		1.5208568e+03		8.4498308e+01
3.5500000e+02		3.5600000e+02		3.5550000e+02		7.5433512e+02		9.0431157e+02		2.9886173e+03		1.5066652e+03		1.4251840e+03		8.1481175e+01
3.5600000e+02		3.5700000e+02		3.5650000e+02		6.5576441e+02		7.8647770e+02		2.5974158e+03		1.3089926e+03		1.2362835e+03		7.2709078e+01
3.5700000e+02		3.5800000e+02		3.5750000e+02		5.7307986e+02		6.8758496e+02		2.2692504e+03		1.1432036e+03		1.0780054e+03		6.5198272e+01
3.5800000e+02		3.5900000e+02		3.5850000e+02		4.9194729e+02		5.9046002e+02		1.9473575e+03		9.8068288e+02		9.2327719e+02		5.7405691e+01
3.5900000e+02		3.6000000e+02		3.5950000e+02		7.1030971e+02		8.5284215e+02		2.8107434e+03		1.4149532e+03		1.3299691e+03		8.4984123e+01
3.6000000e+02		3.6100000e+02		3.6050000e+02		7.0092701e+02		8.4184311e+02		2.7725494e+03		1.3951936e+03		1.3092413e+03		8.5952320e+01
3.6100000e+02		3.6200000e+02		3.6150000e+02		6.5110481e+02		7.8223172e+02		2.5744082e+03		1.2949804e+03		1.2131765e+03		8.1803971e+01
3.6200000e+02		3.6300000e+02		3.6250000e+02		7.3500056e+02		8.8325732e+02		2.9048347e+03		1.4606096e+03		1.3660303e+03		9.4579383e+01
3.6300000e+02		3.6400000e+02		3.6350000e+02		7.1558904e+02		8.6013659e+02		2.8267808e+03		1.4207845e+03		1.3265072e+03		9.4277308e+01
3.6400000e+02		3.6500000e+02		3.6450000e+02		7.4837927e+02		8.9974402e+02		2.9548308e+03		1.4845281e+03		1.3836140e+03		1.0091411e+02
3.6500000e+02		3.6600000e+02		3.6550000e+02		8.5179486e+02		1.0242718e+03		3.3613696e+03		1.6880613e+03		1.5705427e+03		1.1751855e+02
3.6600000e+02		3.6700000e+02		3.6650000e+02		9.1042532e+02		1.0949575e+03		3.5907415e+03		1.8024727e+03		1.6739990e+03		1.2847367e+02
3.6700000e+02		3.6800000e+02		3.6750000e+02		8.7909512e+02		1.0574295e+03		3.4651551e+03		1.7386667e+03		1.6118245e+03		1.2684216e+02
3.6800000e+02		3.6900000e+02		3.6850000e+02		8.1047729e+02		9.7501011e+02		3.1927382e+03		1.6012627e+03		1.4817295e+03		1.1953321e+02
3.6900000e+02		3.7000000e+02		3.6950000e+02		8.9967825e+02		1.0824267e+03		3.5418833e+03		1.7755613e+03		1.6399739e+03		1.3558740e+02
3.7000000e+02		3.7100000e+02		3.7050000e+02		8.4427990e+02		1.0158539e+03		3.3215987e+03		1.6643601e+03		1.5343822e+03		1.2997794e+02
3.7100000e+02		3.7200000e+02		3.7150000e+02		8.7164560e+02		1.0488393e+03		3.4269179e+03		1.7163237e+03		1.5792849e+03		1.3703872e+02
3.7200000e+02		3.7300000e+02		3.7250000e+02		7.2411383e+02		8.7134656e+02		2.8448753e+03		1.4241335e+03		1.3079080e+03		1.1622554e+02
3.7300000e+02		3.7400000e+02		3.7350000e+02		6.3155746e+02		7.5998158e+02		2.4794292e+03		1.2405887e+03		1.1371287e+03		1.0346000e+02
3.7400000e+02		3.7500000e+02		3.7450000e+02		6.4642322e+02		7.7786548e+02		2.5358774e+03		1.2682059e+03		1.1601578e+03		1.0804806e+02
3.7500000e+02		3.7600000e+02		3.7550000e+02		7.4036161e+02		8.9088205e+02		2.9021371e+03		1.4506463e+03		1.3244165e+03		1.2622985e+02
3.7600000e+02		3.7700000e+02		3.7650000e+02		7.6758018e+02		9.2359257e+02		3.0064293e+03		1.5020123e+03		1.3685557e+03		1.3345654e+02
3.7700000e+02		3.7800000e+02		3.7750000e+02		9.0048278e+02		1.0834384e+03		3.5240863e+03		1.7597247e+03		1.6001106e+03		1.5961410e+02
3.7800000e+02		3.7900000e+02		3.7850000e+02		9.3786543e+02		1.1283229e+03		3.6672999e+03		1.8302785e+03		1.6608448e+03		1.6943373e+02
3.7900000e+02		3.8000000e+02		3.7950000e+02		7.6051322e+02		9.1486252e+02		2.9712456e+03		1.4821042e+03		1.3421083e+03		1.3999591e+02
3.8000000e+02		3.8100000e+02		3.8050000e+02		8.2814537e+02		9.9610270e+02		3.2326268e+03		1.6116181e+03		1.4563250e+03		1.5529306e+02
3.8100000e+02		3.8200000e+02		3.8150000e+02		7.4366886e+02		8.9437172e+02		2.9002626e+03		1.4451309e+03		1.3031103e+03		1.4202064e+02
3.8200000e+02		3.8300000e+02		3.8250000e+02		5.3336093e+02		6.4134720e+02		2.0781619e+03		1.0349267e+03		9.3121902e+02		1.0370765e+02
3.8300000e+02		3.8400000e+02		3.8350000e+02		4.7073026e+02		5.6594007e+02		1.8324101e+03		9.1203233e+02		8.1886309e+02		9.3169244e+01
3.8400000e+02		3.8500000e+02		3.8450000e+02		6.2969557e+02		7.5691695e+02		2.4488698e+03		1.2181694e+03		1.0913351e+03		1.2683434e+02
3.8500000e+02		3.8600000e+02		3.8550000e+02		6.6694888e+02		8.0153502e+02		2.5912209e+03		1.2882436e+03		1.1515647e+03		1.3667880e+02
3.8600000e+02		3.8700000e+02		3.8650000e+02		6.6977732e+02		8.0475932e+02		2.5996308e+03		1.2916769e+03		1.1520595e+03		1.3961747e+02
3.8700000e+02		3.8800000e+02		3.8750000e+02		6.6902499e+02		8.0366851e+02		2.5940936e+03		1.2881717e+03		1.1463468e+03		1.4182486e+02
3.8800000e+02		3.8900000e+02		3.8850000e+02		6.7841027e+02		8.1474110e+02		2.6277901e+03		1.3041330e+03		1.1579137e+03		1.4621933e+02
3.8900000e+02		3.9000000e+02		3.8950000e+02		8.1451188e+02		9.7793717e+02		3.1516916e+03		1.5632028e+03		1.3847533e+03		1.7844950e+02
3.9000000e+02		3.9100000e+02		3.9050000e+02		8.5560997e+02		1.0269979e+03		3.3072226e+03		1.6393539e+03		1.4488499e+03		1.9050399e+02
3.9100000e+02		3.9200000e+02		3.9150000e+02		9.2006232e+02		1.1040409e+03		3.5525451e+03		1.7598835e+03		1.5517403e+03		2.0814316e+02
3.9200000e+02		3.9300000e+02		3.9250000e+02		7.0614281e+02		8.4708851e+02		2.7235997e+03		1.3484040e+03		1.1861251e+03		1.6227886e+02
3.9300000e+02		3.9400000e+02		3.9350000e+02		4.3291589e+02		5.1916144e+02		1.6679248e+03		8.2524529e+02		7.2420217e+02		1.0104312e+02
3.9400000e+02		3.9500000e+02		3.9450000e+02		7.1565803e+02		8.5794912e+02		2.7541948e+03		1.3618478e+03		1.1922370e+03		1.6961074e+02
3.9500000e+02		3.9600000e+02		3.9550000e+02		8.7888136e+02		1.0532656e+03		3.3785449e+03		1.6695077e+03		1.4580445e+03		2.1146321e+02
3.9600000e+02		3.9700000e+02		3.9650000e+02		6.0712893e+02		4.5421413e+02		1.4296635e+03		6.9643730e+02		5.7310619e+02		1.2333112e+02
3.9700000e+02		3.9800000e+02		3.9750000e+02		6.8053003e+02		4.3801312e+02		1.3687225e+03		6.6308721e+02		5.3253101e+02		1.3055620e+02
3.9800000e+02		3.9900000e+02		3.9850000e+02		1.0480559e+03		4.6242915e+02		1.4206202e+03		6.7937677e+02		5.1330358e+02		1.6607320e+02
3.9900000e+02		4.0000000e+02		3.9950000e+02		1.1577145e+03		3.5928519e+02		1.0865474e+03		5.1336471e+02		3.6455604e+02		1.4880867e+02
4.0000000e+02		4.0100000e+02		4.0050000e+02		1.1939713e+03		9.4925272e+02		2.9836824e+03		1.4515997e+03		1.1885656e+03		2.6303404e+02
4.0100000e+02		4.0200000e+02		4.0150000e+02		1.2509583e+03		1.4957329e+03		4.7751925e+03		2.3504363e+03		2.0222499e+03		3.2818638e+02
4.0200000e+02		4.0300000e+02		4.0250000e+02		1.2664199e+03		1.5135833e+03		4.8283617e+03		2.3750124e+03		2.0381631e+03		3.3684930e+02
4.0300000e+02		4.0400000e+02		4.0350000e+02		1.2115903e+03		1.4474295e+03		4.6136787e+03		2.2678785e+03		1.9412031e+03		3.2667533e+02
4.0400000e+02		4.0500000e+02		4.0450000e+02		1.1914959e+03		1.4227969e+03		4.5315753e+03		2.2260035e+03		1.9004071e+03		3.2559642e+02
4.0500000e+02		4.0600000e+02		4.0550000e+02		1.1904731e+03		1.4209361e+03		4.5220678e+03		2.2198101e+03		1.8901562e+03		3.2965392e+02
4.0600000e+02		4.0700000e+02		4.0650000e+02		1.1388815e+03		1.3587328e+03		4.3206865e+03		2.1194910e+03		1.7999733e+03		3.1951779e+02
4.0700000e+02		4.0800000e+02		4.0750000e+02		1.1575323e+03		1.3803375e+03		4.3859140e+03		2.1499928e+03		1.8210239e+03		3.2896890e+02
4.0800000e+02		4.0900000e+02		4.0850000e+02		1.2307397e+03		1.4669362e+03		4.6573852e+03		2.2814720e+03		1.9272124e+03		3.5425963e+02
4.0900000e+02		4.1000000e+02		4.0950000e+02		1.2243097e+03		1.4585639e+03		4.6271387e+03		2.2650598e+03		1.9081897e+03		3.5687003e+02
4.1000000e+02		4.1100000e+02		4.1050000e+02		1.1216634e+03		1.3356180e+03		4.2337530e+03		2.0710231e+03		1.7399870e+03		3.3103609e+02
4.1100000e+02		4.1200000e+02		4.1150000e+02		1.3003372e+03		1.5475967e+03		4.9018192e+03		2.3961121e+03		2.0076089e+03		3.8850314e+02
4.1200000e+02		4.1300000e+02		4.1250000e+02		1.2760342e+03		1.5178989e+03		4.8039522e+03		2.3465896e+03		1.9607032e+03		3.8588634e+02
4.1300000e+02		4.1400000e+02		4.1350000e+02		1.2308584e+03		1.4634034e+03		4.6278191e+03		2.2589243e+03		1.8822227e+03		3.7670165e+02
4.1400000e+02		4.1500000e+02		4.1450000e+02		1.2488872e+03		1.4840600e+03		4.6894338e+03		2.2873405e+03		1.9005821e+03		3.8675844e+02
4.1500000e+02		4.1600000e+02		4.1550000e+02		1.2477523e+03		1.4819239e+03		4.6789855e+03		2.2805815e+03		1.8896444e+03		3.9093717e+02
4.1600000e+02		4.1700000e+02		4.1650000e+02		1.2947363e+03		1.5310268e+03		4.8297418e+03		2.3521951e+03		1.9429051e+03		4.0928998e+02
4.1700000e+02		4.1800000e+02		4.1750000e+02		1.1781342e+03		1.3654430e+03		4.3001472e+03		2.0912957e+03		1.7173858e+03		3.7390985e+02
4.1800000e+02		4.1900000e+02		4.1850000e+02		1.2217101e+03		1.1465004e+03		3.5719165e+03		1.7226824e+03		1.3632613e+03		3.5942113e+02
4.1900000e+02		4.2000000e+02		4.1950000e+02		1.2338424e+03		1.4467737e+03		4.5517202e+03		2.2113359e+03		1.8089736e+03		4.0236226e+02
4.2000000e+02		4.2100000e+02		4.2050000e+02		1.2494927e+03		1.4799091e+03		4.6542415e+03		2.2601451e+03		1.8460583e+03		4.1408682e+02
4.2100000e+02		4.2200000e+02		4.2150000e+02		1.2299982e+03		1.4559915e+03		4.5754250e+03		2.2202058e+03		1.8081504e+03		4.1205543e+02
4.2200000e+02		4.2300000e+02		4.2250000e+02		1.1657134e+03		1.3791008e+03		4.3303855e+03		2.0997145e+03		1.7049904e+03		3.9472409e+02
4.2300000e+02		4.2400000e+02		4.2350000e+02		1.2419943e+03		1.4684931e+03		4.6074605e+03		2.2323721e+03		1.8073571e+03		4.2501502e+02
4.2400000e+02		4.2500000e+02		4.2450000e+02		1.2850442e+03		1.5185051e+03		4.7606416e+03		2.3048379e+03		1.8604835e+03		4.4435442e+02
4.2500000e+02		4.2600000e+02		4.2550000e+02		1.2367256e+03		1.4605460e+03		4.5753515e+03		2.2134412e+03		1.7813691e+03		4.3207208e+02
4.2600000e+02		4.2700000e+02		4.2650000e+02		1.2316584e+03		1.4536970e+03		4.5503379e+03		2.1996554e+03		1.7649565e+03		4.3469894e+02
4.2700000e+02		4.2800000e+02		4.2750000e+02		1.1420512e+03		1.3471282e+03		4.2134672e+03		2.0352455e+03		1.6281032e+03		4.0714233e+02
4.2800000e+02		4.2900000e+02		4.2850000e+02		1.1495483e+03		1.3551529e+03		4.2352627e+03		2.0441956e+03		1.6302926e+03		4.1390303e+02
4.2900000e+02		4.3000000e+02		4.2950000e+02		1.0698649e+03		1.2604504e+03		3.9362210e+03		1.8983886e+03		1.5093780e+03		3.8901059e+02
4.3000000e+02		4.3100000e+02		4.3050000e+02		8.6065012e+02		1.0133456e+03		3.1620859e+03		1.5238489e+03		1.2078639e+03		3.1598502e+02
4.3100000e+02		4.3200000e+02		4.3150000e+02		1.0641754e+03		1.2522084e+03		3.9044120e+03		1.8801193e+03		1.4856532e+03		3.9446614e+02
4.3200000e+02		4.3300000e+02		4.3250000e+02		1.1990384e+03		1.4100267e+03		4.3930877e+03		2.1137815e+03		1.6651018e+03		4.4867969e+02
4.3300000e+02		4.3400000e+02		4.3350000e+02		1.3017454e+03		1.5298526e+03		4.7627329e+03		2.2898440e+03		1.7981589e+03		4.9168511e+02
4.3400000e+02		4.3500000e+02		4.3450000e+02		1.1054356e+03		1.2983292e+03		4.0388354e+03		1.9402794e+03		1.5188705e+03		4.2140893e+02
4.3500000e+02		4.3600000e+02		4.3550000e+02		1.2347447e+03		1.4492906e+03		4.5049786e+03		2.1625143e+03		1.6875053e+03		4.7500901e+02
4.3600000e+02		4.3700000e+02		4.3650000e+02		1.3814970e+03		1.6205204e+03		5.0333730e+03		2.4142563e+03		1.8779992e+03		5.3625707e+02
4.3700000e+02		4.3800000e+02		4.3750000e+02		1.2223713e+03		1.4329484e+03		4.4473422e+03		2.1314701e+03		1.6527202e+03		4.7874992e+02
4.3800000e+02		4.3900000e+02		4.3850000e+02		1.1905029e+03		1.3946976e+03		4.3253055e+03		2.0713323e+03		1.6009349e+03		4.7039734e+02
4.3900000e+02		4.4000000e+02		4.3950000e+02		1.3250738e+03		1.5311631e+03		4.7418837e+03		2.2679370e+03		1.7432258e+03		5.2471118e+02
4.4000000e+02		4.4100000e+02		4.4050000e+02		1.2562739e+03		1.3405040e+03		4.1302370e+03		1.9671150e+03		1.4825776e+03		4.8453745e+02
4.4100000e+02		4.4200000e+02		4.4150000e+02		1.3817384e+03		5.1450147e+02		1.4967642e+03		6.8352467e+02		3.9991320e+02		2.8361147e+02
4.4200000e+02		4.4300000e+02		4.4250000e+02		1.4526378e+03		3.7619919e+02		1.0757761e+03		4.8555408e+02		2.5873645e+02		2.2681763e+02
4.4300000e+02		4.4400000e+02		4.4350000e+02		1.4050936e+03		3.4778407e+02		9.9172169e+02		4.4668231e+02		2.3399575e+02		2.1268656e+02
4.4400000e+02		4.4500000e+02		4.4450000e+02		1.4475318e+03		1.2683812e+02		3.4941228e+02		1.5357642e+02		6.3263503e+01		9.0312920e+01
4.4500000e+02		4.4600000e+02		4.4550000e+02		1.3420773e+03		1.2298871e+02		3.3888052e+02		1.4898281e+02		6.1502681e+01		8.7480124e+01
4.4600000e+02		4.4700000e+02		4.4650000e+02		1.3689269e+03		5.3021331e+02		1.5381755e+03		7.0016961e+02		4.0212094e+02		2.9804867e+02
4.4700000e+02		4.4800000e+02		4.4750000e+02		1.4837056e+03		8.5542166e+02		2.5311130e+03		1.1675735e+03		7.3855926e+02		4.2901427e+02
4.4800000e+02		4.4900000e+02		4.4850000e+02		1.4587166e+03		1.3092383e+03		3.9696673e+03		1.8639395e+03		1.3124371e+03		5.5150235e+02
4.4900000e+02		4.5000000e+02		4.4950000e+02		1.4737837e+03		1.6471037e+03		5.0545014e+03		2.3950325e+03		1.7696184e+03		6.2541407e+02
4.5000000e+02		4.5100000e+02		4.5050000e+02		1.5636828e+03		1.8176014e+03		5.5860186e+03		2.6493518e+03		1.9679426e+03		6.8140919e+02
4.5100000e+02		4.5200000e+02		4.5150000e+02		1.5589734e+03		1.8109321e+03		5.5614075e+03		2.6355428e+03		1.9510497e+03		6.8449310e+02
4.5200000e+02		4.5300000e+02		4.5250000e+02		1.4757889e+03		1.7131620e+03		5.2572433e+03		2.4893631e+03		1.8365114e+03		6.5285171e+02
4.5300000e+02		4.5400000e+02		4.5350000e+02		1.4141855e+03		1.6405577e+03		5.0307155e+03		2.3801540e+03		1.7499037e+03		6.3025030e+02
4.5400000e+02		4.5500000e+02		4.5450000e+02		1.5096596e+03		1.7501519e+03		5.3628377e+03		2.5352218e+03		1.8574953e+03		6.7772650e+02
4.5500000e+02		4.5600000e+02		4.5550000e+02		1.4952815e+03		1.7323355e+03		5.3043678e+03		2.5055431e+03		1.8294288e+03		6.7611430e+02
4.5600000e+02		4.5700000e+02		4.5650000e+02		1.5527317e+03		1.7976926e+03		5.5004517e+03		2.5960356e+03		1.8888998e+03		7.0713583e+02
4.5700000e+02		4.5800000e+02		4.5750000e+02		1.5677329e+03		1.8138471e+03		5.5458184e+03		2.6152999e+03		1.8962575e+03		7.1904235e+02
4.5800000e+02		4.5900000e+02		4.5850000e+02		1.4734199e+03		1.7035906e+03		5.2049186e+03		2.4525276e+03		1.7720040e+03		6.8052363e+02
4.5900000e+02		4.6000000e+02		4.5950000e+02		1.5222067e+03		1.7588250e+03		5.3697787e+03		2.5281372e+03		1.8202122e+03		7.0792500e+02
4.6000000e+02		4.6100000e+02		4.6050000e+02		1.5039223e+03		1.7365411e+03		5.2979192e+03		2.4922651e+03		1.7880622e+03		7.0420287e+02
4.6100000e+02		4.6200000e+02		4.6150000e+02		1.5386000e+03		1.7754133e+03		5.4126627e+03		2.5441844e+03		1.8189320e+03		7.2525240e+02
4.6200000e+02		4.6300000e+02		4.6250000e+02		1.5538294e+03		1.7918014e+03		5.4587368e+03		2.5637566e+03		1.8264657e+03		7.3729087e+02
4.6300000e+02		4.6400000e+02		4.6350000e+02		1.5018384e+03		1.7306934e+03		5.2687989e+03		2.4725221e+03		1.7551856e+03		7.1733651e+02
4.6400000e+02		4.6500000e+02		4.6450000e+02		1.5281564e+03		1.7598382e+03		5.3536724e+03		2.5102741e+03		1.7755505e+03		7.3472359e+02
4.6500000e+02		4.6600000e+02		4.6550000e+02		1.4760608e+03		1.6986942e+03		5.1639339e+03		2.4192915e+03		1.7049515e+03		7.1434001e+02
4.6600000e+02		4.6700000e+02		4.6650000e+02		1.4854121e+03		1.7083120e+03		5.1894750e+03		2.4292539e+03		1.7057668e+03		7.2348711e+02
4.6700000e+02		4.6800000e+02		4.6750000e+02		1.4997486e+03		1.1554777e+03		3.4211790e+03		1.5696372e+03		9.7991189e+02		5.8972533e+02
4.6800000e+02		4.6900000e+02		4.6850000e+02		1.4665907e+03		1.2526008e+03		3.7297253e+03		1.7179266e+03		1.1009726e+03		6.1695399e+02
4.6900000e+02		4.7000000e+02		4.6950000e+02		1.5086728e+03		1.0022920e+03		2.9367658e+03		1.3363947e+03		7.9049538e+02		5.4589931e+02
4.7000000e+02		4.7100000e+02		4.7050000e+02		1.4256243e+03		8.1668844e+02		2.3705775e+03		1.0713937e+03		6.0263907e+02		4.6875461e+02
4.7100000e+02		4.7200000e+02		4.7150000e+02		1.4904926e+03		7.2379340e+02		2.0802157e+03		9.3370779e+02		4.9666277e+02		4.3704502e+02
4.7200000e+02		4.7300000e+02		4.7250000e+02		1.5269264e+03		7.4919841e+02		2.1527989e+03		9.6583066e+02		5.1255740e+02		4.5327325e+02
4.7300000e+02		4.7400000e+02		4.7350000e+02		1.4995420e+03		4.9137731e+02		1.3828770e+03		6.1240539e+02		2.8635551e+02		3.2604988e+02
4.7400000e+02		4.7500000e+02		4.7450000e+02		1.5448084e+03		9.4545151e+02		2.7465920e+03		1.2403746e+03		6.9779564e+02		5.4257900e+02
4.7500000e+02		4.7600000e+02		4.7550000e+02		1.5413846e+03		1.5841865e+03		4.7497857e+03		2.1951208e+03		1.4454860e+03		7.4963472e+02
4.7600000e+02		4.7700000e+02		4.7650000e+02		1.4853490e+03		1.6969591e+03		5.1192901e+03		2.3768434e+03		1.6086235e+03		7.6821993e+02
4.7700000e+02		4.7800000e+02		4.7750000e+02		1.5508368e+03		1.7706050e+03		5.3378032e+03		2.4762603e+03		1.6695982e+03		8.0666206e+02
4.7800000e+02		4.7900000e+02		4.7850000e+02		1.5358791e+03		1.7523888e+03		5.2793415e+03		2.4471601e+03		1.6438465e+03		8.0331363e+02
4.7900000e+02		4.8000000e+02		4.7950000e+02		1.5403519e+03		1.7563436e+03		5.2876897e+03		2.4490346e+03		1.6389244e+03		8.1011019e+02
4.8000000e+02		4.8100000e+02		4.8050000e+02		1.5442750e+03		1.7596589e+03		5.2940848e+03		2.4499858e+03		1.6333309e+03		8.1665487e+02
4.8100000e+02		4.8200000e+02		4.8150000e+02		1.5475498e+03		1.7622242e+03		5.2982004e+03		2.4498660e+03		1.6269778e+03		8.2288816e+02
4.8200000e+02		4.8300000e+02		4.8250000e+02		1.5416562e+03		1.7543638e+03		5.2710266e+03		2.4353065e+03		1.6111278e+03		8.2417876e+02
4.8300000e+02		4.8400000e+02		4.8350000e+02		1.5183412e+03		1.4812483e+03		4.4027986e+03		2.0162886e+03		1.2659190e+03		7.5036962e+02
4.8400000e+02		4.8500000e+02		4.8450000e+02		1.4920771e+03		1.1083321e+03		3.2347829e+03		1.4607553e+03		8.3384234e+02		6.2691298e+02
4.8500000e+02		4.8600000e+02		4.8550000e+02		1.4021236e+03		6.3686367e+02		1.8055336e+03		7.9959403e+02		3.8502416e+02		4.1456986e+02
4.8600000e+02		4.8700000e+02		4.8650000e+02		1.2173217e+03		8.8285716e+02		2.5693879e+03		1.1571508e+03		6.4898583e+02		5.0816502e+02
4.8700000e+02		4.8800000e+02		4.8750000e+02		1.3927585e+03		7.0561783e+02		2.0094320e+03		8.9166828e+02		4.4020007e+02		4.5146820e+02
4.8800000e+02		4.8900000e+02		4.8850000e+02		1.4651201e+03		7.5438772e+02		2.1487768e+03		9.5328239e+02		4.7058982e+02		4.8269256e+02
4.8900000e+02		4.9000000e+02		4.8950000e+02		1.4372192e+03		7.8977708e+02		2.2562552e+03		1.0024635e+03		5.0322144e+02		4.9924205e+02
4.9000000e+02		4.9100000e+02		4.9050000e+02		1.5307557e+03		1.0514902e+03		3.0417794e+03		1.3622692e+03		7.3531103e+02		6.2695817e+02
4.9100000e+02		4.9200000e+02		4.9150000e+02		1.4425606e+03		9.4654463e+02		2.7287499e+03		1.2187677e+03		6.4408665e+02		5.7468103e+02
4.9200000e+02		4.9300000e+02		4.9250000e+02		1.3729411e+03		1.3774349e+03		4.0785867e+03		1.8572268e+03		1.1351998e+03		7.2202704e+02
4.9300000e+02		4.9400000e+02		4.9350000e+02		1.4509629e+03		1.5682413e+03		4.6642509e+03		2.1308108e+03		1.3310539e+03		7.9975699e+02
4.9400000e+02		4.9500000e+02		4.9450000e+02		1.4929449e+03		1.6858941e+03		5.0258686e+03		2.2996019e+03		1.4520482e+03		8.4755365e+02
4.9500000e+02		4.9600000e+02		4.9550000e+02		1.4663156e+03		1.6547832e+03		4.9300084e+03		2.2539391e+03		1.4176181e+03		8.3632096e+02
4.9600000e+02		4.9700000e+02		4.9650000e+02		1.4846220e+03		1.6743859e+03		4.9852515e+03		2.2773651e+03		1.4266641e+03		8.5070100e+02
4.9700000e+02		4.9800000e+02		4.9750000e+02		1.5123203e+03		1.7045553e+03		5.0718867e+03		2.3150894e+03		1.4445391e+03		8.7055024e+02
4.9800000e+02		4.9900000e+02		4.9850000e+02		1.3744029e+03		1.4046432e+03		4.1492775e+03		1.8824678e+03		1.1305451e+03		7.5192262e+02
4.9900000e+02		5.0000000e+02		4.9950000e+02		1.4721832e+03		1.0058899e+03		2.8922152e+03		1.2858701e+03		6.6244027e+02		6.2342980e+02
