Left Bin Edge (nm)	Right Bin Edge (nm)	Bin Center (nm)		Top of Atm Intensity (erg/s/nm/cm2)		Total Surface Flux (erg/s/nm/cm2)		Total Intensity at BOA (erg/s/nm/cm2)		Total Surface Intensity (erg/s/nm/cm2)		Total Surface Diffuse Intensity (erg/s/nm/cm2)		Total Surface Direct Intensity (erg/s/nm/cm2)
1.0000000e+02		1.0100000e+02		1.0050000e+02		4.4569042e-02		2.4525374e-199		0.0000000e+00		4.2479194e-199		4.2479194e-199		0.0000000e+00
1.0100000e+02		1.0200000e+02		1.0150000e+02		1.7387199e-01		2.8780738e-197		0.0000000e+00		4.9849701e-197		4.9849701e-197		0.0000000e+00
1.0200000e+02		1.0300000e+02		1.0250000e+02		9.2286085e-01		3.0760917e-195		0.0000000e+00		5.3279471e-195		5.3279471e-195		0.0000000e+00
1.0300000e+02		1.0400000e+02		1.0350000e+02		7.0094286e-01		3.0025219e-193		0.0000000e+00		5.2005205e-193		5.2005205e-193		0.0000000e+00
1.0400000e+02		1.0500000e+02		1.0450000e+02		1.4124828e-01		2.6834655e-191		0.0000000e+00		4.6478986e-191		4.6478986e-191		0.0000000e+00
1.0500000e+02		1.0600000e+02		1.0550000e+02		4.8389941e-02		2.2015022e-189		0.0000000e+00		3.8131136e-189		3.8131136e-189		0.0000000e+00
1.0600000e+02		1.0700000e+02		1.0650000e+02		4.5487167e-02		1.6618998e-187		0.0000000e+00		2.8784949e-187		2.8784949e-187		0.0000000e+00
1.0700000e+02		1.0800000e+02		1.0750000e+02		5.0757295e-02		1.1570799e-185		0.0000000e+00		2.0041212e-185		2.0041212e-185		0.0000000e+00
1.0800000e+02		1.0900000e+02		1.0850000e+02		7.1152114e-02		7.4462170e-184		0.0000000e+00		1.2897226e-183		1.2897226e-183		0.0000000e+00
1.0900000e+02		1.1000000e+02		1.0950000e+02		5.5817450e-02		1.1828144e-10		1.0343442e-09		2.0486947e-10		2.0486947e-10		7.1510516e-65
1.1000000e+02		1.1100000e+02		1.1050000e+02		5.4043772e-02		2.0859669e-11		1.9793239e-10		3.6130006e-11		3.6130006e-11		6.5743972e-62
1.1100000e+02		1.1200000e+02		1.1150000e+02		5.0797691e-02		1.7763087e-14		2.4264496e-13		3.0766569e-14		3.0766569e-14		1.8157014e-59
1.1200000e+02		1.1300000e+02		1.1250000e+02		5.1969037e-02		5.5781150e-15		8.0899817e-14		9.6615786e-15		9.6615786e-15		7.2446927e-57
1.1300000e+02		1.1400000e+02		1.1350000e+02		4.1221387e-02		1.6836954e-12		1.7727472e-11		2.9162460e-12		2.9162460e-12		4.5253283e-54
1.1400000e+02		1.1500000e+02		1.1450000e+02		3.1562600e-02		8.0923379e-12		7.7085752e-11		1.4016340e-11		1.4016340e-11		1.0509690e-51
1.1500000e+02		1.1600000e+02		1.1550000e+02		4.3552050e-02		6.2505210e-08		3.8569761e-07		1.0826220e-07		1.0826220e-07		6.6704594e-49
1.1600000e+02		1.1700000e+02		1.1650000e+02		1.0143732e-01		1.8216411e-07		1.1069356e-06		3.1551749e-07		3.1551749e-07		2.1174919e-46
1.1700000e+02		1.1800000e+02		1.1750000e+02		3.6108525e-01		1.2418028e-06		7.2891308e-06		2.1508656e-06		2.1508656e-06		8.0899244e-44
1.1800000e+02		1.1900000e+02		1.1850000e+02		1.2283927e-01		6.6119289e-08		4.2134113e-07		1.1452197e-07		1.1452197e-07		1.7794519e-42
1.1900000e+02		1.2000000e+02		1.1950000e+02		1.7115732e-01		2.3992382e-09		1.8250530e-08		4.1556024e-09		4.1556024e-09		9.5183406e-41
1.2000000e+02		1.2100000e+02		1.2050000e+02		9.3056497e-01		1.6323842e-10		1.5553910e-09		2.8273724e-10		2.8273724e-10		1.2183371e-38
1.2100000e+02		1.2200000e+02		1.2150000e+02		3.6941242e+01		3.1754125e-10		3.5464989e-09		5.4999758e-10		5.4999758e-10		1.0046388e-35
1.2200000e+02		1.2300000e+02		1.2250000e+02		2.4773856e-01		2.2693077e-12		2.5201945e-11		3.9305562e-12		3.9305562e-12		2.0222001e-36
1.2300000e+02		1.2400000e+02		1.2350000e+02		1.3344721e-01		1.6499758e-14		2.3118196e-13		2.8578420e-14		2.8578420e-14		9.7883241e-36
1.2400000e+02		1.2500000e+02		1.2450000e+02		1.0726631e-01		1.7576644e-17		3.5452667e-16		3.0443640e-17		3.0443640e-17		2.4560903e-35
1.2500000e+02		1.2600000e+02		1.2550000e+02		1.0471361e-01		4.2683878e-19		1.0568301e-17		7.3930645e-19		7.3930645e-19		1.1553918e-34
1.2600000e+02		1.2700000e+02		1.2650000e+02		1.4644878e-01		2.8957504e-17		5.7709064e-16		5.0155868e-17		5.0155868e-17		7.5271152e-33
1.2700000e+02		1.2800000e+02		1.2750000e+02		7.6659940e-02		3.1581589e-13		3.6300823e-12		5.4700916e-13		5.4700916e-13		8.5253734e-31
1.2800000e+02		1.2900000e+02		1.2850000e+02		6.1165494e-02		1.2368942e-09		9.0028726e-09		2.1423637e-09		2.1423637e-09		5.3869356e-29
1.2900000e+02		1.3000000e+02		1.2950000e+02		8.1594975e-02		1.3018735e-07		7.5860676e-07		2.2549110e-07		2.2549110e-07		1.6421440e-27
1.3000000e+02		1.3100000e+02		1.3050000e+02		6.7007791e-01		8.7786277e-06		4.6201588e-05		1.5205029e-05		1.5205029e-05		1.7680899e-25
1.3100000e+02		1.3200000e+02		1.3150000e+02		9.0731094e-02		8.0058173e-07		4.2791272e-06		1.3866482e-06		1.3866482e-06		1.9407082e-25
1.3200000e+02		1.3300000e+02		1.3250000e+02		7.0547730e-02		3.7515476e-06		1.8449217e-05		6.4978711e-06		6.4978711e-06		1.5104260e-24
1.3300000e+02		1.3400000e+02		1.3350000e+02		9.5357088e-01		1.8017113e-04		8.3780935e-04		3.1206555e-04		3.1206555e-04		1.6978511e-22
1.3400000e+02		1.3500000e+02		1.3450000e+02		6.5246966e-02		2.3363886e-04		9.7313652e-04		4.0467438e-04		4.0467438e-04		1.0323230e-22
1.3500000e+02		1.3600000e+02		1.3550000e+02		1.3692679e-01		1.0166291e-03		4.1291395e-03		1.7608532e-03		1.7608532e-03		1.3757186e-21
1.3600000e+02		1.3700000e+02		1.3650000e+02		8.9861989e-02		7.9373409e-04		3.1984487e-03		1.3747878e-03		1.3747878e-03		5.0254320e-21
1.3700000e+02		1.3800000e+02		1.3750000e+02		9.2282630e-02		7.6330378e-04		3.0730247e-03		1.3220809e-03		1.3220809e-03		2.5998788e-20
1.3800000e+02		1.3900000e+02		1.3850000e+02		9.4180145e-02		7.3346998e-04		2.9501806e-03		1.2704073e-03		1.2704073e-03		1.2397068e-19
1.3900000e+02		1.4000000e+02		1.3950000e+02		3.1801144e-01		2.4797966e-03		9.9484046e-03		4.2951337e-03		4.2951337e-03		1.8313136e-18
1.4000000e+02		1.4100000e+02		1.4050000e+02		2.7729440e-01		2.4968435e-03		9.9505079e-03		4.3246597e-03		4.3246597e-03		6.6225685e-18
1.4100000e+02		1.4200000e+02		1.4150000e+02		1.3359910e-01		1.1112132e-03		4.4281332e-03		1.9246777e-03		1.9246777e-03		1.2149525e-17
1.4200000e+02		1.4300000e+02		1.4250000e+02		1.4479671e-01		1.2451703e-03		4.9458756e-03		2.1566983e-03		2.1566983e-03		4.7733980e-17
1.4300000e+02		1.4400000e+02		1.4350000e+02		1.6064305e-01		1.4706967e-03		5.8183367e-03		2.5473215e-03		2.5473215e-03		1.8190635e-16
1.4400000e+02		1.4500000e+02		1.4450000e+02		1.5363637e-01		1.2381402e-03		4.9063069e-03		2.1445217e-03		2.1445217e-03		5.5436221e-16
1.4500000e+02		1.4600000e+02		1.4550000e+02		1.6382583e-01		1.3095629e-03		5.1801630e-03		2.2682295e-03		2.2682295e-03		1.8123046e-15
1.4600000e+02		1.4700000e+02		1.4650000e+02		1.9977093e-01		1.6211093e-03		6.3973096e-03		2.8078437e-03		2.8078437e-03		6.4701321e-15
1.4700000e+02		1.4800000e+02		1.4750000e+02		2.4643334e-01		1.7990229e-03		7.1087401e-03		3.1159990e-03		3.1159990e-03		2.1974458e-14
1.4800000e+02		1.4900000e+02		1.4850000e+02		2.4167300e-01		1.5538003e-03		6.1526682e-03		2.6912610e-03		2.6912610e-03		5.6551087e-14
1.4900000e+02		1.5000000e+02		1.4950000e+02		2.1832777e-01		1.5092165e-03		5.9527476e-03		2.6140397e-03		2.6140397e-03		1.3199671e-13
1.5000000e+02		1.5100000e+02		1.5050000e+02		2.4023073e-01		2.0932274e-03		8.1854515e-03		3.6255762e-03		3.6255762e-03		3.6879847e-13
1.5100000e+02		1.5200000e+02		1.5150000e+02		2.5258505e-01		2.4040688e-03		9.3616303e-03		4.1639693e-03		4.1639693e-03		9.3043813e-13
1.5200000e+02		1.5300000e+02		1.5250000e+02		3.2229547e-01		4.2147036e-03		1.6238383e-02		7.3000807e-03		7.3000807e-03		2.8379192e-12
1.5300000e+02		1.5400000e+02		1.5350000e+02		3.5701286e-01		7.7092860e-03		2.9259411e-02		1.3352875e-02		1.3352875e-02		7.4371144e-12
1.5400000e+02		1.5500000e+02		1.5450000e+02		9.5486931e-01		2.4500616e-02		9.2445047e-02		4.2436311e-02		4.2436311e-02		4.3657853e-11
1.5500000e+02		1.5600000e+02		1.5550000e+02		7.8587524e-01		2.2679256e-02		8.5202264e-02		3.9281623e-02		3.9281623e-02		7.5971860e-11
1.5600000e+02		1.5700000e+02		1.5650000e+02		4.6648084e-01		2.8193601e-02		1.0400334e-01		4.8832750e-02		4.8832750e-02		9.9706741e-11
1.5700000e+02		1.5800000e+02		1.5750000e+02		4.2309893e-01		3.3820960e-02		1.2388739e-01		5.8579621e-02		5.8579621e-02		1.8388906e-10
1.5800000e+02		1.5900000e+02		1.5850000e+02		3.9008072e-01		4.1150440e-02		1.4974920e-01		7.1274653e-02		7.1274653e-02		3.3539741e-10
1.5900000e+02		1.6000000e+02		1.5950000e+02		3.8042347e-01		6.6646292e-02		2.4015174e-01		1.1543476e-01		1.1543476e-01		6.4369552e-10
1.6000000e+02		1.6100000e+02		1.6050000e+02		4.1635449e-01		9.5861799e-02		3.4359710e-01		1.6603751e-01		1.6603750e-01		1.3217818e-09
1.6100000e+02		1.6200000e+02		1.6150000e+02		4.7164413e-01		1.3721678e-01		4.8967697e-01		2.3766643e-01		2.3766643e-01		2.7339831e-09
1.6200000e+02		1.6300000e+02		1.6250000e+02		5.2241459e-01		1.9403739e-01		6.8956174e-01		3.3608262e-01		3.3608262e-01		5.4087579e-09
1.6300000e+02		1.6400000e+02		1.6350000e+02		1.1072121e+00		4.8756869e-01		1.7274270e+00		8.4449374e-01		8.4449372e-01		1.9930885e-08
1.6400000e+02		1.6500000e+02		1.6450000e+02		1.1323318e+00		5.6413053e-01		1.9939061e+00		9.7710272e-01		9.7710269e-01		3.4617205e-08
1.6500000e+02		1.6600000e+02		1.6550000e+02		1.3255566e+00		7.0173118e-01		2.4761238e+00		1.2154340e+00		1.2154339e+00		6.7236114e-08
1.6600000e+02		1.6700000e+02		1.6650000e+02		6.2522883e-01		3.5009079e-01		1.2333926e+00		6.0637499e-01		6.0637494e-01		5.1646435e-08
1.6700000e+02		1.6800000e+02		1.6750000e+02		6.6723830e-01		3.6846438e-01		1.2970249e+00		6.3819896e-01		6.3819888e-01		8.7790831e-08
1.6800000e+02		1.6900000e+02		1.6850000e+02		7.1904320e-01		3.8961205e-01		1.3704215e+00		6.7482776e-01		6.7482761e-01		1.4811079e-07
1.6900000e+02		1.7000000e+02		1.6950000e+02		9.0554889e-01		4.6915266e-01		1.6494247e+00		8.1259604e-01		8.1259575e-01		2.8677227e-07
1.7000000e+02		1.7100000e+02		1.7050000e+02		1.0161854e+00		4.8915811e-01		1.7195370e+00		8.4724634e-01		8.4724586e-01		4.8595791e-07
1.7100000e+02		1.7200000e+02		1.7150000e+02		1.0130704e+00		4.7026397e-01		1.6523396e+00		8.1452055e-01		8.1451983e-01		7.2269197e-07
1.7200000e+02		1.7300000e+02		1.7250000e+02		1.0571150e+00		4.4853260e-01		1.5762240e+00		7.7688045e-01		7.7687935e-01		1.1036980e-06
1.7300000e+02		1.7400000e+02		1.7350000e+02		1.0479596e+00		4.1650794e-01		1.4635958e+00		7.2141176e-01		7.2141018e-01		1.5821790e-06
1.7400000e+02		1.7500000e+02		1.7450000e+02		1.2530722e+00		4.4437420e-01		1.5624071e+00		7.6967673e-01		7.6967404e-01		2.6858945e-06
1.7500000e+02		1.7600000e+02		1.7550000e+02		1.4954862e+00		4.8950643e-01		1.7215006e+00		8.4784672e-01		8.4784221e-01		4.5055191e-06
1.7600000e+02		1.7700000e+02		1.7650000e+02		1.6135596e+00		4.7573340e-01		1.6740922e+00		8.2398950e-01		8.2398277e-01		6.7275687e-06
1.7700000e+02		1.7800000e+02		1.7750000e+02		1.9010195e+00		5.1243348e-01		1.8041310e+00		8.8755288e-01		8.8754202e-01		1.0851035e-05
1.7800000e+02		1.7900000e+02		1.7850000e+02		2.0776624e+00		5.0521655e-01		1.7800567e+00		8.7504901e-01		8.7503300e-01		1.6014055e-05
1.7900000e+02		1.8000000e+02		1.7950000e+02		2.0198657e+00		4.3655822e-01		1.5397625e+00		7.5612584e-01		7.5610511e-01		2.0732692e-05
1.8000000e+02		1.8100000e+02		1.8050000e+02		2.4976225e+00		5.1132897e-01		1.8037942e+00		8.8562281e-01		8.8558875e-01		3.4060466e-05
1.8100000e+02		1.8200000e+02		1.8150000e+02		3.0410490e+00		5.4536000e-01		1.9265969e+00		9.4455178e-01		9.4449791e-01		5.3873757e-05
1.8200000e+02		1.8300000e+02		1.8250000e+02		2.8073836e+00		4.1695238e-01		1.4766354e+00		7.2213640e-01		7.2207313e-01		6.3268718e-05
1.8300000e+02		1.8400000e+02		1.8350000e+02		2.9562417e+00		3.5641112e-01		1.2660986e+00		6.1726112e-01		6.1717775e-01		8.3376148e-05
1.8400000e+02		1.8500000e+02		1.8450000e+02		2.5409769e+00		2.8902725e-01		1.0272249e+00		5.0054310e-01		5.0045188e-01		9.1216596e-05
1.8500000e+02		1.8600000e+02		1.8550000e+02		2.8735562e+00		3.5664501e-01		1.2648157e+00		6.1762924e-01		6.1749531e-01		1.3392952e-04
1.8600000e+02		1.8700000e+02		1.8650000e+02		3.2604304e+00		3.1648976e-01		1.1269198e+00		5.4804246e-01		5.4785958e-01		1.8287907e-04
1.8700000e+02		1.8800000e+02		1.8750000e+02		3.6946466e+00		3.0441804e-01		1.0868392e+00		5.2708401e-01		5.2683334e-01		2.5066356e-04
1.8800000e+02		1.8900000e+02		1.8850000e+02		3.8870616e+00		3.3163209e-01		1.1825018e+00		5.7416140e-01		5.7383051e-01		3.3088609e-04
1.8900000e+02		1.9000000e+02		1.8950000e+02		4.3106081e+00		3.6729100e-01		1.3089402e+00		6.3583483e-01		6.3538154e-01		4.5329406e-04
1.9000000e+02		1.9100000e+02		1.9050000e+02		4.4384288e+00		2.5221040e-01		9.0597720e-01		4.3646351e-01		4.3594752e-01		5.1598764e-04
1.9100000e+02		1.9200000e+02		1.9150000e+02		4.8094361e+00		2.7438949e-01		9.8495344e-01		4.7475831e-01		4.7407772e-01		6.8059239e-04
1.9200000e+02		1.9300000e+02		1.9250000e+02		5.0365493e+00		3.5463578e-01		1.2665011e+00		6.1357924e-01		6.1266682e-01		9.1242537e-04
1.9300000e+02		1.9400000e+02		1.9350000e+02		3.8447944e+00		2.3370946e-01		8.3669424e-01		4.0420847e-01		4.0340501e-01		8.0346541e-04
1.9400000e+02		1.9500000e+02		1.9450000e+02		6.1679797e+00		2.8707503e-01		1.0330883e+00		4.9618915e-01		4.9476931e-01		1.4198358e-03
1.9500000e+02		1.9600000e+02		1.9550000e+02		5.9528271e+00		3.5162395e-01		1.2578514e+00		6.0775175e-01		6.0600487e-01		1.7468808e-03
1.9600000e+02		1.9700000e+02		1.9650000e+02		6.5508102e+00		4.4967293e-01		1.6024082e+00		7.7711943e-01		7.7474674e-01		2.3726901e-03
1.9700000e+02		1.9800000e+02		1.9750000e+02		6.5190955e+00		3.0350416e-01		1.0895769e+00		5.2388940e-01		5.2143709e-01		2.4523111e-03
1.9800000e+02		1.9900000e+02		1.9850000e+02		6.3883794e+00		5.7761954e-01		2.0443375e+00		9.9794356e-01		9.9449730e-01		3.4462570e-03
1.9900000e+02		2.0000000e+02		1.9950000e+02		6.7274707e+00		5.5173426e-01		1.9547477e+00		9.5262690e-01		9.4852216e-01		4.1047371e-03
2.0000000e+02		2.0100000e+02		2.0050000e+02		7.1125146e+00		4.7887552e-01		1.7015354e+00		8.2598043e-01		8.2125903e-01		4.7214003e-03
2.0100000e+02		2.0200000e+02		2.0150000e+02		7.5701275e+00		9.1382971e-01		3.2106543e+00		1.5777350e+00		1.5708168e+00		6.9181830e-03
2.0200000e+02		2.0300000e+02		2.0250000e+02		7.4828608e+00		5.4879308e-01		1.9431346e+00		9.4560394e-01		9.3886459e-01		6.7393573e-03
2.0300000e+02		2.0400000e+02		2.0350000e+02		8.0092047e+00		7.0059005e-01		2.4704590e+00		1.2070700e+00		1.1983445e+00		8.7255176e-03
2.0400000e+02		2.0500000e+02		2.0450000e+02		8.6207445e+00		1.5547838e+00		5.4172481e+00		2.6832642e+00		2.6700133e+00		1.3250934e-02
2.0500000e+02		2.0600000e+02		2.0550000e+02		8.6400754e+00		7.6433677e-01		2.6892263e+00		1.3149538e+00		1.3027738e+00		1.2179940e-02
2.0600000e+02		2.0700000e+02		2.0650000e+02		8.6510225e+00		1.1260320e+00		3.9344864e+00		1.9389227e+00		1.9233201e+00		1.5602590e-02
2.0700000e+02		2.0800000e+02		2.0750000e+02		9.3957826e+00		2.0787710e+00		7.2071644e+00		3.5842485e+00		3.5619979e+00		2.2250576e-02
2.0800000e+02		2.0900000e+02		2.0850000e+02		1.0163489e+01		1.3498758e+00		4.7058242e+00		2.3209586e+00		2.2976067e+00		2.3351945e-02
2.0900000e+02		2.1000000e+02		2.0950000e+02		1.3129215e+01		4.0686693e+00		1.4033584e+01		7.0157654e+00		6.9729041e+00		4.2861235e-02
2.1000000e+02		2.1100000e+02		2.1050000e+02		1.6183343e+01		2.7479777e+00		9.5306729e+00		4.7229012e+00		4.6727193e+00		5.0181972e-02
2.1100000e+02		2.1200000e+02		2.1150000e+02		1.8424170e+01		5.1215906e+00		1.7655215e+01		8.8172424e+00		8.7440059e+00		7.3236430e-02
2.1200000e+02		2.1300000e+02		2.1250000e+02		1.6428561e+01		5.5331751e+00		1.9025952e+01		9.5278712e+00		9.4515523e+00		7.6318854e-02
2.1300000e+02		2.1400000e+02		2.1350000e+02		1.6737981e+01		4.6967545e+00		1.6160637e+01		8.0747380e+00		7.9923948e+00		8.2343220e-02
2.1400000e+02		2.1500000e+02		2.1450000e+02		2.1432541e+01		1.0616826e+01		3.6348331e+01		1.8290825e+01		1.8156875e+01		1.3394950e-01
2.1500000e+02		2.1600000e+02		2.1550000e+02		1.8408135e+01		6.5031253e+00		2.2296251e+01		1.1177734e+01		1.1060242e+01		1.1749165e-01
2.1600000e+02		2.1700000e+02		2.1650000e+02		1.7036901e+01		9.2560979e+00		3.1626719e+01		1.5935054e+01		1.5802580e+01		1.3247422e-01
2.1700000e+02		2.1800000e+02		2.1750000e+02		1.7640866e+01		8.8386782e+00		3.0190127e+01		1.5200501e+01		1.5052234e+01		1.4826683e-01
2.1800000e+02		2.1900000e+02		2.1850000e+02		2.3730294e+01		1.3546563e+01		4.6206423e+01		2.3298482e+01		2.3073289e+01		2.2519300e-01
2.1900000e+02		2.2000000e+02		2.1950000e+02		2.5052511e+01		1.7638517e+01		6.0070226e+01		3.0351876e+01		3.0080132e+01		2.7174443e-01
2.2000000e+02		2.2100000e+02		2.2050000e+02		2.5203754e+01		1.4996426e+01		5.1064172e+01		2.5763293e+01		2.5474679e+01		2.8861353e-01
2.2100000e+02		2.2200000e+02		2.2150000e+02		2.0176768e+01		1.6154856e+01		5.4919650e+01		2.7785251e+01		2.7517810e+01		2.6744143e-01
2.2200000e+02		2.2300000e+02		2.2250000e+02		2.7154039e+01		2.0487878e+01		6.9610381e+01		3.5202507e+01		3.4815187e+01		3.8732016e-01
2.2300000e+02		2.2400000e+02		2.2350000e+02		3.5163062e+01		3.3284664e+01		1.1296267e+02		5.7234797e+01		5.6666622e+01		5.6817511e-01
2.2400000e+02		2.2500000e+02		2.2450000e+02		3.2875934e+01		2.8245407e+01		9.5807227e+01		4.8508176e+01		4.7942227e+01		5.6594893e-01
2.2500000e+02		2.2600000e+02		2.2550000e+02		2.8720078e+01		2.7423333e+01		9.2943742e+01		4.7099347e+01		4.6553947e+01		5.4539925e-01
2.2600000e+02		2.2700000e+02		2.2650000e+02		2.1037217e+01		2.0446082e+01		6.9247458e+01		3.5096793e+01		3.4663954e+01		4.3283869e-01
2.2700000e+02		2.2800000e+02		2.2750000e+02		2.0463841e+01		2.0620781e+01		6.9789940e+01		3.5381813e+01		3.4924976e+01		4.5683629e-01
2.2800000e+02		2.2900000e+02		2.2850000e+02		2.8509984e+01		3.1339143e+01		1.0599550e+02		5.3771880e+01		5.3076425e+01		6.9545497e-01
2.2900000e+02		2.3000000e+02		2.2950000e+02		2.5620938e+01		2.9200572e+01		9.8697874e+01		5.0082270e+01		4.9406629e+01		6.7564163e-01
2.3000000e+02		2.3100000e+02		2.3050000e+02		2.9055844e+01		3.2880613e+01		1.1105878e+02		5.6350028e+01		5.5529231e+01		8.2079693e-01
2.3100000e+02		2.3200000e+02		2.3150000e+02		2.7387429e+01		3.1510094e+01		1.0635767e+02		5.3968921e+01		5.3138154e+01		8.3076634e-01
2.3200000e+02		2.3300000e+02		2.3250000e+02		2.9413108e+01		3.4016445e+01		1.1473587e+02		5.8218888e+01		5.7263594e+01		9.5529390e-01
2.3300000e+02		2.3400000e+02		2.3350000e+02		2.6543685e+01		3.0776929e+01		1.0373282e+02		5.2632535e+01		5.1710919e+01		9.2161603e-01
2.3400000e+02		2.3500000e+02		2.3450000e+02		2.3194371e+01		2.6958633e+01		9.0796516e+01		4.6065219e+01		4.5206666e+01		8.5855226e-01
2.3500000e+02		2.3600000e+02		2.3550000e+02		3.1223226e+01		3.6374157e+01		1.2241689e+02		6.2101698e+01		6.0872015e+01		1.2296832e+00
2.3600000e+02		2.3700000e+02		2.3650000e+02		2.8911473e+01		3.3756024e+01		1.1351889e+02		5.7581106e+01		5.6370748e+01		1.2103572e+00
2.3700000e+02		2.3800000e+02		2.3750000e+02		3.0878004e+01		3.6128557e+01		1.2140357e+02		6.1572257e+01		6.0200440e+01		1.3718170e+00
2.3800000e+02		2.3900000e+02		2.3850000e+02		2.5598090e+01		3.0011404e+01		1.0076884e+02		5.1099142e+01		4.9894125e+01		1.2050173e+00
2.3900000e+02		2.4000000e+02		2.3950000e+02		2.7890834e+01		3.2762484e+01		1.0991846e+02		5.5729303e+01		5.4340075e+01		1.3892276e+00
2.4000000e+02		2.4100000e+02		2.4050000e+02		2.5623038e+01		3.0153979e+01		1.0108489e+02		5.1240871e+01		4.9892121e+01		1.3487498e+00
2.4100000e+02		2.4200000e+02		2.4150000e+02		3.0005079e+01		3.5372870e+01		1.1848236e+02		6.0047208e+01		5.8380108e+01		1.6670991e+00
2.4200000e+02		2.4300000e+02		2.4250000e+02		4.1301739e+01		4.8771681e+01		1.6322532e+02		8.2704128e+01		8.0285033e+01		2.4190958e+00
2.4300000e+02		2.4400000e+02		2.4350000e+02		3.8791639e+01		4.5879753e+01		1.5341716e+02		7.7715275e+01		7.5323653e+01		2.3916220e+00
2.4400000e+02		2.4500000e+02		2.4450000e+02		3.6329084e+01		4.2913616e+01		1.4337291e+02		7.2606037e+01		7.0253023e+01		2.3530140e+00
2.4500000e+02		2.4600000e+02		2.4550000e+02		2.9476122e+01		3.4616217e+01		1.1554242e+02		5.8491087e+01		5.6488549e+01		2.0025378e+00
2.4600000e+02		2.4700000e+02		2.4650000e+02		2.8685918e+01		3.3796383e+01		1.1270739e+02		5.7039404e+01		5.4993577e+01		2.0458264e+00
2.4700000e+02		2.4800000e+02		2.4750000e+02		3.1678139e+01		3.7316464e+01		1.2433225e+02		6.2900957e+01		6.0533561e+01		2.3673964e+00
2.4800000e+02		2.4900000e+02		2.4850000e+02		2.5406301e+01		2.9911077e+01		9.9565508e+01		5.0352692e+01		4.8365381e+01		1.9873118e+00
2.4900000e+02		2.5000000e+02		2.4950000e+02		3.0967514e+01		3.6391608e+01		1.2102069e+02		6.1178506e+01		5.8646431e+01		2.5320752e+00
2.5000000e+02		2.5100000e+02		2.5050000e+02		3.3448743e+01		3.9000369e+01		1.2955959e+02		6.5462753e+01		6.2610672e+01		2.8520806e+00
2.5100000e+02		2.5200000e+02		2.5150000e+02		2.7888154e+01		3.2345875e+01		1.0734146e+02		5.4210141e+01		5.1731409e+01		2.4787325e+00
2.5200000e+02		2.5300000e+02		2.5250000e+02		2.5069906e+01		2.9186494e+01		9.6766533e+01		4.8850193e+01		4.6524811e+01		2.3253819e+00
2.5300000e+02		2.5400000e+02		2.5350000e+02		3.1592540e+01		3.6610160e+01		1.2125054e+02		6.1178422e+01		5.8129130e+01		3.0492916e+00
2.5400000e+02		2.5500000e+02		2.5450000e+02		3.5730773e+01		4.1074591e+01		1.3588266e+02		6.8520808e+01		6.4938446e+01		3.5823622e+00
2.5500000e+02		2.5600000e+02		2.5550000e+02		4.8755658e+01		5.5522207e+01		1.8346242e+02		9.2454898e+01		8.7383685e+01		5.0712136e+00
2.5600000e+02		2.5700000e+02		2.5650000e+02		6.2803876e+01		7.2370499e+01		2.3893349e+02		1.2036626e+02		1.1355919e+02		6.8070694e+00
2.5700000e+02		2.5800000e+02		2.5750000e+02		7.8843355e+01		8.9544149e+01		2.9525017e+02		1.4862461e+02		1.3978588e+02		8.8387316e+00
2.5800000e+02		2.5900000e+02		2.5850000e+02		8.2991293e+01		9.4498823e+01		3.1127175e+02		1.5660742e+02		1.4695051e+02		9.6569085e+00
2.5900000e+02		2.6000000e+02		2.5950000e+02		7.0629481e+01		7.9667377e+01		2.6209129e+02		1.3176764e+02		1.2327056e+02		8.4970889e+00
2.6000000e+02		2.6100000e+02		2.6050000e+02		5.7868388e+01		6.4987170e+01		2.1354640e+02		1.0728914e+02		1.0008752e+02		7.2016107e+00
2.6100000e+02		2.6200000e+02		2.6150000e+02		5.9092703e+01		6.5753404e+01		2.1578734e+02		1.0833095e+02		1.0073954e+02		7.5914010e+00
2.6200000e+02		2.6300000e+02		2.6250000e+02		7.0528613e+01		7.8552026e+01		2.5750955e+02		1.2919537e+02		1.1982343e+02		9.3719380e+00
2.6300000e+02		2.6400000e+02		2.6350000e+02		1.0614195e+02		1.1863797e+02		3.8851743e+02		1.9480667e+02		1.8021708e+02		1.4589588e+01
2.6400000e+02		2.6500000e+02		2.6450000e+02		1.6548208e+02		1.8206938e+02		5.9536309e+02		2.9823445e+02		2.7484951e+02		2.3384937e+01
2.6500000e+02		2.6600000e+02		2.6550000e+02		1.7356948e+02		1.9028537e+02		6.2147089e+02		3.1107373e+02		2.8578832e+02		2.5285407e+01
2.6600000e+02		2.6700000e+02		2.6650000e+02		1.6826276e+02		1.8318756e+02		5.9750396e+02		2.9882242e+02		2.7359502e+02		2.5227396e+01
2.6700000e+02		2.6800000e+02		2.6750000e+02		1.6940220e+02		1.8383877e+02		5.9888809e+02		2.9927458e+02		2.7312405e+02		2.6150525e+01
2.6800000e+02		2.6900000e+02		2.6850000e+02		1.6778062e+02		1.8064077e+02		5.8766548e+02		2.9339744e+02		2.6678515e+02		2.6612298e+01
2.6900000e+02		2.7000000e+02		2.6950000e+02		1.5737310e+02		1.6995158e+02		5.5228866e+02		2.7553853e+02		2.4982139e+02		2.5717137e+01
2.7000000e+02		2.7100000e+02		2.7050000e+02		1.8181465e+02		1.9368398e+02		6.2843570e+02		3.1319020e+02		2.8275475e+02		3.0435450e+01
2.7100000e+02		2.7200000e+02		2.7150000e+02		1.5108640e+02		1.5979468e+02		5.1775511e+02		2.5778093e+02		2.3183795e+02		2.5942979e+01
2.7200000e+02		2.7300000e+02		2.7250000e+02		1.2154404e+02		1.2731165e+02		4.1189565e+02		2.0486076e+02		1.8348318e+02		2.1377589e+01
2.7300000e+02		2.7400000e+02		2.7350000e+02		1.2960124e+02		1.3359183e+02		4.3148370e+02		2.1434170e+02		1.9105625e+02		2.3285453e+01
2.7400000e+02		2.7500000e+02		2.7450000e+02		8.9183780e+01		9.4019931e+01		3.0351164e+02		1.5071883e+02		1.3415104e+02		1.6567794e+01
2.7500000e+02		2.7600000e+02		2.7550000e+02		1.1893609e+02		1.2285329e+02		3.9585634e+02		1.9630772e+02		1.7379506e+02		2.2512664e+01
2.7600000e+02		2.7700000e+02		2.7650000e+02		1.6564211e+02		1.7210387e+02		5.5397741e+02		2.7451348e+02		2.4230374e+02		3.2209746e+01
2.7700000e+02		2.7800000e+02		2.7750000e+02		1.5837296e+02		1.6264149e+02		5.2267747e+02		2.5869214e+02		2.2725828e+02		3.1433868e+01
2.7800000e+02		2.7900000e+02		2.7850000e+02		1.0921797e+02		1.1240407e+02		3.6081214e+02		1.7842319e+02		1.5620292e+02		2.2220276e+01
2.7900000e+02		2.8000000e+02		2.7950000e+02		6.1368404e+01		6.2503644e+01		2.0031452e+02		9.8936323e+01		8.6200645e+01		1.2735678e+01
2.8000000e+02		2.8100000e+02		2.8050000e+02		6.7313201e+01		6.8595040e+01		2.1956826e+02		1.0834356e+02		9.4046017e+01		1.4297546e+01
2.8100000e+02		2.8200000e+02		2.8150000e+02		1.3943196e+02		1.3888557e+02		4.4364578e+02		2.1856377e+02		1.8852064e+02		3.0043132e+01
2.8200000e+02		2.8300000e+02		2.8250000e+02		1.8983287e+02		1.9623078e+02		6.2689542e+02		3.0885413e+02		2.6646971e+02		4.2384422e+01
2.8300000e+02		2.8400000e+02		2.8350000e+02		1.9610227e+02		1.9751967e+02		6.2962397e+02		3.0966583e+02		2.6534065e+02		4.4325180e+01
2.8400000e+02		2.8500000e+02		2.8450000e+02		1.4459284e+02		1.4687655e+02		4.6775949e+02		2.2988071e+02		1.9638995e+02		3.3490761e+01
2.8500000e+02		2.8600000e+02		2.8550000e+02		9.2944992e+01		9.3093307e+01		2.9594509e+02		1.4523470e+02		1.2336786e+02		2.1866838e+01
2.8600000e+02		2.8700000e+02		2.8650000e+02		1.9045522e+02		1.9334181e+02		6.1419733e+02		3.0122668e+02		2.5525834e+02		4.5968339e+01
2.8700000e+02		2.8800000e+02		2.8750000e+02		2.2108403e+02		2.2290855e+02		7.0705198e+02		3.4633549e+02		2.9203126e+02		5.4304226e+01
2.8800000e+02		2.8900000e+02		2.8850000e+02		2.1010240e+02		2.1301180e+02		6.7497490e+02		3.3033320e+02		2.7758540e+02		5.2747797e+01
2.8900000e+02		2.9000000e+02		2.8950000e+02		3.1885068e+02		3.2852818e+02		1.0404260e+03		5.0890598e+02		4.2677845e+02		8.2127531e+01
2.9000000e+02		2.9100000e+02		2.9050000e+02		4.1860542e+02		4.2301787e+02		1.3369338e+03		6.5284357e+02		5.4377344e+02		1.0907013e+02
2.9100000e+02		2.9200000e+02		2.9150000e+02		4.0318642e+02		4.2119183e+02		1.3314119e+03		6.5014716e+02		5.4171414e+02		1.0843302e+02
2.9200000e+02		2.9300000e+02		2.9250000e+02		3.5818014e+02		3.6128608e+02		1.1389294e+03		5.5492382e+02		4.5815180e+02		9.6772018e+01
2.9300000e+02		2.9400000e+02		2.9350000e+02		3.7393440e+02		3.9021291e+02		1.2304495e+03		5.9954119e+02		4.9527602e+02		1.0426517e+02
2.9400000e+02		2.9500000e+02		2.9450000e+02		3.4819581e+02		3.5874456e+02		1.1292153e+03		5.4938294e+02		4.5105527e+02		9.8327679e+01
2.9500000e+02		2.9600000e+02		2.9550000e+02		3.7701055e+02		4.0278990e+02		1.2683971e+03		6.1718832e+02		5.0727210e+02		1.0991622e+02
2.9600000e+02		2.9700000e+02		2.9650000e+02		3.4493460e+02		3.5471595e+02		1.1137428e+03		5.4063112e+02		4.3988003e+02		1.0075109e+02
2.9700000e+02		2.9800000e+02		2.9750000e+02		3.5165811e+02		3.7523010e+02		1.1787496e+03		5.7229637e+02		4.6626381e+02		1.0603256e+02
2.9800000e+02		2.9900000e+02		2.9850000e+02		3.0223333e+02		3.1160949e+02		9.7616484e+02		4.7283931e+02		3.8147385e+02		9.1365460e+01
2.9900000e+02		3.0000000e+02		2.9950000e+02		3.4101318e+02		3.6798694e+02		1.1538914e+03		5.5922318e+02		4.5246981e+02		1.0675337e+02
3.0000000e+02		3.0100000e+02		3.0050000e+02		2.7131061e+02		2.8478576e+02		8.9077715e+02		4.3079461e+02		3.4546065e+02		8.5333959e+01
3.0100000e+02		3.0200000e+02		3.0150000e+02		3.1202593e+02		3.4798196e+02		1.0903573e+03		5.2790632e+02		4.2570562e+02		1.0220070e+02
3.0200000e+02		3.0300000e+02		3.0250000e+02		3.2846528e+02		3.4865291e+02		1.0885847e+03		5.2549543e+02		4.1841388e+02		1.0708154e+02
3.0300000e+02		3.0400000e+02		3.0350000e+02		4.2601061e+02		4.8091052e+02		1.5043501e+03		7.2707765e+02		5.8243768e+02		1.4463997e+02
3.0400000e+02		3.0500000e+02		3.0450000e+02		4.0776836e+02		4.3852048e+02		1.3668974e+03		6.5868886e+02		5.2092397e+02		1.3776489e+02
3.0500000e+02		3.0600000e+02		3.0550000e+02		4.1174793e+02		4.6881450e+02		1.4638573e+03		7.0618095e+02		5.6161506e+02		1.4456589e+02
3.0600000e+02		3.0700000e+02		3.0650000e+02		3.9053943e+02		4.2369783e+02		1.3182689e+03		6.3403849e+02		4.9767135e+02		1.3636714e+02
3.0700000e+02		3.0800000e+02		3.0750000e+02		4.3847484e+02		4.9809326e+02		1.5516532e+03		7.4680829e+02		5.8846609e+02		1.5834221e+02
3.0800000e+02		3.0900000e+02		3.0850000e+02		4.3035211e+02		4.7712062e+02		1.4828089e+03		7.1218035e+02		5.5615728e+02		1.5602307e+02
3.0900000e+02		3.1000000e+02		3.0950000e+02		3.4901328e+02		3.9689105e+02		1.2337401e+03		5.9249712e+02		4.6280893e+02		1.2968819e+02
3.1000000e+02		3.1100000e+02		3.1050000e+02		4.3927411e+02		4.9460613e+02		1.5350040e+03		7.3605007e+02		5.7126249e+02		1.6478758e+02
3.1100000e+02		3.1200000e+02		3.1150000e+02		5.2246540e+02		5.9625987e+02		1.8497932e+03		8.8648994e+02		6.8669173e+02		1.9979821e+02
3.1200000e+02		3.1300000e+02		3.1250000e+02		4.6521908e+02		5.3262247e+02		1.6508657e+03		7.9037126e+02		6.0984019e+02		1.8053107e+02
3.1300000e+02		3.1400000e+02		3.1350000e+02		4.9544367e+02		5.6517043e+02		1.7495205e+03		8.3652961e+02		6.4204270e+02		1.9448691e+02
3.1400000e+02		3.1500000e+02		3.1450000e+02		4.6729179e+02		5.3890129e+02		1.6674110e+03		7.9673999e+02		6.1005294e+02		1.8668706e+02
3.1500000e+02		3.1600000e+02		3.1550000e+02		4.5343123e+02		5.2011422e+02		1.6070969e+03		7.6687373e+02		5.8383929e+02		1.8303444e+02
3.1600000e+02		3.1700000e+02		3.1650000e+02		4.4229406e+02		5.1037796e+02		1.5758677e+03		7.5131589e+02		5.7006526e+02		1.8125063e+02
3.1700000e+02		3.1800000e+02		3.1750000e+02		5.6102832e+02		6.4654040e+02		1.9940446e+03		9.4955448e+02		7.1693901e+02		2.3261548e+02
3.1800000e+02		3.1900000e+02		3.1850000e+02		4.6340678e+02		5.3526313e+02		1.6493325e+03		7.8459256e+02		5.8991978e+02		1.9467279e+02
3.1900000e+02		3.2000000e+02		3.1950000e+02		4.9774832e+02		5.7562546e+02		1.7719807e+03		8.4202474e+02		6.3030747e+02		2.1171727e+02
3.2000000e+02		3.2100000e+02		3.2050000e+02		5.7184857e+02		6.6214160e+02		2.0363459e+03		9.6660227e+02		7.2036169e+02		2.4624059e+02
3.2100000e+02		3.2200000e+02		3.2150000e+02		4.8024660e+02		5.5623739e+02		1.7089185e+03		8.1026827e+02		6.0104351e+02		2.0922475e+02
3.2200000e+02		3.2300000e+02		3.2250000e+02		4.8228681e+02		5.5851568e+02		1.7141477e+03		8.1181609e+02		5.9931520e+02		2.1250089e+02
3.2300000e+02		3.2400000e+02		3.2350000e+02		4.6607071e+02		5.4042115e+02		1.6570496e+03		7.8392649e+02		5.7613982e+02		2.0778668e+02
3.2400000e+02		3.2500000e+02		3.2450000e+02		5.4882129e+02		6.3570791e+02		1.9471272e+03		9.2006206e+02		6.7278914e+02		2.4727291e+02
3.2500000e+02		3.2600000e+02		3.2550000e+02		6.3196128e+02		7.3166509e+02		2.2387127e+03		1.0566086e+03		7.6882467e+02		2.8778397e+02
3.2600000e+02		3.2700000e+02		3.2650000e+02		7.1301257e+02		8.2468134e+02		2.5205695e+03		1.1881824e+03		8.6005279e+02		3.2812963e+02
3.2700000e+02		3.2800000e+02		3.2750000e+02		6.8984049e+02		7.9710524e+02		2.4337107e+03		1.1458698e+03		8.2518585e+02		3.2068397e+02
3.2800000e+02		3.2900000e+02		3.2850000e+02		6.6596082e+02		7.6875467e+02		2.3446483e+03		1.1026013e+03		7.8988954e+02		3.1271173e+02
3.2900000e+02		3.3000000e+02		3.2950000e+02		7.7527139e+02		8.9406642e+02		2.7239792e+03		1.2794540e+03		9.1183691e+02		3.6761713e+02
3.3000000e+02		3.3100000e+02		3.3050000e+02		7.3029799e+02		8.4137997e+02		2.5607746e+03		1.2013538e+03		8.5170730e+02		3.4964653e+02
3.3100000e+02		3.3200000e+02		3.3150000e+02		6.9881652e+02		8.0432453e+02		2.4454440e+03		1.1458708e+03		8.0810717e+02		3.3776364e+02
3.3200000e+02		3.3300000e+02		3.3250000e+02		6.8562051e+02		7.8837278e+02		2.3944785e+03		1.1206531e+03		7.8618371e+02		3.3446940e+02
3.3300000e+02		3.3400000e+02		3.3350000e+02		6.5878216e+02		7.5677646e+02		2.2961479e+03		1.0733463e+03		7.4901218e+02		3.2433408e+02
3.3400000e+02		3.3500000e+02		3.3450000e+02		6.9405546e+02		7.9652600e+02		2.4142874e+03		1.1272251e+03		7.8244251e+02		3.4478261e+02
3.3500000e+02		3.3600000e+02		3.3550000e+02		6.8541663e+02		7.8585230e+02		2.3795175e+03		1.1096661e+03		7.6615175e+02		3.4351437e+02
3.3600000e+02		3.3700000e+02		3.3650000e+02		5.6469084e+02		6.4681277e+02		1.9565376e+03		9.1132653e+02		6.2584629e+02		2.8548025e+02
3.3700000e+02		3.3800000e+02		3.3750000e+02		5.9573781e+02		6.8171877e+02		2.0600545e+03		9.5840070e+02		6.5463648e+02		3.0376422e+02
3.3800000e+02		3.3900000e+02		3.3850000e+02		6.4448401e+02		7.3679215e+02		2.2242534e+03		1.0335588e+03		7.0215739e+02		3.3140139e+02
3.3900000e+02		3.4000000e+02		3.3950000e+02		6.7448220e+02		7.7034610e+02		2.3232297e+03		1.0782627e+03		7.2853843e+02		3.4972424e+02
3.4000000e+02		3.4100000e+02		3.4050000e+02		7.1196374e+02		8.1237814e+02		2.4475709e+03		1.1346225e+03		7.6243846e+02		3.7218408e+02
3.4100000e+02		3.4200000e+02		3.4150000e+02		6.4984945e+02		7.4079685e+02		2.2297149e+03		1.0324040e+03		6.8994988e+02		3.4245410e+02
3.4200000e+02		3.4300000e+02		3.4250000e+02		7.0477558e+02		8.0264710e+02		2.4135185e+03		1.1161848e+03		7.4183807e+02		3.7434668e+02
3.4300000e+02		3.4400000e+02		3.4350000e+02		6.9264465e+02		7.8808464e+02		2.3674291e+03		1.0935739e+03		7.2279542e+02		3.7077851e+02
3.4400000e+02		3.4500000e+02		3.4450000e+02		5.5710877e+02		6.3327516e+02		1.9005413e+03		8.7686991e+02		5.7635136e+02		3.0051855e+02
3.4500000e+02		3.4600000e+02		3.4550000e+02		6.7138909e+02		7.6246164e+02		2.2860507e+03		1.0534913e+03		6.8858353e+02		3.6490776e+02
3.4600000e+02		3.4700000e+02		3.4650000e+02		6.5194093e+02		7.3968146e+02		2.2156346e+03		1.0198385e+03		6.6285863e+02		3.5697986e+02
3.4700000e+02		3.4800000e+02		3.4750000e+02		6.4525828e+02		7.3141618e+02		2.1888006e+03		1.0063032e+03		6.5038961e+02		3.5591356e+02
3.4800000e+02		3.4900000e+02		3.4850000e+02		6.6761091e+02		7.5604928e+02		2.2603835e+03		1.0379936e+03		6.6708753e+02		3.7090612e+02
3.4900000e+02		3.5000000e+02		3.4950000e+02		6.3989005e+02		7.2398497e+02		2.1624927e+03		9.9187840e+02		6.3384266e+02		3.5803574e+02
3.5000000e+02		3.5100000e+02		3.5050000e+02		7.6650484e+02		8.6643948e+02		2.5855854e+03		1.1845542e+03		7.5266740e+02		4.3188676e+02
3.5100000e+02		3.5200000e+02		3.5150000e+02		7.1211510e+02		8.0421886e+02		2.3976891e+03		1.0971907e+03		6.9317877e+02		4.0401191e+02
3.5200000e+02		3.5300000e+02		3.5250000e+02		6.5785102e+02		7.4225651e+02		2.2109200e+03		1.0105471e+03		6.3478237e+02		3.7576473e+02
3.5300000e+02		3.5400000e+02		3.5350000e+02		7.5263834e+02		8.4843294e+02		2.5248756e+03		1.1527091e+03		7.1992507e+02		4.3278401e+02
3.5400000e+02		3.5500000e+02		3.5450000e+02		8.0329241e+02		9.0471349e+02		2.6899188e+03		1.2266366e+03		7.6167820e+02		4.6495837e+02
3.5500000e+02		3.5600000e+02		3.5550000e+02		7.5433512e+02		8.4880817e+02		2.5214221e+03		1.1484717e+03		7.0901146e+02		4.3946021e+02
3.5600000e+02		3.5700000e+02		3.5650000e+02		6.5576441e+02		7.3723004e+02		2.1880120e+03		9.9546053e+02		6.1097990e+02		3.8448063e+02
3.5700000e+02		3.5800000e+02		3.5750000e+02		5.7307986e+02		6.4369830e+02		1.9087207e+03		8.6739700e+02		5.2927680e+02		3.3812020e+02
3.5800000e+02		3.5900000e+02		3.5850000e+02		4.9194729e+02		5.5207756e+02		1.6355969e+03		7.4242881e+02		4.5037589e+02		2.9205292e+02
3.5900000e+02		3.6000000e+02		3.5950000e+02		7.1030971e+02		7.9642586e+02		2.3574366e+03		1.0688647e+03		6.4459713e+02		4.2426754e+02
3.6000000e+02		3.6100000e+02		3.6050000e+02		7.0092701e+02		7.8521464e+02		2.3222232e+03		1.0517007e+03		6.3051281e+02		4.2118790e+02
3.6100000e+02		3.6200000e+02		3.6150000e+02		6.5110481e+02		7.2876283e+02		2.1534009e+03		9.7413629e+02		5.8055984e+02		3.9357645e+02
3.6200000e+02		3.6300000e+02		3.6250000e+02		7.3500056e+02		8.2194987e+02		2.4266670e+03		1.0965134e+03		6.4962420e+02		4.4688916e+02
3.6300000e+02		3.6400000e+02		3.6350000e+02		7.1558904e+02		7.9955079e+02		2.3585218e+03		1.0645216e+03		6.2692767e+02		4.3759393e+02
3.6400000e+02		3.6500000e+02		3.6450000e+02		7.4837927e+02		8.3546939e+02		2.4623821e+03		1.1101508e+03		6.4990316e+02		4.6024762e+02
3.6500000e+02		3.6600000e+02		3.6550000e+02		8.5179486e+02		9.5010616e+02		2.7978886e+03		1.2599991e+03		7.3321448e+02		5.2678458e+02
3.6600000e+02		3.6700000e+02		3.6650000e+02		9.1042532e+02		1.0146407e+03		2.9854296e+03		1.3429570e+03		7.7680447e+02		5.6615248e+02
3.6700000e+02		3.6800000e+02		3.6750000e+02		8.7909512e+02		9.7889621e+02		2.8778604e+03		1.2931290e+03		7.4348276e+02		5.4964623e+02
3.6800000e+02		3.6900000e+02		3.6850000e+02		8.1047729e+02		9.0173092e+02		2.6488137e+03		1.1888926e+03		6.7943175e+02		5.0946082e+02
3.6900000e+02		3.7000000e+02		3.6950000e+02		8.9967825e+02		1.0001412e+03		2.9354868e+03		1.3161118e+03		7.4759425e+02		5.6851751e+02
3.7000000e+02		3.7100000e+02		3.7050000e+02		8.4427990e+02		9.3778024e+02		2.7502171e+03		1.2316952e+03		6.9541021e+02		5.3628496e+02
3.7100000e+02		3.7200000e+02		3.7150000e+02		8.7164560e+02		9.6737685e+02		2.8347163e+03		1.2681457e+03		7.1162677e+02		5.5651894e+02
3.7200000e+02		3.7300000e+02		3.7250000e+02		7.2411383e+02		8.0298373e+02		2.3511045e+03		1.0506491e+03		5.8598248e+02		4.6466659e+02
3.7300000e+02		3.7400000e+02		3.7350000e+02		6.3155746e+02		6.9977675e+02		2.0472871e+03		9.1388804e+02		5.0659275e+02		4.0729528e+02
3.7400000e+02		3.7500000e+02		3.7450000e+02		6.4642322e+02		7.1567003e+02		2.0921309e+03		9.3289724e+02		5.1396510e+02		4.1893214e+02
3.7500000e+02		3.7600000e+02		3.7550000e+02		7.4036161e+02		8.1901480e+02		2.3923651e+03		1.0656281e+03		5.8349332e+02		4.8213477e+02
3.7600000e+02		3.7700000e+02		3.7650000e+02		7.6758018e+02		8.4844673e+02		2.4764022e+03		1.1018763e+03		5.9962085e+02		5.0225547e+02
3.7700000e+02		3.7800000e+02		3.7750000e+02		9.0048278e+02		9.9456233e+02		2.9006307e+03		1.2892591e+03		6.9726007e+02		5.9199904e+02
3.7800000e+02		3.7900000e+02		3.7850000e+02		9.3786543e+02		1.0350364e+03		3.0163573e+03		1.3392734e+03		7.1983244e+02		6.1944096e+02
3.7900000e+02		3.8000000e+02		3.7950000e+02		7.6051322e+02		8.3865294e+02		2.4421829e+03		1.0831904e+03		5.7858178e+02		5.0460860e+02
3.8000000e+02		3.8100000e+02		3.8050000e+02		8.2814537e+02		9.1252546e+02		2.6552920e+03		1.1764712e+03		6.2450241e+02		5.5196882e+02
3.8100000e+02		3.8200000e+02		3.8150000e+02		7.4366886e+02		8.1881047e+02		2.3808095e+03		1.0537519e+03		5.5587743e+02		4.9787449e+02
3.8200000e+02		3.8300000e+02		3.8250000e+02		5.3336093e+02		5.8680379e+02		1.7049466e+03		7.5382679e+02		3.9518066e+02		3.5864614e+02
3.8300000e+02		3.8400000e+02		3.8350000e+02		4.7073026e+02		5.1750507e+02		1.5024914e+03		6.6362490e+02		3.4572323e+02		3.1790166e+02
3.8400000e+02		3.8500000e+02		3.8450000e+02		6.2969557e+02		6.9174372e+02		2.0068900e+03		8.8549246e+02		4.5841444e+02		4.2707802e+02
3.8500000e+02		3.8600000e+02		3.8550000e+02		6.6694888e+02		7.3211877e+02		2.1224782e+03		9.3552895e+02		4.8127365e+02		4.5425529e+02
3.8600000e+02		3.8700000e+02		3.8650000e+02		6.6977732e+02		7.3467717e+02		2.1283563e+03		9.3715991e+02		4.7907931e+02		4.5808060e+02
3.8700000e+02		3.8800000e+02		3.8750000e+02		6.6902499e+02		7.3331072e+02		2.1228751e+03		9.3379496e+02		4.7435080e+02		4.5944416e+02
3.8800000e+02		3.8900000e+02		3.8850000e+02		6.7841027e+02		7.4305390e+02		2.1495523e+03		9.4457268e+02		4.7679856e+02		4.6777412e+02
3.8900000e+02		3.9000000e+02		3.8950000e+02		8.1451188e+02		8.9147673e+02		2.5771013e+03		1.1313098e+03		5.6745112e+02		5.6385867e+02
3.9000000e+02		3.9100000e+02		3.9050000e+02		8.5560997e+02		9.3578171e+02		2.7032818e+03		1.1855095e+03		5.9086223e+02		5.9464725e+02
3.9100000e+02		3.9200000e+02		3.9150000e+02		9.2006232e+02		1.0055525e+03		2.9028156e+03		1.2717433e+03		6.2981435e+02		6.4192899e+02
3.9200000e+02		3.9300000e+02		3.9250000e+02		7.0614281e+02		7.7120767e+02		2.2247772e+03		9.7372286e+02		4.7915608e+02		4.9456678e+02
3.9300000e+02		3.9400000e+02		3.9350000e+02		4.3291589e+02		4.7247192e+02		1.3620531e+03		5.9554420e+02		2.9119215e+02		3.0435205e+02
3.9400000e+02		3.9500000e+02		3.9450000e+02		7.1565803e+02		7.8050205e+02		2.2485227e+03		9.8217906e+02		4.7717294e+02		5.0500612e+02
3.9500000e+02		3.9600000e+02		3.9550000e+02		8.7888136e+02		9.5784916e+02		2.7575786e+03		1.2033640e+03		5.8089439e+02		6.2246963e+02
3.9600000e+02		3.9700000e+02		3.9650000e+02		6.0712893e+02		6.6122386e+02		1.9023445e+03		8.2934713e+02		3.9778392e+02		4.3156321e+02
3.9700000e+02		3.9800000e+02		3.9750000e+02		6.8053003e+02		7.4065834e+02		2.1294662e+03		9.2746655e+02		4.4199299e+02		4.8547357e+02
3.9800000e+02		3.9900000e+02		3.9850000e+02		1.0480559e+03		1.1398832e+03		3.2751228e+03		1.4250748e+03		6.7477057e+02		7.5030423e+02
3.9900000e+02		4.0000000e+02		3.9950000e+02		1.1577145e+03		1.2583023e+03		3.6130082e+03		1.5705940e+03		7.3889011e+02		8.3170392e+02
4.0000000e+02		4.0100000e+02		4.0050000e+02		1.1939713e+03		1.2968428e+03		3.7212622e+03		1.6161159e+03		7.5540829e+02		8.6070761e+02
4.0100000e+02		4.0200000e+02		4.0150000e+02		1.2509583e+03		1.3578397e+03		3.8937913e+03		1.6894466e+03		7.8459043e+02		9.0485617e+02
4.0200000e+02		4.0300000e+02		4.0250000e+02		1.2664199e+03		1.3737189e+03		3.9368198e+03		1.7065115e+03		7.8739584e+02		9.1911571e+02
4.0300000e+02		4.0400000e+02		4.0350000e+02		1.2115903e+03		1.3133870e+03		3.7615433e+03		1.6290109e+03		7.4677422e+02		8.8223666e+02
4.0400000e+02		4.0500000e+02		4.0450000e+02		1.1914959e+03		1.2907689e+03		3.6944500e+03		1.5984692e+03		7.2802679e+02		8.7044245e+02
4.0500000e+02		4.0600000e+02		4.0550000e+02		1.1904731e+03		1.2888335e+03		3.6866189e+03		1.5936085e+03		7.2110543e+02		8.7250308e+02
4.0600000e+02		4.0700000e+02		4.0650000e+02		1.1388815e+03		1.2321946e+03		3.5224356e+03		1.5212399e+03		6.8388861e+02		8.3735133e+02
4.0700000e+02		4.0800000e+02		4.0750000e+02		1.1575323e+03		1.2515830e+03		3.5756739e+03		1.5428232e+03		6.8908174e+02		8.5374144e+02
4.0800000e+02		4.0900000e+02		4.0850000e+02		1.2307397e+03		1.3299053e+03		3.7971317e+03		1.6368913e+03		7.2633671e+02		9.1055463e+02
4.0900000e+02		4.1000000e+02		4.0950000e+02		1.2243097e+03		1.3221356e+03		3.7726782e+03		1.6248836e+03		7.1630934e+02		9.0857424e+02
4.1000000e+02		4.1100000e+02		4.1050000e+02		1.1216634e+03		1.2105415e+03		3.4521876e+03		1.4855166e+03		6.5059817e+02		8.3491845e+02
4.1100000e+02		4.1200000e+02		4.1150000e+02		1.3003372e+03		1.4025156e+03		3.9972886e+03		1.7185478e+03		7.4774020e+02		9.7080762e+02
4.1200000e+02		4.1300000e+02		4.1250000e+02		1.2760342e+03		1.3754690e+03		3.9179042e+03		1.6829269e+03		7.2745317e+02		9.5547373e+02
4.1300000e+02		4.1400000e+02		4.1350000e+02		1.2308584e+03		1.3259756e+03		3.7747294e+03		1.6199997e+03		6.9566859e+02		9.2433116e+02
4.1400000e+02		4.1500000e+02		4.1450000e+02		1.2488872e+03		1.3445958e+03		3.8255283e+03		1.6403653e+03		6.9979805e+02		9.4056722e+02
4.1500000e+02		4.1600000e+02		4.1550000e+02		1.2477523e+03		1.3425800e+03		3.8176075e+03		1.6355461e+03		6.9316530e+02		9.4238079e+02
4.1600000e+02		4.1700000e+02		4.1650000e+02		1.2947363e+03		1.3923181e+03		3.9567908e+03		1.6937110e+03		7.1310325e+02		9.8060778e+02
4.1700000e+02		4.1800000e+02		4.1750000e+02		1.1781342e+03		1.2661916e+03		3.5963303e+03		1.5380939e+03		6.4332779e+02		8.9476608e+02
4.1800000e+02		4.1900000e+02		4.1850000e+02		1.2217101e+03		1.3122676e+03		3.7251189e+03		1.5918158e+03		6.6141799e+02		9.3039776e+02
4.1900000e+02		4.2000000e+02		4.1950000e+02		1.2338424e+03		1.3245417e+03		3.7578804e+03		1.6044542e+03		6.6228011e+02		9.4217409e+02
4.2000000e+02		4.2100000e+02		4.2050000e+02		1.2494927e+03		1.3405822e+03		3.8013018e+03		1.6216263e+03		6.6495746e+02		9.5666880e+02
4.2100000e+02		4.2200000e+02		4.2150000e+02		1.2299982e+03		1.3189248e+03		3.7378556e+03		1.5932257e+03		6.4900301e+02		9.4422274e+02
4.2200000e+02		4.2300000e+02		4.2250000e+02		1.1657134e+03		1.2492957e+03		3.5386147e+03		1.5070469e+03		6.0984593e+02		8.9720099e+02
4.2300000e+02		4.2400000e+02		4.2350000e+02		1.2419943e+03		1.3303104e+03		3.7660714e+03		1.6025923e+03		6.4422580e+02		9.5836650e+02
4.2400000e+02		4.2500000e+02		4.2450000e+02		1.2850442e+03		1.3756674e+03		3.8924087e+03		1.6549934e+03		6.6089253e+02		9.9410087e+02
4.2500000e+02		4.2600000e+02		4.2550000e+02		1.2367256e+03		1.3232220e+03		3.7420457e+03		1.5897636e+03		6.3064439e+02		9.5911925e+02
4.2600000e+02		4.2700000e+02		4.2650000e+02		1.2316584e+03		1.3170905e+03		3.7227623e+03		1.5802897e+03		6.2273610e+02		9.5755362e+02
4.2700000e+02		4.2800000e+02		4.2750000e+02		1.1420512e+03		1.2206155e+03		3.4482900e+03		1.4625996e+03		5.7254041e+02		8.9005915e+02
4.2800000e+02		4.2900000e+02		4.2850000e+02		1.1495483e+03		1.2279777e+03		3.4673085e+03		1.4694901e+03		5.7142448e+02		8.9806563e+02
4.2900000e+02		4.3000000e+02		4.2950000e+02		1.0698649e+03		1.1422577e+03		3.2236292e+03		1.3651302e+03		5.2732201e+02		8.3780824e+02
4.3000000e+02		4.3100000e+02		4.3050000e+02		8.6065012e+02		9.1840801e+02		2.5905828e+03		1.0961843e+03		4.2062322e+02		6.7556108e+02
4.3100000e+02		4.3200000e+02		4.3150000e+02		1.0641754e+03		1.1350057e+03		3.1999452e+03		1.3529695e+03		5.1570796e+02		8.3726156e+02
4.3200000e+02		4.3300000e+02		4.3250000e+02		1.1990384e+03		1.2781906e+03		3.6018419e+03		1.5217095e+03		5.7617194e+02		9.4553760e+02
4.3300000e+02		4.3400000e+02		4.3350000e+02		1.3017454e+03		1.3869736e+03		3.9064616e+03		1.6491288e+03		6.2026583e+02		1.0288630e+03
4.3400000e+02		4.3500000e+02		4.3450000e+02		1.1054356e+03		1.1772186e+03		3.3140619e+03		1.3979698e+03		5.2230298e+02		8.7566683e+02
4.3500000e+02		4.3600000e+02		4.3550000e+02		1.2347447e+03		1.3142689e+03		3.6980917e+03		1.5587743e+03		5.7850610e+02		9.8026824e+02
4.3600000e+02		4.3700000e+02		4.3650000e+02		1.3814970e+03		1.4697459e+03		4.1335902e+03		1.7410195e+03		6.4184025e+02		1.0991793e+03
4.3700000e+02		4.3800000e+02		4.3750000e+02		1.2223713e+03		1.2998181e+03		3.6539383e+03		1.5378370e+03		5.6315883e+02		9.7467816e+02
4.3800000e+02		4.3900000e+02		4.3850000e+02		1.1905029e+03		1.2653155e+03		3.5552710e+03		1.4951917e+03		5.4389306e+02		9.5129869e+02
4.3900000e+02		4.4000000e+02		4.3950000e+02		1.3250738e+03		1.4076646e+03		3.9533937e+03		1.6613898e+03		6.0032028e+02		1.0610696e+03
4.4000000e+02		4.4100000e+02		4.4050000e+02		1.2562739e+03		1.3339392e+03		3.7446015e+03		1.5724854e+03		5.6440621e+02		1.0080792e+03
4.4100000e+02		4.4200000e+02		4.4150000e+02		1.3817384e+03		1.4664657e+03		4.1147351e+03		1.7266511e+03		6.1560535e+02		1.1110458e+03
4.4200000e+02		4.4300000e+02		4.4250000e+02		1.4526378e+03		1.5409891e+03		4.3218696e+03		1.8122507e+03		6.4181178e+02		1.1704389e+03
4.4300000e+02		4.4400000e+02		4.4350000e+02		1.4050936e+03		1.4898598e+03		4.1765847e+03		1.7500642e+03		6.1565023e+02		1.1344140e+03
4.4400000e+02		4.4500000e+02		4.4450000e+02		1.4475318e+03		1.5341504e+03		4.2988202e+03		1.7999906e+03		6.2898466e+02		1.1710060e+03
4.4500000e+02		4.4600000e+02		4.4550000e+02		1.3420773e+03		1.4217354e+03		3.9820549e+03		1.6661673e+03		5.7833216e+02		1.0878352e+03
4.4600000e+02		4.4700000e+02		4.4650000e+02		1.3689269e+03		1.4495215e+03		4.0580919e+03		1.6967811e+03		5.8502265e+02		1.1117585e+03
4.4700000e+02		4.4800000e+02		4.4750000e+02		1.4837056e+03		1.5703519e+03		4.3944508e+03		1.8361293e+03		6.2883620e+02		1.2072931e+03
4.4800000e+02		4.4900000e+02		4.4850000e+02		1.4587166e+03		1.5432160e+03		4.3166453e+03		1.8023614e+03		6.1314453e+02		1.1892169e+03
4.4900000e+02		4.5000000e+02		4.4950000e+02		1.4737837e+03		1.5584676e+03		4.3574363e+03		1.8181325e+03		6.1437371e+02		1.2037588e+03
4.5000000e+02		4.5100000e+02		4.5050000e+02		1.5636828e+03		1.6528087e+03		4.6192458e+03		1.9260460e+03		6.4648624e+02		1.2795597e+03
4.5100000e+02		4.5200000e+02		4.5150000e+02		1.5589734e+03		1.6471161e+03		4.6013946e+03		1.9172919e+03		6.3924290e+02		1.2780490e+03
4.5200000e+02		4.5300000e+02		4.5250000e+02		1.4757889e+03		1.5585580e+03		4.3521773e+03		1.8122188e+03		6.0016806e+02		1.2120508e+03
4.5300000e+02		4.5400000e+02		4.5350000e+02		1.4141855e+03		1.4928629e+03		4.1669997e+03		1.7339434e+03		5.7040236e+02		1.1635410e+03
4.5400000e+02		4.5500000e+02		4.5450000e+02		1.5096596e+03		1.5929753e+03		4.4446138e+03		1.8482253e+03		6.0392796e+02		1.2442974e+03
4.5500000e+02		4.5600000e+02		4.5550000e+02		1.4952815e+03		1.5771429e+03		4.3986458e+03		1.8278956e+03		5.9328739e+02		1.2346082e+03
4.5600000e+02		4.5700000e+02		4.5650000e+02		1.5527317e+03		1.6370583e+03		4.5639050e+03		1.8953201e+03		6.1105394e+02		1.2842662e+03
4.5700000e+02		4.5800000e+02		4.5750000e+02		1.5677329e+03		1.6521940e+03		4.6042561e+03		1.9108256e+03		6.1192907e+02		1.2988965e+03
4.5800000e+02		4.5900000e+02		4.5850000e+02		1.4734199e+03		1.5521664e+03		4.3237861e+03		1.7932607e+03		5.7043526e+02		1.2228255e+03
4.5900000e+02		4.6000000e+02		4.5950000e+02		1.5222067e+03		1.6029121e+03		4.4633876e+03		1.8499650e+03		5.8453325e+02		1.2654317e+03
4.6000000e+02		4.6100000e+02		4.6050000e+02		1.5039223e+03		1.5830235e+03		4.4062859e+03		1.8251277e+03		5.7282466e+02		1.2523031e+03
4.6100000e+02		4.6200000e+02		4.6150000e+02		1.5386000e+03		1.6188817e+03		4.5043516e+03		1.8645608e+03		5.8128313e+02		1.2832777e+03
4.6200000e+02		4.6300000e+02		4.6250000e+02		1.5538294e+03		1.6342618e+03		4.5454001e+03		1.8803646e+03		5.8228551e+02		1.2980791e+03
4.6300000e+02		4.6400000e+02		4.6350000e+02		1.5018384e+03		1.5789628e+03		4.3899254e+03		1.8149085e+03		5.5825356e+02		1.2566550e+03
4.6400000e+02		4.6500000e+02		4.6450000e+02		1.5281564e+03		1.6060106e+03		4.4634409e+03		1.8441533e+03		5.6345177e+02		1.2807015e+03
4.6500000e+02		4.6600000e+02		4.6550000e+02		1.4760608e+03		1.5506658e+03		4.3080146e+03		1.7788363e+03		5.3985713e+02		1.2389791e+03
4.6600000e+02		4.6700000e+02		4.6650000e+02		1.4854121e+03		1.5598964e+03		4.3320519e+03		1.7876644e+03		5.3890501e+02		1.2487594e+03
4.6700000e+02		4.6800000e+02		4.6750000e+02		1.4997486e+03		1.5743581e+03		4.3706071e+03		1.8024764e+03		5.3973356e+02		1.2627428e+03
4.6800000e+02		4.6900000e+02		4.6850000e+02		1.4665907e+03		1.5389755e+03		4.2708236e+03		1.7602601e+03		5.2356500e+02		1.2366951e+03
4.6900000e+02		4.7000000e+02		4.6950000e+02		1.5086728e+03		1.5825483e+03		4.3901560e+03		1.8083582e+03		5.3427211e+02		1.2740861e+03
4.7000000e+02		4.7100000e+02		4.7050000e+02		1.4256243e+03		1.4948842e+03		4.1454809e+03		1.7065564e+03		5.0082194e+02		1.2057345e+03
4.7100000e+02		4.7200000e+02		4.7150000e+02		1.4904926e+03		1.5623352e+03		4.3309914e+03		1.7818706e+03		5.1942631e+02		1.2624443e+03
4.7200000e+02		4.7300000e+02		4.7250000e+02		1.5269264e+03		1.5999478e+03		4.4336967e+03		1.8230551e+03		5.2787749e+02		1.2951776e+03
4.7300000e+02		4.7400000e+02		4.7350000e+02		1.4995420e+03		1.5706920e+03		4.3511050e+03		1.7880523e+03		5.1428002e+02		1.2737723e+03
4.7400000e+02		4.7500000e+02		4.7450000e+02		1.5448084e+03		1.6175327e+03		4.4793114e+03		1.8396730e+03		5.2558952e+02		1.3140835e+03
4.7500000e+02		4.7600000e+02		4.7550000e+02		1.5413846e+03		1.6133807e+03		4.4662805e+03		1.8332679e+03		5.2025854e+02		1.3130093e+03
4.7600000e+02		4.7700000e+02		4.7650000e+02		1.4853490e+03		1.5541864e+03		4.3009505e+03		1.7643989e+03		4.9736809e+02		1.2670308e+03
4.7700000e+02		4.7800000e+02		4.7750000e+02		1.5508368e+03		1.6221490e+03		4.4875116e+03		1.8398911e+03		5.1518333e+02		1.3247078e+03
4.7800000e+02		4.7900000e+02		4.7850000e+02		1.5358791e+03		1.6059538e+03		4.4412235e+03		1.8198902e+03		5.0617899e+02		1.3137112e+03
4.7900000e+02		4.8000000e+02		4.7950000e+02		1.5403519e+03		1.6100844e+03		4.4511702e+03		1.8229493e+03		5.0364381e+02		1.3193055e+03
4.8000000e+02		4.8100000e+02		4.8050000e+02		1.5442750e+03		1.6136424e+03		4.4595400e+03		1.8253665e+03		5.0094467e+02		1.3244219e+03
4.8100000e+02		4.8200000e+02		4.8150000e+02		1.5475498e+03		1.6165254e+03		4.4660515e+03		1.8270278e+03		4.9805397e+02		1.3289738e+03
4.8200000e+02		4.8300000e+02		4.8250000e+02		1.5416562e+03		1.6098371e+03		4.4461363e+03		1.8178890e+03		4.9225606e+02		1.3256329e+03
4.8300000e+02		4.8400000e+02		4.8350000e+02		1.5183412e+03		1.5849718e+03		4.3760594e+03		1.7882685e+03		4.8100521e+02		1.3072633e+03
4.8400000e+02		4.8500000e+02		4.8450000e+02		1.4920771e+03		1.5570495e+03		4.2976014e+03		1.7552635e+03		4.6897925e+02		1.2862842e+03
4.8500000e+02		4.8600000e+02		4.8550000e+02		1.4021236e+03		1.4627082e+03		4.0359391e+03		1.6475143e+03		4.3725596e+02		1.2102583e+03
4.8600000e+02		4.8700000e+02		4.8650000e+02		1.2173217e+03		1.2695161e+03		3.5017851e+03		1.4287104e+03		3.7665781e+02		1.0520526e+03
4.8700000e+02		4.8800000e+02		4.8750000e+02		1.3927585e+03		1.4520157e+03		4.0039453e+03		1.6327312e+03		4.2757737e+02		1.2051538e+03
4.8800000e+02		4.8900000e+02		4.8850000e+02		1.4651201e+03		1.5269773e+03		4.2093601e+03		1.7156005e+03		4.4628729e+02		1.2693132e+03
4.8900000e+02		4.9000000e+02		4.8950000e+02		1.4372192e+03		1.4974330e+03		4.1266604e+03		1.6810245e+03		4.3438198e+02		1.2466425e+03
4.9000000e+02		4.9100000e+02		4.9050000e+02		1.5307557e+03		1.5943972e+03		4.3925505e+03		1.7884178e+03		4.5905771e+02		1.3293601e+03
4.9100000e+02		4.9200000e+02		4.9150000e+02		1.4425606e+03		1.5020766e+03		4.1369702e+03		1.6835002e+03		4.2925285e+02		1.2542473e+03
4.9200000e+02		4.9300000e+02		4.9250000e+02		1.3729411e+03		1.4291521e+03		3.9349565e+03		1.6004825e+03		4.0537210e+02		1.1951104e+03
4.9300000e+02		4.9400000e+02		4.9350000e+02		1.4509629e+03		1.5099152e+03		4.1561029e+03		1.6895815e+03		4.2509519e+02		1.2644864e+03
4.9400000e+02		4.9500000e+02		4.9450000e+02		1.4929449e+03		1.5531408e+03		4.2738367e+03		1.7365780e+03		4.3401696e+02		1.3025610e+03
4.9500000e+02		4.9600000e+02		4.9550000e+02		1.4663156e+03		1.5249881e+03		4.1951546e+03		1.7037641e+03		4.2298846e+02		1.2807756e+03
4.9600000e+02		4.9700000e+02		4.9650000e+02		1.4846220e+03		1.5435758e+03		4.2450710e+03		1.7231900e+03		4.2497190e+02		1.2982181e+03
4.9700000e+02		4.9800000e+02		4.9750000e+02		1.5123203e+03		1.5719184e+03		4.3217889e+03		1.7534771e+03		4.2957248e+02		1.3239046e+03
4.9800000e+02		4.9900000e+02		4.9850000e+02		1.3744029e+03		1.4281556e+03		3.9254250e+03		1.5918904e+03		3.8740051e+02		1.2044898e+03
4.9900000e+02		5.0000000e+02		4.9950000e+02		1.4721832e+03		1.5293246e+03		4.2023231e+03		1.7033638e+03		4.1178121e+02		1.2915826e+03
