Left Bin Edge (nm)	Right Bin Edge (nm)	Bin Center (nm)		Top of Atm Intensity (erg/s/nm/cm2)		Total Surface Flux (erg/s/nm/cm2)		Total Intensity at BOA (erg/s/nm/cm2)		Total Surface Intensity (erg/s/nm/cm2)		Total Surface Diffuse Intensity (erg/s/nm/cm2)		Total Surface Direct Intensity (erg/s/nm/cm2)
1.0000000e+02		1.0100000e+02		1.0050000e+02		4.4569042e-02		2.4525374e-199		0.0000000e+00		4.2479194e-199		4.2479194e-199		0.0000000e+00
1.0100000e+02		1.0200000e+02		1.0150000e+02		1.7387199e-01		2.8780738e-197		0.0000000e+00		4.9849701e-197		4.9849701e-197		0.0000000e+00
1.0200000e+02		1.0300000e+02		1.0250000e+02		9.2286085e-01		3.0760917e-195		0.0000000e+00		5.3279471e-195		5.3279471e-195		0.0000000e+00
1.0300000e+02		1.0400000e+02		1.0350000e+02		7.0094286e-01		3.0025219e-193		0.0000000e+00		5.2005205e-193		5.2005205e-193		0.0000000e+00
1.0400000e+02		1.0500000e+02		1.0450000e+02		1.4124828e-01		2.6834655e-191		0.0000000e+00		4.6478986e-191		4.6478986e-191		0.0000000e+00
1.0500000e+02		1.0600000e+02		1.0550000e+02		4.8389941e-02		2.2015022e-189		0.0000000e+00		3.8131136e-189		3.8131136e-189		0.0000000e+00
1.0600000e+02		1.0700000e+02		1.0650000e+02		4.5487167e-02		1.6618998e-187		0.0000000e+00		2.8784949e-187		2.8784949e-187		0.0000000e+00
1.0700000e+02		1.0800000e+02		1.0750000e+02		5.0757295e-02		1.1570799e-185		0.0000000e+00		2.0041212e-185		2.0041212e-185		0.0000000e+00
1.0800000e+02		1.0900000e+02		1.0850000e+02		7.1152114e-02		7.4462170e-184		0.0000000e+00		1.2897226e-183		1.2897226e-183		0.0000000e+00
1.0900000e+02		1.1000000e+02		1.0950000e+02		5.5817450e-02		1.0531215e-02		4.6609023e-02		1.8240599e-02		1.8240599e-02		1.9112181e-64
1.1000000e+02		1.1100000e+02		1.1050000e+02		5.4043772e-02		1.0646881e-02		4.6633894e-02		1.8440940e-02		1.8440940e-02		2.2079351e-61
1.1100000e+02		1.1200000e+02		1.1150000e+02		5.0797691e-02		1.0440408e-02		4.5276222e-02		1.8083317e-02		1.8083317e-02		1.6136189e-58
1.1200000e+02		1.1300000e+02		1.1250000e+02		5.1969037e-02		1.1136243e-02		4.7834634e-02		1.9288539e-02		1.9288539e-02		8.6222821e-56
1.1300000e+02		1.1400000e+02		1.1350000e+02		4.1221387e-02		9.2052531e-03		3.9179642e-02		1.5943966e-02		1.5943966e-02		2.4674490e-53
1.1400000e+02		1.1500000e+02		1.1450000e+02		3.1562600e-02		7.3398514e-03		3.0966877e-02		1.2712996e-02		1.2712996e-02		4.8308739e-51
1.1500000e+02		1.1600000e+02		1.1550000e+02		4.3552050e-02		1.0538716e-02		4.4090135e-02		1.8253592e-02		1.8253592e-02		1.2369123e-48
1.1600000e+02		1.1700000e+02		1.1650000e+02		1.0143732e-01		2.5505153e-02		1.0584735e-01		4.4176221e-02		4.4176221e-02		3.9647717e-46
1.1700000e+02		1.1800000e+02		1.1750000e+02		3.6108525e-01		9.4274708e-02		3.8823154e-01		1.6328858e-01		1.6328858e-01		1.4698376e-43
1.1800000e+02		1.1900000e+02		1.1850000e+02		1.2283927e-01		3.3277134e-02		1.3602690e-01		5.7637686e-02		5.7637686e-02		4.0146334e-42
1.1900000e+02		1.2000000e+02		1.1950000e+02		1.7115732e-01		4.8058510e-02		1.9505977e-01		8.3239781e-02		8.3239781e-02		3.5221696e-40
1.2000000e+02		1.2100000e+02		1.2050000e+02		9.3056497e-01		2.7050556e-01		1.0904919e+00		4.6852938e-01		4.6852938e-01		9.6075170e-38
1.2100000e+02		1.2200000e+02		1.2150000e+02		3.6941242e+01		1.1112297e+01		4.4506191e+01		1.9247063e+01		1.9247063e+01		1.5472075e-34
1.2200000e+02		1.2300000e+02		1.2250000e+02		2.4773856e-01		7.7125221e-02		3.0697093e-01		1.3358480e-01		1.3358480e-01		3.4501176e-35
1.2300000e+02		1.2400000e+02		1.2350000e+02		1.3344721e-01		4.2996434e-02		1.7010883e-01		7.4472008e-02		7.4472008e-02		5.1292636e-34
1.2400000e+02		1.2500000e+02		1.2450000e+02		1.0726631e-01		3.5741273e-02		1.4059383e-01		6.1905700e-02		6.1905700e-02		9.5561994e-33
1.2500000e+02		1.2600000e+02		1.2550000e+02		1.0471361e-01		3.6037740e-02		1.4098124e-01		6.2419196e-02		6.2419196e-02		1.8356058e-31
1.2600000e+02		1.2700000e+02		1.2650000e+02		1.4644878e-01		5.2011531e-02		2.0240009e-01		9.0086614e-02		9.0086614e-02		4.3318382e-30
1.2700000e+02		1.2800000e+02		1.2750000e+02		7.6659940e-02		2.8074017e-02		1.0869707e-01		4.8625623e-02		4.8625623e-02		3.3119936e-29
1.2800000e+02		1.2900000e+02		1.2850000e+02		6.1165494e-02		2.3080692e-02		8.8931382e-02		3.9976931e-02		3.9976931e-02		3.3703116e-28
1.2900000e+02		1.3000000e+02		1.2950000e+02		8.1594975e-02		3.1703264e-02		1.2158775e-01		5.4911663e-02		5.4911663e-02		5.0477656e-27
1.3000000e+02		1.3100000e+02		1.3050000e+02		6.7007791e-01		2.6783481e-01		1.0226249e+00		4.6390350e-01		4.6390350e-01		4.1280094e-25
1.3100000e+02		1.3200000e+02		1.3150000e+02		9.0731094e-02		3.7299431e-02		1.4180524e-01		6.4604509e-02		6.4604509e-02		4.9719058e-25
1.3200000e+02		1.3300000e+02		1.3250000e+02		7.0547730e-02		2.9811440e-02		1.1287276e-01		5.1634928e-02		5.1634928e-02		3.0918658e-24
1.3300000e+02		1.3400000e+02		1.3350000e+02		9.5357088e-01		4.1389494e-01		1.5609366e+00		7.1688706e-01		7.1688706e-01		3.0237134e-22
1.3400000e+02		1.3500000e+02		1.3450000e+02		6.5246966e-02		2.9074201e-02		1.0923470e-01		5.0357993e-02		5.0357993e-02		1.3619597e-22
1.3500000e+02		1.3600000e+02		1.3550000e+02		1.3692679e-01		6.2616391e-02		2.3440328e-01		1.0845477e-01		1.0845477e-01		1.7210707e-21
1.3600000e+02		1.3700000e+02		1.3650000e+02		8.9861989e-02		4.2150330e-02		1.5723976e-01		7.3006513e-02		7.3006513e-02		6.2524794e-21
1.3700000e+02		1.3800000e+02		1.3750000e+02		9.2282630e-02		4.4375592e-02		1.6498768e-01		7.6860780e-02		7.6860780e-02		3.2828627e-20
1.3800000e+02		1.3900000e+02		1.3850000e+02		9.4180145e-02		4.6394360e-02		1.7194002e-01		8.0357388e-02		8.0357388e-02		1.5890529e-19
1.3900000e+02		1.4000000e+02		1.3950000e+02		3.1801144e-01		1.6038718e-01		5.9257227e-01		2.7779874e-01		2.7779874e-01		2.3704995e-18
1.4000000e+02		1.4100000e+02		1.4050000e+02		2.7729440e-01		1.4310107e-01		5.2714171e-01		2.4785832e-01		2.4785832e-01		8.5388143e-18
1.4100000e+02		1.4200000e+02		1.4150000e+02		1.3359910e-01		7.0510041e-02		2.5899941e-01		1.2212697e-01		1.2212697e-01		1.5948724e-17
1.4200000e+02		1.4300000e+02		1.4250000e+02		1.4479671e-01		7.8113799e-02		2.8614566e-01		1.3529707e-01		1.3529707e-01		6.3098950e-17
1.4300000e+02		1.4400000e+02		1.4350000e+02		1.6064305e-01		8.8538633e-02		3.2348191e-01		1.5335341e-01		1.5335341e-01		2.4139053e-16
1.4400000e+02		1.4500000e+02		1.4450000e+02		1.5363637e-01		8.6467113e-02		3.1511574e-01		1.4976543e-01		1.4976543e-01		7.5421536e-16
1.4500000e+02		1.4600000e+02		1.4550000e+02		1.6382583e-01		9.4105226e-02		3.4211893e-01		1.6299503e-01		1.6299503e-01		2.4962707e-15
1.4600000e+02		1.4700000e+02		1.4650000e+02		1.9977093e-01		1.1706595e-01		4.2459868e-01		2.0276418e-01		2.0276418e-01		9.0003319e-15
1.4700000e+02		1.4800000e+02		1.4750000e+02		2.4643334e-01		1.4725204e-01		5.3288405e-01		2.5504802e-01		2.5504802e-01		3.1349293e-14
1.4800000e+02		1.4900000e+02		1.4850000e+02		2.4167300e-01		1.4718183e-01		5.3147882e-01		2.5492640e-01		2.5492640e-01		8.3091391e-14
1.4900000e+02		1.5000000e+02		1.4950000e+02		2.1832777e-01		1.3545776e-01		4.8812550e-01		2.3461972e-01		2.3461972e-01		1.9462028e-13
1.5000000e+02		1.5100000e+02		1.5050000e+02		2.4023073e-01		1.5177525e-01		5.4583117e-01		2.6288244e-01		2.6288244e-01		5.3371469e-13
1.5100000e+02		1.5200000e+02		1.5150000e+02		2.5258505e-01		1.6243145e-01		5.8302845e-01		2.8133952e-01		2.8133952e-01		1.3470585e-12
1.5200000e+02		1.5300000e+02		1.5250000e+02		3.2229547e-01		2.1087410e-01		7.5550307e-01		3.6524466e-01		3.6524466e-01		3.9813202e-12
1.5300000e+02		1.5400000e+02		1.5350000e+02		3.5701286e-01		2.3756356e-01		8.4960285e-01		4.1147216e-01		4.1147216e-01		9.8741496e-12
1.5400000e+02		1.5500000e+02		1.5450000e+02		9.5486931e-01		6.4593823e-01		2.3061036e+00		1.1187978e+00		1.1187978e+00		5.7248302e-11
1.5500000e+02		1.5600000e+02		1.5550000e+02		7.8587524e-01		5.4022926e-01		1.9255064e+00		9.3570452e-01		9.3570452e-01		9.9039248e-11
1.5600000e+02		1.5700000e+02		1.5650000e+02		4.6648084e-01		3.2573612e-01		1.1591457e+00		5.6419151e-01		5.6419151e-01		1.2000198e-10
1.5700000e+02		1.5800000e+02		1.5750000e+02		4.2309893e-01		2.9999717e-01		1.0659077e+00		5.1961034e-01		5.1961034e-01		2.1605462e-10
1.5800000e+02		1.5900000e+02		1.5850000e+02		3.9008072e-01		2.8074496e-01		9.9602176e-01		4.8626454e-01		4.8626454e-01		3.8501363e-10
1.5900000e+02		1.6000000e+02		1.5950000e+02		3.8042347e-01		2.7781120e-01		9.8420163e-01		4.8118311e-01		4.8118311e-01		7.0755150e-10
1.6000000e+02		1.6100000e+02		1.6050000e+02		4.1635449e-01		3.0840181e-01		1.0910655e+00		5.3416760e-01		5.3416760e-01		1.4242965e-09
1.6100000e+02		1.6200000e+02		1.6150000e+02		4.7164413e-01		3.5423301e-01		1.2515372e+00		6.1354957e-01		6.1354957e-01		2.8997165e-09
1.6200000e+02		1.6300000e+02		1.6250000e+02		5.2241459e-01		3.9770769e-01		1.4033302e+00		6.8884992e-01		6.8884991e-01		5.6464207e-09
1.6300000e+02		1.6400000e+02		1.6350000e+02		1.1072121e+00		8.5410278e-01		3.0100012e+00		1.4793494e+00		1.4793494e+00		2.0599174e-08
1.6400000e+02		1.6500000e+02		1.6450000e+02		1.1323318e+00		8.8479669e-01		3.1144361e+00		1.5325128e+00		1.5325128e+00		3.5539133e-08
1.6500000e+02		1.6600000e+02		1.6550000e+02		1.3255566e+00		1.0488700e+00		3.6876946e+00		1.8166960e+00		1.8166960e+00		6.8847221e-08
1.6600000e+02		1.6700000e+02		1.6650000e+02		6.2522883e-01		5.0082074e-01		1.7588557e+00		8.6744692e-01		8.6744687e-01		5.2758306e-08
1.6700000e+02		1.6800000e+02		1.6750000e+02		6.6723830e-01		5.4089591e-01		1.8975481e+00		9.3685913e-01		9.3685904e-01		8.9878200e-08
1.6800000e+02		1.6900000e+02		1.6850000e+02		7.1904320e-01		5.8972526e-01		2.0666926e+00		1.0214340e+00		1.0214339e+00		1.5203346e-07
1.6900000e+02		1.7000000e+02		1.6950000e+02		9.0554889e-01		7.5118052e-01		2.6298611e+00		1.3010826e+00		1.3010823e+00		2.9574060e-07
1.7000000e+02		1.7100000e+02		1.7050000e+02		1.0161854e+00		8.5235725e-01		2.9811727e+00		1.4763257e+00		1.4763252e+00		5.0476587e-07
1.7100000e+02		1.7200000e+02		1.7150000e+02		1.0130704e+00		8.5898622e-01		3.0015303e+00		1.4878072e+00		1.4878065e+00		7.5415745e-07
1.7200000e+02		1.7300000e+02		1.7250000e+02		1.0571150e+00		9.0583916e-01		3.1623665e+00		1.5689586e+00		1.5689574e+00		1.1628071e-06
1.7300000e+02		1.7400000e+02		1.7350000e+02		1.0479596e+00		9.0728332e-01		3.1646200e+00		1.5714596e+00		1.5714579e+00		1.6803809e-06
1.7400000e+02		1.7500000e+02		1.7450000e+02		1.2530722e+00		1.0958069e+00		3.8189385e+00		1.8979911e+00		1.8979883e+00		2.8911888e-06
1.7500000e+02		1.7600000e+02		1.7550000e+02		1.4954862e+00		1.3206649e+00		4.5987859e+00		2.2874552e+00		2.2874503e+00		4.9035663e-06
1.7600000e+02		1.7700000e+02		1.7650000e+02		1.6135596e+00		1.4386095e+00		5.0054928e+00		2.4917392e+00		2.4917318e+00		7.4294686e-06
1.7700000e+02		1.7800000e+02		1.7750000e+02		1.9010195e+00		1.7107640e+00		5.9478280e+00		2.9631213e+00		2.9631091e+00		1.2151428e-05
1.7800000e+02		1.7900000e+02		1.7850000e+02		2.0776624e+00		1.8867947e+00		6.5549265e+00		3.2680109e+00		3.2679926e+00		1.8235171e-05
1.7900000e+02		1.8000000e+02		1.7950000e+02		2.0198657e+00		1.8506370e+00		6.4246490e+00		3.2053797e+00		3.2053556e+00		2.4086251e-05
1.8000000e+02		1.8100000e+02		1.8050000e+02		2.4976225e+00		2.3082350e+00		8.0076077e+00		3.9979511e+00		3.9979110e+00		4.0057694e-05
1.8100000e+02		1.8200000e+02		1.8150000e+02		3.0410490e+00		2.8342547e+00		9.8257438e+00		4.9090255e+00		4.9089605e+00		6.4963568e-05
1.8200000e+02		1.8300000e+02		1.8250000e+02		2.8073836e+00		2.6380891e+00		9.1396302e+00		4.5692464e+00		4.5691673e+00		7.9136468e-05
1.8300000e+02		1.8400000e+02		1.8350000e+02		2.9562417e+00		2.8003490e+00		9.6955464e+00		4.8502670e+00		4.8501580e+00		1.0897908e-04
1.8400000e+02		1.8500000e+02		1.8450000e+02		2.5409769e+00		2.4258945e+00		8.3938453e+00		4.2016837e+00		4.2015623e+00		1.2144609e-04
1.8500000e+02		1.8600000e+02		1.8550000e+02		2.8735562e+00		2.7644356e+00		9.5594297e+00		4.7880136e+00		4.7878370e+00		1.7659488e-04
1.8600000e+02		1.8700000e+02		1.8650000e+02		3.2604304e+00		3.1600642e+00		1.0921066e+01		5.4732046e+00		5.4729490e+00		2.5558954e-04
1.8700000e+02		1.8800000e+02		1.8750000e+02		3.6946466e+00		3.6070209e+00		1.2458568e+01		6.2472752e+00		6.2469085e+00		3.6662067e-04
1.8800000e+02		1.8900000e+02		1.8850000e+02		3.8870616e+00		3.8218583e+00		1.3193218e+01		6.6192979e+00		6.6188133e+00		4.8465607e-04
1.8900000e+02		1.9000000e+02		1.8950000e+02		4.3106081e+00		4.2676967e+00		1.4724221e+01		7.3913767e+00		7.3907061e+00		6.7055112e-04
1.9000000e+02		1.9100000e+02		1.9050000e+02		4.4384288e+00		4.4239725e+00		1.5255251e+01		7.6619189e+00		7.6610634e+00		8.5552366e-04
1.9100000e+02		1.9200000e+02		1.9150000e+02		4.8094361e+00		4.8254018e+00		1.6630822e+01		8.3570057e+00		8.3558646e+00		1.1411558e-03
1.9200000e+02		1.9300000e+02		1.9250000e+02		5.0365493e+00		5.0857889e+00		1.7519293e+01		8.8077747e+00		8.8063129e+00		1.4617599e-03
1.9300000e+02		1.9400000e+02		1.9350000e+02		3.8447944e+00		3.9067507e+00		1.3451054e+01		6.7656975e+00		6.7643409e+00		1.3566053e-03
1.9400000e+02		1.9500000e+02		1.9450000e+02		6.1679797e+00		6.3057359e+00		2.1700148e+01		1.0919930e+01		1.0917299e+01		2.6302840e-03
1.9500000e+02		1.9600000e+02		1.9550000e+02		5.9528271e+00		6.1221069e+00		2.1058025e+01		1.0601567e+01		1.0598516e+01		3.0506818e-03
1.9600000e+02		1.9700000e+02		1.9650000e+02		6.5508102e+00		6.7763128e+00		2.3297168e+01		1.1733981e+01		1.1729968e+01		4.0124153e-03
1.9700000e+02		1.9800000e+02		1.9750000e+02		6.5190955e+00		6.7817837e+00		2.3305012e+01		1.1742919e+01		1.1738171e+01		4.7472682e-03
1.9800000e+02		1.9900000e+02		1.9850000e+02		6.3883794e+00		6.6825814e+00		2.2953434e+01		1.1570542e+01		1.1565039e+01		5.5027839e-03
1.9900000e+02		2.0000000e+02		1.9950000e+02		6.7274707e+00		7.0752601e+00		2.4291022e+01		1.2249717e+01		1.2242896e+01		6.8209808e-03
2.0000000e+02		2.0100000e+02		2.0050000e+02		7.1125146e+00		7.5195548e+00		2.5804593e+01		1.3018066e+01		1.3009618e+01		8.4482000e-03
2.0100000e+02		2.0200000e+02		2.0150000e+02		7.5701275e+00		8.0443889e+00		2.7593108e+01		1.3925614e+01		1.3915128e+01		1.0485879e-02
2.0200000e+02		2.0300000e+02		2.0250000e+02		7.4828608e+00		7.9913868e+00		2.7398902e+01		1.3832678e+01		1.3820644e+01		1.2034097e-02
2.0300000e+02		2.0400000e+02		2.0350000e+02		8.0092047e+00		8.5951475e+00		2.9455620e+01		1.4876331e+01		1.4861440e+01		1.4891177e-02
2.0400000e+02		2.0500000e+02		2.0450000e+02		8.6207445e+00		9.2953139e+00		3.1840711e+01		1.6086447e+01		1.6067993e+01		1.8454035e-02
2.0500000e+02		2.0600000e+02		2.0550000e+02		8.6400754e+00		9.3592073e+00		3.2045073e+01		1.6195096e+01		1.6173885e+01		2.1210215e-02
2.0600000e+02		2.0700000e+02		2.0650000e+02		8.6510225e+00		9.4132398e+00		3.2215443e+01		1.6286449e+01		1.6262188e+01		2.4260990e-02
2.0700000e+02		2.0800000e+02		2.0750000e+02		9.3957826e+00		1.0268420e+01		3.5126131e+01		1.7763470e+01		1.7733480e+01		2.9989989e-02
2.0800000e+02		2.0900000e+02		2.0850000e+02		1.0163489e+01		1.1154810e+01		3.8140750e+01		1.9293766e+01		1.9256976e+01		3.6790122e-02
2.0900000e+02		2.1000000e+02		2.0950000e+02		1.3129215e+01		1.4469631e+01		4.9451911e+01		2.5022817e+01		2.4969105e+01		5.3711448e-02
2.1000000e+02		2.1100000e+02		2.1050000e+02		1.6183343e+01		1.7907612e+01		6.1173007e+01		3.0962303e+01		3.0887731e+01		7.4572808e-02
2.1100000e+02		2.1200000e+02		2.1150000e+02		1.8424170e+01		2.0467291e+01		6.9883824e+01		3.5380610e+01		3.5285291e+01		9.5318423e-02
2.1200000e+02		2.1300000e+02		2.1250000e+02		1.6428561e+01		1.8320104e+01		6.2522411e+01		3.1661713e+01		3.1566586e+01		9.5126969e-02
2.1300000e+02		2.1400000e+02		2.1350000e+02		1.6737981e+01		1.8734491e+01		6.3905494e+01		3.2369923e+01		3.2261779e+01		1.0814474e-01
2.1400000e+02		2.1500000e+02		2.1450000e+02		2.1432541e+01		2.4075585e+01		8.2083985e+01		4.1587355e+01		4.1433291e+01		1.5406349e-01
2.1500000e+02		2.1600000e+02		2.1550000e+02		1.8408135e+01		2.0750676e+01		7.0712406e+01		3.5833760e+01		3.5686960e+01		1.4680003e-01
2.1600000e+02		2.1700000e+02		2.1650000e+02		1.7036901e+01		1.9270284e+01		6.5634098e+01		3.3267072e+01		3.3116757e+01		1.5031537e-01
2.1700000e+02		2.1800000e+02		2.1750000e+02		1.7640866e+01		2.0019303e+01		6.8149777e+01		3.4548727e+01		3.4376986e+01		1.7174072e-01
2.1800000e+02		2.1900000e+02		2.1850000e+02		2.3730294e+01		2.7015982e+01		9.1919172e+01		4.6606922e+01		4.6352662e+01		2.5425990e-01
2.1900000e+02		2.2000000e+02		2.1950000e+02		2.5052511e+01		2.8609825e+01		9.7289511e+01		4.9337943e+01		4.9043255e+01		2.9468867e-01
2.2000000e+02		2.2100000e+02		2.2050000e+02		2.5203754e+01		2.8869137e+01		9.8117279e+01		4.9765125e+01		4.9440438e+01		3.2468697e-01
2.2100000e+02		2.2200000e+02		2.2150000e+02		2.0176768e+01		2.3178415e+01		7.8732041e+01		3.9938288e+01		3.9654286e+01		2.8400202e-01
2.2200000e+02		2.2300000e+02		2.2250000e+02		2.7154039e+01		3.1281643e+01		1.0619608e+02		5.3876375e+01		5.3459708e+01		4.1666667e-01
2.2300000e+02		2.2400000e+02		2.2350000e+02		3.5163062e+01		4.0618595e+01		1.3781291e+02		6.9923823e+01		6.9336915e+01		5.8690822e-01
2.2400000e+02		2.2500000e+02		2.2450000e+02		3.2875934e+01		3.8076753e+01		1.2911175e+02		6.5514851e+01		6.4919237e+01		5.9561383e-01
2.2500000e+02		2.2600000e+02		2.2550000e+02		2.8720078e+01		3.3348194e+01		1.1300917e+02		5.7348176e+01		5.6784567e+01		5.6360878e-01
2.2600000e+02		2.2700000e+02		2.2650000e+02		2.1037217e+01		2.4487327e+01		8.2930219e+01		4.2086588e+01		4.1640300e+01		4.4628814e-01
2.2700000e+02		2.2800000e+02		2.2750000e+02		2.0463841e+01		2.3876408e+01		8.0809973e+01		4.1012269e+01		4.0543882e+01		4.6838713e-01
2.2800000e+02		2.2900000e+02		2.2850000e+02		2.8509984e+01		3.3340360e+01		1.1276781e+02		5.7232766e+01		5.6530039e+01		7.0272702e-01
2.2900000e+02		2.3000000e+02		2.2950000e+02		2.5620938e+01		3.0027778e+01		1.0149655e+02		5.1512698e+01		5.0833866e+01		6.7883188e-01
2.3000000e+02		2.3100000e+02		2.3050000e+02		2.9055844e+01		3.4125593e+01		1.1526985e+02		5.8502549e+01		5.7676497e+01		8.2605210e-01
2.3100000e+02		2.3200000e+02		2.3150000e+02		2.7387429e+01		3.2231539e+01		1.0879733e+02		5.5216107e+01		5.4382073e+01		8.3403445e-01
2.3200000e+02		2.3300000e+02		2.3250000e+02		2.9413108e+01		3.4683150e+01		1.1699077e+02		5.9371769e+01		5.8413899e+01		9.5786983e-01
2.3300000e+02		2.3400000e+02		2.3350000e+02		2.6543685e+01		3.1358273e+01		1.0570005e+02		5.3638512e+01		5.2715612e+01		9.2290062e-01
2.3400000e+02		2.3500000e+02		2.3450000e+02		2.3194371e+01		2.7450659e+01		9.2461298e+01		4.6916631e+01		4.6056984e+01		8.5964729e-01
2.3500000e+02		2.3600000e+02		2.3550000e+02		3.1223226e+01		3.7016357e+01		1.2458886e+02		6.3212565e+01		6.1980893e+01		1.2316721e+00
2.3600000e+02		2.3700000e+02		2.3650000e+02		2.8911473e+01		3.4331984e+01		1.1546673e+02		5.8577455e+01		5.7365400e+01		1.2120542e+00
2.3700000e+02		2.3800000e+02		2.3750000e+02		3.0878004e+01		3.6724682e+01		1.2341919e+02		6.2603357e+01		6.1229604e+01		1.3737536e+00
2.3800000e+02		2.3900000e+02		2.3850000e+02		2.5598090e+01		3.0490518e+01		1.0238829e+02		5.1927625e+01		5.0720739e+01		1.2068860e+00
2.3900000e+02		2.4000000e+02		2.3950000e+02		2.7890834e+01		3.3268678e+01		1.1162878e+02		5.6604288e+01		5.5212645e+01		1.3916427e+00
2.4000000e+02		2.4100000e+02		2.4050000e+02		2.5623038e+01		3.0604884e+01		1.0260789e+02		5.2020043e+01		5.0668812e+01		1.3512314e+00
2.4100000e+02		2.4200000e+02		2.4150000e+02		3.0005079e+01		3.5884812e+01		1.2021107e+02		6.0931648e+01		5.9261449e+01		1.6701989e+00
2.4200000e+02		2.4300000e+02		2.4250000e+02		4.1301739e+01		4.9454989e+01		1.6553203e+02		8.3884306e+01		8.1460638e+01		2.4236679e+00
2.4300000e+02		2.4400000e+02		2.4350000e+02		3.8791639e+01		4.6502516e+01		1.5551814e+02		7.8790082e+01		7.6393202e+01		2.3968808e+00
2.4400000e+02		2.4500000e+02		2.4450000e+02		3.6329084e+01		4.3597427e+01		1.4567755e+02		7.3784756e+01		7.1423989e+01		2.3607674e+00
2.4500000e+02		2.4600000e+02		2.4550000e+02		2.9476122e+01		3.5409190e+01		1.1821419e+02		5.9857520e+01		5.7845370e+01		2.0121503e+00
2.4600000e+02		2.4700000e+02		2.4650000e+02		2.8685918e+01		3.4492678e+01		1.1505277e+02		5.8238868e+01		5.6184089e+01		2.0547787e+00
2.4700000e+02		2.4800000e+02		2.4750000e+02		3.1678139e+01		3.8124347e+01		1.2705271e+02		6.4292176e+01		6.1913748e+01		2.3784278e+00
2.4800000e+02		2.4900000e+02		2.4850000e+02		2.5406301e+01		3.0601500e+01		1.0188975e+02		5.1541217e+01		4.9543901e+01		1.9973159e+00
2.4900000e+02		2.5000000e+02		2.4950000e+02		3.0967514e+01		3.7328403e+01		1.2417336e+02		6.2790540e+01		6.0244064e+01		2.5464769e+00
2.5000000e+02		2.5100000e+02		2.5050000e+02		3.3448743e+01		4.0347805e+01		1.3409276e+02		6.7780437e+01		6.4906304e+01		2.8741324e+00
2.5100000e+02		2.5200000e+02		2.5150000e+02		2.7888154e+01		3.3662120e+01		1.1176825e+02		5.6473208e+01		5.3971612e+01		2.5015960e+00
2.5200000e+02		2.5300000e+02		2.5250000e+02		2.5069906e+01		3.0278300e+01		1.0043738e+02		5.0726634e+01		4.8381278e+01		2.3453562e+00
2.5300000e+02		2.5400000e+02		2.5350000e+02		3.1592540e+01		3.8176541e+01		1.2651523e+02		6.3869262e+01		6.0789632e+01		3.0796300e+00
2.5400000e+02		2.5500000e+02		2.5450000e+02		3.5730773e+01		4.3198079e+01		1.4301730e+02		7.2166873e+01		6.8540903e+01		3.6259697e+00
2.5500000e+02		2.5600000e+02		2.5550000e+02		4.8755658e+01		5.8970272e+01		1.9504320e+02		9.8372160e+01		9.3225868e+01		5.1462919e+00
2.5600000e+02		2.5700000e+02		2.5650000e+02		6.2803876e+01		7.5990605e+01		2.5108858e+02		1.2657628e+02		1.1968700e+02		6.8892807e+00
2.5700000e+02		2.5800000e+02		2.5750000e+02		7.8843355e+01		9.5429131e+01		3.1500199e+02		1.5871378e+02		1.4973308e+02		8.9806966e+00
2.5800000e+02		2.5900000e+02		2.5850000e+02		8.2991293e+01		1.0047750e+02		3.3133128e+02		1.6685212e+02		1.5704404e+02		9.8080765e+00
2.5900000e+02		2.6000000e+02		2.5950000e+02		7.0629481e+01		8.5530980e+01		2.8175690e+02		1.4180905e+02		1.3315534e+02		8.6537083e+00
2.6000000e+02		2.6100000e+02		2.6050000e+02		5.7868388e+01		7.0090336e+01		2.3065506e+02		1.1602314e+02		1.0867819e+02		7.3449544e+00
2.6100000e+02		2.6200000e+02		2.6150000e+02		5.9092703e+01		7.1583183e+01		2.3532389e+02		1.1830202e+02		1.1053797e+02		7.7640579e+00
2.6200000e+02		2.6300000e+02		2.6250000e+02		7.0528613e+01		8.5444273e+01		2.8059807e+02		1.4097681e+02		1.3139139e+02		9.5854177e+00
2.6300000e+02		2.6400000e+02		2.6350000e+02		1.0614195e+02		1.2859585e+02		4.2186360e+02		2.1181872e+02		1.9690742e+02		1.4911300e+01
2.6400000e+02		2.6500000e+02		2.6450000e+02		1.6548208e+02		2.0049039e+02		6.5702032e+02		3.2968020e+02		3.0566637e+02		2.4013830e+01
2.6500000e+02		2.6600000e+02		2.6550000e+02		1.7356948e+02		2.1028182e+02		6.8837337e+02		3.4518548e+02		3.1918549e+02		2.5999994e+01
2.6600000e+02		2.6700000e+02		2.6650000e+02		1.6826276e+02		2.0383763e+02		6.6656241e+02		3.3402301e+02		3.0802191e+02		2.6001097e+01
2.6700000e+02		2.6800000e+02		2.6750000e+02		1.6940220e+02		2.0519488e+02		6.7027694e+02		3.3565240e+02		3.0866580e+02		2.6986597e+01
2.6800000e+02		2.6900000e+02		2.6850000e+02		1.6778062e+02		2.0320017e+02		6.6304107e+02		3.3179416e+02		3.0425663e+02		2.7537522e+01
2.6900000e+02		2.7000000e+02		2.6950000e+02		1.5737310e+02		1.9055965e+02		6.2111688e+02		3.1058999e+02		2.8399483e+02		2.6595161e+01
2.7000000e+02		2.7100000e+02		2.7050000e+02		1.8181465e+02		2.2010622e+02		7.1663542e+02		3.5808931e+02		3.2647149e+02		3.1617820e+01
2.7100000e+02		2.7200000e+02		2.7150000e+02		1.5108640e+02		1.8285916e+02		5.9470819e+02		2.9694033e+02		2.6991896e+02		2.7021375e+01
2.7200000e+02		2.7300000e+02		2.7250000e+02		1.2154404e+02		1.4706112e+02		4.7775375e+02		2.3836084e+02		2.1601746e+02		2.2343381e+01
2.7300000e+02		2.7400000e+02		2.7350000e+02		1.2960124e+02		1.5675893e+02		5.0869270e+02		2.5359769e+02		2.2912296e+02		2.4474727e+01
2.7400000e+02		2.7500000e+02		2.7450000e+02		8.9183780e+01		1.0783365e+02		3.4953650e+02		1.7411448e+02		1.5682212e+02		1.7292355e+01
2.7500000e+02		2.7600000e+02		2.7550000e+02		1.1893609e+02		1.4375184e+02		4.6544118e+02		2.3166126e+02		2.0799590e+02		2.3665352e+01
2.7600000e+02		2.7700000e+02		2.7650000e+02		1.6564211e+02		2.0011938e+02		6.4722005e+02		3.2187010e+02		2.8806530e+02		3.3804797e+01
2.7700000e+02		2.7800000e+02		2.7750000e+02		1.5837296e+02		1.9125178e+02		6.1784304e+02		3.0700173e+02		2.7386731e+02		3.3134419e+01
2.7800000e+02		2.7900000e+02		2.7850000e+02		1.0921797e+02		1.3182945e+02		4.2539606e+02		2.1119527e+02		1.8778152e+02		2.3413741e+01
2.7900000e+02		2.8000000e+02		2.7950000e+02		6.1368404e+01		7.4036400e+01		2.3863452e+02		1.1837124e+02		1.0489736e+02		1.3473878e+01
2.8000000e+02		2.8100000e+02		2.8050000e+02		6.7313201e+01		8.1165529e+01		2.6131559e+02		1.2950746e+02		1.1437823e+02		1.5129227e+01
2.8100000e+02		2.8200000e+02		2.8150000e+02		1.3943196e+02		1.6803260e+02		5.4037072e+02		2.6756679e+02		2.3550042e+02		3.2066373e+01
2.8200000e+02		2.8300000e+02		2.8250000e+02		1.8983287e+02		2.2863982e+02		7.3443548e+02		3.6332856e+02		3.1867697e+02		4.4651587e+01
2.8300000e+02		2.8400000e+02		2.8350000e+02		1.9610227e+02		2.3604891e+02		7.5736696e+02		3.7432807e+02		3.2717201e+02		4.7156062e+01
2.8400000e+02		2.8500000e+02		2.8450000e+02		1.4459284e+02		1.7393842e+02		5.5744449e+02		2.7525970e+02		2.3972873e+02		3.5530970e+01
2.8500000e+02		2.8600000e+02		2.8550000e+02		9.2944992e+01		1.1173635e+02		3.5768575e+02		1.7645441e+02		1.5312457e+02		2.3329838e+01
2.8600000e+02		2.8700000e+02		2.8650000e+02		1.9045522e+02		2.2880840e+02		7.3160983e+02		3.6057477e+02		3.1176258e+02		4.8812190e+01
2.8700000e+02		2.8800000e+02		2.8750000e+02		2.2108403e+02		2.6542295e+02		8.4770732e+02		4.1738981e+02		3.5955746e+02		5.7832350e+01
2.8800000e+02		2.8900000e+02		2.8850000e+02		2.1010240e+02		2.5206102e+02		8.0410476e+02		3.9553412e+02		3.3946099e+02		5.6073124e+01
2.8900000e+02		2.9000000e+02		2.8950000e+02		3.1885068e+02		3.8224991e+02		1.2180174e+03		5.9854339e+02		5.1175585e+02		8.6787537e+01
2.9000000e+02		2.9100000e+02		2.9050000e+02		4.1860542e+02		5.0146721e+02		1.5960539e+03		7.8353083e+02		6.6736967e+02		1.1616115e+02
2.9100000e+02		2.9200000e+02		2.9150000e+02		4.0318642e+02		4.8262951e+02		1.5343261e+03		7.5246840e+02		6.3844568e+02		1.1402273e+02
2.9200000e+02		2.9300000e+02		2.9250000e+02		3.5818014e+02		4.2842288e+02		1.3604269e+03		6.6650538e+02		5.6330925e+02		1.0319613e+02
2.9300000e+02		2.9400000e+02		2.9350000e+02		3.7393440e+02		4.4691297e+02		1.4175041e+03		6.9375568e+02		5.8403612e+02		1.0971956e+02
2.9400000e+02		2.9500000e+02		2.9450000e+02		3.4819581e+02		4.1581579e+02		1.3173503e+03		6.4407041e+02		5.4005622e+02		1.0401419e+02
2.9500000e+02		2.9600000e+02		2.9550000e+02		3.7701055e+02		4.4985720e+02		1.4235546e+03		6.9526797e+02		5.8064810e+02		1.1461987e+02
2.9600000e+02		2.9700000e+02		2.9650000e+02		3.4493460e+02		4.1124041e+02		1.2998544e+03		6.3418373e+02		5.2748957e+02		1.0669416e+02
2.9700000e+02		2.9800000e+02		2.9750000e+02		3.5165811e+02		4.1890147e+02		1.3225457e+03		6.4456956e+02		5.3393643e+02		1.1063314e+02
2.9800000e+02		2.9900000e+02		2.9850000e+02		3.0223333e+02		3.5971662e+02		1.1343827e+03		5.5227324e+02		4.5559386e+02		9.6679379e+01
2.9900000e+02		3.0000000e+02		2.9950000e+02		3.4101318e+02		4.0551895e+02		1.2773536e+03		6.2120860e+02		5.1032719e+02		1.1088141e+02
3.0000000e+02		3.0100000e+02		3.0050000e+02		2.7131061e+02		3.2234712e+02		1.0142039e+03		4.9269745e+02		4.0305321e+02		8.9644243e+01
3.0100000e+02		3.0200000e+02		3.0150000e+02		3.1202593e+02		3.7039082e+02		1.1640293e+03		5.6486484e+02		4.6013049e+02		1.0473436e+02
3.0200000e+02		3.0300000e+02		3.0250000e+02		3.2846528e+02		3.8955357e+02		1.2228519e+03		5.9275760e+02		4.8078589e+02		1.1197171e+02
3.0300000e+02		3.0400000e+02		3.0350000e+02		4.2601061e+02		5.0478019e+02		1.5827518e+03		7.6636529e+02		6.1891699e+02		1.4744830e+02
3.0400000e+02		3.0500000e+02		3.0450000e+02		4.0776836e+02		4.8272051e+02		1.5118580e+03		7.3122498e+02		5.8796790e+02		1.4325708e+02
3.0500000e+02		3.0600000e+02		3.0550000e+02		4.1174793e+02		4.8697922e+02		1.5234612e+03		7.3601352e+02		5.8922149e+02		1.4679203e+02
3.0600000e+02		3.0700000e+02		3.0650000e+02		3.9053943e+02		4.6146343e+02		1.4419993e+03		6.9587506e+02		5.5462388e+02		1.4125118e+02
3.0700000e+02		3.0800000e+02		3.0750000e+02		4.3847484e+02		5.1761561e+02		1.6156341e+03		7.7878696e+02		6.1793805e+02		1.6084891e+02
3.0800000e+02		3.0900000e+02		3.0850000e+02		4.3035211e+02		5.0754430e+02		1.5824087e+03		7.6190612e+02		6.0182652e+02		1.6007960e+02
3.0900000e+02		3.1000000e+02		3.0950000e+02		3.4901328e+02		4.1122225e+02		1.2806535e+03		6.1591297e+02		4.8430344e+02		1.3160952e+02
3.1000000e+02		3.1100000e+02		3.1050000e+02		4.3927411e+02		5.1707359e+02		1.6084923e+03		7.7269759e+02		6.0481288e+02		1.6788471e+02
3.1100000e+02		3.1200000e+02		3.1150000e+02		5.2246540e+02		6.1440403e+02		1.9091218e+03		9.1606246e+02		7.1373152e+02		2.0233095e+02
3.1200000e+02		3.1300000e+02		3.1250000e+02		4.6521908e+02		5.4655225e+02		1.6963898e+03		8.1304782e+02		6.3053528e+02		1.8251253e+02
3.1300000e+02		3.1400000e+02		3.1350000e+02		4.9544367e+02		5.8149252e+02		1.8028265e+03		8.6306121e+02		6.6619868e+02		1.9686253e+02
3.1400000e+02		3.1500000e+02		3.1450000e+02		4.6729179e+02		5.4791339e+02		1.6968328e+03		8.1137626e+02		6.2335985e+02		1.8801641e+02
3.1500000e+02		3.1600000e+02		3.1550000e+02		4.5343123e+02		5.3113814e+02		1.6430605e+03		7.8474904e+02		6.0004984e+02		1.8469920e+02
3.1600000e+02		3.1700000e+02		3.1650000e+02		4.4229406e+02		5.1758066e+02		1.5993542e+03		7.6298223e+02		5.8062634e+02		1.8235588e+02
3.1700000e+02		3.1800000e+02		3.1750000e+02		5.6102832e+02		6.5587534e+02		2.0244642e+03		9.6465286e+02		7.3057547e+02		2.3407739e+02
3.1800000e+02		3.1900000e+02		3.1850000e+02		4.6340678e+02		5.4121195e+02		1.6687071e+03		7.9420196e+02		5.9858079e+02		1.9562118e+02
3.1900000e+02		3.2000000e+02		3.1950000e+02		4.9774832e+02		5.8074076e+02		1.7886308e+03		8.5027671e+02		6.3772891e+02		2.1254780e+02
3.2000000e+02		3.2100000e+02		3.2050000e+02		5.7184857e+02		6.6653082e+02		2.0506243e+03		9.7367346e+02		7.2670729e+02		2.4696617e+02
3.2100000e+02		3.2200000e+02		3.2150000e+02		4.8024660e+02		5.5920303e+02		1.7185599e+03		8.1503938e+02		6.0531530e+02		2.0972408e+02
3.2200000e+02		3.2300000e+02		3.2250000e+02		4.8228681e+02		5.6101706e+02		1.7222747e+03		8.1583458e+02		6.0290471e+02		2.1292986e+02
3.2300000e+02		3.2400000e+02		3.2350000e+02		4.6607071e+02		5.4161113e+02		1.6609136e+03		7.8583560e+02		5.7784130e+02		2.0799430e+02
3.2400000e+02		3.2500000e+02		3.2450000e+02		5.4882129e+02		6.3713509e+02		1.9517584e+03		9.2234832e+02		6.7482176e+02		2.4752657e+02
3.2500000e+02		3.2600000e+02		3.2550000e+02		6.3196128e+02		7.3291851e+02		2.2427831e+03		1.0586193e+03		7.7061638e+02		2.8800294e+02
3.2600000e+02		3.2700000e+02		3.2650000e+02		7.1301257e+02		8.2608939e+02		2.5252113e+03		1.1905108e+03		8.6223030e+02		3.2828049e+02
3.2700000e+02		3.2800000e+02		3.2750000e+02		6.8984049e+02		7.9844177e+02		2.4381200e+03		1.1480831e+03		8.2726020e+02		3.2082287e+02
3.2800000e+02		3.2900000e+02		3.2850000e+02		6.6596082e+02		7.7003091e+02		2.3488929e+03		1.1047492e+03		7.9195207e+02		3.1279717e+02
3.2900000e+02		3.3000000e+02		3.2950000e+02		7.7527139e+02		8.9552656e+02		2.7288452e+03		1.2819212e+03		9.1421959e+02		3.6770163e+02
3.3000000e+02		3.3100000e+02		3.3050000e+02		7.3029799e+02		8.4273389e+02		2.5653014e+03		1.2036565e+03		8.5395215e+02		3.4970438e+02
3.3100000e+02		3.3200000e+02		3.3150000e+02		6.9881652e+02		8.0560040e+02		2.4497249e+03		1.1480560e+03		8.1025874e+02		3.3779730e+02
3.3200000e+02		3.3300000e+02		3.3250000e+02		6.8562051e+02		7.8959991e+02		2.3985934e+03		1.1227523e+03		7.8824698e+02		3.3450530e+02
3.3300000e+02		3.3400000e+02		3.3350000e+02		6.5878216e+02		7.5793611e+02		2.3000447e+03		1.0753384e+03		7.5098183e+02		3.2435655e+02
3.3400000e+02		3.3500000e+02		3.3450000e+02		6.9405546e+02		7.9772503e+02		2.4183174e+03		1.1292856e+03		7.8448081e+02		3.4480483e+02
3.3500000e+02		3.3600000e+02		3.3550000e+02		6.8541663e+02		7.8701471e+02		2.3834256e+03		1.1116649e+03		7.6813071e+02		3.4353424e+02
3.3600000e+02		3.3700000e+02		3.3650000e+02		5.6469084e+02		6.4775249e+02		1.9596965e+03		9.1294195e+02		6.2744501e+02		2.8549695e+02
3.3700000e+02		3.3800000e+02		3.3750000e+02		5.9573781e+02		6.8269182e+02		2.0633255e+03		9.6007334e+02		6.5629172e+02		3.0378161e+02
3.3800000e+02		3.3900000e+02		3.3850000e+02		6.4448401e+02		7.3782607e+02		2.2277307e+03		1.0353378e+03		7.0392025e+02		3.3141752e+02
3.3900000e+02		3.4000000e+02		3.3950000e+02		6.7448220e+02		7.7141105e+02		2.3268188e+03		1.0801027e+03		7.3037239e+02		3.4973036e+02
3.4000000e+02		3.4100000e+02		3.4050000e+02		7.1196374e+02		8.1348215e+02		2.4512925e+03		1.1365310e+03		7.6434171e+02		3.7218926e+02
3.4100000e+02		3.4200000e+02		3.4150000e+02		6.4984945e+02		7.4178670e+02		2.2330526e+03		1.0341161e+03		6.9165869e+02		3.4245737e+02
3.4200000e+02		3.4300000e+02		3.4250000e+02		7.0477558e+02		8.0370130e+02		2.4170731e+03		1.1180081e+03		7.4365786e+02		3.7435024e+02
3.4300000e+02		3.4400000e+02		3.4350000e+02		6.9264465e+02		7.8910232e+02		2.3708609e+03		1.0953345e+03		7.2455302e+02		3.7078144e+02
3.4400000e+02		3.4500000e+02		3.4450000e+02		5.5710877e+02		6.3407900e+02		1.9032517e+03		8.7826009e+02		5.7773864e+02		3.0052144e+02
3.4500000e+02		3.4600000e+02		3.4550000e+02		6.7138909e+02		7.6341342e+02		2.2892603e+03		1.0551378e+03		6.9022722e+02		3.6491055e+02
3.4600000e+02		3.4700000e+02		3.4650000e+02		6.5194093e+02		7.4058947e+02		2.2186967e+03		1.0214094e+03		6.6442708e+02		3.5698232e+02
3.4700000e+02		3.4800000e+02		3.4750000e+02		6.4525828e+02		7.3229884e+02		2.1917764e+03		1.0078293e+03		6.5191216e+02		3.5591718e+02
3.4800000e+02		3.4900000e+02		3.4850000e+02		6.6761091e+02		7.5694689e+02		2.2634104e+03		1.0395463e+03		6.6863749e+02		3.7090885e+02
3.4900000e+02		3.5000000e+02		3.4950000e+02		6.3989005e+02		7.2483032e+02		2.1653432e+03		9.9334045e+02		6.3530179e+02		3.5803866e+02
3.5000000e+02		3.5100000e+02		3.5050000e+02		7.6650484e+02		8.6743463e+02		2.5889409e+03		1.1862751e+03		7.5438477e+02		4.3189038e+02
3.5100000e+02		3.5200000e+02		3.5150000e+02		7.1211510e+02		8.0512774e+02		2.4007541e+03		1.0987630e+03		6.9474843e+02		4.0401455e+02
3.5200000e+02		3.5300000e+02		3.5250000e+02		6.5785102e+02		7.4308213e+02		2.2137050e+03		1.0119762e+03		6.3621018e+02		3.7576601e+02
3.5300000e+02		3.5400000e+02		3.5350000e+02		7.5263834e+02		8.4936085e+02		2.5280040e+03		1.1543134e+03		7.2152538e+02		4.3278798e+02
3.5400000e+02		3.5500000e+02		3.5450000e+02		8.0329241e+02		9.0568714e+02		2.6932013e+03		1.2283199e+03		7.6335735e+02		4.6496257e+02
3.5500000e+02		3.5600000e+02		3.5550000e+02		7.5433512e+02		8.4970768e+02		2.5244561e+03		1.1500282e+03		7.1056606e+02		4.3946218e+02
3.5600000e+02		3.5700000e+02		3.5650000e+02		6.5576441e+02		7.3799906e+02		2.1906060e+03		9.9679153e+02		6.1230956e+02		3.8448197e+02
3.5700000e+02		3.5800000e+02		3.5750000e+02		5.7307986e+02		6.4435910e+02		1.9109494e+03		8.6854038e+02		5.3041862e+02		3.3812176e+02
3.5800000e+02		3.5900000e+02		3.5850000e+02		4.9194729e+02		5.5263499e+02		1.6374758e+03		7.4339211e+02		4.5133620e+02		2.9205591e+02
3.5900000e+02		3.6000000e+02		3.5950000e+02		7.1030971e+02		7.9721728e+02		2.3601037e+03		1.0702318e+03		6.4595918e+02		4.2427258e+02
3.6000000e+02		3.6100000e+02		3.6050000e+02		7.0092701e+02		7.8598288e+02		2.3248123e+03		1.0530278e+03		6.3183514e+02		4.2119269e+02
3.6100000e+02		3.6200000e+02		3.6150000e+02		6.5110481e+02		7.2946548e+02		2.1557705e+03		9.7535174e+02		5.8177313e+02		3.9357860e+02
3.6200000e+02		3.6300000e+02		3.6250000e+02		7.3500056e+02		8.2272993e+02		2.4292970e+03		1.0978619e+03		6.5096930e+02		4.4689263e+02
3.6300000e+02		3.6400000e+02		3.6350000e+02		7.1558904e+02		8.0029731e+02		2.3610368e+03		1.0658102e+03		6.2821032e+02		4.3759991e+02
3.6400000e+02		3.6500000e+02		3.6450000e+02		7.4837927e+02		8.3623771e+02		2.4649709e+03		1.1114773e+03		6.5122391e+02		4.6025342e+02
3.6500000e+02		3.6600000e+02		3.6550000e+02		8.5179486e+02		9.5096742e+02		2.8007922e+03		1.2614879e+03		7.3469928e+02		5.2678859e+02
3.6600000e+02		3.6700000e+02		3.6650000e+02		9.1042532e+02		1.0155467e+03		2.9884838e+03		1.3445229e+03		7.7836612e+02		5.6615679e+02
3.6700000e+02		3.6800000e+02		3.6750000e+02		8.7909512e+02		9.7975774e+02		2.8807663e+03		1.2946197e+03		7.4497140e+02		5.4964831e+02
3.6800000e+02		3.6900000e+02		3.6850000e+02		8.1047729e+02		9.0251266e+02		2.6514503e+03		1.1902450e+03		6.8078192e+02		5.0946304e+02
3.6900000e+02		3.7000000e+02		3.6950000e+02		8.9967825e+02		1.0009944e+03		2.9383616e+03		1.3175849e+03		7.4906114e+02		5.6852376e+02
3.7000000e+02		3.7100000e+02		3.7050000e+02		8.4427990e+02		9.3856690e+02		2.7528641e+03		1.2330495e+03		6.9675323e+02		5.3629624e+02
3.7100000e+02		3.7200000e+02		3.7150000e+02		8.7164560e+02		9.6817856e+02		2.8374191e+03		1.2695314e+03		7.1300851e+02		5.5652291e+02
3.7200000e+02		3.7300000e+02		3.7250000e+02		7.2411383e+02		8.0363990e+02		2.3533176e+03		1.0517842e+03		5.8711577e+02		4.6466846e+02
3.7300000e+02		3.7400000e+02		3.7350000e+02		6.3155746e+02		7.0034020e+02		2.0491873e+03		9.1486255e+02		5.0756532e+02		4.0729722e+02
3.7400000e+02		3.7500000e+02		3.7450000e+02		6.4642322e+02		7.1623754e+02		2.0940437e+03		9.3387766e+02		5.1494204e+02		4.1893561e+02
3.7500000e+02		3.7600000e+02		3.7550000e+02		7.4036161e+02		8.1965367e+02		2.3945154e+03		1.0667285e+03		5.8458537e+02		4.8214315e+02
3.7600000e+02		3.7700000e+02		3.7650000e+02		7.6758018e+02		8.4910039e+02		2.4786054e+03		1.1030055e+03		6.0074600e+02		5.0225952e+02
3.7700000e+02		3.7800000e+02		3.7750000e+02		9.0048278e+02		9.9531814e+02		2.9031793e+03		1.2905660e+03		6.9856399e+02		5.9200203e+02
3.7800000e+02		3.7900000e+02		3.7850000e+02		9.3786543e+02		1.0358114e+03		3.0189695e+03		1.3406123e+03		7.2116667e+02		6.1944563e+02
3.7900000e+02		3.8000000e+02		3.7950000e+02		7.6051322e+02		8.3927255e+02		2.4442726e+03		1.0842621e+03		5.7965161e+02		5.0461054e+02
3.8000000e+02		3.8100000e+02		3.8050000e+02		8.2814537e+02		9.1319045e+02		2.6575354e+03		1.1776222e+03		6.2565215e+02		5.5197002e+02
3.8100000e+02		3.8200000e+02		3.8150000e+02		7.4366886e+02		8.1939885e+02		2.3827945e+03		1.0547703e+03		5.5689471e+02		4.9787554e+02
3.8200000e+02		3.8300000e+02		3.8250000e+02		5.3336093e+02		5.8721937e+02		1.7063480e+03		7.5454543e+02		3.9589772e+02		3.5864771e+02
3.8300000e+02		3.8400000e+02		3.8350000e+02		4.7073026e+02		5.1786570e+02		1.5037057e+03		6.6424649e+02		3.4634068e+02		3.1790582e+02
3.8400000e+02		3.8500000e+02		3.8450000e+02		6.2969557e+02		6.9221972e+02		2.0084941e+03		8.8631438e+02		4.5923290e+02		4.2708148e+02
3.8500000e+02		3.8600000e+02		3.8550000e+02		6.6694888e+02		7.3261637e+02		2.1241567e+03		9.3638999e+02		4.8213356e+02		4.5425643e+02
3.8600000e+02		3.8700000e+02		3.8650000e+02		6.6977732e+02		7.3516985e+02		2.1300186e+03		9.3801279e+02		4.7993156e+02		4.5808123e+02
3.8700000e+02		3.8800000e+02		3.8750000e+02		6.6902499e+02		7.3379577e+02		2.1245116e+03		9.3463455e+02		4.7518965e+02		4.5944490e+02
3.8800000e+02		3.8900000e+02		3.8850000e+02		6.7841027e+02		7.4353827e+02		2.1511853e+03		9.4540986e+02		4.7763330e+02		4.6777656e+02
3.8900000e+02		3.9000000e+02		3.8950000e+02		8.1451188e+02		8.9204921e+02		2.5790295e+03		1.1322971e+03		5.6843270e+02		5.6386444e+02
3.9000000e+02		3.9100000e+02		3.9050000e+02		8.5560997e+02		9.3637569e+02		2.7052849e+03		1.1865366e+03		5.9188714e+02		5.9464948e+02
3.9100000e+02		3.9200000e+02		3.9150000e+02		9.2006232e+02		1.0061827e+03		2.9049422e+03		1.2728345e+03		6.3090481e+02		6.4192967e+02
3.9200000e+02		3.9300000e+02		3.9250000e+02		7.0614281e+02		7.7168470e+02		2.2263869e+03		9.7454891e+02		4.7998187e+02		4.9456704e+02
3.9300000e+02		3.9400000e+02		3.9350000e+02		4.3291589e+02		4.7276032e+02		1.3630264e+03		5.9604365e+02		2.9169150e+02		3.0435215e+02
3.9400000e+02		3.9500000e+02		3.9450000e+02		7.1565803e+02		7.8097222e+02		2.2501094e+03		9.8299330e+02		4.7798702e+02		5.0500628e+02
3.9500000e+02		3.9600000e+02		3.9550000e+02		8.7888136e+02		9.5841859e+02		2.7595002e+03		1.2043501e+03		5.8188015e+02		6.2246993e+02
3.9600000e+02		3.9700000e+02		3.9650000e+02		6.0712893e+02		6.6161178e+02		1.9036535e+03		8.3001875e+02		3.9845517e+02		4.3156358e+02
3.9700000e+02		3.9800000e+02		3.9750000e+02		6.8053003e+02		7.4108718e+02		2.1309132e+03		9.2820892e+02		4.4273481e+02		4.8547412e+02
3.9800000e+02		3.9900000e+02		3.9850000e+02		1.0480559e+03		1.1405348e+03		3.2773215e+03		1.4262030e+03		6.7589827e+02		7.5030472e+02
3.9900000e+02		4.0000000e+02		3.9950000e+02		1.1577145e+03		1.2590123e+03		3.6154043e+03		1.5718235e+03		7.4011911e+02		8.3170438e+02
4.0000000e+02		4.0100000e+02		4.0050000e+02		1.1939713e+03		1.2975652e+03		3.7237002e+03		1.6173669e+03		7.5665884e+02		8.6070803e+02
4.0100000e+02		4.0200000e+02		4.0150000e+02		1.2509583e+03		1.3585864e+03		3.8963115e+03		1.6907398e+03		7.8588325e+02		9.0485653e+02
4.0200000e+02		4.0300000e+02		4.0250000e+02		1.2664199e+03		1.3744649e+03		3.9393372e+03		1.7078033e+03		7.8868734e+02		9.1911601e+02
4.0300000e+02		4.0400000e+02		4.0350000e+02		1.2115903e+03		1.3140912e+03		3.7639199e+03		1.6302305e+03		7.4799363e+02		8.8223683e+02
4.0400000e+02		4.0500000e+02		4.0450000e+02		1.1914959e+03		1.2914523e+03		3.6967564e+03		1.5996528e+03		7.2921022e+02		8.7044257e+02
4.0500000e+02		4.0600000e+02		4.0550000e+02		1.1904731e+03		1.2895073e+03		3.6888931e+03		1.5947755e+03		7.2227240e+02		8.7250314e+02
4.0600000e+02		4.0700000e+02		4.0650000e+02		1.1388815e+03		1.2328308e+03		3.5245827e+03		1.5223417e+03		6.8499033e+02		8.3735141e+02
4.0700000e+02		4.0800000e+02		4.0750000e+02		1.1575323e+03		1.2522211e+03		3.5778278e+03		1.5439285e+03		6.9018701e+02		8.5374146e+02
4.0800000e+02		4.0900000e+02		4.0850000e+02		1.2307397e+03		1.3305750e+03		3.7993920e+03		1.6380513e+03		7.2749664e+02		9.1055464e+02
4.0900000e+02		4.1000000e+02		4.0950000e+02		1.2243097e+03		1.3227932e+03		3.7748977e+03		1.6260225e+03		7.1744829e+02		9.0857425e+02
4.1000000e+02		4.1100000e+02		4.1050000e+02		1.1216634e+03		1.2111362e+03		3.4541948e+03		1.4865466e+03		6.5162818e+02		8.3491845e+02
4.1100000e+02		4.1200000e+02		4.1150000e+02		1.3003372e+03		1.4031962e+03		3.9995857e+03		1.7197266e+03		7.4891896e+02		9.7080763e+02
4.1200000e+02		4.1300000e+02		4.1250000e+02		1.2760342e+03		1.3761283e+03		3.9201295e+03		1.6840689e+03		7.2859513e+02		9.5547374e+02
4.1300000e+02		4.1400000e+02		4.1350000e+02		1.2308584e+03		1.3266035e+03		3.7768487e+03		1.6210873e+03		6.9675611e+02		9.2433117e+02
4.1400000e+02		4.1500000e+02		4.1450000e+02		1.2488872e+03		1.3452248e+03		3.8276514e+03		1.6414547e+03		7.0088753e+02		9.4056722e+02
4.1500000e+02		4.1600000e+02		4.1550000e+02		1.2477523e+03		1.3432005e+03		3.8197019e+03		1.6366209e+03		6.9424006e+02		9.4238079e+02
4.1600000e+02		4.1700000e+02		4.1650000e+02		1.2947363e+03		1.3929539e+03		3.9589369e+03		1.6948123e+03		7.1420447e+02		9.8060779e+02
4.1700000e+02		4.1800000e+02		4.1750000e+02		1.1781342e+03		1.2667629e+03		3.5982586e+03		1.5390834e+03		6.4431731e+02		8.9476608e+02
4.1800000e+02		4.1900000e+02		4.1850000e+02		1.2217101e+03		1.3128527e+03		3.7270937e+03		1.5928291e+03		6.6243133e+02		9.3039777e+02
4.1900000e+02		4.2000000e+02		4.1950000e+02		1.2338424e+03		1.3251252e+03		3.7598501e+03		1.6054649e+03		6.6329081e+02		9.4217409e+02
4.2000000e+02		4.2100000e+02		4.2050000e+02		1.2494927e+03		1.3411658e+03		3.8032718e+03		1.6226371e+03		6.6596834e+02		9.5666881e+02
4.2100000e+02		4.2200000e+02		4.2150000e+02		1.2299982e+03		1.3194923e+03		3.7397711e+03		1.5942086e+03		6.4998588e+02		9.4422274e+02
4.2200000e+02		4.2300000e+02		4.2250000e+02		1.1657134e+03		1.2498269e+03		3.5404078e+03		1.5079670e+03		6.1076601e+02		8.9720099e+02
4.2300000e+02		4.2400000e+02		4.2350000e+02		1.2419943e+03		1.3308695e+03		3.7679585e+03		1.6035606e+03		6.4519414e+02		9.5836650e+02
4.2400000e+02		4.2500000e+02		4.2450000e+02		1.2850442e+03		1.3762388e+03		3.8943375e+03		1.6559831e+03		6.6188226e+02		9.9410087e+02
4.2500000e+02		4.2600000e+02		4.2550000e+02		1.2367256e+03		1.3237652e+03		3.7438796e+03		1.5907046e+03		6.3158537e+02		9.5911926e+02
4.2600000e+02		4.2700000e+02		4.2650000e+02		1.2316584e+03		1.3176250e+03		3.7245666e+03		1.5812156e+03		6.2366193e+02		9.5755362e+02
4.2700000e+02		4.2800000e+02		4.2750000e+02		1.1420512e+03		1.2211052e+03		3.4499430e+03		1.4634477e+03		5.7338859e+02		8.9005915e+02
4.2800000e+02		4.2900000e+02		4.2850000e+02		1.1495483e+03		1.2284647e+03		3.4689524e+03		1.4703336e+03		5.7226801e+02		8.9806564e+02
4.2900000e+02		4.3000000e+02		4.2950000e+02		1.0698649e+03		1.1427056e+03		3.2251410e+03		1.3659060e+03		5.2809772e+02		8.3780824e+02
4.3000000e+02		4.3100000e+02		4.3050000e+02		8.6065012e+02		9.1876402e+02		2.5917845e+03		1.0968009e+03		4.2123984e+02		6.7556108e+02
4.3100000e+02		4.3200000e+02		4.3150000e+02		1.0641754e+03		1.1354407e+03		3.2014135e+03		1.3537229e+03		5.1646139e+02		8.3726156e+02
4.3200000e+02		4.3300000e+02		4.3250000e+02		1.1990384e+03		1.2786750e+03		3.6034769e+03		1.5225485e+03		5.7701085e+02		9.4553761e+02
4.3300000e+02		4.3400000e+02		4.3350000e+02		1.3017454e+03		1.3874933e+03		3.9082158e+03		1.6500289e+03		6.2116593e+02		1.0288630e+03
4.3400000e+02		4.3500000e+02		4.3450000e+02		1.1054356e+03		1.1776548e+03		3.3155342e+03		1.3987253e+03		5.2305842e+02		8.7566684e+02
4.3500000e+02		4.3600000e+02		4.3550000e+02		1.2347447e+03		1.3147504e+03		3.6997171e+03		1.5596083e+03		5.7934009e+02		9.8026824e+02
4.3600000e+02		4.3700000e+02		4.3650000e+02		1.3814970e+03		1.4702784e+03		4.1353878e+03		1.7419418e+03		6.4276255e+02		1.0991793e+03
4.3700000e+02		4.3800000e+02		4.3750000e+02		1.2223713e+03		1.3002838e+03		3.6555104e+03		1.5386436e+03		5.6396547e+02		9.7467816e+02
4.3800000e+02		4.3900000e+02		4.3850000e+02		1.1905029e+03		1.2657639e+03		3.5567845e+03		1.4959683e+03		5.4466964e+02		9.5129869e+02
4.3900000e+02		4.4000000e+02		4.3950000e+02		1.3250738e+03		1.4081580e+03		3.9550590e+03		1.6622443e+03		6.0117475e+02		1.0610696e+03
4.4000000e+02		4.4100000e+02		4.4050000e+02		1.2562739e+03		1.3344016e+03		3.7461624e+03		1.5732862e+03		5.6520707e+02		1.0080792e+03
4.4100000e+02		4.4200000e+02		4.4150000e+02		1.3817384e+03		1.4669685e+03		4.1164323e+03		1.7275220e+03		6.1647618e+02		1.1110458e+03
4.4200000e+02		4.4300000e+02		4.4250000e+02		1.4526378e+03		1.5415117e+03		4.3236337e+03		1.8131559e+03		6.4271693e+02		1.1704389e+03
4.4300000e+02		4.4400000e+02		4.4350000e+02		1.4050936e+03		1.4903596e+03		4.1782718e+03		1.7509299e+03		6.1651587e+02		1.1344140e+03
4.4400000e+02		4.4500000e+02		4.4450000e+02		1.4475318e+03		1.5346595e+03		4.3005388e+03		1.8008724e+03		6.2986643e+02		1.1710060e+03
4.4500000e+02		4.4600000e+02		4.4550000e+02		1.3420773e+03		1.4222021e+03		3.9836304e+03		1.6669757e+03		5.7914053e+02		1.0878352e+03
4.4600000e+02		4.4700000e+02		4.4650000e+02		1.3689269e+03		1.4499922e+03		4.0596810e+03		1.6975965e+03		5.8583799e+02		1.1117585e+03
4.4700000e+02		4.4800000e+02		4.4750000e+02		1.4837056e+03		1.5708564e+03		4.3961540e+03		1.8370032e+03		6.2971009e+02		1.2072931e+03
4.4800000e+02		4.4900000e+02		4.4850000e+02		1.4587166e+03		1.5437066e+03		4.3183013e+03		1.8032110e+03		6.1399419e+02		1.1892169e+03
4.4900000e+02		4.5000000e+02		4.4950000e+02		1.4737837e+03		1.5589578e+03		4.3590909e+03		1.8189815e+03		6.1522267e+02		1.2037588e+03
4.5000000e+02		4.5100000e+02		4.5050000e+02		1.5636828e+03		1.6533231e+03		4.6209821e+03		1.9269368e+03		6.4737709e+02		1.2795597e+03
4.5100000e+02		4.5200000e+02		4.5150000e+02		1.5589734e+03		1.6476233e+03		4.6031067e+03		1.9181704e+03		6.4012134e+02		1.2780490e+03
4.5200000e+02		4.5300000e+02		4.5250000e+02		1.4757889e+03		1.5590328e+03		4.3537804e+03		1.8130413e+03		6.0099055e+02		1.2120508e+03
4.5300000e+02		4.5400000e+02		4.5350000e+02		1.4141855e+03		1.4933130e+03		4.1685192e+03		1.7347229e+03		5.7118194e+02		1.1635410e+03
4.5400000e+02		4.5500000e+02		4.5450000e+02		1.5096596e+03		1.5934506e+03		4.4462183e+03		1.8490485e+03		6.0475116e+02		1.2442974e+03
4.5500000e+02		4.5600000e+02		4.5550000e+02		1.4952815e+03		1.5776085e+03		4.4002179e+03		1.8287022e+03		5.9409394e+02		1.2346082e+03
4.5600000e+02		4.5700000e+02		4.5650000e+02		1.5527317e+03		1.6375367e+03		4.5655199e+03		1.8961486e+03		6.1188248e+02		1.2842662e+03
4.5700000e+02		4.5800000e+02		4.5750000e+02		1.5677329e+03		1.6526718e+03		4.6058691e+03		1.9116532e+03		6.1275664e+02		1.2988966e+03
4.5800000e+02		4.5900000e+02		4.5850000e+02		1.4734199e+03		1.5526107e+03		4.3252859e+03		1.7940302e+03		5.7120473e+02		1.2228255e+03
4.5900000e+02		4.6000000e+02		4.5950000e+02		1.5222067e+03		1.6033662e+03		4.4649205e+03		1.8507515e+03		5.8531974e+02		1.2654317e+03
4.6000000e+02		4.6100000e+02		4.6050000e+02		1.5039223e+03		1.5834674e+03		4.4077844e+03		1.8258965e+03		5.7359346e+02		1.2523031e+03
4.6100000e+02		4.6200000e+02		4.6150000e+02		1.5386000e+03		1.6193310e+03		4.5058684e+03		1.8653390e+03		5.8206135e+02		1.2832777e+03
4.6200000e+02		4.6300000e+02		4.6250000e+02		1.5538294e+03		1.6347107e+03		4.5469158e+03		1.8811422e+03		5.8306316e+02		1.2980791e+03
4.6300000e+02		4.6400000e+02		4.6350000e+02		1.5018384e+03		1.5793922e+03		4.3913750e+03		1.8156523e+03		5.5899730e+02		1.2566550e+03
4.6400000e+02		4.6500000e+02		4.6450000e+02		1.5281564e+03		1.6064429e+03		4.4649005e+03		1.8449022e+03		5.6420063e+02		1.2807015e+03
4.6500000e+02		4.6600000e+02		4.6550000e+02		1.4760608e+03		1.5510791e+03		4.3094097e+03		1.7795521e+03		5.4057292e+02		1.2389792e+03
4.6600000e+02		4.6700000e+02		4.6650000e+02		1.4854121e+03		1.5603079e+03		4.3334413e+03		1.7883773e+03		5.3961785e+02		1.2487594e+03
4.6700000e+02		4.6800000e+02		4.6750000e+02		1.4997486e+03		1.5747694e+03		4.3719954e+03		1.8031886e+03		5.4044582e+02		1.2627428e+03
4.6800000e+02		4.6900000e+02		4.6850000e+02		1.4665907e+03		1.5393735e+03		4.2721672e+03		1.7609494e+03		5.2425433e+02		1.2366951e+03
4.6900000e+02		4.7000000e+02		4.6950000e+02		1.5086728e+03		1.5829535e+03		4.3915240e+03		1.8090601e+03		5.3497393e+02		1.2740861e+03
4.7000000e+02		4.7100000e+02		4.7050000e+02		1.4256243e+03		1.4952631e+03		4.1467603e+03		1.7072128e+03		5.0147832e+02		1.2057345e+03
4.7100000e+02		4.7200000e+02		4.7150000e+02		1.4904926e+03		1.5627273e+03		4.3323154e+03		1.7825498e+03		5.2010555e+02		1.2624443e+03
4.7200000e+02		4.7300000e+02		4.7250000e+02		1.5269264e+03		1.6003454e+03		4.4350392e+03		1.8237438e+03		5.2856625e+02		1.2951776e+03
4.7300000e+02		4.7400000e+02		4.7350000e+02		1.4995420e+03		1.5710786e+03		4.3524100e+03		1.7887219e+03		5.1494957e+02		1.2737723e+03
4.7400000e+02		4.7500000e+02		4.7450000e+02		1.5448084e+03		1.6179269e+03		4.4806423e+03		1.8403558e+03		5.2627230e+02		1.3140835e+03
4.7500000e+02		4.7600000e+02		4.7550000e+02		1.5413846e+03		1.6137701e+03		4.4675951e+03		1.8339423e+03		5.2093294e+02		1.3130093e+03
4.7600000e+02		4.7700000e+02		4.7650000e+02		1.4853490e+03		1.5545578e+03		4.3022046e+03		1.7650422e+03		4.9801144e+02		1.2670308e+03
4.7700000e+02		4.7800000e+02		4.7750000e+02		1.5508368e+03		1.6225329e+03		4.4888078e+03		1.8405561e+03		5.1584832e+02		1.3247078e+03
4.7800000e+02		4.7900000e+02		4.7850000e+02		1.5358791e+03		1.6063303e+03		4.4424944e+03		1.8205422e+03		5.0683099e+02		1.3137112e+03
4.7900000e+02		4.8000000e+02		4.7950000e+02		1.5403519e+03		1.6104582e+03		4.4524321e+03		1.8235967e+03		5.0429121e+02		1.3193055e+03
4.8000000e+02		4.8100000e+02		4.8050000e+02		1.5442750e+03		1.6140134e+03		4.4607926e+03		1.8260091e+03		5.0158728e+02		1.3244219e+03
4.8100000e+02		4.8200000e+02		4.8150000e+02		1.5475498e+03		1.6168935e+03		4.4672943e+03		1.8276654e+03		4.9869158e+02		1.3289738e+03
4.8200000e+02		4.8300000e+02		4.8250000e+02		1.5416562e+03		1.6102002e+03		4.4473622e+03		1.8185179e+03		4.9288498e+02		1.3256329e+03
4.8300000e+02		4.8400000e+02		4.8350000e+02		1.5183412e+03		1.5853259e+03		4.3772550e+03		1.7888818e+03		4.8161853e+02		1.3072633e+03
4.8400000e+02		4.8500000e+02		4.8450000e+02		1.4920771e+03		1.5573941e+03		4.2987647e+03		1.7558603e+03		4.6957607e+02		1.2862842e+03
4.8500000e+02		4.8600000e+02		4.8550000e+02		1.4021236e+03		1.4630288e+03		4.0370216e+03		1.6480696e+03		4.3781132e+02		1.2102583e+03
4.8600000e+02		4.8700000e+02		4.8650000e+02		1.2173217e+03		1.2697917e+03		3.5027158e+03		1.4291879e+03		3.7713528e+02		1.0520526e+03
4.8700000e+02		4.8800000e+02		4.8750000e+02		1.3927585e+03		1.4523281e+03		4.0049999e+03		1.6332722e+03		4.2811836e+02		1.2051538e+03
4.8800000e+02		4.8900000e+02		4.8850000e+02		1.4651201e+03		1.5273027e+03		4.2104587e+03		1.7161641e+03		4.4685088e+02		1.2693132e+03
4.8900000e+02		4.9000000e+02		4.8950000e+02		1.4372192e+03		1.4977492e+03		4.1277277e+03		1.6815720e+03		4.3492952e+02		1.2466425e+03
4.9000000e+02		4.9100000e+02		4.9050000e+02		1.5307557e+03		1.5947306e+03		4.3936764e+03		1.7889953e+03		4.5963528e+02		1.3293601e+03
4.9100000e+02		4.9200000e+02		4.9150000e+02		1.4425606e+03		1.5023878e+03		4.1380210e+03		1.6840393e+03		4.2979192e+02		1.2542473e+03
4.9200000e+02		4.9300000e+02		4.9250000e+02		1.3729411e+03		1.4294455e+03		3.9359471e+03		1.6009907e+03		4.0588026e+02		1.1951104e+03
4.9300000e+02		4.9400000e+02		4.9350000e+02		1.4509629e+03		1.5102223e+03		4.1571397e+03		1.6901135e+03		4.2562711e+02		1.2644864e+03
4.9400000e+02		4.9500000e+02		4.9450000e+02		1.4929449e+03		1.5534538e+03		4.2748935e+03		1.7371201e+03		4.3455908e+02		1.3025610e+03
4.9500000e+02		4.9600000e+02		4.9550000e+02		1.4663156e+03		1.5252926e+03		4.1961827e+03		1.7042915e+03		4.2351588e+02		1.2807756e+03
4.9600000e+02		4.9700000e+02		4.9650000e+02		1.4846220e+03		1.5438812e+03		4.2461021e+03		1.7237190e+03		4.2550086e+02		1.2982181e+03
4.9700000e+02		4.9800000e+02		4.9750000e+02		1.5123203e+03		1.5722266e+03		4.3228294e+03		1.7540109e+03		4.3010624e+02		1.3239046e+03
4.9800000e+02		4.9900000e+02		4.9850000e+02		1.3744029e+03		1.4284331e+03		3.9263617e+03		1.5923709e+03		3.8788104e+02		1.2044898e+03
4.9900000e+02		5.0000000e+02		4.9950000e+02		1.4721832e+03		1.5296190e+03		4.2033171e+03		1.7038737e+03		4.1229113e+02		1.2915826e+03
