Left Bin Edge (nm)	Right Bin Edge (nm)	Bin Center (nm)		Top of Atm Intensity (erg/s/nm/cm2)		Total Surface Flux (erg/s/nm/cm2)		Total Intensity at BOA (erg/s/nm/cm2)		Total Surface Intensity (erg/s/nm/cm2)		Total Surface Diffuse Intensity (erg/s/nm/cm2)		Total Surface Direct Intensity (erg/s/nm/cm2)
1.0000000e+02		1.0100000e+02		1.0050000e+02		4.4569042e-02		2.4525374e-199		0.0000000e+00		4.2479194e-199		4.2479194e-199		0.0000000e+00
1.0100000e+02		1.0200000e+02		1.0150000e+02		1.7387199e-01		2.8780738e-197		0.0000000e+00		4.9849701e-197		4.9849701e-197		0.0000000e+00
1.0200000e+02		1.0300000e+02		1.0250000e+02		9.2286085e-01		3.0760917e-195		0.0000000e+00		5.3279471e-195		5.3279471e-195		0.0000000e+00
1.0300000e+02		1.0400000e+02		1.0350000e+02		7.0094286e-01		3.0025219e-193		0.0000000e+00		5.2005205e-193		5.2005205e-193		0.0000000e+00
1.0400000e+02		1.0500000e+02		1.0450000e+02		1.4124828e-01		2.6834655e-191		0.0000000e+00		4.6478986e-191		4.6478986e-191		0.0000000e+00
1.0500000e+02		1.0600000e+02		1.0550000e+02		4.8389941e-02		2.2015022e-189		0.0000000e+00		3.8131136e-189		3.8131136e-189		0.0000000e+00
1.0600000e+02		1.0700000e+02		1.0650000e+02		4.5487167e-02		1.6618998e-187		0.0000000e+00		2.8784949e-187		2.8784949e-187		0.0000000e+00
1.0700000e+02		1.0800000e+02		1.0750000e+02		5.0757295e-02		1.1570799e-185		0.0000000e+00		2.0041212e-185		2.0041212e-185		0.0000000e+00
1.0800000e+02		1.0900000e+02		1.0850000e+02		7.1152114e-02		7.4462170e-184		0.0000000e+00		1.2897226e-183		1.2897226e-183		0.0000000e+00
1.0900000e+02		1.1000000e+02		1.0950000e+02		5.5817450e-02		3.1762722e-05		1.6025808e-04		5.5014649e-05		5.5014649e-05		1.8768600e-64
1.1000000e+02		1.1100000e+02		1.1050000e+02		5.4043772e-02		4.5326531e-05		2.2394713e-04		7.8507855e-05		7.8507855e-05		2.1628981e-61
1.1100000e+02		1.1200000e+02		1.1150000e+02		5.0797691e-02		6.1335677e-05		2.9715045e-04		1.0623651e-04		1.0623651e-04		1.5761474e-58
1.1200000e+02		1.1300000e+02		1.1250000e+02		5.1969037e-02		8.8401904e-05		4.2046443e-04		1.5311659e-04		1.5311659e-04		8.4153820e-56
1.1300000e+02		1.1400000e+02		1.1350000e+02		4.1221387e-02		9.6825941e-05		4.5264366e-04		1.6770745e-04		1.6770745e-04		2.4169611e-53
1.1400000e+02		1.1500000e+02		1.1450000e+02		3.1562600e-02		1.0046939e-04		4.6212203e-04		1.7401808e-04		1.7401808e-04		4.7550142e-51
1.1500000e+02		1.1600000e+02		1.1550000e+02		4.3552050e-02		1.8460712e-04		8.3629357e-04		3.1974891e-04		3.1974891e-04		1.2241299e-48
1.1600000e+02		1.1700000e+02		1.1650000e+02		1.0143732e-01		5.6299336e-04		2.5142672e-03		9.7513311e-04		9.7513311e-04		3.9114505e-46
1.1700000e+02		1.1800000e+02		1.1750000e+02		3.6108525e-01		2.5844956e-03		1.1388123e-02		4.4764776e-03		4.4764776e-03		1.4470419e-43
1.1800000e+02		1.1900000e+02		1.1850000e+02		1.2283927e-01		1.1178128e-03		4.8636226e-03		1.9361085e-03		1.9361085e-03		3.9431549e-42
1.1900000e+02		1.2000000e+02		1.1950000e+02		1.7115732e-01		1.9534106e-03		8.3989907e-03		3.3834064e-03		3.3834064e-03		3.4342480e-40
1.2000000e+02		1.2100000e+02		1.2050000e+02		9.3056497e-01		1.3149933e-02		5.5912580e-02		2.2776352e-02		2.2776352e-02		9.2279992e-38
1.2100000e+02		1.2200000e+02		1.2150000e+02		3.6941242e+01		6.3900330e-01		2.6885403e+00		1.1067862e+00		1.1067862e+00		1.4695274e-34
1.2200000e+02		1.2300000e+02		1.2250000e+02		2.4773856e-01		5.1927280e-03		2.1631195e-02		8.9940687e-03		8.9940687e-03		3.2852308e-35
1.2300000e+02		1.2400000e+02		1.2350000e+02		1.3344721e-01		3.3574406e-03		1.3854536e-02		5.8152577e-03		5.8152577e-03		4.9625468e-34
1.2400000e+02		1.2500000e+02		1.2450000e+02		1.0726631e-01		3.2084494e-03		1.3122174e-02		5.5571974e-03		5.5571974e-03		9.3903878e-33
1.2500000e+02		1.2600000e+02		1.2550000e+02		1.0471361e-01		3.6884505e-03		1.4959118e-02		6.3885837e-03		6.3885837e-03		1.8146088e-31
1.2600000e+02		1.2700000e+02		1.2650000e+02		1.4644878e-01		6.0225949e-03		2.4232647e-02		1.0431440e-02		1.0431440e-02		4.2910246e-30
1.2700000e+02		1.2800000e+02		1.2750000e+02		7.6659940e-02		3.6512095e-03		1.4581355e-02		6.3240803e-03		6.3240803e-03		3.2803866e-29
1.2800000e+02		1.2900000e+02		1.2850000e+02		6.1165494e-02		3.3487278e-03		1.3278868e-02		5.8001667e-03		5.8001667e-03		3.3325812e-28
1.2900000e+02		1.3000000e+02		1.2950000e+02		8.1594975e-02		5.0988215e-03		2.0083346e-02		8.8314179e-03		8.8314179e-03		4.9754126e-27
1.3000000e+02		1.3100000e+02		1.3050000e+02		6.7007791e-01		4.7462893e-02		1.8576602e-01		8.2208142e-02		8.2208142e-02		4.0298469e-25
1.3100000e+02		1.3200000e+02		1.3150000e+02		9.0731094e-02		7.2430934e-03		2.8178313e-02		1.2545406e-02		1.2545406e-02		4.8490767e-25
1.3200000e+02		1.3300000e+02		1.3250000e+02		7.0547730e-02		6.3106727e-03		2.4410632e-02		1.0930406e-02		1.0930406e-02		3.0151860e-24
1.3300000e+02		1.3400000e+02		1.3350000e+02		9.5357088e-01		9.5040500e-02		3.6564077e-01		1.6461497e-01		1.6461497e-01		2.9395106e-22
1.3400000e+02		1.3500000e+02		1.3450000e+02		6.5246966e-02		7.2088202e-03		2.7591129e-02		1.2486043e-02		1.2486043e-02		1.3220608e-22
1.3500000e+02		1.3600000e+02		1.3550000e+02		1.3692679e-01		1.6693456e-02		6.3579332e-02		2.8913914e-02		2.8913914e-02		1.6775380e-21
1.3600000e+02		1.3700000e+02		1.3650000e+02		8.9861989e-02		1.2034201e-02		4.5619923e-02		2.0843847e-02		2.0843847e-02		6.1294098e-21
1.3700000e+02		1.3800000e+02		1.3750000e+02		9.2282630e-02		1.3517053e-02		5.1013372e-02		2.3412222e-02		2.3412222e-02		3.2416869e-20
1.3800000e+02		1.3900000e+02		1.3850000e+02		9.4180145e-02		1.5022401e-02		5.6455286e-02		2.6019561e-02		2.6019561e-02		1.5734006e-19
1.3900000e+02		1.4000000e+02		1.3950000e+02		3.1801144e-01		5.5018463e-02		2.0593322e-01		9.5294773e-02		9.5294773e-02		2.3501718e-18
1.4000000e+02		1.4100000e+02		1.4050000e+02		2.7729440e-01		5.1839957e-02		1.9329431e-01		8.9789440e-02		8.9789440e-02		8.4691056e-18
1.4100000e+02		1.4200000e+02		1.4150000e+02		1.3359910e-01		2.6894380e-02		9.9914965e-02		4.6582433e-02		4.6582433e-02		1.5824157e-17
1.4200000e+02		1.4300000e+02		1.4250000e+02		1.4479671e-01		3.1283070e-02		1.1581547e-01		5.4183866e-02		5.4183866e-02		6.2628799e-17
1.4300000e+02		1.4400000e+02		1.4350000e+02		1.6064305e-01		3.7131166e-02		1.3701042e-01		6.4313066e-02		6.4313066e-02		2.3968021e-16
1.4400000e+02		1.4500000e+02		1.4450000e+02		1.5363637e-01		3.7879166e-02		1.3932817e-01		6.5608640e-02		6.5608640e-02		7.4914749e-16
1.4500000e+02		1.4600000e+02		1.4550000e+02		1.6382583e-01		4.2962407e-02		1.5754796e-01		7.4413073e-02		7.4413073e-02		2.4804109e-15
1.4600000e+02		1.4700000e+02		1.4650000e+02		1.9977093e-01		5.5573915e-02		2.0320743e-01		9.6256845e-02		9.6256845e-02		8.9464449e-15
1.4700000e+02		1.4800000e+02		1.4750000e+02		2.4643334e-01		7.2537413e-02		2.6450304e-01		1.2563848e-01		1.2563848e-01		3.1173081e-14
1.4800000e+02		1.4900000e+02		1.4850000e+02		2.4167300e-01		7.5086428e-02		2.7307550e-01		1.3005351e-01		1.3005351e-01		8.2654785e-14
1.4900000e+02		1.5000000e+02		1.4950000e+02		2.1832777e-01		7.1435170e-02		2.5914088e-01		1.2372934e-01		1.2372934e-01		1.9366898e-13
1.5000000e+02		1.5100000e+02		1.5050000e+02		2.4023073e-01		8.2594251e-02		2.9889834e-01		1.4305744e-01		1.4305744e-01		5.3130161e-13
1.5100000e+02		1.5200000e+02		1.5150000e+02		2.5258505e-01		9.1062989e-02		3.2878367e-01		1.5772572e-01		1.5772572e-01		1.3414622e-12
1.5200000e+02		1.5300000e+02		1.5250000e+02		3.2229547e-01		1.2160187e-01		4.3807230e-01		2.1062062e-01		2.1062062e-01		3.9662409e-12
1.5300000e+02		1.5400000e+02		1.5350000e+02		3.5701286e-01		1.4070257e-01		5.0580728e-01		2.4370399e-01		2.4370399e-01		9.8403757e-12
1.5400000e+02		1.5500000e+02		1.5450000e+02		9.5486931e-01		3.9238616e-01		1.4077081e+00		6.7963277e-01		6.7963277e-01		5.7073511e-11
1.5500000e+02		1.5600000e+02		1.5550000e+02		7.8587524e-01		3.3614601e-01		1.2035921e+00		5.8222196e-01		5.8222196e-01		9.8757833e-11
1.5600000e+02		1.5700000e+02		1.5650000e+02		4.6648084e-01		2.0734848e-01		7.4103622e-01		3.5913810e-01		3.5913810e-01		1.1966775e-10
1.5700000e+02		1.5800000e+02		1.5750000e+02		4.2309893e-01		1.9513119e-01		6.9612206e-01		3.3797714e-01		3.3797714e-01		2.1546499e-10
1.5800000e+02		1.5900000e+02		1.5850000e+02		3.9008072e-01		1.8638609e-01		6.6377915e-01		3.2283018e-01		3.2283018e-01		3.8398454e-10
1.5900000e+02		1.6000000e+02		1.5950000e+02		3.8042347e-01		1.8805588e-01		6.6861822e-01		3.2572234e-01		3.2572234e-01		7.0570007e-10
1.6000000e+02		1.6100000e+02		1.6050000e+02		4.1635449e-01		2.1264644e-01		7.5484704e-01		3.6831444e-01		3.6831444e-01		1.4206497e-09
1.6100000e+02		1.6200000e+02		1.6150000e+02		4.7164413e-01		2.4855702e-01		8.8097464e-01		4.3051338e-01		4.3051338e-01		2.8924549e-09
1.6200000e+02		1.6300000e+02		1.6250000e+02		5.2241459e-01		2.8373345e-01		1.0041768e+00		4.9144075e-01		4.9144075e-01		5.6325979e-09
1.6300000e+02		1.6400000e+02		1.6350000e+02		1.1072121e+00		6.1901447e-01		2.1876975e+00		1.0721645e+00		1.0721645e+00		2.0549904e-08
1.6400000e+02		1.6500000e+02		1.6450000e+02		1.1323318e+00		6.5092721e-01		2.2973601e+00		1.1274390e+00		1.1274389e+00		3.5456126e-08
1.6500000e+02		1.6600000e+02		1.6550000e+02		1.3255566e+00		7.8267512e-01		2.7587393e+00		1.3556330e+00		1.3556330e+00		6.8690288e-08
1.6600000e+02		1.6700000e+02		1.6650000e+02		6.2522883e-01		3.7879413e-01		1.3334790e+00		6.5609064e-01		6.5609059e-01		5.2641013e-08
1.6700000e+02		1.6800000e+02		1.6750000e+02		6.6723830e-01		4.1438339e-01		1.4569994e+00		7.1773302e-01		7.1773293e-01		8.9683436e-08
1.6800000e+02		1.6900000e+02		1.6850000e+02		7.1904320e-01		4.5732852e-01		1.6061230e+00		7.9211611e-01		7.9211596e-01		1.5171255e-07
1.6900000e+02		1.7000000e+02		1.6950000e+02		9.0554889e-01		5.8931799e-01		2.0673417e+00		1.0207285e+00		1.0207282e+00		2.9513299e-07
1.7000000e+02		1.7100000e+02		1.7050000e+02		1.0161854e+00		6.7609030e-01		2.3691742e+00		1.1710224e+00		1.1710219e+00		5.0375720e-07
1.7100000e+02		1.7200000e+02		1.7150000e+02		1.0130704e+00		6.8851098e-01		2.4101818e+00		1.1925354e+00		1.1925347e+00		7.5269283e-07
1.7200000e+02		1.7300000e+02		1.7250000e+02		1.0571150e+00		7.3332032e-01		2.5644572e+00		1.2701472e+00		1.2701460e+00		1.1606112e-06
1.7300000e+02		1.7400000e+02		1.7350000e+02		1.0479596e+00		7.4146657e-01		2.5904282e+00		1.2842565e+00		1.2842549e+00		1.6772932e-06
1.7400000e+02		1.7500000e+02		1.7450000e+02		1.2530722e+00		9.0362429e-01		3.1539941e+00		1.5651211e+00		1.5651182e+00		2.8860234e-06
1.7500000e+02		1.7600000e+02		1.7550000e+02		1.4954862e+00		1.0984021e+00		3.8303764e+00		1.9024847e+00		1.9024798e+00		4.8950554e-06
1.7600000e+02		1.7700000e+02		1.7650000e+02		1.6135596e+00		1.2062743e+00		4.2028776e+00		2.0893230e+00		2.0893156e+00		7.4169521e-06
1.7700000e+02		1.7800000e+02		1.7750000e+02		1.9010195e+00		1.4456284e+00		5.0325808e+00		2.5038930e+00		2.5038809e+00		1.2131576e-05
1.7800000e+02		1.7900000e+02		1.7850000e+02		2.0776624e+00		1.6061733e+00		5.5869168e+00		2.7819605e+00		2.7819423e+00		1.8206308e-05
1.7900000e+02		1.8000000e+02		1.7950000e+02		2.0198657e+00		1.5864866e+00		5.5140870e+00		2.7478578e+00		2.7478337e+00		2.4049355e-05
1.8000000e+02		1.8100000e+02		1.8050000e+02		2.4976225e+00		1.9920336e+00		6.9183489e+00		3.4502742e+00		3.4502342e+00		3.9998373e-05
1.8100000e+02		1.8200000e+02		1.8150000e+02		3.0410490e+00		2.4616063e+00		8.5428661e+00		4.2635796e+00		4.2635148e+00		6.4870674e-05
1.8200000e+02		1.8300000e+02		1.8250000e+02		2.8073836e+00		2.3051593e+00		7.9942053e+00		3.9925953e+00		3.9925162e+00		7.9027341e-05
1.8300000e+02		1.8400000e+02		1.8350000e+02		2.9562417e+00		2.4611088e+00		8.5291178e+00		4.2626859e+00		4.2625771e+00		1.0883435e-04
1.8400000e+02		1.8500000e+02		1.8450000e+02		2.5409769e+00		2.1437764e+00		7.4243910e+00		3.7130408e+00		3.7129195e+00		1.2129100e-04
1.8500000e+02		1.8600000e+02		1.8550000e+02		2.8735562e+00		2.4557876e+00		8.4994111e+00		4.2534197e+00		4.2532434e+00		1.7637942e-04
1.8600000e+02		1.8700000e+02		1.8650000e+02		3.2604304e+00		2.8213070e+00		9.7582786e+00		4.8864601e+00		4.8862048e+00		2.5529117e-04
1.8700000e+02		1.8800000e+02		1.8750000e+02		3.6946466e+00		3.2357275e+00		1.1184777e+01		5.6041764e+00		5.6038102e+00		3.6621012e-04
1.8800000e+02		1.8900000e+02		1.8850000e+02		3.8870616e+00		3.4440598e+00		1.1897777e+01		5.9649321e+00		5.9644480e+00		4.8413888e-04
1.8900000e+02		1.9000000e+02		1.8950000e+02		4.3106081e+00		3.8625242e+00		1.3335608e+01		6.6895978e+00		6.6889279e+00		6.6987137e-04
1.9000000e+02		1.9100000e+02		1.9050000e+02		4.4384288e+00		4.0205457e+00		1.3873287e+01		6.9631637e+00		6.9623090e+00		8.5470554e-04
1.9100000e+02		1.9200000e+02		1.9150000e+02		4.8094361e+00		4.4026933e+00		1.5183484e+01		7.6248538e+00		7.6237137e+00		1.1401202e-03
1.9200000e+02		1.9300000e+02		1.9250000e+02		5.0365493e+00		4.6577626e+00		1.6054411e+01		8.0664123e+00		8.0649518e+00		1.4605053e-03
1.9300000e+02		1.9400000e+02		1.9350000e+02		3.8447944e+00		3.5908265e+00		1.2370306e+01		6.2185017e+00		6.2171462e+00		1.3555128e-03
1.9400000e+02		1.9500000e+02		1.9450000e+02		6.1679797e+00		5.8157171e+00		2.0024550e+01		1.0071194e+01		1.0068565e+01		2.6282759e-03
1.9500000e+02		1.9600000e+02		1.9550000e+02		5.9528271e+00		5.6648691e+00		1.9495165e+01		9.8096095e+00		9.8065610e+00		3.0484791e-03
1.9600000e+02		1.9700000e+02		1.9650000e+02		6.5508102e+00		6.2898435e+00		2.1635058e+01		1.0891393e+01		1.0887384e+01		4.0096700e-03
1.9700000e+02		1.9800000e+02		1.9750000e+02		6.5190955e+00		6.3137402e+00		2.1706476e+01		1.0932246e+01		1.0927502e+01		4.7441495e-03
1.9800000e+02		1.9900000e+02		1.9850000e+02		6.3883794e+00		6.2391515e+00		2.1439533e+01		1.0802502e+01		1.0797002e+01		5.4993255e-03
1.9900000e+02		2.0000000e+02		1.9950000e+02		6.7274707e+00		6.6237956e+00		2.2750252e+01		1.1467760e+01		1.1460943e+01		6.8168250e-03
2.0000000e+02		2.0100000e+02		2.0050000e+02		7.1125146e+00		7.0580906e+00		2.4230255e+01		1.2218791e+01		1.2210348e+01		8.4431167e-03
2.0100000e+02		2.0200000e+02		2.0150000e+02		7.5701275e+00		7.5695258e+00		2.5973616e+01		1.3103132e+01		1.3092652e+01		1.0479549e-02
2.0200000e+02		2.0300000e+02		2.0250000e+02		7.4828608e+00		7.5375564e+00		2.5851660e+01		1.3046627e+01		1.3034600e+01		1.2026689e-02
2.0300000e+02		2.0400000e+02		2.0350000e+02		8.0092047e+00		8.1254828e+00		2.7854916e+01		1.4062855e+01		1.4047973e+01		1.4881720e-02
2.0400000e+02		2.0500000e+02		2.0450000e+02		8.6207445e+00		8.8065142e+00		3.0175320e+01		1.5239830e+01		1.5221388e+01		1.8441761e-02
2.0500000e+02		2.0600000e+02		2.0550000e+02		8.6400754e+00		8.8854994e+00		3.0431601e+01		1.5374621e+01		1.5353425e+01		2.1195133e-02
2.0600000e+02		2.0700000e+02		2.0650000e+02		8.6510225e+00		8.9545826e+00		3.0653707e+01		1.5492046e+01		1.5467803e+01		2.4242312e-02
2.0700000e+02		2.0800000e+02		2.0750000e+02		9.3957826e+00		9.7866870e+00		3.3486308e+01		1.6929104e+01		1.6899139e+01		2.9964608e-02
2.0800000e+02		2.0900000e+02		2.0850000e+02		1.0163489e+01		1.0650854e+01		3.6425773e+01		1.8420913e+01		1.8384157e+01		3.6755760e-02
2.0900000e+02		2.1000000e+02		2.0950000e+02		1.3129215e+01		1.3839988e+01		4.7309828e+01		2.3932283e+01		2.3878627e+01		5.3655767e-02
2.1000000e+02		2.1100000e+02		2.1050000e+02		1.6183343e+01		1.7156919e+01		5.8619820e+01		2.9662127e+01		2.9587641e+01		7.4486290e-02
2.1100000e+02		2.1200000e+02		2.1150000e+02		1.8424170e+01		1.9640577e+01		6.7072863e+01		3.3948790e+01		3.3853595e+01		9.5194375e-02
2.1200000e+02		2.1300000e+02		2.1250000e+02		1.6428561e+01		1.7606959e+01		6.0098271e+01		3.0426612e+01		3.0331624e+01		9.4987738e-02
2.1300000e+02		2.1400000e+02		2.1350000e+02		1.6737981e+01		1.8031675e+01		6.1517063e+01		3.1152723e+01		3.1044734e+01		1.0798912e-01
2.1400000e+02		2.1500000e+02		2.1450000e+02		2.1432541e+01		2.3204865e+01		7.9125745e+01		4.0079403e+01		3.9925584e+01		1.5381885e-01
2.1500000e+02		2.1600000e+02		2.1550000e+02		1.8408135e+01		2.0026976e+01		6.8254343e+01		3.4580472e+01		3.4433941e+01		1.4653110e-01
2.1600000e+02		2.1700000e+02		2.1650000e+02		1.7036901e+01		1.8622042e+01		6.3432955e+01		3.2144517e+01		3.1994518e+01		1.4999838e-01
2.1700000e+02		2.1800000e+02		2.1750000e+02		1.7640866e+01		1.9369603e+01		6.5944319e+01		3.3423716e+01		3.3252388e+01		1.7132800e-01
2.1800000e+02		2.1900000e+02		2.1850000e+02		2.3730294e+01		2.6169908e+01		8.9047975e+01		4.5141989e+01		4.4888427e+01		2.5356228e-01
2.1900000e+02		2.2000000e+02		2.1950000e+02		2.5052511e+01		2.7745005e+01		9.4355619e+01		4.7840702e+01		4.7546929e+01		2.9377300e-01
2.2000000e+02		2.2100000e+02		2.2050000e+02		2.5203754e+01		2.8026643e+01		9.5260067e+01		4.8306713e+01		4.7983160e+01		3.2355316e-01
2.2100000e+02		2.2200000e+02		2.2150000e+02		2.0176768e+01		2.2525222e+01		7.6517588e+01		3.8807736e+01		3.8524841e+01		2.8289449e-01
2.2200000e+02		2.2300000e+02		2.2250000e+02		2.7154039e+01		3.0395144e+01		1.0319166e+02		5.2342238e+01		5.1927381e+01		4.1485647e-01
2.2300000e+02		2.2400000e+02		2.2350000e+02		3.5163062e+01		3.9368210e+01		1.3357629e+02		6.7760157e+01		6.7176068e+01		5.8408944e-01
2.2400000e+02		2.2500000e+02		2.2450000e+02		3.2875934e+01		3.6801708e+01		1.2479264e+02		6.3308727e+01		6.2716280e+01		5.9244663e-01
2.2500000e+02		2.2600000e+02		2.2550000e+02		2.8720078e+01		3.2149983e+01		1.0895132e+02		5.5275209e+01		5.4714872e+01		5.6033668e-01
2.2600000e+02		2.2700000e+02		2.2650000e+02		2.1037217e+01		2.3534906e+01		7.9705548e+01		4.0439037e+01		3.9995604e+01		4.4343338e-01
2.2700000e+02		2.2800000e+02		2.2750000e+02		2.0463841e+01		2.2883337e+01		7.7448490e+01		3.9294605e+01		3.8829478e+01		4.6512703e-01
2.2800000e+02		2.2900000e+02		2.2850000e+02		2.8509984e+01		3.1857680e+01		1.0775027e+02		5.4668585e+01		5.3971180e+01		6.9740539e-01
2.2900000e+02		2.3000000e+02		2.2950000e+02		2.5620938e+01		2.8611416e+01		9.6704612e+01		4.9063547e+01		4.8390262e+01		6.7328487e-01
2.3000000e+02		2.3100000e+02		2.3050000e+02		2.9055844e+01		3.2412232e+01		1.0947453e+02		5.5540272e+01		5.4721531e+01		8.1874137e-01
2.3100000e+02		2.3200000e+02		2.3150000e+02		2.7387429e+01		3.0526217e+01		1.0303064e+02		5.2268195e+01		5.1442073e+01		8.2612267e-01
2.3200000e+02		2.3300000e+02		2.3250000e+02		2.9413108e+01		3.2746985e+01		1.1044510e+02		5.6025371e+01		5.5077253e+01		9.4811752e-01
2.3300000e+02		2.3400000e+02		2.3350000e+02		2.6543685e+01		2.9520356e+01		9.9488107e+01		5.0462491e+01		4.9549623e+01		9.1286763e-01
2.3400000e+02		2.3500000e+02		2.3450000e+02		2.3194371e+01		2.5766669e+01		8.6771064e+01		4.4007156e+01		4.3157455e+01		8.4970072e-01
2.3500000e+02		2.3600000e+02		2.3550000e+02		3.1223226e+01		3.4646708e+01		1.1658383e+02		5.9119280e+01		5.7902728e+01		1.2165522e+00
2.3600000e+02		2.3700000e+02		2.3650000e+02		2.8911473e+01		3.2048133e+01		1.0775356e+02		5.4633214e+01		5.3436876e+01		1.1963378e+00
2.3700000e+02		2.3800000e+02		2.3750000e+02		3.0878004e+01		3.4181118e+01		1.1483116e+02		5.8211577e+01		5.6856677e+01		1.3549001e+00
2.3800000e+02		2.3900000e+02		2.3850000e+02		2.5598090e+01		2.8312252e+01		9.5035605e+01		4.8167464e+01		4.6977936e+01		1.1895277e+00
2.3900000e+02		2.4000000e+02		2.3950000e+02		2.7890834e+01		3.0809004e+01		1.0332844e+02		5.2359416e+01		5.0988822e+01		1.3705940e+00
2.4000000e+02		2.4100000e+02		2.4050000e+02		2.5623038e+01		2.8278675e+01		9.4760090e+01		4.8006554e+01		4.6676664e+01		1.3298904e+00
2.4100000e+02		2.4200000e+02		2.4150000e+02		3.0005079e+01		3.3093435e+01		1.1079656e+02		5.6116908e+01		5.4474120e+01		1.6427877e+00
2.4200000e+02		2.4300000e+02		2.4250000e+02		4.1301739e+01		4.5516847e+01		1.5225355e+02		7.7093509e+01		7.4711185e+01		2.3823244e+00
2.4300000e+02		2.4400000e+02		2.4350000e+02		3.8791639e+01		4.2718094e+01		1.4276159e+02		7.2266322e+01		6.9911859e+01		2.3544631e+00
2.4400000e+02		2.4500000e+02		2.4450000e+02		3.6329084e+01		4.0005060e+01		1.3357187e+02		6.7594009e+01		6.5276153e+01		2.3178559e+00
2.4500000e+02		2.4600000e+02		2.4550000e+02		2.9476122e+01		3.2418055e+01		1.0813752e+02		5.4704588e+01		5.2730503e+01		1.9740851e+00
2.4600000e+02		2.4700000e+02		2.4650000e+02		2.8685918e+01		3.1578706e+01		1.0523894e+02		5.3220561e+01		5.1205179e+01		2.0153827e+00
2.4700000e+02		2.4800000e+02		2.4750000e+02		3.1678139e+01		3.4852923e+01		1.1603836e+02		5.8660298e+01		5.6328854e+01		2.3314440e+00
2.4800000e+02		2.4900000e+02		2.4850000e+02		2.5406301e+01		2.7974398e+01		9.3047401e+01		4.7020220e+01		4.5062900e+01		1.9573208e+00
2.4900000e+02		2.5000000e+02		2.4950000e+02		3.0967514e+01		3.4081697e+01		1.1324894e+02		5.7205429e+01		5.4711336e+01		2.4940921e+00
2.5000000e+02		2.5100000e+02		2.5050000e+02		3.3448743e+01		3.6865085e+01		1.2237783e+02		6.1791678e+01		5.8976952e+01		2.8147254e+00
2.5100000e+02		2.5200000e+02		2.5150000e+02		2.7888154e+01		3.0758052e+01		1.0200284e+02		5.1481532e+01		4.9032278e+01		2.4492536e+00
2.5200000e+02		2.5300000e+02		2.5250000e+02		2.5069906e+01		2.7672747e+01		9.1678589e+01		4.6249968e+01		4.3954178e+01		2.2957903e+00
2.5300000e+02		2.5400000e+02		2.5350000e+02		3.1592540e+01		3.4917918e+01		1.1556464e+02		5.8272994e+01		5.5258702e+01		3.0142918e+00
2.5400000e+02		2.5500000e+02		2.5450000e+02		3.5730773e+01		3.9566403e+01		1.3081704e+02		6.5932733e+01		6.2383408e+01		3.5493259e+00
2.5500000e+02		2.5600000e+02		2.5550000e+02		4.8755658e+01		5.3986828e+01		1.7830748e+02		8.9821655e+01		8.4786110e+01		5.0355450e+00
2.5600000e+02		2.5700000e+02		2.5650000e+02		6.2803876e+01		6.9800728e+01		2.3030816e+02		1.1596075e+02		1.0921579e+02		6.7449615e+00
2.5700000e+02		2.5800000e+02		2.5750000e+02		7.8843355e+01		8.7770298e+01		2.8929881e+02		1.4558552e+02		1.3679228e+02		8.7932390e+00
2.5800000e+02		2.5900000e+02		2.5850000e+02		8.2991293e+01		9.2425273e+01		3.0431735e+02		1.5305672e+02		1.4345554e+02		9.6011802e+00
2.5900000e+02		2.6000000e+02		2.5950000e+02		7.0629481e+01		7.8980996e+01		2.5979019e+02		1.3059302e+02		1.2211536e+02		8.4776580e+00
2.6000000e+02		2.6100000e+02		2.6050000e+02		5.7868388e+01		6.4777679e+01		2.1284435e+02		1.0693085e+02		9.9735469e+01		7.1953787e+00
2.6100000e+02		2.6200000e+02		2.6150000e+02		5.9092703e+01		6.6359781e+01		2.1781856e+02		1.0936733e+02		1.0175695e+02		7.6103779e+00
2.6200000e+02		2.6300000e+02		2.6250000e+02		7.0528613e+01		7.9368944e+01		2.6024501e+02		1.3059077e+02		1.2119213e+02		9.3986346e+00
2.6300000e+02		2.6400000e+02		2.6350000e+02		1.0614195e+02		1.1988944e+02		3.9270649e+02		1.9694313e+02		1.8231100e+02		1.4632131e+01
2.6400000e+02		2.6500000e+02		2.6450000e+02		1.6548208e+02		1.8714032e+02		6.1232875e+02		3.0688436e+02		2.8331744e+02		2.3566921e+01
2.6500000e+02		2.6600000e+02		2.6550000e+02		1.7356948e+02		1.9696429e+02		6.4380703e+02		3.2245875e+02		2.9692310e+02		2.5535652e+01
2.6600000e+02		2.6700000e+02		2.6650000e+02		1.6826276e+02		1.9146094e+02		6.2516006e+02		3.1291491e+02		2.8736318e+02		2.5551724e+01
2.6700000e+02		2.6800000e+02		2.6750000e+02		1.6940220e+02		1.9333361e+02		6.3061373e+02		3.1543606e+02		2.8889751e+02		2.6538550e+01
2.6800000e+02		2.6900000e+02		2.6850000e+02		1.6778062e+02		1.9213154e+02		6.2604240e+02		3.1294084e+02		2.8583788e+02		2.7102963e+01
2.6900000e+02		2.7000000e+02		2.6950000e+02		1.5737310e+02		1.8059295e+02		5.8781461e+02		2.9362494e+02		2.6743657e+02		2.6188374e+01
2.7000000e+02		2.7100000e+02		2.7050000e+02		1.8181465e+02		2.0925667e+02		6.8039735e+02		3.3963390e+02		3.0847584e+02		3.1158057e+01
2.7100000e+02		2.7200000e+02		2.7150000e+02		1.5108640e+02		1.7441622e+02		5.6651941e+02		2.8258848e+02		2.5593831e+02		2.6650169e+01
2.7200000e+02		2.7300000e+02		2.7250000e+02		1.2154404e+02		1.4061980e+02		4.5625652e+02		2.2741923e+02		2.0536966e+02		2.2049567e+01
2.7300000e+02		2.7400000e+02		2.7350000e+02		1.2960124e+02		1.5037229e+02		4.8738653e+02		2.4275672e+02		2.1858389e+02		2.4172826e+01
2.7400000e+02		2.7500000e+02		2.7450000e+02		8.9183780e+01		1.0380640e+02		3.3610678e+02		1.6728338e+02		1.5018815e+02		1.7095233e+01
2.7500000e+02		2.7600000e+02		2.7550000e+02		1.1893609e+02		1.3869021e+02		4.4856916e+02		2.2308212e+02		1.9967340e+02		2.3408724e+01
2.7600000e+02		2.7700000e+02		2.7650000e+02		1.6564211e+02		1.9359967e+02		6.2549690e+02		3.1082806e+02		2.7736534e+02		3.3462718e+01
2.7700000e+02		2.7800000e+02		2.7750000e+02		1.5837296e+02		1.8551270e+02		5.9872894e+02		2.9728935e+02		2.6446640e+02		3.2822956e+01
2.7800000e+02		2.7900000e+02		2.7850000e+02		1.0921797e+02		1.2819203e+02		4.1328675e+02		2.0504446e+02		1.8183482e+02		2.3209644e+01
2.7900000e+02		2.8000000e+02		2.7950000e+02		6.1368404e+01		7.2158705e+01		2.3238623e+02		1.1519869e+02		1.0183370e+02		1.3364991e+01
2.8000000e+02		2.8100000e+02		2.8050000e+02		6.7313201e+01		7.9307690e+01		2.5513607e+02		1.2637104e+02		1.1135308e+02		1.5017959e+01
2.8100000e+02		2.8200000e+02		2.8150000e+02		1.3943196e+02		1.6454205e+02		5.2876567e+02		2.6167900e+02		2.2982847e+02		3.1850522e+01
2.8200000e+02		2.8300000e+02		2.8250000e+02		1.8983287e+02		2.2433203e+02		7.2011979e+02		3.5606852e+02		3.1169188e+02		4.4376636e+01
2.8300000e+02		2.8400000e+02		2.8350000e+02		1.9610227e+02		2.3196557e+02		7.4380341e+02		3.6745240e+02		3.2056528e+02		4.6887115e+01
2.8400000e+02		2.8500000e+02		2.8450000e+02		1.4459284e+02		1.7127557e+02		5.4860344e+02		2.7077990e+02		2.3542977e+02		3.5350128e+01
2.8500000e+02		2.8600000e+02		2.8550000e+02		9.2944992e+01		1.1020538e+02		3.5260507e+02		1.7388115e+02		1.5065850e+02		2.3222652e+01
2.8600000e+02		2.8700000e+02		2.8650000e+02		1.9045522e+02		2.2597997e+02		7.2222786e+02		3.5582518e+02		3.0721708e+02		4.8608104e+01
2.8700000e+02		2.8800000e+02		2.8750000e+02		2.2108403e+02		2.6256281e+02		8.3822474e+02		4.1259152e+02		3.5497173e+02		5.7619790e+01
2.8800000e+02		2.8900000e+02		2.8850000e+02		2.1010240e+02		2.4970629e+02		7.9630160e+02		3.9158751e+02		3.3569457e+02		5.5892941e+01
2.8900000e+02		2.9000000e+02		2.8950000e+02		3.1885068e+02		3.7906221e+02		1.2074591e+03		5.9320595e+02		5.0666953e+02		8.6536421e+01
2.9000000e+02		2.9100000e+02		2.9050000e+02		4.1860542e+02		4.9774871e+02		1.5837437e+03		7.7731087e+02		6.6145117e+02		1.1585970e+02
2.9100000e+02		2.9200000e+02		2.9150000e+02		4.0318642e+02		4.7949712e+02		1.5239615e+03		7.4723418e+02		6.3347267e+02		1.1376151e+02
2.9200000e+02		2.9300000e+02		2.9250000e+02		3.5818014e+02		4.2598785e+02		1.3523739e+03		6.6244066e+02		5.5945335e+02		1.0298731e+02
2.9300000e+02		2.9400000e+02		2.9350000e+02		3.7393440e+02		4.4468680e+02		1.4101456e+03		6.9004350e+02		5.8052020e+02		1.0952331e+02
2.9400000e+02		2.9500000e+02		2.9450000e+02		3.4819581e+02		4.1400051e+02		1.3113531e+03		6.4104664e+02		5.3719690e+02		1.0384973e+02
2.9500000e+02		2.9600000e+02		2.9550000e+02		3.7701055e+02		4.4815473e+02		1.4179331e+03		6.9243518e+02		5.7797375e+02		1.1446143e+02
2.9600000e+02		2.9700000e+02		2.9650000e+02		3.4493460e+02		4.0989370e+02		1.2954099e+03		6.3194538e+02		5.2537992e+02		1.0656546e+02
2.9700000e+02		2.9800000e+02		2.9750000e+02		3.5165811e+02		4.1759630e+02		1.3182318e+03		6.4239434e+02		5.3187788e+02		1.1051646e+02
2.9800000e+02		2.9900000e+02		2.9850000e+02		3.0223333e+02		3.5861929e+02		1.1307490e+03		5.5043819e+02		4.5384838e+02		9.6589808e+01
2.9900000e+02		3.0000000e+02		2.9950000e+02		3.4101318e+02		4.0430757e+02		1.2733349e+03		6.1917604e+02		5.0838426e+02		1.1079178e+02
3.0000000e+02		3.0100000e+02		3.0050000e+02		2.7131061e+02		3.2140421e+02		1.0110710e+03		4.9111088e+02		4.0153028e+02		8.9580595e+01
3.0100000e+02		3.0200000e+02		3.0150000e+02		3.1202593e+02		3.6932965e+02		1.1604978e+03		5.6307407e+02		4.5840422e+02		1.0466985e+02
3.0200000e+02		3.0300000e+02		3.0250000e+02		3.2846528e+02		3.8846067e+02		1.2192107e+03		5.9090942e+02		4.7899889e+02		1.1191053e+02
3.0300000e+02		3.0400000e+02		3.0350000e+02		4.2601061e+02		5.0339282e+02		1.5781229e+03		7.6401298e+02		6.1663391e+02		1.4737907e+02
3.0400000e+02		3.0500000e+02		3.0450000e+02		4.0776836e+02		4.8142127e+02		1.5075199e+03		7.2901898e+02		5.8582247e+02		1.4319652e+02
3.0500000e+02		3.0600000e+02		3.0550000e+02		4.1174793e+02		4.8569486e+02		1.5191671e+03		7.3382743e+02		5.8708796e+02		1.4673947e+02
3.0600000e+02		3.0700000e+02		3.0650000e+02		3.9053943e+02		4.6027147e+02		1.4380119e+03		6.9384421e+02		5.5263905e+02		1.4120517e+02
3.0700000e+02		3.0800000e+02		3.0750000e+02		4.3847484e+02		5.1630525e+02		1.6112457e+03		7.7654960e+02		6.1574474e+02		1.6080486e+02
3.0800000e+02		3.0900000e+02		3.0850000e+02		4.3035211e+02		5.0628563e+02		1.5781914e+03		7.5975510e+02		5.9971518e+02		1.6003991e+02
3.0900000e+02		3.1000000e+02		3.0950000e+02		3.4901328e+02		4.1022279e+02		1.2773020e+03		6.1420236e+02		4.8262085e+02		1.3158151e+02
3.1000000e+02		3.1100000e+02		3.1050000e+02		4.3927411e+02		5.1584198e+02		1.6043598e+03		7.7058723e+02		6.0273373e+02		1.6785350e+02
3.1100000e+02		3.1200000e+02		3.1150000e+02		5.2246540e+02		6.1297000e+02		1.9043085e+03		9.1360368e+02		7.1130694e+02		2.0229675e+02
3.1200000e+02		3.1300000e+02		3.1250000e+02		4.6521908e+02		5.4530155e+02		1.6921887e+03		8.1090034e+02		6.2841349e+02		1.8248686e+02
3.1300000e+02		3.1400000e+02		3.1350000e+02		4.9544367e+02		5.8018841e+02		1.7984450e+03		8.6082110e+02		6.6398408e+02		1.9683702e+02
3.1400000e+02		3.1500000e+02		3.1450000e+02		4.6729179e+02		5.4670843e+02		1.6927819e+03		8.0930394e+02		6.2130765e+02		1.8799629e+02
3.1500000e+02		3.1600000e+02		3.1550000e+02		4.5343123e+02		5.2999312e+02		1.6392103e+03		7.8277910e+02		5.9809805e+02		1.8468105e+02
3.1600000e+02		3.1700000e+02		3.1650000e+02		4.4229406e+02		5.1648635e+02		1.5956726e+03		7.6109763e+02		5.7875651e+02		1.8234112e+02
3.1700000e+02		3.1800000e+02		3.1750000e+02		5.6102832e+02		6.5451582e+02		2.0198902e+03		9.6231128e+02		7.2825186e+02		2.3405942e+02
3.1800000e+02		3.1900000e+02		3.1850000e+02		4.6340678e+02		5.4011144e+02		1.6650025e+03		7.9230457e+02		5.9669534e+02		1.9560922e+02
3.1900000e+02		3.2000000e+02		3.1950000e+02		4.9774832e+02		5.7958262e+02		1.7847316e+03		8.4827939e+02		6.3574337e+02		2.1253602e+02
3.2000000e+02		3.2100000e+02		3.2050000e+02		5.7184857e+02		6.6522708e+02		2.0462343e+03		9.7142444e+02		7.2447074e+02		2.4695370e+02
3.2100000e+02		3.2200000e+02		3.2150000e+02		4.8024660e+02		5.5812958e+02		1.7149434e+03		8.1318565e+02		6.0346914e+02		2.0971651e+02
3.2200000e+02		3.2300000e+02		3.2250000e+02		4.8228681e+02		5.5996112e+02		1.7187185e+03		8.1401242e+02		6.0109185e+02		2.1292058e+02
3.2300000e+02		3.2400000e+02		3.2350000e+02		4.6607071e+02		5.4061035e+02		1.6575411e+03		7.8410652e+02		5.7611811e+02		2.0798840e+02
3.2400000e+02		3.2500000e+02		3.2450000e+02		5.4882129e+02		6.3597992e+02		1.9478654e+03		9.2035229e+02		6.7283225e+02		2.4752004e+02
3.2500000e+02		3.2600000e+02		3.2550000e+02		6.3196128e+02		7.3161476e+02		2.2383898e+03		1.0563670e+03		7.6837212e+02		2.8799491e+02
3.2600000e+02		3.2700000e+02		3.2650000e+02		7.1301257e+02		8.2464646e+02		2.5203466e+03		1.1880156e+03		8.5974073e+02		3.2827492e+02
3.2700000e+02		3.2800000e+02		3.2750000e+02		6.8984049e+02		7.9707311e+02		2.4335061e+03		1.1457168e+03		8.2489978e+02		3.2081700e+02
3.2800000e+02		3.2900000e+02		3.2850000e+02		6.6596082e+02		7.6873534e+02		2.3445256e+03		1.1025095e+03		7.8971819e+02		3.1279133e+02
3.2900000e+02		3.3000000e+02		3.2950000e+02		7.7527139e+02		8.9404667e+02		2.7238543e+03		1.2793606e+03		9.1166266e+02		3.6769799e+02
3.3000000e+02		3.3100000e+02		3.3050000e+02		7.3029799e+02		8.4136680e+02		2.5606916e+03		1.2012917e+03		8.5159157e+02		3.4970018e+02
3.3100000e+02		3.3200000e+02		3.3150000e+02		6.9881652e+02		8.0431729e+02		2.4453985e+03		1.1458368e+03		8.0804386e+02		3.3779296e+02
3.3200000e+02		3.3300000e+02		3.3250000e+02		6.8562051e+02		7.8836440e+02		2.3944260e+03		1.1206139e+03		7.8611070e+02		3.3450317e+02
3.3300000e+02		3.3400000e+02		3.3350000e+02		6.5878216e+02		7.5677155e+02		2.2961172e+03		1.0733233e+03		7.4896951e+02		3.2435380e+02
3.3400000e+02		3.3500000e+02		3.3450000e+02		6.9405546e+02		7.9652106e+02		2.4142567e+03		1.1272022e+03		7.8239986e+02		3.4480230e+02
3.3500000e+02		3.3600000e+02		3.3550000e+02		6.8541663e+02		7.8584761e+02		2.3794885e+03		1.1096444e+03		7.6611144e+02		3.4353297e+02
3.3600000e+02		3.3700000e+02		3.3650000e+02		5.6469084e+02		6.4680887e+02		1.9565135e+03		9.1130849e+02		6.2581282e+02		2.8549567e+02
3.3700000e+02		3.3800000e+02		3.3750000e+02		5.9573781e+02		6.8171482e+02		2.0600302e+03		9.5838248e+02		6.5460272e+02		3.0377977e+02
3.3800000e+02		3.3900000e+02		3.3850000e+02		6.4448401e+02		7.3678828e+02		2.2242297e+03		1.0335410e+03		7.0212447e+02		3.3141653e+02
3.3900000e+02		3.4000000e+02		3.3950000e+02		6.7448220e+02		7.7034477e+02		2.3232216e+03		1.0782566e+03		7.2852719e+02		3.4972940e+02
3.4000000e+02		3.4100000e+02		3.4050000e+02		7.1196374e+02		8.1237713e+02		2.4475648e+03		1.1346179e+03		7.6242995e+02		3.7218799e+02
3.4100000e+02		3.4200000e+02		3.4150000e+02		6.4984945e+02		7.4079614e+02		2.2297106e+03		1.0324008e+03		6.8994394e+02		3.4245683e+02
3.4200000e+02		3.4300000e+02		3.4250000e+02		7.0477558e+02		8.0264631e+02		2.4135137e+03		1.1161812e+03		7.4183147e+02		3.7434971e+02
3.4300000e+02		3.4400000e+02		3.4350000e+02		6.9264465e+02		7.8808406e+02		2.3674255e+03		1.0935713e+03		7.2279052e+02		3.7078075e+02
3.4400000e+02		3.4500000e+02		3.4450000e+02		5.5710877e+02		6.3327457e+02		1.9005377e+03		8.7686721e+02		5.7634638e+02		3.0052083e+02
3.4500000e+02		3.4600000e+02		3.4550000e+02		6.7138909e+02		7.6246103e+02		2.2860470e+03		1.0534885e+03		6.8857842e+02		3.6491010e+02
3.4600000e+02		3.4700000e+02		3.4650000e+02		6.5194093e+02		7.3968090e+02		2.2156312e+03		1.0198360e+03		6.6285399e+02		3.5698198e+02
3.4700000e+02		3.4800000e+02		3.4750000e+02		6.4525828e+02		7.3141530e+02		2.1887953e+03		1.0062992e+03		6.5038236e+02		3.5591687e+02
3.4800000e+02		3.4900000e+02		3.4850000e+02		6.6761091e+02		7.5604861e+02		2.2603794e+03		1.0379906e+03		6.6708197e+02		3.7090865e+02
3.4900000e+02		3.5000000e+02		3.4950000e+02		6.3989005e+02		7.2398425e+02		2.1624884e+03		9.9187516e+02		6.3383671e+02		3.5803846e+02
3.5000000e+02		3.5100000e+02		3.5050000e+02		7.6650484e+02		8.6643857e+02		2.5855800e+03		1.1845501e+03		7.5265992e+02		4.3189017e+02
3.5100000e+02		3.5200000e+02		3.5150000e+02		7.1211510e+02		8.0421822e+02		2.3976853e+03		1.0971878e+03		6.9317355e+02		4.0401429e+02
3.5200000e+02		3.5300000e+02		3.5250000e+02		6.5785102e+02		7.4225622e+02		2.2109182e+03		1.0105458e+03		6.3477999e+02		3.7576582e+02
3.5300000e+02		3.5400000e+02		3.5350000e+02		7.5263834e+02		8.4843192e+02		2.5248695e+03		1.1527045e+03		7.1991669e+02		4.3278782e+02
3.5400000e+02		3.5500000e+02		3.5450000e+02		8.0329241e+02		9.0471238e+02		2.6899122e+03		1.2266317e+03		7.6166919e+02		4.6496247e+02
3.5500000e+02		3.5600000e+02		3.5550000e+02		7.5433512e+02		8.4880767e+02		2.5214191e+03		1.1484694e+03		7.0900734e+02		4.3946209e+02
3.5600000e+02		3.5700000e+02		3.5650000e+02		6.5576441e+02		7.3722970e+02		2.1880099e+03		9.9545902e+02		6.1097713e+02		3.8448189e+02
3.5700000e+02		3.5800000e+02		3.5750000e+02		5.7307986e+02		6.4369790e+02		1.9087183e+03		8.6739522e+02		5.2927354e+02		3.3812168e+02
3.5800000e+02		3.5900000e+02		3.5850000e+02		4.9194729e+02		5.5207676e+02		1.6355922e+03		7.4242527e+02		4.5036941e+02		2.9205586e+02
3.5900000e+02		3.6000000e+02		3.5950000e+02		7.1030971e+02		7.9642450e+02		2.3574286e+03		1.0688587e+03		6.4458616e+02		4.2427251e+02
3.6000000e+02		3.6100000e+02		3.6050000e+02		7.0092701e+02		7.8521334e+02		2.3222155e+03		1.0516950e+03		6.3050237e+02		4.2119263e+02
3.6100000e+02		3.6200000e+02		3.6150000e+02		6.5110481e+02		7.2876225e+02		2.1533975e+03		9.7413374e+02		5.8055518e+02		3.9357856e+02
3.6200000e+02		3.6300000e+02		3.6250000e+02		7.3500056e+02		8.2194892e+02		2.4266615e+03		1.0965092e+03		6.4961661e+02		4.4689260e+02
3.6300000e+02		3.6400000e+02		3.6350000e+02		7.1558904e+02		7.9954915e+02		2.3585121e+03		1.0645144e+03		6.2691452e+02		4.3759988e+02
3.6400000e+02		3.6500000e+02		3.6450000e+02		7.4837927e+02		8.3546779e+02		2.4623728e+03		1.1101438e+03		6.4989042e+02		4.6025338e+02
3.6500000e+02		3.6600000e+02		3.6550000e+02		8.5179486e+02		9.5010506e+02		2.7978822e+03		1.2599943e+03		7.3320571e+02		5.2678855e+02
3.6600000e+02		3.6700000e+02		3.6650000e+02		9.1042532e+02		1.0146396e+03		2.9854227e+03		1.3429518e+03		7.7679500e+02		5.6615676e+02
3.6700000e+02		3.6800000e+02		3.6750000e+02		8.7909512e+02		9.7889564e+02		2.8778571e+03		1.2931265e+03		7.4347822e+02		5.4964829e+02
3.6800000e+02		3.6900000e+02		3.6850000e+02		8.1047729e+02		9.0173031e+02		2.6488102e+03		1.1888899e+03		6.7942687e+02		5.0946302e+02
3.6900000e+02		3.7000000e+02		3.6950000e+02		8.9967825e+02		1.0001395e+03		2.9354766e+03		1.3161042e+03		7.4758042e+02		5.6852374e+02
3.7000000e+02		3.7100000e+02		3.7050000e+02		8.4427990e+02		9.3777708e+02		2.7501988e+03		1.2316815e+03		6.9538525e+02		5.3629622e+02
3.7100000e+02		3.7200000e+02		3.7150000e+02		8.7164560e+02		9.6737574e+02		2.8347099e+03		1.2681409e+03		7.1161800e+02		5.5652289e+02
3.7200000e+02		3.7300000e+02		3.7250000e+02		7.2411383e+02		8.0298321e+02		2.3511015e+03		1.0506468e+03		5.8597835e+02		4.6466845e+02
3.7300000e+02		3.7400000e+02		3.7350000e+02		6.3155746e+02		6.9977620e+02		2.0472840e+03		9.1388568e+02		5.0658847e+02		4.0729722e+02
3.7400000e+02		3.7500000e+02		3.7450000e+02		6.4642322e+02		7.1566905e+02		2.0921252e+03		9.3289301e+02		5.1395741e+02		4.1893560e+02
3.7500000e+02		3.7600000e+02		3.7550000e+02		7.4036161e+02		8.1901243e+02		2.3923514e+03		1.0656179e+03		5.8347472e+02		4.8214314e+02
3.7600000e+02		3.7700000e+02		3.7650000e+02		7.6758018e+02		8.4844559e+02		2.4763956e+03		1.1018714e+03		5.9961186e+02		5.0225952e+02
3.7700000e+02		3.7800000e+02		3.7750000e+02		9.0048278e+02		9.9456148e+02		2.9006258e+03		1.2892555e+03		6.9725343e+02		5.9200203e+02
3.7800000e+02		3.7900000e+02		3.7850000e+02		9.3786543e+02		1.0350351e+03		3.0163497e+03		1.3392677e+03		7.1982207e+02		6.1944563e+02
3.7900000e+02		3.8000000e+02		3.7950000e+02		7.6051322e+02		8.3865239e+02		2.4421797e+03		1.0831880e+03		5.7857746e+02		5.0461053e+02
3.8000000e+02		3.8100000e+02		3.8050000e+02		8.2814537e+02		9.1252512e+02		2.6552900e+03		1.1764698e+03		6.2449976e+02		5.5197001e+02
3.8100000e+02		3.8200000e+02		3.8150000e+02		7.4366886e+02		8.1881017e+02		2.3808078e+03		1.0537506e+03		5.5587510e+02		4.9787554e+02
3.8200000e+02		3.8300000e+02		3.8250000e+02		5.3336093e+02		5.8680334e+02		1.7049440e+03		7.5382486e+02		3.9517715e+02		3.5864771e+02
3.8300000e+02		3.8400000e+02		3.8350000e+02		4.7073026e+02		5.1750388e+02		1.5024846e+03		6.6361980e+02		3.4571399e+02		3.1790581e+02
3.8400000e+02		3.8500000e+02		3.8450000e+02		6.2969557e+02		6.9174273e+02		2.0068844e+03		8.8548820e+02		4.5840672e+02		4.2708148e+02
3.8500000e+02		3.8600000e+02		3.8550000e+02		6.6694888e+02		7.3211844e+02		2.1224763e+03		9.3552756e+02		4.8127113e+02		4.5425643e+02
3.8600000e+02		3.8700000e+02		3.8650000e+02		6.6977732e+02		7.3467699e+02		2.1283553e+03		9.3715914e+02		4.7907791e+02		4.5808123e+02
3.8700000e+02		3.8800000e+02		3.8750000e+02		6.6902499e+02		7.3331050e+02		2.1228739e+03		9.3379404e+02		4.7434915e+02		4.5944490e+02
3.8800000e+02		3.8900000e+02		3.8850000e+02		6.7841027e+02		7.4305320e+02		2.1495482e+03		9.4456968e+02		4.7679313e+02		4.6777655e+02
3.8900000e+02		3.9000000e+02		3.8950000e+02		8.1451188e+02		8.9147507e+02		2.5770918e+03		1.1313027e+03		5.6743827e+02		5.6386443e+02
3.9000000e+02		3.9100000e+02		3.9050000e+02		8.5560997e+02		9.3578107e+02		2.7032781e+03		1.1855067e+03		5.9085725e+02		5.9464948e+02
3.9100000e+02		3.9200000e+02		3.9150000e+02		9.2006232e+02		1.0055523e+03		2.9028145e+03		1.2717425e+03		6.2981287e+02		6.4192966e+02
3.9200000e+02		3.9300000e+02		3.9250000e+02		7.0614281e+02		7.7120760e+02		2.2247767e+03		9.7372254e+02		4.7915551e+02		4.9456703e+02
3.9300000e+02		3.9400000e+02		3.9350000e+02		4.3291589e+02		4.7247189e+02		1.3620529e+03		5.9554408e+02		2.9119193e+02		3.0435215e+02
3.9400000e+02		3.9500000e+02		3.9450000e+02		7.1565803e+02		7.8050200e+02		2.2485224e+03		9.8217887e+02		4.7717259e+02		5.0500628e+02
3.9500000e+02		3.9600000e+02		3.9550000e+02		8.7888136e+02		9.5784908e+02		2.7575781e+03		1.2033637e+03		5.8089375e+02		6.2246991e+02
3.9600000e+02		3.9700000e+02		3.9650000e+02		6.0712893e+02		6.6122376e+02		1.9023439e+03		8.2934668e+02		3.9778311e+02		4.3156357e+02
3.9700000e+02		3.9800000e+02		3.9750000e+02		6.8053003e+02		7.4065818e+02		2.1294653e+03		9.2746588e+02		4.4199178e+02		4.8547411e+02
3.9800000e+02		3.9900000e+02		3.9850000e+02		1.0480559e+03		1.1398831e+03		3.2751220e+03		1.4250742e+03		6.7476950e+02		7.5030470e+02
3.9900000e+02		4.0000000e+02		3.9950000e+02		1.1577145e+03		1.2583022e+03		3.6130075e+03		1.5705935e+03		7.3888911e+02		8.3170436e+02
4.0000000e+02		4.0100000e+02		4.0050000e+02		1.1939713e+03		1.2968427e+03		3.7212615e+03		1.6161154e+03		7.5540740e+02		8.6070801e+02
4.0100000e+02		4.0200000e+02		4.0150000e+02		1.2509583e+03		1.3578396e+03		3.8937907e+03		1.6894462e+03		7.8458966e+02		9.0485651e+02
4.0200000e+02		4.0300000e+02		4.0250000e+02		1.2664199e+03		1.3737188e+03		3.9368193e+03		1.7065112e+03		7.8739524e+02		9.1911598e+02
4.0300000e+02		4.0400000e+02		4.0350000e+02		1.2115903e+03		1.3133869e+03		3.7615430e+03		1.6290107e+03		7.4677390e+02		8.8223680e+02
4.0400000e+02		4.0500000e+02		4.0450000e+02		1.1914959e+03		1.2907689e+03		3.6944498e+03		1.5984691e+03		7.2802658e+02		8.7044254e+02
4.0500000e+02		4.0600000e+02		4.0550000e+02		1.1904731e+03		1.2888335e+03		3.6866188e+03		1.5936085e+03		7.2110535e+02		8.7250312e+02
4.0600000e+02		4.0700000e+02		4.0650000e+02		1.1388815e+03		1.2321946e+03		3.5224355e+03		1.5212399e+03		6.8388850e+02		8.3735138e+02
4.0700000e+02		4.0800000e+02		4.0750000e+02		1.1575323e+03		1.2515830e+03		3.5756739e+03		1.5428232e+03		6.8908177e+02		8.5374143e+02
4.0800000e+02		4.0900000e+02		4.0850000e+02		1.2307397e+03		1.3299053e+03		3.7971317e+03		1.6368914e+03		7.2633679e+02		9.1055460e+02
4.0900000e+02		4.1000000e+02		4.0950000e+02		1.2243097e+03		1.3221356e+03		3.7726783e+03		1.6248836e+03		7.1630943e+02		9.0857420e+02
4.1000000e+02		4.1100000e+02		4.1050000e+02		1.1216634e+03		1.2105415e+03		3.4521877e+03		1.4855167e+03		6.5059826e+02		8.3491841e+02
4.1100000e+02		4.1200000e+02		4.1150000e+02		1.3003372e+03		1.4025156e+03		3.9972887e+03		1.7185479e+03		7.4774030e+02		9.7080758e+02
4.1200000e+02		4.1300000e+02		4.1250000e+02		1.2760342e+03		1.3754690e+03		3.9179042e+03		1.6829270e+03		7.2745326e+02		9.5547370e+02
4.1300000e+02		4.1400000e+02		4.1350000e+02		1.2308584e+03		1.3259756e+03		3.7747295e+03		1.6199998e+03		6.9566867e+02		9.2433112e+02
4.1400000e+02		4.1500000e+02		4.1450000e+02		1.2488872e+03		1.3445958e+03		3.8255284e+03		1.6403653e+03		6.9979814e+02		9.4056718e+02
4.1500000e+02		4.1600000e+02		4.1550000e+02		1.2477523e+03		1.3425800e+03		3.8176076e+03		1.6355462e+03		6.9316541e+02		9.4238074e+02
4.1600000e+02		4.1700000e+02		4.1650000e+02		1.2947363e+03		1.3923182e+03		3.9567909e+03		1.6937111e+03		7.1310338e+02		9.8060772e+02
4.1700000e+02		4.1800000e+02		4.1750000e+02		1.1781342e+03		1.2661916e+03		3.5963304e+03		1.5380939e+03		6.4332793e+02		8.9476602e+02
4.1800000e+02		4.1900000e+02		4.1850000e+02		1.2217101e+03		1.3122676e+03		3.7251191e+03		1.5918158e+03		6.6141813e+02		9.3039770e+02
4.1900000e+02		4.2000000e+02		4.1950000e+02		1.2338424e+03		1.3245417e+03		3.7578805e+03		1.6044543e+03		6.6228025e+02		9.4217402e+02
4.2000000e+02		4.2100000e+02		4.2050000e+02		1.2494927e+03		1.3405822e+03		3.8013019e+03		1.6216263e+03		6.6495760e+02		9.5666874e+02
4.2100000e+02		4.2200000e+02		4.2150000e+02		1.2299982e+03		1.3189248e+03		3.7378557e+03		1.5932258e+03		6.4900316e+02		9.4422267e+02
4.2200000e+02		4.2300000e+02		4.2250000e+02		1.1657134e+03		1.2492957e+03		3.5386149e+03		1.5070470e+03		6.0984610e+02		8.9720091e+02
4.2300000e+02		4.2400000e+02		4.2350000e+02		1.2419943e+03		1.3303105e+03		3.7660715e+03		1.6025924e+03		6.4422602e+02		9.5836640e+02
4.2400000e+02		4.2500000e+02		4.2450000e+02		1.2850442e+03		1.3756674e+03		3.8924089e+03		1.6549936e+03		6.6089280e+02		9.9410075e+02
4.2500000e+02		4.2600000e+02		4.2550000e+02		1.2367256e+03		1.3232220e+03		3.7420459e+03		1.5897638e+03		6.3064467e+02		9.5911913e+02
4.2600000e+02		4.2700000e+02		4.2650000e+02		1.2316584e+03		1.3170905e+03		3.7227625e+03		1.5802899e+03		6.2273638e+02		9.5755349e+02
4.2700000e+02		4.2800000e+02		4.2750000e+02		1.1420512e+03		1.2206155e+03		3.4482902e+03		1.4625997e+03		5.7254067e+02		8.9005903e+02
4.2800000e+02		4.2900000e+02		4.2850000e+02		1.1495483e+03		1.2279777e+03		3.4673087e+03		1.4694902e+03		5.7142472e+02		8.9806552e+02
4.2900000e+02		4.3000000e+02		4.2950000e+02		1.0698649e+03		1.1422578e+03		3.2236294e+03		1.3651304e+03		5.2732223e+02		8.3780814e+02
4.3000000e+02		4.3100000e+02		4.3050000e+02		8.6065012e+02		9.1840804e+02		2.5905829e+03		1.0961844e+03		4.2062341e+02		6.7556100e+02
4.3100000e+02		4.3200000e+02		4.3150000e+02		1.0641754e+03		1.1350057e+03		3.1999453e+03		1.3529697e+03		5.1570822e+02		8.3726145e+02
4.3200000e+02		4.3300000e+02		4.3250000e+02		1.1990384e+03		1.2781907e+03		3.6018421e+03		1.5217097e+03		5.7617226e+02		9.4553746e+02
4.3300000e+02		4.3400000e+02		4.3350000e+02		1.3017454e+03		1.3869737e+03		3.9064619e+03		1.6491290e+03		6.2026621e+02		1.0288628e+03
4.3400000e+02		4.3500000e+02		4.3450000e+02		1.1054356e+03		1.1772186e+03		3.3140622e+03		1.3979700e+03		5.2230330e+02		8.7566669e+02
4.3500000e+02		4.3600000e+02		4.3550000e+02		1.2347447e+03		1.3142689e+03		3.6980919e+03		1.5587745e+03		5.7850646e+02		9.8026808e+02
4.3600000e+02		4.3700000e+02		4.3650000e+02		1.3814970e+03		1.4697460e+03		4.1335905e+03		1.7410197e+03		6.4184065e+02		1.0991791e+03
4.3700000e+02		4.3800000e+02		4.3750000e+02		1.2223713e+03		1.2998181e+03		3.6539386e+03		1.5378372e+03		5.6315921e+02		9.7467799e+02
4.3800000e+02		4.3900000e+02		4.3850000e+02		1.1905029e+03		1.2653155e+03		3.5552713e+03		1.4951920e+03		5.4389348e+02		9.5129850e+02
4.3900000e+02		4.4000000e+02		4.3950000e+02		1.3250738e+03		1.4076647e+03		3.9533941e+03		1.6613902e+03		6.0032084e+02		1.0610693e+03
4.4000000e+02		4.4100000e+02		4.4050000e+02		1.2562739e+03		1.3339393e+03		3.7446020e+03		1.5724857e+03		5.6440683e+02		1.0080789e+03
4.4100000e+02		4.4200000e+02		4.4150000e+02		1.3817384e+03		1.4664658e+03		4.1147357e+03		1.7266516e+03		6.1560613e+02		1.1110454e+03
4.4200000e+02		4.4300000e+02		4.4250000e+02		1.4526378e+03		1.5409893e+03		4.3218703e+03		1.8122512e+03		6.4181267e+02		1.1704385e+03
4.4300000e+02		4.4400000e+02		4.4350000e+02		1.4050936e+03		1.4898600e+03		4.1765853e+03		1.7500647e+03		6.1565111e+02		1.1344136e+03
4.4400000e+02		4.4500000e+02		4.4450000e+02		1.4475318e+03		1.5341505e+03		4.2988209e+03		1.7999911e+03		6.2898553e+02		1.1710056e+03
4.4500000e+02		4.4600000e+02		4.4550000e+02		1.3420773e+03		1.4217355e+03		3.9820554e+03		1.6661678e+03		5.7833292e+02		1.0878348e+03
4.4600000e+02		4.4700000e+02		4.4650000e+02		1.3689269e+03		1.4495216e+03		4.0580924e+03		1.6967815e+03		5.8502337e+02		1.1117581e+03
4.4700000e+02		4.4800000e+02		4.4750000e+02		1.4837056e+03		1.5703520e+03		4.3944514e+03		1.8361298e+03		6.2883700e+02		1.2072928e+03
4.4800000e+02		4.4900000e+02		4.4850000e+02		1.4587166e+03		1.5432161e+03		4.3166459e+03		1.8023618e+03		6.1314536e+02		1.1892165e+03
4.4900000e+02		4.5000000e+02		4.4950000e+02		1.4737837e+03		1.5584677e+03		4.3574370e+03		1.8181330e+03		6.1437464e+02		1.2037584e+03
4.5000000e+02		4.5100000e+02		4.5050000e+02		1.5636828e+03		1.6528089e+03		4.6192466e+03		1.9260466e+03		6.4648730e+02		1.2795593e+03
4.5100000e+02		4.5200000e+02		4.5150000e+02		1.5589734e+03		1.6471163e+03		4.6013954e+03		1.9172926e+03		6.3924399e+02		1.2780486e+03
4.5200000e+02		4.5300000e+02		4.5250000e+02		1.4757889e+03		1.5585581e+03		4.3521781e+03		1.8122194e+03		6.0016909e+02		1.2120503e+03
4.5300000e+02		4.5400000e+02		4.5350000e+02		1.4141855e+03		1.4928631e+03		4.1670004e+03		1.7339439e+03		5.7040334e+02		1.1635406e+03
4.5400000e+02		4.5500000e+02		4.5450000e+02		1.5096596e+03		1.5929755e+03		4.4446146e+03		1.8482259e+03		6.0392904e+02		1.2442969e+03
4.5500000e+02		4.5600000e+02		4.5550000e+02		1.4952815e+03		1.5771430e+03		4.3986467e+03		1.8278963e+03		5.9328854e+02		1.2346077e+03
4.5600000e+02		4.5700000e+02		4.5650000e+02		1.5527317e+03		1.6370585e+03		4.5639060e+03		1.8953208e+03		6.1105528e+02		1.2842656e+03
4.5700000e+02		4.5800000e+02		4.5750000e+02		1.5677329e+03		1.6521942e+03		4.6042572e+03		1.9108265e+03		6.1193062e+02		1.2988959e+03
4.5800000e+02		4.5900000e+02		4.5850000e+02		1.4734199e+03		1.5521666e+03		4.3237873e+03		1.7932616e+03		5.7043692e+02		1.2228247e+03
4.5900000e+02		4.6000000e+02		4.5950000e+02		1.5222067e+03		1.6029124e+03		4.4633890e+03		1.8499660e+03		5.8453518e+02		1.2654309e+03
4.6000000e+02		4.6100000e+02		4.6050000e+02		1.5039223e+03		1.5830238e+03		4.4062875e+03		1.8251289e+03		5.7282677e+02		1.2523021e+03
4.6100000e+02		4.6200000e+02		4.6150000e+02		1.5386000e+03		1.6188820e+03		4.5043533e+03		1.8645621e+03		5.8128541e+02		1.2832767e+03
4.6200000e+02		4.6300000e+02		4.6250000e+02		1.5538294e+03		1.6342621e+03		4.5454018e+03		1.8803659e+03		5.8228783e+02		1.2980780e+03
4.6300000e+02		4.6400000e+02		4.6350000e+02		1.5018384e+03		1.5789631e+03		4.3899270e+03		1.8149097e+03		5.5825572e+02		1.2566540e+03
4.6400000e+02		4.6500000e+02		4.6450000e+02		1.5281564e+03		1.6060109e+03		4.4634425e+03		1.8441545e+03		5.6345385e+02		1.2807006e+03
4.6500000e+02		4.6600000e+02		4.6550000e+02		1.4760608e+03		1.5506661e+03		4.3080160e+03		1.7788373e+03		5.3985904e+02		1.2389783e+03
4.6600000e+02		4.6700000e+02		4.6650000e+02		1.4854121e+03		1.5598966e+03		4.3320533e+03		1.7876655e+03		5.3890689e+02		1.2487586e+03
4.6700000e+02		4.6800000e+02		4.6750000e+02		1.4997486e+03		1.5743584e+03		4.3706086e+03		1.8024775e+03		5.3973553e+02		1.2627420e+03
4.6800000e+02		4.6900000e+02		4.6850000e+02		1.4665907e+03		1.5389758e+03		4.2708252e+03		1.7602613e+03		5.2356706e+02		1.2366942e+03
4.6900000e+02		4.7000000e+02		4.6950000e+02		1.5086728e+03		1.5825486e+03		4.3901577e+03		1.8083595e+03		5.3427437e+02		1.2740851e+03
4.7000000e+02		4.7100000e+02		4.7050000e+02		1.4256243e+03		1.4948844e+03		4.1454826e+03		1.7065576e+03		5.0082413e+02		1.2057335e+03
4.7100000e+02		4.7200000e+02		4.7150000e+02		1.4904926e+03		1.5623355e+03		4.3309932e+03		1.7818718e+03		5.1942861e+02		1.2624432e+03
4.7200000e+02		4.7300000e+02		4.7250000e+02		1.5269264e+03		1.5999481e+03		4.4336984e+03		1.8230564e+03		5.2787986e+02		1.2951765e+03
4.7300000e+02		4.7400000e+02		4.7350000e+02		1.4995420e+03		1.5706923e+03		4.3511067e+03		1.7880536e+03		5.1428238e+02		1.2737713e+03
4.7400000e+02		4.7500000e+02		4.7450000e+02		1.5448084e+03		1.6175331e+03		4.4793133e+03		1.8396744e+03		5.2559205e+02		1.3140823e+03
4.7500000e+02		4.7600000e+02		4.7550000e+02		1.5413846e+03		1.6133811e+03		4.4662826e+03		1.8332694e+03		5.2026124e+02		1.3130081e+03
4.7600000e+02		4.7700000e+02		4.7650000e+02		1.4853490e+03		1.5541868e+03		4.3009527e+03		1.7644005e+03		4.9737096e+02		1.2670295e+03
4.7700000e+02		4.7800000e+02		4.7750000e+02		1.5508368e+03		1.6221495e+03		4.4875141e+03		1.8398930e+03		5.1518666e+02		1.3247063e+03
4.7800000e+02		4.7900000e+02		4.7850000e+02		1.5358791e+03		1.6059543e+03		4.4412262e+03		1.8198923e+03		5.0618267e+02		1.3137096e+03
4.7900000e+02		4.8000000e+02		4.7950000e+02		1.5403519e+03		1.6100850e+03		4.4511732e+03		1.8229516e+03		5.0364790e+02		1.3193037e+03
4.8000000e+02		4.8100000e+02		4.8050000e+02		1.5442750e+03		1.6136430e+03		4.4595433e+03		1.8253690e+03		5.0094914e+02		1.3244199e+03
4.8100000e+02		4.8200000e+02		4.8150000e+02		1.5475498e+03		1.6165260e+03		4.4660551e+03		1.8270304e+03		4.9805875e+02		1.3289717e+03
4.8200000e+02		4.8300000e+02		4.8250000e+02		1.5416562e+03		1.6098378e+03		4.4461399e+03		1.8178917e+03		4.9226096e+02		1.3256308e+03
4.8300000e+02		4.8400000e+02		4.8350000e+02		1.5183412e+03		1.5849724e+03		4.3760630e+03		1.7882712e+03		4.8101002e+02		1.3072612e+03
4.8400000e+02		4.8500000e+02		4.8450000e+02		1.4920771e+03		1.5570501e+03		4.2976048e+03		1.7552660e+03		4.6898386e+02		1.2862822e+03
4.8500000e+02		4.8600000e+02		4.8550000e+02		1.4021236e+03		1.4627087e+03		4.0359422e+03		1.6475166e+03		4.3726015e+02		1.2102565e+03
4.8600000e+02		4.8700000e+02		4.8650000e+02		1.2173217e+03		1.2695165e+03		3.5017877e+03		1.4287124e+03		3.7666133e+02		1.0520510e+03
4.8700000e+02		4.8800000e+02		4.8750000e+02		1.3927585e+03		1.4520163e+03		4.0039483e+03		1.6327334e+03		4.2758134e+02		1.2051521e+03
4.8800000e+02		4.8900000e+02		4.8850000e+02		1.4651201e+03		1.5269779e+03		4.2093633e+03		1.7156029e+03		4.4629151e+02		1.2693114e+03
4.8900000e+02		4.9000000e+02		4.8950000e+02		1.4372192e+03		1.4974336e+03		4.1266636e+03		1.6810269e+03		4.3438626e+02		1.2466406e+03
4.9000000e+02		4.9100000e+02		4.9050000e+02		1.5307557e+03		1.5943978e+03		4.3925541e+03		1.7884204e+03		4.5906245e+02		1.3293580e+03
4.9100000e+02		4.9200000e+02		4.9150000e+02		1.4425606e+03		1.5020772e+03		4.1369736e+03		1.6835028e+03		4.2925746e+02		1.2542453e+03
4.9200000e+02		4.9300000e+02		4.9250000e+02		1.3729411e+03		1.4291527e+03		3.9349599e+03		1.6004850e+03		4.0537657e+02		1.1951085e+03
4.9300000e+02		4.9400000e+02		4.9350000e+02		1.4509629e+03		1.5099158e+03		4.1561064e+03		1.6895842e+03		4.2509996e+02		1.2644843e+03
4.9400000e+02		4.9500000e+02		4.9450000e+02		1.4929449e+03		1.5531415e+03		4.2738404e+03		1.7365808e+03		4.3402192e+02		1.3025589e+03
4.9500000e+02		4.9600000e+02		4.9550000e+02		1.4663156e+03		1.5249888e+03		4.1951583e+03		1.7037669e+03		4.2299344e+02		1.2807734e+03
4.9600000e+02		4.9700000e+02		4.9650000e+02		1.4846220e+03		1.5435765e+03		4.2450749e+03		1.7231930e+03		4.2497713e+02		1.2982158e+03
4.9700000e+02		4.9800000e+02		4.9750000e+02		1.5123203e+03		1.5719192e+03		4.3217931e+03		1.7534803e+03		4.2957814e+02		1.3239021e+03
4.9800000e+02		4.9900000e+02		4.9850000e+02		1.3744029e+03		1.4281564e+03		3.9254291e+03		1.5918934e+03		3.8740603e+02		1.2044874e+03
4.9900000e+02		5.0000000e+02		4.9950000e+02		1.4721832e+03		1.5293254e+03		4.2023279e+03		1.7033674e+03		4.1178761e+02		1.2915798e+03
