Left Bin Edge (nm)	Right Bin Edge (nm)	Bin Center (nm)		Top of Atm Intensity (erg/s/nm/cm2)		Total Surface Flux (erg/s/nm/cm2)		Total Intensity at BOA (erg/s/nm/cm2)		Total Surface Intensity (erg/s/nm/cm2)		Total Surface Diffuse Intensity (erg/s/nm/cm2)		Total Surface Direct Intensity (erg/s/nm/cm2)
1.0000000e+02		1.0100000e+02		1.0050000e+02		4.4569042e-02		2.4525374e-199		0.0000000e+00		4.2479194e-199		4.2479194e-199		0.0000000e+00
1.0100000e+02		1.0200000e+02		1.0150000e+02		1.7387199e-01		2.8780738e-197		0.0000000e+00		4.9849701e-197		4.9849701e-197		0.0000000e+00
1.0200000e+02		1.0300000e+02		1.0250000e+02		9.2286085e-01		3.0760917e-195		0.0000000e+00		5.3279471e-195		5.3279471e-195		0.0000000e+00
1.0300000e+02		1.0400000e+02		1.0350000e+02		7.0094286e-01		3.0025219e-193		0.0000000e+00		5.2005205e-193		5.2005205e-193		0.0000000e+00
1.0400000e+02		1.0500000e+02		1.0450000e+02		1.4124828e-01		2.6834655e-191		0.0000000e+00		4.6478986e-191		4.6478986e-191		0.0000000e+00
1.0500000e+02		1.0600000e+02		1.0550000e+02		4.8389941e-02		2.2015022e-189		0.0000000e+00		3.8131136e-189		3.8131136e-189		0.0000000e+00
1.0600000e+02		1.0700000e+02		1.0650000e+02		4.5487167e-02		1.6618998e-187		0.0000000e+00		2.8784949e-187		2.8784949e-187		0.0000000e+00
1.0700000e+02		1.0800000e+02		1.0750000e+02		5.0757295e-02		1.1570799e-185		0.0000000e+00		2.0041212e-185		2.0041212e-185		0.0000000e+00
1.0800000e+02		1.0900000e+02		1.0850000e+02		7.1152114e-02		7.4465117e-184		0.0000000e+00		1.2897737e-183		1.2897737e-183		0.0000000e+00
1.0900000e+02		1.1000000e+02		1.0950000e+02		5.5817450e-02		4.4394318e-182		0.0000000e+00		7.6893214e-182		7.6893214e-182		0.0000000e+00
1.1000000e+02		1.1100000e+02		1.1050000e+02		5.4043772e-02		2.4569839e-180		0.0000000e+00		4.2556209e-180		4.2556209e-180		0.0000000e+00
1.1100000e+02		1.1200000e+02		1.1150000e+02		5.0797691e-02		1.2648384e-178		0.0000000e+00		2.1907644e-178		2.1907644e-178		0.0000000e+00
1.1200000e+02		1.1300000e+02		1.1250000e+02		5.1969037e-02		6.0682801e-177		0.0000000e+00		1.0510569e-176		1.0510569e-176		0.0000000e+00
1.1300000e+02		1.1400000e+02		1.1350000e+02		4.1221387e-02		2.7183417e-175		0.0000000e+00		4.7083060e-175		4.7083060e-175		0.0000000e+00
1.1400000e+02		1.1500000e+02		1.1450000e+02		3.1562600e-02		1.1390233e-173		0.0000000e+00		1.9728463e-173		1.9728463e-173		0.0000000e+00
1.1500000e+02		1.1600000e+02		1.1550000e+02		4.3552050e-02		4.4720476e-172		0.0000000e+00		7.7458137e-172		7.7458137e-172		0.0000000e+00
1.1600000e+02		1.1700000e+02		1.1650000e+02		1.0143732e-01		1.6479895e-170		0.0000000e+00		2.8544015e-170		2.8544015e-170		0.0000000e+00
1.1700000e+02		1.1800000e+02		1.1750000e+02		3.6108525e-01		5.7092731e-169		0.0000000e+00		9.8887511e-169		9.8887511e-169		0.0000000e+00
1.1800000e+02		1.1900000e+02		1.1850000e+02		1.2283927e-01		1.8623667e-167		0.0000000e+00		3.2257137e-167		3.2257137e-167		0.0000000e+00
1.1900000e+02		1.2000000e+02		1.1950000e+02		1.7115732e-01		5.7288121e-166		0.0000000e+00		9.9225937e-166		9.9225937e-166		0.0000000e+00
1.2000000e+02		1.2100000e+02		1.2050000e+02		9.3056497e-01		1.6642382e-164		0.0000000e+00		2.8825451e-164		2.8825451e-164		0.0000000e+00
1.2100000e+02		1.2200000e+02		1.2150000e+02		3.6941242e+01		4.5725091e-163		0.0000000e+00		7.9198180e-163		7.9198180e-163		0.0000000e+00
1.2200000e+02		1.2300000e+02		1.2250000e+02		2.4773856e-01		1.1896785e-161		0.0000000e+00		2.0605837e-161		2.0605837e-161		0.0000000e+00
1.2300000e+02		1.2400000e+02		1.2350000e+02		1.3344721e-01		2.9352227e-160		3.4862609e-161		5.0839549e-160		5.0839549e-160		0.0000000e+00
1.2400000e+02		1.2500000e+02		1.2450000e+02		1.0726631e-01		6.8763758e-159		8.3643685e-160		1.1910232e-158		1.1910232e-158		0.0000000e+00
1.2500000e+02		1.2600000e+02		1.2550000e+02		1.0471361e-01		1.5314389e-157		1.9168543e-158		2.6525300e-157		2.6525300e-157		0.0000000e+00
1.2600000e+02		1.2700000e+02		1.2650000e+02		1.4644878e-01		3.2464207e-156		4.1626238e-157		5.6229657e-156		5.6229657e-156		0.0000000e+00
1.2700000e+02		1.2800000e+02		1.2750000e+02		7.6659940e-02		6.5579540e-155		8.6189337e-156		1.1358709e-154		1.1358709e-154		0.0000000e+00
1.2800000e+02		1.2900000e+02		1.2850000e+02		6.1165494e-02		1.2638085e-153		1.7026868e-154		2.1889806e-153		2.1889806e-153		0.0000000e+00
1.2900000e+02		1.3000000e+02		1.2950000e+02		8.1594975e-02		2.3260427e-152		3.2133178e-153		4.0288242e-152		4.0288242e-152		0.0000000e+00
1.3000000e+02		1.3100000e+02		1.3050000e+02		6.7007791e-01		4.0929668e-151		5.7979329e-152		7.0892264e-151		7.0892264e-151		0.0000000e+00
1.3100000e+02		1.3200000e+02		1.3150000e+02		9.0731094e-02		6.8926942e-150		1.0012097e-150		1.1938497e-149		1.1938497e-149		0.0000000e+00
1.3200000e+02		1.3300000e+02		1.3250000e+02		7.0547730e-02		1.1119948e-148		1.6562402e-149		1.9260314e-148		1.9260314e-148		0.0000000e+00
1.3300000e+02		1.3400000e+02		1.3350000e+02		9.5357088e-01		1.7202820e-147		2.6266917e-148		2.9796158e-147		2.9796158e-147		0.0000000e+00
1.3400000e+02		1.3500000e+02		1.3450000e+02		6.5246966e-02		2.5543597e-146		4.0025337e-147		4.4242808e-146		4.4242808e-146		0.0000000e+00
1.3500000e+02		1.3600000e+02		1.3550000e+02		1.3692679e-01		3.6437418e-145		5.8607007e-146		6.3111460e-145		6.3111460e-145		0.0000000e+00
1.3600000e+02		1.3700000e+02		1.3650000e+02		8.9861989e-02		4.9977859e-144		8.2570128e-145		8.6564191e-144		8.6564191e-144		0.0000000e+00
1.3700000e+02		1.3800000e+02		1.3750000e+02		9.2282630e-02		6.5969993e-143		1.1196556e-143		1.1426338e-142		1.1426338e-142		0.0000000e+00
1.3800000e+02		1.3900000e+02		1.3850000e+02		9.4180145e-02		8.3868483e-142		1.4675920e-142		1.4526447e-141		1.4526447e-141		0.0000000e+00
1.3900000e+02		1.4000000e+02		1.3950000e+02		3.1801144e-01		1.0278325e-140		1.8463128e-141		1.7802581e-140		1.7802581e-140		0.0000000e+00
1.4000000e+02		1.4100000e+02		1.4050000e+02		2.7729440e-01		1.2151013e-139		2.2518972e-140		2.1046172e-139		2.1046172e-139		0.0000000e+00
1.4100000e+02		1.4200000e+02		1.4150000e+02		1.3359910e-01		1.3868460e-138		2.6494897e-139		2.4020878e-138		2.4020878e-138		0.0000000e+00
1.4200000e+02		1.4300000e+02		1.4250000e+02		1.4479671e-01		1.5292951e-137		3.0097586e-138		2.6488167e-137		2.6488167e-137		0.0000000e+00
1.4300000e+02		1.4400000e+02		1.4350000e+02		1.6064305e-01		1.6306402e-136		3.2808531e-137		2.8243516e-136		2.8243516e-136		0.0000000e+00
1.4400000e+02		1.4500000e+02		1.4450000e+02		1.5363637e-01		1.6823738e-135		3.4431208e-136		2.9139569e-135		2.9139569e-135		0.0000000e+00
1.4500000e+02		1.4600000e+02		1.4550000e+02		1.6382583e-01		1.6806561e-134		3.4836530e-135		2.9109818e-134		2.9109818e-134		0.0000000e+00
1.4600000e+02		1.4700000e+02		1.4650000e+02		1.9977093e-01		1.6266822e-133		3.4077585e-134		2.8174962e-133		2.8174962e-133		0.0000000e+00
1.4700000e+02		1.4800000e+02		1.4750000e+02		2.4643334e-01		1.5263462e-132		3.2354242e-133		2.6437091e-132		2.6437091e-132		0.0000000e+00
1.4800000e+02		1.4900000e+02		1.4850000e+02		2.4167300e-01		1.3893447e-131		2.9799365e-132		2.4064155e-131		2.4064155e-131		0.0000000e+00
1.4900000e+02		1.5000000e+02		1.4950000e+02		2.1832777e-01		1.2275452e-130		2.6647222e-131		2.1261706e-130		2.1261706e-130		0.0000000e+00
1.5000000e+02		1.5100000e+02		1.5050000e+02		2.4023073e-01		1.0533848e-129		2.3169493e-130		1.8245160e-129		1.8245160e-129		0.0000000e+00
1.5100000e+02		1.5200000e+02		1.5150000e+02		2.5258505e-01		8.7843909e-129		1.9594385e-129		1.5215011e-128		1.5215011e-128		0.0000000e+00
1.5200000e+02		1.5300000e+02		1.5250000e+02		3.2229547e-01		7.1229449e-128		1.6118524e-128		1.2337302e-127		1.2337302e-127		0.0000000e+00
1.5300000e+02		1.5400000e+02		1.5350000e+02		3.5701286e-01		5.6190532e-127		1.2913848e-127		9.7324856e-127		9.7324856e-127		0.0000000e+00
1.5400000e+02		1.5500000e+02		1.5450000e+02		9.5486931e-01		4.3147846e-126		1.0075747e-126		7.4734262e-126		7.4734262e-126		0.0000000e+00
1.5500000e+02		1.5600000e+02		1.5550000e+02		7.8587524e-01		3.2268576e-125		7.6541066e-126		5.5890814e-125		5.5890814e-125		0.0000000e+00
1.5600000e+02		1.5700000e+02		1.5650000e+02		4.6648084e-01		2.3514877e-124		5.6660963e-125		4.0728962e-124		4.0728962e-124		0.0000000e+00
1.5700000e+02		1.5800000e+02		1.5750000e+02		4.2309893e-01		1.6705630e-123		4.0893117e-124		2.8935000e-123		2.8935000e-123		0.0000000e+00
1.5800000e+02		1.5900000e+02		1.5850000e+02		3.9008072e-01		1.1575767e-122		2.8787041e-123		2.0049816e-122		2.0049816e-122		0.0000000e+00
1.5900000e+02		1.6000000e+02		1.5950000e+02		3.8042347e-01		7.8272319e-122		1.9774166e-122		1.3557163e-121		1.3557163e-121		0.0000000e+00
1.6000000e+02		1.6100000e+02		1.6050000e+02		4.1635449e-01		5.1669919e-121		1.3259619e-121		8.9494924e-121		8.9494924e-121		0.0000000e+00
1.6100000e+02		1.6200000e+02		1.6150000e+02		4.7164413e-01		3.3314413e-120		8.6838271e-121		5.7702255e-120		5.7702255e-120		0.0000000e+00
1.6200000e+02		1.6300000e+02		1.6250000e+02		5.2241459e-01		2.0988498e-119		5.5565000e-120		3.6353145e-119		3.6353145e-119		0.0000000e+00
1.6300000e+02		1.6400000e+02		1.6350000e+02		1.1072121e+00		1.2926198e-118		3.4750422e-119		2.2388831e-118		2.2388831e-118		0.0000000e+00
1.6400000e+02		1.6500000e+02		1.6450000e+02		1.1323318e+00		7.7853920e-118		2.1251016e-118		1.3484695e-117		1.3484695e-117		0.0000000e+00
1.6500000e+02		1.6600000e+02		1.6550000e+02		1.3255566e+00		4.5876044e-117		1.2713096e-117		7.9459639e-117		7.9459639e-117		0.0000000e+00
1.6600000e+02		1.6700000e+02		1.6650000e+02		6.2522883e-01		2.6458114e-116		7.4429816e-117		4.5826798e-116		4.5826798e-116		0.0000000e+00
1.6700000e+02		1.6800000e+02		1.6750000e+02		6.6723830e-01		1.4940570e-115		4.2660056e-116		2.5877827e-115		2.5877827e-115		0.0000000e+00
1.6800000e+02		1.6900000e+02		1.6850000e+02		7.1904320e-01		8.2637026e-115		2.3945863e-115		1.4313153e-114		1.4313153e-114		0.0000000e+00
1.6900000e+02		1.7000000e+02		1.6950000e+02		9.0554889e-01		4.4785877e-114		1.3168499e-114		7.7571415e-114		7.7571415e-114		0.0000000e+00
1.7000000e+02		1.7100000e+02		1.7050000e+02		1.0161854e+00		2.3791509e-113		7.0975510e-114		4.1208102e-113		4.1208102e-113		0.0000000e+00
1.7100000e+02		1.7200000e+02		1.7150000e+02		1.0130704e+00		1.2392789e-112		3.7507581e-113		2.1464941e-112		2.1464941e-112		0.0000000e+00
1.7200000e+02		1.7300000e+02		1.7250000e+02		1.0571150e+00		6.3318555e-112		1.9441033e-112		1.0967095e-111		1.0967095e-111		0.0000000e+00
1.7300000e+02		1.7400000e+02		1.7350000e+02		1.0479596e+00		3.1743394e-111		9.8865727e-112		5.4981171e-111		5.4981171e-111		0.0000000e+00
1.7400000e+02		1.7500000e+02		1.7450000e+02		1.2530722e+00		1.5619922e-110		4.9342397e-111		2.7054498e-110		2.7054498e-110		0.0000000e+00
1.7500000e+02		1.7600000e+02		1.7550000e+02		1.4954862e+00		7.5465091e-110		2.4176100e-110		1.3070937e-109		1.3070937e-109		0.0000000e+00
1.7600000e+02		1.7700000e+02		1.7650000e+02		1.6135596e+00		3.5808663e-109		1.1634570e-109		6.2022424e-109		6.2022424e-109		0.0000000e+00
1.7700000e+02		1.7800000e+02		1.7750000e+02		1.9010195e+00		1.6692995e-108		5.5020267e-109		2.8913116e-108		2.8913116e-108		0.0000000e+00
1.7800000e+02		1.7900000e+02		1.7850000e+02		2.0776624e+00		7.6472955e-108		2.5584740e-108		1.3245504e-107		1.3245504e-107		0.0000000e+00
1.7900000e+02		1.8000000e+02		1.7950000e+02		2.0198657e+00		3.4436542e-107		1.1711727e-107		5.9645841e-107		5.9645841e-107		0.0000000e+00
1.8000000e+02		1.8100000e+02		1.8050000e+02		2.4976225e+00		1.5246410e-106		5.2857456e-107		2.6407557e-106		2.6407557e-106		0.0000000e+00
1.8100000e+02		1.8200000e+02		1.8150000e+02		3.0410490e+00		6.6380578e-106		2.3558441e-106		1.1497453e-105		1.1497453e-105		0.0000000e+00
1.8200000e+02		1.8300000e+02		1.8250000e+02		2.8073836e+00		2.8422379e-105		1.0415622e-105		4.9229005e-105		4.9229005e-105		0.0000000e+00
1.8300000e+02		1.8400000e+02		1.8350000e+02		2.9562417e+00		1.1969348e-104		4.5765300e-105		2.0731519e-104		2.0731519e-104		0.0000000e+00
1.8400000e+02		1.8500000e+02		1.8450000e+02		2.5409769e+00		4.9597567e-104		1.9878901e-104		8.5905507e-104		8.5905507e-104		0.0000000e+00
1.8500000e+02		1.8600000e+02		1.8550000e+02		2.8735562e+00		2.0198557e-103		8.7163698e-104		3.4984926e-103		3.4984926e-103		2.7121370e-246
1.8600000e+02		1.8700000e+02		1.8650000e+02		3.2604304e+00		8.0893431e-103		3.8022951e-103		1.4011153e-102		1.4011153e-102		5.0494392e-158
1.8700000e+02		1.8800000e+02		1.8750000e+02		3.6946466e+00		4.2578175e-101		3.1868796e-95		4.5981779e-101		8.0530137e-102		3.7928766e-101
1.8800000e+02		1.8900000e+02		1.8850000e+02		3.8870616e+00		1.0291998e-65		8.2548479e-62		1.0717891e-65		1.0076717e-66		9.7102190e-66
1.8900000e+02		1.9000000e+02		1.8950000e+02		4.3106081e+00		8.6767324e-42		3.2300092e-39		9.2367382e-42		1.3249880e-42		7.9117502e-42
1.9000000e+02		1.9100000e+02		1.9050000e+02		4.4384288e+00		2.5110741e-28		1.6787512e-26		2.7494346e-28		5.6396699e-29		2.1854676e-28
1.9100000e+02		1.9200000e+02		1.9150000e+02		4.8094361e+00		4.0318383e-20		9.6299843e-19		4.5710123e-20		1.2756993e-20		3.2953130e-20
1.9200000e+02		1.9300000e+02		1.9250000e+02		5.0365493e+00		1.7893731e-14		2.1431679e-13		2.1249997e-14		7.9410099e-15		1.3308987e-14
1.9300000e+02		1.9400000e+02		1.9350000e+02		3.8447944e+00		1.9799690e-11		1.6366031e-10		2.4587793e-11		1.1328773e-11		1.3259020e-11
1.9400000e+02		1.9500000e+02		1.9450000e+02		6.1679797e+00		2.2953296e-09		1.5440220e-08		2.9605921e-09		1.5740278e-09		1.3865643e-09
1.9500000e+02		1.9600000e+02		1.9550000e+02		5.9528271e+00		3.5456580e-08		2.1035872e-07		4.7179477e-08		2.7736673e-08		1.9442804e-08
1.9600000e+02		1.9700000e+02		1.9650000e+02		6.5508102e+00		2.2436003e-07		1.2336922e-06		3.0508810e-07		1.9100465e-07		1.1408345e-07
1.9700000e+02		1.9800000e+02		1.9750000e+02		6.5190955e+00		7.6271770e-07		3.9798978e-06		1.0532898e-06		6.8750106e-07		3.6578878e-07
1.9800000e+02		1.9900000e+02		1.9850000e+02		6.3883794e+00		3.0396070e-04		1.3212449e-03		4.8115665e-04		4.1925012e-04		6.1906531e-05
1.9900000e+02		2.0000000e+02		1.9950000e+02		6.7274707e+00		6.6232753e+00		2.2748574e+01		1.1466867e+01		1.1460061e+01		6.8060504e-03
2.0000000e+02		2.0100000e+02		2.0050000e+02		7.1125146e+00		7.0575538e+00		2.4228526e+01		1.2217870e+01		1.2209440e+01		8.4301574e-03
2.0100000e+02		2.0200000e+02		2.0150000e+02		7.5701275e+00		7.5689716e+00		2.5971835e+01		1.3102183e+01		1.3091719e+01		1.0464025e-02
2.0200000e+02		2.0300000e+02		2.0250000e+02		7.4828608e+00		7.5370291e+00		2.5849969e+01		1.3045726e+01		1.3033716e+01		1.2009615e-02
2.0300000e+02		2.0400000e+02		2.0350000e+02		8.0092047e+00		8.1249432e+00		2.7853191e+01		1.4061935e+01		1.4047073e+01		1.4861602e-02
2.0400000e+02		2.0500000e+02		2.0450000e+02		8.6207445e+00		8.8059643e+00		3.0173566e+01		1.5238895e+01		1.5220476e+01		1.8418246e-02
2.0500000e+02		2.0600000e+02		2.0550000e+02		8.6400754e+00		8.8849861e+00		3.0429969e+01		1.5373750e+01		1.5352580e+01		2.1170041e-02
2.0600000e+02		2.0700000e+02		2.0650000e+02		8.6510225e+00		8.9541119e+00		3.0652215e+01		1.5491249e+01		1.5467033e+01		2.4216102e-02
2.0700000e+02		2.0800000e+02		2.0750000e+02		9.3957826e+00		9.7862309e+00		3.3484868e+01		1.6928335e+01		1.6898399e+01		2.9935778e-02
2.0800000e+02		2.0900000e+02		2.0850000e+02		1.0163489e+01		1.0650426e+01		3.6424426e+01		1.8420194e+01		1.8383469e+01		3.6725137e-02
2.0900000e+02		2.1000000e+02		2.0950000e+02		1.3129215e+01		1.3839529e+01		4.7308390e+01		2.3931515e+01		2.3877896e+01		5.3618725e-02
2.1000000e+02		2.1100000e+02		2.1050000e+02		1.6183343e+01		1.7156485e+01		5.8618469e+01		2.9661405e+01		2.9586958e+01		7.4446972e-02
2.1100000e+02		2.1200000e+02		2.1150000e+02		1.8424170e+01		1.9640251e+01		6.7071851e+01		3.3948249e+01		3.3853088e+01		9.5161178e-02
2.1200000e+02		2.1300000e+02		2.1250000e+02		1.6428561e+01		1.7606834e+01		6.0097886e+01		3.0426406e+01		3.0331433e+01		9.4973529e-02
2.1300000e+02		2.1400000e+02		2.1350000e+02		1.6737981e+01		1.8031557e+01		6.1516701e+01		3.1152530e+01		3.1044556e+01		1.0797414e-01
2.1400000e+02		2.1500000e+02		2.1450000e+02		2.1432541e+01		2.3204914e+01		7.9125894e+01		4.0079482e+01		3.9925657e+01		1.5382577e-01
2.1500000e+02		2.1600000e+02		2.1550000e+02		1.8408135e+01		2.0027277e+01		6.8255258e+01		3.4580959e+01		3.4434380e+01		1.4657847e-01
2.1600000e+02		2.1700000e+02		2.1650000e+02		1.7036901e+01		1.8622588e+01		6.3434600e+01		3.2145392e+01		3.1995298e+01		1.5009343e-01
2.1700000e+02		2.1800000e+02		2.1750000e+02		1.7640866e+01		1.9370458e+01		6.5946877e+01		3.3425076e+01		3.3253583e+01		1.7149262e-01
2.1800000e+02		2.1900000e+02		2.1850000e+02		2.3730294e+01		2.6171498e+01		8.9052700e+01		4.5144497e+01		4.4890596e+01		2.5390048e-01
2.1900000e+02		2.2000000e+02		2.1950000e+02		2.5052511e+01		2.7747174e+01		9.4362010e+01		4.7844087e+01		4.7549806e+01		2.9428101e-01
2.2000000e+02		2.2100000e+02		2.2050000e+02		2.5203754e+01		2.8029340e+01		9.5267939e+01		4.8310875e+01		4.7986628e+01		3.2424736e-01
2.2100000e+02		2.2200000e+02		2.2150000e+02		2.0176768e+01		2.2527809e+01		7.6525070e+01		3.8811682e+01		3.8528056e+01		2.8362564e-01
2.2200000e+02		2.2300000e+02		2.2250000e+02		2.7154039e+01		3.0434246e+01		1.0332215e+02		5.2409035e+01		5.1992909e+01		4.1612610e-01
2.2300000e+02		2.2400000e+02		2.2350000e+02		3.5163062e+01		3.9556510e+01		1.3421158e+02		6.8084784e+01		6.7498621e+01		5.8616276e-01
2.2400000e+02		2.2500000e+02		2.2450000e+02		3.2875934e+01		3.7115584e+01		1.2585325e+02		6.3850599e+01		6.3255726e+01		5.9487313e-01
2.2500000e+02		2.2600000e+02		2.2550000e+02		2.8720078e+01		3.2535372e+01		1.1025412e+02		5.5940829e+01		5.5377906e+01		5.6292244e-01
2.2600000e+02		2.2700000e+02		2.2650000e+02		2.1037217e+01		2.3910943e+01		8.0976941e+01		4.1088652e+01		4.0642896e+01		4.4575595e-01
2.2700000e+02		2.2800000e+02		2.2750000e+02		2.0463841e+01		2.3333578e+01		7.8970741e+01		4.0072459e+01		3.9604619e+01		4.6784011e-01
2.2800000e+02		2.2900000e+02		2.2850000e+02		2.8509984e+01		3.2608108e+01		1.1028723e+02		5.5965056e+01		5.5263133e+01		7.0192320e-01
2.2900000e+02		2.3000000e+02		2.2950000e+02		2.5620938e+01		2.9390564e+01		9.9338304e+01		5.0409568e+01		4.9731497e+01		6.7807129e-01
2.3000000e+02		2.3100000e+02		2.3050000e+02		2.9055844e+01		3.3425784e+01		1.1290002e+02		5.7291108e+01		5.6465963e+01		8.2514548e-01
2.3100000e+02		2.3200000e+02		2.3150000e+02		2.7387429e+01		3.1592690e+01		1.0663431e+02		5.4110245e+01		5.3277107e+01		8.3313767e-01
2.3200000e+02		2.3300000e+02		2.3250000e+02		2.9413108e+01		3.4018609e+01		1.1474114e+02		5.8221489e+01		5.7264628e+01		9.5686078e-01
2.3300000e+02		2.3400000e+02		2.3350000e+02		2.6543685e+01		3.0777352e+01		1.0373383e+02		5.2633025e+01		5.1711077e+01		9.2194805e-01
2.3400000e+02		2.3500000e+02		2.3450000e+02		2.3194371e+01		2.6958899e+01		9.0797130e+01		4.6065513e+01		4.5206735e+01		8.5877786e-01
2.3500000e+02		2.3600000e+02		2.3550000e+02		3.1223226e+01		3.6374993e+01		1.2241877e+02		6.2102582e+01		6.0872131e+01		1.2304514e+00
2.3600000e+02		2.3700000e+02		2.3650000e+02		2.8911473e+01		3.3756546e+01		1.1352003e+02		5.7581630e+01		5.6370753e+01		1.2108769e+00
2.3700000e+02		2.3800000e+02		2.3750000e+02		3.0878004e+01		3.6129142e+01		1.2140480e+02		6.1572809e+01		6.0200363e+01		1.3724459e+00
2.3800000e+02		2.3900000e+02		2.3850000e+02		2.5598090e+01		3.0012042e+01		1.0077012e+02		5.1099704e+01		4.9893944e+01		1.2057599e+00
2.3900000e+02		2.4000000e+02		2.3950000e+02		2.7890834e+01		3.2763392e+01		1.0992020e+02		5.5730038e+01		5.4339668e+01		1.3903699e+00
2.4000000e+02		2.4100000e+02		2.4050000e+02		2.5623038e+01		3.0154912e+01		1.0108659e+02		5.1241557e+01		4.9891537e+01		1.3500199e+00
2.4100000e+02		2.4200000e+02		2.4150000e+02		3.0005079e+01		3.5373978e+01		1.1848427e+02		6.0047932e+01		5.8379201e+01		1.6687306e+00
2.4200000e+02		2.4300000e+02		2.4250000e+02		4.1301739e+01		4.8773239e+01		1.6322782e+02		8.2705009e+01		8.0283430e+01		2.4215788e+00
2.4300000e+02		2.4400000e+02		2.4350000e+02		3.8791639e+01		4.5881627e+01		1.5341994e+02		7.7716153e+01		7.5321298e+01		2.3948550e+00
2.4400000e+02		2.4500000e+02		2.4450000e+02		3.6329084e+01		4.3033501e+01		1.4377214e+02		7.2809440e+01		7.0450630e+01		2.3588104e+00
2.4500000e+02		2.4600000e+02		2.4550000e+02		2.9476122e+01		3.4965446e+01		1.1671507e+02		5.9090130e+01		5.7079615e+01		2.0105147e+00
2.4600000e+02		2.4700000e+02		2.4650000e+02		2.8685918e+01		3.4073734e+01		1.1363765e+02		5.7514435e+01		5.5461296e+01		2.0531398e+00
2.4700000e+02		2.4800000e+02		2.4750000e+02		3.1678139e+01		3.7675535e+01		1.2553692e+02		6.3516173e+01		6.1139606e+01		2.3765671e+00
2.4800000e+02		2.4900000e+02		2.4850000e+02		2.5406301e+01		3.0252226e+01		1.0071031e+02		5.0937379e+01		4.8941596e+01		1.9957825e+00
2.4900000e+02		2.5000000e+02		2.4950000e+02		3.0967514e+01		3.6915306e+01		1.2277860e+02		6.2076440e+01		5.9531881e+01		2.5445589e+00
2.5000000e+02		2.5100000e+02		2.5050000e+02		3.3448743e+01		3.9914715e+01		1.3263070e+02		6.7031859e+01		6.4159852e+01		2.8720072e+00
2.5100000e+02		2.5200000e+02		2.5150000e+02		2.7888154e+01		3.3311617e+01		1.1058517e+02		5.5867447e+01		5.3367666e+01		2.4997803e+00
2.5200000e+02		2.5300000e+02		2.5250000e+02		2.5069906e+01		2.9972414e+01		9.9405048e+01		5.0198047e+01		4.7854362e+01		2.3436850e+00
2.5300000e+02		2.5400000e+02		2.5350000e+02		3.1592540e+01		3.7802255e+01		1.2525224e+02		6.3222558e+01		6.0145083e+01		3.0774753e+00
2.5400000e+02		2.5500000e+02		2.5450000e+02		3.5730773e+01		4.2786970e+01		1.4163025e+02		7.1456636e+01		6.7833158e+01		3.6234778e+00
2.5500000e+02		2.5600000e+02		2.5550000e+02		4.8755658e+01		5.8425523e+01		1.9320552e+02		9.7431169e+01		9.2288349e+01		5.1428199e+00
2.5600000e+02		2.5700000e+02		2.5650000e+02		6.2803876e+01		7.5308797e+01		2.4878887e+02		1.2539870e+02		1.1851399e+02		6.8847111e+00
2.5700000e+02		2.5800000e+02		2.5750000e+02		7.8843355e+01		9.4597559e+01		3.1219754e+02		1.5727774e+02		1.4830289e+02		8.9748440e+00
2.5800000e+02		2.5900000e+02		2.5850000e+02		8.2991293e+01		9.9627106e+01		3.2846376e+02		1.6538379e+02		1.5558200e+02		9.8017990e+00
2.5900000e+02		2.6000000e+02		2.5950000e+02		7.0629481e+01		8.4827446e+01		2.7938493e+02		1.4059448e+02		1.3194622e+02		8.6482598e+00
2.6000000e+02		2.6100000e+02		2.6050000e+02		5.7868388e+01		6.9530133e+01		2.2876660e+02		1.1505617e+02		1.0771576e+02		7.3404104e+00
2.6100000e+02		2.6200000e+02		2.6150000e+02		5.9092703e+01		7.1026984e+01		2.3344920e+02		1.1734212e+02		1.0958279e+02		7.7593332e+00
2.6200000e+02		2.6300000e+02		2.6250000e+02		7.0528613e+01		8.4798838e+01		2.7842292e+02		1.3986308e+02		1.3028340e+02		9.5796821e+00
2.6300000e+02		2.6400000e+02		2.6350000e+02		1.0614195e+02		1.2765107e+02		4.1868011e+02		2.1018875e+02		1.9528623e+02		1.4902519e+01
2.6400000e+02		2.6500000e+02		2.6450000e+02		1.6548208e+02		1.9905802e+02		6.5219455e+02		3.2720944e+02		3.0320951e+02		2.3999927e+01
2.6500000e+02		2.6600000e+02		2.6550000e+02		1.7356948e+02		2.0882015e+02		6.8344961e+02		3.4266465e+02		3.1667947e+02		2.5985176e+01
2.6600000e+02		2.6700000e+02		2.6650000e+02		1.6826276e+02		2.0245898e+02		6.6191898e+02		3.3164579e+02		3.0565928e+02		2.5986513e+01
2.6700000e+02		2.6800000e+02		2.6750000e+02		1.6940220e+02		2.0384417e+02		6.6572830e+02		3.3332381e+02		3.0635211e+02		2.6971697e+01
2.6800000e+02		2.6900000e+02		2.6850000e+02		1.6778062e+02		2.0189803e+02		6.5865664e+02		3.2954974e+02		3.0202720e+02		2.7522548e+01
2.6900000e+02		2.7000000e+02		2.6950000e+02		1.5737310e+02		1.8937089e+02		6.1711478e+02		3.0854141e+02		2.8196048e+02		2.6580927e+01
2.7000000e+02		2.7100000e+02		2.7050000e+02		1.8181465e+02		2.1876908e+02		7.1213450e+02		3.5578552e+02		3.2418437e+02		3.1601153e+01
2.7100000e+02		2.7200000e+02		2.7150000e+02		1.5108640e+02		1.8177716e+02		5.9106663e+02		2.9507653e+02		2.6806918e+02		2.7007343e+01
2.7200000e+02		2.7300000e+02		2.7250000e+02		1.2154404e+02		1.4621351e+02		4.7490148e+02		2.3690110e+02		2.1456914e+02		2.2331955e+01
2.7300000e+02		2.7400000e+02		2.7350000e+02		1.2960124e+02		1.5587858e+02		5.0573071e+02		2.5208191e+02		2.2761951e+02		2.4462395e+01
2.7400000e+02		2.7500000e+02		2.7450000e+02		8.9183780e+01		1.0724343e+02		3.4755099e+02		1.7309848e+02		1.5581472e+02		1.7283766e+01
2.7500000e+02		2.7600000e+02		2.7550000e+02		1.1893609e+02		1.4298505e+02		4.6286206e+02		2.3034161e+02		2.0668784e+02		2.3653773e+01
2.7600000e+02		2.7700000e+02		2.7650000e+02		1.6564211e+02		1.9907878e+02		6.4372053e+02		3.2007967e+02		2.8629118e+02		3.3788498e+01
2.7700000e+02		2.7800000e+02		2.7750000e+02		1.5837296e+02		1.9028217e+02		6.1458273e+02		3.0533383e+02		2.7221516e+02		3.3118673e+01
2.7800000e+02		2.7900000e+02		2.7850000e+02		1.0921797e+02		1.3117772e+02		4.2320495e+02		2.1007445e+02		1.8667168e+02		2.3402775e+01
2.7900000e+02		2.8000000e+02		2.7950000e+02		6.1368404e+01		7.3679429e+01		2.3743459e+02		1.1775750e+02		1.0428985e+02		1.3467658e+01
2.8000000e+02		2.8100000e+02		2.8050000e+02		6.7313201e+01		8.0783772e+01		2.6003255e+02		1.2885128e+02		1.1372893e+02		1.5122341e+01
2.8100000e+02		2.8200000e+02		2.8150000e+02		1.3943196e+02		1.6726156e+02		5.3777974e+02		2.6624183e+02		2.3418985e+02		3.2051985e+01
2.8200000e+02		2.8300000e+02		2.8250000e+02		1.8983287e+02		2.2761614e+02		7.3099609e+02		3.6156994e+02		3.1693810e+02		4.4631838e+01
2.8300000e+02		2.8400000e+02		2.8350000e+02		1.9610227e+02		2.3501762e+02		7.5390258e+02		3.7255688e+02		3.2542137e+02		4.7135504e+01
2.8400000e+02		2.8500000e+02		2.8450000e+02		1.4459284e+02		1.7319667e+02		5.5495316e+02		2.7398613e+02		2.3847044e+02		3.5515696e+01
2.8500000e+02		2.8600000e+02		2.8550000e+02		9.2944992e+01		1.1127122e+02		3.5612376e+02		1.7565602e+02		1.5233607e+02		2.3319950e+01
2.8600000e+02		2.8700000e+02		2.8650000e+02		1.9045522e+02		2.2787855e+02		7.2848775e+02		3.5897916e+02		3.1018736e+02		4.8791796e+01
2.8700000e+02		2.8800000e+02		2.8750000e+02		2.2108403e+02		2.6436968e+02		8.4417142e+02		4.1558294e+02		3.5777442e+02		5.7808522e+01
2.8800000e+02		2.8900000e+02		2.8850000e+02		2.1010240e+02		2.5108419e+02		8.0082600e+02		3.9385887e+02		3.3780852e+02		5.6050343e+01
2.8900000e+02		2.9000000e+02		2.8950000e+02		3.1885068e+02		3.7144346e+02		1.1822620e+03		5.8048362e+02		4.9459434e+02		8.5889282e+01
2.9000000e+02		2.9100000e+02		2.9050000e+02		4.1860542e+02		4.7269357e+02		1.5009015e+03		7.3549566e+02		6.2179643e+02		1.1369923e+02
2.9100000e+02		2.9200000e+02		2.9150000e+02		4.0318642e+02		4.5818362e+02		1.4535247e+03		7.1169863e+02		5.9982295e+02		1.1187568e+02
2.9200000e+02		2.9300000e+02		2.9250000e+02		3.5818014e+02		4.0958719e+02		1.2982005e+03		6.3512450e+02		5.3362700e+02		1.0149750e+02
2.9300000e+02		2.9400000e+02		2.9350000e+02		3.7393440e+02		4.3023426e+02		1.3624328e+03		6.6599860e+02		5.5782441e+02		1.0817419e+02
2.9400000e+02		2.9500000e+02		2.9450000e+02		3.4819581e+02		4.0304398e+02		1.2752033e+03		6.2284011e+02		5.2004324e+02		1.0279687e+02
2.9500000e+02		2.9600000e+02		2.9550000e+02		3.7701055e+02		4.3779076e+02		1.3837589e+03		6.7523455e+02		5.6179804e+02		1.1343651e+02
2.9600000e+02		2.9700000e+02		2.9650000e+02		3.4493460e+02		4.0070169e+02		1.2651171e+03		6.1670739e+02		5.1107498e+02		1.0563241e+02
2.9700000e+02		2.9800000e+02		2.9750000e+02		3.5165811e+02		4.0865985e+02		1.2888072e+03		6.2760628e+02		5.1803283e+02		1.0957346e+02
2.9800000e+02		2.9900000e+02		2.9850000e+02		3.0223333e+02		3.5133926e+02		1.1068018e+03		5.3841472e+02		4.4262529e+02		9.5789431e+01
2.9900000e+02		3.0000000e+02		2.9950000e+02		3.4101318e+02		3.9653820e+02		1.2478037e+03		6.0637038e+02		4.9646826e+02		1.0990212e+02
3.0000000e+02		3.0100000e+02		3.0050000e+02		2.7131061e+02		3.1556883e+02		9.9191437e+02		4.8151237e+02		3.9262663e+02		8.8885737e+01
3.0100000e+02		3.0200000e+02		3.0150000e+02		3.1202593e+02		3.6300773e+02		1.1397658e+03		5.5269751e+02		4.4881083e+02		1.0388668e+02
3.0200000e+02		3.0300000e+02		3.0250000e+02		3.2846528e+02		3.8220866e+02		1.1987290e+03		5.8066910e+02		4.6956245e+02		1.1110665e+02
3.0300000e+02		3.0400000e+02		3.0350000e+02		4.2601061e+02		4.9579911e+02		1.5532738e+03		7.5160379e+02		6.0524037e+02		1.4636342e+02
3.0400000e+02		3.0500000e+02		3.0450000e+02		4.0776836e+02		4.7463739e+02		1.4853445e+03		7.1795762e+02		5.7570184e+02		1.4225578e+02
3.0500000e+02		3.0600000e+02		3.0550000e+02		4.1174793e+02		4.7925726e+02		1.4981488e+03		7.2335650e+02		5.7754500e+02		1.4581150e+02
3.0600000e+02		3.0700000e+02		3.0650000e+02		3.9053943e+02		4.5448397e+02		1.4191356e+03		6.8445098e+02		5.4410779e+02		1.4034319e+02
3.0700000e+02		3.0800000e+02		3.0750000e+02		4.3847484e+02		5.1016024e+02		1.5912275e+03		7.6660118e+02		6.0674578e+02		1.5985540e+02
3.0800000e+02		3.0900000e+02		3.0850000e+02		4.3035211e+02		5.0059475e+02		1.5596732e+03		7.5056346e+02		5.9143232e+02		1.5913114e+02
3.0900000e+02		3.1000000e+02		3.0950000e+02		3.4901328e+02		4.0587960e+02		1.2631868e+03		6.0720581e+02		4.7634294e+02		1.3086287e+02
3.1000000e+02		3.1100000e+02		3.1050000e+02		4.3927411e+02		5.0856853e+02		1.5806954e+03		7.5884685e+02		5.9216487e+02		1.6668198e+02
3.1100000e+02		3.1200000e+02		3.1150000e+02		5.2246540e+02		5.9972396e+02		1.8611596e+03		8.9217470e+02		6.9194587e+02		2.0022883e+02
3.1200000e+02		3.1300000e+02		3.1250000e+02		4.6521908e+02		5.2953723e+02		1.6408300e+03		7.8539462e+02		6.0536509e+02		1.8002953e+02
3.1300000e+02		3.1400000e+02		3.1350000e+02		4.9544367e+02		5.5929552e+02		1.7303930e+03		8.2703730e+02		6.3348386e+02		1.9355344e+02
3.1400000e+02		3.1500000e+02		3.1450000e+02		4.6729179e+02		5.2324389e+02		1.6163877e+03		7.7140064e+02		5.8714518e+02		1.8425546e+02
3.1500000e+02		3.1600000e+02		3.1550000e+02		4.5343123e+02		5.0617786e+02		1.5617213e+03		7.4436141e+02		5.6354835e+02		1.8081307e+02
3.1600000e+02		3.1700000e+02		3.1650000e+02		4.4229406e+02		4.9468374e+02		1.5247841e+03		7.2598375e+02		5.4726169e+02		1.7872205e+02
3.1700000e+02		3.1800000e+02		3.1750000e+02		5.6102832e+02		6.2865001e+02		1.9358517e+03		9.2072087e+02		6.9104708e+02		2.2967379e+02
3.1800000e+02		3.1900000e+02		3.1850000e+02		4.6340678e+02		5.2020846e+02		1.6003875e+03		7.6035712e+02		5.6819782e+02		1.9215930e+02
3.1900000e+02		3.2000000e+02		3.1950000e+02		4.9774832e+02		5.5975693e+02		1.7204178e+03		8.1651141e+02		6.0748761e+02		2.0902380e+02
3.2000000e+02		3.2100000e+02		3.2050000e+02		5.7184857e+02		6.4371957e+02		1.9765181e+03		9.3702063e+02		6.9395775e+02		2.4306287e+02
3.2100000e+02		3.2200000e+02		3.2150000e+02		4.8024660e+02		5.4070874e+02		1.6585170e+03		7.8536655e+02		5.7886660e+02		2.0649996e+02
3.2200000e+02		3.2300000e+02		3.2250000e+02		4.8228681e+02		5.4310074e+02		1.6641460e+03		7.8713156e+02		5.7738311e+02		2.0974845e+02
3.2300000e+02		3.2400000e+02		3.2350000e+02		4.6607071e+02		5.2492291e+02		1.6068048e+03		7.5913992e+02		5.5416340e+02		2.0497652e+02
3.2400000e+02		3.2500000e+02		3.2450000e+02		5.4882129e+02		6.1821057e+02		1.8904391e+03		8.9212080e+02		6.4807856e+02		2.4404224e+02
3.2500000e+02		3.2600000e+02		3.2550000e+02		6.3196128e+02		7.0929872e+02		2.1663018e+03		1.0209498e+03		7.3737439e+02		2.8357542e+02
3.2600000e+02		3.2700000e+02		3.2650000e+02		7.1301257e+02		7.9447784e+02		2.4229269e+03		1.1401779e+03		8.1793513e+02		3.2224277e+02
3.2700000e+02		3.2800000e+02		3.2750000e+02		6.8984049e+02		7.6317859e+02		2.3241072e+03		1.0920318e+03		7.7807497e+02		3.1395679e+02
3.2800000e+02		3.2900000e+02		3.2850000e+02		6.6596082e+02		7.3158480e+02		2.2246870e+03		1.0437462e+03		7.3858184e+02		3.0516438e+02
3.2900000e+02		3.3000000e+02		3.2950000e+02		7.7527139e+02		8.4577047e+02		2.5682300e+03		1.2031147e+03		8.4548541e+02		3.5762924e+02
3.3000000e+02		3.3100000e+02		3.3050000e+02		7.3029799e+02		7.9749833e+02		2.4193726e+03		1.1321175e+03		7.9171735e+02		3.4040010e+02
3.3100000e+02		3.3200000e+02		3.3150000e+02		6.9881652e+02		7.6987423e+02		2.3345295e+03		1.0916248e+03		7.6127002e+02		3.3035478e+02
3.3200000e+02		3.3300000e+02		3.3250000e+02		6.8562051e+02		7.6197652e+02		2.3095720e+03		1.0791771e+03		7.5050473e+02		3.2867241e+02
3.3300000e+02		3.3400000e+02		3.3350000e+02		6.5878216e+02		7.3854272e+02		2.2375851e+03		1.0447922e+03		7.2459414e+02		3.2019809e+02
3.3400000e+02		3.3500000e+02		3.3450000e+02		6.9405546e+02		7.8483687e+02		2.3768460e+03		1.1090280e+03		7.6704442e+02		3.4198357e+02
3.3500000e+02		3.3600000e+02		3.3550000e+02		6.8541663e+02		7.7858005e+02		2.3563173e+03		1.0984433e+03		7.5680464e+02		3.4163869e+02
3.3600000e+02		3.3700000e+02		3.3650000e+02		5.6469084e+02		6.4172391e+02		1.9403394e+03		9.0351241e+02		6.1939823e+02		2.8411418e+02
3.3700000e+02		3.3800000e+02		3.3750000e+02		5.9573781e+02		6.7729135e+02		2.0460033e+03		9.5164646e+02		6.4913116e+02		3.0251530e+02
3.3800000e+02		3.3900000e+02		3.3850000e+02		6.4448401e+02		7.3300960e+02		2.2123005e+03		1.0278429e+03		6.9758308e+02		3.3025982e+02
3.3900000e+02		3.4000000e+02		3.3950000e+02		6.7448220e+02		7.6743155e+02		2.3140892e+03		1.0739313e+03		7.2518632e+02		3.4874503e+02
3.4000000e+02		3.4100000e+02		3.4050000e+02		7.1196374e+02		8.0947975e+02		2.4385008e+03		1.1303367e+03		7.5915572e+02		3.7118099e+02
3.4100000e+02		3.4200000e+02		3.4150000e+02		6.4984945e+02		7.3748924e+02		2.2193184e+03		1.0274669e+03		6.8609454e+02		3.4137237e+02
3.4200000e+02		3.4300000e+02		3.4250000e+02		7.0477558e+02		7.9835235e+02		2.3999824e+03		1.1097375e+03		7.3674511e+02		3.7299236e+02
3.4300000e+02		3.4400000e+02		3.4350000e+02		6.9264465e+02		7.8317899e+02		2.3519414e+03		1.0861840e+03		7.1691765e+02		3.6926639e+02
3.4400000e+02		3.4500000e+02		3.4450000e+02		5.5710877e+02		6.2878654e+02		1.8863544e+03		8.7009309e+02		5.7093743e+02		2.9915566e+02
3.4500000e+02		3.4600000e+02		3.4550000e+02		6.7138909e+02		7.5712579e+02		2.2692001e+03		1.0454518e+03		6.8218659e+02		3.6326518e+02
3.4600000e+02		3.4700000e+02		3.4650000e+02		6.5194093e+02		7.3526432e+02		2.2017246e+03		1.0132258e+03		6.5766382e+02		3.5556194e+02
3.4700000e+02		3.4800000e+02		3.4750000e+02		6.4525828e+02		7.2779184e+02		2.1774283e+03		1.0009215e+03		6.4623167e+02		3.5468981e+02
3.4800000e+02		3.4900000e+02		3.4850000e+02		6.6761091e+02		7.5306487e+02		2.2510684e+03		1.0336147e+03		6.6378812e+02		3.6982662e+02
3.4900000e+02		3.5000000e+02		3.4950000e+02		6.3989005e+02		7.2184981e+02		2.1558830e+03		9.8880364e+02		6.3161956e+02		3.5718408e+02
3.5000000e+02		3.5100000e+02		3.5050000e+02		7.6650484e+02		8.6588247e+02		2.5840499e+03		1.1839503e+03		7.5255659e+02		4.3139372e+02
3.5100000e+02		3.5200000e+02		3.5150000e+02		7.1211510e+02		8.0423724e+02		2.3977990e+03		1.0972728e+03		6.9332969e+02		4.0394316e+02
3.5200000e+02		3.5300000e+02		3.5250000e+02		6.5785102e+02		7.4227376e+02		2.2110229e+03		1.0106241e+03		6.3492367e+02		3.7570040e+02
3.5300000e+02		3.5400000e+02		3.5350000e+02		7.5263834e+02		8.4845196e+02		2.5249889e+03		1.1527938e+03		7.2008047e+02		4.3271331e+02
3.5400000e+02		3.5500000e+02		3.5450000e+02		8.0329241e+02		9.0473374e+02		2.6900392e+03		1.2267266e+03		7.6184331e+02		4.6488329e+02
3.5500000e+02		3.5600000e+02		3.5550000e+02		7.5433512e+02		8.4882767e+02		2.5215379e+03		1.1485582e+03		7.0917009e+02		4.3938812e+02
3.5600000e+02		3.5700000e+02		3.5650000e+02		6.5576441e+02		7.3724704e+02		2.1881128e+03		9.9553587e+02		6.1111793e+02		3.8441794e+02
3.5700000e+02		3.5800000e+02		3.5750000e+02		5.7307986e+02		6.4371301e+02		1.9088077e+03		8.6746207e+02		5.2939596e+02		3.3806611e+02
3.5800000e+02		3.5900000e+02		3.5850000e+02		4.9194729e+02		5.5208970e+02		1.6356686e+03		7.4248242e+02		4.5047402e+02		2.9200840e+02
3.5900000e+02		3.6000000e+02		3.5950000e+02		7.1030971e+02		7.9644313e+02		2.3575384e+03		1.0689408e+03		6.4473645e+02		4.2420436e+02
3.6000000e+02		3.6100000e+02		3.6050000e+02		7.0092701e+02		7.8523167e+02		2.3223235e+03		1.0517757e+03		6.3064994e+02		4.2112576e+02
3.6100000e+02		3.6200000e+02		3.6150000e+02		6.5110481e+02		7.2877923e+02		2.1534973e+03		9.7420837e+02		5.8069159e+02		3.9351678e+02
3.6200000e+02		3.6300000e+02		3.6250000e+02		7.3500056e+02		8.2196802e+02		2.4267736e+03		1.0965931e+03		6.4976982e+02		4.4682324e+02
3.6300000e+02		3.6400000e+02		3.6350000e+02		7.1558904e+02		7.9956768e+02		2.3586208e+03		1.0645957e+03		6.2706291e+02		4.3753274e+02
3.6400000e+02		3.6500000e+02		3.6450000e+02		7.4837927e+02		8.3548711e+02		2.4624859e+03		1.1102284e+03		6.5004478e+02		4.6018358e+02
3.6500000e+02		3.6600000e+02		3.6550000e+02		8.5179486e+02		9.5012696e+02		2.7980102e+03		1.2600900e+03		7.3338043e+02		5.2670957e+02
3.6600000e+02		3.6700000e+02		3.6650000e+02		9.1042532e+02		1.0146629e+03		2.9855589e+03		1.3430536e+03		7.7698076e+02		5.6607283e+02
3.6700000e+02		3.6800000e+02		3.6750000e+02		8.7909512e+02		9.7891807e+02		2.8779879e+03		1.2932243e+03		7.4365663e+02		5.4956772e+02
3.6800000e+02		3.6900000e+02		3.6850000e+02		8.1047729e+02		9.0175091e+02		2.6489302e+03		1.1889796e+03		6.7959045e+02		5.0938918e+02
3.6900000e+02		3.7000000e+02		3.6950000e+02		8.9967825e+02		1.0001623e+03		2.9356092e+03		1.3162033e+03		7.4776099e+02		5.6844227e+02
3.7000000e+02		3.7100000e+02		3.7050000e+02		8.4427990e+02		9.3779837e+02		2.7503225e+03		1.2317740e+03		6.9555374e+02		5.3622023e+02
3.7100000e+02		3.7200000e+02		3.7150000e+02		8.7164560e+02		9.6739763e+02		2.8348369e+03		1.2682359e+03		7.1179097e+02		5.5644492e+02
3.7200000e+02		3.7300000e+02		3.7250000e+02		7.2411383e+02		8.0300132e+02		2.3512064e+03		1.0507253e+03		5.8612123e+02		4.6460407e+02
3.7300000e+02		3.7400000e+02		3.7350000e+02		6.3155746e+02		6.9979193e+02		2.0473750e+03		9.1395377e+02		5.0671236e+02		4.0724141e+02
3.7400000e+02		3.7500000e+02		3.7450000e+02		6.4642322e+02		7.1568508e+02		2.0922179e+03		9.3296232e+02		5.1408348e+02		4.1887884e+02
3.7500000e+02		3.7600000e+02		3.7550000e+02		7.4036161e+02		8.1903070e+02		2.3924570e+03		1.0656968e+03		5.8361826e+02		4.8207854e+02
3.7600000e+02		3.7700000e+02		3.7650000e+02		7.6758018e+02		8.4846445e+02		2.4765044e+03		1.1019528e+03		5.9975980e+02		5.0219296e+02
3.7700000e+02		3.7800000e+02		3.7750000e+02		9.0048278e+02		9.9458350e+02		2.9007528e+03		1.2893504e+03		6.9742595e+02		5.9192444e+02
3.7800000e+02		3.7900000e+02		3.7850000e+02		9.3786543e+02		1.0350579e+03		3.0164811e+03		1.3393660e+03		7.2000068e+02		6.1936534e+02
3.7900000e+02		3.8000000e+02		3.7950000e+02		7.6051322e+02		8.3867081e+02		2.4422857e+03		1.0832673e+03		5.7872142e+02		5.0454585e+02
3.8000000e+02		3.8100000e+02		3.8050000e+02		8.2814537e+02		9.1254508e+02		2.6554047e+03		1.1765556e+03		6.2465557e+02		5.5190002e+02
3.8100000e+02		3.8200000e+02		3.8150000e+02		7.4366886e+02		8.1882802e+02		2.3809102e+03		1.0538273e+03		5.5601416e+02		4.9781309e+02
3.8200000e+02		3.8300000e+02		3.8250000e+02		5.3336093e+02		5.8681608e+02		1.7050170e+03		7.5387949e+02		3.9527628e+02		3.5860321e+02
3.8300000e+02		3.8400000e+02		3.8350000e+02		4.7073026e+02		5.1751506e+02		1.5025487e+03		6.6366773e+02		3.4580093e+02		3.1786680e+02
3.8400000e+02		3.8500000e+02		3.8450000e+02		6.2969557e+02		6.9175761e+02		2.0069695e+03		8.8555194e+02		4.5852230e+02		4.2702964e+02
3.8500000e+02		3.8600000e+02		3.8550000e+02		6.6694888e+02		7.3213413e+02		2.1225660e+03		9.3559466e+02		4.8139278e+02		4.5420188e+02
3.8600000e+02		3.8700000e+02		3.8650000e+02		6.6977732e+02		7.3469266e+02		2.1284448e+03		9.3722612e+02		4.7919931e+02		4.5802681e+02
3.8700000e+02		3.8800000e+02		3.8750000e+02		6.6902499e+02		7.3332608e+02		2.1229628e+03		9.3386054e+02		4.7446964e+02		4.5939090e+02
3.8800000e+02		3.8900000e+02		3.8850000e+02		6.7841027e+02		7.4306890e+02		2.1496378e+03		9.4463670e+02		4.7691454e+02		4.6772216e+02
3.8900000e+02		3.9000000e+02		3.8950000e+02		8.1451188e+02		8.9149382e+02		2.5771987e+03		1.1313827e+03		5.6758310e+02		5.6379957e+02
3.9000000e+02		3.9100000e+02		3.9050000e+02		8.5560997e+02		9.3580067e+02		2.7033897e+03		1.1855902e+03		5.9100842e+02		5.9458180e+02
3.9100000e+02		3.9200000e+02		3.9150000e+02		9.2006232e+02		1.0055732e+03		2.9029337e+03		1.2718318e+03		6.2997438e+02		6.4185737e+02
3.9200000e+02		3.9300000e+02		3.9250000e+02		7.0614281e+02		7.7122360e+02		2.2248677e+03		9.7379059e+02		4.7927867e+02		4.9451193e+02
3.9300000e+02		3.9400000e+02		3.9350000e+02		4.3291589e+02		4.7248164e+02		1.3621083e+03		5.9558554e+02		2.9126694e+02		3.0431860e+02
3.9400000e+02		3.9500000e+02		3.9450000e+02		7.1565803e+02		7.8051804e+02		2.2486134e+03		9.8224697e+02		4.7729578e+02		5.0495119e+02
3.9500000e+02		3.9600000e+02		3.9550000e+02		8.7888136e+02		9.5786866e+02		2.7576892e+03		1.2034468e+03		5.8104405e+02		6.2240273e+02
3.9600000e+02		3.9700000e+02		3.9650000e+02		6.0712893e+02		6.6123953e+02		1.9024333e+03		8.2941356e+02		3.9790403e+02		4.3150953e+02
3.9700000e+02		3.9800000e+02		3.9750000e+02		6.8053003e+02		7.4067680e+02		2.1295707e+03		9.2754481e+02		4.4213445e+02		4.8541036e+02
3.9800000e+02		3.9900000e+02		3.9850000e+02		1.0480559e+03		1.1399162e+03		3.2753092e+03		1.4252143e+03		6.7502277e+02		7.5019157e+02
3.9900000e+02		4.0000000e+02		3.9950000e+02		1.1577145e+03		1.2583441e+03		3.6132444e+03		1.5707708e+03		7.3920954e+02		8.3156127e+02
4.0000000e+02		4.0100000e+02		4.0050000e+02		1.1939713e+03		1.2968726e+03		3.7214305e+03		1.6162419e+03		7.5563589e+02		8.6060600e+02
4.0100000e+02		4.0200000e+02		4.0150000e+02		1.2509583e+03		1.3578665e+03		3.8939427e+03		1.6895600e+03		7.8479521e+02		9.0476477e+02
4.0200000e+02		4.0300000e+02		4.0250000e+02		1.2664199e+03		1.3737459e+03		3.9369722e+03		1.7066257e+03		7.8760192e+02		9.1902375e+02
4.0300000e+02		4.0400000e+02		4.0350000e+02		1.2115903e+03		1.3134127e+03		3.7616884e+03		1.6291195e+03		7.4697031e+02		8.8214919e+02
4.0400000e+02		4.0500000e+02		4.0450000e+02		1.1914959e+03		1.2907941e+03		3.6945918e+03		1.5985754e+03		7.2821843e+02		8.7035698e+02
4.0500000e+02		4.0600000e+02		4.0550000e+02		1.1904731e+03		1.2888585e+03		3.6867597e+03		1.5937140e+03		7.2129574e+02		8.7241823e+02
4.0600000e+02		4.0700000e+02		4.0650000e+02		1.1388815e+03		1.2322184e+03		3.5225694e+03		1.5213401e+03		6.8406939e+02		8.3727074e+02
4.0700000e+02		4.0800000e+02		4.0750000e+02		1.1575323e+03		1.2516070e+03		3.5758091e+03		1.5429244e+03		6.8926436e+02		8.5366005e+02
4.0800000e+02		4.0900000e+02		4.0850000e+02		1.2307397e+03		1.3299307e+03		3.7972745e+03		1.6369983e+03		7.2652959e+02		9.1046869e+02
4.0900000e+02		4.1000000e+02		4.0950000e+02		1.2243097e+03		1.3221608e+03		3.7728193e+03		1.6249893e+03		7.1649991e+02		9.0848935e+02
4.1000000e+02		4.1100000e+02		4.1050000e+02		1.1216634e+03		1.2105644e+03		3.4523160e+03		1.4856128e+03		6.5077157e+02		8.3484122e+02
4.1100000e+02		4.1200000e+02		4.1150000e+02		1.3003372e+03		1.4025420e+03		3.9974365e+03		1.7186586e+03		7.4793984e+02		9.7071873e+02
4.1200000e+02		4.1300000e+02		4.1250000e+02		1.2760342e+03		1.3754947e+03		3.9180483e+03		1.6830349e+03		7.2764773e+02		9.5538712e+02
4.1300000e+02		4.1400000e+02		4.1350000e+02		1.2308584e+03		1.3260003e+03		3.7748675e+03		1.6201032e+03		6.9585498e+02		9.2424820e+02
4.1400000e+02		4.1500000e+02		4.1450000e+02		1.2488872e+03		1.3446207e+03		3.8256675e+03		1.6404695e+03		6.9998586e+02		9.4048364e+02
4.1500000e+02		4.1600000e+02		4.1550000e+02		1.2477523e+03		1.3426046e+03		3.8177456e+03		1.6356495e+03		6.9335165e+02		9.4229788e+02
4.1600000e+02		4.1700000e+02		4.1650000e+02		1.2947363e+03		1.3923437e+03		3.9569336e+03		1.6938180e+03		7.1329585e+02		9.8052211e+02
4.1700000e+02		4.1800000e+02		4.1750000e+02		1.1781342e+03		1.2662148e+03		3.5964604e+03		1.5381913e+03		6.4350333e+02		8.9468801e+02
4.1800000e+02		4.1900000e+02		4.1850000e+02		1.2217101e+03		1.3122940e+03		3.7252665e+03		1.5919263e+03		6.6161699e+02		9.3030928e+02
4.1900000e+02		4.2000000e+02		4.1950000e+02		1.2338424e+03		1.3245656e+03		3.7580141e+03		1.6045543e+03		6.6246041e+02		9.4209393e+02
4.2000000e+02		4.2100000e+02		4.2050000e+02		1.2494927e+03		1.3406061e+03		3.8014354e+03		1.6217264e+03		6.6513768e+02		9.5658870e+02
4.2100000e+02		4.2200000e+02		4.2150000e+02		1.2299982e+03		1.3189482e+03		3.7379863e+03		1.5933236e+03		6.4917917e+02		9.4414445e+02
4.2200000e+02		4.2300000e+02		4.2250000e+02		1.1657134e+03		1.2493178e+03		3.5387377e+03		1.5071390e+03		6.1001171e+02		8.9712733e+02
4.2300000e+02		4.2400000e+02		4.2350000e+02		1.2419943e+03		1.3303338e+03		3.7662015e+03		1.6026898e+03		6.4440120e+02		9.5828858e+02
4.2400000e+02		4.2500000e+02		4.2450000e+02		1.2850442e+03		1.3756914e+03		3.8925424e+03		1.6550936e+03		6.6107274e+02		9.9402083e+02
4.2500000e+02		4.2600000e+02		4.2550000e+02		1.2367256e+03		1.3232449e+03		3.7421735e+03		1.5898594e+03		6.3081660e+02		9.5904278e+02
4.2600000e+02		4.2700000e+02		4.2650000e+02		1.2316584e+03		1.3171132e+03		3.7228886e+03		1.5803844e+03		6.2290640e+02		9.5747800e+02
4.2700000e+02		4.2800000e+02		4.2750000e+02		1.1420512e+03		1.2206364e+03		3.4484064e+03		1.4626868e+03		5.7269722e+02		8.8998954e+02
4.2800000e+02		4.2900000e+02		4.2850000e+02		1.1495483e+03		1.2279986e+03		3.4674248e+03		1.4695773e+03		5.7158120e+02		8.9799607e+02
4.2900000e+02		4.3000000e+02		4.2950000e+02		1.0698649e+03		1.1422771e+03		3.2237368e+03		1.3652108e+03		5.2746683e+02		8.3774397e+02
4.3000000e+02		4.3100000e+02		4.3050000e+02		8.6065012e+02		9.1842347e+02		2.5906687e+03		1.0962487e+03		4.2073891e+02		6.7550975e+02
4.3100000e+02		4.3200000e+02		4.3150000e+02		1.0641754e+03		1.1350247e+03		3.2000506e+03		1.3530485e+03		5.1584999e+02		8.3719855e+02
4.3200000e+02		4.3300000e+02		4.3250000e+02		1.1990384e+03		1.2782119e+03		3.6019599e+03		1.5217980e+03		5.7633083e+02		9.4546713e+02
4.3300000e+02		4.3400000e+02		4.3350000e+02		1.3017454e+03		1.3869966e+03		3.9065888e+03		1.6492242e+03		6.2043712e+02		1.0287870e+03
4.3400000e+02		4.3500000e+02		4.3450000e+02		1.1054356e+03		1.1772379e+03		3.3141692e+03		1.3980502e+03		5.2244741e+02		8.7560279e+02
4.3500000e+02		4.3600000e+02		4.3550000e+02		1.2347447e+03		1.3142904e+03		3.6982107e+03		1.5588635e+03		5.7866628e+02		9.8019723e+02
4.3600000e+02		4.3700000e+02		4.3650000e+02		1.3814970e+03		1.4697698e+03		4.1337224e+03		1.7411186e+03		6.4201820e+02		1.0991004e+03
4.3700000e+02		4.3800000e+02		4.3750000e+02		1.2223713e+03		1.2998390e+03		3.6540545e+03		1.5379240e+03		5.6331516e+02		9.7460887e+02
4.3800000e+02		4.3900000e+02		4.3850000e+02		1.1905029e+03		1.2653358e+03		3.5553833e+03		1.4952759e+03		5.4404423e+02		9.5123170e+02
4.3900000e+02		4.4000000e+02		4.3950000e+02		1.3250738e+03		1.4076873e+03		3.9535190e+03		1.6614838e+03		6.0048890e+02		1.0609949e+03
4.4000000e+02		4.4100000e+02		4.4050000e+02		1.2562739e+03		1.3339616e+03		3.7447254e+03		1.5725782e+03		5.6457290e+02		1.0080053e+03
4.4100000e+02		4.4200000e+02		4.4150000e+02		1.3817384e+03		1.4665117e+03		4.1149896e+03		1.7268419e+03		6.1594782e+02		1.1108941e+03
4.4200000e+02		4.4300000e+02		4.4250000e+02		1.4526378e+03		1.5410474e+03		4.3221919e+03		1.8124923e+03		6.4224541e+02		1.1702469e+03
4.4300000e+02		4.4400000e+02		4.4350000e+02		1.4050936e+03		1.4899175e+03		4.1769034e+03		1.7503032e+03		6.1607904e+02		1.1342241e+03
4.4400000e+02		4.4500000e+02		4.4450000e+02		1.4475318e+03		1.5342416e+03		4.2993240e+03		1.8003682e+03		6.2966224e+02		1.1707060e+03
4.4500000e+02		4.4600000e+02		4.4550000e+02		1.3420773e+03		1.4218188e+03		3.9825153e+03		1.6665125e+03		5.7895143e+02		1.0875610e+03
4.4600000e+02		4.4700000e+02		4.4650000e+02		1.3689269e+03		1.4495660e+03		4.0583377e+03		1.6969654e+03		5.8535326e+02		1.1116121e+03
4.4700000e+02		4.4800000e+02		4.4750000e+02		1.4837056e+03		1.5703899e+03		4.3946607e+03		1.8362866e+03		6.2911840e+02		1.2071682e+03
4.4800000e+02		4.4900000e+02		4.4850000e+02		1.4587166e+03		1.5432439e+03		4.3167988e+03		1.8024765e+03		6.1335101e+02		1.1891255e+03
4.4900000e+02		4.5000000e+02		4.4950000e+02		1.4737837e+03		1.5584916e+03		4.3575688e+03		1.8182318e+03		6.1455183e+02		1.2036800e+03
4.5000000e+02		4.5100000e+02		4.5050000e+02		1.5636828e+03		1.6528333e+03		4.6193814e+03		1.9261476e+03		6.4666846e+02		1.2794791e+03
4.5100000e+02		4.5200000e+02		4.5150000e+02		1.5589734e+03		1.6471405e+03		4.6015288e+03		1.9173925e+03		6.3942329e+02		1.2779692e+03
4.5200000e+02		4.5300000e+02		4.5250000e+02		1.4757889e+03		1.5585809e+03		4.3523034e+03		1.8123134e+03		6.0033759e+02		1.2119758e+03
4.5300000e+02		4.5400000e+02		4.5350000e+02		1.4141855e+03		1.4928847e+03		4.1671197e+03		1.7340333e+03		5.7056365e+02		1.1634697e+03
4.5400000e+02		4.5500000e+02		4.5450000e+02		1.5096596e+03		1.5929984e+03		4.4447410e+03		1.8483207e+03		6.0409891e+02		1.2442218e+03
4.5500000e+02		4.5600000e+02		4.5550000e+02		1.4952815e+03		1.5771656e+03		4.3987709e+03		1.8279894e+03		5.9345551e+02		1.2345339e+03
4.5600000e+02		4.5700000e+02		4.5650000e+02		1.5527317e+03		1.6370818e+03		4.5640340e+03		1.8954168e+03		6.1122727e+02		1.2841895e+03
4.5700000e+02		4.5800000e+02		4.5750000e+02		1.5677329e+03		1.6522175e+03		4.6043854e+03		1.9109226e+03		6.1210281e+02		1.2988197e+03
4.5800000e+02		4.5900000e+02		4.5850000e+02		1.4734199e+03		1.5521884e+03		4.3239068e+03		1.7933512e+03		5.7059738e+02		1.2227538e+03
4.5900000e+02		4.6000000e+02		4.5950000e+02		1.5222067e+03		1.6029347e+03		4.4635113e+03		1.8500578e+03		5.8469954e+02		1.2653582e+03
4.6000000e+02		4.6100000e+02		4.6050000e+02		1.5039223e+03		1.5830456e+03		4.4064073e+03		1.8252188e+03		5.7298778e+02		1.2522310e+03
4.6100000e+02		4.6200000e+02		4.6150000e+02		1.5386000e+03		1.6189041e+03		4.5044749e+03		1.8646533e+03		5.8144885e+02		1.2832045e+03
4.6200000e+02		4.6300000e+02		4.6250000e+02		1.5538294e+03		1.6342843e+03		4.5455238e+03		1.8804573e+03		5.8245170e+02		1.2980057e+03
4.6300000e+02		4.6400000e+02		4.6350000e+02		1.5018384e+03		1.5789844e+03		4.3900441e+03		1.8149976e+03		5.5841304e+02		1.2565845e+03
4.6400000e+02		4.6500000e+02		4.6450000e+02		1.5281564e+03		1.6060324e+03		4.4635609e+03		1.8442433e+03		5.6361287e+02		1.2806304e+03
4.6500000e+02		4.6600000e+02		4.6550000e+02		1.4760608e+03		1.5506868e+03		4.3081296e+03		1.7789225e+03		5.4001160e+02		1.2389109e+03
4.6600000e+02		4.6700000e+02		4.6650000e+02		1.4854121e+03		1.5599173e+03		4.3321668e+03		1.7877506e+03		5.3905934e+02		1.2486913e+03
4.6700000e+02		4.6800000e+02		4.6750000e+02		1.4997486e+03		1.5743877e+03		4.3707692e+03		1.8025980e+03		5.3995127e+02		1.2626467e+03
4.6800000e+02		4.6900000e+02		4.6850000e+02		1.4665907e+03		1.5390019e+03		4.2709687e+03		1.7603689e+03		5.2375976e+02		1.2366091e+03
4.6900000e+02		4.7000000e+02		4.6950000e+02		1.5086728e+03		1.5825815e+03		4.3903382e+03		1.8084948e+03		5.3451669e+02		1.2739782e+03
4.7000000e+02		4.7100000e+02		4.7050000e+02		1.4256243e+03		1.4949192e+03		4.1456731e+03		1.7067005e+03		5.0107996e+02		1.2056206e+03
4.7100000e+02		4.7200000e+02		4.7150000e+02		1.4904926e+03		1.5623764e+03		4.3312174e+03		1.7820400e+03		5.1972967e+02		1.2623103e+03
4.7200000e+02		4.7300000e+02		4.7250000e+02		1.5269264e+03		1.5999897e+03		4.4339261e+03		1.8232272e+03		5.2818556e+02		1.2950416e+03
4.7300000e+02		4.7400000e+02		4.7350000e+02		1.4995420e+03		1.5707455e+03		4.3513979e+03		1.7882720e+03		5.1467330e+02		1.2735987e+03
4.7400000e+02		4.7500000e+02		4.7450000e+02		1.5448084e+03		1.6175686e+03		4.4795076e+03		1.8398202e+03		5.2585291e+02		1.3139672e+03
4.7500000e+02		4.7600000e+02		4.7550000e+02		1.5413846e+03		1.6134034e+03		4.4664048e+03		1.8333611e+03		5.2042531e+02		1.3129357e+03
4.7600000e+02		4.7700000e+02		4.7650000e+02		1.4853490e+03		1.5542059e+03		4.3010576e+03		1.7644792e+03		4.9751177e+02		1.2669674e+03
4.7700000e+02		4.7800000e+02		4.7750000e+02		1.5508368e+03		1.6221693e+03		4.4876226e+03		1.8399743e+03		5.1533227e+02		1.3246421e+03
4.7800000e+02		4.7900000e+02		4.7850000e+02		1.5358791e+03		1.6059738e+03		4.4413326e+03		1.8199721e+03		5.0632546e+02		1.3136466e+03
4.7900000e+02		4.8000000e+02		4.7950000e+02		1.5403519e+03		1.6101043e+03		4.4512789e+03		1.8230308e+03		5.0378967e+02		1.3192412e+03
4.8000000e+02		4.8100000e+02		4.8050000e+02		1.5442750e+03		1.6136622e+03		4.4596482e+03		1.8254477e+03		5.0108985e+02		1.3243578e+03
4.8100000e+02		4.8200000e+02		4.8150000e+02		1.5475498e+03		1.6165451e+03		4.4661591e+03		1.8271085e+03		4.9819841e+02		1.3289101e+03
4.8200000e+02		4.8300000e+02		4.8250000e+02		1.5416562e+03		1.6098566e+03		4.4462427e+03		1.8179688e+03		4.9239892e+02		1.3255699e+03
4.8300000e+02		4.8400000e+02		4.8350000e+02		1.5183412e+03		1.5849942e+03		4.3761821e+03		1.7883605e+03		4.8116978e+02		1.3071907e+03
4.8400000e+02		4.8500000e+02		4.8450000e+02		1.4920771e+03		1.5570781e+03		4.2977576e+03		1.7553807e+03		4.6918892e+02		1.2861918e+03
4.8500000e+02		4.8600000e+02		4.8550000e+02		1.4021236e+03		1.4627483e+03		4.0361583e+03		1.6476787e+03		4.3755005e+02		1.2101287e+03
4.8600000e+02		4.8700000e+02		4.8650000e+02		1.2173217e+03		1.2695398e+03		3.5019146e+03		1.4288075e+03		3.7683147e+02		1.0519760e+03
4.8700000e+02		4.8800000e+02		4.8750000e+02		1.3927585e+03		1.4520524e+03		4.0041454e+03		1.6328813e+03		4.2784580e+02		1.2050355e+03
4.8800000e+02		4.8900000e+02		4.8850000e+02		1.4651201e+03		1.5270153e+03		4.2095677e+03		1.7157562e+03		4.4656571e+02		1.2691905e+03
4.8900000e+02		4.9000000e+02		4.8950000e+02		1.4372192e+03		1.4974684e+03		4.1268533e+03		1.6811692e+03		4.3464082e+02		1.2465284e+03
4.9000000e+02		4.9100000e+02		4.9050000e+02		1.5307557e+03		1.5944281e+03		4.3927195e+03		1.7885446e+03		4.5928442e+02		1.3292602e+03
4.9100000e+02		4.9200000e+02		4.9150000e+02		1.4425606e+03		1.5021070e+03		4.1371358e+03		1.6836244e+03		4.2947499e+02		1.2541495e+03
4.9200000e+02		4.9300000e+02		4.9250000e+02		1.3729411e+03		1.4291708e+03		3.9350584e+03		1.6005590e+03		4.0550877e+02		1.1950502e+03
4.9300000e+02		4.9400000e+02		4.9350000e+02		1.4509629e+03		1.5099332e+03		4.1562009e+03		1.6896551e+03		4.2522666e+02		1.2644284e+03
4.9400000e+02		4.9500000e+02		4.9450000e+02		1.4929449e+03		1.5531582e+03		4.2739314e+03		1.7366491e+03		4.3414401e+02		1.3025051e+03
4.9500000e+02		4.9600000e+02		4.9550000e+02		1.4663156e+03		1.5250051e+03		4.1952470e+03		1.7038334e+03		4.2311237e+02		1.2807210e+03
4.9600000e+02		4.9700000e+02		4.9650000e+02		1.4846220e+03		1.5435928e+03		4.2451638e+03		1.7232597e+03		4.2509646e+02		1.2981633e+03
4.9700000e+02		4.9800000e+02		4.9750000e+02		1.5123203e+03		1.5719357e+03		4.3218829e+03		1.7535476e+03		4.2969847e+02		1.3238491e+03
4.9800000e+02		4.9900000e+02		4.9850000e+02		1.3744029e+03		1.4281733e+03		3.9255210e+03		1.5919625e+03		3.8752936e+02		1.2044331e+03
4.9900000e+02		5.0000000e+02		4.9950000e+02		1.4721832e+03		1.5293538e+03		4.2024824e+03		1.7034833e+03		4.1199482e+02		1.2914885e+03
