Left Bin Edge (nm)	Right Bin Edge (nm)	Bin Center (nm)		Top of Atm Intensity (erg/s/nm/cm2)		Total Surface Flux (erg/s/nm/cm2)		Total Intensity at BOA (erg/s/nm/cm2)		Total Surface Intensity (erg/s/nm/cm2)		Total Surface Diffuse Intensity (erg/s/nm/cm2)		Total Surface Direct Intensity (erg/s/nm/cm2)
1.0000000e+02		1.0100000e+02		1.0050000e+02		4.4569042e-02		2.4525374e-199		0.0000000e+00		4.2479194e-199		4.2479194e-199		0.0000000e+00
1.0100000e+02		1.0200000e+02		1.0150000e+02		1.7387199e-01		2.8780738e-197		0.0000000e+00		4.9849701e-197		4.9849701e-197		0.0000000e+00
1.0200000e+02		1.0300000e+02		1.0250000e+02		9.2286085e-01		3.0760917e-195		0.0000000e+00		5.3279471e-195		5.3279471e-195		0.0000000e+00
1.0300000e+02		1.0400000e+02		1.0350000e+02		7.0094286e-01		3.0025219e-193		0.0000000e+00		5.2005205e-193		5.2005205e-193		0.0000000e+00
1.0400000e+02		1.0500000e+02		1.0450000e+02		1.4124828e-01		2.6834655e-191		0.0000000e+00		4.6478986e-191		4.6478986e-191		0.0000000e+00
1.0500000e+02		1.0600000e+02		1.0550000e+02		4.8389941e-02		2.2015022e-189		0.0000000e+00		3.8131136e-189		3.8131136e-189		0.0000000e+00
1.0600000e+02		1.0700000e+02		1.0650000e+02		4.5487167e-02		1.6618998e-187		0.0000000e+00		2.8784949e-187		2.8784949e-187		0.0000000e+00
1.0700000e+02		1.0800000e+02		1.0750000e+02		5.0757295e-02		1.1570799e-185		0.0000000e+00		2.0041212e-185		2.0041212e-185		0.0000000e+00
1.0800000e+02		1.0900000e+02		1.0850000e+02		7.1152114e-02		7.4462732e-184		0.0000000e+00		1.2897324e-183		1.2897324e-183		0.0000000e+00
1.0900000e+02		1.1000000e+02		1.0950000e+02		5.5817450e-02		4.4368069e-182		0.0000000e+00		7.6847750e-182		7.6847750e-182		0.0000000e+00
1.1000000e+02		1.1100000e+02		1.1050000e+02		5.4043772e-02		2.4555389e-180		0.0000000e+00		4.2531182e-180		4.2531182e-180		0.0000000e+00
1.1100000e+02		1.1200000e+02		1.1150000e+02		5.0797691e-02		1.2640982e-178		0.0000000e+00		2.1894822e-178		2.1894822e-178		0.0000000e+00
1.1200000e+02		1.1300000e+02		1.1250000e+02		5.1969037e-02		6.0647413e-177		0.0000000e+00		1.0504440e-176		1.0504440e-176		0.0000000e+00
1.1300000e+02		1.1400000e+02		1.1350000e+02		4.1221387e-02		2.7167404e-175		0.0000000e+00		4.7055324e-175		4.7055324e-175		0.0000000e+00
1.1400000e+02		1.1500000e+02		1.1450000e+02		3.1562600e-02		1.1383418e-173		0.0000000e+00		1.9716658e-173		1.9716658e-173		0.0000000e+00
1.1500000e+02		1.1600000e+02		1.1550000e+02		4.3552050e-02		4.4693270e-172		0.0000000e+00		7.7411014e-172		7.7411014e-172		0.0000000e+00
1.1600000e+02		1.1700000e+02		1.1650000e+02		1.0143732e-01		1.6469692e-170		0.0000000e+00		2.8526344e-170		2.8526344e-170		0.0000000e+00
1.1700000e+02		1.1800000e+02		1.1750000e+02		3.6108525e-01		5.7056730e-169		0.0000000e+00		9.8825156e-169		9.8825156e-169		0.0000000e+00
1.1800000e+02		1.1900000e+02		1.1850000e+02		1.2283927e-01		1.8611408e-167		0.0000000e+00		3.2235904e-167		3.2235904e-167		0.0000000e+00
1.1900000e+02		1.2000000e+02		1.1950000e+02		1.7115732e-01		5.7247251e-166		0.0000000e+00		9.9155147e-166		9.9155147e-166		0.0000000e+00
1.2000000e+02		1.2100000e+02		1.2050000e+02		9.3056497e-01		1.6629403e-164		0.0000000e+00		2.8802971e-164		2.8802971e-164		0.0000000e+00
1.2100000e+02		1.2200000e+02		1.2150000e+02		3.6941242e+01		4.5706430e-163		0.0000000e+00		7.9165858e-163		7.9165858e-163		0.0000000e+00
1.2200000e+02		1.2300000e+02		1.2250000e+02		2.4773856e-01		1.1890108e-161		0.0000000e+00		2.0594271e-161		2.0594271e-161		0.0000000e+00
1.2300000e+02		1.2400000e+02		1.2350000e+02		1.3344721e-01		2.9330947e-160		3.9387385e-161		5.0802690e-160		5.0802690e-160		0.0000000e+00
1.2400000e+02		1.2500000e+02		1.2450000e+02		1.0726631e-01		6.8721428e-159		9.2559155e-160		1.1902900e-158		1.1902900e-158		0.0000000e+00
1.2500000e+02		1.2600000e+02		1.2550000e+02		1.0471361e-01		1.5303053e-157		2.1481615e-158		2.6505666e-157		2.6505666e-157		0.0000000e+00
1.2600000e+02		1.2700000e+02		1.2650000e+02		1.4644878e-01		3.2442856e-156		4.5929681e-157		5.6192675e-156		5.6192675e-156		0.0000000e+00
1.2700000e+02		1.2800000e+02		1.2750000e+02		7.6659940e-02		6.5538843e-155		9.4256344e-156		1.1351661e-154		1.1351661e-154		0.0000000e+00
1.2800000e+02		1.2900000e+02		1.2850000e+02		6.1165494e-02		1.2630403e-153		1.8521152e-154		2.1876500e-153		2.1876500e-153		0.0000000e+00
1.2900000e+02		1.3000000e+02		1.2950000e+02		8.1594975e-02		2.3245713e-152		3.4933515e-153		4.0262756e-152		4.0262756e-152		0.0000000e+00
1.3000000e+02		1.3100000e+02		1.3050000e+02		6.7007791e-01		4.0901621e-151		6.3191943e-152		7.0843686e-151		7.0843686e-151		0.0000000e+00
1.3100000e+02		1.3200000e+02		1.3150000e+02		9.0731094e-02		6.8874089e-150		1.0969856e-150		1.1929342e-149		1.1929342e-149		0.0000000e+00
1.3200000e+02		1.3300000e+02		1.3250000e+02		7.0547730e-02		1.1110191e-148		1.8283951e-149		1.9243415e-148		1.9243415e-148		0.0000000e+00
1.3300000e+02		1.3400000e+02		1.3350000e+02		9.5357088e-01		1.7185506e-147		2.9240411e-148		2.9766169e-147		2.9766169e-147		0.0000000e+00
1.3400000e+02		1.3500000e+02		1.3450000e+02		6.5246966e-02		2.5511572e-146		4.5345245e-147		4.4187340e-146		4.4187340e-146		0.0000000e+00
1.3500000e+02		1.3600000e+02		1.3550000e+02		1.3692679e-01		3.6380254e-145		6.7773132e-146		6.3012448e-145		6.3012448e-145		0.0000000e+00
1.3600000e+02		1.3700000e+02		1.3650000e+02		8.9861989e-02		4.9878094e-144		9.7953519e-145		8.6391394e-144		8.6391394e-144		0.0000000e+00
1.3700000e+02		1.3800000e+02		1.3750000e+02		9.2282630e-02		6.5805190e-143		1.3637990e-143		1.1397793e-142		1.1397793e-142		0.0000000e+00
1.3800000e+02		1.3900000e+02		1.3850000e+02		9.4180145e-02		8.3582205e-142		1.8691651e-142		1.4476863e-141		1.4476863e-141		0.0000000e+00
1.3900000e+02		1.4000000e+02		1.3950000e+02		3.1801144e-01		1.0237144e-140		2.4027917e-141		1.7731253e-140		1.7731253e-140		0.0000000e+00
1.4000000e+02		1.4100000e+02		1.4050000e+02		2.7729440e-01		1.2087858e-139		3.0592404e-140		2.0936783e-139		2.0936783e-139		0.0000000e+00
1.4100000e+02		1.4200000e+02		1.4150000e+02		1.3359910e-01		1.3779254e-138		3.7327071e-139		2.3866367e-138		2.3866367e-138		0.0000000e+00
1.4200000e+02		1.4300000e+02		1.4250000e+02		1.4479671e-01		1.5174837e-137		4.3762567e-138		2.6283589e-137		2.6283589e-137		2.6320112e-279
1.4300000e+02		1.4400000e+02		1.4350000e+02		1.6064305e-01		1.6172265e-136		4.7952634e-137		2.8011184e-136		2.8011184e-136		4.7024636e-262
1.4400000e+02		1.4500000e+02		1.4450000e+02		1.5363637e-01		1.6686477e-135		4.9783237e-136		2.8901826e-135		2.8901826e-135		1.6547639e-263
1.4500000e+02		1.4600000e+02		1.4550000e+02		1.6382583e-01		1.6679645e-134		4.9090634e-135		2.8889993e-134		2.8889993e-134		2.4487732e-283
1.4600000e+02		1.4700000e+02		1.4650000e+02		1.9977093e-01		1.6158692e-133		4.6365409e-134		2.7987676e-133		2.7987676e-133		5.1343302e-320
1.4700000e+02		1.4800000e+02		1.4750000e+02		2.4643334e-01		1.5173933e-132		4.2616051e-133		2.6282022e-132		2.6282022e-132		0.0000000e+00
1.4800000e+02		1.4900000e+02		1.4850000e+02		2.4167300e-01		1.3823132e-131		3.7933456e-132		2.3942367e-131		2.3942367e-131		0.0000000e+00
1.4900000e+02		1.5000000e+02		1.4950000e+02		2.1832777e-01		1.2223104e-130		3.2757888e-131		2.1171037e-130		2.1171037e-130		0.0000000e+00
1.5000000e+02		1.5100000e+02		1.5050000e+02		2.4023073e-01		1.0495769e-129		2.7635976e-130		1.8179205e-129		1.8179205e-129		0.0000000e+00
1.5100000e+02		1.5200000e+02		1.5150000e+02		2.5258505e-01		8.7572880e-129		2.2777153e-129		1.5168068e-128		1.5168068e-128		0.0000000e+00
1.5200000e+02		1.5300000e+02		1.5250000e+02		3.2229547e-01		7.1043595e-128		1.8299685e-128		1.2305112e-127		1.2305112e-127		0.0000000e+00
1.5300000e+02		1.5400000e+02		1.5350000e+02		3.5701286e-01		5.6060461e-127		1.4430883e-127		9.7099568e-127		9.7099568e-127		0.0000000e+00
1.5400000e+02		1.5500000e+02		1.5450000e+02		9.5486931e-01		4.3056715e-126		1.1129010e-126		7.4576419e-126		7.4576419e-126		0.0000000e+00
1.5500000e+02		1.5600000e+02		1.5550000e+02		7.8587524e-01		3.2207908e-125		8.3494153e-126		5.5785734e-125		5.5785734e-125		0.0000000e+00
1.5600000e+02		1.5700000e+02		1.5650000e+02		4.6648084e-01		2.3475332e-124		6.1150213e-125		4.0660468e-124		4.0660468e-124		0.0000000e+00
1.5700000e+02		1.5800000e+02		1.5750000e+02		4.2309893e-01		1.6680304e-123		4.3738043e-124		2.8891133e-123		2.8891133e-123		0.0000000e+00
1.5800000e+02		1.5900000e+02		1.5850000e+02		3.9008072e-01		1.1559746e-122		3.0565875e-123		2.0022068e-122		2.0022068e-122		0.0000000e+00
1.5900000e+02		1.6000000e+02		1.5950000e+02		3.8042347e-01		7.8172557e-122		2.0868437e-122		1.3539884e-121		1.3539884e-121		0.0000000e+00
1.6000000e+02		1.6100000e+02		1.6050000e+02		4.1635449e-01		5.1608969e-121		1.3919768e-121		8.9389357e-121		8.9389357e-121		0.0000000e+00
1.6100000e+02		1.6200000e+02		1.6150000e+02		4.7164413e-01		3.3277413e-120		9.0792801e-121		5.7638171e-120		5.7638171e-120		0.0000000e+00
1.6200000e+02		1.6300000e+02		1.6250000e+02		5.2241459e-01		2.0966329e-119		5.7902368e-120		3.6314747e-119		3.6314747e-119		0.0000000e+00
1.6300000e+02		1.6400000e+02		1.6350000e+02		1.1072121e+00		1.2913224e-118		3.6099787e-119		2.2366361e-118		2.2366361e-118		0.0000000e+00
1.6400000e+02		1.6500000e+02		1.6450000e+02		1.1323318e+00		7.7779265e-118		2.2016921e-118		1.3471764e-117		1.3471764e-117		0.0000000e+00
1.6500000e+02		1.6600000e+02		1.6550000e+02		1.3255566e+00		4.5833348e-117		1.3145018e-117		7.9385687e-117		7.9385687e-117		0.0000000e+00
1.6600000e+02		1.6700000e+02		1.6650000e+02		6.2522883e-01		2.6433773e-116		7.6857145e-117		4.5784638e-116		4.5784638e-116		0.0000000e+00
1.6700000e+02		1.6800000e+02		1.6750000e+02		6.6723830e-01		1.4926821e-115		4.4011416e-116		2.5854013e-115		2.5854013e-115		0.0000000e+00
1.6800000e+02		1.6900000e+02		1.6850000e+02		7.1904320e-01		8.2560432e-115		2.4687873e-115		1.4299886e-114		1.4299886e-114		0.0000000e+00
1.6900000e+02		1.7000000e+02		1.6950000e+02		9.0554889e-01		4.4743728e-114		1.3570943e-114		7.7498411e-114		7.7498411e-114		0.0000000e+00
1.7000000e+02		1.7100000e+02		1.7050000e+02		1.0161854e+00		2.3768390e-113		7.3150734e-114		4.1168059e-113		4.1168059e-113		0.0000000e+00
1.7100000e+02		1.7200000e+02		1.7150000e+02		1.0130704e+00		1.2379998e-112		3.8693034e-113		2.1442785e-112		2.1442785e-112		0.0000000e+00
1.7200000e+02		1.7300000e+02		1.7250000e+02		1.0571150e+00		6.3247264e-112		2.0091519e-112		1.0954747e-111		1.0954747e-111		0.0000000e+00
1.7300000e+02		1.7400000e+02		1.7350000e+02		1.0479596e+00		3.1703762e-111		1.0242485e-111		5.4912527e-111		5.4912527e-111		0.0000000e+00
1.7400000e+02		1.7500000e+02		1.7450000e+02		1.2530722e+00		1.5598261e-110		5.1256870e-111		2.7016981e-110		2.7016981e-110		0.0000000e+00
1.7500000e+02		1.7600000e+02		1.7550000e+02		1.4954862e+00		7.5348561e-110		2.5189674e-110		1.3050754e-109		1.3050754e-109		0.0000000e+00
1.7600000e+02		1.7700000e+02		1.7650000e+02		1.6135596e+00		3.5745089e-109		1.2178210e-109		6.1912311e-109		6.1912311e-109		0.0000000e+00
1.7700000e+02		1.7800000e+02		1.7750000e+02		1.9010195e+00		1.6657168e-108		5.8026491e-109		2.8851061e-108		2.8851061e-108		0.0000000e+00
1.7800000e+02		1.7900000e+02		1.7850000e+02		2.0776624e+00		7.6259826e-108		2.7333036e-108		1.3208589e-107		1.3208589e-107		0.0000000e+00
1.7900000e+02		1.8000000e+02		1.7950000e+02		2.0198657e+00		3.4297875e-107		1.2814946e-107		5.9405662e-107		5.9405662e-107		0.0000000e+00
1.8000000e+02		1.8100000e+02		1.8050000e+02		2.4976225e+00		1.5149084e-106		6.0267835e-107		2.6238983e-106		2.6238983e-106		3.6768464e-318
1.8100000e+02		1.8200000e+02		1.8150000e+02		3.0410490e+00		6.5683981e-106		2.8546982e-106		1.1376799e-105		1.1376799e-105		2.4454283e-194
1.8200000e+02		1.8300000e+02		1.8250000e+02		2.8073836e+00		2.7903135e-105		2.2622334e-102		4.8329646e-105		4.8329645e-105		1.2271032e-112
1.8300000e+02		1.8400000e+02		1.8350000e+02		2.9562417e+00		1.9270962e-67		1.9089342e-63		2.0157579e-67		2.0977588e-68		1.8059820e-67
1.8400000e+02		1.8500000e+02		1.8450000e+02		2.5409769e+00		1.7956302e-45		1.0469342e-42		1.9173158e-45		2.8791127e-46		1.6294045e-45
1.8500000e+02		1.8600000e+02		1.8550000e+02		2.8735562e+00		1.3650384e-28		9.3009498e-27		1.5128781e-28		3.4979231e-29		1.1630858e-28
1.8600000e+02		1.8700000e+02		1.8650000e+02		3.2604304e+00		1.3931937e-19		3.0915691e-18		1.6157219e-19		5.2650743e-20		1.0892145e-19
1.8700000e+02		1.8800000e+02		1.8750000e+02		3.6946466e+00		1.0769088e-13		1.1825642e-12		1.3279398e-13		5.9394587e-14		7.3399396e-14
1.8800000e+02		1.8900000e+02		1.8850000e+02		3.8870616e+00		5.9747051e-10		4.3427761e-09		7.9488047e-10		4.6707699e-10		3.2780349e-10
1.8900000e+02		1.9000000e+02		1.8950000e+02		4.3106081e+00		2.9539470e-07		1.6816958e-06		4.3254207e-07		3.2449417e-07		1.0804790e-07
1.9000000e+02		1.9100000e+02		1.9050000e+02		4.4384288e+00		1.4748571e-05		7.3729039e-05		2.3370047e-05		2.0398630e-05		2.9714171e-06
1.9100000e+02		1.9200000e+02		1.9150000e+02		4.8094361e+00		2.5553705e-04		1.1577888e-03		4.2407033e-04		3.9875402e-04		2.5316313e-05
1.9200000e+02		1.9300000e+02		1.9250000e+02		5.0365493e+00		2.4856707e-03		1.0347169e-02		4.2211016e-03		4.1060737e-03		1.1502793e-04
1.9300000e+02		1.9400000e+02		1.9350000e+02		3.8447944e+00		7.9729899e-03		3.1463706e-02		1.3652587e-02		1.3438071e-02		2.1451596e-04
1.9400000e+02		1.9500000e+02		1.9450000e+02		6.1679797e+00		3.2447216e-02		1.2397164e-01		5.5746559e-02		5.5126838e-02		6.1972167e-04
1.9500000e+02		1.9600000e+02		1.9550000e+02		5.9528271e+00		5.9681657e-02		2.2331549e-01		1.0269655e-01		1.0177434e-01		9.2221757e-04
1.9600000e+02		1.9700000e+02		1.9650000e+02		6.5508102e+00		1.0072409e-01		3.7194664e-01		1.7342808e-01		1.7201948e-01		1.4086005e-03
1.9700000e+02		1.9800000e+02		1.9750000e+02		6.5190955e+00		1.3671687e-01		5.0018799e-01		2.3545265e-01		2.3361136e-01		1.8412921e-03
1.9800000e+02		1.9900000e+02		1.9850000e+02		6.3883794e+00		6.1841915e-01		2.1860066e+00		1.0685616e+00		1.0650484e+00		3.5131614e-03
1.9900000e+02		2.0000000e+02		1.9950000e+02		6.7274707e+00		7.0752512e+00		2.4291006e+01		1.2249702e+01		1.2242883e+01		6.8194902e-03
2.0000000e+02		2.0100000e+02		2.0050000e+02		7.1125146e+00		7.5195450e+00		2.5804575e+01		1.3018051e+01		1.3009604e+01		8.4463987e-03
2.0100000e+02		2.0200000e+02		2.0150000e+02		7.5701275e+00		8.0443790e+00		2.7593090e+01		1.3925599e+01		1.3915115e+01		1.0483698e-02
2.0200000e+02		2.0300000e+02		2.0250000e+02		7.4828608e+00		7.9913782e+00		2.7398889e+01		1.3832665e+01		1.3820634e+01		1.2031653e-02
2.0300000e+02		2.0400000e+02		2.0350000e+02		8.0092047e+00		8.5951401e+00		2.9455612e+01		1.4876320e+01		1.4861432e+01		1.4888226e-02
2.0400000e+02		2.0500000e+02		2.0450000e+02		8.6207445e+00		9.2953088e+00		3.1840712e+01		1.6086440e+01		1.6067990e+01		1.8450464e-02
2.0500000e+02		2.0600000e+02		2.0550000e+02		8.6400754e+00		9.3592063e+00		3.2045088e+01		1.6195097e+01		1.6173891e+01		2.1206208e-02
2.0600000e+02		2.0700000e+02		2.0650000e+02		8.6510225e+00		9.4132439e+00		3.2215476e+01		1.6286460e+01		1.6262203e+01		2.4256515e-02
2.0700000e+02		2.0800000e+02		2.0750000e+02		9.3957826e+00		1.0268431e+01		3.5126192e+01		1.7763494e+01		1.7733509e+01		2.9984587e-02
2.0800000e+02		2.0900000e+02		2.0850000e+02		1.0163489e+01		1.1154831e+01		3.8140844e+01		1.9293807e+01		1.9257023e+01		3.6783649e-02
2.0900000e+02		2.1000000e+02		2.0950000e+02		1.3129215e+01		1.4469670e+01		4.9452075e+01		2.5022891e+01		2.4969189e+01		5.3702219e-02
2.1000000e+02		2.1100000e+02		2.1050000e+02		1.6183343e+01		1.7907678e+01		6.1173271e+01		3.0962427e+01		3.0887867e+01		7.4560294e-02
2.1100000e+02		2.1200000e+02		2.1150000e+02		1.8424170e+01		2.0467389e+01		6.9884203e+01		3.5380791e+01		3.5285488e+01		9.5302800e-02
2.1200000e+02		2.1300000e+02		2.1250000e+02		1.6428561e+01		1.8320214e+01		6.2522828e+01		3.1661916e+01		3.1566804e+01		9.5111740e-02
2.1300000e+02		2.1400000e+02		2.1350000e+02		1.6737981e+01		1.8734599e+01		6.3905906e+01		3.2370123e+01		3.2261995e+01		1.0812781e-01
2.1400000e+02		2.1500000e+02		2.1450000e+02		2.1432541e+01		2.4075750e+01		8.2084603e+01		4.1587657e+01		4.1433618e+01		1.5403992e-01
2.1500000e+02		2.1600000e+02		2.1550000e+02		1.8408135e+01		2.0750854e+01		7.0713063e+01		3.5834085e+01		3.5687307e+01		1.4677810e-01
2.1600000e+02		2.1700000e+02		2.1650000e+02		1.7036901e+01		1.9270487e+01		6.5634837e+01		3.3267440e+01		3.3117146e+01		1.5029345e-01
2.1700000e+02		2.1800000e+02		2.1750000e+02		1.7640866e+01		2.0019554e+01		6.8150681e+01		3.4549180e+01		3.4377464e+01		1.7171627e-01
2.1800000e+02		2.1900000e+02		2.1850000e+02		2.3730294e+01		2.7016382e+01		9.1920603e+01		4.6607641e+01		4.6353416e+01		2.5422457e-01
2.1900000e+02		2.2000000e+02		2.1950000e+02		2.5052511e+01		2.8610317e+01		9.7291257e+01		4.9338824e+01		4.9044175e+01		2.9464871e-01
2.2000000e+02		2.2100000e+02		2.2050000e+02		2.5203754e+01		2.8869704e+01		9.8119281e+01		4.9766138e+01		4.9441494e+01		3.2464401e-01
2.2100000e+02		2.2200000e+02		2.2150000e+02		2.0176768e+01		2.3178928e+01		7.8733847e+01		3.9939203e+01		3.9655238e+01		2.8396536e-01
2.2200000e+02		2.2300000e+02		2.2250000e+02		2.7154039e+01		3.1282420e+01		1.0619881e+02		5.3877758e+01		5.3461144e+01		4.1661422e-01
2.2300000e+02		2.2400000e+02		2.2350000e+02		3.5163062e+01		4.0619712e+01		1.3781682e+02		6.9925811e+01		6.9338975e+01		5.8683618e-01
2.2400000e+02		2.2500000e+02		2.2450000e+02		3.2875934e+01		3.8077914e+01		1.2911580e+02		6.5516914e+01		6.4921371e+01		5.9554259e-01
2.2500000e+02		2.2600000e+02		2.2550000e+02		2.8720078e+01		3.3349301e+01		1.1301303e+02		5.7350142e+01		5.6786599e+01		5.6354307e-01
2.2600000e+02		2.2700000e+02		2.2650000e+02		2.1037217e+01		2.4488220e+01		8.2933326e+01		4.2088173e+01		4.1641935e+01		4.4623748e-01
2.2700000e+02		2.2800000e+02		2.2750000e+02		2.0463841e+01		2.3877352e+01		8.0813247e+01		4.1013941e+01		4.0545605e+01		4.6833535e-01
2.2800000e+02		2.2900000e+02		2.2850000e+02		2.8509984e+01		3.3341784e+01		1.1277275e+02		5.7235288e+01		5.6532636e+01		7.0265142e-01
2.2900000e+02		2.3000000e+02		2.2950000e+02		2.5620938e+01		3.0029152e+01		1.0150130e+02		5.1515130e+01		5.0836369e+01		6.7876081e-01
2.3000000e+02		2.3100000e+02		2.3050000e+02		2.9055844e+01		3.4127272e+01		1.1527565e+02		5.8505518e+01		5.7679550e+01		8.2596801e-01
2.3100000e+02		2.3200000e+02		2.3150000e+02		2.7387429e+01		3.2233223e+01		1.0880315e+02		5.5219085e+01		5.4385133e+01		8.3395190e-01
2.3200000e+02		2.3300000e+02		2.3250000e+02		2.9413108e+01		3.4685078e+01		1.1699742e+02		5.9375175e+01		5.8417398e+01		9.5777771e-01
2.3300000e+02		2.3400000e+02		2.3350000e+02		2.6543685e+01		3.1360116e+01		1.0570640e+02		5.3641768e+01		5.2718953e+01		9.2281442e-01
2.3400000e+02		2.3500000e+02		2.3450000e+02		2.3194371e+01		2.7452359e+01		9.2467154e+01		4.6919633e+01		4.6060063e+01		8.5956932e-01
2.3500000e+02		2.3600000e+02		2.3550000e+02		3.1223226e+01		3.7018764e+01		1.2459714e+02		6.3216814e+01		6.1985250e+01		1.2315637e+00
2.3600000e+02		2.3700000e+02		2.3650000e+02		2.8911473e+01		3.4334317e+01		1.1547476e+02		5.8581571e+01		5.7369621e+01		1.2119507e+00
2.3700000e+02		2.3800000e+02		2.3750000e+02		3.0878004e+01		3.6727295e+01		1.2342817e+02		6.2607967e+01		6.1234327e+01		1.3736399e+00
2.3800000e+02		2.3900000e+02		2.3850000e+02		2.5598090e+01		3.0492767e+01		1.0239602e+02		5.1931590e+01		5.0724801e+01		1.2067891e+00
2.3900000e+02		2.4000000e+02		2.3950000e+02		2.7890834e+01		3.3271230e+01		1.1163754e+02		5.6608786e+01		5.5217252e+01		1.3915345e+00
2.4000000e+02		2.4100000e+02		2.4050000e+02		2.5623038e+01		3.0607307e+01		1.0261620e+02		5.2024315e+01		5.0673185e+01		1.3511296e+00
2.4100000e+02		2.4200000e+02		2.4150000e+02		3.0005079e+01		3.5887731e+01		1.2022108e+02		6.0936792e+01		5.9266715e+01		1.6700769e+00
2.4200000e+02		2.4300000e+02		2.4250000e+02		4.1301739e+01		4.9459121e+01		1.6554621e+02		8.3891589e+01		8.1468092e+01		2.4234965e+00
2.4300000e+02		2.4400000e+02		2.4350000e+02		3.8791639e+01		4.6506501e+01		1.5553179e+02		7.8797104e+01		7.6400387e+01		2.3967167e+00
2.4400000e+02		2.4500000e+02		2.4450000e+02		3.6329084e+01		4.3601218e+01		1.4569055e+02		7.3791438e+01		7.1430828e+01		2.3606107e+00
2.4500000e+02		2.4600000e+02		2.4550000e+02		2.9476122e+01		3.5412359e+01		1.1822504e+02		5.9863103e+01		5.7851082e+01		2.0120213e+00
2.4600000e+02		2.4700000e+02		2.4650000e+02		2.8685918e+01		3.4495768e+01		1.1506336e+02		5.8244315e+01		5.6189664e+01		2.0546506e+00
2.4700000e+02		2.4800000e+02		2.4750000e+02		3.1678139e+01		3.8127826e+01		1.2706462e+02		6.4298307e+01		6.1920022e+01		2.3782844e+00
2.4800000e+02		2.4900000e+02		2.4850000e+02		2.5406301e+01		3.0604297e+01		1.0189933e+02		5.1546147e+01		4.9548948e+01		1.9971990e+00
2.4900000e+02		2.5000000e+02		2.4950000e+02		3.0967514e+01		3.7331868e+01		1.2418523e+02		6.2796647e+01		6.0250315e+01		2.5463328e+00
2.5000000e+02		2.5100000e+02		2.5050000e+02		3.3448743e+01		4.0351523e+01		1.3410549e+02		6.7786993e+01		6.4913019e+01		2.8739739e+00
2.5100000e+02		2.5200000e+02		2.5150000e+02		2.7888154e+01		3.3665224e+01		1.1177888e+02		5.6478681e+01		5.3977219e+01		2.5014620e+00
2.5200000e+02		2.5300000e+02		2.5250000e+02		2.5069906e+01		3.0281087e+01		1.0044692e+02		5.0731550e+01		4.8386316e+01		2.3452341e+00
2.5300000e+02		2.5400000e+02		2.5350000e+02		3.1592540e+01		3.8180027e+01		1.2652717e+02		6.3875415e+01		6.0795941e+01		3.0794740e+00
2.5400000e+02		2.5500000e+02		2.5450000e+02		3.5730773e+01		4.3201963e+01		1.4303060e+02		7.2173732e+01		6.8547942e+01		3.6257903e+00
2.5500000e+02		2.5600000e+02		2.5550000e+02		4.8755658e+01		5.8975610e+01		1.9506149e+02		9.8381587e+01		9.3235542e+01		5.1460455e+00
2.5600000e+02		2.5700000e+02		2.5650000e+02		6.2803876e+01		7.5997222e+01		2.5111126e+02		1.2658798e+02		1.1969903e+02		6.8889550e+00
2.5700000e+02		2.5800000e+02		2.5750000e+02		7.8843355e+01		9.5437316e+01		3.1503005e+02		1.5872826e+02		1.4974798e+02		8.9802819e+00
2.5800000e+02		2.5900000e+02		2.5850000e+02		8.2991293e+01		1.0048611e+02		3.3136080e+02		1.6686736e+02		1.5705972e+02		9.8076370e+00
2.5900000e+02		2.6000000e+02		2.5950000e+02		7.0629481e+01		8.5537970e+01		2.8178088e+02		1.4182144e+02		1.3316811e+02		8.6533236e+00
2.6000000e+02		2.6100000e+02		2.6050000e+02		5.7868388e+01		7.0096007e+01		2.3067452e+02		1.1603320e+02		1.0868856e+02		7.3446360e+00
2.6100000e+02		2.6200000e+02		2.6150000e+02		5.9092703e+01		7.1588749e+01		2.3534301e+02		1.1831191e+02		1.1054818e+02		7.7637251e+00
2.6200000e+02		2.6300000e+02		2.6250000e+02		7.0528613e+01		8.5450742e+01		2.8062030e+02		1.4098831e+02		1.3140330e+02		9.5850139e+00
2.6300000e+02		2.6400000e+02		2.6350000e+02		1.0614195e+02		1.2860510e+02		4.2189542e+02		2.1183520e+02		1.9692452e+02		1.4910676e+01
2.6400000e+02		2.6500000e+02		2.6450000e+02		1.6548208e+02		2.0050458e+02		6.5706914e+02		3.2970549e+02		3.0569264e+02		2.4012846e+01
2.6500000e+02		2.6600000e+02		2.6550000e+02		1.7356948e+02		2.1029595e+02		6.8842204e+02		3.4521073e+02		3.1921179e+02		2.5998934e+01
2.6600000e+02		2.6700000e+02		2.6650000e+02		1.6826276e+02		2.0385074e+02		6.6660764e+02		3.3404649e+02		3.0804644e+02		2.6000047e+01
2.6700000e+02		2.6800000e+02		2.6750000e+02		1.6940220e+02		2.0520743e+02		6.7032030e+02		3.3567493e+02		3.0868942e+02		2.6985514e+01
2.6800000e+02		2.6900000e+02		2.6850000e+02		1.6778062e+02		2.0321187e+02		6.6308155e+02		3.3181522e+02		3.0427880e+02		2.7536419e+01
2.6900000e+02		2.7000000e+02		2.6950000e+02		1.5737310e+02		1.9057018e+02		6.2115336e+02		3.1060900e+02		2.8401489e+02		2.6594106e+01
2.7000000e+02		2.7100000e+02		2.7050000e+02		1.8181465e+02		2.2011767e+02		7.1667517e+02		3.5811005e+02		3.2649348e+02		3.1616570e+01
2.7100000e+02		2.7200000e+02		2.7150000e+02		1.5108640e+02		1.8286806e+02		5.9473917e+02		2.9695653e+02		2.6993622e+02		2.7020308e+01
2.7200000e+02		2.7300000e+02		2.7250000e+02		1.2154404e+02		1.4706791e+02		4.7777744e+02		2.3837324e+02		2.1603074e+02		2.2342505e+01
2.7300000e+02		2.7400000e+02		2.7350000e+02		1.2960124e+02		1.5676566e+02		5.0871625e+02		2.5361005e+02		2.2913628e+02		2.4473768e+01
2.7400000e+02		2.7500000e+02		2.7450000e+02		8.9183780e+01		1.0783789e+02		3.4955141e+02		1.7412233e+02		1.5683065e+02		1.7291674e+01
2.7500000e+02		2.7600000e+02		2.7550000e+02		1.1893609e+02		1.4375718e+02		4.6545999e+02		2.3167118e+02		2.0800676e+02		2.3664426e+01
2.7600000e+02		2.7700000e+02		2.7650000e+02		1.6564211e+02		2.0012626e+02		6.4724442e+02		3.2188300e+02		2.8807952e+02		3.3803476e+01
2.7700000e+02		2.7800000e+02		2.7750000e+02		1.5837296e+02		1.9125786e+02		6.1786463e+02		3.0701320e+02		2.7388007e+02		3.3133126e+01
2.7800000e+02		2.7900000e+02		2.7850000e+02		1.0921797e+02		1.3183331e+02		4.2540985e+02		2.1120262e+02		1.8778979e+02		2.3412829e+01
2.7900000e+02		2.8000000e+02		2.7950000e+02		6.1368404e+01		7.4038398e+01		2.3864170e+02		1.1837509e+02		1.0490173e+02		1.3473355e+01
2.8000000e+02		2.8100000e+02		2.8050000e+02		6.7313201e+01		8.1167514e+01		2.6132278e+02		1.2951133e+02		1.1438269e+02		1.5128639e+01
2.8100000e+02		2.8200000e+02		2.8150000e+02		1.3943196e+02		1.6803635e+02		5.4038441e+02		2.6757420e+02		2.3550907e+02		3.2065129e+01
2.8200000e+02		2.8300000e+02		2.8250000e+02		1.8983287e+02		2.2864448e+02		7.3445261e+02		3.6333788e+02		3.1868802e+02		4.4649861e+01
2.8300000e+02		2.8400000e+02		2.8350000e+02		1.9610227e+02		2.3605335e+02		7.5738344e+02		3.7433709e+02		3.2718284e+02		4.7154249e+01
2.8400000e+02		2.8500000e+02		2.8450000e+02		1.4459284e+02		1.7394134e+02		5.5745548e+02		2.7526576e+02		2.3973616e+02		3.5529606e+01
2.8500000e+02		2.8600000e+02		2.8550000e+02		9.2944992e+01		1.1173805e+02		3.5769221e+02		1.7645801e+02		1.5312906e+02		2.3328946e+01
2.8600000e+02		2.8700000e+02		2.8650000e+02		1.9045522e+02		2.2881158e+02		7.3162206e+02		3.6058164e+02		3.1177130e+02		4.8810335e+01
2.8700000e+02		2.8800000e+02		2.8750000e+02		2.2108403e+02		2.6542622e+02		8.4772012e+02		4.1739708e+02		3.5956692e+02		5.7830159e+01
2.8800000e+02		2.8900000e+02		2.8850000e+02		2.1010240e+02		2.5206377e+02		8.0411574e+02		3.9554043e+02		3.3946942e+02		5.6071008e+01
2.8900000e+02		2.9000000e+02		2.8950000e+02		3.1885068e+02		3.8225371e+02		1.2180328e+03		5.9855234e+02		5.1176805e+02		8.6784287e+01
2.9000000e+02		2.9100000e+02		2.9050000e+02		4.1860542e+02		5.0147174e+02		1.5960727e+03		7.8354183e+02		6.6738499e+02		1.1615684e+02
2.9100000e+02		2.9200000e+02		2.9150000e+02		4.0318642e+02		4.8263344e+02		1.5343427e+03		7.5247828e+02		6.3845976e+02		1.1401852e+02
2.9200000e+02		2.9300000e+02		2.9250000e+02		3.5818014e+02		4.2842603e+02		1.3604405e+03		6.6651361e+02		5.6332125e+02		1.0319235e+02
2.9300000e+02		2.9400000e+02		2.9350000e+02		3.7393440e+02		4.4691596e+02		1.4175173e+03		6.9376376e+02		5.8404818e+02		1.0971558e+02
2.9400000e+02		2.9500000e+02		2.9450000e+02		3.4819581e+02		4.1581833e+02		1.3173618e+03		6.4407754e+02		5.4006709e+02		1.0401045e+02
2.9500000e+02		2.9600000e+02		2.9550000e+02		3.7701055e+02		4.4985970e+02		1.4235663e+03		6.9527528e+02		5.8065948e+02		1.1461579e+02
2.9600000e+02		2.9700000e+02		2.9650000e+02		3.4493460e+02		4.1124250e+02		1.2998644e+03		6.3419010e+02		5.2749969e+02		1.0669041e+02
2.9700000e+02		2.9800000e+02		2.9750000e+02		3.5165811e+02		4.1890343e+02		1.3225553e+03		6.4457577e+02		5.3394649e+02		1.1062928e+02
2.9800000e+02		2.9900000e+02		2.9850000e+02		3.0223333e+02		3.5971818e+02		1.1343906e+03		5.5227838e+02		4.5560233e+02		9.6676049e+01
2.9900000e+02		3.0000000e+02		2.9950000e+02		3.4101318e+02		4.0552058e+02		1.2773620e+03		6.2121419e+02		5.1033656e+02		1.1087763e+02
3.0000000e+02		3.0100000e+02		3.0050000e+02		2.7131061e+02		3.2234834e+02		1.0142104e+03		4.9270178e+02		4.0306055e+02		8.9641226e+01
3.0100000e+02		3.0200000e+02		3.0150000e+02		3.1202593e+02		3.7039213e+02		1.1640364e+03		5.6486967e+02		4.6013880e+02		1.0473087e+02
3.0200000e+02		3.0300000e+02		3.0250000e+02		3.2846528e+02		3.8955489e+02		1.2228592e+03		5.9276258e+02		4.8079455e+02		1.1196803e+02
3.0300000e+02		3.0400000e+02		3.0350000e+02		4.2601061e+02		5.0478181e+02		1.5827609e+03		7.6637160e+02		6.1892809e+02		1.4744351e+02
3.0400000e+02		3.0500000e+02		3.0450000e+02		4.0776836e+02		4.8272201e+02		1.5118665e+03		7.3123094e+02		5.8797844e+02		1.4325249e+02
3.0500000e+02		3.0600000e+02		3.0550000e+02		4.1174793e+02		4.8698066e+02		1.5234696e+03		7.3601942e+02		5.8923204e+02		1.4678738e+02
3.0600000e+02		3.0700000e+02		3.0650000e+02		3.9053943e+02		4.6146476e+02		1.4420071e+03		6.9588061e+02		5.5463384e+02		1.4124677e+02
3.0700000e+02		3.0800000e+02		3.0750000e+02		4.3847484e+02		5.1761705e+02		1.6156427e+03		7.7879309e+02		6.1794915e+02		1.6084394e+02
3.0800000e+02		3.0900000e+02		3.0850000e+02		4.3035211e+02		5.0754569e+02		1.5824171e+03		7.6191209e+02		6.0183737e+02		1.6007472e+02
3.0900000e+02		3.1000000e+02		3.0950000e+02		3.4901328e+02		4.1122334e+02		1.2806601e+03		6.1591776e+02		4.8431220e+02		1.3160556e+02
3.1000000e+02		3.1100000e+02		3.1050000e+02		4.3927411e+02		5.1707495e+02		1.6085006e+03		7.7270359e+02		6.0482386e+02		1.6787973e+02
3.1100000e+02		3.1200000e+02		3.1150000e+02		5.2246540e+02		6.1440562e+02		1.9091317e+03		9.1606956e+02		7.1374454e+02		2.0232502e+02
3.1200000e+02		3.1300000e+02		3.1250000e+02		4.6521908e+02		5.4655364e+02		1.6963984e+03		8.1305409e+02		6.3054683e+02		1.8250726e+02
3.1300000e+02		3.1400000e+02		3.1350000e+02		4.9544367e+02		5.8149399e+02		1.8028356e+03		8.6306787e+02		6.6621096e+02		1.9685691e+02
3.1400000e+02		3.1500000e+02		3.1450000e+02		4.6729179e+02		5.4791475e+02		1.6968414e+03		8.1138250e+02		6.2337140e+02		1.8801111e+02
3.1500000e+02		3.1600000e+02		3.1550000e+02		4.5343123e+02		5.3113946e+02		1.6430688e+03		7.8475509e+02		6.0006102e+02		1.8469407e+02
3.1600000e+02		3.1700000e+02		3.1650000e+02		4.4229406e+02		5.1758193e+02		1.5993622e+03		7.6298810e+02		5.8063722e+02		1.8235088e+02
3.1700000e+02		3.1800000e+02		3.1750000e+02		5.6102832e+02		6.5587695e+02		2.0244744e+03		9.6466030e+02		7.3058925e+02		2.3407105e+02
3.1800000e+02		3.1900000e+02		3.1850000e+02		4.6340678e+02		5.4121328e+02		1.6687154e+03		7.9420808e+02		5.9859214e+02		1.9561594e+02
3.1900000e+02		3.2000000e+02		3.1950000e+02		4.9774832e+02		5.8074217e+02		1.7886397e+03		8.5028327e+02		6.3774108e+02		2.1254219e+02
3.2000000e+02		3.2100000e+02		3.2050000e+02		5.7184857e+02		6.6653244e+02		2.0506345e+03		9.7368098e+02		7.2672125e+02		2.4695973e+02
3.2100000e+02		3.2200000e+02		3.2150000e+02		4.8024660e+02		5.5920438e+02		1.7185684e+03		8.1504567e+02		6.0532698e+02		2.0971869e+02
3.2200000e+02		3.2300000e+02		3.2250000e+02		4.8228681e+02		5.6101843e+02		1.7222833e+03		8.1584091e+02		6.0291645e+02		2.1292446e+02
3.2300000e+02		3.2400000e+02		3.2350000e+02		4.6607071e+02		5.4161244e+02		1.6609218e+03		7.8584169e+02		5.7785260e+02		2.0798909e+02
3.2400000e+02		3.2500000e+02		3.2450000e+02		5.4882129e+02		6.3713663e+02		1.9517680e+03		9.2235548e+02		6.7483504e+02		2.4752044e+02
3.2500000e+02		3.2600000e+02		3.2550000e+02		6.3196128e+02		7.3292030e+02		2.2427943e+03		1.0586276e+03		7.7063165e+02		2.8799591e+02
3.2600000e+02		3.2700000e+02		3.2650000e+02		7.1301257e+02		8.2609139e+02		2.5252237e+03		1.1905200e+03		8.6224747e+02		3.2827258e+02
3.2700000e+02		3.2800000e+02		3.2750000e+02		6.8984049e+02		7.9844371e+02		2.4381320e+03		1.1480920e+03		8.2727679e+02		3.2081524e+02
3.2800000e+02		3.2900000e+02		3.2850000e+02		6.6596082e+02		7.7003279e+02		2.3489046e+03		1.1047579e+03		7.9196805e+02		3.1278983e+02
3.2900000e+02		3.3000000e+02		3.2950000e+02		7.7527139e+02		8.9552873e+02		2.7288586e+03		1.2819312e+03		9.1423813e+02		3.6769310e+02
3.3000000e+02		3.3100000e+02		3.3050000e+02		7.3029799e+02		8.4273594e+02		2.5653141e+03		1.2036660e+03		8.5396958e+02		3.4969638e+02
3.3100000e+02		3.3200000e+02		3.3150000e+02		6.9881652e+02		8.0560237e+02		2.4497370e+03		1.1480650e+03		8.1027538e+02		3.3778966e+02
3.3200000e+02		3.3300000e+02		3.3250000e+02		6.8562051e+02		7.8960183e+02		2.3986052e+03		1.1227611e+03		7.8826325e+02		3.3449783e+02
3.3300000e+02		3.3400000e+02		3.3350000e+02		6.5878216e+02		7.5793796e+02		2.3000560e+03		1.0753468e+03		7.5099742e+02		3.2434940e+02
3.3400000e+02		3.3500000e+02		3.3450000e+02		6.9405546e+02		7.9772698e+02		2.4183293e+03		1.1292945e+03		7.8449719e+02		3.4479732e+02
3.3500000e+02		3.3600000e+02		3.3550000e+02		6.8541663e+02		7.8701663e+02		2.3834374e+03		1.1116737e+03		7.6814682e+02		3.4352686e+02
3.3600000e+02		3.3700000e+02		3.3650000e+02		5.6469084e+02		6.4775407e+02		1.9597062e+03		9.1294913e+02		6.2745825e+02		2.8549089e+02
3.3700000e+02		3.3800000e+02		3.3750000e+02		5.9573781e+02		6.8269349e+02		2.0633356e+03		9.6008089e+02		6.5630565e+02		3.0377525e+02
3.3800000e+02		3.3900000e+02		3.3850000e+02		6.4448401e+02		7.3782787e+02		2.2277416e+03		1.0353459e+03		7.0393526e+02		3.3141066e+02
3.3900000e+02		3.4000000e+02		3.3950000e+02		6.7448220e+02		7.7141294e+02		2.3268302e+03		1.0801112e+03		7.3038804e+02		3.4972320e+02
3.4000000e+02		3.4100000e+02		3.4050000e+02		7.1196374e+02		8.1348414e+02		2.4513045e+03		1.1365399e+03		7.6435817e+02		3.7218174e+02
3.4100000e+02		3.4200000e+02		3.4150000e+02		6.4984945e+02		7.4178851e+02		2.2330635e+03		1.0341242e+03		6.9167366e+02		3.4245053e+02
3.4200000e+02		3.4300000e+02		3.4250000e+02		7.0477558e+02		8.0370327e+02		2.4170850e+03		1.1180169e+03		7.4367404e+02		3.7434286e+02
3.4300000e+02		3.4400000e+02		3.4350000e+02		6.9264465e+02		7.8910425e+02		2.3708725e+03		1.0953431e+03		7.2456886e+02		3.7077422e+02
3.4400000e+02		3.4500000e+02		3.4450000e+02		5.5710877e+02		6.3408055e+02		1.9032610e+03		8.7826700e+02		5.7775134e+02		3.0051566e+02
3.4500000e+02		3.4600000e+02		3.4550000e+02		6.7138909e+02		7.6341528e+02		2.2892715e+03		1.0551461e+03		6.9024245e+02		3.6490362e+02
3.4600000e+02		3.4700000e+02		3.4650000e+02		6.5194093e+02		7.4059128e+02		2.2187075e+03		1.0214174e+03		6.6444181e+02		3.5697562e+02
3.4700000e+02		3.4800000e+02		3.4750000e+02		6.4525828e+02		7.3230062e+02		2.1917871e+03		1.0078373e+03		6.5192668e+02		3.5591058e+02
3.4800000e+02		3.4900000e+02		3.4850000e+02		6.6761091e+02		7.5694873e+02		2.2634213e+03		1.0395545e+03		6.6865244e+02		3.7090206e+02
3.4900000e+02		3.5000000e+02		3.4950000e+02		6.3989005e+02		7.2483208e+02		2.1653536e+03		9.9334825e+02		6.3531606e+02		3.5803218e+02
3.5000000e+02		3.5100000e+02		3.5050000e+02		7.6650484e+02		8.6743673e+02		2.5889534e+03		1.1862844e+03		7.5440179e+02		4.3188266e+02
3.5100000e+02		3.5200000e+02		3.5150000e+02		7.1211510e+02		8.0512969e+02		2.4007657e+03		1.0987716e+03		6.9476417e+02		4.0400741e+02
3.5200000e+02		3.5300000e+02		3.5250000e+02		6.5785102e+02		7.4308393e+02		2.2137157e+03		1.0119841e+03		6.3622466e+02		3.7575945e+02
3.5300000e+02		3.5400000e+02		3.5350000e+02		7.5263834e+02		8.4936290e+02		2.5280161e+03		1.1543224e+03		7.2154186e+02		4.3278051e+02
3.5400000e+02		3.5500000e+02		3.5450000e+02		8.0329241e+02		9.0568933e+02		2.6932142e+03		1.2283295e+03		7.6337486e+02		4.6495465e+02
3.5500000e+02		3.5600000e+02		3.5550000e+02		7.5433512e+02		8.4970972e+02		2.5244681e+03		1.1500372e+03		7.1058242e+02		4.3945477e+02
3.5600000e+02		3.5700000e+02		3.5650000e+02		6.5576441e+02		7.3800083e+02		2.1906165e+03		9.9679928e+02		6.1232372e+02		3.8447557e+02
3.5700000e+02		3.5800000e+02		3.5750000e+02		5.7307986e+02		6.4436064e+02		1.9109585e+03		8.6854713e+02		5.3043093e+02		3.3811620e+02
3.5800000e+02		3.5900000e+02		3.5850000e+02		4.9194729e+02		5.5263631e+02		1.6374836e+03		7.4339788e+02		4.5134672e+02		2.9205116e+02
3.5900000e+02		3.6000000e+02		3.5950000e+02		7.1030971e+02		7.9721918e+02		2.3601148e+03		1.0702400e+03		6.4597428e+02		4.2426575e+02
3.6000000e+02		3.6100000e+02		3.6050000e+02		7.0092701e+02		7.8598475e+02		2.3248232e+03		1.0530360e+03		6.3184997e+02		4.2118600e+02
3.6100000e+02		3.6200000e+02		3.6150000e+02		6.5110481e+02		7.2946721e+02		2.1557806e+03		9.7535926e+02		5.8178684e+02		3.9357242e+02
3.6200000e+02		3.6300000e+02		3.6250000e+02		7.3500056e+02		8.2273188e+02		2.4293083e+03		1.0978704e+03		6.5098469e+02		4.4688569e+02
3.6300000e+02		3.6400000e+02		3.6350000e+02		7.1558904e+02		8.0029919e+02		2.3610478e+03		1.0658184e+03		6.2822522e+02		4.3759319e+02
3.6400000e+02		3.6500000e+02		3.6450000e+02		7.4837927e+02		8.3623968e+02		2.4649823e+03		1.1114858e+03		6.5123941e+02		4.6024643e+02
3.6500000e+02		3.6600000e+02		3.6550000e+02		8.5179486e+02		9.5096965e+02		2.8008052e+03		1.2614975e+03		7.3471683e+02		5.2678069e+02
3.6600000e+02		3.6700000e+02		3.6650000e+02		9.1042532e+02		1.0155491e+03		2.9884975e+03		1.3445332e+03		7.7838477e+02		5.6614840e+02
3.6700000e+02		3.6800000e+02		3.6750000e+02		8.7909512e+02		9.7976003e+02		2.8807795e+03		1.2946296e+03		7.4498931e+02		5.4964025e+02
3.6800000e+02		3.6900000e+02		3.6850000e+02		8.1047729e+02		9.0251476e+02		2.6514624e+03		1.1902540e+03		6.8079834e+02		5.0945565e+02
3.6900000e+02		3.7000000e+02		3.6950000e+02		8.9967825e+02		1.0009967e+03		2.9383750e+03		1.3175949e+03		7.4907927e+02		5.6851561e+02
3.7000000e+02		3.7100000e+02		3.7050000e+02		8.4427990e+02		9.3856906e+02		2.7528766e+03		1.2330588e+03		6.9677014e+02		5.3628864e+02
3.7100000e+02		3.7200000e+02		3.7150000e+02		8.7164560e+02		9.6818079e+02		2.8374319e+03		1.2695410e+03		7.1302587e+02		5.5651511e+02
3.7200000e+02		3.7300000e+02		3.7250000e+02		7.2411383e+02		8.0364174e+02		2.3533282e+03		1.0517921e+03		5.8713011e+02		4.6466202e+02
3.7300000e+02		3.7400000e+02		3.7350000e+02		6.3155746e+02		7.0034180e+02		2.0491964e+03		9.1486940e+02		5.0757775e+02		4.0729164e+02
3.7400000e+02		3.7500000e+02		3.7450000e+02		6.4642322e+02		7.1623917e+02		2.0940531e+03		9.3388463e+02		5.1495469e+02		4.1892994e+02
3.7500000e+02		3.7600000e+02		3.7550000e+02		7.4036161e+02		8.1965553e+02		2.3945261e+03		1.0667365e+03		5.8459977e+02		4.8213669e+02
3.7600000e+02		3.7700000e+02		3.7650000e+02		7.6758018e+02		8.4910230e+02		2.4786163e+03		1.1030137e+03		6.0076084e+02		5.0225287e+02
3.7700000e+02		3.7800000e+02		3.7750000e+02		9.0048278e+02		9.9532037e+02		2.9031921e+03		1.2905756e+03		6.9858130e+02		5.9199427e+02
3.7800000e+02		3.7900000e+02		3.7850000e+02		9.3786543e+02		1.0358137e+03		3.0189828e+03		1.3406222e+03		7.2118459e+02		6.1943760e+02
3.7900000e+02		3.8000000e+02		3.7950000e+02		7.6051322e+02		8.3927442e+02		2.4442833e+03		1.0842701e+03		5.7966605e+02		5.0460407e+02
3.8000000e+02		3.8100000e+02		3.8050000e+02		8.2814537e+02		9.1319248e+02		2.6575469e+03		1.1776308e+03		6.2566778e+02		5.5196302e+02
3.8100000e+02		3.8200000e+02		3.8150000e+02		7.4366886e+02		8.1940066e+02		2.3828048e+03		1.0547780e+03		5.5690866e+02		4.9786930e+02
3.8200000e+02		3.8300000e+02		3.8250000e+02		5.3336093e+02		5.8722066e+02		1.7063554e+03		7.5455093e+02		3.9590766e+02		3.5864326e+02
3.8300000e+02		3.8400000e+02		3.8350000e+02		4.7073026e+02		5.1786683e+02		1.5037121e+03		6.6425131e+02		3.4634940e+02		3.1790192e+02
3.8400000e+02		3.8500000e+02		3.8450000e+02		6.2969557e+02		6.9222123e+02		2.0085027e+03		8.8632079e+02		4.5924449e+02		4.2707630e+02
3.8500000e+02		3.8600000e+02		3.8550000e+02		6.6694888e+02		7.3261796e+02		2.1241658e+03		9.3639673e+02		4.8214576e+02		4.5425098e+02
3.8600000e+02		3.8700000e+02		3.8650000e+02		6.6977732e+02		7.3517144e+02		2.1300277e+03		9.3801953e+02		4.7994373e+02		4.5807579e+02
3.8700000e+02		3.8800000e+02		3.8750000e+02		6.6902499e+02		7.3379735e+02		2.1245206e+03		9.3464123e+02		4.7520173e+02		4.5943950e+02
3.8800000e+02		3.8900000e+02		3.8850000e+02		6.7841027e+02		7.4353986e+02		2.1511944e+03		9.4541659e+02		4.7764548e+02		4.6777112e+02
3.8900000e+02		3.9000000e+02		3.8950000e+02		8.1451188e+02		8.9205111e+02		2.5790403e+03		1.1323052e+03		5.6844723e+02		5.6385795e+02
3.9000000e+02		3.9100000e+02		3.9050000e+02		8.5560997e+02		9.3637767e+02		2.7052961e+03		1.1865450e+03		5.9190230e+02		5.9464272e+02
3.9100000e+02		3.9200000e+02		3.9150000e+02		9.2006232e+02		1.0061848e+03		2.9049542e+03		1.2728434e+03		6.3092101e+02		6.4192244e+02
3.9200000e+02		3.9300000e+02		3.9250000e+02		7.0614281e+02		7.7168632e+02		2.2263961e+03		9.7455575e+02		4.7999422e+02		4.9456153e+02
3.9300000e+02		3.9400000e+02		3.9350000e+02		4.3291589e+02		4.7276131e+02		1.3630319e+03		5.9604782e+02		2.9169902e+02		3.0434880e+02
3.9400000e+02		3.9500000e+02		3.9450000e+02		7.1565803e+02		7.8097384e+02		2.2501186e+03		9.8300014e+02		4.7799937e+02		5.0500077e+02
3.9500000e+02		3.9600000e+02		3.9550000e+02		8.7888136e+02		9.5842057e+02		2.7595114e+03		1.2043584e+03		5.8189522e+02		6.2246321e+02
3.9600000e+02		3.9700000e+02		3.9650000e+02		6.0712893e+02		6.6161128e+02		1.9036554e+03		8.3002184e+02		3.9846367e+02		4.3155817e+02
3.9700000e+02		3.9800000e+02		3.9750000e+02		6.8053003e+02		7.4108581e+02		2.1309128e+03		9.2821122e+02		4.4274348e+02		4.8546774e+02
3.9800000e+02		3.9900000e+02		3.9850000e+02		1.0480559e+03		1.1405291e+03		3.2773100e+03		1.4262015e+03		6.7590806e+02		7.5029340e+02
3.9900000e+02		4.0000000e+02		3.9950000e+02		1.1577145e+03		1.2590019e+03		3.6153785e+03		1.5718158e+03		7.4012573e+02		8.3169007e+02
4.0000000e+02		4.0100000e+02		4.0050000e+02		1.1939713e+03		1.2975647e+03		3.7237052e+03		1.6173734e+03		7.5667561e+02		8.6069783e+02
4.0100000e+02		4.0200000e+02		4.0150000e+02		1.2509583e+03		1.3585892e+03		3.8963268e+03		1.6907512e+03		7.8590387e+02		9.0484736e+02
4.0200000e+02		4.0300000e+02		4.0250000e+02		1.2664199e+03		1.3744676e+03		3.9393526e+03		1.7078148e+03		7.8870806e+02		9.1910678e+02
4.0300000e+02		4.0400000e+02		4.0350000e+02		1.2115903e+03		1.3140938e+03		3.7639346e+03		1.6302414e+03		7.4801333e+02		8.8222807e+02
4.0400000e+02		4.0500000e+02		4.0450000e+02		1.1914959e+03		1.2914548e+03		3.6967707e+03		1.5996635e+03		7.2922945e+02		8.7043401e+02
4.0500000e+02		4.0600000e+02		4.0550000e+02		1.1904731e+03		1.2895098e+03		3.6889073e+03		1.5947861e+03		7.2229149e+02		8.7249465e+02
4.0600000e+02		4.0700000e+02		4.0650000e+02		1.1388815e+03		1.2328332e+03		3.5245962e+03		1.5223518e+03		6.8500847e+02		8.3734334e+02
4.0700000e+02		4.0800000e+02		4.0750000e+02		1.1575323e+03		1.2522235e+03		3.5778414e+03		1.5439386e+03		6.9020532e+02		8.5373332e+02
4.0800000e+02		4.0900000e+02		4.0850000e+02		1.2307397e+03		1.3305776e+03		3.7994064e+03		1.6380620e+03		7.2751598e+02		9.1054605e+02
4.0900000e+02		4.1000000e+02		4.0950000e+02		1.2243097e+03		1.3227958e+03		3.7749119e+03		1.6260331e+03		7.1746739e+02		9.0856576e+02
4.1000000e+02		4.1100000e+02		4.1050000e+02		1.1216634e+03		1.2111385e+03		3.4542077e+03		1.4865563e+03		6.5164557e+02		8.3491073e+02
4.1100000e+02		4.1200000e+02		4.1150000e+02		1.3003372e+03		1.4031989e+03		3.9996006e+03		1.7197377e+03		7.4893898e+02		9.7079874e+02
4.1200000e+02		4.1300000e+02		4.1250000e+02		1.2760342e+03		1.3761309e+03		3.9201440e+03		1.6840797e+03		7.2861463e+02		9.5546508e+02
4.1300000e+02		4.1400000e+02		4.1350000e+02		1.2308584e+03		1.3266060e+03		3.7768626e+03		1.6210977e+03		6.9677479e+02		9.2432287e+02
4.1400000e+02		4.1500000e+02		4.1450000e+02		1.2488872e+03		1.3452273e+03		3.8276654e+03		1.6414652e+03		7.0090635e+02		9.4055887e+02
4.1500000e+02		4.1600000e+02		4.1550000e+02		1.2477523e+03		1.3432030e+03		3.8197158e+03		1.6366312e+03		6.9425874e+02		9.4237250e+02
4.1600000e+02		4.1700000e+02		4.1650000e+02		1.2947363e+03		1.3929564e+03		3.9589510e+03		1.6948229e+03		7.1422367e+02		9.8059922e+02
4.1700000e+02		4.1800000e+02		4.1750000e+02		1.1781342e+03		1.2667650e+03		3.5982710e+03		1.5390928e+03		6.4433454e+02		8.9475828e+02
4.1800000e+02		4.1900000e+02		4.1850000e+02		1.2217101e+03		1.3128533e+03		3.7271015e+03		1.5928366e+03		6.6244766e+02		9.3038892e+02
4.1900000e+02		4.2000000e+02		4.1950000e+02		1.2338424e+03		1.3251275e+03		3.7598631e+03		1.6054748e+03		6.6330869e+02		9.4216608e+02
4.2000000e+02		4.2100000e+02		4.2050000e+02		1.2494927e+03		1.3411682e+03		3.8032852e+03		1.6226472e+03		6.6598640e+02		9.5666080e+02
4.2100000e+02		4.2200000e+02		4.2150000e+02		1.2299982e+03		1.3194946e+03		3.7397842e+03		1.5942184e+03		6.5000353e+02		9.4421491e+02
4.2200000e+02		4.2300000e+02		4.2250000e+02		1.1657134e+03		1.2498291e+03		3.5404202e+03		1.5079763e+03		6.1078263e+02		8.9719363e+02
4.2300000e+02		4.2400000e+02		4.2350000e+02		1.2419943e+03		1.3308719e+03		3.7679716e+03		1.6035704e+03		6.4521171e+02		9.5835871e+02
4.2400000e+02		4.2500000e+02		4.2450000e+02		1.2850442e+03		1.3762412e+03		3.8943510e+03		1.6559932e+03		6.6190032e+02		9.9409287e+02
4.2500000e+02		4.2600000e+02		4.2550000e+02		1.2367256e+03		1.3237676e+03		3.7438924e+03		1.5907142e+03		6.3160263e+02		9.5911161e+02
4.2600000e+02		4.2700000e+02		4.2650000e+02		1.2316584e+03		1.3176273e+03		3.7245793e+03		1.5812251e+03		6.2367900e+02		9.5754606e+02
4.2700000e+02		4.2800000e+02		4.2750000e+02		1.1420512e+03		1.2211073e+03		3.4499547e+03		1.4634565e+03		5.7340430e+02		8.9005219e+02
4.2800000e+02		4.2900000e+02		4.2850000e+02		1.1495483e+03		1.2284668e+03		3.4689641e+03		1.4703424e+03		5.7228371e+02		8.9805868e+02
4.2900000e+02		4.3000000e+02		4.2950000e+02		1.0698649e+03		1.1427076e+03		3.2251518e+03		1.3659140e+03		5.2811223e+02		8.3780182e+02
4.3000000e+02		4.3100000e+02		4.3050000e+02		8.6065012e+02		9.1876558e+02		2.5917931e+03		1.0968074e+03		4.2125143e+02		6.7555595e+02
4.3100000e+02		4.3200000e+02		4.3150000e+02		1.0641754e+03		1.1354426e+03		3.2014241e+03		1.3537309e+03		5.1647562e+02		8.3725526e+02
4.3200000e+02		4.3300000e+02		4.3250000e+02		1.1990384e+03		1.2786771e+03		3.6034887e+03		1.5225573e+03		5.7702678e+02		9.4553056e+02
4.3300000e+02		4.3400000e+02		4.3350000e+02		1.3017454e+03		1.3874956e+03		3.9082286e+03		1.6500385e+03		6.2118310e+02		1.0288554e+03
4.3400000e+02		4.3500000e+02		4.3450000e+02		1.1054356e+03		1.1776567e+03		3.3155450e+03		1.3987333e+03		5.2307289e+02		8.7566043e+02
4.3500000e+02		4.3600000e+02		4.3550000e+02		1.2347447e+03		1.3147526e+03		3.6997290e+03		1.5596173e+03		5.7935614e+02		9.8026114e+02
4.3600000e+02		4.3700000e+02		4.3650000e+02		1.3814970e+03		1.4702808e+03		4.1354010e+03		1.7419518e+03		6.4278038e+02		1.0991714e+03
4.3700000e+02		4.3800000e+02		4.3750000e+02		1.2223713e+03		1.3002859e+03		3.6555221e+03		1.5386524e+03		5.6398114e+02		9.7467123e+02
4.3800000e+02		4.3900000e+02		4.3850000e+02		1.1905029e+03		1.2657659e+03		3.5567958e+03		1.4959768e+03		5.4468479e+02		9.5129199e+02
4.3900000e+02		4.4000000e+02		4.3950000e+02		1.3250738e+03		1.4081601e+03		3.9550711e+03		1.6622535e+03		6.0119139e+02		1.0610621e+03
4.4000000e+02		4.4100000e+02		4.4050000e+02		1.2562739e+03		1.3344030e+03		3.7461719e+03		1.5732940e+03		5.6522226e+02		1.0080718e+03
4.4100000e+02		4.4200000e+02		4.4150000e+02		1.3817384e+03		1.4669574e+03		4.1164049e+03		1.7275139e+03		6.1648330e+02		1.1110306e+03
4.4200000e+02		4.4300000e+02		4.4250000e+02		1.4526378e+03		1.5414943e+03		4.3235875e+03		1.8131398e+03		6.4272002e+02		1.1704197e+03
4.4300000e+02		4.4400000e+02		4.4350000e+02		1.4050936e+03		1.4903420e+03		4.1782248e+03		1.7509133e+03		6.1651829e+02		1.1343950e+03
4.4400000e+02		4.4500000e+02		4.4450000e+02		1.4475318e+03		1.5346232e+03		4.3004356e+03		1.8008314e+03		6.2985541e+02		1.1709760e+03
4.4500000e+02		4.4600000e+02		4.4550000e+02		1.3420773e+03		1.4221692e+03		3.9835370e+03		1.6669387e+03		5.7913094e+02		1.0878078e+03
4.4600000e+02		4.4700000e+02		4.4650000e+02		1.3689269e+03		1.4499817e+03		4.0596551e+03		1.6975890e+03		5.8584514e+02		1.1117438e+03
4.4700000e+02		4.4800000e+02		4.4750000e+02		1.4837056e+03		1.5708508e+03		4.3961431e+03		1.8370026e+03		6.2972195e+02		1.2072807e+03
4.4800000e+02		4.4900000e+02		4.4850000e+02		1.4587166e+03		1.5437063e+03		4.3183065e+03		1.8032173e+03		6.1400960e+02		1.1892077e+03
4.4900000e+02		4.5000000e+02		4.4950000e+02		1.4737837e+03		1.5589597e+03		4.3591027e+03		1.8189906e+03		6.1523972e+02		1.2037509e+03
4.5000000e+02		4.5100000e+02		4.5050000e+02		1.5636828e+03		1.6533256e+03		4.6209958e+03		1.9269470e+03		6.4739534e+02		1.2795517e+03
4.5100000e+02		4.5200000e+02		4.5150000e+02		1.5589734e+03		1.6476257e+03		4.6031202e+03		1.9181805e+03		6.4013941e+02		1.2780411e+03
4.5200000e+02		4.5300000e+02		4.5250000e+02		1.4757889e+03		1.5590351e+03		4.3537931e+03		1.8130508e+03		6.0100754e+02		1.2120433e+03
4.5300000e+02		4.5400000e+02		4.5350000e+02		1.4141855e+03		1.4933152e+03		4.1685312e+03		1.7347320e+03		5.7119810e+02		1.1635339e+03
4.5400000e+02		4.5500000e+02		4.5450000e+02		1.5096596e+03		1.5934529e+03		4.4462311e+03		1.8490581e+03		6.0476829e+02		1.2442898e+03
4.5500000e+02		4.5600000e+02		4.5550000e+02		1.4952815e+03		1.5776108e+03		4.4002304e+03		1.8287116e+03		5.9411079e+02		1.2346008e+03
4.5600000e+02		4.5700000e+02		4.5650000e+02		1.5527317e+03		1.6375390e+03		4.5655329e+03		1.8961583e+03		6.1189984e+02		1.2842585e+03
4.5700000e+02		4.5800000e+02		4.5750000e+02		1.5677329e+03		1.6526741e+03		4.6058821e+03		1.9116629e+03		6.1277404e+02		1.2988889e+03
4.5800000e+02		4.5900000e+02		4.5850000e+02		1.4734199e+03		1.5526129e+03		4.3252980e+03		1.7940393e+03		5.7122098e+02		1.2228183e+03
4.5900000e+02		4.6000000e+02		4.5950000e+02		1.5222067e+03		1.6033685e+03		4.4649330e+03		1.8507608e+03		5.8533640e+02		1.2654244e+03
4.6000000e+02		4.6100000e+02		4.6050000e+02		1.5039223e+03		1.5834696e+03		4.4077966e+03		1.8259057e+03		5.7360981e+02		1.2522959e+03
4.6100000e+02		4.6200000e+02		4.6150000e+02		1.5386000e+03		1.6193332e+03		4.5058808e+03		1.8653483e+03		5.8207795e+02		1.2832704e+03
4.6200000e+02		4.6300000e+02		4.6250000e+02		1.5538294e+03		1.6347130e+03		4.5469282e+03		1.8811515e+03		5.8307981e+02		1.2980717e+03
4.6300000e+02		4.6400000e+02		4.6350000e+02		1.5018384e+03		1.5793944e+03		4.3913869e+03		1.8156612e+03		5.5901327e+02		1.2566479e+03
4.6400000e+02		4.6500000e+02		4.6450000e+02		1.5281564e+03		1.6064451e+03		4.4649126e+03		1.8449112e+03		5.6421677e+02		1.2806944e+03
4.6500000e+02		4.6600000e+02		4.6550000e+02		1.4760608e+03		1.5510812e+03		4.3094213e+03		1.7795607e+03		5.4058839e+02		1.2389723e+03
4.6600000e+02		4.6700000e+02		4.6650000e+02		1.4854121e+03		1.5603101e+03		4.3334529e+03		1.7883859e+03		5.3963331e+02		1.2487526e+03
4.6700000e+02		4.6800000e+02		4.6750000e+02		1.4997486e+03		1.5747671e+03		4.3719939e+03		1.8031917e+03		5.4045851e+02		1.2627332e+03
4.6800000e+02		4.6900000e+02		4.6850000e+02		1.4665907e+03		1.5393724e+03		4.2721693e+03		1.7609539e+03		5.2426741e+02		1.2366865e+03
4.6900000e+02		4.7000000e+02		4.6950000e+02		1.5086728e+03		1.5829493e+03		4.3915167e+03		1.8090606e+03		5.3498531e+02		1.2740753e+03
4.7000000e+02		4.7100000e+02		4.7050000e+02		1.4256243e+03		1.4952572e+03		4.1467477e+03		1.7072109e+03		5.0148780e+02		1.2057231e+03
4.7100000e+02		4.7200000e+02		4.7150000e+02		1.4904926e+03		1.5627188e+03		4.3322952e+03		1.7825448e+03		5.2011391e+02		1.2624309e+03
4.7200000e+02		4.7300000e+02		4.7250000e+02		1.5269264e+03		1.6003368e+03		4.4350188e+03		1.8237388e+03		5.2857484e+02		1.2951640e+03
4.7300000e+02		4.7400000e+02		4.7350000e+02		1.4995420e+03		1.5710638e+03		4.3523715e+03		1.7887090e+03		5.1495411e+02		1.2737549e+03
4.7400000e+02		4.7500000e+02		4.7450000e+02		1.5448084e+03		1.6179214e+03		4.4806311e+03		1.8403547e+03		5.2628283e+02		1.3140718e+03
4.7500000e+02		4.7600000e+02		4.7550000e+02		1.5413846e+03		1.6137710e+03		4.4676030e+03		1.8339493e+03		5.2094730e+02		1.3130020e+03
4.7600000e+02		4.7700000e+02		4.7650000e+02		1.4853490e+03		1.5545598e+03		4.3022153e+03		1.7650503e+03		4.9802583e+02		1.2670244e+03
4.7700000e+02		4.7800000e+02		4.7750000e+02		1.5508368e+03		1.6225350e+03		4.4888190e+03		1.8405645e+03		5.1586324e+02		1.3247012e+03
4.7800000e+02		4.7900000e+02		4.7850000e+02		1.5358791e+03		1.6063323e+03		4.4425053e+03		1.8205504e+03		5.0684566e+02		1.3137048e+03
4.7900000e+02		4.8000000e+02		4.7950000e+02		1.5403519e+03		1.6104602e+03		4.4524430e+03		1.8236049e+03		5.0430582e+02		1.3192991e+03
4.8000000e+02		4.8100000e+02		4.8050000e+02		1.5442750e+03		1.6140154e+03		4.4608035e+03		1.8260173e+03		5.0160182e+02		1.3244155e+03
4.8100000e+02		4.8200000e+02		4.8150000e+02		1.5475498e+03		1.6168955e+03		4.4673052e+03		1.8276735e+03		4.9870605e+02		1.3289674e+03
4.8200000e+02		4.8300000e+02		4.8250000e+02		1.5416562e+03		1.6102022e+03		4.4473729e+03		1.8185259e+03		4.9289929e+02		1.3256266e+03
4.8300000e+02		4.8400000e+02		4.8350000e+02		1.5183412e+03		1.5853262e+03		4.3772606e+03		1.7888876e+03		4.8163158e+02		1.3072560e+03
4.8400000e+02		4.8500000e+02		4.8450000e+02		1.4920771e+03		1.5573911e+03		4.2987607e+03		1.7558619e+03		4.6958696e+02		1.2862750e+03
4.8500000e+02		4.8600000e+02		4.8550000e+02		1.4021236e+03		1.4630196e+03		4.0369989e+03		1.6480632e+03		4.3781782e+02		1.2102454e+03
4.8600000e+02		4.8700000e+02		4.8650000e+02		1.2173217e+03		1.2697891e+03		3.5027117e+03		1.4291888e+03		3.7714390e+02		1.0520449e+03
4.8700000e+02		4.8800000e+02		4.8750000e+02		1.3927585e+03		1.4523204e+03		4.0049816e+03		1.6332675e+03		4.2812556e+02		1.2051420e+03
4.8800000e+02		4.8900000e+02		4.8850000e+02		1.4651201e+03		1.5272948e+03		4.2104401e+03		1.7161595e+03		4.4685853e+02		1.2693010e+03
4.8900000e+02		4.9000000e+02		4.8950000e+02		1.4372192e+03		1.4977423e+03		4.1277120e+03		1.6815685e+03		4.3493746e+02		1.2466311e+03
4.9000000e+02		4.9100000e+02		4.9050000e+02		1.5307557e+03		1.5947265e+03		4.3936688e+03		1.7889955e+03		4.5964540e+02		1.3293501e+03
4.9100000e+02		4.9200000e+02		4.9150000e+02		1.4425606e+03		1.5023833e+03		4.1380121e+03		1.6840386e+03		4.2980107e+02		1.2542376e+03
4.9200000e+02		4.9300000e+02		4.9250000e+02		1.3729411e+03		1.4294460e+03		3.9359525e+03		1.6009959e+03		4.0589149e+02		1.1951044e+03
4.9300000e+02		4.9400000e+02		4.9350000e+02		1.4509629e+03		1.5102235e+03		4.1571477e+03		1.6901199e+03		4.2563932e+02		1.2644806e+03
4.9400000e+02		4.9500000e+02		4.9450000e+02		1.4929449e+03		1.5534556e+03		4.2749030e+03		1.7371273e+03		4.3457181e+02		1.3025554e+03
4.9500000e+02		4.9600000e+02		4.9550000e+02		1.4663156e+03		1.5252943e+03		4.1961920e+03		1.7042985e+03		4.2352829e+02		1.2807702e+03
4.9600000e+02		4.9700000e+02		4.9650000e+02		1.4846220e+03		1.5438829e+03		4.2461114e+03		1.7237260e+03		4.2551333e+02		1.2982127e+03
4.9700000e+02		4.9800000e+02		4.9750000e+02		1.5123203e+03		1.5722283e+03		4.3228388e+03		1.7540180e+03		4.3011886e+02		1.3238991e+03
4.9800000e+02		4.9900000e+02		4.9850000e+02		1.3744029e+03		1.4284337e+03		3.9263674e+03		1.5923761e+03		3.8789193e+02		1.2044842e+03
4.9900000e+02		5.0000000e+02		4.9950000e+02		1.4721832e+03		1.5296148e+03		4.2033091e+03		1.7038734e+03		4.1230021e+02		1.2915732e+03
