Left Bin Edge (nm)	Right Bin Edge (nm)	Bin Center (nm)		Top of Atm Intensity (erg/s/nm/cm2)		Total Surface Flux (erg/s/nm/cm2)		Total Intensity at BOA (erg/s/nm/cm2)		Total Surface Intensity (erg/s/nm/cm2)		Total Surface Diffuse Intensity (erg/s/nm/cm2)		Total Surface Direct Intensity (erg/s/nm/cm2)
1.0000000e+02		1.0100000e+02		1.0050000e+02		4.4569042e-02		2.4525374e-199		0.0000000e+00		4.2479194e-199		4.2479194e-199		0.0000000e+00
1.0100000e+02		1.0200000e+02		1.0150000e+02		1.7387199e-01		2.8780738e-197		0.0000000e+00		4.9849701e-197		4.9849701e-197		0.0000000e+00
1.0200000e+02		1.0300000e+02		1.0250000e+02		9.2286085e-01		3.0760917e-195		0.0000000e+00		5.3279471e-195		5.3279471e-195		0.0000000e+00
1.0300000e+02		1.0400000e+02		1.0350000e+02		7.0094286e-01		3.0025219e-193		0.0000000e+00		5.2005205e-193		5.2005205e-193		0.0000000e+00
1.0400000e+02		1.0500000e+02		1.0450000e+02		1.4124828e-01		2.6834655e-191		0.0000000e+00		4.6478986e-191		4.6478986e-191		0.0000000e+00
1.0500000e+02		1.0600000e+02		1.0550000e+02		4.8389941e-02		2.2015022e-189		0.0000000e+00		3.8131137e-189		3.8131137e-189		0.0000000e+00
1.0600000e+02		1.0700000e+02		1.0650000e+02		4.5487167e-02		1.6618999e-187		0.0000000e+00		2.8784950e-187		2.8784950e-187		0.0000000e+00
1.0700000e+02		1.0800000e+02		1.0750000e+02		5.0757295e-02		1.1570802e-185		0.0000000e+00		2.0041217e-185		2.0041217e-185		0.0000000e+00
1.0800000e+02		1.0900000e+02		1.0850000e+02		7.1152114e-02		7.4467693e-184		0.0000000e+00		1.2898183e-183		1.2898183e-183		0.0000000e+00
1.0900000e+02		1.1000000e+02		1.0950000e+02		5.5817450e-02		4.4397226e-182		0.0000000e+00		7.6898250e-182		7.6898250e-182		0.0000000e+00
1.1000000e+02		1.1100000e+02		1.1050000e+02		5.4043772e-02		2.4571438e-180		0.0000000e+00		4.2558980e-180		4.2558980e-180		0.0000000e+00
1.1100000e+02		1.1200000e+02		1.1150000e+02		5.0797691e-02		1.2649203e-178		0.0000000e+00		2.1909062e-178		2.1909062e-178		0.0000000e+00
1.1200000e+02		1.1300000e+02		1.1250000e+02		5.1969037e-02		6.0686712e-177		0.0000000e+00		1.0511247e-176		1.0511247e-176		0.0000000e+00
1.1300000e+02		1.1400000e+02		1.1350000e+02		4.1221387e-02		2.7185186e-175		0.0000000e+00		4.7086123e-175		4.7086123e-175		0.0000000e+00
1.1400000e+02		1.1500000e+02		1.1450000e+02		3.1562600e-02		1.1390986e-173		0.0000000e+00		1.9729767e-173		1.9729767e-173		0.0000000e+00
1.1500000e+02		1.1600000e+02		1.1550000e+02		4.3552050e-02		4.4723480e-172		0.0000000e+00		7.7463340e-172		7.7463340e-172		0.0000000e+00
1.1600000e+02		1.1700000e+02		1.1650000e+02		1.0143732e-01		1.6481021e-170		0.0000000e+00		2.8545966e-170		2.8545966e-170		0.0000000e+00
1.1700000e+02		1.1800000e+02		1.1750000e+02		3.6108525e-01		5.7096705e-169		0.0000000e+00		9.8894394e-169		9.8894394e-169		0.0000000e+00
1.1800000e+02		1.1900000e+02		1.1850000e+02		1.2283927e-01		1.8625021e-167		0.0000000e+00		3.2259482e-167		3.2259482e-167		0.0000000e+00
1.1900000e+02		1.2000000e+02		1.1950000e+02		1.7115732e-01		5.7292640e-166		0.0000000e+00		9.9233763e-166		9.9233763e-166		0.0000000e+00
1.2000000e+02		1.2100000e+02		1.2050000e+02		9.3056497e-01		1.6643818e-164		0.0000000e+00		2.8827939e-164		2.8827939e-164		0.0000000e+00
1.2100000e+02		1.2200000e+02		1.2150000e+02		3.6941242e+01		4.5727130e-163		0.0000000e+00		7.9201713e-163		7.9201713e-163		0.0000000e+00
1.2200000e+02		1.2300000e+02		1.2250000e+02		2.4773856e-01		1.1897520e-161		0.0000000e+00		2.0607109e-161		2.0607109e-161		0.0000000e+00
1.2300000e+02		1.2400000e+02		1.2350000e+02		1.3344721e-01		2.9354578e-160		3.4291052e-161		5.0843620e-160		5.0843620e-160		0.0000000e+00
1.2400000e+02		1.2500000e+02		1.2450000e+02		1.0726631e-01		6.8768419e-159		8.2602333e-160		1.1911039e-158		1.1911039e-158		0.0000000e+00
1.2500000e+02		1.2600000e+02		1.2550000e+02		1.0471361e-01		1.5315640e-157		1.8895617e-158		2.6527467e-157		2.6527467e-157		0.0000000e+00
1.2600000e+02		1.2700000e+02		1.2650000e+02		1.4644878e-01		3.2466558e-156		4.1124514e-157		5.6233728e-156		5.6233728e-156		0.0000000e+00
1.2700000e+02		1.2800000e+02		1.2750000e+02		7.6659940e-02		6.5584013e-155		8.5255401e-156		1.1359484e-154		1.1359484e-154		0.0000000e+00
1.2800000e+02		1.2900000e+02		1.2850000e+02		6.1165494e-02		1.2638929e-153		1.6854604e-154		2.1891267e-153		2.1891267e-153		0.0000000e+00
1.2900000e+02		1.3000000e+02		1.2950000e+02		8.1594975e-02		2.3262043e-152		3.1810428e-153		4.0291040e-152		4.0291040e-152		0.0000000e+00
1.3000000e+02		1.3100000e+02		1.3050000e+02		6.7007791e-01		4.0932750e-151		5.7377143e-152		7.0897602e-151		7.0897602e-151		0.0000000e+00
1.3100000e+02		1.3200000e+02		1.3150000e+02		9.0731094e-02		6.8932757e-150		9.9009649e-151		1.1939504e-149		1.1939504e-149		0.0000000e+00
1.3200000e+02		1.3300000e+02		1.3250000e+02		7.0547730e-02		1.1121023e-148		1.6361452e-149		1.9262176e-148		1.9262176e-148		0.0000000e+00
1.3300000e+02		1.3400000e+02		1.3350000e+02		9.5357088e-01		1.7204730e-147		2.5917588e-148		2.9799467e-147		2.9799467e-147		0.0000000e+00
1.3400000e+02		1.3500000e+02		1.3450000e+02		6.5246966e-02		2.5547140e-146		3.9391862e-147		4.4248944e-146		4.4248944e-146		0.0000000e+00
1.3500000e+02		1.3600000e+02		1.3550000e+02		1.3692679e-01		3.6443758e-145		5.7498474e-146		6.3122441e-145		6.3122441e-145		0.0000000e+00
1.3600000e+02		1.3700000e+02		1.3650000e+02		8.9861989e-02		4.9988957e-144		8.0673531e-145		8.6583413e-144		8.6583413e-144		0.0000000e+00
1.3700000e+02		1.3800000e+02		1.3750000e+02		9.2282630e-02		6.5988377e-143		1.0889467e-143		1.1429522e-142		1.1429522e-142		0.0000000e+00
1.3800000e+02		1.3900000e+02		1.3850000e+02		9.4180145e-02		8.3900575e-142		1.4152934e-142		1.4532006e-141		1.4532006e-141		0.0000000e+00
1.3900000e+02		1.4000000e+02		1.3950000e+02		3.1801144e-01		1.0282952e-140		1.7725750e-141		1.7810595e-140		1.7810595e-140		0.0000000e+00
1.4000000e+02		1.4100000e+02		1.4050000e+02		2.7729440e-01		1.2158144e-139		2.1410502e-140		2.1058524e-139		2.1058524e-139		0.0000000e+00
1.4100000e+02		1.4200000e+02		1.4150000e+02		1.3359910e-01		1.3878579e-138		2.4960198e-139		2.4038404e-138		2.4038404e-138		0.0000000e+00
1.4200000e+02		1.4300000e+02		1.4250000e+02		1.4479671e-01		1.5306404e-137		2.8105664e-138		2.6511470e-137		2.6511470e-137		0.0000000e+00
1.4300000e+02		1.4400000e+02		1.4350000e+02		1.6064305e-01		1.6321689e-136		3.0590132e-137		2.8269995e-136		2.8269995e-136		0.0000000e+00
1.4400000e+02		1.4500000e+02		1.4450000e+02		1.5363637e-01		1.6839350e-135		3.2204723e-136		2.9166611e-135		2.9166611e-135		0.0000000e+00
1.4500000e+02		1.4600000e+02		1.4550000e+02		1.6382583e-01		1.6820932e-134		3.2817904e-135		2.9134708e-134		2.9134708e-134		0.0000000e+00
1.4600000e+02		1.4700000e+02		1.4650000e+02		1.9977093e-01		1.6278991e-133		3.2391774e-134		2.8196040e-133		2.8196040e-133		0.0000000e+00
1.4700000e+02		1.4800000e+02		1.4750000e+02		2.4643334e-01		1.5273483e-132		3.0985998e-133		2.6454449e-132		2.6454449e-132		0.0000000e+00
1.4800000e+02		1.4900000e+02		1.4850000e+02		2.4167300e-01		1.3901267e-131		2.8747031e-132		2.4077700e-131		2.4077700e-131		0.0000000e+00
1.4900000e+02		1.5000000e+02		1.4950000e+02		2.1832777e-01		1.2281226e-130		2.5881337e-131		2.1271708e-130		2.1271708e-130		0.0000000e+00
1.5000000e+02		1.5100000e+02		1.5050000e+02		2.4023073e-01		1.0538007e-129		2.2626129e-130		1.8252364e-129		1.8252364e-129		0.0000000e+00
1.5100000e+02		1.5200000e+02		1.5150000e+02		2.5258505e-01		8.7873120e-129		1.9218647e-129		1.5220071e-128		1.5220071e-128		0.0000000e+00
1.5200000e+02		1.5300000e+02		1.5250000e+02		3.2229547e-01		7.1249058e-128		1.5870211e-128		1.2340699e-127		1.2340699e-127		0.0000000e+00
1.5300000e+02		1.5400000e+02		1.5350000e+02		3.5701286e-01		5.6203805e-127		1.2748461e-127		9.7347846e-127		9.7347846e-127		0.0000000e+00
1.5400000e+02		1.5500000e+02		1.5450000e+02		9.5486931e-01		4.3156523e-126		9.9694034e-127		7.4749290e-126		7.4749290e-126		0.0000000e+00
1.5500000e+02		1.5600000e+02		1.5550000e+02		7.8587524e-01		3.2273805e-125		7.5910594e-126		5.5899870e-125		5.5899870e-125		0.0000000e+00
1.5600000e+02		1.5700000e+02		1.5650000e+02		4.6648084e-01		2.3518169e-124		5.6270305e-125		4.0734663e-124		4.0734663e-124		0.0000000e+00
1.5700000e+02		1.5800000e+02		1.5750000e+02		4.2309893e-01		1.6707662e-123		4.0655769e-124		2.8938520e-123		2.8938520e-123		0.0000000e+00
1.5800000e+02		1.5900000e+02		1.5850000e+02		3.9008072e-01		1.1577006e-122		2.8644572e-123		2.0051962e-122		2.0051962e-122		0.0000000e+00
1.5900000e+02		1.6000000e+02		1.5950000e+02		3.8042347e-01		7.8279757e-122		1.9689998e-122		1.3558452e-121		1.3558452e-121		0.0000000e+00
1.6000000e+02		1.6100000e+02		1.6050000e+02		4.1635449e-01		5.1674290e-121		1.3210917e-121		8.9502496e-121		8.9502496e-121		0.0000000e+00
1.6100000e+02		1.6200000e+02		1.6150000e+02		4.7164413e-01		3.3316981e-120		8.6556561e-121		5.7706704e-120		5.7706704e-120		0.0000000e+00
1.6200000e+02		1.6300000e+02		1.6250000e+02		5.2241459e-01		2.0989993e-119		5.5403574e-120		3.6355734e-119		3.6355734e-119		0.0000000e+00
1.6300000e+02		1.6400000e+02		1.6350000e+02		1.1072121e+00		1.2927045e-118		3.4660325e-119		2.2390299e-118		2.2390299e-118		0.0000000e+00
1.6400000e+02		1.6500000e+02		1.6450000e+02		1.1323318e+00		7.7858649e-118		2.1201486e-118		1.3485514e-117		1.3485514e-117		0.0000000e+00
1.6500000e+02		1.6600000e+02		1.6550000e+02		1.3255566e+00		4.5876587e-117		1.2707470e-117		7.9460580e-117		7.9460580e-117		0.0000000e+00
1.6600000e+02		1.6700000e+02		1.6650000e+02		6.2522883e-01		4.9266454e-01		1.7328164e+00		8.5331999e-01		8.5331996e-01		2.7442324e-08
1.6700000e+02		1.6800000e+02		1.6750000e+02		6.6723830e-01		5.3223815e-01		1.8699104e+00		9.2186348e-01		9.2186344e-01		4.7650258e-08
1.6800000e+02		1.6900000e+02		1.6850000e+02		7.1904320e-01		5.8044849e-01		2.0370818e+00		1.0053662e+00		1.0053661e+00		8.2097232e-08
1.6900000e+02		1.7000000e+02		1.6950000e+02		9.0554889e-01		7.3956822e-01		2.5927991e+00		1.2809696e+00		1.2809695e+00		1.6255096e-07
1.7000000e+02		1.7100000e+02		1.7050000e+02		1.0161854e+00		8.3940951e-01		2.9398524e+00		1.4538997e+00		1.4538994e+00		2.8221568e-07
1.7100000e+02		1.7200000e+02		1.7150000e+02		1.0130704e+00		8.4616495e-01		2.9606174e+00		1.4656004e+00		1.4656000e+00		4.2864818e-07
1.7200000e+02		1.7300000e+02		1.7250000e+02		1.0571150e+00		8.9255476e-01		3.1199797e+00		1.5459497e+00		1.5459490e+00		6.7149218e-07
1.7300000e+02		1.7400000e+02		1.7350000e+02		1.0479596e+00		8.9421091e-01		3.1229136e+00		1.5488180e+00		1.5488170e+00		9.8535477e-07
1.7400000e+02		1.7500000e+02		1.7450000e+02		1.2530722e+00		1.0802957e+00		3.7694560e+00		1.8711258e+00		1.8711240e+00		1.7206019e-06
1.7500000e+02		1.7600000e+02		1.7550000e+02		1.4954862e+00		1.3023002e+00		4.5402064e+00		2.2556480e+00		2.2556450e+00		2.9601404e-06
1.7600000e+02		1.7700000e+02		1.7650000e+02		1.6135596e+00		1.4189581e+00		4.9428157e+00		2.4577041e+00		2.4576996e+00		4.5471654e-06
1.7700000e+02		1.7800000e+02		1.7750000e+02		1.9010195e+00		1.6878088e+00		5.8746219e+00		2.9233650e+00		2.9233575e+00		7.5368236e-06
1.7800000e+02		1.7900000e+02		1.7850000e+02		2.0776624e+00		1.8619268e+00		6.4756306e+00		3.2249434e+00		3.2249319e+00		1.1456515e-05
1.7900000e+02		1.8000000e+02		1.7950000e+02		2.0198657e+00		1.8266795e+00		6.3482665e+00		3.1638905e+00		3.1638752e+00		1.5321638e-05
1.8000000e+02		1.8100000e+02		1.8050000e+02		2.4976225e+00		2.2788862e+00		7.9140509e+00		3.9471279e+00		3.9471021e+00		2.5788999e-05
1.8100000e+02		1.8200000e+02		1.8150000e+02		3.0410490e+00		2.7988611e+00		9.7129376e+00		4.8477387e+00		4.8476964e+00		4.2311405e-05
1.8200000e+02		1.8300000e+02		1.8250000e+02		2.8073836e+00		2.6057347e+00		9.0365309e+00		4.5132267e+00		4.5131746e+00		5.2123875e-05
1.8300000e+02		1.8400000e+02		1.8350000e+02		2.9562417e+00		2.7666203e+00		9.5880923e+00		4.7918738e+00		4.7918012e+00		7.2563066e-05
1.8400000e+02		1.8500000e+02		1.8450000e+02		2.5409769e+00		2.3972007e+00		8.3024557e+00		4.1520136e+00		4.1519319e+00		8.1717448e-05
1.8500000e+02		1.8600000e+02		1.8550000e+02		2.8735562e+00		2.7323257e+00		9.4571910e+00		4.7324390e+00		4.7323190e+00		1.2003847e-04
1.8600000e+02		1.8700000e+02		1.8650000e+02		3.2604304e+00		3.1240207e+00		1.0806343e+01		5.4108342e+00		5.4106587e+00		1.7545046e-04
1.8700000e+02		1.8800000e+02		1.8750000e+02		3.6946466e+00		3.5666231e+00		1.2330038e+01		6.1773865e+00		6.1771324e+00		2.5407447e-04
1.8800000e+02		1.8900000e+02		1.8850000e+02		3.8870616e+00		3.7798295e+00		1.3059561e+01		6.5466086e+00		6.5462696e+00		3.3898393e-04
1.8900000e+02		1.9000000e+02		1.8950000e+02		4.3106081e+00		4.2216170e+00		1.4577761e+01		7.3117087e+00		7.3112355e+00		4.7320842e-04
1.9000000e+02		1.9100000e+02		1.9050000e+02		4.4384288e+00		4.3770746e+00		1.5106282e+01		7.5808698e+00		7.5802608e+00		6.0898450e-04
1.9100000e+02		1.9200000e+02		1.9150000e+02		4.8094361e+00		4.7751823e+00		1.6471415e+01		8.2702587e+00		8.2694396e+00		8.1913575e-04
1.9200000e+02		1.9300000e+02		1.9250000e+02		5.0365493e+00		5.0338288e+00		1.7354494e+01		8.7180729e+00		8.7170151e+00		1.0578186e-03
1.9300000e+02		1.9400000e+02		1.9350000e+02		3.8447944e+00		3.8675699e+00		1.3326900e+01		6.6981032e+00		6.6971137e+00		9.8947412e-04
1.9400000e+02		1.9500000e+02		1.9450000e+02		6.1679797e+00		6.2436629e+00		2.1503658e+01		1.0812926e+01		1.0810993e+01		1.9331477e-03
1.9500000e+02		1.9600000e+02		1.9550000e+02		5.9528271e+00		6.0629586e+00		2.0871013e+01		1.0499699e+01		1.0497440e+01		2.2587606e-03
1.9600000e+02		1.9700000e+02		1.9650000e+02		6.5508102e+00		6.7120633e+00		2.3094295e+01		1.1623444e+01		1.1620452e+01		2.9922178e-03
1.9700000e+02		1.9800000e+02		1.9750000e+02		6.5190955e+00		6.7186871e+00		2.3106073e+01		1.1634498e+01		1.1630933e+01		3.5649360e-03
1.9800000e+02		1.9900000e+02		1.9850000e+02		6.3883794e+00		6.6215791e+00		2.2761416e+01		1.1465866e+01		1.1461706e+01		4.1602658e-03
1.9900000e+02		2.0000000e+02		1.9950000e+02		6.7274707e+00		7.0118983e+00		2.4091944e+01		1.2141164e+01		1.2135973e+01		5.1907404e-03
2.0000000e+02		2.0100000e+02		2.0050000e+02		7.1125146e+00		7.4535010e+00		2.5597482e+01		1.2905106e+01		1.2898636e+01		6.4700378e-03
2.0100000e+02		2.0200000e+02		2.0150000e+02		7.5701275e+00		7.9750861e+00		2.7376301e+01		1.3807339e+01		1.3799259e+01		8.0802890e-03
2.0200000e+02		2.0300000e+02		2.0250000e+02		7.4828608e+00		7.9238783e+00		2.7188236e+01		1.3717730e+01		1.3708401e+01		9.3290419e-03
2.0300000e+02		2.0400000e+02		2.0350000e+02		8.0092047e+00		8.5239624e+00		2.9234094e+01		1.4755436e+01		1.4743825e+01		1.1611248e-02
2.0400000e+02		2.0500000e+02		2.0450000e+02		8.6207445e+00		9.2198549e+00		3.1606595e+01		1.5958664e+01		1.5944193e+01		1.4470880e-02
2.0500000e+02		2.0600000e+02		2.0550000e+02		8.6400754e+00		9.2847512e+00		3.1814835e+01		1.6069418e+01		1.6052695e+01		1.6723699e-02
2.0600000e+02		2.0700000e+02		2.0650000e+02		8.6510225e+00		9.3398709e+00		3.1989392e+01		1.6163053e+01		1.6143821e+01		1.9231439e-02
2.0700000e+02		2.0800000e+02		2.0750000e+02		9.3957826e+00		1.0190027e+01		3.4885561e+01		1.7632151e+01		1.7608255e+01		2.3896275e-02
2.0800000e+02		2.0900000e+02		2.0850000e+02		1.0163489e+01		1.1071420e+01		3.7885951e+01		1.9154695e+01		1.9125232e+01		2.9462706e-02
2.0900000e+02		2.1000000e+02		2.0950000e+02		1.3129215e+01		1.4363740e+01		4.9129883e+01		2.4847084e+01		2.4803859e+01		4.3224976e-02
2.1000000e+02		2.1100000e+02		2.1050000e+02		1.6183343e+01		1.7779364e+01		6.0784984e+01		3.0750619e+01		3.0690319e+01		6.0299808e-02
2.1100000e+02		2.1200000e+02		2.1150000e+02		1.8424170e+01		2.0323894e+01		6.9452379e+01		3.5145333e+01		3.5067901e+01		7.7432415e-02
2.1200000e+02		2.1300000e+02		2.1250000e+02		1.6428561e+01		1.8194585e+01		6.2147027e+01		3.1457119e+01		3.1379493e+01		7.7625612e-02
2.1300000e+02		2.1400000e+02		2.1350000e+02		1.6737981e+01		1.8608985e+01		6.3532585e+01		3.2166822e+01		3.2078186e+01		8.8635733e-02
2.1400000e+02		2.1500000e+02		2.1450000e+02		2.1432541e+01		2.3917974e+01		8.1618983e+01		4.1334315e+01		4.1207505e+01		1.2681006e-01
2.1500000e+02		2.1600000e+02		2.1550000e+02		1.8408135e+01		2.0617996e+01		7.0323948e+01		3.5622595e+01		3.5501261e+01		1.2133354e-01
2.1600000e+02		2.1700000e+02		2.1650000e+02		1.7036901e+01		1.9149998e+01		6.5284832e+01		3.3077452e+01		3.2952711e+01		1.2474139e-01
2.1700000e+02		2.1800000e+02		2.1750000e+02		1.7640866e+01		1.9897370e+01		6.7798884e+01		3.4358513e+01		3.4215430e+01		1.4308242e-01
2.1800000e+02		2.1900000e+02		2.1850000e+02		2.3730294e+01		2.6855509e+01		9.1461821e+01		4.6359440e+01		4.6146797e+01		2.1264318e-01
2.1900000e+02		2.2000000e+02		2.1950000e+02		2.5052511e+01		2.8444184e+01		9.6822344e+01		4.9085681e+01		4.8838308e+01		2.4737391e-01
2.2000000e+02		2.2100000e+02		2.2050000e+02		2.5203754e+01		2.8706317e+01		9.7663232e+01		4.9520549e+01		4.9247004e+01		2.7354563e-01
2.2100000e+02		2.2200000e+02		2.2150000e+02		2.0176768e+01		2.3051146e+01		7.8381453e+01		3.9749980e+01		3.9509864e+01		2.4011529e-01
2.2200000e+02		2.2300000e+02		2.2250000e+02		2.7154039e+01		3.1114533e+01		1.0574180e+02		5.3633178e+01		5.3279685e+01		3.5349303e-01
2.2300000e+02		2.2400000e+02		2.2350000e+02		3.5163062e+01		4.0407621e+01		1.3724756e+02		6.9622324e+01		6.9122730e+01		4.9959433e-01
2.2400000e+02		2.2500000e+02		2.2450000e+02		3.2875934e+01		3.7884609e+01		1.2860482e+02		6.5245700e+01		6.4737037e+01		5.0866282e-01
2.2500000e+02		2.2600000e+02		2.2550000e+02		2.8720078e+01		3.3184811e+01		1.1258535e+02		5.7124298e+01		5.6641434e+01		4.8286386e-01
2.2600000e+02		2.2700000e+02		2.2650000e+02		2.1037217e+01		2.4370952e+01		8.2633846e+01		4.1930958e+01		4.1547419e+01		3.8353855e-01
2.2700000e+02		2.2800000e+02		2.2750000e+02		2.0463841e+01		2.3766423e+01		8.0535433e+01		4.0869088e+01		4.0465339e+01		4.0374890e-01
2.2800000e+02		2.2900000e+02		2.2850000e+02		2.8509984e+01		3.3191632e+01		1.1240462e+02		5.7044846e+01		5.6437309e+01		6.0753716e-01
2.2900000e+02		2.3000000e+02		2.2950000e+02		2.5620938e+01		2.9898174e+01		1.0118756e+02		5.1354294e+01		5.0765727e+01		5.8856747e-01
2.3000000e+02		2.3100000e+02		2.3050000e+02		2.9055844e+01		3.3983231e+01		1.1493929e+02		5.8334908e+01		5.7616686e+01		7.1822138e-01
2.3100000e+02		2.3200000e+02		2.3150000e+02		2.7387429e+01		3.2101699e+01		1.0850449e+02		5.5069466e+01		5.4342320e+01		7.2714607e-01
2.3200000e+02		2.3300000e+02		2.3250000e+02		2.9413108e+01		3.4548391e+01		1.1669646e+02		5.9226593e+01		5.8389253e+01		8.3733991e-01
2.3300000e+02		2.3400000e+02		2.3350000e+02		2.6543685e+01		3.1240886e+01		1.0545270e+02		5.3518667e+01		5.2709795e+01		8.0887153e-01
2.3400000e+02		2.3500000e+02		2.3450000e+02		2.3194371e+01		2.7351775e+01		9.2261113e+01		4.6821712e+01		4.6066365e+01		7.5534742e-01
2.3500000e+02		2.3600000e+02		2.3550000e+02		3.1223226e+01		3.6888209e+01		1.2434084e+02		6.3098038e+01		6.2013120e+01		1.0849176e+00
2.3600000e+02		2.3700000e+02		2.3650000e+02		2.8911473e+01		3.4217910e+01		1.1525693e+02		5.8483704e+01		5.7413484e+01		1.0702197e+00
2.3700000e+02		2.3800000e+02		2.3750000e+02		3.0878004e+01		3.6607750e+01		1.2321632e+02		6.2516411e+01		6.1300550e+01		1.2158609e+00
2.3800000e+02		2.3900000e+02		2.3850000e+02		2.5598090e+01		3.0397616e+01		1.0223759e+02		5.1866457e+01		5.0795823e+01		1.0706339e+00
2.3900000e+02		2.4000000e+02		2.3950000e+02		2.7890834e+01		3.3171852e+01		1.1148359e+02		5.6549559e+01		5.5312249e+01		1.2373100e+00
2.4000000e+02		2.4100000e+02		2.4050000e+02		2.5623038e+01		3.0519942e+01		1.0249187e+02		5.1980686e+01		5.0776667e+01		1.2040193e+00
2.4100000e+02		2.4200000e+02		2.4150000e+02		3.0005079e+01		3.5790011e+01		1.2009541e+02		6.0898316e+01		5.9406888e+01		1.4914285e+00
2.4200000e+02		2.4300000e+02		2.4250000e+02		4.1301739e+01		4.9330895e+01		1.6540051e+02		8.3855958e+01		8.1687175e+01		2.1687832e+00
2.4300000e+02		2.4400000e+02		2.4350000e+02		3.8791639e+01		4.6391939e+01		1.5542043e+02		7.8779871e+01		7.6630670e+01		2.1492014e+00
2.4400000e+02		2.4500000e+02		2.4450000e+02		3.6329084e+01		4.3499396e+01		1.4560994e+02		7.3790448e+01		7.1669398e+01		2.1210501e+00
2.4500000e+02		2.4600000e+02		2.4550000e+02		2.9476122e+01		3.5334152e+01		1.1817872e+02		5.9874537e+01		5.8063175e+01		1.8113623e+00
2.4600000e+02		2.4700000e+02		2.4650000e+02		2.8685918e+01		3.4423917e+01		1.1503668e+02		5.8267290e+01		5.6414025e+01		1.8532649e+00
2.4700000e+02		2.4800000e+02		2.4750000e+02		3.1678139e+01		3.8053148e+01		1.2705531e+02		6.4336682e+01		6.2187510e+01		2.1491724e+00
2.4800000e+02		2.4900000e+02		2.4850000e+02		2.5406301e+01		3.0548118e+01		1.0190786e+02		5.1587284e+01		4.9779201e+01		1.8080830e+00
2.4900000e+02		2.5000000e+02		2.4950000e+02		3.0967514e+01		3.7267878e+01		1.2421493e+02		6.2859320e+01		6.0550001e+01		2.3093189e+00
2.5000000e+02		2.5100000e+02		2.5050000e+02		3.3448743e+01		4.0287206e+01		1.3415818e+02		6.7868108e+01		6.5257113e+01		2.6109943e+00
2.5100000e+02		2.5200000e+02		2.5150000e+02		2.7888154e+01		3.3615563e+01		1.1183979e+02		5.6557399e+01		5.4280968e+01		2.2764310e+00
2.5200000e+02		2.5300000e+02		2.5250000e+02		2.5069906e+01		3.0239969e+01		1.0051675e+02		5.0812181e+01		4.8674378e+01		2.1378037e+00
2.5300000e+02		2.5400000e+02		2.5350000e+02		3.1592540e+01		3.8132604e+01		1.2663391e+02		6.3989327e+01		6.1177665e+01		2.8116626e+00
2.5400000e+02		2.5500000e+02		2.5450000e+02		3.5730773e+01		4.3153238e+01		1.4317222e+02		7.2316320e+01		6.9000593e+01		3.3157275e+00
2.5500000e+02		2.5600000e+02		2.5550000e+02		4.8755658e+01		5.8915742e+01		1.9528282e+02		9.8594691e+01		9.3881402e+01		4.7132893e+00
2.5600000e+02		2.5700000e+02		2.5650000e+02		6.2803876e+01		7.5928519e+01		2.5143200e+02		1.2688606e+02		1.2056684e+02		6.3192189e+00
2.5700000e+02		2.5800000e+02		2.5750000e+02		7.8843355e+01		9.5361492e+01		3.1547673e+02		1.5913165e+02		1.5088182e+02		8.2498346e+00
2.5800000e+02		2.5900000e+02		2.5850000e+02		8.2991293e+01		1.0041712e+02		3.3187653e+02		1.6732225e+02		1.5829925e+02		9.0229985e+00
2.5900000e+02		2.6000000e+02		2.5950000e+02		7.0629481e+01		8.5488327e+01		2.8225789e+02		1.4223395e+02		1.3426159e+02		7.9723629e+00
2.6000000e+02		2.6100000e+02		2.6050000e+02		5.7868388e+01		7.0062656e+01		2.3109599e+02		1.1639164e+02		1.0961556e+02		6.7760834e+00
2.6100000e+02		2.6200000e+02		2.6150000e+02		5.9092703e+01		7.1562054e+01		2.3580411e+02		1.1869848e+02		1.1152599e+02		7.1724914e+00
2.6200000e+02		2.6300000e+02		2.6250000e+02		7.0528613e+01		8.5427525e+01		2.8120657e+02		1.4147380e+02		1.3260690e+02		8.8668931e+00
2.6300000e+02		2.6400000e+02		2.6350000e+02		1.0614195e+02		1.2858295e+02		4.2283074e+02		2.1260145e+02		1.9878989e+02		1.3811556e+01
2.6400000e+02		2.6500000e+02		2.6450000e+02		1.6548208e+02		2.0048964e+02		6.5860828e+02		3.3095460e+02		3.0868341e+02		2.2271196e+01
2.6500000e+02		2.6600000e+02		2.6550000e+02		1.7356948e+02		2.1030048e+02		6.9011947e+02		3.4657692e+02		3.2243352e+02		2.4143399e+01
2.6600000e+02		2.6700000e+02		2.6650000e+02		1.6826276e+02		2.0387435e+02		6.6833191e+02		3.3542413e+02		3.1125013e+02		2.4174006e+01
2.6700000e+02		2.6800000e+02		2.6750000e+02		1.6940220e+02		2.0525018e+02		6.7213372e+02		3.3711437e+02		3.1199402e+02		2.5120353e+01
2.6800000e+02		2.6900000e+02		2.6850000e+02		1.6778062e+02		2.0327264e+02		6.6495254e+02		3.3329172e+02		3.0762843e+02		2.5663286e+01
2.6900000e+02		2.7000000e+02		2.6950000e+02		1.5737310e+02		1.9064414e+02		6.2297689e+02		3.1204053e+02		2.8722695e+02		2.4813581e+01
2.7000000e+02		2.7100000e+02		2.7050000e+02		1.8181465e+02		2.2022229e+02		7.1885920e+02		3.5981653e+02		3.3028352e+02		2.9533014e+01
2.7100000e+02		2.7200000e+02		2.7150000e+02		1.5108640e+02		1.8297060e+02		5.9661667e+02		2.9841729e+02		2.7314979e+02		2.5267501e+01
2.7200000e+02		2.7300000e+02		2.7250000e+02		1.2154404e+02		1.4716269e+02		4.7933686e+02		2.3958187e+02		2.1866614e+02		2.0915732e+01
2.7300000e+02		2.7400000e+02		2.7350000e+02		1.2960124e+02		1.5687953e+02		5.1042993e+02		2.5493362e+02		2.3199846e+02		2.2935158e+01
2.7400000e+02		2.7500000e+02		2.7450000e+02		8.9183780e+01		1.0792487e+02		3.5076472e+02		1.7505647e+02		1.5883507e+02		1.6221401e+01
2.7500000e+02		2.7600000e+02		2.7550000e+02		1.1893609e+02		1.4388440e+02		4.6712220e+02		2.3294725e+02		2.1072497e+02		2.2222281e+01
2.7600000e+02		2.7700000e+02		2.7650000e+02		1.6564211e+02		2.0031870e+02		6.4961906e+02		3.2370121e+02		2.9192614e+02		3.1775071e+01
2.7700000e+02		2.7800000e+02		2.7750000e+02		1.5837296e+02		1.9145610e+02		6.2019043e+02		3.0878974e+02		2.7761438e+02		3.1175359e+01
2.7800000e+02		2.7900000e+02		2.7850000e+02		1.0921797e+02		1.3197960e+02		4.2705081e+02		2.1245329e+02		1.9040280e+02		2.2050499e+01
2.7900000e+02		2.8000000e+02		2.7950000e+02		6.1368404e+01		7.4125845e+01		2.3958390e+02		1.1909175e+02		1.0639047e+02		1.2701281e+01
2.8000000e+02		2.8100000e+02		2.8050000e+02		6.7313201e+01		8.1269040e+01		2.6237765e+02		1.3031221e+02		1.1603738e+02		1.4274827e+01
2.8100000e+02		2.8200000e+02		2.8150000e+02		1.3943196e+02		1.6825796e+02		5.4261234e+02		2.6926282e+02		2.3898007e+02		3.0282755e+01
2.8200000e+02		2.8300000e+02		2.8250000e+02		1.8983287e+02		2.2896118e+02		7.3754231e+02		3.6567603e+02		3.2347080e+02		4.2205228e+01
2.8300000e+02		2.8400000e+02		2.8350000e+02		1.9610227e+02		2.3639557e+02		7.6063147e+02		3.7679153e+02		3.3218039e+02		4.4611134e+01
2.8400000e+02		2.8500000e+02		2.8450000e+02		1.4459284e+02		1.7420447e+02		5.5989041e+02		2.7710333e+02		2.4346133e+02		3.3642001e+01
2.8500000e+02		2.8600000e+02		2.8550000e+02		9.2944992e+01		1.1191393e+02		3.5928221e+02		1.7765647e+02		1.5554852e+02		2.2107947e+01
2.8600000e+02		2.8700000e+02		2.8650000e+02		1.9045522e+02		2.2918539e+02		7.3492912e+02		3.6307154e+02		3.1677804e+02		4.6293499e+01
2.8700000e+02		2.8800000e+02		2.8750000e+02		2.2108403e+02		2.6587524e+02		8.5161370e+02		4.2032554e+02		3.6543333e+02		5.4892212e+01
2.8800000e+02		2.8900000e+02		2.8850000e+02		2.1010240e+02		2.5250441e+02		8.0786586e+02		3.9835830e+02		3.4509400e+02		5.3264298e+01
2.8900000e+02		2.9000000e+02		2.8950000e+02		3.1885068e+02		3.8294291e+02		1.2237968e+03		6.0287960e+02		5.2037580e+02		8.2503799e+01
2.9000000e+02		2.9100000e+02		2.9050000e+02		4.1860542e+02		5.0240260e+02		1.6037315e+03		7.8928702e+02		6.7877582e+02		1.1051120e+02
2.9100000e+02		2.9200000e+02		2.9150000e+02		4.0318642e+02		4.8355428e+02		1.5418040e+03		7.5807106e+02		6.4951367e+02		1.0855739e+02
2.9200000e+02		2.9300000e+02		2.9250000e+02		3.5818014e+02		4.2926495e+02		1.3671408e+03		6.7153246e+02		5.7321109e+02		9.8321374e+01
2.9300000e+02		2.9400000e+02		2.9350000e+02		3.7393440e+02		4.4781283e+02		1.4245840e+03		6.9905367e+02		5.9444222e+02		1.0461145e+02
2.9400000e+02		2.9500000e+02		2.9450000e+02		3.4819581e+02		4.1667241e+02		1.3240057e+03		6.4904807e+02		5.4980672e+02		9.9241347e+01
2.9500000e+02		2.9600000e+02		2.9550000e+02		3.7701055e+02		4.5080425e+02		1.4308257e+03		7.0070334e+02		5.9126759e+02		1.0943575e+02
2.9600000e+02		2.9700000e+02		2.9650000e+02		3.4493460e+02		4.1212415e+02		1.3065634e+03		6.3919659e+02		5.3725916e+02		1.0193743e+02
2.9700000e+02		2.9800000e+02		2.9750000e+02		3.5165811e+02		4.1981944e+02		1.3294402e+03		6.4971886e+02		5.4394787e+02		1.0577099e+02
2.9800000e+02		2.9900000e+02		2.9850000e+02		3.0223333e+02		3.6051965e+02		1.1403530e+03		5.5673044e+02		4.6423970e+02		9.2490736e+01
2.9900000e+02		3.0000000e+02		2.9950000e+02		3.4101318e+02		4.0644033e+02		1.2841377e+03		6.2627150e+02		5.2012615e+02		1.0614535e+02
3.0000000e+02		3.0100000e+02		3.0050000e+02		2.7131061e+02		3.2309190e+02		1.0196374e+03		4.9675095e+02		4.1088174e+02		8.5869216e+01
3.0100000e+02		3.0200000e+02		3.0150000e+02		3.1202593e+02		3.7126031e+02		1.1703171e+03		5.6955424e+02		4.6916847e+02		1.0038577e+02
3.0200000e+02		3.0300000e+02		3.0250000e+02		3.2846528e+02		3.9048199e+02		1.2295096e+03		5.9772143e+02		4.9033377e+02		1.0738766e+02
3.0300000e+02		3.0400000e+02		3.0350000e+02		4.2601061e+02		5.0600062e+02		1.5914336e+03		7.7283653e+02		6.3134054e+02		1.4149600e+02
3.0400000e+02		3.0500000e+02		3.0450000e+02		4.0776836e+02		4.8390365e+02		1.5202101e+03		7.3744897e+02		5.9989466e+02		1.3755431e+02
3.0500000e+02		3.0600000e+02		3.0550000e+02		4.1174793e+02		4.8818836e+02		1.5319345e+03		7.4232634e+02		6.0129691e+02		1.4102943e+02
3.0600000e+02		3.0700000e+02		3.0650000e+02		3.9053943e+02		4.6262342e+02		1.4500710e+03		7.0188751e+02		5.6610491e+02		1.3578260e+02
3.0700000e+02		3.0800000e+02		3.0750000e+02		4.3847484e+02		5.1893204e+02		1.6247328e+03		7.8556312e+02		6.3085590e+02		1.5470721e+02
3.0800000e+02		3.0900000e+02		3.0850000e+02		4.3035211e+02		5.0884953e+02		1.5913718e+03		7.6858006e+02		6.1452902e+02		1.5405104e+02
3.0900000e+02		3.1000000e+02		3.0950000e+02		3.4901328e+02		4.1229095e+02		1.2879468e+03		6.2134280e+02		4.9462198e+02		1.2672082e+02
3.1000000e+02		3.1100000e+02		3.1050000e+02		4.3927411e+02		5.1843088e+02		1.6176998e+03		7.7955153e+02		6.1781811e+02		1.6173342e+02
3.1100000e+02		3.1200000e+02		3.1150000e+02		5.2246540e+02		6.1603214e+02		1.9201032e+03		9.2423580e+02		7.2921769e+02		1.9501811e+02
3.1200000e+02		3.1300000e+02		3.1250000e+02		4.6521908e+02		5.4801358e+02		1.7061919e+03		8.2034265e+02		6.4433749e+02		1.7600516e+02
3.1300000e+02		3.1400000e+02		3.1350000e+02		4.9544367e+02		5.8306052e+02		1.8132881e+03		8.7084612e+02		6.8090804e+02		1.8993809e+02
3.1400000e+02		3.1500000e+02		3.1450000e+02		4.6729179e+02		5.4940274e+02		1.7067188e+03		8.1873215e+02		6.3724023e+02		1.8149192e+02
3.1500000e+02		3.1600000e+02		3.1550000e+02		4.5343123e+02		5.3259288e+02		1.6526690e+03		7.9189793e+02		6.1352233e+02		1.7837560e+02
3.1600000e+02		3.1700000e+02		3.1650000e+02		4.4229406e+02		5.1900844e+02		1.6087397e+03		7.6996472e+02		5.9376893e+02		1.7619579e+02
3.1700000e+02		3.1800000e+02		3.1750000e+02		5.6102832e+02		6.5769687e+02		2.0363829e+03		9.7351943e+02		7.4724419e+02		2.2627524e+02
3.1800000e+02		3.1900000e+02		3.1850000e+02		4.6340678e+02		5.4272461e+02		1.6785607e+03		8.0153194e+02		6.1234472e+02		1.8918722e+02
3.1900000e+02		3.2000000e+02		3.1950000e+02		4.9774832e+02		5.8237362e+02		1.7992218e+03		8.5815485e+02		6.5250540e+02		2.0564945e+02
3.2000000e+02		3.2100000e+02		3.2050000e+02		5.7184857e+02		6.6841543e+02		2.0627974e+03		9.8272816e+02		7.4367190e+02		2.3905626e+02
3.2100000e+02		3.2200000e+02		3.2150000e+02		4.8024660e+02		5.6079250e+02		1.7287854e+03		8.2264517e+02		6.1955007e+02		2.0309510e+02
3.2200000e+02		3.2300000e+02		3.2250000e+02		4.8228681e+02		5.6261956e+02		1.7325438e+03		8.2347269e+02		6.1718512e+02		2.0628757e+02
3.2300000e+02		3.2400000e+02		3.2350000e+02		4.6607071e+02		5.4316530e+02		1.6708355e+03		7.9321538e+02		5.9162485e+02		2.0159053e+02
3.2400000e+02		3.2500000e+02		3.2450000e+02		5.4882129e+02		6.3897119e+02		1.9634374e+03		9.3103495e+02		6.9103027e+02		2.4000468e+02
3.2500000e+02		3.2600000e+02		3.2550000e+02		6.3196128e+02		7.3503905e+02		2.2562236e+03		1.0686161e+03		7.8925168e+02		2.7936438e+02
3.2600000e+02		3.2700000e+02		3.2650000e+02		7.1301257e+02		8.2848826e+02		2.5403638e+03		1.2017810e+03		8.8322008e+02		3.1856091e+02
3.2700000e+02		3.2800000e+02		3.2750000e+02		6.8984049e+02		8.0076823e+02		2.4527661e+03		1.1589767e+03		8.4753043e+02		3.1144630e+02
3.2800000e+02		3.2900000e+02		3.2850000e+02		6.6596082e+02		7.7228157e+02		2.3630161e+03		1.1152541e+03		8.1148168e+02		3.0377241e+02
3.2900000e+02		3.3000000e+02		3.2950000e+02		7.7527139e+02		8.9815145e+02		2.7452651e+03		1.2941346e+03		9.3690624e+02		3.5722839e+02
3.3000000e+02		3.3100000e+02		3.3050000e+02		7.3029799e+02		8.4521043e+02		2.5807461e+03		1.2151448e+03		8.7527413e+02		3.3987068e+02
3.3100000e+02		3.3200000e+02		3.3150000e+02		6.9881652e+02		8.0797334e+02		2.4644797e+03		1.1590314e+03		8.3061238e+02		3.2841906e+02
3.3200000e+02		3.3300000e+02		3.3250000e+02		6.8562051e+02		7.9193057e+02		2.4130437e+03		1.1335015e+03		8.0816543e+02		3.2533604e+02
3.3300000e+02		3.3400000e+02		3.3350000e+02		6.5878216e+02		7.6017745e+02		2.3139024e+03		1.0856471e+03		7.7006938e+02		3.1557769e+02
3.3400000e+02		3.3500000e+02		3.3450000e+02		6.9405546e+02		8.0008788e+02		2.4328865e+03		1.1401240e+03		8.0453404e+02		3.3558993e+02
3.3500000e+02		3.3600000e+02		3.3550000e+02		6.8541663e+02		7.8934910e+02		2.3977812e+03		1.1223448e+03		7.8787641e+02		3.3446844e+02
3.3600000e+02		3.3700000e+02		3.3650000e+02		5.6469084e+02		6.4967609e+02		1.9714955e+03		9.2172020e+02		6.4366327e+02		2.7805693e+02
3.3700000e+02		3.3800000e+02		3.3750000e+02		5.9573781e+02		6.8472116e+02		2.0757419e+03		9.6931133e+02		6.7334758e+02		2.9596375e+02
3.3800000e+02		3.3900000e+02		3.3850000e+02		6.4448401e+02		7.4002100e+02		2.2411275e+03		1.0453057e+03		7.2231125e+02		3.2299441e+02
3.3900000e+02		3.4000000e+02		3.3950000e+02		6.7448220e+02		7.7370723e+02		2.3408002e+03		1.0905061e+03		7.4955423e+02		3.4095189e+02
3.4000000e+02		3.4100000e+02		3.4050000e+02		7.1196374e+02		8.1590450e+02		2.4660080e+03		1.1474811e+03		7.8451874e+02		3.6296239e+02
3.4100000e+02		3.4200000e+02		3.4150000e+02		6.4984945e+02		7.4399600e+02		2.2464436e+03		1.0440812e+03		7.1000909e+02		3.3407206e+02
3.4200000e+02		3.4300000e+02		3.4250000e+02		7.0477558e+02		8.0609507e+02		2.4315503e+03		1.1287820e+03		7.6348557e+02		3.6529648e+02
3.4300000e+02		3.4400000e+02		3.4350000e+02		6.9264465e+02		7.9145225e+02		2.3850425e+03		1.1058890e+03		7.4396532e+02		3.6192367e+02
3.4400000e+02		3.4500000e+02		3.4450000e+02		5.5710877e+02		6.3596668e+02		1.9146197e+03		8.8672115e+02		5.9329147e+02		2.9342969e+02
3.4500000e+02		3.4600000e+02		3.4550000e+02		6.7138909e+02		7.6568502e+02		2.3029126e+03		1.0652995e+03		7.0889551e+02		3.5640401e+02
3.4600000e+02		3.4700000e+02		3.4650000e+02		6.5194093e+02		7.4279173e+02		2.2319059e+03		1.0312419e+03		6.8248048e+02		3.4876144e+02
3.4700000e+02		3.4800000e+02		3.4750000e+02		6.4525828e+02		7.3447470e+02		2.2048019e+03		1.0175257e+03		6.6970583e+02		3.4781986e+02
3.4800000e+02		3.4900000e+02		3.4850000e+02		6.6761091e+02		7.5919384e+02		2.2768359e+03		1.0495411e+03		6.8696900e+02		3.6257210e+02
3.4900000e+02		3.5000000e+02		3.4950000e+02		6.3989005e+02		7.2697957e+02		2.1781611e+03		1.0028835e+03		6.5279565e+02		3.5008783e+02
3.5000000e+02		3.5100000e+02		3.5050000e+02		7.6650484e+02		8.7000352e+02		2.6042338e+03		1.1976615e+03		7.7524715e+02		4.2241437e+02
3.5100000e+02		3.5200000e+02		3.5150000e+02		7.1211510e+02		8.0750881e+02		2.4149038e+03		1.1092988e+03		7.1404289e+02		3.9525595e+02
3.5200000e+02		3.5300000e+02		3.5250000e+02		6.5785102e+02		7.4527636e+02		2.2267219e+03		1.0216692e+03		6.5395243e+02		3.6771675e+02
3.5300000e+02		3.5400000e+02		3.5350000e+02		7.5263834e+02		8.5186476e+02		2.5428329e+03		1.1653564e+03		7.4172914e+02		4.2362724e+02
3.5400000e+02		3.5500000e+02		3.5450000e+02		8.0329241e+02		9.0835234e+02		2.7089594e+03		1.2400556e+03		7.8481843e+02		4.5523721e+02
3.5500000e+02		3.5600000e+02		3.5550000e+02		7.5433512e+02		8.5220338e+02		2.5391881e+03		1.1610005e+03		7.3062195e+02		4.3037859e+02
3.5600000e+02		3.5700000e+02		3.5650000e+02		6.5576441e+02		7.4016225e+02		2.2033552e+03		1.0062876e+03		6.2965935e+02		3.7662826e+02
3.5700000e+02		3.5800000e+02		3.5750000e+02		5.7307986e+02		6.4624375e+02		1.9220398e+03		8.7680151e+02		5.4550551e+02		3.3129600e+02
3.5800000e+02		3.5900000e+02		3.5850000e+02		4.9194729e+02		5.5424770e+02		1.6469516e+03		7.5045101e+02		4.6422200e+02		2.8622901e+02
3.5900000e+02		3.6000000e+02		3.5950000e+02		7.1030971e+02		7.9953821e+02		2.3737206e+03		1.0803762e+03		6.6446975e+02		4.1590642e+02
3.6000000e+02		3.6100000e+02		3.6050000e+02		7.0092701e+02		7.8826541e+02		2.3381845e+03		1.0629906e+03		6.5000686e+02		4.1298377e+02
3.6100000e+02		3.6200000e+02		3.6150000e+02		6.5110481e+02		7.3157838e+02		2.1681314e+03		9.8456169e+02		5.9856496e+02		3.8599674e+02
3.6200000e+02		3.6300000e+02		3.6250000e+02		7.3500056e+02		8.2510653e+02		2.4431813e+03		1.1082077e+03		6.6982451e+02		4.3838317e+02
3.6300000e+02		3.6400000e+02		3.6350000e+02		7.1558904e+02		8.0260263e+02		2.3744864e+03		1.0758327e+03		6.4646937e+02		4.2936336e+02
3.6400000e+02		3.6500000e+02		3.6450000e+02		7.4837927e+02		8.3863957e+02		2.4789651e+03		1.1219063e+03		6.7021638e+02		4.5168996e+02
3.6500000e+02		3.6600000e+02		3.6550000e+02		8.5179486e+02		9.5369062e+02		2.8166380e+03		1.2732976e+03		7.5619813e+02		5.1709942e+02
3.6600000e+02		3.6700000e+02		3.6650000e+02		9.1042532e+02		1.0184458e+03		3.0053318e+03		1.3570804e+03		8.0121794e+02		5.5586242e+02
3.6700000e+02		3.6800000e+02		3.6750000e+02		8.7909512e+02		9.8254579e+02		2.8969485e+03		1.3066817e+03		7.6691384e+02		5.3976788e+02
3.6800000e+02		3.6900000e+02		3.6850000e+02		8.1047729e+02		9.0507248e+02		2.6662896e+03		1.2013068e+03		7.0089783e+02		5.0040893e+02
3.6900000e+02		3.7000000e+02		3.6950000e+02		8.9967825e+02		1.0038240e+03		2.9547452e+03		1.3297986e+03		7.7126423e+02		5.5853439e+02
3.7000000e+02		3.7100000e+02		3.7050000e+02		8.4427990e+02		9.4121087e+02		2.7681549e+03		1.2444493e+03		7.1746982e+02		5.2697948e+02
3.7100000e+02		3.7200000e+02		3.7150000e+02		8.7164560e+02		9.7089632e+02		2.8531185e+03		1.2812366e+03		7.3427306e+02		5.4696357e+02
3.7200000e+02		3.7300000e+02		3.7250000e+02		7.2411383e+02		8.0588763e+02		2.3662871e+03		1.0614547e+03		6.0467829e+02		4.5677646e+02
3.7300000e+02		3.7400000e+02		3.7350000e+02		6.3155746e+02		7.0229177e+02		2.0604355e+03		9.2325013e+02		5.2279310e+02		4.0045703e+02
3.7400000e+02		3.7500000e+02		3.7450000e+02		6.4642322e+02		7.1822588e+02		2.1054914e+03		9.4241455e+02		5.3043608e+02		4.1197847e+02
3.7500000e+02		3.7600000e+02		3.7550000e+02		7.4036161e+02		8.2192035e+02		2.4075517e+03		1.0764507e+03		6.0222528e+02		4.7422542e+02
3.7600000e+02		3.7700000e+02		3.7650000e+02		7.6758018e+02		8.5143929e+02		2.4920430e+03		1.1130276e+03		6.1892469e+02		4.9410296e+02
3.7700000e+02		3.7800000e+02		3.7750000e+02		9.0048278e+02		9.9804887e+02		2.9188520e+03		1.3022558e+03		7.1976138e+02		5.8249444e+02
3.7800000e+02		3.7900000e+02		3.7850000e+02		9.3786543e+02		1.0386417e+03		3.0351971e+03		1.3527168e+03		7.4310978e+02		6.0960705e+02
3.7900000e+02		3.8000000e+02		3.7950000e+02		7.6051322e+02		8.4155633e+02		2.4573539e+03		1.0940204e+03		5.9733632e+02		4.9668405e+02
3.8000000e+02		3.8100000e+02		3.8050000e+02		8.2814537e+02		9.1566494e+02		2.6716952e+03		1.1881857e+03		6.4479094e+02		5.4339471e+02
3.8100000e+02		3.8200000e+02		3.8150000e+02		7.4366886e+02		8.2160973e+02		2.3954338e+03		1.0642000e+03		5.7397473e+02		4.9022526e+02
3.8200000e+02		3.8300000e+02		3.8250000e+02		5.3336093e+02		5.8879693e+02		1.7153583e+03		7.6126811e+02		4.0807120e+02		3.5319691e+02
3.8300000e+02		3.8400000e+02		3.8350000e+02		4.7073026e+02		5.1925083e+02		1.5116097e+03		6.7014411e+02		3.5701732e+02		3.1312679e+02
3.8400000e+02		3.8500000e+02		3.8450000e+02		6.2969557e+02		6.9406296e+02		2.0190027e+03		8.9415592e+02		4.7342503e+02		4.2073089e+02
3.8500000e+02		3.8600000e+02		3.8550000e+02		6.6694888e+02		7.3455838e+02		2.1352187e+03		9.4464491e+02		4.9707007e+02		4.4757484e+02
3.8600000e+02		3.8700000e+02		3.8650000e+02		6.6977732e+02		7.3710973e+02		2.1410588e+03		9.4625199e+02		4.9483590e+02		4.5141609e+02
3.8700000e+02		3.8800000e+02		3.8750000e+02		6.6902499e+02		7.3572308e+02		2.1354708e+03		9.4281383e+02		4.8998198e+02		4.5283185e+02
3.8800000e+02		3.8900000e+02		3.8850000e+02		6.7841027e+02		7.4548203e+02		2.1622288e+03		9.5365253e+02		4.9253670e+02		4.6111583e+02
3.8900000e+02		3.9000000e+02		3.8950000e+02		8.1451188e+02		8.9437017e+02		2.5922052e+03		1.1421318e+03		5.8621041e+02		5.5592143e+02
3.9000000e+02		3.9100000e+02		3.9050000e+02		8.5560997e+02		9.3880032e+02		2.7190380e+03		1.1968029e+03		6.1044069e+02		5.8636222e+02
3.9100000e+02		3.9200000e+02		3.9150000e+02		9.2006232e+02		1.0087755e+03		2.9196374e+03		1.2838047e+03		6.5072596e+02		6.3307871e+02
3.9200000e+02		3.9300000e+02		3.9250000e+02		7.0614281e+02		7.7366351e+02		2.2375935e+03		9.8291525e+02		4.9509494e+02		4.8782031e+02
3.9300000e+02		3.9400000e+02		3.9350000e+02		4.3291589e+02		4.7396662e+02		1.3698527e+03		6.0114024e+02		3.0089601e+02		3.0024423e+02
3.9400000e+02		3.9500000e+02		3.9450000e+02		7.1565803e+02		7.8295503e+02		2.2613215e+03		9.9136476e+02		4.9310272e+02		4.9826204e+02
3.9500000e+02		3.9600000e+02		3.9550000e+02		8.7888136e+02		9.6083968e+02		2.7731805e+03		1.2145650e+03		6.0032044e+02		6.1424452e+02
3.9600000e+02		3.9700000e+02		3.9650000e+02		6.0712893e+02		6.6327462e+02		1.9130424e+03		8.3702973e+02		4.1110902e+02		4.2592072e+02
3.9700000e+02		3.9800000e+02		3.9750000e+02		6.8053003e+02		7.4294023e+02		2.1413686e+03		9.3601673e+02		4.5682389e+02		4.7919284e+02
3.9800000e+02		3.9900000e+02		3.9850000e+02		1.0480559e+03		1.1433719e+03		3.2933181e+03		1.4381494e+03		6.9745106e+02		7.4069835e+02
3.9900000e+02		4.0000000e+02		3.9950000e+02		1.1577145e+03		1.2621279e+03		3.6329585e+03		1.5849339e+03		7.6376712e+02		8.2116676e+02
4.0000000e+02		4.0100000e+02		4.0050000e+02		1.1939713e+03		1.3007593e+03		3.7416847e+03		1.6307994e+03		7.8088316e+02		8.4991624e+02
4.0100000e+02		4.0200000e+02		4.0150000e+02		1.2509583e+03		1.3619131e+03		3.9150297e+03		1.7047210e+03		8.1109227e+02		8.9362876e+02
4.0200000e+02		4.0300000e+02		4.0250000e+02		1.2664199e+03		1.3778125e+03		3.9581609e+03		1.7218641e+03		8.1403496e+02		9.0782917e+02
4.0300000e+02		4.0400000e+02		4.0350000e+02		1.2115903e+03		1.3172746e+03		3.7818087e+03		1.6435936e+03		7.7207900e+02		8.7151455e+02
4.0400000e+02		4.0500000e+02		4.0450000e+02		1.1914959e+03		1.2945640e+03		3.7142308e+03		1.6127071e+03		7.5273468e+02		8.5997239e+02
4.0500000e+02		4.0600000e+02		4.0550000e+02		1.1904731e+03		1.2925974e+03		3.7062354e+03		1.6077318e+03		7.4561602e+02		8.6211580e+02
4.0600000e+02		4.0700000e+02		4.0650000e+02		1.1388815e+03		1.2357689e+03		3.5410618e+03		1.5346538e+03		7.0716928e+02		8.2748451e+02
4.0700000e+02		4.0800000e+02		4.0750000e+02		1.1575323e+03		1.2551890e+03		3.5944638e+03		1.5563584e+03		7.1257431e+02		8.4378405e+02
4.0800000e+02		4.0900000e+02		4.0850000e+02		1.2307397e+03		1.3337112e+03		3.8169605e+03		1.6511785e+03		7.5113589e+02		9.0004266e+02
4.0900000e+02		4.1000000e+02		4.0950000e+02		1.2243097e+03		1.3258936e+03		3.7922558e+03		1.6389933e+03		7.4080170e+02		8.9819157e+02
4.1000000e+02		4.1100000e+02		4.1050000e+02		1.1216634e+03		1.2139590e+03		3.4699895e+03		1.4983497e+03		6.7287562e+02		8.2547405e+02
4.1100000e+02		4.1200000e+02		4.1150000e+02		1.3003372e+03		1.4064482e+03		4.0177715e+03		1.7333171e+03		7.7338019e+02		9.5993694e+02
4.1200000e+02		4.1300000e+02		4.1250000e+02		1.2760342e+03		1.3792995e+03		3.9378534e+03		1.6973149e+03		7.5243239e+02		9.4488249e+02
4.1300000e+02		4.1400000e+02		4.1350000e+02		1.2308584e+03		1.3296431e+03		3.7938280e+03		1.6337774e+03		7.1958937e+02		9.1418803e+02
4.1400000e+02		4.1500000e+02		4.1450000e+02		1.2488872e+03		1.3482895e+03		3.8447611e+03		1.6542429e+03		7.2389361e+02		9.3034933e+02
4.1500000e+02		4.1600000e+02		4.1550000e+02		1.2477523e+03		1.3462429e+03		3.8366784e+03		1.6493101e+03		7.1706459e+02		9.3224550e+02
4.1600000e+02		4.1700000e+02		4.1650000e+02		1.2947363e+03		1.3960908e+03		3.9764311e+03		1.7078891e+03		7.3772262e+02		9.7016648e+02
4.1700000e+02		4.1800000e+02		4.1750000e+02		1.1781342e+03		1.2695990e+03		3.6140673e+03		1.5509009e+03		6.6556734e+02		8.8533352e+02
4.1800000e+02		4.1900000e+02		4.1850000e+02		1.2217101e+03		1.3157749e+03		3.7433736e+03		1.6049994e+03		6.8431251e+02		9.2068684e+02
4.1900000e+02		4.2000000e+02		4.1950000e+02		1.2338424e+03		1.3280574e+03		3.7761775e+03		1.6176713e+03		6.8523378e+02		9.3243753e+02
4.2000000e+02		4.2100000e+02		4.2050000e+02		1.2494927e+03		1.3441160e+03		3.8196914e+03		1.6349130e+03		6.8803302e+02		9.4688000e+02
4.2100000e+02		4.2200000e+02		4.2150000e+02		1.2299982e+03		1.3223777e+03		3.7558220e+03		1.6062094e+03		6.7155298e+02		9.3465637e+02
4.2200000e+02		4.2300000e+02		4.2250000e+02		1.1657134e+03		1.2525438e+03		3.5555138e+03		1.5192617e+03		6.3106145e+02		8.8820026e+02
4.2300000e+02		4.2400000e+02		4.2350000e+02		1.2419943e+03		1.3337453e+03		3.7839405e+03		1.6155109e+03		6.6666458e+02		9.4884631e+02
4.2400000e+02		4.2500000e+02		4.2450000e+02		1.2850442e+03		1.3791948e+03		3.9107578e+03		1.6682616e+03		6.8393946e+02		9.8432217e+02
4.2500000e+02		4.2600000e+02		4.2550000e+02		1.2367256e+03		1.3265915e+03		3.7595717e+03		1.6024392e+03		6.5266256e+02		9.4977659e+02
4.2600000e+02		4.2700000e+02		4.2650000e+02		1.2316584e+03		1.3204212e+03		3.7400847e+03		1.5928205e+03		6.4450362e+02		9.4831687e+02
4.2700000e+02		4.2800000e+02		4.2750000e+02		1.1420512e+03		1.2236809e+03		3.4642311e+03		1.4741332e+03		5.9257650e+02		8.8155671e+02
4.2800000e+02		4.2900000e+02		4.2850000e+02		1.1495483e+03		1.2310402e+03		3.4832331e+03		1.4810140e+03		5.9144435e+02		8.8956969e+02
4.2900000e+02		4.3000000e+02		4.2950000e+02		1.0698649e+03		1.1450867e+03		3.2383381e+03		1.3757764e+03		5.4581759e+02		8.2995881e+02
4.3000000e+02		4.3100000e+02		4.3050000e+02		8.6065012e+02		9.2066683e+02		2.6023260e+03		1.1046855e+03		4.3539283e+02		6.6929266e+02
4.3100000e+02		4.3200000e+02		4.3150000e+02		1.0641754e+03		1.1377778e+03		3.2143558e+03		1.3634036e+03		5.3383626e+02		8.2956734e+02
4.3200000e+02		4.3300000e+02		4.3250000e+02		1.1990384e+03		1.2812908e+03		3.6179563e+03		1.5333793e+03		5.9644770e+02		9.3693157e+02
4.3300000e+02		4.3400000e+02		4.3350000e+02		1.3017454e+03		1.3903143e+03		3.9238243e+03		1.6617047e+03		6.4211671e+02		1.0195880e+03
4.3400000e+02		4.3500000e+02		4.3450000e+02		1.1054356e+03		1.1800343e+03		3.3286949e+03		1.4085704e+03		5.4072232e+02		8.6784813e+02
4.3500000e+02		4.3600000e+02		4.3550000e+02		1.2347447e+03		1.3173905e+03		3.7143130e+03		1.5705276e+03		5.9892885e+02		9.7159878e+02
4.3600000e+02		4.3700000e+02		4.3650000e+02		1.3814970e+03		1.4732125e+03		4.1516026e+03		1.7540727e+03		6.6452231e+02		1.0895504e+03
4.3700000e+02		4.3800000e+02		4.3750000e+02		1.2223713e+03		1.3028625e+03		3.6697557e+03		1.5493014e+03		5.8308070e+02		9.6622068e+02
4.3800000e+02		4.3900000e+02		4.3850000e+02		1.1905029e+03		1.2682584e+03		3.5705598e+03		1.5062748e+03		5.6315284e+02		9.4312199e+02
4.3900000e+02		4.4000000e+02		4.3950000e+02		1.3250738e+03		1.4109158e+03		3.9702823e+03		1.6736347e+03		6.2159942e+02		1.0520352e+03
4.4000000e+02		4.4100000e+02		4.4050000e+02		1.2562739e+03		1.3369986e+03		3.7604925e+03		1.5840087e+03		5.8443205e+02		9.9957664e+02
4.4100000e+02		4.4200000e+02		4.4150000e+02		1.3817384e+03		1.4698056e+03		4.1320814e+03		1.7392317e+03		6.3746909e+02		1.1017626e+03
4.4200000e+02		4.4300000e+02		4.4250000e+02		1.4526378e+03		1.5444742e+03		4.3399685e+03		1.8253791e+03		6.6462820e+02		1.1607509e+03
4.4300000e+02		4.4400000e+02		4.4350000e+02		1.4050936e+03		1.4932057e+03		4.1939592e+03		1.7626692e+03		6.3755742e+02		1.1251118e+03
4.4400000e+02		4.4500000e+02		4.4450000e+02		1.4475318e+03		1.5375717e+03		4.3165847e+03		1.8128804e+03		6.5138737e+02		1.1614930e+03
4.4500000e+02		4.4600000e+02		4.4550000e+02		1.3420773e+03		1.4248838e+03		3.9984011e+03		1.6780298e+03		5.9894989e+02		1.0790799e+03
4.4600000e+02		4.4700000e+02		4.4650000e+02		1.3689269e+03		1.4527089e+03		4.0746396e+03		1.7087916e+03		6.0589803e+02		1.1028935e+03
4.4700000e+02		4.4800000e+02		4.4750000e+02		1.4837056e+03		1.5737809e+03		4.4122510e+03		1.8490507e+03		6.5129533e+02		1.1977554e+03
4.4800000e+02		4.4900000e+02		4.4850000e+02		1.4587166e+03		1.5465622e+03		4.3340140e+03		1.8149713e+03		6.3506285e+02		1.1799085e+03
4.4900000e+02		4.5000000e+02		4.4950000e+02		1.4737837e+03		1.5618232e+03		4.3748524e+03		1.8307786e+03		6.3635542e+02		1.1944232e+03
4.5000000e+02		4.5100000e+02		4.5050000e+02		1.5636828e+03		1.6563425e+03		4.6375854e+03		1.9393645e+03		6.6963714e+02		1.2697273e+03
4.5100000e+02		4.5200000e+02		4.5150000e+02		1.5589734e+03		1.6506130e+03		4.6195415e+03		1.9304723e+03		6.6215421e+02		1.2683181e+03
4.5200000e+02		4.5300000e+02		4.5250000e+02		1.4757889e+03		1.5618437e+03		4.3692269e+03		1.8246039e+03		6.2169727e+02		1.2029066e+03
4.5300000e+02		4.5400000e+02		4.5350000e+02		1.4141855e+03		1.4959881e+03		4.1832149e+03		1.7457239e+03		5.9088109e+02		1.1548428e+03
4.5400000e+02		4.5500000e+02		4.5450000e+02		1.5096596e+03		1.5962867e+03		4.4617938e+03		1.8607084e+03		6.2562844e+02		1.2350800e+03
4.5500000e+02		4.5600000e+02		4.5550000e+02		1.4952815e+03		1.5803984e+03		4.4155345e+03		1.8401687e+03		6.1462312e+02		1.2255456e+03
4.5600000e+02		4.5700000e+02		4.5650000e+02		1.5527317e+03		1.6404138e+03		4.5813111e+03		1.9079708e+03		6.3304651e+02		1.2749242e+03
4.5700000e+02		4.5800000e+02		4.5750000e+02		1.5677329e+03		1.6555568e+03		4.6216986e+03		1.9235044e+03		6.3397089e+02		1.2895335e+03
4.5800000e+02		4.5900000e+02		4.5850000e+02		1.4734199e+03		1.5553035e+03		4.3400565e+03		1.8050890e+03		5.9099883e+02		1.2140901e+03
4.5900000e+02		4.6000000e+02		4.5950000e+02		1.5222067e+03		1.6061291e+03		4.4800709e+03		1.8620949e+03		6.0562164e+02		1.2564732e+03
4.6000000e+02		4.6100000e+02		4.6050000e+02		1.5039223e+03		1.5861783e+03		4.4226455e+03		1.8370237e+03		5.9350673e+02		1.2435170e+03
4.6100000e+02		4.6200000e+02		4.6150000e+02		1.5386000e+03		1.6220852e+03		4.5209633e+03		1.8766416e+03		6.0228675e+02		1.2743548e+03
4.6200000e+02		4.6300000e+02		4.6250000e+02		1.5538294e+03		1.6374731e+03		4.5620508e+03		1.8924752e+03		6.0334136e+02		1.2891338e+03
4.6300000e+02		4.6400000e+02		4.6350000e+02		1.5018384e+03		1.5820438e+03		4.4058988e+03		1.8265279e+03		5.7845558e+02		1.2480723e+03
4.6400000e+02		4.6500000e+02		4.6450000e+02		1.5281564e+03		1.6091223e+03		4.4795730e+03		1.8558894e+03		5.8385707e+02		1.2720323e+03
4.6500000e+02		4.6600000e+02		4.6550000e+02		1.4760608e+03		1.5536493e+03		4.3234804e+03		1.7900890e+03		5.5942233e+02		1.2306667e+03
4.6600000e+02		4.6700000e+02		4.6650000e+02		1.4854121e+03		1.5628766e+03		4.3474998e+03		1.7989053e+03		5.5844989e+02		1.2404554e+03
4.6700000e+02		4.6800000e+02		4.6750000e+02		1.4997486e+03		1.5773449e+03		4.3860879e+03		1.8137424e+03		5.5932256e+02		1.2544199e+03
4.6800000e+02		4.6900000e+02		4.6850000e+02		1.4665907e+03		1.5418747e+03		4.2858494e+03		1.7711963e+03		5.4258068e+02		1.2286156e+03
4.6900000e+02		4.7000000e+02		4.6950000e+02		1.5086728e+03		1.5855087e+03		4.4054980e+03		1.8195258e+03		5.5369030e+02		1.2658355e+03
4.7000000e+02		4.7100000e+02		4.7050000e+02		1.4256243e+03		1.4976610e+03		4.1598706e+03		1.7170319e+03		5.1903702e+02		1.1979948e+03
4.7100000e+02		4.7200000e+02		4.7150000e+02		1.4904926e+03		1.5652170e+03		4.3459241e+03		1.7927425e+03		5.3833101e+02		1.2544115e+03
4.7200000e+02		4.7300000e+02		4.7250000e+02		1.5269264e+03		1.6028784e+03		4.4488808e+03		1.8341112e+03		5.4710282e+02		1.2870084e+03
4.7300000e+02		4.7400000e+02		4.7350000e+02		1.4995420e+03		1.5735489e+03		4.3659062e+03		1.7988308e+03		5.3302271e+02		1.2658081e+03
4.7400000e+02		4.7500000e+02		4.7450000e+02		1.5448084e+03		1.6204542e+03		4.4944465e+03		1.8506956e+03		5.4475709e+02		1.3059386e+03
4.7500000e+02		4.7600000e+02		4.7550000e+02		1.5413846e+03		1.6162744e+03		4.4812702e+03		1.8441858e+03		5.3924416e+02		1.3049416e+03
4.7600000e+02		4.7700000e+02		4.7650000e+02		1.4853490e+03		1.5569543e+03		4.3152884e+03		1.7748430e+03		5.1553016e+02		1.2593129e+03
4.7700000e+02		4.7800000e+02		4.7750000e+02		1.5508368e+03		1.6250178e+03		4.5023709e+03		1.8507162e+03		5.3400802e+02		1.3167082e+03
4.7800000e+02		4.7900000e+02		4.7850000e+02		1.5358791e+03		1.6087742e+03		4.4558308e+03		1.8305327e+03		5.2468641e+02		1.3058463e+03
4.7900000e+02		4.8000000e+02		4.7950000e+02		1.5403519e+03		1.6128923e+03		4.4657119e+03		1.8335451e+03		5.2207010e+02		1.3114750e+03
4.8000000e+02		4.8100000e+02		4.8050000e+02		1.5442750e+03		1.6164368e+03		4.4740112e+03		1.8359119e+03		5.1928359e+02		1.3166283e+03
4.8100000e+02		4.8200000e+02		4.8150000e+02		1.5475498e+03		1.6193053e+03		4.4804465e+03		1.8375186e+03		5.1629828e+02		1.3212203e+03
4.8200000e+02		4.8300000e+02		4.8250000e+02		1.5416562e+03		1.6125862e+03		4.4603709e+03		1.8282639e+03		5.1029893e+02		1.3179650e+03
4.8300000e+02		4.8400000e+02		4.8350000e+02		1.5183412e+03		1.5876595e+03		4.3899757e+03		1.7984123e+03		4.9864629e+02		1.2997660e+03
4.8400000e+02		4.8500000e+02		4.8450000e+02		1.4920771e+03		1.5596715e+03		4.3111764e+03		1.7651594e+03		4.8618950e+02		1.2789699e+03
4.8500000e+02		4.8600000e+02		4.8550000e+02		1.4021236e+03		1.4651542e+03		4.0486020e+03		1.6567462e+03		4.5331148e+02		1.2034347e+03
4.8600000e+02		4.8700000e+02		4.8650000e+02		1.2173217e+03		1.2716242e+03		3.5126984e+03		1.4366674e+03		3.9049628e+02		1.0461711e+03
4.8700000e+02		4.8800000e+02		4.8750000e+02		1.3927585e+03		1.4544102e+03		4.0163399e+03		1.6417690e+03		4.4329568e+02		1.1984733e+03
4.8800000e+02		4.8900000e+02		4.8850000e+02		1.4651201e+03		1.5294779e+03		4.2223031e+03		1.7250391e+03		4.6270273e+02		1.2623363e+03
4.8900000e+02		4.9000000e+02		4.8950000e+02		1.4372192e+03		1.4998682e+03		4.1392640e+03		1.6902163e+03		4.5036851e+02		1.2398478e+03
4.9000000e+02		4.9100000e+02		4.9050000e+02		1.5307557e+03		1.5969720e+03		4.4058763e+03		1.7981371e+03		4.7596178e+02		1.3221753e+03
4.9100000e+02		4.9200000e+02		4.9150000e+02		1.4425606e+03		1.5044855e+03		4.1494365e+03		1.6925934e+03		4.4506811e+02		1.2475253e+03
4.9200000e+02		4.9300000e+02		4.9250000e+02		1.3729411e+03		1.4314282e+03		3.9467346e+03		1.6090745e+03		4.2031564e+02		1.1887588e+03
4.9300000e+02		4.9400000e+02		4.9350000e+02		1.4509629e+03		1.5123032e+03		4.1684595e+03		1.6985963e+03		4.4077424e+02		1.2578220e+03
4.9400000e+02		4.9500000e+02		4.9450000e+02		1.4929449e+03		1.5555802e+03		4.2864583e+03		1.7457868e+03		4.5003361e+02		1.2957531e+03
4.9500000e+02		4.9600000e+02		4.9550000e+02		1.4663156e+03		1.5273666e+03		4.2074609e+03		1.7127435e+03		4.3860636e+02		1.2741371e+03
4.9600000e+02		4.9700000e+02		4.9650000e+02		1.4846220e+03		1.5459666e+03		4.2574403e+03		1.7322162e+03		4.4067121e+02		1.2915450e+03
4.9700000e+02		4.9800000e+02		4.9750000e+02		1.5123203e+03		1.5743363e+03		4.3342976e+03		1.7626056e+03		4.4544995e+02		1.3171557e+03
4.9800000e+02		4.9900000e+02		4.9850000e+02		1.3744029e+03		1.4303372e+03		3.9367104e+03		1.6001268e+03		4.0172656e+02		1.1984003e+03
4.9900000e+02		5.0000000e+02		4.9950000e+02		1.4721832e+03		1.5316445e+03		4.2143239e+03		1.7121230e+03		4.2701656e+02		1.2851064e+03
