Left Bin Edge (nm)	Right Bin Edge (nm)	Bin Center (nm)		Top of Atm Intensity (erg/s/nm/cm2)		Total Surface Flux (erg/s/nm/cm2)		Total Intensity at BOA (erg/s/nm/cm2)		Total Surface Intensity (erg/s/nm/cm2)		Total Surface Diffuse Intensity (erg/s/nm/cm2)		Total Surface Direct Intensity (erg/s/nm/cm2)
1.0000000e+02		1.0100000e+02		1.0050000e+02		4.4569042e-02		2.4525374e-199		0.0000000e+00		4.2479194e-199		4.2479194e-199		0.0000000e+00
1.0100000e+02		1.0200000e+02		1.0150000e+02		1.7387199e-01		2.8780738e-197		0.0000000e+00		4.9849701e-197		4.9849701e-197		0.0000000e+00
1.0200000e+02		1.0300000e+02		1.0250000e+02		9.2286085e-01		3.0760917e-195		0.0000000e+00		5.3279471e-195		5.3279471e-195		0.0000000e+00
1.0300000e+02		1.0400000e+02		1.0350000e+02		7.0094286e-01		3.0025219e-193		0.0000000e+00		5.2005205e-193		5.2005205e-193		0.0000000e+00
1.0400000e+02		1.0500000e+02		1.0450000e+02		1.4124828e-01		2.6834655e-191		0.0000000e+00		4.6478986e-191		4.6478986e-191		0.0000000e+00
1.0500000e+02		1.0600000e+02		1.0550000e+02		4.8389941e-02		2.2015022e-189		0.0000000e+00		3.8131136e-189		3.8131136e-189		0.0000000e+00
1.0600000e+02		1.0700000e+02		1.0650000e+02		4.5487167e-02		1.6618998e-187		0.0000000e+00		2.8784949e-187		2.8784949e-187		0.0000000e+00
1.0700000e+02		1.0800000e+02		1.0750000e+02		5.0757295e-02		1.1570799e-185		0.0000000e+00		2.0041212e-185		2.0041212e-185		0.0000000e+00
1.0800000e+02		1.0900000e+02		1.0850000e+02		7.1152114e-02		7.4462170e-184		0.0000000e+00		1.2897226e-183		1.2897226e-183		0.0000000e+00
1.0900000e+02		1.1000000e+02		1.0950000e+02		5.5817450e-02		3.1794013e-05		1.6040740e-04		5.5068846e-05		5.5068846e-05		1.9109058e-64
1.1000000e+02		1.1100000e+02		1.1050000e+02		5.4043772e-02		4.5377262e-05		2.2418425e-04		7.8595724e-05		7.8595724e-05		2.2075252e-61
1.1100000e+02		1.1200000e+02		1.1150000e+02		5.0797691e-02		6.1413950e-05		2.9750924e-04		1.0637208e-04		1.0637208e-04		1.6132774e-58
1.1200000e+02		1.1300000e+02		1.1250000e+02		5.1969037e-02		8.8518526e-05		4.2098935e-04		1.5331858e-04		1.5331858e-04		8.6203956e-56
1.1300000e+02		1.1400000e+02		1.1350000e+02		4.1221387e-02		9.6934655e-05		4.5312470e-04		1.6789575e-04		1.6789575e-04		2.4669895e-53
1.1400000e+02		1.1500000e+02		1.1450000e+02		3.1562600e-02		1.0055574e-04		4.6249805e-04		1.7416764e-04		1.7416764e-04		4.8301851e-51
1.1500000e+02		1.1600000e+02		1.1550000e+02		4.3552050e-02		1.8471124e-04		8.3674020e-04		3.1992925e-04		3.1992925e-04		1.2367965e-48
1.1600000e+02		1.1700000e+02		1.1650000e+02		1.0143732e-01		5.6340728e-04		2.5160180e-03		9.7585003e-04		9.7585003e-04		3.9642881e-46
1.1700000e+02		1.1800000e+02		1.1750000e+02		3.6108525e-01		2.5866892e-03		1.1397279e-02		4.4802771e-03		4.4802771e-03		1.4696306e-43
1.1800000e+02		1.1900000e+02		1.1850000e+02		1.2283927e-01		1.1189033e-03		4.8681181e-03		1.9379974e-03		1.9379974e-03		4.0139837e-42
1.1900000e+02		1.2000000e+02		1.1950000e+02		1.7115732e-01		1.9560927e-03		8.4099189e-03		3.3880520e-03		3.3880520e-03		3.5213675e-40
1.2000000e+02		1.2100000e+02		1.2050000e+02		9.3056497e-01		1.3178731e-02		5.6028635e-02		2.2826231e-02		2.2826231e-02		9.6040292e-38
1.2100000e+02		1.2200000e+02		1.2150000e+02		3.6941242e+01		6.4079237e-01		2.6956759e+00		1.1098849e+00		1.1098849e+00		1.5464896e-34
1.2200000e+02		1.2300000e+02		1.2250000e+02		2.4773856e-01		5.2065487e-03		2.1685781e-02		9.0180068e-03		9.0180068e-03		3.4485958e-35
1.2300000e+02		1.2400000e+02		1.2350000e+02		1.3344721e-01		3.3634673e-03		1.3878121e-02		5.8256963e-03		5.8256963e-03		5.1277369e-34
1.2400000e+02		1.2500000e+02		1.2450000e+02		1.0726631e-01		3.2114989e-03		1.3134004e-02		5.5624792e-03		5.5624792e-03		9.5546926e-33
1.2500000e+02		1.2600000e+02		1.2550000e+02		1.0471361e-01		3.6907543e-03		1.4967982e-02		6.3925739e-03		6.3925739e-03		1.8354155e-31
1.2600000e+02		1.2700000e+02		1.2650000e+02		1.4644878e-01		6.0256898e-03		2.4244463e-02		1.0436801e-02		1.0436801e-02		4.3314687e-30
1.2700000e+02		1.2800000e+02		1.2750000e+02		7.6659940e-02		3.6531100e-03		1.4588558e-02		6.3273721e-03		6.3273721e-03		3.3117074e-29
1.2800000e+02		1.2900000e+02		1.2850000e+02		6.1165494e-02		3.3507742e-03		1.3286570e-02		5.8037112e-03		5.8037112e-03		3.3699698e-28
1.2900000e+02		1.3000000e+02		1.2950000e+02		8.1594975e-02		5.1028174e-03		2.0098287e-02		8.8383390e-03		8.8383390e-03		5.0471091e-27
1.3000000e+02		1.3100000e+02		1.3050000e+02		6.7007791e-01		4.7524908e-02		1.8599647e-01		8.2315556e-02		8.2315556e-02		4.1271145e-25
1.3100000e+02		1.3200000e+02		1.3150000e+02		9.0731094e-02		7.2529292e-03		2.8214648e-02		1.2562442e-02		1.2562442e-02		4.9707855e-25
1.3200000e+02		1.3300000e+02		1.3250000e+02		7.0547730e-02		6.3192748e-03		2.4442233e-02		1.0945305e-02		1.0945305e-02		3.0911664e-24
1.3300000e+02		1.3400000e+02		1.3350000e+02		9.5357088e-01		9.5186180e-02		3.6617311e-01		1.6486730e-01		1.6486730e-01		3.0229442e-22
1.3400000e+02		1.3500000e+02		1.3450000e+02		6.5246966e-02		7.2204513e-03		2.7633418e-02		1.2506188e-02		1.2506188e-02		1.3615949e-22
1.3500000e+02		1.3600000e+02		1.3550000e+02		1.3692679e-01		1.6716656e-02		6.3663281e-02		2.8954097e-02		2.8954097e-02		1.7206735e-21
1.3600000e+02		1.3700000e+02		1.3650000e+02		8.9861989e-02		1.2047173e-02		4.5666650e-02		2.0866316e-02		2.0866316e-02		6.2513597e-21
1.3700000e+02		1.3800000e+02		1.3750000e+02		9.2282630e-02		1.3526299e-02		5.1046534e-02		2.3428237e-02		2.3428237e-02		3.2824894e-20
1.3800000e+02		1.3900000e+02		1.3850000e+02		9.4180145e-02		1.5030457e-02		5.6484059e-02		2.6033514e-02		2.6033514e-02		1.5889112e-19
1.3900000e+02		1.4000000e+02		1.3950000e+02		3.1801144e-01		5.5044121e-02		2.0602451e-01		9.5339215e-02		9.5339215e-02		2.3703156e-18
1.4000000e+02		1.4100000e+02		1.4050000e+02		2.7729440e-01		5.1862958e-02		1.9337583e-01		8.9829278e-02		8.9829278e-02		8.5381837e-18
1.4100000e+02		1.4200000e+02		1.4150000e+02		1.3359910e-01		2.6905789e-02		9.9955259e-02		4.6602193e-02		4.6602193e-02		1.5947598e-17
1.4200000e+02		1.4300000e+02		1.4250000e+02		1.4479671e-01		3.1295720e-02		1.1586000e-01		5.4205777e-02		5.4205777e-02		6.3094698e-17
1.4300000e+02		1.4400000e+02		1.4350000e+02		1.6064305e-01		3.7145433e-02		1.3706048e-01		6.4337776e-02		6.4337776e-02		2.4137507e-16
1.4400000e+02		1.4500000e+02		1.4450000e+02		1.5363637e-01		3.7892957e-02		1.3937641e-01		6.5632527e-02		6.5632527e-02		7.5416955e-16
1.4500000e+02		1.4600000e+02		1.4550000e+02		1.6382583e-01		4.2977184e-02		1.5759949e-01		7.4438666e-02		7.4438666e-02		2.4961273e-15
1.4600000e+02		1.4700000e+02		1.4650000e+02		1.9977093e-01		5.5591911e-02		2.0327001e-01		9.6288014e-02		9.6288014e-02		8.9998450e-15
1.4700000e+02		1.4800000e+02		1.4750000e+02		2.4643334e-01		7.2559442e-02		2.6457944e-01		1.2567664e-01		1.2567664e-01		3.1347702e-14
1.4800000e+02		1.4900000e+02		1.4850000e+02		2.4167300e-01		7.5107722e-02		2.7314916e-01		1.3009039e-01		1.3009039e-01		8.3087448e-14
1.4900000e+02		1.5000000e+02		1.4950000e+02		2.1832777e-01		7.1453994e-02		2.5920584e-01		1.2376195e-01		1.2376195e-01		1.9461169e-13
1.5000000e+02		1.5100000e+02		1.5050000e+02		2.4023073e-01		8.2614359e-02		2.9896756e-01		1.4309227e-01		1.4309227e-01		5.3369290e-13
1.5100000e+02		1.5200000e+02		1.5150000e+02		2.5258505e-01		9.1083336e-02		3.2885355e-01		1.5776096e-01		1.5776096e-01		1.3470080e-12
1.5200000e+02		1.5300000e+02		1.5250000e+02		3.2229547e-01		1.2162661e-01		4.3815707e-01		2.1066347e-01		2.1066347e-01		3.9811841e-12
1.5300000e+02		1.5400000e+02		1.5350000e+02		3.5701286e-01		1.4072838e-01		5.0589555e-01		2.4374870e-01		2.4374870e-01		9.8738448e-12
1.5400000e+02		1.5500000e+02		1.5450000e+02		9.5486931e-01		3.9245033e-01		1.4079271e+00		6.7974392e-01		6.7974392e-01		5.7246725e-11
1.5500000e+02		1.5600000e+02		1.5550000e+02		7.8587524e-01		3.3619710e-01		1.2037661e+00		5.8231045e-01		5.8231045e-01		9.9036709e-11
1.5600000e+02		1.5700000e+02		1.5650000e+02		4.6648084e-01		2.0737933e-01		7.4114110e-01		3.5919153e-01		3.5919153e-01		1.1999897e-10
1.5700000e+02		1.5800000e+02		1.5750000e+02		4.2309893e-01		1.9515960e-01		6.9621846e-01		3.3802634e-01		3.3802634e-01		2.1604930e-10
1.5800000e+02		1.5900000e+02		1.5850000e+02		3.9008072e-01		1.8641263e-01		6.6386906e-01		3.2287615e-01		3.2287615e-01		3.8500434e-10
1.5900000e+02		1.6000000e+02		1.5950000e+02		3.8042347e-01		1.8808205e-01		6.6870675e-01		3.2576767e-01		3.2576767e-01		7.0753480e-10
1.6000000e+02		1.6100000e+02		1.6050000e+02		4.1635449e-01		2.1267536e-01		7.5494468e-01		3.6836452e-01		3.6836452e-01		1.4242636e-09
1.6100000e+02		1.6200000e+02		1.6150000e+02		4.7164413e-01		2.4859002e-01		8.8108592e-01		4.3057054e-01		4.3057054e-01		2.8996510e-09
1.6200000e+02		1.6300000e+02		1.6250000e+02		5.2241459e-01		2.8377022e-01		1.0043006e+00		4.9150444e-01		4.9150444e-01		5.6462960e-09
1.6300000e+02		1.6400000e+02		1.6350000e+02		1.1072121e+00		6.1909273e-01		2.1879605e+00		1.0723000e+00		1.0723000e+00		2.0598729e-08
1.6400000e+02		1.6500000e+02		1.6450000e+02		1.1323318e+00		6.5100743e-01		2.2976294e+00		1.1275779e+00		1.1275779e+00		3.5538384e-08
1.6500000e+02		1.6600000e+02		1.6550000e+02		1.3255566e+00		7.8276909e-01		2.7590544e+00		1.3557958e+00		1.3557957e+00		6.8845805e-08
1.6600000e+02		1.6700000e+02		1.6650000e+02		6.2522883e-01		3.7883841e-01		1.3336272e+00		6.5616734e-01		6.5616729e-01		5.2757248e-08
1.6700000e+02		1.6800000e+02		1.6750000e+02		6.6723830e-01		4.1443052e-01		1.4571570e+00		7.1781465e-01		7.1781456e-01		8.9876444e-08
1.6800000e+02		1.6900000e+02		1.6850000e+02		7.1904320e-01		4.5737909e-01		1.6062920e+00		7.9220372e-01		7.9220357e-01		1.5203056e-07
1.6900000e+02		1.7000000e+02		1.6950000e+02		9.0554889e-01		5.8938131e-01		2.0675529e+00		1.0208382e+00		1.0208379e+00		2.9573512e-07
1.7000000e+02		1.7100000e+02		1.7050000e+02		1.0161854e+00		6.7616083e-01		2.3694092e+00		1.1711445e+00		1.1711440e+00		5.0475677e-07
1.7100000e+02		1.7200000e+02		1.7150000e+02		1.0130704e+00		6.8858066e-01		2.4104137e+00		1.1926561e+00		1.1926554e+00		7.5414424e-07
1.7200000e+02		1.7300000e+02		1.7250000e+02		1.0571150e+00		7.3339235e-01		2.5646967e+00		1.2702720e+00		1.2702708e+00		1.1627873e-06
1.7300000e+02		1.7400000e+02		1.7350000e+02		1.0479596e+00		7.4153730e-01		2.5906631e+00		1.2843791e+00		1.2843774e+00		1.6803531e-06
1.7400000e+02		1.7500000e+02		1.7450000e+02		1.2530722e+00		9.0370794e-01		3.1542717e+00		1.5652660e+00		1.5652631e+00		2.8911422e-06
1.7500000e+02		1.7600000e+02		1.7550000e+02		1.4954862e+00		1.0985007e+00		3.8307033e+00		1.9026555e+00		1.9026506e+00		4.9034896e-06
1.7600000e+02		1.7700000e+02		1.7650000e+02		1.6135596e+00		1.2063793e+00		4.2032250e+00		2.0895047e+00		2.0894973e+00		7.4293557e-06
1.7700000e+02		1.7800000e+02		1.7750000e+02		1.9010195e+00		1.4457501e+00		5.0329835e+00		2.5041038e+00		2.5040916e+00		1.2151249e-05
1.7800000e+02		1.7900000e+02		1.7850000e+02		2.0776624e+00		1.6063041e+00		5.5873490e+00		2.7821869e+00		2.7821687e+00		1.8234911e-05
1.7900000e+02		1.8000000e+02		1.7950000e+02		2.0198657e+00		1.5866113e+00		5.5144989e+00		2.7480738e+00		2.7480497e+00		2.4085919e-05
1.8000000e+02		1.8100000e+02		1.8050000e+02		2.4976225e+00		1.9921848e+00		6.9188476e+00		3.4505359e+00		3.4504959e+00		4.0057160e-05
1.8100000e+02		1.8200000e+02		1.8150000e+02		3.0410490e+00		2.4617862e+00		8.5434595e+00		4.2638913e+00		4.2638263e+00		6.4962731e-05
1.8200000e+02		1.8300000e+02		1.8250000e+02		2.8073836e+00		2.3053216e+00		7.9947397e+00		3.9928761e+00		3.9927970e+00		7.9135485e-05
1.8300000e+02		1.8400000e+02		1.8350000e+02		2.9562417e+00		2.4612753e+00		8.5296657e+00		4.2629741e+00		4.2628651e+00		1.0897777e-04
1.8400000e+02		1.8500000e+02		1.8450000e+02		2.5409769e+00		2.1439156e+00		7.4248486e+00		3.7132818e+00		3.7131603e+00		1.2144469e-04
1.8500000e+02		1.8600000e+02		1.8550000e+02		2.8735562e+00		2.4559396e+00		8.4999104e+00		4.2536829e+00		4.2535063e+00		1.7659294e-04
1.8600000e+02		1.8700000e+02		1.8650000e+02		3.2604304e+00		2.8214737e+00		9.7588259e+00		4.8867487e+00		4.8864931e+00		2.5558685e-04
1.8700000e+02		1.8800000e+02		1.8750000e+02		3.6946466e+00		3.2359106e+00		1.1185378e+01		5.6044932e+00		5.6041266e+00		3.6661697e-04
1.8800000e+02		1.8900000e+02		1.8850000e+02		3.8870616e+00		3.4442451e+00		1.1898384e+01		5.9652528e+00		5.9647681e+00		4.8465141e-04
1.8900000e+02		1.9000000e+02		1.8950000e+02		4.3106081e+00		3.8627213e+00		1.3336253e+01		6.6899386e+00		6.6892681e+00		6.7054499e-04
1.9000000e+02		1.9100000e+02		1.9050000e+02		4.4384288e+00		4.0207388e+00		1.3873919e+01		6.9634976e+00		6.9626421e+00		8.5551628e-04
1.9100000e+02		1.9200000e+02		1.9150000e+02		4.8094361e+00		4.4028936e+00		1.5184138e+01		7.6252000e+00		7.6240588e+00		1.1411464e-03
1.9200000e+02		1.9300000e+02		1.9250000e+02		5.0365493e+00		4.6579626e+00		1.6055064e+01		8.0667578e+00		8.0652960e+00		1.4617486e-03
1.9300000e+02		1.9400000e+02		1.9350000e+02		3.8447944e+00		3.5909709e+00		1.2370776e+01		6.2187509e+00		6.2173943e+00		1.3565954e-03
1.9400000e+02		1.9500000e+02		1.9450000e+02		6.1679797e+00		5.8159383e+00		2.0025269e+01		1.0071575e+01		1.0068945e+01		2.6302659e-03
1.9500000e+02		1.9600000e+02		1.9550000e+02		5.9528271e+00		5.6650724e+00		1.9495825e+01		9.8099599e+00		9.8069093e+00		3.0506619e-03
1.9600000e+02		1.9700000e+02		1.9650000e+02		6.5508102e+00		6.2900569e+00		2.1635750e+01		1.0891761e+01		1.0887748e+01		4.0123906e-03
1.9700000e+02		1.9800000e+02		1.9750000e+02		6.5190955e+00		6.3139454e+00		2.1707141e+01		1.0932599e+01		1.0927852e+01		4.7472401e-03
1.9800000e+02		1.9900000e+02		1.9850000e+02		6.3883794e+00		6.2393450e+00		2.1440158e+01		1.0802834e+01		1.0797331e+01		5.5027527e-03
1.9900000e+02		2.0000000e+02		1.9950000e+02		6.7274707e+00		6.6239942e+00		2.2750893e+01		1.1468101e+01		1.1461280e+01		6.8209434e-03
2.0000000e+02		2.0100000e+02		2.0050000e+02		7.1125146e+00		7.0582991e+00		2.4230927e+01		1.2219148e+01		1.2210700e+01		8.4481542e-03
2.0100000e+02		2.0200000e+02		2.0150000e+02		7.5701275e+00		7.5697495e+00		2.5974335e+01		1.3103515e+01		1.3093029e+01		1.0485822e-02
2.0200000e+02		2.0300000e+02		2.0250000e+02		7.4828608e+00		7.5377829e+00		2.5852386e+01		1.3047013e+01		1.3034979e+01		1.2034030e-02
2.0300000e+02		2.0400000e+02		2.0350000e+02		8.0092047e+00		8.1257340e+00		2.7855719e+01		1.4063283e+01		1.4048392e+01		1.4891092e-02
2.0400000e+02		2.0500000e+02		2.0450000e+02		8.6207445e+00		8.8067984e+00		3.0176226e+01		1.5240313e+01		1.5221859e+01		1.8453925e-02
2.0500000e+02		2.0600000e+02		2.0550000e+02		8.6400754e+00		8.8858049e+00		3.0432572e+01		1.5375139e+01		1.5353929e+01		2.1210079e-02
2.0600000e+02		2.0700000e+02		2.0650000e+02		8.6510225e+00		8.9549148e+00		3.0654759e+01		1.5492607e+01		1.5468346e+01		2.4260822e-02
2.0700000e+02		2.0800000e+02		2.0750000e+02		9.3957826e+00		9.7870846e+00		3.3487564e+01		1.6929774e+01		1.6899784e+01		2.9989760e-02
2.0800000e+02		2.0900000e+02		2.0850000e+02		1.0163489e+01		1.0651329e+01		3.6427269e+01		1.8421712e+01		1.8384922e+01		3.6789812e-02
2.0900000e+02		2.1000000e+02		2.0950000e+02		1.3129215e+01		1.3840671e+01		4.7311969e+01		2.3933426e+01		2.3879715e+01		5.3710946e-02
2.1000000e+02		2.1100000e+02		2.1050000e+02		1.6183343e+01		1.7157862e+01		5.8622764e+01		2.9663699e+01		2.9589127e+01		7.4572028e-02
2.1100000e+02		2.1200000e+02		2.1150000e+02		1.8424170e+01		1.9641783e+01		6.7076609e+01		3.3950789e+01		3.3855471e+01		9.5317304e-02
2.1200000e+02		2.1300000e+02		2.1250000e+02		1.6428561e+01		1.7608169e+01		6.0102010e+01		3.0428607e+01		3.0333481e+01		9.5125713e-02
2.1300000e+02		2.1400000e+02		2.1350000e+02		1.6737981e+01		1.8032887e+01		6.1520787e+01		3.1154709e+01		3.1046566e+01		1.0814334e-01
2.1400000e+02		2.1500000e+02		2.1450000e+02		2.1432541e+01		2.3206577e+01		7.9130972e+01		4.0082189e+01		3.9928128e+01		1.5406128e-01
2.1500000e+02		2.1600000e+02		2.1550000e+02		1.8408135e+01		2.0028670e+01		6.8259485e+01		3.4583210e+01		3.4436413e+01		1.4679761e-01
2.1600000e+02		2.1700000e+02		2.1650000e+02		1.7036901e+01		1.8623844e+01		6.3438387e+01		3.2147407e+01		3.1997095e+01		1.5031251e-01
2.1700000e+02		2.1800000e+02		2.1750000e+02		1.7640866e+01		1.9371725e+01		6.5950670e+01		3.3427091e+01		3.3255354e+01		1.7173700e-01
2.1800000e+02		2.1900000e+02		2.1850000e+02		2.3730294e+01		2.6173157e+01		8.9057627e+01		4.5147111e+01		4.4892857e+01		2.5425361e-01
2.1900000e+02		2.2000000e+02		2.1950000e+02		2.5052511e+01		2.7748877e+01		9.4367026e+01		4.7846744e+01		4.7552064e+01		2.9468041e-01
2.2000000e+02		2.2100000e+02		2.2050000e+02		2.5203754e+01		2.8031004e+01		9.5272799e+01		4.8313444e+01		4.7988767e+01		3.2467674e-01
2.2100000e+02		2.2200000e+02		2.2150000e+02		2.0176768e+01		2.2529103e+01		7.6528811e+01		3.8813655e+01		3.8529663e+01		2.8399202e-01
2.2200000e+02		2.2300000e+02		2.2250000e+02		2.7154039e+01		3.0435935e+01		1.0332698e+02		5.2411577e+01		5.1994927e+01		4.1665032e-01
2.2300000e+02		2.2400000e+02		2.2350000e+02		3.5163062e+01		3.9558629e+01		1.3421758e+02		6.8087928e+01		6.7501045e+01		5.8688277e-01
2.2400000e+02		2.2500000e+02		2.2450000e+02		3.2875934e+01		3.7117502e+01		1.2585861e+02		6.3853401e+01		6.3257816e+01		5.9558522e-01
2.2500000e+02		2.2600000e+02		2.2550000e+02		2.8720078e+01		3.2536993e+01		1.1025859e+02		5.5943156e+01		5.5379577e+01		5.6357922e-01
2.2600000e+02		2.2700000e+02		2.2650000e+02		2.1037217e+01		2.3912090e+01		8.0980062e+01		4.1090267e+01		4.0644005e+01		4.4626234e-01
2.2700000e+02		2.2800000e+02		2.2750000e+02		2.0463841e+01		2.3334654e+01		7.8973627e+01		4.0073945e+01		3.9605587e+01		4.6835766e-01
2.2800000e+02		2.2900000e+02		2.2850000e+02		2.8509984e+01		3.2609553e+01		1.1029104e+02		5.5967006e+01		5.5264328e+01		7.0267890e-01
2.2900000e+02		2.3000000e+02		2.2950000e+02		2.5620938e+01		2.9391815e+01		9.9341545e+01		5.0411214e+01		4.9732432e+01		6.7878171e-01
2.3000000e+02		2.3100000e+02		2.3050000e+02		2.9055844e+01		3.3427147e+01		1.1290348e+02		5.7292853e+01		5.6466867e+01		8.2598594e-01
2.3100000e+02		2.3200000e+02		2.3150000e+02		2.7387429e+01		3.1593923e+01		1.0663738e+02		5.4111777e+01		5.3277814e+01		8.3396284e-01
2.3200000e+02		2.3300000e+02		2.3250000e+02		2.9413108e+01		3.4019879e+01		1.1474423e+02		5.8223014e+01		5.7265233e+01		9.5778152e-01
2.3300000e+02		2.3400000e+02		2.3350000e+02		2.6543685e+01		3.0778449e+01		1.0373643e+02		5.2634294e+01		5.1711484e+01		9.2280975e-01
2.3400000e+02		2.3500000e+02		2.3450000e+02		2.3194371e+01		2.6959815e+01		9.0799248e+01		4.6066530e+01		4.5206972e+01		8.5955716e-01
2.3500000e+02		2.3600000e+02		2.3550000e+02		3.1223226e+01		3.6376170e+01		1.2242141e+02		6.2103828e+01		6.0872293e+01		1.2315351e+00
2.3600000e+02		2.3700000e+02		2.3650000e+02		2.8911473e+01		3.3757585e+01		1.1352228e+02		5.7582672e+01		5.6370760e+01		1.2119117e+00
2.3700000e+02		2.3800000e+02		2.3750000e+02		3.0878004e+01		3.6130197e+01		1.2140700e+02		6.1573804e+01		6.0200222e+01		1.3735826e+00
2.3800000e+02		2.3900000e+02		2.3850000e+02		2.5598090e+01		3.0012873e+01		1.0077179e+02		5.1100434e+01		4.9893706e+01		1.2067285e+00
2.3900000e+02		2.4000000e+02		2.3950000e+02		2.7890834e+01		3.2764250e+01		1.0992185e+02		5.5730733e+01		5.4339281e+01		1.3914517e+00
2.4000000e+02		2.4100000e+02		2.4050000e+02		2.5623038e+01		3.0155659e+01		1.0108795e+02		5.1242105e+01		4.9891068e+01		1.3510376e+00
2.4100000e+02		2.4200000e+02		2.4150000e+02		3.0005079e+01		3.5374805e+01		1.1848569e+02		6.0048471e+01		5.8378521e+01		1.6699499e+00
2.4200000e+02		2.4300000e+02		2.4250000e+02		4.1301739e+01		4.8774312e+01		1.6322955e+02		8.2705614e+01		8.0282321e+01		2.4232923e+00
2.4300000e+02		2.4400000e+02		2.4350000e+02		3.8791639e+01		4.5882576e+01		1.5342135e+02		7.7716596e+01		7.5320101e+01		2.3964953e+00
2.4400000e+02		2.4500000e+02		2.4450000e+02		3.6329084e+01		4.3034337e+01		1.4377327e+02		7.2809743e+01		7.0449365e+01		2.3603773e+00
2.4500000e+02		2.4600000e+02		2.4550000e+02		2.9476122e+01		3.4966081e+01		1.1671584e+02		5.9090285e+01		5.7078481e+01		2.0118041e+00
2.4600000e+02		2.4700000e+02		2.4650000e+02		2.8685918e+01		3.4074315e+01		1.1363825e+02		5.7514504e+01		5.5460084e+01		2.0544203e+00
2.4700000e+02		2.4800000e+02		2.4750000e+02		3.1678139e+01		3.7676133e+01		1.2553744e+02		6.3516160e+01		6.1138160e+01		2.3780003e+00
2.4800000e+02		2.4900000e+02		2.4850000e+02		2.5406301e+01		3.0252675e+01		1.0071061e+02		5.0937299e+01		4.8940347e+01		1.9969520e+00
2.4900000e+02		2.5000000e+02		2.4950000e+02		3.0967514e+01		3.6915813e+01		1.2277884e+02		6.2076263e+01		5.9530262e+01		2.5460001e+00
2.5000000e+02		2.5100000e+02		2.5050000e+02		3.3448743e+01		3.9915225e+01		1.3263082e+02		6.7031583e+01		6.4157991e+01		2.8735916e+00
2.5100000e+02		2.5200000e+02		2.5150000e+02		2.7888154e+01		3.3312011e+01		1.1058515e+02		5.5867148e+01		5.3366029e+01		2.5011195e+00
2.5200000e+02		2.5300000e+02		2.5250000e+02		2.5069906e+01		2.9972740e+01		9.9404938e+01		5.0197720e+01		4.7852815e+01		2.3449049e+00
2.5300000e+02		2.5400000e+02		2.5350000e+02		3.1592540e+01		3.7802635e+01		1.2525198e+02		6.3222074e+01		6.0143038e+01		3.0790351e+00
2.5400000e+02		2.5500000e+02		2.5450000e+02		3.5730773e+01		4.2787365e+01		1.4162983e+02		7.1456006e+01		6.7830734e+01		3.6252719e+00
2.5500000e+02		2.5600000e+02		2.5550000e+02		4.8755658e+01		5.8426011e+01		1.9320479e+02		9.7430211e+01		9.2284927e+01		5.1452834e+00
2.5600000e+02		2.5700000e+02		2.5650000e+02		6.2803876e+01		7.5309375e+01		2.4878770e+02		1.2539732e+02		1.1850935e+02		6.8879668e+00
2.5700000e+02		2.5800000e+02		2.5750000e+02		7.8843355e+01		9.4598214e+01		3.1219580e+02		1.5727584e+02		1.4829685e+02		8.9789901e+00
2.5800000e+02		2.5900000e+02		2.5850000e+02		8.2991293e+01		9.9627719e+01		3.2846168e+02		1.6538164e+02		1.5557545e+02		9.8061928e+00
2.5900000e+02		2.6000000e+02		2.5950000e+02		7.0629481e+01		8.4827916e+01		2.7938291e+02		1.4059248e+02		1.3194037e+02		8.6521060e+00
2.6000000e+02		2.6100000e+02		2.6050000e+02		5.7868388e+01		6.9530469e+01		2.2876477e+02		1.1505442e+02		1.0771083e+02		7.3435931e+00
2.6100000e+02		2.6200000e+02		2.6150000e+02		5.9092703e+01		7.1027284e+01		2.3344714e+02		1.1734020e+02		1.0957754e+02		7.7626596e+00
2.6200000e+02		2.6300000e+02		2.6250000e+02		7.0528613e+01		8.4799142e+01		2.7842024e+02		1.3986065e+02		1.3027693e+02		9.5837185e+00
2.6300000e+02		2.6400000e+02		2.6350000e+02		1.0614195e+02		1.2765146e+02		4.1867572e+02		2.1018484e+02		1.9527608e+02		1.4908761e+01
2.6400000e+02		2.6500000e+02		2.6450000e+02		1.6548208e+02		1.9905849e+02		6.5218724e+02		3.2720305e+02		3.0319328e+02		2.4009766e+01
2.6500000e+02		2.6600000e+02		2.6550000e+02		1.7356948e+02		2.0882053e+02		6.8344134e+02		3.4265754e+02		3.1666176e+02		2.5995773e+01
2.6600000e+02		2.6700000e+02		2.6650000e+02		1.6826276e+02		2.0245922e+02		6.6191042e+02		3.3163853e+02		3.0564151e+02		2.5997013e+01
2.6700000e+02		2.6800000e+02		2.6750000e+02		1.6940220e+02		2.0384430e+02		6.6571911e+02		3.3331610e+02		3.0633358e+02		2.6982527e+01
2.6800000e+02		2.6900000e+02		2.6850000e+02		1.6778062e+02		2.0189804e+02		6.5864694e+02		3.2954169e+02		3.0200811e+02		2.7533576e+01
2.6900000e+02		2.7000000e+02		2.6950000e+02		1.5737310e+02		1.8937079e+02		6.1710519e+02		3.0853352e+02		2.8194205e+02		2.6591468e+01
2.7000000e+02		2.7100000e+02		2.7050000e+02		1.8181465e+02		2.1876884e+02		7.1212278e+02		3.5577595e+02		3.2416231e+02		3.1613648e+01
2.7100000e+02		2.7200000e+02		2.7150000e+02		1.5108640e+02		1.8177685e+02		5.9105633e+02		2.9506818e+02		2.6805018e+02		2.7018008e+01
2.7200000e+02		2.7300000e+02		2.7250000e+02		1.2154404e+02		1.4621318e+02		4.7489280e+02		2.3689411e+02		2.1455339e+02		2.2340717e+01
2.7300000e+02		2.7400000e+02		2.7350000e+02		1.2960124e+02		1.5587814e+02		5.0572097e+02		2.5207411e+02		2.2760212e+02		2.4471991e+01
2.7400000e+02		2.7500000e+02		2.7450000e+02		8.9183780e+01		1.0724306e+02		3.4754392e+02		1.7309286e+02		1.5580229e+02		1.7290569e+01
2.7500000e+02		2.7600000e+02		2.7550000e+02		1.1893609e+02		1.4298447e+02		4.6285223e+02		2.3033383e+02		2.0667080e+02		2.3663027e+01
2.7600000e+02		2.7700000e+02		2.7650000e+02		1.6564211e+02		1.9907786e+02		6.4370624e+02		3.2006840e+02		2.8626670e+02		3.3801699e+01
2.7700000e+02		2.7800000e+02		2.7750000e+02		1.5837296e+02		1.9028117e+02		6.1456847e+02		3.0532263e+02		2.7219104e+02		3.3131599e+01
2.7800000e+02		2.7900000e+02		2.7850000e+02		1.0921797e+02		1.3117695e+02		4.2319471e+02		2.1006644e+02		1.8665454e+02		2.3411895e+01
2.7900000e+02		2.8000000e+02		2.7950000e+02		6.1368404e+01		7.3678951e+01		2.3742862e+02		1.1775284e+02		1.0427995e+02		1.3472893e+01
2.8000000e+02		2.8100000e+02		2.8050000e+02		6.7313201e+01		8.0783198e+01		2.6002573e+02		1.2884598e+02		1.1371776e+02		1.5128221e+01
2.8100000e+02		2.8200000e+02		2.8150000e+02		1.3943196e+02		1.6726027e+02		5.3776512e+02		2.6623050e+02		2.3416607e+02		3.2064422e+01
2.8200000e+02		2.8300000e+02		2.8250000e+02		1.8983287e+02		2.2761424e+02		7.3097551e+02		3.6155402e+02		3.1690492e+02		4.4649103e+01
2.8300000e+02		2.8400000e+02		2.8350000e+02		1.9610227e+02		2.3501553e+02		7.5388069e+02		3.7253999e+02		3.2538635e+02		4.7153632e+01
2.8400000e+02		2.8500000e+02		2.8450000e+02		1.4459284e+02		1.7319502e+02		5.5493649e+02		2.7397330e+02		2.3844396e+02		3.5529336e+01
2.8500000e+02		2.8600000e+02		2.8550000e+02		9.2944992e+01		1.1127010e+02		3.5611273e+02		1.7564755e+02		1.5231868e+02		2.3328870e+01
2.8600000e+02		2.8700000e+02		2.8650000e+02		1.9045522e+02		2.2787612e+02		7.2846454e+02		3.5896137e+02		3.1015102e+02		4.8810348e+01
2.8700000e+02		2.8800000e+02		2.8750000e+02		2.2108403e+02		2.6436670e+02		8.4414373e+02		4.1556175e+02		3.5773131e+02		5.7830431e+01
2.8800000e+02		2.8900000e+02		2.8850000e+02		2.1010240e+02		2.5108121e+02		8.0079900e+02		3.9383823e+02		3.3776673e+02		5.6071498e+01
2.8900000e+02		2.9000000e+02		2.8950000e+02		3.1885068e+02		3.8079843e+02		1.2131202e+03		5.9603100e+02		5.0924573e+02		8.6785272e+01
2.9000000e+02		2.9100000e+02		2.9050000e+02		4.1860542e+02		4.9960685e+02		1.5897772e+03		7.8031058e+02		6.6415214e+02		1.1615843e+02
2.9100000e+02		2.9200000e+02		2.9150000e+02		4.0318642e+02		4.8087994e+02		1.5284232e+03		7.4943979e+02		6.3541942e+02		1.1402037e+02
2.9200000e+02		2.9300000e+02		2.9250000e+02		3.5818014e+02		4.2690511e+02		1.3553060e+03		6.6387791e+02		5.6068366e+02		1.0319424e+02
2.9300000e+02		2.9400000e+02		2.9350000e+02		3.7393440e+02		4.4536548e+02		1.4122828e+03		6.9107665e+02		5.8135886e+02		1.0971779e+02
2.9400000e+02		2.9500000e+02		2.9450000e+02		3.4819581e+02		4.1440834e+02		1.3126015e+03		6.4163372e+02		5.3762102e+02		1.0401270e+02
2.9500000e+02		2.9600000e+02		2.9550000e+02		3.7701055e+02		4.4836854e+02		1.4185318e+03		6.9269058e+02		5.7807214e+02		1.1461844e+02
2.9600000e+02		2.9700000e+02		2.9650000e+02		3.4493460e+02		4.0990976e+02		1.2953647e+03		6.3187984e+02		5.2518684e+02		1.0669300e+02
2.9700000e+02		2.9800000e+02		2.9750000e+02		3.5165811e+02		4.1757598e+02		1.3180733e+03		6.4227451e+02		5.3164242e+02		1.1063208e+02
2.9800000e+02		2.9900000e+02		2.9850000e+02		3.0223333e+02		3.5860340e+02		1.1306266e+03		5.5034568e+02		4.5366711e+02		9.6678571e+01
2.9900000e+02		3.0000000e+02		2.9950000e+02		3.4101318e+02		4.0429139e+02		1.2732116e+03		6.1908299e+02		5.0820239e+02		1.1088060e+02
3.0000000e+02		3.0100000e+02		3.0050000e+02		2.7131061e+02		3.2139252e+02		1.0109830e+03		4.9104446e+02		4.0140079e+02		8.9643669e+01
3.0100000e+02		3.0200000e+02		3.0150000e+02		3.1202593e+02		3.6931761e+02		1.1604081e+03		5.6300642e+02		4.5827265e+02		1.0473378e+02
3.0200000e+02		3.0300000e+02		3.0250000e+02		3.2846528e+02		3.8844908e+02		1.2191252e+03		5.9084496e+02		4.7887380e+02		1.1197116e+02
3.0300000e+02		3.0400000e+02		3.0350000e+02		4.2601061e+02		5.0337952e+02		1.5780256e+03		7.6393971e+02		6.1649203e+02		1.4744768e+02
3.0400000e+02		3.0500000e+02		3.0450000e+02		4.0776836e+02		4.8140947e+02		1.5074343e+03		7.2895459e+02		5.8569805e+02		1.4325654e+02
3.0500000e+02		3.0600000e+02		3.0550000e+02		4.1174793e+02		4.8568448e+02		1.5190925e+03		7.3377132e+02		5.8697976e+02		1.4679156e+02
3.0600000e+02		3.0700000e+02		3.0650000e+02		3.9053943e+02		4.6026226e+02		1.4379463e+03		6.9379488e+02		5.5254412e+02		1.4125077e+02
3.0700000e+02		3.0800000e+02		3.0750000e+02		4.3847484e+02		5.1629633e+02		1.6111826e+03		7.7650220e+02		6.1565369e+02		1.6084851e+02
3.0800000e+02		3.0900000e+02		3.0850000e+02		4.3035211e+02		5.0627750e+02		1.5781343e+03		7.5971222e+02		5.9963297e+02		1.6007924e+02
3.0900000e+02		3.1000000e+02		3.0950000e+02		3.4901328e+02		4.1021699e+02		1.2772615e+03		6.1417199e+02		4.8256272e+02		1.3160927e+02
3.1000000e+02		3.1100000e+02		3.1050000e+02		4.3927411e+02		5.1583544e+02		1.6043146e+03		7.7055326e+02		6.0266883e+02		1.6788443e+02
3.1100000e+02		3.1200000e+02		3.1150000e+02		5.2246540e+02		6.1296276e+02		1.9042588e+03		9.1356634e+02		7.1123570e+02		2.0233064e+02
3.1200000e+02		3.1300000e+02		3.1250000e+02		4.6521908e+02		5.4529606e+02		1.6921512e+03		8.1087221e+02		6.2835991e+02		1.8251230e+02
3.1300000e+02		3.1400000e+02		3.1350000e+02		4.9544367e+02		5.8018291e+02		1.7984076e+03		8.6079306e+02		6.6393077e+02		1.9686230e+02
3.1400000e+02		3.1500000e+02		3.1450000e+02		4.6729179e+02		5.4670405e+02		1.6927523e+03		8.0928176e+02		6.2126554e+02		1.8801623e+02
3.1500000e+02		3.1600000e+02		3.1550000e+02		4.5343123e+02		5.2998913e+02		1.6391835e+03		7.8275901e+02		5.9805998e+02		1.8469904e+02
3.1600000e+02		3.1700000e+02		3.1650000e+02		4.4229406e+02		5.1648308e+02		1.5956507e+03		7.6108126e+02		5.7872551e+02		1.8235575e+02
3.1700000e+02		3.1800000e+02		3.1750000e+02		5.6102832e+02		6.5451181e+02		2.0198635e+03		9.6229128e+02		7.2821405e+02		2.3407723e+02
3.1800000e+02		3.1900000e+02		3.1850000e+02		4.6340678e+02		5.4010875e+02		1.6649847e+03		7.9229124e+02		5.9667017e+02		1.9562107e+02
3.1900000e+02		3.2000000e+02		3.1950000e+02		4.9774832e+02		5.7957995e+02		1.7847140e+03		8.4826621e+02		6.3571851e+02		2.1254770e+02
3.2000000e+02		3.2100000e+02		3.2050000e+02		5.7184857e+02		6.6522423e+02		2.0462156e+03		9.7141046e+02		7.2444440e+02		2.4696605e+02
3.2100000e+02		3.2200000e+02		3.2150000e+02		4.8024660e+02		5.5812784e+02		1.7149321e+03		8.1317714e+02		6.0345313e+02		2.0972401e+02
3.2200000e+02		3.2300000e+02		3.2250000e+02		4.8228681e+02		5.5995896e+02		1.7187045e+03		8.1400196e+02		6.0107218e+02		2.1292978e+02
3.2300000e+02		3.2400000e+02		3.2350000e+02		4.6607071e+02		5.4060897e+02		1.6575322e+03		7.8409985e+02		5.7610560e+02		2.0799425e+02
3.2400000e+02		3.2500000e+02		3.2450000e+02		5.4882129e+02		6.3597839e+02		1.9478555e+03		9.2034491e+02		6.7281840e+02		2.4752651e+02
3.2500000e+02		3.2600000e+02		3.2550000e+02		6.3196128e+02		7.3161286e+02		2.2383776e+03		1.0563579e+03		7.6835504e+02		2.8800287e+02
3.2600000e+02		3.2700000e+02		3.2650000e+02		7.1301257e+02		8.2464513e+02		2.5203381e+03		1.1880093e+03		8.5972887e+02		3.2828044e+02
3.2700000e+02		3.2800000e+02		3.2750000e+02		6.8984049e+02		7.9707171e+02		2.4334971e+03		1.1457101e+03		8.2488727e+02		3.2082282e+02
3.2800000e+02		3.2900000e+02		3.2850000e+02		6.6596082e+02		7.6873393e+02		2.3445167e+03		1.1025028e+03		7.8970571e+02		3.1279712e+02
3.2900000e+02		3.3000000e+02		3.2950000e+02		7.7527139e+02		8.9404579e+02		2.7238488e+03		1.2793565e+03		9.1165487e+02		3.6770160e+02
3.3000000e+02		3.3100000e+02		3.3050000e+02		7.3029799e+02		8.4136577e+02		2.5606851e+03		1.2012869e+03		8.5158257e+02		3.4970435e+02
3.3100000e+02		3.3200000e+02		3.3150000e+02		6.9881652e+02		8.0431623e+02		2.4453918e+03		1.1458318e+03		8.0803457e+02		3.3779726e+02
3.3200000e+02		3.3300000e+02		3.3250000e+02		6.8562051e+02		7.8836387e+02		2.3944228e+03		1.1206114e+03		7.8610614e+02		3.3450528e+02
3.3300000e+02		3.3400000e+02		3.3350000e+02		6.5878216e+02		7.5677087e+02		2.2961129e+03		1.0733201e+03		7.4896362e+02		3.2435652e+02
3.3400000e+02		3.3500000e+02		3.3450000e+02		6.9405546e+02		7.9652044e+02		2.4142528e+03		1.1271992e+03		7.8239442e+02		3.4480480e+02
3.3500000e+02		3.3600000e+02		3.3550000e+02		6.8541663e+02		7.8584730e+02		2.3794865e+03		1.1096429e+03		7.6610870e+02		3.4353423e+02
3.3600000e+02		3.3700000e+02		3.3650000e+02		5.6469084e+02		6.4680855e+02		1.9565115e+03		9.1130700e+02		6.2581007e+02		2.8549694e+02
3.3700000e+02		3.3800000e+02		3.3750000e+02		5.9573781e+02		6.8171436e+02		2.0600273e+03		9.5838034e+02		6.5459874e+02		3.0378160e+02
3.3800000e+02		3.3900000e+02		3.3850000e+02		6.4448401e+02		7.3678803e+02		2.2242281e+03		1.0335398e+03		7.0212233e+02		3.3141751e+02
3.3900000e+02		3.4000000e+02		3.3950000e+02		6.7448220e+02		7.7034453e+02		2.3232201e+03		1.0782555e+03		7.2852514e+02		3.4973035e+02
3.4000000e+02		3.4100000e+02		3.4050000e+02		7.1196374e+02		8.1237681e+02		2.4475628e+03		1.1346165e+03		7.6242722e+02		3.7218925e+02
3.4100000e+02		3.4200000e+02		3.4150000e+02		6.4984945e+02		7.4079601e+02		2.2297097e+03		1.0324001e+03		6.8994277e+02		3.4245736e+02
3.4200000e+02		3.4300000e+02		3.4250000e+02		7.0477558e+02		8.0264618e+02		2.4135129e+03		1.1161806e+03		7.4183034e+02		3.7435023e+02
3.4300000e+02		3.4400000e+02		3.4350000e+02		6.9264465e+02		7.8808388e+02		2.3674244e+03		1.0935705e+03		7.2278904e+02		3.7078143e+02
3.4400000e+02		3.4500000e+02		3.4450000e+02		5.5710877e+02		6.3327441e+02		1.9005367e+03		8.7686649e+02		5.7634505e+02		3.0052144e+02
3.4500000e+02		3.4600000e+02		3.4550000e+02		6.7138909e+02		7.6246091e+02		2.2860463e+03		1.0534880e+03		6.8857744e+02		3.6491054e+02
3.4600000e+02		3.4700000e+02		3.4650000e+02		6.5194093e+02		7.3968081e+02		2.2156306e+03		1.0198356e+03		6.6285324e+02		3.5698232e+02
3.4700000e+02		3.4800000e+02		3.4750000e+02		6.4525828e+02		7.3141522e+02		2.1887948e+03		1.0062989e+03		6.5038169e+02		3.5591718e+02
3.4800000e+02		3.4900000e+02		3.4850000e+02		6.6761091e+02		7.5604856e+02		2.2603791e+03		1.0379904e+03		6.6708154e+02		3.7090885e+02
3.4900000e+02		3.5000000e+02		3.4950000e+02		6.3989005e+02		7.2398419e+02		2.1624880e+03		9.9187492e+02		6.3383625e+02		3.5803866e+02
3.5000000e+02		3.5100000e+02		3.5050000e+02		7.6650484e+02		8.6643852e+02		2.5855797e+03		1.1845498e+03		7.5265945e+02		4.3189038e+02
3.5100000e+02		3.5200000e+02		3.5150000e+02		7.1211510e+02		8.0421816e+02		2.3976849e+03		1.0971875e+03		6.9317298e+02		4.0401455e+02
3.5200000e+02		3.5300000e+02		3.5250000e+02		6.5785102e+02		7.4225616e+02		2.2109179e+03		1.0105456e+03		6.3477956e+02		3.7576601e+02
3.5300000e+02		3.5400000e+02		3.5350000e+02		7.5263834e+02		8.4843188e+02		2.5248692e+03		1.1527043e+03		7.1991635e+02		4.3278798e+02
3.5400000e+02		3.5500000e+02		3.5450000e+02		8.0329241e+02		9.0471235e+02		2.6899120e+03		1.2266315e+03		7.6166896e+02		4.6496257e+02
3.5500000e+02		3.5600000e+02		3.5550000e+02		7.5433512e+02		8.4880764e+02		2.5214190e+03		1.1484693e+03		7.0900715e+02		4.3946217e+02
3.5600000e+02		3.5700000e+02		3.5650000e+02		6.5576441e+02		7.3722968e+02		2.1880098e+03		9.9545892e+02		6.1097695e+02		3.8448197e+02
3.5700000e+02		3.5800000e+02		3.5750000e+02		5.7307986e+02		6.4369788e+02		1.9087182e+03		8.6739512e+02		5.2927336e+02		3.3812176e+02
3.5800000e+02		3.5900000e+02		3.5850000e+02		4.9194729e+02		5.5207675e+02		1.6355921e+03		7.4242521e+02		4.5036930e+02		2.9205591e+02
3.5900000e+02		3.6000000e+02		3.5950000e+02		7.1030971e+02		7.9642448e+02		2.3574284e+03		1.0688586e+03		6.4458601e+02		4.2427257e+02
3.6000000e+02		3.6100000e+02		3.6050000e+02		7.0092701e+02		7.8521333e+02		2.3222154e+03		1.0516949e+03		6.3050224e+02		4.2119269e+02
3.6100000e+02		3.6200000e+02		3.6150000e+02		6.5110481e+02		7.2876224e+02		2.1533974e+03		9.7413370e+02		5.8055509e+02		3.9357860e+02
3.6200000e+02		3.6300000e+02		3.6250000e+02		7.3500056e+02		8.2194892e+02		2.4266614e+03		1.0965092e+03		6.4961654e+02		4.4689263e+02
3.6300000e+02		3.6400000e+02		3.6350000e+02		7.1558904e+02		7.9954914e+02		2.3585121e+03		1.0645144e+03		6.2691446e+02		4.3759991e+02
3.6400000e+02		3.6500000e+02		3.6450000e+02		7.4837927e+02		8.3546779e+02		2.4623727e+03		1.1101438e+03		6.4989035e+02		4.6025342e+02
3.6500000e+02		3.6600000e+02		3.6550000e+02		8.5179486e+02		9.5010505e+02		2.7978821e+03		1.2599942e+03		7.3320561e+02		5.2678859e+02
3.6600000e+02		3.6700000e+02		3.6650000e+02		9.1042532e+02		1.0146396e+03		2.9854226e+03		1.3429517e+03		7.7679492e+02		5.6615679e+02
3.6700000e+02		3.6800000e+02		3.6750000e+02		8.7909512e+02		9.7889563e+02		2.8778570e+03		1.2931265e+03		7.4347817e+02		5.4964831e+02
3.6800000e+02		3.6900000e+02		3.6850000e+02		8.1047729e+02		9.0173030e+02		2.6488101e+03		1.1888899e+03		6.7942683e+02		5.0946304e+02
3.6900000e+02		3.7000000e+02		3.6950000e+02		8.9967825e+02		1.0001395e+03		2.9354766e+03		1.3161041e+03		7.4758038e+02		5.6852376e+02
3.7000000e+02		3.7100000e+02		3.7050000e+02		8.4427990e+02		9.3777708e+02		2.7501987e+03		1.2316815e+03		6.9538521e+02		5.3629624e+02
3.7100000e+02		3.7200000e+02		3.7150000e+02		8.7164560e+02		9.6737573e+02		2.8347098e+03		1.2681409e+03		7.1161797e+02		5.5652291e+02
3.7200000e+02		3.7300000e+02		3.7250000e+02		7.2411383e+02		8.0298321e+02		2.3511014e+03		1.0506468e+03		5.8597834e+02		4.6466846e+02
3.7300000e+02		3.7400000e+02		3.7350000e+02		6.3155746e+02		6.9977620e+02		2.0472839e+03		9.1388567e+02		5.0658845e+02		4.0729722e+02
3.7400000e+02		3.7500000e+02		3.7450000e+02		6.4642322e+02		7.1566905e+02		2.0921252e+03		9.3289300e+02		5.1395739e+02		4.1893561e+02
3.7500000e+02		3.7600000e+02		3.7550000e+02		7.4036161e+02		8.1901243e+02		2.3923514e+03		1.0656179e+03		5.8347470e+02		4.8214315e+02
3.7600000e+02		3.7700000e+02		3.7650000e+02		7.6758018e+02		8.4844558e+02		2.4763956e+03		1.1018714e+03		5.9961185e+02		5.0225952e+02
3.7700000e+02		3.7800000e+02		3.7750000e+02		9.0048278e+02		9.9456148e+02		2.9006258e+03		1.2892554e+03		6.9725341e+02		5.9200203e+02
3.7800000e+02		3.7900000e+02		3.7850000e+02		9.3786543e+02		1.0350351e+03		3.0163497e+03		1.3392677e+03		7.1982205e+02		6.1944563e+02
3.7900000e+02		3.8000000e+02		3.7950000e+02		7.6051322e+02		8.3865239e+02		2.4421797e+03		1.0831880e+03		5.7857745e+02		5.0461054e+02
3.8000000e+02		3.8100000e+02		3.8050000e+02		8.2814537e+02		9.1252511e+02		2.6552900e+03		1.1764698e+03		6.2449975e+02		5.5197002e+02
3.8100000e+02		3.8200000e+02		3.8150000e+02		7.4366886e+02		8.1881017e+02		2.3808078e+03		1.0537506e+03		5.5587509e+02		4.9787554e+02
3.8200000e+02		3.8300000e+02		3.8250000e+02		5.3336093e+02		5.8680334e+02		1.7049440e+03		7.5382486e+02		3.9517715e+02		3.5864771e+02
3.8300000e+02		3.8400000e+02		3.8350000e+02		4.7073026e+02		5.1750387e+02		1.5024846e+03		6.6361979e+02		3.4571398e+02		3.1790582e+02
3.8400000e+02		3.8500000e+02		3.8450000e+02		6.2969557e+02		6.9174272e+02		2.0068843e+03		8.8548820e+02		4.5840671e+02		4.2708148e+02
3.8500000e+02		3.8600000e+02		3.8550000e+02		6.6694888e+02		7.3211844e+02		2.1224763e+03		9.3552755e+02		4.8127112e+02		4.5425643e+02
3.8600000e+02		3.8700000e+02		3.8650000e+02		6.6977732e+02		7.3467699e+02		2.1283553e+03		9.3715914e+02		4.7907790e+02		4.5808123e+02
3.8700000e+02		3.8800000e+02		3.8750000e+02		6.6902499e+02		7.3331050e+02		2.1228739e+03		9.3379404e+02		4.7434914e+02		4.5944490e+02
3.8800000e+02		3.8900000e+02		3.8850000e+02		6.7841027e+02		7.4305319e+02		2.1495482e+03		9.4456968e+02		4.7679312e+02		4.6777656e+02
3.8900000e+02		3.9000000e+02		3.8950000e+02		8.1451188e+02		8.9147506e+02		2.5770918e+03		1.1313027e+03		5.6743825e+02		5.6386444e+02
3.9000000e+02		3.9100000e+02		3.9050000e+02		8.5560997e+02		9.3578107e+02		2.7032781e+03		1.1855067e+03		5.9085724e+02		5.9464948e+02
3.9100000e+02		3.9200000e+02		3.9150000e+02		9.2006232e+02		1.0055523e+03		2.9028145e+03		1.2717425e+03		6.2981285e+02		6.4192967e+02
3.9200000e+02		3.9300000e+02		3.9250000e+02		7.0614281e+02		7.7120759e+02		2.2247767e+03		9.7372254e+02		4.7915550e+02		4.9456704e+02
3.9300000e+02		3.9400000e+02		3.9350000e+02		4.3291589e+02		4.7247189e+02		1.3620529e+03		5.9554407e+02		2.9119192e+02		3.0435215e+02
3.9400000e+02		3.9500000e+02		3.9450000e+02		7.1565803e+02		7.8050200e+02		2.2485224e+03		9.8217886e+02		4.7717257e+02		5.0500628e+02
3.9500000e+02		3.9600000e+02		3.9550000e+02		8.7888136e+02		9.5784908e+02		2.7575781e+03		1.2033637e+03		5.8089373e+02		6.2246993e+02
3.9600000e+02		3.9700000e+02		3.9650000e+02		6.0712893e+02		6.6122375e+02		1.9023439e+03		8.2934667e+02		3.9778309e+02		4.3156358e+02
3.9700000e+02		3.9800000e+02		3.9750000e+02		6.8053003e+02		7.4065818e+02		2.1294653e+03		9.2746587e+02		4.4199176e+02		4.8547412e+02
3.9800000e+02		3.9900000e+02		3.9850000e+02		1.0480559e+03		1.1398831e+03		3.2751220e+03		1.4250742e+03		6.7476947e+02		7.5030472e+02
3.9900000e+02		4.0000000e+02		3.9950000e+02		1.1577145e+03		1.2583022e+03		3.6130074e+03		1.5705935e+03		7.3888907e+02		8.3170438e+02
4.0000000e+02		4.0100000e+02		4.0050000e+02		1.1939713e+03		1.2968427e+03		3.7212615e+03		1.6161154e+03		7.5540736e+02		8.6070803e+02
4.0100000e+02		4.0200000e+02		4.0150000e+02		1.2509583e+03		1.3578396e+03		3.8937907e+03		1.6894461e+03		7.8458961e+02		9.0485653e+02
4.0200000e+02		4.0300000e+02		4.0250000e+02		1.2664199e+03		1.3737188e+03		3.9368193e+03		1.7065112e+03		7.8739518e+02		9.1911601e+02
4.0300000e+02		4.0400000e+02		4.0350000e+02		1.2115903e+03		1.3133869e+03		3.7615430e+03		1.6290107e+03		7.4677384e+02		8.8223683e+02
4.0400000e+02		4.0500000e+02		4.0450000e+02		1.1914959e+03		1.2907689e+03		3.6944498e+03		1.5984691e+03		7.2802652e+02		8.7044257e+02
4.0500000e+02		4.0600000e+02		4.0550000e+02		1.1904731e+03		1.2888335e+03		3.6866188e+03		1.5936084e+03		7.2110529e+02		8.7250314e+02
4.0600000e+02		4.0700000e+02		4.0650000e+02		1.1388815e+03		1.2321946e+03		3.5224355e+03		1.5212398e+03		6.8388844e+02		8.3735141e+02
4.0700000e+02		4.0800000e+02		4.0750000e+02		1.1575323e+03		1.2515830e+03		3.5756739e+03		1.5428232e+03		6.8908169e+02		8.5374146e+02
4.0800000e+02		4.0900000e+02		4.0850000e+02		1.2307397e+03		1.3299053e+03		3.7971317e+03		1.6368913e+03		7.2633669e+02		9.1055464e+02
4.0900000e+02		4.1000000e+02		4.0950000e+02		1.2243097e+03		1.3221356e+03		3.7726782e+03		1.6248836e+03		7.1630933e+02		9.0857425e+02
4.1000000e+02		4.1100000e+02		4.1050000e+02		1.1216634e+03		1.2105415e+03		3.4521876e+03		1.4855166e+03		6.5059816e+02		8.3491845e+02
4.1100000e+02		4.1200000e+02		4.1150000e+02		1.3003372e+03		1.4025156e+03		3.9972886e+03		1.7185478e+03		7.4774018e+02		9.7080763e+02
4.1200000e+02		4.1300000e+02		4.1250000e+02		1.2760342e+03		1.3754690e+03		3.9179041e+03		1.6829269e+03		7.2745315e+02		9.5547374e+02
4.1300000e+02		4.1400000e+02		4.1350000e+02		1.2308584e+03		1.3259756e+03		3.7747294e+03		1.6199997e+03		6.9566858e+02		9.2433117e+02
4.1400000e+02		4.1500000e+02		4.1450000e+02		1.2488872e+03		1.3445958e+03		3.8255283e+03		1.6403653e+03		6.9979804e+02		9.4056722e+02
4.1500000e+02		4.1600000e+02		4.1550000e+02		1.2477523e+03		1.3425800e+03		3.8176075e+03		1.6355461e+03		6.9316529e+02		9.4238079e+02
4.1600000e+02		4.1700000e+02		4.1650000e+02		1.2947363e+03		1.3923181e+03		3.9567908e+03		1.6937110e+03		7.1310324e+02		9.8060778e+02
4.1700000e+02		4.1800000e+02		4.1750000e+02		1.1781342e+03		1.2661916e+03		3.5963303e+03		1.5380939e+03		6.4332778e+02		8.9476608e+02
4.1800000e+02		4.1900000e+02		4.1850000e+02		1.2217101e+03		1.3122676e+03		3.7251189e+03		1.5918157e+03		6.6141798e+02		9.3039777e+02
4.1900000e+02		4.2000000e+02		4.1950000e+02		1.2338424e+03		1.3245417e+03		3.7578804e+03		1.6044542e+03		6.6228010e+02		9.4217409e+02
4.2000000e+02		4.2100000e+02		4.2050000e+02		1.2494927e+03		1.3405822e+03		3.8013018e+03		1.6216263e+03		6.6495745e+02		9.5666881e+02
4.2100000e+02		4.2200000e+02		4.2150000e+02		1.2299982e+03		1.3189248e+03		3.7378556e+03		1.5932257e+03		6.4900300e+02		9.4422274e+02
4.2200000e+02		4.2300000e+02		4.2250000e+02		1.1657134e+03		1.2492957e+03		3.5386147e+03		1.5070469e+03		6.0984592e+02		8.9720099e+02
4.2300000e+02		4.2400000e+02		4.2350000e+02		1.2419943e+03		1.3303104e+03		3.7660714e+03		1.6025923e+03		6.4422579e+02		9.5836650e+02
4.2400000e+02		4.2500000e+02		4.2450000e+02		1.2850442e+03		1.3756673e+03		3.8924087e+03		1.6549934e+03		6.6089253e+02		9.9410087e+02
4.2500000e+02		4.2600000e+02		4.2550000e+02		1.2367256e+03		1.3232220e+03		3.7420457e+03		1.5897636e+03		6.3064438e+02		9.5911925e+02
4.2600000e+02		4.2700000e+02		4.2650000e+02		1.2316584e+03		1.3170905e+03		3.7227623e+03		1.5802897e+03		6.2273609e+02		9.5755362e+02
4.2700000e+02		4.2800000e+02		4.2750000e+02		1.1420512e+03		1.2206155e+03		3.4482900e+03		1.4625996e+03		5.7254041e+02		8.9005915e+02
4.2800000e+02		4.2900000e+02		4.2850000e+02		1.1495483e+03		1.2279777e+03		3.4673085e+03		1.4694901e+03		5.7142447e+02		8.9806563e+02
4.2900000e+02		4.3000000e+02		4.2950000e+02		1.0698649e+03		1.1422577e+03		3.2236292e+03		1.3651302e+03		5.2732200e+02		8.3780824e+02
4.3000000e+02		4.3100000e+02		4.3050000e+02		8.6065012e+02		9.1840801e+02		2.5905828e+03		1.0961843e+03		4.2062322e+02		6.7556108e+02
4.3100000e+02		4.3200000e+02		4.3150000e+02		1.0641754e+03		1.1350057e+03		3.1999452e+03		1.3529695e+03		5.1570795e+02		8.3726156e+02
4.3200000e+02		4.3300000e+02		4.3250000e+02		1.1990384e+03		1.2781906e+03		3.6018419e+03		1.5217095e+03		5.7617193e+02		9.4553761e+02
4.3300000e+02		4.3400000e+02		4.3350000e+02		1.3017454e+03		1.3869736e+03		3.9064616e+03		1.6491288e+03		6.2026582e+02		1.0288630e+03
4.3400000e+02		4.3500000e+02		4.3450000e+02		1.1054356e+03		1.1772186e+03		3.3140619e+03		1.3979698e+03		5.2230298e+02		8.7566683e+02
4.3500000e+02		4.3600000e+02		4.3550000e+02		1.2347447e+03		1.3142689e+03		3.6980917e+03		1.5587743e+03		5.7850610e+02		9.8026824e+02
4.3600000e+02		4.3700000e+02		4.3650000e+02		1.3814970e+03		1.4697459e+03		4.1335902e+03		1.7410195e+03		6.4184024e+02		1.0991793e+03
4.3700000e+02		4.3800000e+02		4.3750000e+02		1.2223713e+03		1.2998181e+03		3.6539383e+03		1.5378370e+03		5.6315882e+02		9.7467816e+02
4.3800000e+02		4.3900000e+02		4.3850000e+02		1.1905029e+03		1.2653155e+03		3.5552710e+03		1.4951917e+03		5.4389305e+02		9.5129869e+02
4.3900000e+02		4.4000000e+02		4.3950000e+02		1.3250738e+03		1.4076646e+03		3.9533936e+03		1.6613898e+03		6.0032027e+02		1.0610696e+03
4.4000000e+02		4.4100000e+02		4.4050000e+02		1.2562739e+03		1.3339392e+03		3.7446015e+03		1.5724854e+03		5.6440621e+02		1.0080792e+03
4.4100000e+02		4.4200000e+02		4.4150000e+02		1.3817384e+03		1.4664657e+03		4.1147351e+03		1.7266511e+03		6.1560535e+02		1.1110458e+03
4.4200000e+02		4.4300000e+02		4.4250000e+02		1.4526378e+03		1.5409891e+03		4.3218696e+03		1.8122507e+03		6.4181178e+02		1.1704389e+03
4.4300000e+02		4.4400000e+02		4.4350000e+02		1.4050936e+03		1.4898598e+03		4.1765847e+03		1.7500642e+03		6.1565023e+02		1.1344140e+03
4.4400000e+02		4.4500000e+02		4.4450000e+02		1.4475318e+03		1.5341504e+03		4.2988202e+03		1.7999906e+03		6.2898466e+02		1.1710060e+03
4.4500000e+02		4.4600000e+02		4.4550000e+02		1.3420773e+03		1.4217354e+03		3.9820549e+03		1.6661673e+03		5.7833216e+02		1.0878352e+03
4.4600000e+02		4.4700000e+02		4.4650000e+02		1.3689269e+03		1.4495215e+03		4.0580919e+03		1.6967811e+03		5.8502264e+02		1.1117585e+03
4.4700000e+02		4.4800000e+02		4.4750000e+02		1.4837056e+03		1.5703519e+03		4.3944508e+03		1.8361293e+03		6.2883619e+02		1.2072931e+03
4.4800000e+02		4.4900000e+02		4.4850000e+02		1.4587166e+03		1.5432160e+03		4.3166453e+03		1.8023614e+03		6.1314453e+02		1.1892169e+03
4.4900000e+02		4.5000000e+02		4.4950000e+02		1.4737837e+03		1.5584676e+03		4.3574363e+03		1.8181325e+03		6.1437371e+02		1.2037588e+03
4.5000000e+02		4.5100000e+02		4.5050000e+02		1.5636828e+03		1.6528087e+03		4.6192458e+03		1.9260460e+03		6.4648624e+02		1.2795597e+03
4.5100000e+02		4.5200000e+02		4.5150000e+02		1.5589734e+03		1.6471161e+03		4.6013946e+03		1.9172919e+03		6.3924290e+02		1.2780490e+03
4.5200000e+02		4.5300000e+02		4.5250000e+02		1.4757889e+03		1.5585580e+03		4.3521773e+03		1.8122188e+03		6.0016806e+02		1.2120508e+03
4.5300000e+02		4.5400000e+02		4.5350000e+02		1.4141855e+03		1.4928629e+03		4.1669997e+03		1.7339434e+03		5.7040236e+02		1.1635410e+03
4.5400000e+02		4.5500000e+02		4.5450000e+02		1.5096596e+03		1.5929753e+03		4.4446138e+03		1.8482253e+03		6.0392796e+02		1.2442974e+03
4.5500000e+02		4.5600000e+02		4.5550000e+02		1.4952815e+03		1.5771429e+03		4.3986458e+03		1.8278956e+03		5.9328739e+02		1.2346082e+03
4.5600000e+02		4.5700000e+02		4.5650000e+02		1.5527317e+03		1.6370583e+03		4.5639050e+03		1.8953201e+03		6.1105394e+02		1.2842662e+03
4.5700000e+02		4.5800000e+02		4.5750000e+02		1.5677329e+03		1.6521940e+03		4.6042561e+03		1.9108256e+03		6.1192907e+02		1.2988965e+03
4.5800000e+02		4.5900000e+02		4.5850000e+02		1.4734199e+03		1.5521664e+03		4.3237861e+03		1.7932607e+03		5.7043526e+02		1.2228255e+03
4.5900000e+02		4.6000000e+02		4.5950000e+02		1.5222067e+03		1.6029122e+03		4.4633876e+03		1.8499650e+03		5.8453326e+02		1.2654317e+03
4.6000000e+02		4.6100000e+02		4.6050000e+02		1.5039223e+03		1.5830235e+03		4.4062859e+03		1.8251277e+03		5.7282467e+02		1.2523031e+03
4.6100000e+02		4.6200000e+02		4.6150000e+02		1.5386000e+03		1.6188817e+03		4.5043516e+03		1.8645608e+03		5.8128314e+02		1.2832777e+03
4.6200000e+02		4.6300000e+02		4.6250000e+02		1.5538294e+03		1.6342618e+03		4.5454001e+03		1.8803646e+03		5.8228552e+02		1.2980791e+03
4.6300000e+02		4.6400000e+02		4.6350000e+02		1.5018384e+03		1.5789628e+03		4.3899254e+03		1.8149085e+03		5.5825358e+02		1.2566550e+03
4.6400000e+02		4.6500000e+02		4.6450000e+02		1.5281564e+03		1.6060106e+03		4.4634409e+03		1.8441533e+03		5.6345179e+02		1.2807015e+03
4.6500000e+02		4.6600000e+02		4.6550000e+02		1.4760608e+03		1.5506658e+03		4.3080146e+03		1.7788363e+03		5.3985714e+02		1.2389791e+03
4.6600000e+02		4.6700000e+02		4.6650000e+02		1.4854121e+03		1.5598964e+03		4.3320519e+03		1.7876644e+03		5.3890502e+02		1.2487594e+03
4.6700000e+02		4.6800000e+02		4.6750000e+02		1.4997486e+03		1.5743581e+03		4.3706071e+03		1.8024764e+03		5.3973357e+02		1.2627428e+03
4.6800000e+02		4.6900000e+02		4.6850000e+02		1.4665907e+03		1.5389755e+03		4.2708236e+03		1.7602601e+03		5.2356501e+02		1.2366951e+03
4.6900000e+02		4.7000000e+02		4.6950000e+02		1.5086728e+03		1.5825483e+03		4.3901560e+03		1.8083583e+03		5.3427213e+02		1.2740861e+03
4.7000000e+02		4.7100000e+02		4.7050000e+02		1.4256243e+03		1.4948842e+03		4.1454810e+03		1.7065564e+03		5.0082195e+02		1.2057345e+03
4.7100000e+02		4.7200000e+02		4.7150000e+02		1.4904926e+03		1.5623352e+03		4.3309914e+03		1.7818706e+03		5.1942632e+02		1.2624442e+03
4.7200000e+02		4.7300000e+02		4.7250000e+02		1.5269264e+03		1.5999478e+03		4.4336967e+03		1.8230551e+03		5.2787750e+02		1.2951776e+03
4.7300000e+02		4.7400000e+02		4.7350000e+02		1.4995420e+03		1.5706920e+03		4.3511050e+03		1.7880523e+03		5.1428004e+02		1.2737723e+03
4.7400000e+02		4.7500000e+02		4.7450000e+02		1.5448084e+03		1.6175327e+03		4.4793115e+03		1.8396730e+03		5.2558954e+02		1.3140835e+03
4.7500000e+02		4.7600000e+02		4.7550000e+02		1.5413846e+03		1.6133807e+03		4.4662806e+03		1.8332679e+03		5.2025856e+02		1.3130093e+03
4.7600000e+02		4.7700000e+02		4.7650000e+02		1.4853490e+03		1.5541864e+03		4.3009506e+03		1.7643989e+03		4.9736811e+02		1.2670308e+03
4.7700000e+02		4.7800000e+02		4.7750000e+02		1.5508368e+03		1.6221490e+03		4.4875116e+03		1.8398911e+03		5.1518335e+02		1.3247078e+03
4.7800000e+02		4.7900000e+02		4.7850000e+02		1.5358791e+03		1.6059538e+03		4.4412235e+03		1.8198902e+03		5.0617901e+02		1.3137112e+03
4.7900000e+02		4.8000000e+02		4.7950000e+02		1.5403519e+03		1.6100844e+03		4.4511702e+03		1.8229493e+03		5.0364384e+02		1.3193055e+03
4.8000000e+02		4.8100000e+02		4.8050000e+02		1.5442750e+03		1.6136424e+03		4.4595400e+03		1.8253665e+03		5.0094470e+02		1.3244218e+03
4.8100000e+02		4.8200000e+02		4.8150000e+02		1.5475498e+03		1.6165254e+03		4.4660515e+03		1.8270278e+03		4.9805401e+02		1.3289738e+03
4.8200000e+02		4.8300000e+02		4.8250000e+02		1.5416562e+03		1.6098371e+03		4.4461363e+03		1.8178890e+03		4.9225610e+02		1.3256329e+03
4.8300000e+02		4.8400000e+02		4.8350000e+02		1.5183412e+03		1.5849718e+03		4.3760595e+03		1.7882685e+03		4.8100524e+02		1.3072633e+03
4.8400000e+02		4.8500000e+02		4.8450000e+02		1.4920771e+03		1.5570495e+03		4.2976014e+03		1.7552635e+03		4.6897929e+02		1.2862842e+03
4.8500000e+02		4.8600000e+02		4.8550000e+02		1.4021236e+03		1.4627082e+03		4.0359391e+03		1.6475143e+03		4.3725599e+02		1.2102583e+03
4.8600000e+02		4.8700000e+02		4.8650000e+02		1.2173217e+03		1.2695161e+03		3.5017851e+03		1.4287104e+03		3.7665784e+02		1.0520526e+03
4.8700000e+02		4.8800000e+02		4.8750000e+02		1.3927585e+03		1.4520157e+03		4.0039454e+03		1.6327312e+03		4.2757741e+02		1.2051538e+03
4.8800000e+02		4.8900000e+02		4.8850000e+02		1.4651201e+03		1.5269773e+03		4.2093602e+03		1.7156005e+03		4.4628732e+02		1.2693132e+03
4.8900000e+02		4.9000000e+02		4.8950000e+02		1.4372192e+03		1.4974331e+03		4.1266604e+03		1.6810245e+03		4.3438202e+02		1.2466425e+03
4.9000000e+02		4.9100000e+02		4.9050000e+02		1.5307557e+03		1.5943972e+03		4.3925506e+03		1.7884178e+03		4.5905775e+02		1.3293600e+03
4.9100000e+02		4.9200000e+02		4.9150000e+02		1.4425606e+03		1.5020766e+03		4.1369702e+03		1.6835002e+03		4.2925289e+02		1.2542473e+03
4.9200000e+02		4.9300000e+02		4.9250000e+02		1.3729411e+03		1.4291521e+03		3.9349566e+03		1.6004826e+03		4.0537214e+02		1.1951104e+03
4.9300000e+02		4.9400000e+02		4.9350000e+02		1.4509629e+03		1.5099152e+03		4.1561029e+03		1.6895816e+03		4.2509523e+02		1.2644863e+03
4.9400000e+02		4.9500000e+02		4.9450000e+02		1.4929449e+03		1.5531409e+03		4.2738368e+03		1.7365780e+03		4.3401700e+02		1.3025610e+03
4.9500000e+02		4.9600000e+02		4.9550000e+02		1.4663156e+03		1.5249881e+03		4.1951546e+03		1.7037641e+03		4.2298850e+02		1.2807756e+03
4.9600000e+02		4.9700000e+02		4.9650000e+02		1.4846220e+03		1.5435758e+03		4.2450710e+03		1.7231901e+03		4.2497194e+02		1.2982181e+03
4.9700000e+02		4.9800000e+02		4.9750000e+02		1.5123203e+03		1.5719184e+03		4.3217890e+03		1.7534771e+03		4.2957253e+02		1.3239046e+03
4.9800000e+02		4.9900000e+02		4.9850000e+02		1.3744029e+03		1.4281556e+03		3.9254250e+03		1.5918904e+03		3.8740055e+02		1.2044898e+03
4.9900000e+02		5.0000000e+02		4.9950000e+02		1.4721832e+03		1.5293246e+03		4.2023232e+03		1.7033638e+03		4.1178127e+02		1.2915825e+03
