Left Bin Edge (nm)	Right Bin Edge (nm)	Bin Center (nm)		Top of Atm Intensity (erg/s/nm/cm2)		Total Surface Flux (erg/s/nm/cm2)		Total Intensity at BOA (erg/s/nm/cm2)		Total Surface Intensity (erg/s/nm/cm2)		Total Surface Diffuse Intensity (erg/s/nm/cm2)		Total Surface Direct Intensity (erg/s/nm/cm2)
1.0000000e+02		1.0100000e+02		1.0050000e+02		4.4569042e-02		2.4525374e-199		0.0000000e+00		4.2479194e-199		4.2479194e-199		0.0000000e+00
1.0100000e+02		1.0200000e+02		1.0150000e+02		1.7387199e-01		2.8780738e-197		0.0000000e+00		4.9849701e-197		4.9849701e-197		0.0000000e+00
1.0200000e+02		1.0300000e+02		1.0250000e+02		9.2286085e-01		3.0760917e-195		0.0000000e+00		5.3279471e-195		5.3279471e-195		0.0000000e+00
1.0300000e+02		1.0400000e+02		1.0350000e+02		7.0094286e-01		3.0025219e-193		0.0000000e+00		5.2005205e-193		5.2005205e-193		0.0000000e+00
1.0400000e+02		1.0500000e+02		1.0450000e+02		1.4124828e-01		2.6834655e-191		0.0000000e+00		4.6478986e-191		4.6478986e-191		0.0000000e+00
1.0500000e+02		1.0600000e+02		1.0550000e+02		4.8389941e-02		2.2015022e-189		0.0000000e+00		3.8131136e-189		3.8131136e-189		0.0000000e+00
1.0600000e+02		1.0700000e+02		1.0650000e+02		4.5487167e-02		1.6618998e-187		0.0000000e+00		2.8784949e-187		2.8784949e-187		0.0000000e+00
1.0700000e+02		1.0800000e+02		1.0750000e+02		5.0757295e-02		1.1570799e-185		0.0000000e+00		2.0041212e-185		2.0041212e-185		0.0000000e+00
1.0800000e+02		1.0900000e+02		1.0850000e+02		7.1152114e-02		7.4462181e-184		0.0000000e+00		1.2897228e-183		1.2897228e-183		0.0000000e+00
1.0900000e+02		1.1000000e+02		1.0950000e+02		5.5817450e-02		5.6583932e-143		9.8891799e-135		7.8810360e-143		5.2588294e-143		2.6222066e-143
1.1000000e+02		1.1100000e+02		1.1050000e+02		5.4043772e-02		1.0620988e-150		4.8543192e-142		1.4260694e-150		8.6116350e-151		5.6490585e-151
1.1100000e+02		1.1200000e+02		1.1150000e+02		5.0797691e-02		1.9502093e-160		3.0277113e-151		2.5291055e-160		1.3696831e-160		1.1594224e-160
1.1200000e+02		1.1300000e+02		1.1250000e+02		5.1969037e-02		3.5742538e-161		6.0305833e-152		4.5664810e-161		2.3476347e-161		2.2188463e-161
1.1300000e+02		1.1400000e+02		1.1350000e+02		4.1221387e-02		5.6267819e-143		9.0872320e-135		7.3377369e-143		4.0481632e-143		3.2895738e-143
1.1400000e+02		1.1500000e+02		1.1450000e+02		3.1562600e-02		1.4849710e-119		1.1917409e-112		2.0213481e-119		1.2690818e-119		7.5226631e-120
1.1500000e+02		1.1600000e+02		1.1550000e+02		4.3552050e-02		2.4543617e-93		7.3612257e-88		3.6230257e-93		2.7650888e-93		8.5793690e-94
1.1600000e+02		1.1700000e+02		1.1650000e+02		1.0143732e-01		1.1274182e-104		1.4295094e-98		1.5542616e-104		1.0099222e-104		5.4433938e-105
1.1700000e+02		1.1800000e+02		1.1750000e+02		3.6108525e-01		2.9765869e-111		9.1445459e-105		3.9491863e-111		2.3011949e-111		1.6479914e-111
1.1800000e+02		1.1900000e+02		1.1850000e+02		1.2283927e-01		5.1990463e-120		4.5188406e-113		6.6632525e-120		3.4643492e-120		3.1989034e-120
1.1900000e+02		1.2000000e+02		1.1950000e+02		1.7115732e-01		6.1980870e-150		2.4863607e-141		7.4592097e-150		2.9838484e-150		4.4753614e-150
1.2000000e+02		1.2100000e+02		1.2050000e+02		9.3056497e-01		1.6429272e-164		0.0000000e+00		2.8456335e-164		2.8456335e-164		5.9059046e-213
1.2100000e+02		1.2200000e+02		1.2150000e+02		3.6941242e+01		4.5258077e-163		0.0000000e+00		7.8389288e-163		7.8389288e-163		1.8073926e-258
1.2200000e+02		1.2300000e+02		1.2250000e+02		2.4773856e-01		1.1769814e-161		3.1434556e-162		2.0385916e-161		2.0385916e-161		4.4140198e-248
1.2300000e+02		1.2400000e+02		1.2350000e+02		1.3344721e-01		2.8902295e-160		9.5557751e-159		5.0060243e-160		5.0060243e-160		1.1544469e-177
1.2400000e+02		1.2500000e+02		1.2450000e+02		1.0726631e-01		1.1270469e-108		2.1693411e-102		1.3872125e-108		6.1555833e-109		7.7165416e-109
1.2500000e+02		1.2600000e+02		1.2550000e+02		1.0471361e-01		3.1168081e-81		1.8301073e-76		4.0976596e-81		2.3207195e-81		1.7769401e-81
1.2600000e+02		1.2700000e+02		1.2650000e+02		1.4644878e-01		5.9060924e-71		9.6291193e-67		8.0016936e-71		4.9582456e-71		3.0434479e-71
1.2700000e+02		1.2800000e+02		1.2750000e+02		7.6659940e-02		1.2739602e-70		1.8986385e-66		1.7072173e-70		1.0250974e-70		6.8211989e-71
1.2800000e+02		1.2900000e+02		1.2850000e+02		6.1165494e-02		6.3705774e-77		2.0434677e-72		8.2155933e-77		4.3653544e-77		3.8502389e-77
1.2900000e+02		1.3000000e+02		1.2950000e+02		8.1594975e-02		1.2630888e-89		2.0374572e-84		1.5507729e-89		6.8066791e-90		8.7010498e-90
1.3000000e+02		1.3100000e+02		1.3050000e+02		6.7007791e-01		1.2086503e-129		3.6419195e-122		1.3783740e-129		4.0157047e-130		9.7680350e-130
1.3100000e+02		1.3200000e+02		1.3150000e+02		9.0731094e-02		1.0834706e-133		4.8909763e-126		1.2251515e-133		3.3522062e-134		8.8993084e-134
1.3200000e+02		1.3300000e+02		1.3250000e+02		7.0547730e-02		2.4976979e-133		1.0570915e-125		2.8116158e-133		7.4273762e-134		2.0688782e-133
1.3300000e+02		1.3400000e+02		1.3350000e+02		9.5357088e-01		5.9287650e-145		1.2882740e-136		6.5845928e-145		1.5517053e-145		5.0328875e-145
1.3400000e+02		1.3500000e+02		1.3450000e+02		6.5246966e-02		2.5114097e-146		2.3493460e-140		4.3498837e-146		4.3498762e-146		7.5289481e-152
1.3500000e+02		1.3600000e+02		1.3550000e+02		1.3692679e-01		8.5581134e-133		3.4728548e-125		9.5071628e-133		2.2454751e-133		7.2616877e-133
1.3600000e+02		1.3700000e+02		1.3650000e+02		8.9861989e-02		2.8980803e-107		4.3103694e-101		3.2895307e-107		9.2618165e-108		2.3633491e-107
1.3700000e+02		1.3800000e+02		1.3750000e+02		9.2282630e-02		6.0218440e-75		1.4353909e-70		7.1993458e-75		2.7859990e-75		4.4133467e-75
1.3800000e+02		1.3900000e+02		1.3850000e+02		9.4180145e-02		2.1585722e-62		1.0435437e-58		2.6619500e-62		1.1910048e-62		1.4709452e-62
1.3900000e+02		1.4000000e+02		1.3950000e+02		3.1801144e-01		1.3182840e-55		2.8799899e-52		1.6532208e-55		7.9246892e-56		8.6075184e-56
1.4000000e+02		1.4100000e+02		1.4050000e+02		2.7729440e-01		3.0421306e-53		4.8685248e-50		3.8232823e-53		1.8482246e-53		1.9750577e-53
1.4100000e+02		1.4200000e+02		1.4150000e+02		1.3359910e-01		2.0143406e-51		2.4483396e-48		2.5350758e-51		1.2320728e-51		1.3030030e-51
1.4200000e+02		1.4300000e+02		1.4250000e+02		1.4479671e-01		3.0095672e-49		2.7790649e-46		3.7949295e-49		1.8581873e-49		1.9367422e-49
1.4300000e+02		1.4400000e+02		1.4350000e+02		1.6064305e-01		4.6325003e-47		3.2504699e-44		5.8563496e-47		2.8956586e-47		2.9606910e-47
1.4400000e+02		1.4500000e+02		1.4450000e+02		1.5363637e-01		5.8327902e-45		3.1205451e-42		7.3966588e-45		3.7001529e-45		3.6965059e-45
1.4500000e+02		1.4600000e+02		1.4550000e+02		1.6382583e-01		7.7935131e-43		3.1897125e-40		9.9198398e-43		5.0309429e-43		4.8888968e-43
1.4600000e+02		1.4700000e+02		1.4650000e+02		1.9977093e-01		1.1367521e-40		3.5706831e-38		1.4532778e-40		7.4890772e-41		7.0437007e-41
1.4700000e+02		1.4800000e+02		1.4750000e+02		2.4643334e-01		1.6057326e-38		3.8833051e-36		2.0635244e-38		1.0831470e-38		9.8037741e-39
1.4800000e+02		1.4900000e+02		1.4850000e+02		2.4167300e-01		1.7311356e-36		3.2334176e-34		2.2382882e-36		1.1999359e-36		1.0383523e-36
1.4900000e+02		1.5000000e+02		1.4950000e+02		2.1832777e-01		1.6552936e-34		2.3953339e-32		2.1556078e-34		1.1837561e-34		9.7185164e-35
1.5000000e+02		1.5100000e+02		1.5050000e+02		2.4023073e-01		1.8615958e-32		2.0936811e-30		2.4447541e-32		1.3797674e-32		1.0649868e-32
1.5100000e+02		1.5200000e+02		1.5150000e+02		2.5258505e-01		1.9381178e-30		1.6996202e-28		2.5706228e-30		1.4965229e-30		1.0740999e-30
1.5200000e+02		1.5300000e+02		1.5250000e+02		3.2229547e-01		2.3809943e-28		1.6336480e-26		3.1953581e-28		1.9268055e-28		1.2685527e-28
1.5300000e+02		1.5400000e+02		1.5350000e+02		3.5701286e-01		2.4801176e-26		1.3362722e-24		3.3753556e-26		2.1181560e-26		1.2571997e-26
1.5400000e+02		1.5500000e+02		1.5450000e+02		9.5486931e-01		6.1282860e-24		2.6034726e-22		8.4822849e-24		5.5696213e-24		2.9126637e-24
1.5500000e+02		1.5600000e+02		1.5550000e+02		7.8587524e-01		9.1954668e-23		3.3469912e-21		1.2835546e-22		8.6125208e-23		4.2230256e-23
1.5600000e+02		1.5700000e+02		1.5650000e+02		4.6648084e-01		1.9382715e-22		6.5542490e-21		2.6987691e-22		1.7993566e-22		8.9941252e-23
1.5700000e+02		1.5800000e+02		1.5750000e+02		4.2309893e-01		6.0753675e-22		1.9117925e-20		8.4391729e-22		5.5928236e-22		2.8463493e-22
1.5800000e+02		1.5900000e+02		1.5850000e+02		3.9008072e-01		1.8861769e-21		5.5323701e-20		2.6142805e-21		1.7227117e-21		8.9156882e-22
1.5900000e+02		1.6000000e+02		1.5950000e+02		3.8042347e-01		6.0432295e-21		1.6547389e-19		8.3588817e-21		5.4788918e-21		2.8799898e-21
1.6000000e+02		1.6100000e+02		1.6050000e+02		4.1635449e-01		2.1223539e-20		5.4331620e-19		2.9300423e-20		1.9110112e-20		1.0190311e-20
1.6100000e+02		1.6200000e+02		1.6150000e+02		4.7164413e-01		7.5435636e-20		1.8080164e-18		1.0396286e-19		6.7496142e-20		3.6466720e-20
1.6200000e+02		1.6300000e+02		1.6250000e+02		5.2241459e-01		2.5662094e-19		5.7663434e-18		3.5310922e-19		2.2829372e-19		1.2481550e-19
1.6300000e+02		1.6400000e+02		1.6350000e+02		1.1072121e+00		1.6366623e-18		3.4523785e-17		2.2488593e-18		1.4484738e-18		8.0038553e-19
1.6400000e+02		1.6500000e+02		1.6450000e+02		1.1323318e+00		4.9396798e-18		9.7938948e-17		6.7789229e-18		4.3516959e-18		2.4272269e-18
1.6500000e+02		1.6600000e+02		1.6550000e+02		1.3255566e+00		1.6751532e-17		3.1256069e-16		2.2964088e-17		1.4699064e-17		8.2650236e-18
1.6600000e+02		1.6700000e+02		1.6650000e+02		6.2522883e-01		2.2486989e-17		3.9531287e-16		3.0798864e-17		1.9666109e-17		1.1132755e-17
1.6700000e+02		1.6800000e+02		1.6750000e+02		6.6723830e-01		6.7153343e-17		1.1135144e-15		9.1908973e-17		5.8572449e-17		3.3336524e-17
1.6800000e+02		1.6900000e+02		1.6850000e+02		7.1904320e-01		1.9926535e-16		3.1199716e-15		2.7257718e-16		1.7345765e-16		9.9119534e-17
1.6900000e+02		1.7000000e+02		1.6950000e+02		9.0554889e-01		6.8045186e-16		1.0070789e-14		9.3047742e-16		5.9156681e-16		3.3891061e-16
1.7000000e+02		1.7100000e+02		1.7050000e+02		1.0161854e+00		2.0403036e-15		2.8572653e-14		2.7895897e-15		1.7728300e-15		1.0167597e-15
1.7100000e+02		1.7200000e+02		1.7150000e+02		1.0130704e+00		5.3594725e-15		7.1088098e-14		7.3281534e-15		4.6579490e-15		2.6702043e-15
1.7200000e+02		1.7300000e+02		1.7250000e+02		1.0571150e+00		1.4143416e-14		1.7808151e-13		1.9338456e-14		1.2291596e-14		7.0468598e-15
1.7300000e+02		1.7400000e+02		1.7350000e+02		1.0479596e+00		3.4052353e-14		4.0789900e-13		4.6555481e-14		2.9582718e-14		1.6972763e-14
1.7400000e+02		1.7500000e+02		1.7450000e+02		1.2530722e+00		9.7686395e-14		1.1142061e-12		1.3356751e-13		8.4895635e-14		4.8671877e-14
1.7500000e+02		1.7600000e+02		1.7550000e+02		1.4954862e+00		2.7645718e-13		3.0051113e-12		3.7811879e-13		2.4053397e-13		1.3758483e-13
1.7600000e+02		1.7700000e+02		1.7650000e+02		1.6135596e+00		6.9950182e-13		7.2525300e-12		9.5723290e-13		6.0979830e-13		3.4743461e-13
1.7700000e+02		1.7800000e+02		1.7750000e+02		1.9010195e+00		1.9122782e-12		1.8926883e-11		2.6188319e-12		1.6717239e-12		9.4710798e-13
1.7800000e+02		1.7900000e+02		1.7850000e+02		2.0776624e+00		4.8009529e-12		4.5397911e-11		6.5813706e-12		4.2125136e-12		2.3688570e-12
1.7900000e+02		1.8000000e+02		1.7950000e+02		2.0198657e+00		1.0619641e-11		9.6016681e-11		1.4576106e-11		9.3610975e-12		5.2150090e-12
1.8000000e+02		1.8100000e+02		1.8050000e+02		2.4976225e+00		2.9608165e-11		2.5616569e-10		4.0700794e-11		2.6245443e-11		1.4455351e-11
1.8100000e+02		1.8200000e+02		1.8150000e+02		3.0410490e+00		8.0589881e-11		6.6773525e-10		1.1098283e-10		7.1910494e-11		3.9072338e-11
1.8200000e+02		1.8300000e+02		1.8250000e+02		2.8073836e+00		1.6497475e-10		1.3100749e-09		2.2767164e-10		1.4834245e-10		7.9329193e-11
1.8300000e+02		1.8400000e+02		1.8350000e+02		2.9562417e+00		3.8230655e-10		2.9119643e-09		5.2888437e-10		3.4680684e-10		1.8207752e-10
1.8400000e+02		1.8500000e+02		1.8450000e+02		2.5409769e+00		7.1802461e-10		5.2499098e-09		9.9608694e-10		6.5790253e-10		3.3818441e-10
1.8500000e+02		1.8600000e+02		1.8550000e+02		2.8735562e+00		1.8794400e-09		1.3167759e-08		2.6182142e-09		1.7479586e-09		8.7025560e-10
1.8600000e+02		1.8700000e+02		1.8650000e+02		3.2604304e+00		4.6897805e-09		3.1569504e-08		6.5589475e-09		4.4224965e-09		2.1364510e-09
1.8700000e+02		1.8800000e+02		1.8750000e+02		3.6946466e+00		1.0991628e-08		7.1303072e-08		1.5425043e-08		1.0489573e-08		4.9354703e-09
1.8800000e+02		1.8900000e+02		1.8850000e+02		3.8870616e+00		2.5154302e-08		1.5704710e-07		3.5471479e-08		2.4410703e-08		1.1060776e-08
1.8900000e+02		1.9000000e+02		1.8950000e+02		4.3106081e+00		6.0927085e-08		3.6631743e-07		8.6394219e-08		6.0255886e-08		2.6138333e-08
1.9000000e+02		1.9100000e+02		1.9050000e+02		4.4384288e+00		1.4276653e-07		8.2610054e-07		2.0387192e-07		1.4457691e-07		5.9295014e-08
1.9100000e+02		1.9200000e+02		1.9150000e+02		4.8094361e+00		3.1921678e-07		1.7853182e-06		4.5848258e-07		3.2950642e-07		1.2897615e-07
1.9200000e+02		1.9300000e+02		1.9250000e+02		5.0365493e+00		6.9099921e-07		3.7381650e-06		9.9888635e-07		7.2846879e-07		2.7041756e-07
1.9300000e+02		1.9400000e+02		1.9350000e+02		3.8447944e+00		1.1374462e-06		5.9492338e-06		1.6575980e-06		1.2306924e-06		4.2690561e-07
1.9400000e+02		1.9500000e+02		1.9450000e+02		6.1679797e+00		3.4595539e-06		1.7580644e-05		5.0709435e-06		3.8125887e-06		1.2583548e-06
1.9500000e+02		1.9600000e+02		1.9550000e+02		5.9528271e+00		6.2910225e-06		3.1090567e-05		9.2786540e-06		7.0688121e-06		2.2098419e-06
1.9600000e+02		1.9700000e+02		1.9650000e+02		6.5508102e+00		1.2493487e-05		6.0166138e-05		1.8531603e-05		1.4286336e-05		4.2452670e-06
1.9700000e+02		1.9800000e+02		1.9750000e+02		6.5190955e+00		1.9772234e-05		9.3177202e-05		2.9414771e-05		2.2814487e-05		6.6002841e-06
1.9800000e+02		1.9900000e+02		1.9850000e+02		6.3883794e+00		3.1168436e-05		1.4376262e-04		4.6535626e-05		3.6359160e-05		1.0176465e-05
1.9900000e+02		2.0000000e+02		1.9950000e+02		6.7274707e+00		4.7106747e-05		2.1341616e-04		7.0399382e-05		5.5110966e-05		1.5288416e-05
2.0000000e+02		2.0100000e+02		2.0050000e+02		7.1125146e+00		6.1926635e-05		2.7669807e-04		9.2307447e-05		7.1881772e-05		2.0425675e-05
2.0100000e+02		2.0200000e+02		2.0150000e+02		7.5701275e+00		7.2861398e-05		3.2211578e-04		1.0800238e-04		8.3144451e-05		2.4857927e-05
2.0200000e+02		2.0300000e+02		2.0250000e+02		7.4828608e+00		7.0622559e-05		3.0990807e-04		1.0377813e-04		7.8446925e-05		2.5331205e-05
2.0300000e+02		2.0400000e+02		2.0350000e+02		8.0092047e+00		6.7714057e-05		2.9567588e-04		9.8415809e-05		7.2641125e-05		2.5774684e-05
2.0400000e+02		2.0500000e+02		2.0450000e+02		8.6207445e+00		5.7910500e-05		2.5247302e-04		8.2998936e-05		5.9359877e-05		2.3639059e-05
2.0500000e+02		2.0600000e+02		2.0550000e+02		8.6400754e+00		3.8685949e-05		1.6929645e-04		5.4452723e-05		3.7304589e-05		1.7148134e-05
2.0600000e+02		2.0700000e+02		2.0650000e+02		8.6510225e+00		2.2563706e-05		9.9616589e-05		3.1115656e-05		2.0234131e-05		1.0881525e-05
2.0700000e+02		2.0800000e+02		2.0750000e+02		9.3957826e+00		1.1907104e-05		5.3436930e-05		1.6044771e-05		9.7898245e-06		6.2549465e-06
2.0800000e+02		2.0900000e+02		2.0850000e+02		1.0163489e+01		5.6179899e-06		2.5793685e-05		7.3967546e-06		4.2086024e-06		3.1881522e-06
2.0900000e+02		2.1000000e+02		2.0950000e+02		1.3129215e+01		2.7324295e-06		1.2946458e-05		3.5148401e-06		1.8512034e-06		1.6636367e-06
2.1000000e+02		2.1100000e+02		2.1050000e+02		1.6183343e+01		1.0311586e-06		5.1030957e-06		1.2956741e-06		6.2585051e-07		6.6982359e-07
2.1100000e+02		2.1200000e+02		2.1150000e+02		1.8424170e+01		3.0245938e-07		1.5815742e-06		3.7165834e-07		1.6372651e-07		2.0793183e-07
2.1200000e+02		2.1300000e+02		2.1250000e+02		1.6428561e+01		5.6487946e-08		3.1634338e-07		6.7962333e-08		2.7148690e-08		4.0813643e-08
2.1300000e+02		2.1400000e+02		2.1350000e+02		1.6737981e+01		8.2061388e-08		4.5038040e-07		9.8665253e-08		3.9285167e-08		5.9380086e-08
2.1400000e+02		2.1500000e+02		2.1450000e+02		2.1432541e+01		2.5321077e-08		1.4831832e-07		2.9937053e-08		1.0921517e-08		1.9015536e-08
2.1500000e+02		2.1600000e+02		2.1550000e+02		1.8408135e+01		1.9984080e-09		1.3146353e-08		2.3134454e-09		7.4538645e-10		1.5680589e-09
2.1600000e+02		2.1700000e+02		2.1650000e+02		1.7036901e+01		1.2275384e-10		9.2612971e-10		1.3948215e-10		3.9579610e-11		9.9902537e-11
2.1700000e+02		2.1800000e+02		2.1750000e+02		1.7640866e+01		7.1092673e-12		6.2285706e-11		7.9528484e-12		1.9959344e-12		5.9569140e-12
2.1800000e+02		2.1900000e+02		2.1850000e+02		2.3730294e+01		3.3649399e-13		3.5188127e-12		3.7114542e-13		8.1986153e-14		2.8915927e-13
2.1900000e+02		2.2000000e+02		2.1950000e+02		2.5052511e+01		9.9333992e-15		1.2582979e-13		1.0826628e-14		2.1134012e-15		8.7132264e-15
2.2000000e+02		2.2100000e+02		2.2050000e+02		2.5203754e+01		2.2580718e-16		3.5118204e-15		2.4364715e-16		4.2209835e-17		2.0143732e-16
2.2100000e+02		2.2200000e+02		2.2150000e+02		2.0176768e+01		3.2392041e-18		6.2733407e-17		3.4652055e-18		5.3472497e-19		2.9304805e-18
2.2200000e+02		2.2300000e+02		2.2250000e+02		2.7154039e+01		5.3731032e-20		1.3244179e-18		5.7047080e-20		7.8458540e-21		4.9201226e-20
2.2300000e+02		2.2400000e+02		2.2350000e+02		3.5163062e+01		7.4670753e-22		2.3629471e-20		7.8775011e-22		9.7107796e-23		6.9064232e-22
2.2400000e+02		2.2500000e+02		2.2450000e+02		3.2875934e+01		4.2306591e-24		1.7755687e-22		4.4373587e-24		4.8905640e-25		3.9483023e-24
2.2500000e+02		2.2600000e+02		2.2550000e+02		2.8720078e+01		2.9215749e-26		1.6035012e-24		3.0501397e-26		3.0418770e-27		2.7459520e-26
2.2600000e+02		2.2700000e+02		2.2650000e+02		2.1037217e+01		5.9705747e-29		4.5437234e-27		6.2050575e-29		5.5479209e-30		5.6502654e-29
2.2700000e+02		2.2800000e+02		2.2750000e+02		2.0463841e+01		2.1284981e-31		2.2133120e-29		2.2039975e-31		1.7863355e-32		2.0253640e-31
2.2800000e+02		2.2900000e+02		2.2850000e+02		2.8509984e+01		6.6006821e-34		9.6470584e-32		6.8121234e-34		5.0027545e-35		6.3118480e-34
2.2900000e+02		2.3000000e+02		2.2950000e+02		2.5620938e+01		1.5136125e-36		3.0867220e-34		1.5577500e-36		1.0443046e-37		1.4533196e-36
2.3000000e+02		2.3100000e+02		2.3050000e+02		2.9055844e+01		1.9378371e-39		5.7729949e-37		1.9890831e-39		1.2124920e-40		1.8678339e-39
2.3100000e+02		2.3200000e+02		2.3150000e+02		2.7387429e+01		3.1613446e-42		1.3436657e-39		3.2379354e-42		1.8121574e-43		3.0567197e-42
2.3200000e+02		2.3300000e+02		2.3250000e+02		2.9413108e+01		3.2132636e-45		2.0158634e-42		3.2844865e-45		1.6851540e-46		3.1159711e-45
2.3300000e+02		2.3400000e+02		2.3350000e+02		2.6543685e+01		2.8746425e-48		2.6555080e-45		2.9332318e-48		1.3862378e-49		2.7946081e-48
2.3400000e+02		2.3500000e+02		2.3450000e+02		2.3194371e+01		2.2486579e-51		3.0766880e-48		2.2909337e-51		1.0002551e-52		2.1909082e-51
2.3500000e+02		2.3600000e+02		2.3550000e+02		3.1223226e+01		2.5324032e-54		5.1522003e-51		2.5764580e-54		1.0423490e-55		2.4722231e-54
2.3600000e+02		2.3700000e+02		2.3650000e+02		2.8911473e+01		2.2607528e-57		6.7859038e-54		2.2973056e-57		8.6484992e-59		2.2108206e-57
2.3700000e+02		2.3800000e+02		2.3750000e+02		3.0878004e+01		1.1783367e-60		5.4216485e-57		1.1960085e-60		4.1811807e-62		1.1541967e-60
2.3800000e+02		2.3900000e+02		2.3850000e+02		2.5598090e+01		1.2888296e-63		8.5978507e-60		1.3069359e-63		4.2840082e-65		1.2640959e-63
2.3900000e+02		2.4000000e+02		2.3950000e+02		2.7890834e+01		7.8666782e-67		7.9836706e-63		7.9698523e-67		2.4411251e-68		7.7257398e-67
2.4000000e+02		2.4100000e+02		2.4050000e+02		2.5623038e+01		8.5113971e-70		1.2605570e-65		8.6163521e-70		2.4832623e-71		8.3680259e-70
2.4100000e+02		2.4200000e+02		2.4150000e+02		3.0005079e+01		1.9514120e-72		4.0992233e-68		1.9741651e-72		5.3834342e-74		1.9203308e-72
2.4200000e+02		2.4300000e+02		2.4250000e+02		4.1301739e+01		3.9822798e-75		1.2002053e-70		4.0659247e-75		1.9790588e-76		3.8680188e-75
2.4300000e+02		2.4400000e+02		2.4350000e+02		3.8791639e+01		1.3019926e-76		1.3514195e-72		2.2133207e-76		2.1562253e-76		5.7095330e-78
2.4400000e+02		2.4500000e+02		2.4450000e+02		3.6329084e+01		2.7836244e-76		2.2403482e-73		4.8210697e-76		4.8206473e-76		4.2238872e-80
2.4500000e+02		2.4600000e+02		2.4550000e+02		2.9476122e+01		6.1873427e-76		1.0754853e-74		1.0716792e-75		1.0716792e-75		1.8846272e-83
2.4600000e+02		2.4700000e+02		2.4650000e+02		2.8685918e+01		1.3655249e-75		5.1650948e-75		2.3651585e-75		2.3651585e-75		1.4239053e-84
2.4700000e+02		2.4800000e+02		2.4750000e+02		3.1678139e+01		2.9954657e-75		2.3188518e-75		5.1882987e-75		5.1882987e-75		4.3616718e-87
2.4800000e+02		2.4900000e+02		2.4850000e+02		2.5406301e+01		6.5262597e-75		4.9132510e-75		1.1303813e-74		1.1303813e-74		2.3172141e-88
2.4900000e+02		2.5000000e+02		2.4950000e+02		3.0967514e+01		1.4133843e-74		1.0642350e-74		2.4480535e-74		2.4480535e-74		1.1040543e-90
2.5000000e+02		2.5100000e+02		2.5050000e+02		3.3448743e+01		3.0402173e-74		2.2990712e-74		5.2658108e-74		5.2658108e-74		4.5750621e-91
2.5100000e+02		2.5200000e+02		2.5150000e+02		2.7888154e+01		6.5005114e-74		4.9321651e-74		1.1259216e-73		1.1259216e-73		2.9663973e-92
2.5200000e+02		2.5300000e+02		2.5250000e+02		2.5069906e+01		1.3813970e-73		1.0519274e-73		2.3926498e-73		2.3926498e-73		3.2464654e-93
2.5300000e+02		2.5400000e+02		2.5350000e+02		3.1592540e+01		2.9174954e-73		2.2314904e-73		5.0532503e-73		5.0532503e-73		1.8312790e-93
2.5400000e+02		2.5500000e+02		2.5450000e+02		3.5730773e+01		6.1240469e-73		4.7092565e-73		1.0607160e-72		1.0607160e-72		4.8260715e-93
2.5500000e+02		2.5600000e+02		2.5550000e+02		4.8755658e+01		1.2785973e-72		9.8581237e-73		2.2145956e-72		2.2145956e-72		1.3729290e-94
2.5600000e+02		2.5700000e+02		2.5650000e+02		6.2803876e+01		2.6512189e-72		2.0609186e-72		4.5920459e-72		4.5920459e-72		6.3401369e-92
2.5700000e+02		2.5800000e+02		2.5750000e+02		7.8843355e+01		5.4689166e-72		4.2736370e-72		9.4724414e-72		9.4724414e-72		1.7790023e-91
2.5800000e+02		2.5900000e+02		2.5850000e+02		8.2991293e+01		1.1221163e-71		8.7993662e-72		1.9435624e-71		1.9435624e-71		2.0261798e-92
2.5900000e+02		2.6000000e+02		2.5950000e+02		7.0629481e+01		2.2869014e-71		1.8099124e-71		3.9610295e-71		3.9610295e-71		3.8393939e-89
2.6000000e+02		2.6100000e+02		2.6050000e+02		5.7868388e+01		4.6391620e-71		3.6884138e-71		8.0352642e-71		8.0352642e-71		2.6428013e-89
2.6100000e+02		2.6200000e+02		2.6150000e+02		5.9092703e+01		9.3525870e-71		7.4969845e-71		1.6199156e-70		1.6199156e-70		9.5016232e-87
2.6200000e+02		2.6300000e+02		2.6250000e+02		7.0528613e+01		1.8758786e-70		1.5136384e-70		3.2491170e-70		3.2491170e-70		2.7122199e-85
2.6300000e+02		2.6400000e+02		2.6350000e+02		1.0614195e+02		3.7399751e-70		3.0923504e-70		6.4778270e-70		6.4778270e-70		1.0279604e-81
2.6400000e+02		2.6500000e+02		2.6450000e+02		1.6548208e+02		7.4236661e-70		6.2774339e-70		1.2858167e-69		1.2858167e-69		5.1642054e-81
2.6500000e+02		2.6600000e+02		2.6550000e+02		1.7356948e+02		1.4644413e-69		6.9343608e-69		2.5364867e-69		2.5364866e-69		1.1851092e-77
2.6600000e+02		2.6700000e+02		2.6650000e+02		1.6826276e+02		2.8745044e-69		1.2953856e-67		4.9787847e-69		4.9787805e-69		4.2138918e-75
2.6700000e+02		2.6800000e+02		2.6750000e+02		1.6940220e+02		5.6165330e-69		3.9848085e-66		9.7248582e-69		9.7204018e-69		4.4563957e-72
2.6800000e+02		2.6900000e+02		2.6850000e+02		1.6778062e+02		3.0597939e-68		3.5493199e-64		3.8725038e-68		1.9228923e-68		1.9496115e-68
2.6900000e+02		2.7000000e+02		2.6950000e+02		1.5737310e+02		2.6604658e-66		2.7618029e-62		2.6962664e-66		8.4705176e-68		2.6115612e-66
2.7000000e+02		2.7100000e+02		2.7050000e+02		1.8181465e+02		6.6905418e-63		4.5234509e-59		6.7440450e-63		1.2658980e-64		6.6174552e-63
2.7100000e+02		2.7200000e+02		2.7150000e+02		1.5108640e+02		2.0032721e-59		8.5552416e-56		2.0199510e-59		3.9462642e-61		1.9804883e-59
2.7200000e+02		2.7300000e+02		2.7250000e+02		1.2154404e+02		6.4311671e-57		1.9627736e-53		6.4862181e-57		1.3025210e-58		6.3559660e-57
2.7300000e+02		2.7400000e+02		2.7350000e+02		1.2960124e+02		2.7274325e-53		5.2292065e-50		2.7519284e-53		5.7957888e-55		2.6939705e-53
2.7400000e+02		2.7500000e+02		2.7450000e+02		8.9183780e+01		2.5273524e-49		2.8429669e-46		2.5515272e-49		5.7198122e-51		2.4943291e-49
2.7500000e+02		2.7600000e+02		2.7550000e+02		1.1893609e+02		9.5587052e-47		7.8333556e-44		9.6533073e-47		2.2383085e-48		9.4294764e-47
2.7600000e+02		2.7700000e+02		2.7650000e+02		1.6564211e+02		2.0887438e-43		1.1330363e-40		2.1105483e-43		5.1589826e-45		2.0589584e-43
2.7700000e+02		2.7800000e+02		2.7750000e+02		1.5837296e+02		2.9461749e-40		1.0615817e-37		2.9787628e-40		7.7103751e-42		2.9016590e-40
2.7800000e+02		2.7900000e+02		2.7850000e+02		1.0921797e+02		2.0656575e-37		5.0487130e-35		2.0899088e-37		5.7379054e-39		2.0325297e-37
2.7900000e+02		2.8000000e+02		2.7950000e+02		6.1368404e+01		7.2807648e-35		1.2402547e-32		7.3715168e-35		2.1472170e-36		7.1567951e-35
2.8000000e+02		2.8100000e+02		2.8050000e+02		6.7313201e+01		1.2522604e-31		1.4125246e-29		1.2691409e-31		3.9939613e-33		1.2292013e-31
2.8100000e+02		2.8200000e+02		2.8150000e+02		1.3943196e+02		1.4208202e-28		1.1257566e-26		1.4414150e-28		4.8727946e-30		1.3926871e-28
2.8200000e+02		2.8300000e+02		2.8250000e+02		1.8983287e+02		6.4135157e-26		3.6717078e-24		6.5135324e-26		2.3664206e-27		6.2768903e-26
2.8300000e+02		2.8400000e+02		2.8350000e+02		1.9610227e+02		6.5835783e-24		2.9136227e-22		6.6926822e-24		2.5814243e-25		6.4345397e-24
2.8400000e+02		2.8500000e+02		2.8450000e+02		1.4459284e+02		2.3915586e-21		7.4824790e-20		2.4352543e-21		1.0338523e-22		2.3318691e-21
2.8500000e+02		2.8600000e+02		2.8550000e+02		9.2944992e+01		2.2953452e-19		5.4286036e-18		2.3410576e-19		1.0815682e-20		2.2329008e-19
2.8600000e+02		2.8700000e+02		2.8650000e+02		1.9045522e+02		3.0698652e-17		5.7490688e-16		3.1359685e-17		1.5640201e-18		2.9795664e-17
2.8700000e+02		2.8800000e+02		2.8750000e+02		2.2108403e+02		5.8755197e-15		8.2767347e-14		6.0170507e-15		3.3486601e-16		5.6821847e-15
2.8800000e+02		2.8900000e+02		2.8850000e+02		2.1010240e+02		5.9318536e-13		6.4445454e-12		6.0925273e-13		3.8015809e-14		5.7123692e-13
2.8900000e+02		2.9000000e+02		2.8950000e+02		3.1885068e+02		2.2878601e-11		2.0765663e-10		2.3555433e-11		1.6014016e-12		2.1954032e-11
2.9000000e+02		2.9100000e+02		2.9050000e+02		4.1860542e+02		6.1402150e-10		4.7147450e-09		6.3393516e-10		4.7116224e-11		5.8681893e-10
2.9100000e+02		2.9200000e+02		2.9150000e+02		4.0318642e+02		1.2826208e-08		8.3104461e-08		1.3289268e-08		1.0956122e-09		1.2193656e-08
2.9200000e+02		2.9300000e+02		2.9250000e+02		3.5818014e+02		1.7079869e-07		9.5397472e-07		1.7765755e-07		1.6228240e-08		1.6142931e-07
2.9300000e+02		2.9400000e+02		2.9350000e+02		3.7393440e+02		1.9267991e-06		9.4575534e-06		2.0127763e-06		2.0342423e-07		1.8093521e-06
2.9400000e+02		2.9500000e+02		2.9450000e+02		3.4819581e+02		1.4751923e-05		6.4698759e-05		1.5483128e-05		1.7300502e-06		1.3753078e-05
2.9500000e+02		2.9600000e+02		2.9550000e+02		3.7701055e+02		1.2030451e-04		4.7495647e-04		1.2699621e-04		1.5832746e-05		1.1116347e-04
2.9600000e+02		2.9700000e+02		2.9650000e+02		3.4493460e+02		6.6033806e-04		2.3834001e-03		7.0160595e-04		9.7640857e-05		6.0396509e-04
2.9700000e+02		2.9800000e+02		2.9750000e+02		3.5165811e+02		3.1655746e-03		1.0620143e-02		3.3872971e-03		5.2460088e-04		2.8626962e-03
2.9800000e+02		2.9900000e+02		2.9850000e+02		3.0223333e+02		1.0111778e-02		3.2033548e-02		1.0901214e-02		1.8678262e-03		9.0333883e-03
2.9900000e+02		3.0000000e+02		2.9950000e+02		3.4101318e+02		3.8449421e-02		1.1613666e-01		4.1812686e-02		7.9575709e-03		3.3855115e-02
3.0000000e+02		3.0100000e+02		3.0050000e+02		2.7131061e+02		8.4477126e-02		2.4646485e-01		9.2689110e-02		1.9429762e-02		7.3259348e-02
3.0100000e+02		3.0200000e+02		3.0150000e+02		3.1202593e+02		2.5809407e-01		7.3247286e-01		2.8622087e-01		6.6548725e-02		2.1967214e-01
3.0200000e+02		3.0300000e+02		3.0250000e+02		3.2846528e+02		5.6300374e-01		1.5716887e+00		6.3022584e-01		1.5904920e-01		4.7117664e-01
3.0300000e+02		3.0400000e+02		3.0350000e+02		4.2601061e+02		1.6396555e+00		4.5179249e+00		1.8591535e+00		5.1933787e-01		1.3398157e+00
3.0400000e+02		3.0500000e+02		3.0450000e+02		4.0776836e+02		2.5865086e+00		7.0875462e+00		2.9584631e+00		8.8005371e-01		2.0784094e+00
3.0500000e+02		3.0600000e+02		3.0550000e+02		4.1174793e+02		5.2218375e+00		1.4265543e+01		6.0636852e+00		1.9918329e+00		4.0718522e+00
3.0600000e+02		3.0700000e+02		3.0650000e+02		3.9053943e+02		7.0579551e+00		1.9277527e+01		8.2611796e+00		2.8468598e+00		5.4143198e+00
3.0700000e+02		3.0800000e+02		3.0750000e+02		4.3847484e+02		1.3992666e+01		3.8351208e+01		1.6643329e+01		6.2715372e+00		1.0371792e+01
3.0800000e+02		3.0900000e+02		3.0850000e+02		4.3035211e+02		1.8382152e+01		5.0512740e+01		2.2046012e+01		8.6687862e+00		1.3377226e+01
3.0900000e+02		3.1000000e+02		3.0950000e+02		3.4901328e+02		2.2155376e+01		6.1231196e+01		2.6932440e+01		1.1302654e+01		1.5629786e+01
3.1000000e+02		3.1100000e+02		3.1050000e+02		4.3927411e+02		3.8020414e+01		1.0566836e+02		4.6747301e+01		2.0648038e+01		2.6099264e+01
3.1100000e+02		3.1200000e+02		3.1150000e+02		5.2246540e+02		5.5247452e+01		1.5413305e+02		6.8417838e+01		3.1161468e+01		3.7256371e+01
3.1200000e+02		3.1300000e+02		3.1250000e+02		4.6521908e+02		6.8826871e+01		1.9368790e+02		8.6540748e+01		4.1911484e+01		4.4629264e+01
3.1300000e+02		3.1400000e+02		3.1350000e+02		4.9544367e+02		8.4187271e+01		2.3768001e+02		1.0642312e+02		5.2610585e+01		5.3812536e+01
3.1400000e+02		3.1500000e+02		3.1450000e+02		4.6729179e+02		1.0499037e+02		2.9906034e+02		1.3468743e+02		7.0264005e+01		6.4423424e+01
3.1500000e+02		3.1600000e+02		3.1550000e+02		4.5343123e+02		1.1412723e+02		3.2611308e+02		1.4713412e+02		7.8095127e+01		6.9038988e+01
3.1600000e+02		3.1700000e+02		3.1650000e+02		4.4229406e+02		1.3959324e+02		4.0222664e+02		1.8241523e+02		1.0131792e+02		8.1097311e+01
3.1700000e+02		3.1800000e+02		3.1750000e+02		5.6102832e+02		1.8784592e+02		5.4197836e+02		2.4591537e+02		1.3739380e+02		1.0852157e+02
3.1800000e+02		3.1900000e+02		3.1850000e+02		4.6340678e+02		1.9243339e+02		5.6022065e+02		2.5561674e+02		1.4949340e+02		1.0612334e+02
3.1900000e+02		3.2000000e+02		3.1950000e+02		4.9774832e+02		2.2446413e+02		6.5533369e+02		2.9946765e+02		1.7746024e+02		1.2200742e+02
3.2000000e+02		3.2100000e+02		3.2050000e+02		5.7184857e+02		2.7772928e+02		8.1291558e+02		3.7196886e+02		2.2297323e+02		1.4899563e+02
3.2100000e+02		3.2200000e+02		3.2150000e+02		4.8024660e+02		2.8973287e+02		8.5701296e+02		3.9487135e+02		2.4876032e+02		1.4611103e+02
3.2200000e+02		3.2300000e+02		3.2250000e+02		4.8228681e+02		2.6045903e+02		7.6476701e+02		3.5039796e+02		2.1279781e+02		1.3760015e+02
3.2300000e+02		3.2400000e+02		3.2350000e+02		4.6607071e+02		3.1924366e+02		9.4883413e+02		4.3832138e+02		2.8174090e+02		1.5658048e+02
3.2400000e+02		3.2500000e+02		3.2450000e+02		5.4882129e+02		3.8916756e+02		1.1576138e+03		5.3486947e+02		3.4473441e+02		1.9013506e+02
3.2500000e+02		3.2600000e+02		3.2550000e+02		6.3196128e+02		4.3783341e+02		1.2990797e+03		5.9887364e+02		3.8102527e+02		2.1784836e+02
3.2600000e+02		3.2700000e+02		3.2650000e+02		7.1301257e+02		5.9430270e+02		1.7807777e+03		8.2660706e+02		5.4963804e+02		2.7696903e+02
3.2700000e+02		3.2800000e+02		3.2750000e+02		6.8984049e+02		5.6249522e+02		1.6813577e+03		7.7870792e+02		5.1156476e+02		2.6714316e+02
3.2800000e+02		3.2900000e+02		3.2850000e+02		6.6596082e+02		5.3978526e+02		1.6110988e+03		7.4503617e+02		4.8562886e+02		2.5940730e+02
3.2900000e+02		3.3000000e+02		3.2950000e+02		7.7527139e+02		7.3562192e+02		2.2145210e+03		1.0303867e+03		6.9742089e+02		3.3296578e+02
3.3000000e+02		3.3100000e+02		3.3050000e+02		7.3029799e+02		6.6657822e+02		1.9997457e+03		9.2760673e+02		6.1760009e+02		3.1000664e+02
3.3100000e+02		3.3200000e+02		3.3150000e+02		6.9881652e+02		6.2885024e+02		1.8829072e+03		8.7175743e+02		5.7472458e+02		2.9703285e+02
3.3200000e+02		3.3300000e+02		3.3250000e+02		6.8562051e+02		6.9560759e+02		2.0963145e+03		9.7506288e+02		6.6119832e+02		3.1386456e+02
3.3300000e+02		3.3400000e+02		3.3350000e+02		6.5878216e+02		6.4216257e+02		1.9284207e+03		8.9413663e+02		5.9617703e+02		2.9795960e+02
3.3400000e+02		3.3500000e+02		3.3450000e+02		6.9405546e+02		6.9102798e+02		2.0758486e+03		9.6235695e+02		6.4197124e+02		3.2038571e+02
3.3500000e+02		3.3600000e+02		3.3550000e+02		6.8541663e+02		7.3108276e+02		2.2036449e+03		1.0239435e+03		6.9291588e+02		3.3102759e+02
3.3600000e+02		3.3700000e+02		3.3650000e+02		5.6469084e+02		5.9302023e+02		1.7839751e+03		8.2731841e+02		5.5435544e+02		2.7296297e+02
3.3700000e+02		3.3800000e+02		3.3750000e+02		5.9573781e+02		6.0687595e+02		1.8203113e+03		8.4187618e+02		5.5601652e+02		2.8585966e+02
3.3800000e+02		3.3900000e+02		3.3850000e+02		6.4448401e+02		6.9566628e+02		2.0924406e+03		9.6948319e+02		6.4785776e+02		3.2162543e+02
3.3900000e+02		3.4000000e+02		3.3950000e+02		6.7448220e+02		7.3136223e+02		2.1983706e+03		1.0176277e+03		6.7731134e+02		3.4031635e+02
3.4000000e+02		3.4100000e+02		3.4050000e+02		7.1196374e+02		7.6157350e+02		2.2849912e+03		1.0557538e+03		6.9603797e+02		3.5971580e+02
3.4100000e+02		3.4200000e+02		3.4150000e+02		6.4984945e+02		7.1932519e+02		2.1610605e+03		9.9914291e+02		6.6205583e+02		3.3708708e+02
3.4200000e+02		3.4300000e+02		3.4250000e+02		7.0477558e+02		7.8219201e+02		2.3481730e+03		1.0845653e+03		7.1542278e+02		3.6914248e+02
3.4300000e+02		3.4400000e+02		3.4350000e+02		6.9264465e+02		7.6150618e+02		2.2825494e+03		1.0525226e+03		6.8855216e+02		3.6397041e+02
3.4400000e+02		3.4500000e+02		3.4450000e+02		5.5710877e+02		6.0986447e+02		1.8258247e+03		8.4076541e+02		5.4631750e+02		2.9444791e+02
3.4500000e+02		3.4600000e+02		3.4550000e+02		6.7138909e+02		7.4556996e+02		2.2322159e+03		1.0275267e+03		6.6711670e+02		3.6040995e+02
3.4600000e+02		3.4700000e+02		3.4650000e+02		6.5194093e+02		7.2721762e+02		2.1759698e+03		1.0007449e+03		6.4717239e+02		3.5357247e+02
3.4700000e+02		3.4800000e+02		3.4750000e+02		6.4525828e+02		7.2038689e+02		2.1537385e+03		9.8944952e+02		6.3660901e+02		3.5284050e+02
3.4800000e+02		3.4900000e+02		3.4850000e+02		6.6761091e+02		7.4940790e+02		2.2393481e+03		1.0279285e+03		6.5898682e+02		3.6894169e+02
3.4900000e+02		3.5000000e+02		3.4950000e+02		6.3989005e+02		7.1696785e+02		2.1402666e+03		9.8124519e+02		6.2528691e+02		3.5595828e+02
3.5000000e+02		3.5100000e+02		3.5050000e+02		7.6650484e+02		8.5943925e+02		2.5634569e+03		1.1739948e+03		7.4424652e+02		4.2974832e+02
3.5100000e+02		3.5200000e+02		3.5150000e+02		7.1211510e+02		7.9559495e+02		2.3703938e+03		1.0841487e+03		6.8272548e+02		4.0142321e+02
3.5200000e+02		3.5300000e+02		3.5250000e+02		6.5785102e+02		7.3597469e+02		2.1910831e+03		1.0010969e+03		6.2728584e+02		3.7381104e+02
3.5300000e+02		3.5400000e+02		3.5350000e+02		7.5263834e+02		8.4380402e+02		2.5103279e+03		1.1458203e+03		7.1457823e+02		4.3124209e+02
3.5400000e+02		3.5500000e+02		3.5450000e+02		8.0329241e+02		9.0198869e+02		2.6814441e+03		1.2226760e+03		7.5875443e+02		4.6392162e+02
3.5500000e+02		3.5600000e+02		3.5550000e+02		7.5433512e+02		8.4653504e+02		2.5143773e+03		1.1451949e+03		7.0663688e+02		4.3855804e+02
3.5600000e+02		3.5700000e+02		3.5650000e+02		6.5576441e+02		7.3519319e+02		2.1816987e+03		9.9252429e+02		6.0885192e+02		3.8367237e+02
3.5700000e+02		3.5800000e+02		3.5750000e+02		5.7307986e+02		6.4162927e+02		1.9022896e+03		8.6439599e+02		5.2707172e+02		3.3732427e+02
3.5800000e+02		3.5900000e+02		3.5850000e+02		4.9194729e+02		5.5098769e+02		1.6322536e+03		7.4089537e+02		4.4932638e+02		2.9156899e+02
3.5900000e+02		3.6000000e+02		3.5950000e+02		7.1030971e+02		7.9494692e+02		2.3529113e+03		1.0667966e+03		6.4320314e+02		4.2359342e+02
3.6000000e+02		3.6100000e+02		3.6050000e+02		7.0092701e+02		7.8393842e+02		2.3183400e+03		1.0499397e+03		6.2936589e+02		4.2057386e+02
3.6100000e+02		3.6200000e+02		3.6150000e+02		6.5110481e+02		7.2819097e+02		2.1517385e+03		9.7342999e+02		5.8024175e+02		3.9318824e+02
3.6200000e+02		3.6300000e+02		3.6250000e+02		7.3500056e+02		8.2168641e+02		2.4259981e+03		1.0962913e+03		6.4972210e+02		4.4656918e+02
3.6300000e+02		3.6400000e+02		3.6350000e+02		7.1558904e+02		7.9946665e+02		2.3584128e+03		1.0645622e+03		6.2722283e+02		4.3733938e+02
3.6400000e+02		3.6500000e+02		3.6450000e+02		7.4837927e+02		8.3527132e+02		2.4619202e+03		1.1100278e+03		6.5008087e+02		4.5994695e+02
3.6500000e+02		3.6600000e+02		3.6550000e+02		8.5179486e+02		9.4954476e+02		2.7963041e+03		1.2593576e+03		7.3302502e+02		5.2633257e+02
3.6600000e+02		3.6700000e+02		3.6650000e+02		9.1042532e+02		1.0144765e+03		2.9851100e+03		1.3429233e+03		7.7711354e+02		5.6580974e+02
3.6700000e+02		3.6800000e+02		3.6750000e+02		8.7909512e+02		9.7895132e+02		2.8781818e+03		1.2933693e+03		7.4392102e+02		5.4944832e+02
3.6800000e+02		3.6900000e+02		3.6850000e+02		8.1047729e+02		9.0178047e+02		2.6491024e+03		1.1891084e+03		6.7982512e+02		5.0928325e+02
3.6900000e+02		3.7000000e+02		3.6950000e+02		8.9967825e+02		1.0001876e+03		2.9357565e+03		1.3163135e+03		7.4796178e+02		5.6835168e+02
3.7000000e+02		3.7100000e+02		3.7050000e+02		8.4427990e+02		9.3782218e+02		2.7504608e+03		1.2318774e+03		6.9574214e+02		5.3613527e+02
3.7100000e+02		3.7200000e+02		3.7150000e+02		8.7164560e+02		9.6741464e+02		2.8349356e+03		1.2683097e+03		7.1192539e+02		5.5638433e+02
3.7200000e+02		3.7300000e+02		3.7250000e+02		7.2411383e+02		8.0300528e+02		2.3512294e+03		1.0507424e+03		5.8615244e+02		4.6459001e+02
3.7300000e+02		3.7400000e+02		3.7350000e+02		6.3155746e+02		6.9980106e+02		2.0474279e+03		9.1399329e+02		5.0678426e+02		4.0720903e+02
3.7400000e+02		3.7500000e+02		3.7450000e+02		6.4642322e+02		7.1569828e+02		2.0922943e+03		9.3301943e+02		5.1418735e+02		4.1883208e+02
3.7500000e+02		3.7600000e+02		3.7550000e+02		7.4036161e+02		8.1903600e+02		2.3924875e+03		1.0657197e+03		5.8365985e+02		4.8205982e+02
3.7600000e+02		3.7700000e+02		3.7650000e+02		7.6758018e+02		8.4846442e+02		2.4765043e+03		1.1019527e+03		5.9975962e+02		5.0219305e+02
3.7700000e+02		3.7800000e+02		3.7750000e+02		9.0048278e+02		9.9458132e+02		2.9007402e+03		1.2893410e+03		6.9740885e+02		5.9193213e+02
3.7800000e+02		3.7900000e+02		3.7850000e+02		9.3786543e+02		1.0350545e+03		3.0164615e+03		1.3393514e+03		7.1997404e+02		6.1937731e+02
3.7900000e+02		3.8000000e+02		3.7950000e+02		7.6051322e+02		8.3867109e+02		2.4422873e+03		1.0832684e+03		5.7872357e+02		5.0454488e+02
3.8000000e+02		3.8100000e+02		3.8050000e+02		8.2814537e+02		9.1254282e+02		2.6553917e+03		1.1765458e+03		6.2463788e+02		5.5190797e+02
3.8100000e+02		3.8200000e+02		3.8150000e+02		7.4366886e+02		8.1882312e+02		2.3808821e+03		1.0538062e+03		5.5597597e+02		4.9783024e+02
3.8200000e+02		3.8300000e+02		3.8250000e+02		5.3336093e+02		5.8681249e+02		1.7049964e+03		7.5386408e+02		3.9524832e+02		3.5861577e+02
3.8300000e+02		3.8400000e+02		3.8350000e+02		4.7073026e+02		5.1751584e+02		1.5025531e+03		6.6367105e+02		3.4580696e+02		3.1786409e+02
3.8400000e+02		3.8500000e+02		3.8450000e+02		6.2969557e+02		6.9175540e+02		2.0069569e+03		8.8554249e+02		4.5850517e+02		4.2703732e+02
3.8500000e+02		3.8600000e+02		3.8550000e+02		6.6694888e+02		7.3213061e+02		2.1225459e+03		9.3557960e+02		4.8136548e+02		4.5421412e+02
3.8600000e+02		3.8700000e+02		3.8650000e+02		6.6977732e+02		7.3468830e+02		2.1284199e+03		9.3720746e+02		4.7916549e+02		4.5804197e+02
3.8700000e+02		3.8800000e+02		3.8750000e+02		6.6902499e+02		7.3332256e+02		2.1229427e+03		9.3384554e+02		4.7444246e+02		4.5940308e+02
3.8800000e+02		3.8900000e+02		3.8850000e+02		6.7841027e+02		7.4306820e+02		2.1496338e+03		9.4463371e+02		4.7690912e+02		4.6772459e+02
3.8900000e+02		3.9000000e+02		3.8950000e+02		8.1451188e+02		8.9149536e+02		2.5772075e+03		1.1313892e+03		5.6759500e+02		5.6379424e+02
3.9000000e+02		3.9100000e+02		3.9050000e+02		8.5560997e+02		9.3580121e+02		2.7033928e+03		1.1855925e+03		5.9101262e+02		5.9457992e+02
3.9100000e+02		3.9200000e+02		3.9150000e+02		9.2006232e+02		1.0055738e+03		2.9029366e+03		1.2718339e+03		6.2997828e+02		6.4185563e+02
3.9200000e+02		3.9300000e+02		3.9250000e+02		7.0614281e+02		7.7122381e+02		2.2248689e+03		9.7379152e+02		4.7928033e+02		4.9451118e+02
3.9300000e+02		3.9400000e+02		3.9350000e+02		4.3291589e+02		4.7248307e+02		1.3621164e+03		5.9559162e+02		2.9127795e+02		3.0431367e+02
3.9400000e+02		3.9500000e+02		3.9450000e+02		7.1565803e+02		7.8052671e+02		2.2486627e+03		9.8228380e+02		4.7736240e+02		5.0492140e+02
3.9500000e+02		3.9600000e+02		3.9550000e+02		8.7888136e+02		9.5788471e+02		2.7577801e+03		1.2035149e+03		5.8116717e+02		6.2234768e+02
3.9600000e+02		3.9700000e+02		3.9650000e+02		6.0712893e+02		6.6124850e+02		1.9024841e+03		8.2945160e+02		3.9797280e+02		4.3147879e+02
3.9700000e+02		3.9800000e+02		3.9750000e+02		6.8053003e+02		7.4068306e+02		2.1296062e+03		9.2757134e+02		4.4218240e+02		4.8538894e+02
3.9800000e+02		3.9900000e+02		3.9850000e+02		1.0480559e+03		1.1399231e+03		3.2753486e+03		1.4252438e+03		6.7507609e+02		7.5016776e+02
3.9900000e+02		4.0000000e+02		3.9950000e+02		1.1577145e+03		1.2583517e+03		3.6132875e+03		1.5708031e+03		7.3926781e+02		8.3153525e+02
4.0000000e+02		4.0100000e+02		4.0050000e+02		1.1939713e+03		1.2968984e+03		3.7215763e+03		1.6163510e+03		7.5583306e+02		8.6051798e+02
4.0100000e+02		4.0200000e+02		4.0150000e+02		1.2509583e+03		1.3579084e+03		3.8941791e+03		1.6897369e+03		7.8511480e+02		9.0462213e+02
4.0200000e+02		4.0300000e+02		4.0250000e+02		1.2664199e+03		1.3737970e+03		3.9372602e+03		1.7068412e+03		7.8799117e+02		9.1885006e+02
4.0300000e+02		4.0400000e+02		4.0350000e+02		1.2115903e+03		1.3134636e+03		3.7619753e+03		1.6293343e+03		7.4735815e+02		8.8197616e+02
4.0400000e+02		4.0500000e+02		4.0450000e+02		1.1914959e+03		1.2908445e+03		3.6948757e+03		1.5987880e+03		7.2860216e+02		8.7018583e+02
4.0500000e+02		4.0600000e+02		4.0550000e+02		1.1904731e+03		1.2889085e+03		3.6870411e+03		1.5939246e+03		7.2167589e+02		8.7224872e+02
4.0600000e+02		4.0700000e+02		4.0650000e+02		1.1388815e+03		1.2322331e+03		3.5227490e+03		1.5215087e+03		6.8443321e+02		8.3707544e+02
4.0700000e+02		4.0800000e+02		4.0750000e+02		1.1575323e+03		1.2514906e+03		3.5755876e+03		1.5429117e+03		6.8950977e+02		8.5340196e+02
4.0800000e+02		4.0900000e+02		4.0850000e+02		1.2307397e+03		1.3296684e+03		3.7966134e+03		1.6367914e+03		7.2666087e+02		9.1013053e+02
4.0900000e+02		4.1000000e+02		4.0950000e+02		1.2243097e+03		1.3218128e+03		3.7718949e+03		1.6246624e+03		7.1654983e+02		9.0811260e+02
4.1000000e+02		4.1100000e+02		4.1050000e+02		1.1216634e+03		1.2101954e+03		3.4513152e+03		1.4852437e+03		6.5077116e+02		8.3447251e+02
4.1100000e+02		4.1200000e+02		4.1150000e+02		1.3003372e+03		1.4021291e+03		3.9963213e+03		1.7182511e+03		7.4795269e+02		9.7029838e+02
4.1200000e+02		4.1300000e+02		4.1250000e+02		1.2760342e+03		1.3751555e+03		3.9171554e+03		1.6827260e+03		7.2771966e+02		9.5500635e+02
4.1300000e+02		4.1400000e+02		4.1350000e+02		1.2308584e+03		1.3256920e+03		3.7740640e+03		1.6198313e+03		6.9594089e+02		9.2389038e+02
4.1400000e+02		4.1500000e+02		4.1450000e+02		1.2488872e+03		1.3442537e+03		3.8246860e+03		1.6401186e+03		7.0002407e+02		9.4009457e+02
4.1500000e+02		4.1600000e+02		4.1550000e+02		1.2477523e+03		1.3421081e+03		3.8163685e+03		1.6351204e+03		6.9327457e+02		9.4184586e+02
4.1600000e+02		4.1700000e+02		4.1650000e+02		1.2947363e+03		1.3916581e+03		3.9549850e+03		1.6930353e+03		7.1306594e+02		9.7996933e+02
4.1700000e+02		4.1800000e+02		4.1750000e+02		1.1781342e+03		1.2654780e+03		3.5943426e+03		1.5373243e+03		6.4319518e+02		8.9412913e+02
4.1800000e+02		4.1900000e+02		4.1850000e+02		1.2217101e+03		1.3114894e+03		3.7229411e+03		1.5909657e+03		6.6124792e+02		9.2971774e+02
4.1900000e+02		4.2000000e+02		4.1950000e+02		1.2338424e+03		1.3237920e+03		3.7557914e+03		1.6036455e+03		6.6214058e+02		9.4150494e+02
4.2000000e+02		4.2100000e+02		4.2050000e+02		1.2494927e+03		1.3398091e+03		3.7991443e+03		1.6207888e+03		6.6480504e+02		9.5598376e+02
4.2100000e+02		4.2200000e+02		4.2150000e+02		1.2299982e+03		1.3180218e+03		3.7352998e+03		1.5922084e+03		6.4873259e+02		9.4347582e+02
4.2200000e+02		4.2300000e+02		4.2250000e+02		1.1657134e+03		1.2481944e+03		3.5354468e+03		1.5057499e+03		6.0938300e+02		8.9636691e+02
4.2300000e+02		4.2400000e+02		4.2350000e+02		1.2419943e+03		1.3288375e+03		3.7617872e+03		1.6008055e+03		6.4348320e+02		9.5732230e+02
4.2400000e+02		4.2500000e+02		4.2450000e+02		1.2850442e+03		1.3738222e+03		3.8870028e+03		1.6527119e+03		6.5986003e+02		9.9285187e+02
4.2500000e+02		4.2600000e+02		4.2550000e+02		1.2367256e+03		1.3212609e+03		3.7362828e+03		1.5873200e+03		6.2950258e+02		9.5781741e+02
4.2600000e+02		4.2700000e+02		4.2650000e+02		1.2316584e+03		1.3151158e+03		3.7169595e+03		1.5778298e+03		6.2158797e+02		9.5624179e+02
4.2700000e+02		4.2800000e+02		4.2750000e+02		1.1420512e+03		1.2188742e+03		3.4431835e+03		1.4604423e+03		5.7155604e+02		8.8888622e+02
4.2800000e+02		4.2900000e+02		4.2850000e+02		1.1495483e+03		1.2263545e+03		3.4625625e+03		1.4674954e+03		5.7054539e+02		8.9694998e+02
4.2900000e+02		4.3000000e+02		4.2950000e+02		1.0698649e+03		1.1408014e+03		3.2193783e+03		1.3633489e+03		5.2655295e+02		8.3679595e+02
4.3000000e+02		4.3100000e+02		4.3050000e+02		8.6065012e+02		9.1717118e+02		2.5869668e+03		1.0946653e+03		4.1995566e+02		6.7470967e+02
4.3100000e+02		4.3200000e+02		4.3150000e+02		1.0641754e+03		1.1332517e+03		3.1947964e+03		1.3507927e+03		5.1470754e+02		8.3608514e+02
4.3200000e+02		4.3300000e+02		4.3250000e+02		1.1990384e+03		1.2759198e+03		3.5951533e+03		1.5188662e+03		5.7481720e+02		9.4404898e+02
4.3300000e+02		4.3400000e+02		4.3350000e+02		1.3017454e+03		1.3843470e+03		3.8987158e+03		1.6458304e+03		6.1867647e+02		1.0271540e+03
4.3400000e+02		4.3500000e+02		4.3450000e+02		1.1054356e+03		1.1749769e+03		3.3074534e+03		1.3951575e+03		5.2095288e+02		8.7420465e+02
4.3500000e+02		4.3600000e+02		4.3550000e+02		1.2347447e+03		1.3118038e+03		3.6908301e+03		1.5556886e+03		5.7703768e+02		9.7865093e+02
4.3600000e+02		4.3700000e+02		4.3650000e+02		1.3814970e+03		1.4669683e+03		4.1254100e+03		1.7375454e+03		6.4019227e+02		1.0973531e+03
4.3700000e+02		4.3800000e+02		4.3750000e+02		1.2223713e+03		1.2971418e+03		3.6460448e+03		1.5344770e+03		5.6154110e+02		9.7293587e+02
4.3800000e+02		4.3900000e+02		4.3850000e+02		1.1905029e+03		1.2622863e+03		3.5463140e+03		1.4913639e+03		5.4200340e+02		9.4936051e+02
4.3900000e+02		4.4000000e+02		4.3950000e+02		1.3250738e+03		1.4036189e+03		3.9414001e+03		1.6562438e+03		5.9771693e+02		1.0585269e+03
4.4000000e+02		4.4100000e+02		4.4050000e+02		1.2562739e+03		1.3294441e+03		3.7312529e+03		1.5667429e+03		5.6145484e+02		1.0052880e+03
4.4100000e+02		4.4200000e+02		4.4150000e+02		1.3817384e+03		1.4608282e+03		4.0979763e+03		1.7194302e+03		6.1185876e+02		1.1075714e+03
4.4200000e+02		4.4300000e+02		4.4250000e+02		1.4526378e+03		1.5345324e+03		4.3026673e+03		1.8039725e+03		6.3750224e+02		1.1664703e+03
4.4300000e+02		4.4400000e+02		4.4350000e+02		1.4050936e+03		1.4834895e+03		4.1576446e+03		1.7419040e+03		6.1141529e+02		1.1304887e+03
4.4400000e+02		4.4500000e+02		4.4450000e+02		1.4475318e+03		1.5278797e+03		4.2801938e+03		1.7919785e+03		6.2486435e+02		1.1671141e+03
4.4500000e+02		4.4600000e+02		4.4550000e+02		1.3420773e+03		1.4163394e+03		3.9660465e+03		1.6592962e+03		5.7484190e+02		1.0844543e+03
4.4600000e+02		4.4700000e+02		4.4650000e+02		1.3689269e+03		1.4443576e+03		4.0427901e+03		1.6902266e+03		5.8173238e+02		1.1084942e+03
4.4700000e+02		4.4800000e+02		4.4750000e+02		1.4837056e+03		1.5647044e+03		4.3777218e+03		1.8289686e+03		6.2525584e+02		1.2037127e+03
4.4800000e+02		4.4900000e+02		4.4850000e+02		1.4587166e+03		1.5373464e+03		4.2992558e+03		1.7949171e+03		6.0941878e+02		1.1854983e+03
4.4900000e+02		4.5000000e+02		4.4950000e+02		1.4737837e+03		1.5518515e+03		4.3378229e+03		1.8097286e+03		6.1014378e+02		1.1995848e+03
4.5000000e+02		4.5100000e+02		4.5050000e+02		1.5636828e+03		1.6452963e+03		4.5969720e+03		1.9165011e+03		6.4167738e+02		1.2748237e+03
4.5100000e+02		4.5200000e+02		4.5150000e+02		1.5589734e+03		1.6393962e+03		4.5785103e+03		1.9074900e+03		6.3431678e+02		1.2731732e+03
4.5200000e+02		4.5300000e+02		4.5250000e+02		1.4757889e+03		1.5513155e+03		4.3307200e+03		1.8030373e+03		5.9558016e+02		1.2074572e+03
4.5300000e+02		4.5400000e+02		4.5350000e+02		1.4141855e+03		1.4860051e+03		4.1466933e+03		1.7252634e+03		5.6609101e+02		1.1591723e+03
4.5400000e+02		4.5500000e+02		4.5450000e+02		1.5096596e+03		1.5854588e+03		4.4223623e+03		1.8387188e+03		5.9921950e+02		1.2394993e+03
4.5500000e+02		4.5600000e+02		4.5550000e+02		1.4952815e+03		1.5690991e+03		4.3748300e+03		1.8177196e+03		5.8824241e+02		1.2294772e+03
4.5600000e+02		4.5700000e+02		4.5650000e+02		1.5527317e+03		1.6277057e+03		4.5362051e+03		1.8834794e+03		6.0516706e+02		1.2783124e+03
4.5700000e+02		4.5800000e+02		4.5750000e+02		1.5677329e+03		1.6413180e+03		4.5720318e+03		1.8970437e+03		6.0505341e+02		1.2919902e+03
4.5800000e+02		4.5900000e+02		4.5850000e+02		1.4734199e+03		1.5405581e+03		4.2893855e+03		1.7785449e+03		5.6308288e+02		1.2154620e+03
4.5900000e+02		4.6000000e+02		4.5950000e+02		1.5222067e+03		1.5893854e+03		4.4232993e+03		1.8328159e+03		5.7596283e+02		1.2568531e+03
4.6000000e+02		4.6100000e+02		4.6050000e+02		1.5039223e+03		1.5682730e+03		4.3625748e+03		1.8064334e+03		5.6349353e+02		1.2429399e+03
4.6100000e+02		4.6200000e+02		4.6150000e+02		1.5386000e+03		1.6030151e+03		4.4573471e+03		1.8444697e+03		5.7128778e+02		1.2731819e+03
4.6200000e+02		4.6300000e+02		4.6250000e+02		1.5538294e+03		1.6182097e+03		4.4978678e+03		1.8600655e+03		5.7223711e+02		1.2878284e+03
4.6300000e+02		4.6400000e+02		4.6350000e+02		1.5018384e+03		1.5640950e+03		4.3459266e+03		1.7961396e+03		5.4902334e+02		1.2471163e+03
4.6400000e+02		4.6500000e+02		4.6450000e+02		1.5281564e+03		1.5917919e+03		4.4213916e+03		1.8262384e+03		5.5470648e+02		1.2715319e+03
4.6500000e+02		4.6600000e+02		4.6550000e+02		1.4760608e+03		1.5376769e+03		4.2696278e+03		1.7625019e+03		5.3194169e+02		1.2305603e+03
4.6600000e+02		4.6700000e+02		4.6650000e+02		1.4854121e+03		1.5471105e+03		4.2942856e+03		1.7716103e+03		5.3117215e+02		1.2404382e+03
4.6700000e+02		4.6800000e+02		4.6750000e+02		1.4997486e+03		1.5610447e+03		4.3312953e+03		1.7857761e+03		5.3172009e+02		1.2540560e+03
4.6800000e+02		4.6900000e+02		4.6850000e+02		1.4665907e+03		1.5250378e+03		4.2296764e+03		1.7427874e+03		5.1520116e+02		1.2275863e+03
4.6900000e+02		4.7000000e+02		4.6950000e+02		1.5086728e+03		1.5673258e+03		4.3452267e+03		1.7892891e+03		5.2517082e+02		1.2641183e+03
4.7000000e+02		4.7100000e+02		4.7050000e+02		1.4256243e+03		1.4801468e+03		4.1019995e+03		1.6881150e+03		4.9205793e+02		1.1960570e+03
4.7100000e+02		4.7200000e+02		4.7150000e+02		1.4904926e+03		1.5468846e+03		4.2854255e+03		1.7625611e+03		5.1029596e+02		1.2522651e+03
4.7200000e+02		4.7300000e+02		4.7250000e+02		1.5269264e+03		1.5840881e+03		4.3869444e+03		1.8032593e+03		5.1856463e+02		1.2846947e+03
4.7300000e+02		4.7400000e+02		4.7350000e+02		1.4995420e+03		1.5549964e+03		4.3048555e+03		1.7684851e+03		5.0511961e+02		1.2633655e+03
4.7400000e+02		4.7500000e+02		4.7450000e+02		1.5448084e+03		1.6007461e+03		4.4298633e+03		1.8187658e+03		5.1584026e+02		1.3029256e+03
4.7500000e+02		4.7600000e+02		4.7550000e+02		1.5413846e+03		1.5955035e+03		4.4136335e+03		1.8110198e+03		5.0991684e+02		1.3011029e+03
4.7600000e+02		4.7700000e+02		4.7650000e+02		1.4853490e+03		1.5352546e+03		4.2452097e+03		1.7408532e+03		4.8645152e+02		1.2544017e+03
4.7700000e+02		4.7800000e+02		4.7750000e+02		1.5508368e+03		1.6002335e+03		4.4230002e+03		1.8126527e+03		5.0258907e+02		1.3100636e+03
4.7800000e+02		4.7900000e+02		4.7850000e+02		1.5358791e+03		1.5817952e+03		4.3701272e+03		1.7898859e+03		4.9234788e+02		1.2975380e+03
4.7900000e+02		4.8000000e+02		4.7950000e+02		1.5403519e+03		1.5833023e+03		4.3723769e+03		1.7897150e+03		4.8837756e+02		1.3013374e+03
4.8000000e+02		4.8100000e+02		4.8050000e+02		1.5442750e+03		1.5844362e+03		4.3736444e+03		1.7891592e+03		4.8437968e+02		1.3047795e+03
4.8100000e+02		4.8200000e+02		4.8150000e+02		1.5475498e+03		1.5854924e+03		4.3748177e+03		1.7885972e+03		4.8055114e+02		1.3080460e+03
4.8200000e+02		4.8300000e+02		4.8250000e+02		1.5416562e+03		1.5780919e+03		4.3528465e+03		1.7786225e+03		4.7446065e+02		1.3041619e+03
4.8300000e+02		4.8400000e+02		4.8350000e+02		1.5183412e+03		1.5538785e+03		4.2847243e+03		1.7498564e+03		4.6368874e+02		1.2861677e+03
4.8400000e+02		4.8500000e+02		4.8450000e+02		1.4920771e+03		1.5273570e+03		4.2104191e+03		1.7186295e+03		4.5255566e+02		1.2660738e+03
4.8500000e+02		4.8600000e+02		4.8550000e+02		1.4021236e+03		1.4358248e+03		3.9570399e+03		1.6143900e+03		4.2248983e+02		1.1919002e+03
4.8600000e+02		4.8700000e+02		4.8650000e+02		1.2173217e+03		1.2470016e+03		3.4357374e+03		1.4010058e+03		3.6437791e+02		1.0366279e+03
4.8700000e+02		4.8800000e+02		4.8750000e+02		1.3927585e+03		1.4267409e+03		3.9298316e+03		1.6016693e+03		4.1388498e+02		1.1877843e+03
4.8800000e+02		4.8900000e+02		4.8850000e+02		1.4651201e+03		1.5001640e+03		4.1307666e+03		1.6826866e+03		4.3185290e+02		1.2508337e+03
4.8900000e+02		4.9000000e+02		4.8950000e+02		1.4372192e+03		1.4703290e+03		4.0472447e+03		1.6477903e+03		4.1987799e+02		1.2279123e+03
4.9000000e+02		4.9100000e+02		4.9050000e+02		1.5307557e+03		1.5644713e+03		4.3048997e+03		1.7517636e+03		4.4313830e+02		1.3086253e+03
4.9100000e+02		4.9200000e+02		4.9150000e+02		1.4425606e+03		1.4730280e+03		4.0519212e+03		1.6479599e+03		4.1389342e+02		1.2340665e+03
4.9200000e+02		4.9300000e+02		4.9250000e+02		1.3729411e+03		1.4010430e+03		3.8526902e+03		1.5661308e+03		3.9060199e+02		1.1755288e+03
4.9300000e+02		4.9400000e+02		4.9350000e+02		1.4509629e+03		1.4800302e+03		4.0686735e+03		1.6531018e+03		4.0949189e+02		1.2436099e+03
4.9400000e+02		4.9500000e+02		4.9450000e+02		1.4929449e+03		1.5221663e+03		4.1832552e+03		1.6988117e+03		4.1794750e+02		1.2808642e+03
4.9500000e+02		4.9600000e+02		4.9550000e+02		1.4663156e+03		1.4940129e+03		4.1046057e+03		1.6660393e+03		4.0701878e+02		1.2590205e+03
4.9600000e+02		4.9700000e+02		4.9650000e+02		1.4846220e+03		1.5110515e+03		4.1500293e+03		1.6836215e+03		4.0830510e+02		1.2753164e+03
4.9700000e+02		4.9800000e+02		4.9750000e+02		1.5123203e+03		1.5369022e+03		4.2195035e+03		1.7109221e+03		4.1173545e+02		1.2991867e+03
4.9800000e+02		4.9900000e+02		4.9850000e+02		1.3744029e+03		1.3940971e+03		3.8259745e+03		1.5505431e+03		3.7015508e+02		1.1803880e+03
4.9900000e+02		5.0000000e+02		4.9950000e+02		1.4721832e+03		1.4900156e+03		4.0875859e+03		1.6556938e+03		3.9199900e+02		1.2636948e+03
