Left Bin Edge (nm)	Right Bin Edge (nm)	Bin Center (nm)		Top of Atm Intensity (erg/s/nm/cm2)		Total Surface Flux (erg/s/nm/cm2)		Total Intensity at BOA (erg/s/nm/cm2)		Total Surface Intensity (erg/s/nm/cm2)		Total Surface Diffuse Intensity (erg/s/nm/cm2)		Total Surface Direct Intensity (erg/s/nm/cm2)
1.0000000e+02		1.0100000e+02		1.0050000e+02		4.4569042e-02		2.4525374e-199		0.0000000e+00		4.2479194e-199		4.2479194e-199		0.0000000e+00
1.0100000e+02		1.0200000e+02		1.0150000e+02		1.7387199e-01		2.8780738e-197		0.0000000e+00		4.9849701e-197		4.9849701e-197		0.0000000e+00
1.0200000e+02		1.0300000e+02		1.0250000e+02		9.2286085e-01		3.0760917e-195		0.0000000e+00		5.3279471e-195		5.3279471e-195		0.0000000e+00
1.0300000e+02		1.0400000e+02		1.0350000e+02		7.0094286e-01		3.0025219e-193		0.0000000e+00		5.2005205e-193		5.2005205e-193		0.0000000e+00
1.0400000e+02		1.0500000e+02		1.0450000e+02		1.4124828e-01		2.6834655e-191		0.0000000e+00		4.6478986e-191		4.6478986e-191		0.0000000e+00
1.0500000e+02		1.0600000e+02		1.0550000e+02		4.8389941e-02		2.2015022e-189		0.0000000e+00		3.8131136e-189		3.8131136e-189		0.0000000e+00
1.0600000e+02		1.0700000e+02		1.0650000e+02		4.5487167e-02		1.6618998e-187		0.0000000e+00		2.8784949e-187		2.8784949e-187		0.0000000e+00
1.0700000e+02		1.0800000e+02		1.0750000e+02		5.0757295e-02		1.1570799e-185		0.0000000e+00		2.0041212e-185		2.0041212e-185		0.0000000e+00
1.0800000e+02		1.0900000e+02		1.0850000e+02		7.1152114e-02		7.4462233e-184		0.0000000e+00		1.2897237e-183		1.2897237e-183		0.0000000e+00
1.0900000e+02		1.1000000e+02		1.0950000e+02		5.5817450e-02		4.4117479e-182		0.0000000e+00		7.6413715e-182		7.6413715e-182		0.0000000e+00
1.1000000e+02		1.1100000e+02		1.1050000e+02		5.4043772e-02		2.4410656e-180		0.0000000e+00		4.2280496e-180		4.2280496e-180		0.0000000e+00
1.1100000e+02		1.1200000e+02		1.1150000e+02		5.0797691e-02		1.2563022e-178		0.0000000e+00		2.1759793e-178		2.1759793e-178		0.0000000e+00
1.1200000e+02		1.1300000e+02		1.1250000e+02		5.1969037e-02		6.0254994e-177		0.0000000e+00		1.0436471e-176		1.0436471e-176		0.0000000e+00
1.1300000e+02		1.1400000e+02		1.1350000e+02		4.1221387e-02		2.6985364e-175		0.0000000e+00		4.6740022e-175		4.6740022e-175		0.0000000e+00
1.1400000e+02		1.1500000e+02		1.1450000e+02		3.1562600e-02		1.1305504e-173		0.0000000e+00		1.9581706e-173		1.9581706e-173		0.0000000e+00
1.1500000e+02		1.1600000e+02		1.1550000e+02		4.3552050e-02		4.4380469e-172		0.0000000e+00		7.6869228e-172		7.6869228e-172		0.0000000e+00
1.1600000e+02		1.1700000e+02		1.1650000e+02		1.0143732e-01		1.6351700e-170		0.0000000e+00		2.8321975e-170		2.8321975e-170		0.0000000e+00
1.1700000e+02		1.1800000e+02		1.1750000e+02		3.6108525e-01		5.6637847e-169		0.0000000e+00		9.8099628e-169		9.8099628e-169		0.0000000e+00
1.1800000e+02		1.1900000e+02		1.1850000e+02		1.2283927e-01		1.8472924e-167		0.0000000e+00		3.1996044e-167		3.1996044e-167		0.0000000e+00
1.1900000e+02		1.2000000e+02		1.1950000e+02		1.7115732e-01		5.6821229e-166		0.0000000e+00		9.8417255e-166		9.8417255e-166		0.0000000e+00
1.2000000e+02		1.2100000e+02		1.2050000e+02		9.3056497e-01		1.6505788e-164		0.0000000e+00		2.8588863e-164		2.8588863e-164		2.7755620e-319
1.2100000e+02		1.2200000e+02		1.2150000e+02		3.6941242e+01		4.5344783e-163		0.0000000e+00		7.8539468e-163		7.8539468e-163		6.6064664e-313
1.2200000e+02		1.2300000e+02		1.2250000e+02		2.4773856e-01		1.1797189e-161		3.1434556e-162		2.0433330e-161		2.0433330e-161		2.1773374e-310
1.2300000e+02		1.2400000e+02		1.2350000e+02		1.3344721e-01		2.9104842e-160		7.1301722e-161		5.0411066e-160		5.0411066e-160		4.7842313e-306
1.2400000e+02		1.2500000e+02		1.2450000e+02		1.0726631e-01		6.8171875e-159		1.6961790e-159		1.1807715e-158		1.1807715e-158		1.0914828e-298
1.2500000e+02		1.2600000e+02		1.2550000e+02		1.0471361e-01		1.5178620e-157		3.8519178e-158		2.6290140e-157		2.6290140e-157		2.1271534e-288
1.2600000e+02		1.2700000e+02		1.2650000e+02		1.4644878e-01		3.2166595e-156		8.3289281e-157		5.5714177e-156		5.5714177e-156		5.0930865e-278
1.2700000e+02		1.2800000e+02		1.2750000e+02		7.6659940e-02		6.4957361e-155		1.7168196e-155		1.1250945e-154		1.1250945e-154		3.9508332e-268
1.2800000e+02		1.2900000e+02		1.2850000e+02		6.1165494e-02		1.2513848e-153		3.3774312e-154		2.1674621e-153		2.1674621e-153		4.0790621e-258
1.2900000e+02		1.3000000e+02		1.2950000e+02		8.1594975e-02		2.3023220e-152		6.3484010e-153		3.9877386e-152		3.9877386e-152		6.1984221e-248
1.3000000e+02		1.3100000e+02		1.3050000e+02		6.7007791e-01		4.0496040e-151		1.1413943e-151		7.0141198e-151		7.0141198e-151		5.1430075e-237
1.3100000e+02		1.3200000e+02		1.3150000e+02		9.0731094e-02		6.8159216e-150		1.9724542e-150		1.1805522e-149		1.1805522e-149		9.4171375e-226
1.3200000e+02		1.3300000e+02		1.3250000e+02		7.0547730e-02		1.0987912e-148		3.2818973e-149		1.9031622e-148		1.9031622e-148		1.3340270e-211
1.3300000e+02		1.3400000e+02		1.3350000e+02		9.5357088e-01		1.6984007e-147		5.2451949e-148		2.9417163e-147		2.9417163e-147		2.9718981e-196
1.3400000e+02		1.3500000e+02		1.3450000e+02		6.5246966e-02		2.5193866e-146		8.0622739e-147		4.3637055e-146		4.3637055e-146		3.0493419e-183
1.3500000e+02		1.3600000e+02		1.3550000e+02		1.3692679e-01		3.5896996e-145		1.1936985e-145		6.2175421e-145		6.2175421e-145		8.7778207e-169
1.3600000e+02		1.3700000e+02		1.3650000e+02		8.9861989e-02		4.9168982e-144		1.5168406e-140		8.5163176e-144		8.5163176e-144		7.2641651e-155
1.3700000e+02		1.3800000e+02		1.3750000e+02		9.2282630e-02		1.0064807e-140		1.0995225e-132		1.1072537e-140		2.3843150e-141		8.6882224e-141
1.3800000e+02		1.3900000e+02		1.3850000e+02		9.4180145e-02		1.4627738e-128		3.3425989e-121		1.6116822e-128		3.5232084e-129		1.2593613e-128
1.3900000e+02		1.4000000e+02		1.3950000e+02		3.1801144e-01		8.6634348e-118		5.2874497e-111		9.5915555e-118		2.1959570e-118		7.3955985e-118
1.4000000e+02		1.4100000e+02		1.4050000e+02		2.7729440e-01		1.2415958e-107		2.0330481e-101		1.3828025e-107		3.3409865e-108		1.0487038e-107
1.4100000e+02		1.4200000e+02		1.4150000e+02		1.3359910e-01		9.2530771e-98		4.0836111e-92		1.0382055e-97		2.6711899e-98		7.7108649e-98
1.4200000e+02		1.4300000e+02		1.4250000e+02		1.4479671e-01		1.4665883e-87		1.7527167e-82		1.6610568e-87		4.6011729e-88		1.2009395e-87
1.4300000e+02		1.4400000e+02		1.4350000e+02		1.6064305e-01		2.2610228e-77		7.3549242e-73		2.5922237e-77		7.8362969e-78		1.8085940e-77
1.4400000e+02		1.4500000e+02		1.4450000e+02		1.5363637e-01		2.8734482e-67		2.5592337e-63		3.3484901e-67		1.1239610e-67		2.2245290e-67
1.4500000e+02		1.4600000e+02		1.4550000e+02		1.6382583e-01		3.9297907e-57		9.6548385e-54		4.6848312e-57		1.7864452e-57		2.8983861e-57
1.4600000e+02		1.4700000e+02		1.4650000e+02		1.9977093e-01		5.8484089e-50		5.8456418e-47		7.1124379e-50		2.9907247e-50		4.1217132e-50
1.4700000e+02		1.4800000e+02		1.4750000e+02		2.4643334e-01		8.2719362e-46		4.9396397e-43		1.0174282e-45		4.5009983e-46		5.6732837e-46
1.4800000e+02		1.4900000e+02		1.4850000e+02		2.4167300e-01		8.9732206e-42		3.2154353e-39		1.1192052e-41		5.2498103e-42		5.9422412e-42
1.4900000e+02		1.5000000e+02		1.4950000e+02		2.1832777e-01		8.7012172e-38		1.8803432e-35		1.1044605e-37		5.5445140e-38		5.5000906e-38
1.5000000e+02		1.5100000e+02		1.5050000e+02		2.4023073e-01		1.0056437e-33		1.3184347e-31		1.3054913e-33		7.0944722e-34		5.9604412e-34
1.5100000e+02		1.5200000e+02		1.5150000e+02		2.5258505e-01		1.1024288e-29		8.8361858e-28		1.4742671e-29		8.7977895e-30		5.9448817e-30
1.5200000e+02		1.5300000e+02		1.5250000e+02		3.2229547e-01		1.4995536e-25		7.4287026e-24		2.0890119e-25		1.3946732e-25		6.9433869e-26
1.5300000e+02		1.5400000e+02		1.5350000e+02		3.5701286e-01		1.9675527e-21		6.1306362e-20		2.9097368e-21		2.2292316e-21		6.8050522e-22
1.5400000e+02		1.5500000e+02		1.5450000e+02		9.5486931e-01		1.0626682e-16		2.1328747e-15		1.7264592e-16		1.5705463e-16		1.5591284e-17
1.5500000e+02		1.5600000e+02		1.5550000e+02		7.8587524e-01		4.2287658e-14		6.3295957e-13		7.2026434e-14		7.0362699e-14		1.6637351e-15
1.5600000e+02		1.5700000e+02		1.5650000e+02		4.6648084e-01		3.9066633e-14		5.6753528e-13		6.6244589e-14		6.4303735e-14		1.9408543e-15
1.5700000e+02		1.5800000e+02		1.5750000e+02		4.2309893e-01		5.4926807e-14		7.7385557e-13		9.2673177e-14		8.9308869e-14		3.3643079e-15
1.5800000e+02		1.5900000e+02		1.5850000e+02		3.9008072e-01		7.8098802e-14		1.0664985e-12		1.3104560e-13		1.2527347e-13		5.7721278e-15
1.5900000e+02		1.6000000e+02		1.5950000e+02		3.8042347e-01		1.1673681e-13		1.5445739e-12		1.9471778e-13		1.8450496e-13		1.0212817e-14
1.6000000e+02		1.6100000e+02		1.6050000e+02		4.1635449e-01		1.9440917e-13		2.4919458e-12		3.2223695e-13		3.0244377e-13		1.9793180e-14
1.6100000e+02		1.6200000e+02		1.6150000e+02		4.7164413e-01		3.3239319e-13		4.1277658e-12		5.4732051e-13		5.0852349e-13		3.8797020e-14
1.6200000e+02		1.6300000e+02		1.6250000e+02		5.2241459e-01		5.5077901e-13		6.6278940e-12		9.0073149e-13		8.2799644e-13		7.2735047e-14
1.6300000e+02		1.6400000e+02		1.6350000e+02		1.1072121e+00		1.7297747e-12		2.0178065e-11		2.8090372e-12		2.5535624e-12		2.5547473e-13
1.6400000e+02		1.6500000e+02		1.6450000e+02		1.1323318e+00		2.5953440e-12		2.9361896e-11		4.1846159e-12		3.7602577e-12		4.2435824e-13
1.6500000e+02		1.6600000e+02		1.6550000e+02		1.3255566e+00		2.2448563e-08		1.6344561e-07		3.8709544e-08		3.8473895e-08		2.3564993e-10
1.6600000e+02		1.6700000e+02		1.6650000e+02		6.2522883e-01		5.0084065e-01		1.7589253e+00		8.6748141e-01		8.6748136e-01		5.2754975e-08
1.6700000e+02		1.6800000e+02		1.6750000e+02		6.6723830e-01		5.4091641e-01		1.8976197e+00		9.3689463e-01		9.3689454e-01		8.9872692e-08
1.6800000e+02		1.6900000e+02		1.6850000e+02		7.1904320e-01		5.8974655e-01		2.0667669e+00		1.0214709e+00		1.0214707e+00		1.5202441e-07
1.6900000e+02		1.7000000e+02		1.6950000e+02		9.0554889e-01		7.5120633e-01		2.6299511e+00		1.3011273e+00		1.3011270e+00		2.9572351e-07
1.7000000e+02		1.7100000e+02		1.7050000e+02		1.0161854e+00		8.5238511e-01		2.9812698e+00		1.4763739e+00		1.4763734e+00		5.0473753e-07
1.7100000e+02		1.7200000e+02		1.7150000e+02		1.0130704e+00		8.5901291e-01		3.0016232e+00		1.4878534e+00		1.4878527e+00		7.5411631e-07
1.7200000e+02		1.7300000e+02		1.7250000e+02		1.0571150e+00		9.0586593e-01		3.1624596e+00		1.5690050e+00		1.5690038e+00		1.1627455e-06
1.7300000e+02		1.7400000e+02		1.7350000e+02		1.0479596e+00		9.0730885e-01		3.1647087e+00		1.5715038e+00		1.5715021e+00		1.6802943e-06
1.7400000e+02		1.7500000e+02		1.7450000e+02		1.2530722e+00		1.0958362e+00		3.8190403e+00		1.8980419e+00		1.8980390e+00		2.8910439e-06
1.7500000e+02		1.7600000e+02		1.7550000e+02		1.4954862e+00		1.3206985e+00		4.5989025e+00		2.2875133e+00		2.2875084e+00		4.9033274e-06
1.7600000e+02		1.7700000e+02		1.7650000e+02		1.6135596e+00		1.4386442e+00		5.0056134e+00		2.4917994e+00		2.4917920e+00		7.4291164e-06
1.7700000e+02		1.7800000e+02		1.7750000e+02		1.9010195e+00		1.7108032e+00		5.9479639e+00		2.9631892e+00		2.9631770e+00		1.2150868e-05
1.7800000e+02		1.7900000e+02		1.7850000e+02		2.0776624e+00		1.8868356e+00		6.5550685e+00		3.2680818e+00		3.2680636e+00		1.8234352e-05
1.7900000e+02		1.8000000e+02		1.7950000e+02		2.0198657e+00		1.8506751e+00		6.4247808e+00		3.2054457e+00		3.2054216e+00		2.4085199e-05
1.8000000e+02		1.8100000e+02		1.8050000e+02		2.4976225e+00		2.3082799e+00		8.0077631e+00		3.9980288e+00		3.9979888e+00		4.0055990e-05
1.8100000e+02		1.8200000e+02		1.8150000e+02		3.0410490e+00		2.8343067e+00		9.8259239e+00		4.9091157e+00		4.9090507e+00		6.4960876e-05
1.8200000e+02		1.8300000e+02		1.8250000e+02		2.8073836e+00		2.6381348e+00		9.1397883e+00		4.5693256e+00		4.5692465e+00		7.9133274e-05
1.8300000e+02		1.8400000e+02		1.8350000e+02		2.9562417e+00		2.8003947e+00		9.6957044e+00		4.8503462e+00		4.8502372e+00		1.0897479e-04
1.8400000e+02		1.8500000e+02		1.8450000e+02		2.5409769e+00		2.4259318e+00		8.3939740e+00		4.2017482e+00		4.2016268e+00		1.2144143e-04
1.8500000e+02		1.8600000e+02		1.8550000e+02		2.8735562e+00		2.7644752e+00		9.5595666e+00		4.7880823e+00		4.7879057e+00		1.7658828e-04
1.8600000e+02		1.8700000e+02		1.8650000e+02		3.2604304e+00		3.1601065e+00		1.0921212e+01		5.4732780e+00		5.4730224e+00		2.5558022e-04
1.8700000e+02		1.8800000e+02		1.8750000e+02		3.6946466e+00		3.6070663e+00		1.2458725e+01		6.2473537e+00		6.2469871e+00		3.6660764e-04
1.8800000e+02		1.8900000e+02		1.8850000e+02		3.8870616e+00		3.8219030e+00		1.3193372e+01		6.6193754e+00		6.6188907e+00		4.8463927e-04
1.8900000e+02		1.9000000e+02		1.8950000e+02		4.3106081e+00		4.2677431e+00		1.4724381e+01		7.3914569e+00		7.3907864e+00		6.7052843e-04
1.9000000e+02		1.9100000e+02		1.9050000e+02		4.4384288e+00		4.4240167e+00		1.5255403e+01		7.6619955e+00		7.6611400e+00		8.5549540e-04
1.9100000e+02		1.9200000e+02		1.9150000e+02		4.8094361e+00		4.8254465e+00		1.6630976e+01		8.3570831e+00		8.3559420e+00		1.1411190e-03
1.9200000e+02		1.9300000e+02		1.9250000e+02		5.0365493e+00		5.0858323e+00		1.7519443e+01		8.8078499e+00		8.8063882e+00		1.4617139e-03
1.9300000e+02		1.9400000e+02		1.9350000e+02		3.8447944e+00		3.9067811e+00		1.3451159e+01		6.7657503e+00		6.7643938e+00		1.3565635e-03
1.9400000e+02		1.9500000e+02		1.9450000e+02		6.1679797e+00		6.3057814e+00		2.1700305e+01		1.0920008e+01		1.0917378e+01		2.6302050e-03
1.9500000e+02		1.9600000e+02		1.9550000e+02		5.9528271e+00		6.1221476e+00		2.1058166e+01		1.0601637e+01		1.0598587e+01		3.0505923e-03
1.9600000e+02		1.9700000e+02		1.9650000e+02		6.5508102e+00		6.7763543e+00		2.3297312e+01		1.1734053e+01		1.1730040e+01		4.0123004e-03
1.9700000e+02		1.9800000e+02		1.9750000e+02		6.5190955e+00		6.7818227e+00		2.3305146e+01		1.1742986e+01		1.1738239e+01		4.7471353e-03
1.9800000e+02		1.9900000e+02		1.9850000e+02		6.3883794e+00		6.6826172e+00		2.2953558e+01		1.1570604e+01		1.1565102e+01		5.5026334e-03
1.9900000e+02		2.0000000e+02		1.9950000e+02		6.7274707e+00		7.0752961e+00		2.4291147e+01		1.2249779e+01		1.2242958e+01		6.8207987e-03
2.0000000e+02		2.0100000e+02		2.0050000e+02		7.1125146e+00		7.5195918e+00		2.5804721e+01		1.3018131e+01		1.3009683e+01		8.4479797e-03
2.0100000e+02		2.0200000e+02		2.0150000e+02		7.5701275e+00		8.0444280e+00		2.7593243e+01		1.3925682e+01		1.3915196e+01		1.0485612e-02
2.0200000e+02		2.0300000e+02		2.0250000e+02		7.4828608e+00		7.9914258e+00		2.7399037e+01		1.3832746e+01		1.3820712e+01		1.2033798e-02
2.0300000e+02		2.0400000e+02		2.0350000e+02		8.0092047e+00		8.5951902e+00		2.9455768e+01		1.4876405e+01		1.4861515e+01		1.4890816e-02
2.0400000e+02		2.0500000e+02		2.0450000e+02		8.6207445e+00		9.2953619e+00		3.1840876e+01		1.6086530e+01		1.6068077e+01		1.8453599e-02
2.0500000e+02		2.0600000e+02		2.0550000e+02		8.6400754e+00		9.3592586e+00		3.2045250e+01		1.6195185e+01		1.6173975e+01		2.1209726e-02
2.0600000e+02		2.0700000e+02		2.0650000e+02		8.6510225e+00		9.4132954e+00		3.2215634e+01		1.6286546e+01		1.6262286e+01		2.4260445e-02
2.0700000e+02		2.0800000e+02		2.0750000e+02		9.3957826e+00		1.0268486e+01		3.5126360e+01		1.7763586e+01		1.7733596e+01		2.9989333e-02
2.0800000e+02		2.0900000e+02		2.0850000e+02		1.0163489e+01		1.1154889e+01		3.8141022e+01		1.9293904e+01		1.9257114e+01		3.6789339e-02
2.0900000e+02		2.1000000e+02		2.0950000e+02		1.3129215e+01		1.4469744e+01		4.9452300e+01		2.5023013e+01		2.4969303e+01		5.3710337e-02
2.1000000e+02		2.1100000e+02		2.1050000e+02		1.6183343e+01		1.7907768e+01		6.1173541e+01		3.0962574e+01		3.0888003e+01		7.4571311e-02
2.1100000e+02		2.1200000e+02		2.1150000e+02		1.8424170e+01		2.0467489e+01		6.9884503e+01		3.5380955e+01		3.5285638e+01		9.5316566e-02
2.1200000e+02		2.1300000e+02		2.1250000e+02		1.6428561e+01		1.8320302e+01		6.2523088e+01		3.1662058e+01		3.1566932e+01		9.5125174e-02
2.1300000e+02		2.1400000e+02		2.1350000e+02		1.6737981e+01		1.8734687e+01		6.3906164e+01		3.2370264e+01		3.2262121e+01		1.0814275e-01
2.1400000e+02		2.1500000e+02		2.1450000e+02		2.1432541e+01		2.4075860e+01		8.2084925e+01		4.1587832e+01		4.1433772e+01		1.5406073e-01
2.1500000e+02		2.1600000e+02		2.1550000e+02		1.8408135e+01		2.0750947e+01		7.0713332e+01		3.5834231e+01		3.5687433e+01		1.4679750e-01
2.1600000e+02		2.1700000e+02		2.1650000e+02		1.7036901e+01		1.9270570e+01		6.5635078e+01		3.3267570e+01		3.3117258e+01		1.5031288e-01
2.1700000e+02		2.1800000e+02		2.1750000e+02		1.7640866e+01		2.0019639e+01		6.8150923e+01		3.4549311e+01		3.4377573e+01		1.7173800e-01
2.1800000e+02		2.1900000e+02		2.1850000e+02		2.3730294e+01		2.7016493e+01		9.1920918e+01		4.6607811e+01		4.6353555e+01		2.5425605e-01
2.1900000e+02		2.2000000e+02		2.1950000e+02		2.5052511e+01		2.8610432e+01		9.7291578e+01		4.9338997e+01		4.9044313e+01		2.9468444e-01
2.2000000e+02		2.2100000e+02		2.2050000e+02		2.5203754e+01		2.8869817e+01		9.8119593e+01		4.9766305e+01		4.9441623e+01		3.2468254e-01
2.2100000e+02		2.2200000e+02		2.2150000e+02		2.0176768e+01		2.3179016e+01		7.8734088e+01		3.9939332e+01		3.9655334e+01		2.8399836e-01
2.2200000e+02		2.2300000e+02		2.2250000e+02		2.7154039e+01		3.1282536e+01		1.0619912e+02		5.3877924e+01		5.3461262e+01		4.1666163e-01
2.2300000e+02		2.2400000e+02		2.2350000e+02		3.5163062e+01		4.0619858e+01		1.3781721e+02		6.9926017e+01		6.9339115e+01		5.8690160e-01
2.2400000e+02		2.2500000e+02		2.2450000e+02		3.2875934e+01		3.8078047e+01		1.2911615e+02		6.5517097e+01		6.4921489e+01		5.9560761e-01
2.2500000e+02		2.2600000e+02		2.2550000e+02		2.8720078e+01		3.3349414e+01		1.1301332e+02		5.7350294e+01		5.6786691e+01		5.6360335e-01
2.2600000e+02		2.2700000e+02		2.2650000e+02		2.1037217e+01		2.4488301e+01		8.2933528e+01		4.2088278e+01		4.1641994e+01		4.4628424e-01
2.2700000e+02		2.2800000e+02		2.2750000e+02		2.0463841e+01		2.3877428e+01		8.0813433e+01		4.1014037e+01		4.0545654e+01		4.6838345e-01
2.2800000e+02		2.2900000e+02		2.2850000e+02		2.8509984e+01		3.3341887e+01		1.1277299e+02		5.7235414e+01		5.6532692e+01		7.0272214e-01
2.2900000e+02		2.3000000e+02		2.2950000e+02		2.5620938e+01		3.0029242e+01		1.0150151e+02		5.1515236e+01		5.0836409e+01		6.7882777e-01
2.3000000e+02		2.3100000e+02		2.3050000e+02		2.9055844e+01		3.4127370e+01		1.1527588e+02		5.8505630e+01		5.7679582e+01		8.2604789e-01
2.3100000e+02		2.3200000e+02		2.3150000e+02		2.7387429e+01		3.2233313e+01		1.0880334e+02		5.5219183e+01		5.4385152e+01		8.3403097e-01
2.3200000e+02		2.3300000e+02		2.3250000e+02		2.9413108e+01		3.4685171e+01		1.1699761e+02		5.9375272e+01		5.8417405e+01		9.5786676e-01
2.3300000e+02		2.3400000e+02		2.3350000e+02		2.6543685e+01		3.1360198e+01		1.0570657e+02		5.3641847e+01		5.2718948e+01		9.2289855e-01
2.3400000e+02		2.3500000e+02		2.3450000e+02		2.3194371e+01		2.7452428e+01		9.2467288e+01		4.6919695e+01		4.6060049e+01		8.5964618e-01
2.3500000e+02		2.3600000e+02		2.3550000e+02		3.1223226e+01		3.7018853e+01		1.2459731e+02		6.3216888e+01		6.1985216e+01		1.2316717e+00
2.3600000e+02		2.3700000e+02		2.3650000e+02		2.8911473e+01		3.4334396e+01		1.1547490e+02		5.8581632e+01		5.7369577e+01		1.2120550e+00
2.3700000e+02		2.3800000e+02		2.3750000e+02		3.0878004e+01		3.6727376e+01		1.2342830e+02		6.2608022e+01		6.1234266e+01		1.3737558e+00
2.3800000e+02		2.3900000e+02		2.3850000e+02		2.5598090e+01		3.0492831e+01		1.0239612e+02		5.1931628e+01		5.0724739e+01		1.2068890e+00
2.3900000e+02		2.4000000e+02		2.3950000e+02		2.7890834e+01		3.3271297e+01		1.1163763e+02		5.6608820e+01		5.5217172e+01		1.3916476e+00
2.4000000e+02		2.4100000e+02		2.4050000e+02		2.5623038e+01		3.0607365e+01		1.0261628e+02		5.2024338e+01		5.0673100e+01		1.3512374e+00
2.4100000e+02		2.4200000e+02		2.4150000e+02		3.0005079e+01		3.5887796e+01		1.2022115e+02		6.0936809e+01		5.9266602e+01		1.6702077e+00
2.4200000e+02		2.4300000e+02		2.4250000e+02		4.1301739e+01		4.9459207e+01		1.6554629e+02		8.3891601e+01		8.1467918e+01		2.4236827e+00
2.4300000e+02		2.4400000e+02		2.4350000e+02		3.8791639e+01		4.6506577e+01		1.5553185e+02		7.8797104e+01		7.6400207e+01		2.3968975e+00
2.4400000e+02		2.4500000e+02		2.4450000e+02		3.6329084e+01		4.3601286e+01		1.4569059e+02		7.3791428e+01		7.1430642e+01		2.3607855e+00
2.4500000e+02		2.4600000e+02		2.4550000e+02		2.9476122e+01		3.5412411e+01		1.1822506e+02		5.9863086e+01		5.7850918e+01		2.0121676e+00
2.4600000e+02		2.4700000e+02		2.4650000e+02		2.8685918e+01		3.4495816e+01		1.1506336e+02		5.8244290e+01		5.6189493e+01		2.0547973e+00
2.4700000e+02		2.4800000e+02		2.4750000e+02		3.1678139e+01		3.8127875e+01		1.2706461e+02		6.4298270e+01		6.1919818e+01		2.3784512e+00
2.4800000e+02		2.4900000e+02		2.4850000e+02		2.5406301e+01		3.0604334e+01		1.0189931e+02		5.1546110e+01		4.9548774e+01		1.9973365e+00
2.4900000e+02		2.5000000e+02		2.4950000e+02		3.0967514e+01		3.7331910e+01		1.2418519e+02		6.2796594e+01		6.0250089e+01		2.5465050e+00
2.5000000e+02		2.5100000e+02		2.5050000e+02		3.3448743e+01		4.0351565e+01		1.3410543e+02		6.7786925e+01		6.4912760e+01		2.8741649e+00
2.5100000e+02		2.5200000e+02		2.5150000e+02		2.7888154e+01		3.3665256e+01		1.1177882e+02		5.6478617e+01		5.3976992e+01		2.5016253e+00
2.5200000e+02		2.5300000e+02		2.5250000e+02		2.5069906e+01		3.0281113e+01		1.0044686e+02		5.0731486e+01		4.8386101e+01		2.3453846e+00
2.5300000e+02		2.5400000e+02		2.5350000e+02		3.1592540e+01		3.8180057e+01		1.2652708e+02		6.3875325e+01		6.0795657e+01		3.0796681e+00
2.5400000e+02		2.5500000e+02		2.5450000e+02		3.5730773e+01		4.3201994e+01		1.4303049e+02		7.2173621e+01		6.8547606e+01		3.6260149e+00
2.5500000e+02		2.5600000e+02		2.5550000e+02		4.8755658e+01		5.8975648e+01		1.9506131e+02		9.8381422e+01		9.3235063e+01		5.1463587e+00
2.5600000e+02		2.5700000e+02		2.5650000e+02		6.2803876e+01		7.5997264e+01		2.5111100e+02		1.2658775e+02		1.1969839e+02		6.8893672e+00
2.5700000e+02		2.5800000e+02		2.5750000e+02		7.8843355e+01		9.5437362e+01		3.1502970e+02		1.5872795e+02		1.4974714e+02		8.9808100e+00
2.5800000e+02		2.5900000e+02		2.5850000e+02		8.2991293e+01		1.0048615e+02		3.3136040e+02		1.6686701e+02		1.5705881e+02		9.8082040e+00
2.5900000e+02		2.6000000e+02		2.5950000e+02		7.0629481e+01		8.5537998e+01		2.8178051e+02		1.4182113e+02		1.3316731e+02		8.6538154e+00
2.6000000e+02		2.6100000e+02		2.6050000e+02		5.7868388e+01		7.0096024e+01		2.3067420e+02		1.1603293e+02		1.0868788e+02		7.3450464e+00
2.6100000e+02		2.6200000e+02		2.6150000e+02		5.9092703e+01		7.1588762e+01		2.3534266e+02		1.1831162e+02		1.1054747e+02		7.7641517e+00
2.6200000e+02		2.6300000e+02		2.6250000e+02		7.0528613e+01		8.5450752e+01		2.8061985e+02		1.4098795e+02		1.3140242e+02		9.5855318e+00
2.6300000e+02		2.6400000e+02		2.6350000e+02		1.0614195e+02		1.2860511e+02		4.2189471e+02		2.1183463e+02		1.9692316e+02		1.4911468e+01
2.6400000e+02		2.6500000e+02		2.6450000e+02		1.6548208e+02		2.0050457e+02		6.5706798e+02		3.2970456e+02		3.0569046e+02		2.4014101e+01
2.6500000e+02		2.6600000e+02		2.6550000e+02		1.7356948e+02		2.1029593e+02		6.8842077e+02		3.4520971e+02		3.1920944e+02		2.6000270e+01
2.6600000e+02		2.6700000e+02		2.6650000e+02		1.6826276e+02		2.0385071e+02		6.6660635e+02		3.3404547e+02		3.0804411e+02		2.6001361e+01
2.6700000e+02		2.6800000e+02		2.6750000e+02		1.6940220e+02		2.0520739e+02		6.7031895e+02		3.3567387e+02		3.0868702e+02		2.6986856e+01
2.6800000e+02		2.6900000e+02		2.6850000e+02		1.6778062e+02		2.0321181e+02		6.6308016e+02		3.3181413e+02		3.0427637e+02		2.7537766e+01
2.6900000e+02		2.7000000e+02		2.6950000e+02		1.5737310e+02		1.9057011e+02		6.2115201e+02		3.1060795e+02		2.8401256e+02		2.6595387e+01
2.7000000e+02		2.7100000e+02		2.7050000e+02		1.8181465e+02		2.2011758e+02		7.1667356e+02		3.5810880e+02		3.2649073e+02		3.1618068e+01
2.7100000e+02		2.7200000e+02		2.7150000e+02		1.5108640e+02		1.8286797e+02		5.9473779e+02		2.9695546e+02		2.6993389e+02		2.7021568e+01
2.7200000e+02		2.7300000e+02		2.7250000e+02		1.2154404e+02		1.4706783e+02		4.7777630e+02		2.3837236e+02		2.1602883e+02		2.2343530e+01
2.7300000e+02		2.7400000e+02		2.7350000e+02		1.2960124e+02		1.5676557e+02		5.0871500e+02		2.5360908e+02		2.2913421e+02		2.4474873e+01
2.7400000e+02		2.7500000e+02		2.7450000e+02		8.9183780e+01		1.0783783e+02		3.4955052e+02		1.7412165e+02		1.5682920e+02		1.7292442e+01
2.7500000e+02		2.7600000e+02		2.7550000e+02		1.1893609e+02		1.4375708e+02		4.6545878e+02		2.3167025e+02		2.0800479e+02		2.3665461e+01
2.7600000e+02		2.7700000e+02		2.7650000e+02		1.6564211e+02		2.0012611e+02		6.4724269e+02		3.2188167e+02		2.8807674e+02		3.3804932e+01
2.7700000e+02		2.7800000e+02		2.7750000e+02		1.5837296e+02		1.9125770e+02		6.1786293e+02		3.0701190e+02		2.7387737e+02		3.3134530e+01
2.7800000e+02		2.7900000e+02		2.7850000e+02		1.0921797e+02		1.3183320e+02		4.2540866e+02		2.1120171e+02		1.8778790e+02		2.3413806e+01
2.7900000e+02		2.8000000e+02		2.7950000e+02		6.1368404e+01		7.4038331e+01		2.3864102e+02		1.1837457e+02		1.0490066e+02		1.3473908e+01
2.8000000e+02		2.8100000e+02		2.8050000e+02		6.7313201e+01		8.1167437e+01		2.6132201e+02		1.2951074e+02		1.1438149e+02		1.5129251e+01
2.8100000e+02		2.8200000e+02		2.8150000e+02		1.3943196e+02		1.6803618e+02		5.4038279e+02		2.6757297e+02		2.3550656e+02		3.2066406e+01
2.8200000e+02		2.8300000e+02		2.8250000e+02		1.8983287e+02		2.2864424e+02		7.3445037e+02		3.6333619e+02		3.1868458e+02		4.4651612e+01
2.8300000e+02		2.8400000e+02		2.8350000e+02		1.9610227e+02		2.3605310e+02		7.5738108e+02		3.7433532e+02		3.2717924e+02		4.7156071e+01
2.8400000e+02		2.8500000e+02		2.8450000e+02		1.4459284e+02		1.7394115e+02		5.5745372e+02		2.7526444e+02		2.3973348e+02		3.5530957e+01
2.8500000e+02		2.8600000e+02		2.8550000e+02		9.2944992e+01		1.1173792e+02		3.5769106e+02		1.7645714e+02		1.5312732e+02		2.3329820e+01
2.8600000e+02		2.8700000e+02		2.8650000e+02		1.9045522e+02		2.2881130e+02		7.3161967e+02		3.6057984e+02		3.1176770e+02		4.8812137e+01
2.8700000e+02		2.8800000e+02		2.8750000e+02		2.2108403e+02		2.6542588e+02		8.4771730e+02		4.1739496e+02		3.5956270e+02		5.7832261e+01
2.8800000e+02		2.8900000e+02		2.8850000e+02		2.1010240e+02		2.5206344e+02		8.0411303e+02		3.9553839e+02		3.3946538e+02		5.6073017e+01
2.8900000e+02		2.9000000e+02		2.8950000e+02		3.1885068e+02		3.8225320e+02		1.2180286e+03		5.9854922e+02		5.1176187e+02		8.6787350e+01
2.9000000e+02		2.9100000e+02		2.9050000e+02		4.1860542e+02		5.0147106e+02		1.5960671e+03		7.8353769e+02		6.6737681e+02		1.1616088e+02
2.9100000e+02		2.9200000e+02		2.9150000e+02		4.0318642e+02		4.8263276e+02		1.5343374e+03		7.5247425e+02		6.3845182e+02		1.1402243e+02
2.9200000e+02		2.9300000e+02		2.9250000e+02		3.5818014e+02		4.2842541e+02		1.3604357e+03		6.6650999e+02		5.6331415e+02		1.0319584e+02
2.9300000e+02		2.9400000e+02		2.9350000e+02		3.7393440e+02		4.4691530e+02		1.4175122e+03		6.9375995e+02		5.8404072e+02		1.0971923e+02
2.9400000e+02		2.9500000e+02		2.9450000e+02		3.4819581e+02		4.1581770e+02		1.3173570e+03		6.4407396e+02		5.4006010e+02		1.0401386e+02
2.9500000e+02		2.9600000e+02		2.9550000e+02		3.7701055e+02		4.4985901e+02		1.4235610e+03		6.9527137e+02		5.8065188e+02		1.1461950e+02
2.9600000e+02		2.9700000e+02		2.9650000e+02		3.4493460e+02		4.1124185e+02		1.2998595e+03		6.3418650e+02		5.2749269e+02		1.0669380e+02
2.9700000e+02		2.9800000e+02		2.9750000e+02		3.5165811e+02		4.1890276e+02		1.3225503e+03		6.4457207e+02		5.3393932e+02		1.1063276e+02
2.9800000e+02		2.9900000e+02		2.9850000e+02		3.0223333e+02		3.5971759e+02		1.1343863e+03		5.5227518e+02		4.5559614e+02		9.6679040e+01
2.9900000e+02		3.0000000e+02		2.9950000e+02		3.4101318e+02		4.0551991e+02		1.2773572e+03		6.2121056e+02		5.1032955e+02		1.1088101e+02
3.0000000e+02		3.0100000e+02		3.0050000e+02		2.7131061e+02		3.2234780e+02		1.0142065e+03		4.9269887e+02		4.0305495e+02		8.9643921e+01
3.0100000e+02		3.0200000e+02		3.0150000e+02		3.1202593e+02		3.7039150e+02		1.1640319e+03		5.6486631e+02		4.6013233e+02		1.0473398e+02
3.0200000e+02		3.0300000e+02		3.0250000e+02		3.2846528e+02		3.8955422e+02		1.2228544e+03		5.9275902e+02		4.8078771e+02		1.1197130e+02
3.0300000e+02		3.0400000e+02		3.0350000e+02		4.2601061e+02		5.0478093e+02		1.5827547e+03		7.6636696e+02		6.1891920e+02		1.4744776e+02
3.0400000e+02		3.0500000e+02		3.0450000e+02		4.0776836e+02		4.8272115e+02		1.5118605e+03		7.3122647e+02		5.8796991e+02		1.4325656e+02
3.0500000e+02		3.0600000e+02		3.0550000e+02		4.1174793e+02		4.8697978e+02		1.5234635e+03		7.3601490e+02		5.8922340e+02		1.4679150e+02
3.0600000e+02		3.0700000e+02		3.0650000e+02		3.9053943e+02		4.6146392e+02		1.4420013e+03		6.9587630e+02		5.5462563e+02		1.4125067e+02
3.0700000e+02		3.0800000e+02		3.0750000e+02		4.3847484e+02		5.1761610e+02		1.6156362e+03		7.7878823e+02		6.1793991e+02		1.6084832e+02
3.0800000e+02		3.0900000e+02		3.0850000e+02		4.3035211e+02		5.0754475e+02		1.5824107e+03		7.6190731e+02		6.0182828e+02		1.6007903e+02
3.0900000e+02		3.1000000e+02		3.0950000e+02		3.4901328e+02		4.1122257e+02		1.2806549e+03		6.1591387e+02		4.8430482e+02		1.3160905e+02
3.1000000e+02		3.1100000e+02		3.1050000e+02		4.3927411e+02		5.1707397e+02		1.6084940e+03		7.7269868e+02		6.0481456e+02		1.6788412e+02
3.1100000e+02		3.1200000e+02		3.1150000e+02		5.2246540e+02		6.1440445e+02		1.9091238e+03		9.1606371e+02		7.1373347e+02		2.0233024e+02
3.1200000e+02		3.1300000e+02		3.1250000e+02		4.6521908e+02		5.4655258e+02		1.6963914e+03		8.1304886e+02		6.3053697e+02		1.8251190e+02
3.1300000e+02		3.1400000e+02		3.1350000e+02		4.9544367e+02		5.8149286e+02		1.8028281e+03		8.6306230e+02		6.6620045e+02		1.9686185e+02
3.1400000e+02		3.1500000e+02		3.1450000e+02		4.6729179e+02		5.4791368e+02		1.6968343e+03		8.1137724e+02		6.2336147e+02		1.8801576e+02
3.1500000e+02		3.1600000e+02		3.1550000e+02		4.5343123e+02		5.3113841e+02		1.6430619e+03		7.8474997e+02		6.0005140e+02		1.8469858e+02
3.1600000e+02		3.1700000e+02		3.1650000e+02		4.4229406e+02		5.1758090e+02		1.5993554e+03		7.6298310e+02		5.8062783e+02		1.8235527e+02
3.1700000e+02		3.1800000e+02		3.1750000e+02		5.6102832e+02		6.5587564e+02		2.0244658e+03		9.6465396e+02		7.3057734e+02		2.3407662e+02
3.1800000e+02		3.1900000e+02		3.1850000e+02		4.6340678e+02		5.4121219e+02		1.6687083e+03		7.9420283e+02		5.9858230e+02		1.9562053e+02
3.1900000e+02		3.2000000e+02		3.1950000e+02		4.9774832e+02		5.8074100e+02		1.7886321e+03		8.5027763e+02		6.3773052e+02		2.1254711e+02
3.2000000e+02		3.2100000e+02		3.2050000e+02		5.7184857e+02		6.6653108e+02		2.0506257e+03		9.7367450e+02		7.2670913e+02		2.4696538e+02
3.2100000e+02		3.2200000e+02		3.2150000e+02		4.8024660e+02		5.5920324e+02		1.7185611e+03		8.1504023e+02		6.0531681e+02		2.0972341e+02
3.2200000e+02		3.2300000e+02		3.2250000e+02		4.8228681e+02		5.6101728e+02		1.7222759e+03		8.1583544e+02		6.0290624e+02		2.1292920e+02
3.2300000e+02		3.2400000e+02		3.2350000e+02		4.6607071e+02		5.4161133e+02		1.6609147e+03		7.8583641e+02		5.7784275e+02		2.0799366e+02
3.2400000e+02		3.2500000e+02		3.2450000e+02		5.4882129e+02		6.3713531e+02		1.9517597e+03		9.2234926e+02		6.7482346e+02		2.4752581e+02
3.2500000e+02		3.2600000e+02		3.2550000e+02		6.3196128e+02		7.3291877e+02		2.2427846e+03		1.0586204e+03		7.7061834e+02		2.8800207e+02
3.2600000e+02		3.2700000e+02		3.2650000e+02		7.1301257e+02		8.2608966e+02		2.5252129e+03		1.1905120e+03		8.6223247e+02		3.2827951e+02
3.2700000e+02		3.2800000e+02		3.2750000e+02		6.8984049e+02		7.9844204e+02		2.4381216e+03		1.1480842e+03		8.2726230e+02		3.2082192e+02
3.2800000e+02		3.2900000e+02		3.2850000e+02		6.6596082e+02		7.7003117e+02		2.3488945e+03		1.1047504e+03		7.9195409e+02		3.1279626e+02
3.2900000e+02		3.3000000e+02		3.2950000e+02		7.7527139e+02		8.9552685e+02		2.7288469e+03		1.2819225e+03		9.1422193e+02		3.6770057e+02
3.3000000e+02		3.3100000e+02		3.3050000e+02		7.3029799e+02		8.4273416e+02		2.5653030e+03		1.2036577e+03		8.5395435e+02		3.4970339e+02
3.3100000e+02		3.3200000e+02		3.3150000e+02		6.9881652e+02		8.0560066e+02		2.4497264e+03		1.1480572e+03		8.1026084e+02		3.3779635e+02
3.3200000e+02		3.3300000e+02		3.3250000e+02		6.8562051e+02		7.8960016e+02		2.3985949e+03		1.1227534e+03		7.8824902e+02		3.3450437e+02
3.3300000e+02		3.3400000e+02		3.3350000e+02		6.5878216e+02		7.5793635e+02		2.3000461e+03		1.0753394e+03		7.5098378e+02		3.2435566e+02
3.3400000e+02		3.3500000e+02		3.3450000e+02		6.9405546e+02		7.9772529e+02		2.4183189e+03		1.1292868e+03		7.8448286e+02		3.4480390e+02
3.3500000e+02		3.3600000e+02		3.3550000e+02		6.8541663e+02		7.8701496e+02		2.3834271e+03		1.1116660e+03		7.6813272e+02		3.4353332e+02
3.3600000e+02		3.3700000e+02		3.3650000e+02		5.6469084e+02		6.4775269e+02		1.9596978e+03		9.1294285e+02		6.2744666e+02		2.8549619e+02
3.3700000e+02		3.3800000e+02		3.3750000e+02		5.9573781e+02		6.8269203e+02		2.0633267e+03		9.6007429e+02		6.5629346e+02		3.0378082e+02
3.3800000e+02		3.3900000e+02		3.3850000e+02		6.4448401e+02		7.3782630e+02		2.2277321e+03		1.0353388e+03		7.0392212e+02		3.3141667e+02
3.3900000e+02		3.4000000e+02		3.3950000e+02		6.7448220e+02		7.7141129e+02		2.3268202e+03		1.0801038e+03		7.3037434e+02		3.4972947e+02
3.4000000e+02		3.4100000e+02		3.4050000e+02		7.1196374e+02		8.1348240e+02		2.4512940e+03		1.1365321e+03		7.6434376e+02		3.7218833e+02
3.4100000e+02		3.4200000e+02		3.4150000e+02		6.4984945e+02		7.4178693e+02		2.2330539e+03		1.0341171e+03		6.9166055e+02		3.4245652e+02
3.4200000e+02		3.4300000e+02		3.4250000e+02		7.0477558e+02		8.0370155e+02		2.4170746e+03		1.1180092e+03		7.4365987e+02		3.7434932e+02
3.4300000e+02		3.4400000e+02		3.4350000e+02		6.9264465e+02		7.8910256e+02		2.3708624e+03		1.0953355e+03		7.2455499e+02		3.7078054e+02
3.4400000e+02		3.4500000e+02		3.4450000e+02		5.5710877e+02		6.3407920e+02		1.9032528e+03		8.7826095e+02		5.7774022e+02		3.0052073e+02
3.4500000e+02		3.4600000e+02		3.4550000e+02		6.7138909e+02		7.6341365e+02		2.2892617e+03		1.0551388e+03		6.9022911e+02		3.6490969e+02
3.4600000e+02		3.4700000e+02		3.4650000e+02		6.5194093e+02		7.4058970e+02		2.2186981e+03		1.0214104e+03		6.6442891e+02		3.5698149e+02
3.4700000e+02		3.4800000e+02		3.4750000e+02		6.4525828e+02		7.3229906e+02		2.1917777e+03		1.0078303e+03		6.5191396e+02		3.5591636e+02
3.4800000e+02		3.4900000e+02		3.4850000e+02		6.6761091e+02		7.5694711e+02		2.2634117e+03		1.0395474e+03		6.6863934e+02		3.7090801e+02
3.4900000e+02		3.5000000e+02		3.4950000e+02		6.3989005e+02		7.2483054e+02		2.1653445e+03		9.9334142e+02		6.3530356e+02		3.5803786e+02
3.5000000e+02		3.5100000e+02		3.5050000e+02		7.6650484e+02		8.6743489e+02		2.5889424e+03		1.1862763e+03		7.5438688e+02		4.3188942e+02
3.5100000e+02		3.5200000e+02		3.5150000e+02		7.1211510e+02		8.0512799e+02		2.4007556e+03		1.0987640e+03		6.9475038e+02		4.0401367e+02
3.5200000e+02		3.5300000e+02		3.5250000e+02		6.5785102e+02		7.4308236e+02		2.2137064e+03		1.0119772e+03		6.3621198e+02		3.7576520e+02
3.5300000e+02		3.5400000e+02		3.5350000e+02		7.5263834e+02		8.4936110e+02		2.5280055e+03		1.1543145e+03		7.2152742e+02		4.3278705e+02
3.5400000e+02		3.5500000e+02		3.5450000e+02		8.0329241e+02		9.0568741e+02		2.6932029e+03		1.2283211e+03		7.6335952e+02		4.6496159e+02
3.5500000e+02		3.5600000e+02		3.5550000e+02		7.5433512e+02		8.4970793e+02		2.5244576e+03		1.1500293e+03		7.1056809e+02		4.3946126e+02
3.5600000e+02		3.5700000e+02		3.5650000e+02		6.5576441e+02		7.3799928e+02		2.1906073e+03		9.9679249e+02		6.1231132e+02		3.8448117e+02
3.5700000e+02		3.5800000e+02		3.5750000e+02		5.7307986e+02		6.4435929e+02		1.9109505e+03		8.6854122e+02		5.3042015e+02		3.3812107e+02
3.5800000e+02		3.5900000e+02		3.5850000e+02		4.9194729e+02		5.5263515e+02		1.6374768e+03		7.4339283e+02		4.5133750e+02		2.9205532e+02
3.5900000e+02		3.6000000e+02		3.5950000e+02		7.1030971e+02		7.9721752e+02		2.3601051e+03		1.0702328e+03		6.4596105e+02		4.2427173e+02
3.6000000e+02		3.6100000e+02		3.6050000e+02		7.0092701e+02		7.8598311e+02		2.3248136e+03		1.0530288e+03		6.3183698e+02		4.2119186e+02
3.6100000e+02		3.6200000e+02		3.6150000e+02		6.5110481e+02		7.2946569e+02		2.1557717e+03		9.7535267e+02		5.8177483e+02		3.9357784e+02
3.6200000e+02		3.6300000e+02		3.6250000e+02		7.3500056e+02		8.2273017e+02		2.4292984e+03		1.0978630e+03		6.5097120e+02		4.4689177e+02
3.6300000e+02		3.6400000e+02		3.6350000e+02		7.1558904e+02		8.0029754e+02		2.3610381e+03		1.0658112e+03		6.2821217e+02		4.3759908e+02
3.6400000e+02		3.6500000e+02		3.6450000e+02		7.4837927e+02		8.3623796e+02		2.4649723e+03		1.1114784e+03		6.5122583e+02		4.6025255e+02
3.6500000e+02		3.6600000e+02		3.6550000e+02		8.5179486e+02		9.5096770e+02		2.8007938e+03		1.2614891e+03		7.3470146e+02		5.2678762e+02
3.6600000e+02		3.6700000e+02		3.6650000e+02		9.1042532e+02		1.0155470e+03		2.9884855e+03		1.3445242e+03		7.7836843e+02		5.6615575e+02
3.6700000e+02		3.6800000e+02		3.6750000e+02		8.7909512e+02		9.7975803e+02		2.8807679e+03		1.2946209e+03		7.4497361e+02		5.4964731e+02
3.6800000e+02		3.6900000e+02		3.6850000e+02		8.1047729e+02		9.0251292e+02		2.6514518e+03		1.1902461e+03		6.8078395e+02		5.0946213e+02
3.6900000e+02		3.7000000e+02		3.6950000e+02		8.9967825e+02		1.0009947e+03		2.9383633e+03		1.3175861e+03		7.4906338e+02		5.6852275e+02
3.7000000e+02		3.7100000e+02		3.7050000e+02		8.4427990e+02		9.3856717e+02		2.7528656e+03		1.2330506e+03		6.9675532e+02		5.3629530e+02
3.7100000e+02		3.7200000e+02		3.7150000e+02		8.7164560e+02		9.6817884e+02		2.8374207e+03		1.2695326e+03		7.1301066e+02		5.5652194e+02
3.7200000e+02		3.7300000e+02		3.7250000e+02		7.2411383e+02		8.0364013e+02		2.3533189e+03		1.0517852e+03		5.8711754e+02		4.6466766e+02
3.7300000e+02		3.7400000e+02		3.7350000e+02		6.3155746e+02		7.0034040e+02		2.0491884e+03		9.1486339e+02		5.0756686e+02		4.0729653e+02
3.7400000e+02		3.7500000e+02		3.7450000e+02		6.4642322e+02		7.1623774e+02		2.0940449e+03		9.3387852e+02		5.1494361e+02		4.1893491e+02
3.7500000e+02		3.7600000e+02		3.7550000e+02		7.4036161e+02		8.1965390e+02		2.3945167e+03		1.0667295e+03		5.8458715e+02		4.8214235e+02
3.7600000e+02		3.7700000e+02		3.7650000e+02		7.6758018e+02		8.4910062e+02		2.4786067e+03		1.1030065e+03		6.0074783e+02		5.0225870e+02
3.7700000e+02		3.7800000e+02		3.7750000e+02		9.0048278e+02		9.9531841e+02		2.9031809e+03		1.2905672e+03		6.9856612e+02		5.9200107e+02
3.7800000e+02		3.7900000e+02		3.7850000e+02		9.3786543e+02		1.0358117e+03		3.0189712e+03		1.3406135e+03		7.2116888e+02		6.1944464e+02
3.7900000e+02		3.8000000e+02		3.7950000e+02		7.6051322e+02		8.3927278e+02		2.4442740e+03		1.0842631e+03		5.7965339e+02		5.0460974e+02
3.8000000e+02		3.8100000e+02		3.8050000e+02		8.2814537e+02		9.1319070e+02		2.6575368e+03		1.1776232e+03		6.2565408e+02		5.5196915e+02
3.8100000e+02		3.8200000e+02		3.8150000e+02		7.4366886e+02		8.1939908e+02		2.3827957e+03		1.0547712e+03		5.5689644e+02		4.9787477e+02
3.8200000e+02		3.8300000e+02		3.8250000e+02		5.3336093e+02		5.8721953e+02		1.7063489e+03		7.5454611e+02		3.9589895e+02		3.5864716e+02
3.8300000e+02		3.8400000e+02		3.8350000e+02		4.7073026e+02		5.1786584e+02		1.5037065e+03		6.6424709e+02		3.4634175e+02		3.1790534e+02
3.8400000e+02		3.8500000e+02		3.8450000e+02		6.2969557e+02		6.9221991e+02		2.0084952e+03		8.8631517e+02		4.5923433e+02		4.2708084e+02
3.8500000e+02		3.8600000e+02		3.8550000e+02		6.6694888e+02		7.3261656e+02		2.1241579e+03		9.3639082e+02		4.8213506e+02		4.5425576e+02
3.8600000e+02		3.8700000e+02		3.8650000e+02		6.6977732e+02		7.3517004e+02		2.1300197e+03		9.3801362e+02		4.7993306e+02		4.5808056e+02
3.8700000e+02		3.8800000e+02		3.8750000e+02		6.6902499e+02		7.3379597e+02		2.1245127e+03		9.3463537e+02		4.7519114e+02		4.5944424e+02
3.8800000e+02		3.8900000e+02		3.8850000e+02		6.7841027e+02		7.4353847e+02		2.1511864e+03		9.4541069e+02		4.7763480e+02		4.6777589e+02
3.8900000e+02		3.9000000e+02		3.8950000e+02		8.1451188e+02		8.9204945e+02		2.5790308e+03		1.1322981e+03		5.6843449e+02		5.6386364e+02
3.9000000e+02		3.9100000e+02		3.9050000e+02		8.5560997e+02		9.3637593e+02		2.7052863e+03		1.1865377e+03		5.9188901e+02		5.9464865e+02
3.9100000e+02		3.9200000e+02		3.9150000e+02		9.2006232e+02		1.0061830e+03		2.9049437e+03		1.2728356e+03		6.3090681e+02		6.4192877e+02
3.9200000e+02		3.9300000e+02		3.9250000e+02		7.0614281e+02		7.7168490e+02		2.2263881e+03		9.7454975e+02		4.7998339e+02		4.9456636e+02
3.9300000e+02		3.9400000e+02		3.9350000e+02		4.3291589e+02		4.7276044e+02		1.3630270e+03		5.9604417e+02		2.9169243e+02		3.0435174e+02
3.9400000e+02		3.9500000e+02		3.9450000e+02		7.1565803e+02		7.8097242e+02		2.2501105e+03		9.8299414e+02		4.7798854e+02		5.0500560e+02
3.9500000e+02		3.9600000e+02		3.9550000e+02		8.7888136e+02		9.5841883e+02		2.7595016e+03		1.2043511e+03		5.8188200e+02		6.2246910e+02
3.9600000e+02		3.9700000e+02		3.9650000e+02		6.0712893e+02		6.6161194e+02		1.9036544e+03		8.3001945e+02		3.9845644e+02		4.3156301e+02
3.9700000e+02		3.9800000e+02		3.9750000e+02		6.8053003e+02		7.4108736e+02		2.1309142e+03		9.2820971e+02		4.4273623e+02		4.8547348e+02
3.9800000e+02		3.9900000e+02		3.9850000e+02		1.0480559e+03		1.1405350e+03		3.2773231e+03		1.4262042e+03		6.7590044e+02		7.5030375e+02
3.9900000e+02		4.0000000e+02		3.9950000e+02		1.1577145e+03		1.2590127e+03		3.6154061e+03		1.5718248e+03		7.4012149e+02		8.3170332e+02
4.0000000e+02		4.0100000e+02		4.0050000e+02		1.1939713e+03		1.2975655e+03		3.7237020e+03		1.6173682e+03		7.5666128e+02		8.6070695e+02
4.0100000e+02		4.0200000e+02		4.0150000e+02		1.2509583e+03		1.3585868e+03		3.8963134e+03		1.6907412e+03		7.8588579e+02		9.0485540e+02
4.0200000e+02		4.0300000e+02		4.0250000e+02		1.2664199e+03		1.3744652e+03		3.9393391e+03		1.7078048e+03		7.8868989e+02		9.1911487e+02
4.0300000e+02		4.0400000e+02		4.0350000e+02		1.2115903e+03		1.3140915e+03		3.7639217e+03		1.6302318e+03		7.4799606e+02		8.8223575e+02
4.0400000e+02		4.0500000e+02		4.0450000e+02		1.1914959e+03		1.2914526e+03		3.6967582e+03		1.5996541e+03		7.2921258e+02		8.7044151e+02
4.0500000e+02		4.0600000e+02		4.0550000e+02		1.1904731e+03		1.2895076e+03		3.6888948e+03		1.5947768e+03		7.2227475e+02		8.7250210e+02
4.0600000e+02		4.0700000e+02		4.0650000e+02		1.1388815e+03		1.2328311e+03		3.5245844e+03		1.5223430e+03		6.8499256e+02		8.3735041e+02
4.0700000e+02		4.0800000e+02		4.0750000e+02		1.1575323e+03		1.2522214e+03		3.5778295e+03		1.5439297e+03		6.9018926e+02		8.5374046e+02
4.0800000e+02		4.0900000e+02		4.0850000e+02		1.2307397e+03		1.3305753e+03		3.7993938e+03		1.6380526e+03		7.2749902e+02		9.1055358e+02
4.0900000e+02		4.1000000e+02		4.0950000e+02		1.2243097e+03		1.3227935e+03		3.7748994e+03		1.6260238e+03		7.1745064e+02		9.0857321e+02
4.1000000e+02		4.1100000e+02		4.1050000e+02		1.1216634e+03		1.2111364e+03		3.4541964e+03		1.4865478e+03		6.5163032e+02		8.3491750e+02
4.1100000e+02		4.1200000e+02		4.1150000e+02		1.3003372e+03		1.4031965e+03		3.9995876e+03		1.7197280e+03		7.4892143e+02		9.7080654e+02
4.1200000e+02		4.1300000e+02		4.1250000e+02		1.2760342e+03		1.3761287e+03		3.9201313e+03		1.6840702e+03		7.2859753e+02		9.5547268e+02
4.1300000e+02		4.1400000e+02		4.1350000e+02		1.2308584e+03		1.3266038e+03		3.7768504e+03		1.6210886e+03		6.9675841e+02		9.2433015e+02
4.1400000e+02		4.1500000e+02		4.1450000e+02		1.2488872e+03		1.3452251e+03		3.8276531e+03		1.6414560e+03		7.0088984e+02		9.4056620e+02
4.1500000e+02		4.1600000e+02		4.1550000e+02		1.2477523e+03		1.3432008e+03		3.8197036e+03		1.6366221e+03		6.9424236e+02		9.4237977e+02
4.1600000e+02		4.1700000e+02		4.1650000e+02		1.2947363e+03		1.3929542e+03		3.9589386e+03		1.6948136e+03		7.1420684e+02		9.8060674e+02
4.1700000e+02		4.1800000e+02		4.1750000e+02		1.1781342e+03		1.2667631e+03		3.5982602e+03		1.5390846e+03		6.4431945e+02		8.9476513e+02
4.1800000e+02		4.1900000e+02		4.1850000e+02		1.2217101e+03		1.3128530e+03		3.7270954e+03		1.5928303e+03		6.6243353e+02		9.3039679e+02
4.1900000e+02		4.2000000e+02		4.1950000e+02		1.2338424e+03		1.3251255e+03		3.7598517e+03		1.6054661e+03		6.6329302e+02		9.4217311e+02
4.2000000e+02		4.2100000e+02		4.2050000e+02		1.2494927e+03		1.3411661e+03		3.8032735e+03		1.6226384e+03		6.6597056e+02		9.5666782e+02
4.2100000e+02		4.2200000e+02		4.2150000e+02		1.2299982e+03		1.3194926e+03		3.7397727e+03		1.5942098e+03		6.4998804e+02		9.4422178e+02
4.2200000e+02		4.2300000e+02		4.2250000e+02		1.1657134e+03		1.2498272e+03		3.5404094e+03		1.5079681e+03		6.1076806e+02		8.9720009e+02
4.2300000e+02		4.2400000e+02		4.2350000e+02		1.2419943e+03		1.3308698e+03		3.7679601e+03		1.6035618e+03		6.4519629e+02		9.5836555e+02
4.2400000e+02		4.2500000e+02		4.2450000e+02		1.2850442e+03		1.3762391e+03		3.8943392e+03		1.6559844e+03		6.6188448e+02		9.9409989e+02
4.2500000e+02		4.2600000e+02		4.2550000e+02		1.2367256e+03		1.3237655e+03		3.7438811e+03		1.5907058e+03		6.3158749e+02		9.5911832e+02
4.2600000e+02		4.2700000e+02		4.2650000e+02		1.2316584e+03		1.3176253e+03		3.7245681e+03		1.5812167e+03		6.2366403e+02		9.5755269e+02
4.2700000e+02		4.2800000e+02		4.2750000e+02		1.1420512e+03		1.2211055e+03		3.4499444e+03		1.4634488e+03		5.7339052e+02		8.9005830e+02
4.2800000e+02		4.2900000e+02		4.2850000e+02		1.1495483e+03		1.2284650e+03		3.4689539e+03		1.4703347e+03		5.7226994e+02		8.9806478e+02
4.2900000e+02		4.3000000e+02		4.2950000e+02		1.0698649e+03		1.1427058e+03		3.2251423e+03		1.3659070e+03		5.2809950e+02		8.3780745e+02
4.3000000e+02		4.3100000e+02		4.3050000e+02		8.6065012e+02		9.1876421e+02		2.5917856e+03		1.0968017e+03		4.2124126e+02		6.7556045e+02
4.3100000e+02		4.3200000e+02		4.3150000e+02		1.0641754e+03		1.1354409e+03		3.2014148e+03		1.3537239e+03		5.1646313e+02		8.3726079e+02
4.3200000e+02		4.3300000e+02		4.3250000e+02		1.1990384e+03		1.2786752e+03		3.6034783e+03		1.5225496e+03		5.7701281e+02		9.4553674e+02
4.3300000e+02		4.3400000e+02		4.3350000e+02		1.3017454e+03		1.3874936e+03		3.9082174e+03		1.6500301e+03		6.2116804e+02		1.0288621e+03
4.3400000e+02		4.3500000e+02		4.3450000e+02		1.1054356e+03		1.1776550e+03		3.3155355e+03		1.3987262e+03		5.2306019e+02		8.7566605e+02
4.3500000e+02		4.3600000e+02		4.3550000e+02		1.2347447e+03		1.3147507e+03		3.6997185e+03		1.5596094e+03		5.7934206e+02		9.8026737e+02
4.3600000e+02		4.3700000e+02		4.3650000e+02		1.3814970e+03		1.4702787e+03		4.1353894e+03		1.7419430e+03		6.4276474e+02		1.0991783e+03
4.3700000e+02		4.3800000e+02		4.3750000e+02		1.2223713e+03		1.3002840e+03		3.6555119e+03		1.5386447e+03		5.6396739e+02		9.7467731e+02
4.3800000e+02		4.3900000e+02		4.3850000e+02		1.1905029e+03		1.2657641e+03		3.5567859e+03		1.4959694e+03		5.4467150e+02		9.5129787e+02
4.3900000e+02		4.4000000e+02		4.3950000e+02		1.3250738e+03		1.4081582e+03		3.9550605e+03		1.6622455e+03		6.0117680e+02		1.0610687e+03
4.4000000e+02		4.4100000e+02		4.4050000e+02		1.2562739e+03		1.3344019e+03		3.7461638e+03		1.5732873e+03		5.6520900e+02		1.0080783e+03
4.4100000e+02		4.4200000e+02		4.4150000e+02		1.3817384e+03		1.4669688e+03		4.1164339e+03		1.7275231e+03		6.1647829e+02		1.1110449e+03
4.4200000e+02		4.4300000e+02		4.4250000e+02		1.4526378e+03		1.5415120e+03		4.3236354e+03		1.8131571e+03		6.4271913e+02		1.1704380e+03
4.4300000e+02		4.4400000e+02		4.4350000e+02		1.4050936e+03		1.4903599e+03		4.1782734e+03		1.7509311e+03		6.1651799e+02		1.1344131e+03
4.4400000e+02		4.4500000e+02		4.4450000e+02		1.4475318e+03		1.5346598e+03		4.3005404e+03		1.8008736e+03		6.2986859e+02		1.1710050e+03
4.4500000e+02		4.4600000e+02		4.4550000e+02		1.3420773e+03		1.4222024e+03		3.9836319e+03		1.6669768e+03		5.7914252e+02		1.0878343e+03
4.4600000e+02		4.4700000e+02		4.4650000e+02		1.3689269e+03		1.4499925e+03		4.0596825e+03		1.6975976e+03		5.8584001e+02		1.1117576e+03
4.4700000e+02		4.4800000e+02		4.4750000e+02		1.4837056e+03		1.5708567e+03		4.3961557e+03		1.8370044e+03		6.2971225e+02		1.2072922e+03
4.4800000e+02		4.4900000e+02		4.4850000e+02		1.4587166e+03		1.5437069e+03		4.3183029e+03		1.8032122e+03		6.1399630e+02		1.1892159e+03
4.4900000e+02		4.5000000e+02		4.4950000e+02		1.4737837e+03		1.5589581e+03		4.3590925e+03		1.8189827e+03		6.1522479e+02		1.2037579e+03
4.5000000e+02		4.5100000e+02		4.5050000e+02		1.5636828e+03		1.6533234e+03		4.6209838e+03		1.9269381e+03		6.4737932e+02		1.2795588e+03
4.5100000e+02		4.5200000e+02		4.5150000e+02		1.5589734e+03		1.6476236e+03		4.6031084e+03		1.9181716e+03		6.4012355e+02		1.2780481e+03
4.5200000e+02		4.5300000e+02		4.5250000e+02		1.4757889e+03		1.5590331e+03		4.3537819e+03		1.8130425e+03		6.0099263e+02		1.2120499e+03
4.5300000e+02		4.5400000e+02		4.5350000e+02		1.4141855e+03		1.4933133e+03		4.1685207e+03		1.7347240e+03		5.7118392e+02		1.1635401e+03
4.5400000e+02		4.5500000e+02		4.5450000e+02		1.5096596e+03		1.5934509e+03		4.4462198e+03		1.8490497e+03		6.0475326e+02		1.2442964e+03
4.5500000e+02		4.5600000e+02		4.5550000e+02		1.4952815e+03		1.5776088e+03		4.4002194e+03		1.8287033e+03		5.9409601e+02		1.2346073e+03
4.5600000e+02		4.5700000e+02		4.5650000e+02		1.5527317e+03		1.6375370e+03		4.5655215e+03		1.8961498e+03		6.1188460e+02		1.2842652e+03
4.5700000e+02		4.5800000e+02		4.5750000e+02		1.5677329e+03		1.6526721e+03		4.6058707e+03		1.9116544e+03		6.1275877e+02		1.2988956e+03
4.5800000e+02		4.5900000e+02		4.5850000e+02		1.4734199e+03		1.5526109e+03		4.3252874e+03		1.7940313e+03		5.7120672e+02		1.2228246e+03
4.5900000e+02		4.6000000e+02		4.5950000e+02		1.5222067e+03		1.6033665e+03		4.4649221e+03		1.8507526e+03		5.8532178e+02		1.2654308e+03
4.6000000e+02		4.6100000e+02		4.6050000e+02		1.5039223e+03		1.5834677e+03		4.4077859e+03		1.8258976e+03		5.7359546e+02		1.2523022e+03
4.6100000e+02		4.6200000e+02		4.6150000e+02		1.5386000e+03		1.6193312e+03		4.5058699e+03		1.8653402e+03		5.8206338e+02		1.2832768e+03
4.6200000e+02		4.6300000e+02		4.6250000e+02		1.5538294e+03		1.6347110e+03		4.5469173e+03		1.8811434e+03		5.8306519e+02		1.2980782e+03
4.6300000e+02		4.6400000e+02		4.6350000e+02		1.5018384e+03		1.5793925e+03		4.3913765e+03		1.8156534e+03		5.5899925e+02		1.2566541e+03
4.6400000e+02		4.6500000e+02		4.6450000e+02		1.5281564e+03		1.6064432e+03		4.4649020e+03		1.8449033e+03		5.6420260e+02		1.2807007e+03
4.6500000e+02		4.6600000e+02		4.6550000e+02		1.4760608e+03		1.5510793e+03		4.3094111e+03		1.7795531e+03		5.4057481e+02		1.2389783e+03
4.6600000e+02		4.6700000e+02		4.6650000e+02		1.4854121e+03		1.5603082e+03		4.3334428e+03		1.7883783e+03		5.3961974e+02		1.2487586e+03
4.6700000e+02		4.6800000e+02		4.6750000e+02		1.4997486e+03		1.5747696e+03		4.3719968e+03		1.8031897e+03		5.4044772e+02		1.2627420e+03
4.6800000e+02		4.6900000e+02		4.6850000e+02		1.4665907e+03		1.5393737e+03		4.2721686e+03		1.7609505e+03		5.2425617e+02		1.2366943e+03
4.6900000e+02		4.7000000e+02		4.6950000e+02		1.5086728e+03		1.5829537e+03		4.3915254e+03		1.8090611e+03		5.3497581e+02		1.2740853e+03
4.7000000e+02		4.7100000e+02		4.7050000e+02		1.4256243e+03		1.4952634e+03		4.1467617e+03		1.7072138e+03		5.0148009e+02		1.2057337e+03
4.7100000e+02		4.7200000e+02		4.7150000e+02		1.4904926e+03		1.5627276e+03		4.3323168e+03		1.7825508e+03		5.2010738e+02		1.2624434e+03
4.7200000e+02		4.7300000e+02		4.7250000e+02		1.5269264e+03		1.6003457e+03		4.4350406e+03		1.8237449e+03		5.2856811e+02		1.2951768e+03
4.7300000e+02		4.7400000e+02		4.7350000e+02		1.4995420e+03		1.5710788e+03		4.3524114e+03		1.7887229e+03		5.1495138e+02		1.2737715e+03
4.7400000e+02		4.7500000e+02		4.7450000e+02		1.5448084e+03		1.6179272e+03		4.4806437e+03		1.8403568e+03		5.2627416e+02		1.3140827e+03
4.7500000e+02		4.7600000e+02		4.7550000e+02		1.5413846e+03		1.6137704e+03		4.4675965e+03		1.8339433e+03		5.2093478e+02		1.3130085e+03
4.7600000e+02		4.7700000e+02		4.7650000e+02		1.4853490e+03		1.5545581e+03		4.3022059e+03		1.7650432e+03		4.9801320e+02		1.2670300e+03
4.7700000e+02		4.7800000e+02		4.7750000e+02		1.5508368e+03		1.6225332e+03		4.4888092e+03		1.8405571e+03		5.1585014e+02		1.3247070e+03
4.7800000e+02		4.7900000e+02		4.7850000e+02		1.5358791e+03		1.6063305e+03		4.4424957e+03		1.8205432e+03		5.0683278e+02		1.3137105e+03
4.7900000e+02		4.8000000e+02		4.7950000e+02		1.5403519e+03		1.6104584e+03		4.4524334e+03		1.8235977e+03		5.0429299e+02		1.3193047e+03
4.8000000e+02		4.8100000e+02		4.8050000e+02		1.5442750e+03		1.6140137e+03		4.4607939e+03		1.8260101e+03		5.0158905e+02		1.3244211e+03
4.8100000e+02		4.8200000e+02		4.8150000e+02		1.5475498e+03		1.6168937e+03		4.4672957e+03		1.8276664e+03		4.9869335e+02		1.3289730e+03
4.8200000e+02		4.8300000e+02		4.8250000e+02		1.5416562e+03		1.6102004e+03		4.4473635e+03		1.8185189e+03		4.9288673e+02		1.3256322e+03
4.8300000e+02		4.8400000e+02		4.8350000e+02		1.5183412e+03		1.5853261e+03		4.3772562e+03		1.7888828e+03		4.8162024e+02		1.3072625e+03
4.8400000e+02		4.8500000e+02		4.8450000e+02		1.4920771e+03		1.5573943e+03		4.2987660e+03		1.7558612e+03		4.6957774e+02		1.2862835e+03
4.8500000e+02		4.8600000e+02		4.8550000e+02		1.4021236e+03		1.4630290e+03		4.0370228e+03		1.6480705e+03		4.3781288e+02		1.2102576e+03
4.8600000e+02		4.8700000e+02		4.8650000e+02		1.2173217e+03		1.2697919e+03		3.5027168e+03		1.4291886e+03		3.7713662e+02		1.0520520e+03
4.8700000e+02		4.8800000e+02		4.8750000e+02		1.3927585e+03		1.4523283e+03		4.0050010e+03		1.6332730e+03		4.2811989e+02		1.2051531e+03
4.8800000e+02		4.8900000e+02		4.8850000e+02		1.4651201e+03		1.5273029e+03		4.2104599e+03		1.7161650e+03		4.4685247e+02		1.2693125e+03
4.8900000e+02		4.9000000e+02		4.8950000e+02		1.4372192e+03		1.4977494e+03		4.1277288e+03		1.6815729e+03		4.3493107e+02		1.2466418e+03
4.9000000e+02		4.9100000e+02		4.9050000e+02		1.5307557e+03		1.5947308e+03		4.3936776e+03		1.7889963e+03		4.5963691e+02		1.3293593e+03
4.9100000e+02		4.9200000e+02		4.9150000e+02		1.4425606e+03		1.5023880e+03		4.1380222e+03		1.6840401e+03		4.2979346e+02		1.2542467e+03
4.9200000e+02		4.9300000e+02		4.9250000e+02		1.3729411e+03		1.4294457e+03		3.9359482e+03		1.6009915e+03		4.0588171e+02		1.1951098e+03
4.9300000e+02		4.9400000e+02		4.9350000e+02		1.4509629e+03		1.5102225e+03		4.1571409e+03		1.6901143e+03		4.2562863e+02		1.2644857e+03
4.9400000e+02		4.9500000e+02		4.9450000e+02		1.4929449e+03		1.5534541e+03		4.2748946e+03		1.7371210e+03		4.3456063e+02		1.3025604e+03
4.9500000e+02		4.9600000e+02		4.9550000e+02		1.4663156e+03		1.5252928e+03		4.1961838e+03		1.7042923e+03		4.2351739e+02		1.2807750e+03
4.9600000e+02		4.9700000e+02		4.9650000e+02		1.4846220e+03		1.5438814e+03		4.2461032e+03		1.7237199e+03		4.2550238e+02		1.2982175e+03
4.9700000e+02		4.9800000e+02		4.9750000e+02		1.5123203e+03		1.5722268e+03		4.3228305e+03		1.7540117e+03		4.3010778e+02		1.3239040e+03
4.9800000e+02		4.9900000e+02		4.9850000e+02		1.3744029e+03		1.4284333e+03		3.9263627e+03		1.5923717e+03		3.8788243e+02		1.2044892e+03
4.9900000e+02		5.0000000e+02		4.9950000e+02		1.4721832e+03		1.5296192e+03		4.2033182e+03		1.7038745e+03		4.1229260e+02		1.2915819e+03
