Left Bin Edge (nm)	Right Bin Edge (nm)	Bin Center (nm)		Top of Atm Intensity (erg/s/nm/cm2)		Total Surface Flux (erg/s/nm/cm2)		Total Intensity at BOA (erg/s/nm/cm2)		Total Surface Intensity (erg/s/nm/cm2)		Total Surface Diffuse Intensity (erg/s/nm/cm2)		Total Surface Direct Intensity (erg/s/nm/cm2)
1.0000000e+02		1.0100000e+02		1.0050000e+02		4.4569042e-02		2.4525374e-199		0.0000000e+00		4.2479194e-199		4.2479194e-199		0.0000000e+00
1.0100000e+02		1.0200000e+02		1.0150000e+02		1.7387199e-01		2.8780738e-197		0.0000000e+00		4.9849701e-197		4.9849701e-197		0.0000000e+00
1.0200000e+02		1.0300000e+02		1.0250000e+02		9.2286085e-01		3.0760917e-195		0.0000000e+00		5.3279471e-195		5.3279471e-195		0.0000000e+00
1.0300000e+02		1.0400000e+02		1.0350000e+02		7.0094286e-01		3.0025219e-193		0.0000000e+00		5.2005205e-193		5.2005205e-193		0.0000000e+00
1.0400000e+02		1.0500000e+02		1.0450000e+02		1.4124828e-01		2.6834655e-191		0.0000000e+00		4.6478986e-191		4.6478986e-191		0.0000000e+00
1.0500000e+02		1.0600000e+02		1.0550000e+02		4.8389941e-02		2.2015022e-189		0.0000000e+00		3.8131136e-189		3.8131136e-189		0.0000000e+00
1.0600000e+02		1.0700000e+02		1.0650000e+02		4.5487167e-02		1.6618998e-187		0.0000000e+00		2.8784950e-187		2.8784950e-187		0.0000000e+00
1.0700000e+02		1.0800000e+02		1.0750000e+02		5.0757295e-02		1.1570801e-185		0.0000000e+00		2.0041216e-185		2.0041216e-185		0.0000000e+00
1.0800000e+02		1.0900000e+02		1.0850000e+02		7.1152114e-02		7.4467667e-184		0.0000000e+00		1.2898178e-183		1.2898178e-183		0.0000000e+00
1.0900000e+02		1.1000000e+02		1.0950000e+02		5.5817450e-02		4.4397210e-182		0.0000000e+00		7.6898224e-182		7.6898224e-182		0.0000000e+00
1.1000000e+02		1.1100000e+02		1.1050000e+02		5.4043772e-02		2.4571430e-180		0.0000000e+00		4.2558966e-180		4.2558966e-180		0.0000000e+00
1.1100000e+02		1.1200000e+02		1.1150000e+02		5.0797691e-02		1.2649199e-178		0.0000000e+00		2.1909055e-178		2.1909055e-178		0.0000000e+00
1.1200000e+02		1.1300000e+02		1.1250000e+02		5.1969037e-02		6.0686694e-177		0.0000000e+00		1.0511244e-176		1.0511244e-176		0.0000000e+00
1.1300000e+02		1.1400000e+02		1.1350000e+02		4.1221387e-02		2.7185178e-175		0.0000000e+00		4.7086109e-175		4.7086109e-175		0.0000000e+00
1.1400000e+02		1.1500000e+02		1.1450000e+02		3.1562600e-02		1.1390983e-173		0.0000000e+00		1.9729761e-173		1.9729761e-173		0.0000000e+00
1.1500000e+02		1.1600000e+02		1.1550000e+02		4.3552050e-02		4.4723466e-172		0.0000000e+00		7.7463316e-172		7.7463316e-172		0.0000000e+00
1.1600000e+02		1.1700000e+02		1.1650000e+02		1.0143732e-01		1.6481016e-170		0.0000000e+00		2.8545957e-170		2.8545957e-170		0.0000000e+00
1.1700000e+02		1.1800000e+02		1.1750000e+02		3.6108525e-01		5.7096687e-169		0.0000000e+00		9.8894363e-169		9.8894363e-169		0.0000000e+00
1.1800000e+02		1.1900000e+02		1.1850000e+02		1.2283927e-01		1.8625015e-167		0.0000000e+00		3.2259472e-167		3.2259472e-167		0.0000000e+00
1.1900000e+02		1.2000000e+02		1.1950000e+02		1.7115732e-01		5.7292620e-166		0.0000000e+00		9.9233728e-166		9.9233728e-166		0.0000000e+00
1.2000000e+02		1.2100000e+02		1.2050000e+02		9.3056497e-01		1.6643812e-164		0.0000000e+00		2.8827928e-164		2.8827928e-164		0.0000000e+00
1.2100000e+02		1.2200000e+02		1.2150000e+02		3.6941242e+01		4.5727112e-163		0.0000000e+00		7.9201682e-163		7.9201682e-163		0.0000000e+00
1.2200000e+02		1.2300000e+02		1.2250000e+02		2.4773856e-01		1.1897515e-161		0.0000000e+00		2.0607101e-161		2.0607101e-161		0.0000000e+00
1.2300000e+02		1.2400000e+02		1.2350000e+02		1.3344721e-01		2.9354567e-160		3.4291052e-161		5.0843601e-160		5.0843601e-160		0.0000000e+00
1.2400000e+02		1.2500000e+02		1.2450000e+02		1.0726631e-01		6.8768393e-159		8.2608015e-160		1.1911035e-158		1.1911035e-158		0.0000000e+00
1.2500000e+02		1.2600000e+02		1.2550000e+02		1.0471361e-01		1.5315635e-157		1.8896777e-158		2.6527458e-157		2.6527458e-157		0.0000000e+00
1.2600000e+02		1.2700000e+02		1.2650000e+02		1.4644878e-01		3.2466548e-156		4.1126723e-157		5.6233710e-156		5.6233710e-156		0.0000000e+00
1.2700000e+02		1.2800000e+02		1.2750000e+02		7.6659940e-02		6.5583994e-155		8.5259346e-156		1.1359481e-154		1.1359481e-154		0.0000000e+00
1.2800000e+02		1.2900000e+02		1.2850000e+02		6.1165494e-02		1.2638926e-153		1.6855240e-154		2.1891262e-153		2.1891262e-153		0.0000000e+00
1.2900000e+02		1.3000000e+02		1.2950000e+02		8.1594975e-02		2.3262038e-152		3.1811348e-153		4.0291032e-152		4.0291032e-152		0.0000000e+00
1.3000000e+02		1.3100000e+02		1.3050000e+02		6.7007791e-01		4.0932744e-151		5.7378313e-152		7.0897592e-151		7.0897592e-151		0.0000000e+00
1.3100000e+02		1.3200000e+02		1.3150000e+02		9.0731094e-02		6.8932752e-150		9.9010676e-151		1.1939503e-149		1.1939503e-149		0.0000000e+00
1.3200000e+02		1.3300000e+02		1.3250000e+02		7.0547730e-02		1.1121023e-148		1.6361427e-149		1.9262177e-148		1.9262177e-148		0.0000000e+00
1.3300000e+02		1.3400000e+02		1.3350000e+02		9.5357088e-01		1.7204732e-147		2.5917228e-148		2.9799470e-147		2.9799470e-147		0.0000000e+00
1.3400000e+02		1.3500000e+02		1.3450000e+02		6.5246966e-02		2.5547146e-146		3.9390801e-147		4.4248954e-146		4.4248954e-146		0.0000000e+00
1.3500000e+02		1.3600000e+02		1.3550000e+02		1.3692679e-01		3.6443771e-145		5.7496210e-146		6.3122464e-145		6.3122464e-145		0.0000000e+00
1.3600000e+02		1.3700000e+02		1.3650000e+02		8.9861989e-02		4.9988982e-144		8.0669275e-145		8.6583456e-144		8.6583456e-144		0.0000000e+00
1.3700000e+02		1.3800000e+02		1.3750000e+02		9.2282630e-02		6.5988421e-143		1.0888721e-143		1.1429530e-142		1.1429530e-142		0.0000000e+00
1.3800000e+02		1.3900000e+02		1.3850000e+02		9.4180145e-02		8.3900646e-142		1.4151749e-142		1.4532018e-141		1.4532018e-141		0.0000000e+00
1.3900000e+02		1.4000000e+02		1.3950000e+02		3.1801144e-01		1.0282963e-140		1.7724016e-141		1.7810614e-140		1.7810614e-140		0.0000000e+00
1.4000000e+02		1.4100000e+02		1.4050000e+02		2.7729440e-01		1.2158160e-139		2.1408050e-140		2.1058551e-139		2.1058551e-139		0.0000000e+00
1.4100000e+02		1.4200000e+02		1.4150000e+02		1.3359910e-01		1.3878600e-138		2.4956832e-139		2.4038441e-138		2.4038441e-138		0.0000000e+00
1.4200000e+02		1.4300000e+02		1.4250000e+02		1.4479671e-01		1.5306434e-137		2.8101173e-138		2.6511521e-137		2.6511521e-137		0.0000000e+00
1.4300000e+02		1.4400000e+02		1.4350000e+02		1.6064305e-01		1.6321728e-136		3.0584355e-137		2.8270061e-136		2.8270061e-136		0.0000000e+00
1.4400000e+02		1.4500000e+02		1.4450000e+02		1.5363637e-01		1.6839400e-135		3.2197353e-136		2.9166697e-135		2.9166697e-135		0.0000000e+00
1.4500000e+02		1.4600000e+02		1.4550000e+02		1.6382583e-01		1.6820997e-134		3.2808434e-135		2.9134822e-134		2.9134822e-134		0.0000000e+00
1.4600000e+02		1.4700000e+02		1.4650000e+02		1.9977093e-01		1.6279069e-133		3.2380679e-134		2.8196175e-133		2.8196175e-133		0.0000000e+00
1.4700000e+02		1.4800000e+02		1.4750000e+02		2.4643334e-01		1.5273566e-132		3.0974499e-133		2.6454592e-132		2.6454592e-132		0.0000000e+00
1.4800000e+02		1.4900000e+02		1.4850000e+02		2.4167300e-01		1.3901352e-131		2.8735293e-132		2.4077849e-131		2.4077849e-131		0.0000000e+00
1.4900000e+02		1.5000000e+02		1.4950000e+02		2.1832777e-01		1.2281314e-130		2.5869487e-131		2.1271861e-130		2.1271861e-130		0.0000000e+00
1.5000000e+02		1.5100000e+02		1.5050000e+02		2.4023073e-01		1.0538097e-129		2.2614217e-130		1.8252520e-129		1.8252520e-129		0.0000000e+00
1.5100000e+02		1.5200000e+02		1.5150000e+02		2.5258505e-01		8.7874046e-129		1.9206623e-129		1.5220231e-128		1.5220231e-128		0.0000000e+00
1.5200000e+02		1.5300000e+02		1.5250000e+02		3.2229547e-01		7.1250028e-128		1.5857844e-128		1.2340867e-127		1.2340867e-127		0.0000000e+00
1.5300000e+02		1.5400000e+02		1.5350000e+02		3.5701286e-01		5.6204872e-127		1.2735083e-127		9.7349695e-127		9.7349695e-127		0.0000000e+00
1.5400000e+02		1.5500000e+02		1.5450000e+02		9.5486931e-01		4.3157844e-126		9.9531287e-127		7.4751579e-126		7.4751579e-126		0.0000000e+00
1.5500000e+02		1.5600000e+02		1.5550000e+02		7.8587524e-01		3.2275180e-125		7.5744060e-126		5.5902252e-125		5.5902252e-125		0.0000000e+00
1.5600000e+02		1.5700000e+02		1.5650000e+02		4.6648084e-01		2.3519128e-124		5.6156112e-125		4.0736325e-124		4.0736325e-124		0.0000000e+00
1.5700000e+02		1.5800000e+02		1.5750000e+02		4.2309893e-01		1.6708288e-123		4.0582467e-124		2.8939604e-123		2.8939604e-123		0.0000000e+00
1.5800000e+02		1.5900000e+02		1.5850000e+02		3.9008072e-01		1.1577341e-122		2.8605965e-123		2.0052543e-122		2.0052543e-122		0.0000000e+00
1.5900000e+02		1.6000000e+02		1.5950000e+02		3.8042347e-01		7.8278164e-122		1.9708058e-122		1.3558176e-121		1.3558176e-121		0.0000000e+00
1.6000000e+02		1.6100000e+02		1.6050000e+02		4.1635449e-01		5.1670790e-121		1.3249896e-121		8.9496434e-121		8.9496434e-121		0.0000000e+00
1.6100000e+02		1.6200000e+02		1.6150000e+02		4.7164413e-01		3.3313784e-120		8.6906831e-121		5.7701166e-120		5.7701166e-120		0.0000000e+00
1.6200000e+02		1.6300000e+02		1.6250000e+02		5.2241459e-01		2.0987497e-119		5.5672552e-120		3.6351411e-119		3.6351411e-119		0.0000000e+00
1.6300000e+02		1.6400000e+02		1.6350000e+02		1.1072121e+00		1.2925552e-118		3.4818789e-119		2.2387713e-118		2.2387713e-118		0.0000000e+00
1.6400000e+02		1.6500000e+02		1.6450000e+02		1.1323318e+00		7.7850545e-118		2.1286217e-118		1.3484110e-117		1.3484110e-117		0.0000000e+00
1.6500000e+02		1.6600000e+02		1.6550000e+02		1.3255566e+00		4.5874608e-117		1.2727846e-117		7.9457152e-117		7.9457152e-117		0.0000000e+00
1.6600000e+02		1.6700000e+02		1.6650000e+02		6.2522883e-01		2.6457690e-116		7.4472647e-117		4.5826064e-116		4.5826064e-116		0.0000000e+00
1.6700000e+02		1.6800000e+02		1.6750000e+02		6.6723830e-01		1.4940535e-115		4.2663543e-116		2.5877765e-115		2.5877765e-115		0.0000000e+00
1.6800000e+02		1.6900000e+02		1.6850000e+02		7.1904320e-01		8.2637965e-115		2.3936582e-115		1.4313315e-114		1.4313315e-114		0.0000000e+00
1.6900000e+02		1.7000000e+02		1.6950000e+02		9.0554889e-01		4.4787005e-114		1.3157543e-114		7.7573368e-114		7.7573368e-114		0.0000000e+00
1.7000000e+02		1.7100000e+02		1.7050000e+02		1.0161854e+00		2.3792432e-113		7.0887138e-114		4.1209700e-113		4.1209700e-113		0.0000000e+00
1.7100000e+02		1.7200000e+02		1.7150000e+02		1.0130704e+00		1.2393467e-112		3.7443665e-113		2.1466114e-112		2.1466114e-112		0.0000000e+00
1.7200000e+02		1.7300000e+02		1.7250000e+02		1.0571150e+00		6.3323207e-112		1.9397765e-112		1.0967901e-111		1.0967901e-111		0.0000000e+00
1.7300000e+02		1.7400000e+02		1.7350000e+02		1.0479596e+00		3.1746356e-111		9.8594182e-112		5.4986301e-111		5.4986301e-111		0.0000000e+00
1.7400000e+02		1.7500000e+02		1.7450000e+02		1.2530722e+00		1.5621704e-110		4.9181269e-111		2.7057586e-110		2.7057586e-110		0.0000000e+00
1.7500000e+02		1.7600000e+02		1.7550000e+02		1.4954862e+00		7.5475460e-110		2.4083683e-110		1.3072733e-109		1.3072733e-109		0.0000000e+00
1.7600000e+02		1.7700000e+02		1.7650000e+02		1.6135596e+00		3.5814653e-109		1.1581930e-109		6.2032799e-109		6.2032799e-109		0.0000000e+00
1.7700000e+02		1.7800000e+02		1.7750000e+02		1.9010195e+00		1.6696533e-108		5.4713752e-109		2.8919244e-108		2.8919244e-108		0.0000000e+00
1.7800000e+02		1.7900000e+02		1.7850000e+02		2.0776624e+00		7.6494931e-108		2.5397056e-108		1.3249311e-107		1.3249311e-107		0.0000000e+00
1.7900000e+02		1.8000000e+02		1.7950000e+02		2.0198657e+00		3.4451326e-107		1.1587367e-107		5.9671447e-107		5.9671447e-107		0.0000000e+00
1.8000000e+02		1.8100000e+02		1.8050000e+02		2.4976225e+00		1.5257028e-106		5.1979024e-107		2.6425947e-106		2.6425947e-106		0.0000000e+00
1.8100000e+02		1.8200000e+02		1.8150000e+02		3.0410490e+00		6.6457864e-106		2.2930905e-106		1.1510840e-105		1.1510840e-105		0.0000000e+00
1.8200000e+02		1.8300000e+02		1.8250000e+02		2.8073836e+00		2.8480903e-105		9.9514030e-106		4.9330371e-105		4.9330371e-105		0.0000000e+00
1.8300000e+02		1.8400000e+02		1.8350000e+02		2.9562417e+00		1.2011786e-104		4.2495607e-105		2.0805023e-104		2.0805023e-104		0.0000000e+00
1.8400000e+02		1.8500000e+02		1.8450000e+02		2.5409769e+00		4.9867936e-104		1.7861209e-104		8.6373799e-104		8.6373799e-104		0.0000000e+00
1.8500000e+02		1.8600000e+02		1.8550000e+02		2.8735562e+00		2.0384805e-103		7.3907432e-104		3.5307517e-103		3.5307517e-103		0.0000000e+00
1.8600000e+02		1.8700000e+02		1.8650000e+02		3.2604304e+00		8.2067552e-103		3.0115403e-103		1.4214517e-102		1.4214517e-102		0.0000000e+00
1.8700000e+02		1.8800000e+02		1.8750000e+02		3.6946466e+00		3.2547837e-102		1.2087202e-102		5.6374508e-102		5.6374508e-102		0.0000000e+00
1.8800000e+02		1.8900000e+02		1.8850000e+02		3.8870616e+00		1.2719284e-101		4.7797053e-102		2.2030446e-101		2.2030446e-101		0.0000000e+00
1.8900000e+02		1.9000000e+02		1.8950000e+02		4.3106081e+00		4.8988611e-101		1.8625672e-101		8.4850763e-101		8.4850763e-101		0.0000000e+00
1.9000000e+02		1.9100000e+02		1.9050000e+02		4.4384288e+00		1.8600266e-100		7.1541711e-101		3.2216606e-100		3.2216606e-100		0.0000000e+00
1.9100000e+02		1.9200000e+02		1.9150000e+02		4.8094361e+00		6.9635722e-100		2.7092355e-100		1.2061261e-99		1.2061261e-99		0.0000000e+00
1.9200000e+02		1.9300000e+02		1.9250000e+02		5.0365493e+00		2.5711619e-99		1.0117438e-99		4.4533830e-99		4.4533830e-99		0.0000000e+00
1.9300000e+02		1.9400000e+02		1.9350000e+02		3.8447944e+00		9.3649387e-99		3.7266739e-99		1.6220550e-98		1.6220550e-98		0.0000000e+00
1.9400000e+02		1.9500000e+02		1.9450000e+02		6.1679797e+00		3.3655062e-98		1.3542212e-98		5.8292277e-98		5.8292277e-98		0.0000000e+00
1.9500000e+02		1.9600000e+02		1.9550000e+02		5.9528271e+00		1.1935907e-97		4.8558825e-98		2.0673597e-97		2.0673597e-97		0.0000000e+00
1.9600000e+02		1.9700000e+02		1.9650000e+02		6.5508102e+00		4.1783785e-97		1.7184954e-97		7.2371639e-97		7.2371639e-97		0.0000000e+00
1.9700000e+02		1.9800000e+02		1.9750000e+02		6.5190955e+00		1.4440880e-96		6.0036619e-97		2.5012339e-96		2.5012339e-96		0.0000000e+00
1.9800000e+02		1.9900000e+02		1.9850000e+02		6.3883794e+00		4.9283057e-96		2.0708786e-96		8.5360758e-96		8.5360758e-96		0.0000000e+00
1.9900000e+02		2.0000000e+02		1.9950000e+02		6.7274707e+00		1.6611256e-95		7.0541677e-96		2.8771539e-95		2.8771539e-95		0.0000000e+00
2.0000000e+02		2.0100000e+02		2.0050000e+02		7.1125146e+00		5.5308149e-95		2.3734106e-95		9.5796524e-95		9.5796524e-95		0.0000000e+00
2.0100000e+02		2.0200000e+02		2.0150000e+02		7.5701275e+00		1.8194367e-94		7.8889259e-95		3.1513568e-94		3.1513568e-94		0.0000000e+00
2.0200000e+02		2.0300000e+02		2.0250000e+02		7.4828608e+00		5.9145784e-94		2.5909518e-94		1.0244350e-93		1.0244350e-93		0.0000000e+00
2.0300000e+02		2.0400000e+02		2.0350000e+02		8.0092047e+00		1.9003171e-93		8.4095623e-94		3.2914457e-93		3.2914457e-93		0.0000000e+00
2.0400000e+02		2.0500000e+02		2.0450000e+02		8.6207445e+00		6.0355751e-93		2.6979565e-93		1.0453923e-92		1.0453923e-92		0.0000000e+00
2.0500000e+02		2.0600000e+02		2.0550000e+02		8.6400754e+00		1.8952868e-92		8.5569282e-93		3.2827331e-92		3.2827331e-92		0.0000000e+00
2.0600000e+02		2.0700000e+02		2.0650000e+02		8.6510225e+00		5.8852772e-92		2.6834568e-92		1.0193599e-91		1.0193599e-91		0.0000000e+00
2.0700000e+02		2.0800000e+02		2.0750000e+02		9.3957826e+00		1.8074453e-91		8.3221639e-92		3.1305870e-91		3.1305870e-91		0.0000000e+00
2.0800000e+02		2.0900000e+02		2.0850000e+02		1.0163489e+01		5.4908409e-91		2.5527759e-91		9.5104154e-91		9.5104154e-91		0.0000000e+00
2.0900000e+02		2.1000000e+02		2.0950000e+02		1.3129215e+01		1.6502735e-90		7.7462682e-91		2.8583575e-90		2.8583575e-90		0.0000000e+00
2.1000000e+02		2.1100000e+02		2.1050000e+02		1.6183343e+01		4.9077554e-90		2.3256442e-90		8.5004818e-90		8.5004818e-90		0.0000000e+00
2.1100000e+02		2.1200000e+02		2.1150000e+02		1.8424170e+01		1.4443924e-89		6.9092459e-90		2.5017610e-89		2.5017610e-89		0.0000000e+00
2.1200000e+02		2.1300000e+02		2.1250000e+02		1.6428561e+01		4.2075263e-89		2.0315121e-89		7.2876493e-89		7.2876493e-89		0.0000000e+00
2.1300000e+02		2.1400000e+02		2.1350000e+02		1.6737981e+01		1.2133073e-88		5.9125202e-89		2.1015098e-88		2.1015098e-88		0.0000000e+00
2.1400000e+02		2.1500000e+02		2.1450000e+02		2.1432541e+01		3.4640070e-88		1.7035429e-88		5.9998361e-88		5.9998361e-88		0.0000000e+00
2.1500000e+02		2.1600000e+02		2.1550000e+02		1.8408135e+01		9.7928987e-88		4.8598430e-88		1.6961798e-87		1.6961798e-87		0.0000000e+00
2.1600000e+02		2.1700000e+02		2.1650000e+02		1.7036901e+01		2.7417495e-87		1.3729033e-87		4.7488494e-87		4.7488494e-87		0.0000000e+00
2.1700000e+02		2.1800000e+02		2.1750000e+02		1.7640866e+01		7.6030288e-87		3.8411853e-87		1.3168832e-86		1.3168832e-86		0.0000000e+00
2.1800000e+02		2.1900000e+02		2.1850000e+02		2.3730294e+01		2.0885514e-86		1.0645241e-86		3.6174772e-86		3.6174772e-86		0.0000000e+00
2.1900000e+02		2.2000000e+02		2.1950000e+02		2.5052511e+01		5.6840731e-86		2.9225865e-86		9.8451033e-86		9.8451033e-86		0.0000000e+00
2.2000000e+02		2.2100000e+02		2.2050000e+02		2.5203754e+01		1.5327990e-85		7.9498187e-86		2.6548858e-85		2.6548858e-85		0.0000000e+00
2.2100000e+02		2.2200000e+02		2.2150000e+02		2.0176768e+01		4.0961522e-85		2.1427910e-85		7.0947438e-85		7.0947438e-85		0.0000000e+00
2.2200000e+02		2.2300000e+02		2.2250000e+02		2.7154039e+01		1.0848894e-84		5.7238613e-85		1.8790836e-84		1.8790836e-84		0.0000000e+00
2.2300000e+02		2.2400000e+02		2.2350000e+02		3.5163062e+01		2.8481686e-84		1.5154359e-84		4.9331728e-84		4.9331728e-84		0.0000000e+00
2.2400000e+02		2.2500000e+02		2.2450000e+02		3.2875934e+01		7.4125575e-84		3.9771994e-84		1.2838926e-83		1.2838926e-83		0.0000000e+00
2.2500000e+02		2.2600000e+02		2.2550000e+02		2.8720078e+01		1.9126829e-83		1.0348084e-83		3.3128640e-83		3.3128640e-83		0.0000000e+00
2.2600000e+02		2.2700000e+02		2.2650000e+02		2.1037217e+01		4.8937296e-83		2.6695324e-83		8.4761883e-83		8.4761883e-83		0.0000000e+00
2.2700000e+02		2.2800000e+02		2.2750000e+02		2.0463841e+01		1.2416739e-82		6.8289477e-83		2.1506422e-82		2.1506422e-82		0.0000000e+00
2.2800000e+02		2.2900000e+02		2.2850000e+02		2.8509984e+01		3.1245946e-82		1.7324563e-82		5.4119567e-82		5.4119567e-82		0.0000000e+00
2.2900000e+02		2.3000000e+02		2.2950000e+02		2.5620938e+01		7.7991116e-82		4.3592352e-82		1.3508457e-81		1.3508457e-81		0.0000000e+00
2.3000000e+02		2.3100000e+02		2.3050000e+02		2.9055844e+01		1.9311134e-81		1.0880442e-81		3.3447866e-81		3.3447866e-81		0.0000000e+00
2.3100000e+02		2.3200000e+02		2.3150000e+02		2.7387429e+01		4.7438082e-81		2.6941122e-81		8.2165167e-81		8.2165167e-81		0.0000000e+00
2.3200000e+02		2.3300000e+02		2.3250000e+02		2.9413108e+01		1.1562396e-80		6.6185283e-81		2.0026657e-80		2.0026657e-80		0.0000000e+00
2.3300000e+02		2.3400000e+02		2.3350000e+02		2.6543685e+01		2.7964911e-80		1.6133570e-80		4.8436646e-80		4.8436646e-80		0.0000000e+00
2.3400000e+02		2.3500000e+02		2.3450000e+02		2.3194371e+01		6.7122291e-80		3.9027235e-80		1.1625922e-79		1.1625922e-79		0.0000000e+00
2.3500000e+02		2.3600000e+02		2.3550000e+02		3.1223226e+01		1.5990053e-79		9.3695319e-80		2.7695584e-79		2.7695584e-79		0.0000000e+00
2.3600000e+02		2.3700000e+02		2.3650000e+02		2.8911473e+01		3.7809763e-79		2.2326788e-79		6.5488430e-79		6.5488430e-79		0.0000000e+00
2.3700000e+02		2.3800000e+02		2.3750000e+02		3.0878004e+01		8.8750272e-79		5.2812240e-79		1.5371998e-78		1.5371998e-78		0.0000000e+00
2.3800000e+02		2.3900000e+02		2.3850000e+02		2.5598090e+01		2.0681729e-78		1.2401854e-78		3.5821805e-78		3.5821805e-78		0.0000000e+00
2.3900000e+02		2.4000000e+02		2.3950000e+02		2.7890834e+01		4.7851403e-78		2.8915023e-78		8.2881062e-78		8.2881062e-78		0.0000000e+00
2.4000000e+02		2.4100000e+02		2.4050000e+02		2.5623038e+01		1.0993375e-77		6.6940863e-78		1.9041084e-77		1.9041084e-77		0.0000000e+00
2.4100000e+02		2.4200000e+02		2.4150000e+02		3.0005079e+01		2.5080369e-77		1.5389671e-77		4.3440473e-77		4.3440473e-77		0.0000000e+00
2.4200000e+02		2.4300000e+02		2.4250000e+02		4.1301739e+01		5.6824927e-77		3.5138913e-77		9.8423661e-77		9.8423661e-77		0.0000000e+00
2.4300000e+02		2.4400000e+02		2.4350000e+02		3.8791639e+01		1.2787409e-76		7.9690475e-77		2.2148442e-76		2.2148442e-76		0.0000000e+00
2.4400000e+02		2.4500000e+02		2.4450000e+02		3.6329084e+01		2.8582481e-76		1.7952619e-76		4.9506309e-76		4.9506309e-76		0.0000000e+00
2.4500000e+02		2.4600000e+02		2.4550000e+02		2.9476122e+01		6.3463223e-76		4.0180652e-76		1.0992153e-75		1.0992153e-75		0.0000000e+00
2.4600000e+02		2.4700000e+02		2.4650000e+02		2.8685918e+01		1.3998585e-75		8.9352592e-76		2.4246260e-75		2.4246260e-75		0.0000000e+00
2.4700000e+02		2.4800000e+02		2.4750000e+02		3.1678139e+01		3.0677053e-75		1.9745747e-75		5.3134215e-75		5.3134215e-75		0.0000000e+00
2.4800000e+02		2.4900000e+02		2.4850000e+02		2.5406301e+01		6.6794242e-75		4.3369075e-75		1.1569102e-74		1.1569102e-74		0.0000000e+00
2.4900000e+02		2.5000000e+02		2.4950000e+02		3.0967514e+01		1.4450713e-74		9.4684825e-75		2.5029369e-74		2.5029369e-74		0.0000000e+00
2.5000000e+02		2.5100000e+02		2.5050000e+02		3.3448743e+01		3.1066596e-74		2.0550376e-74		5.3808922e-74		5.3808922e-74		0.0000000e+00
2.5100000e+02		2.5200000e+02		2.5150000e+02		2.7888154e+01		6.6371284e-74		4.4345143e-74		1.1495844e-73		1.1495844e-73		0.0000000e+00
2.5200000e+02		2.5300000e+02		2.5250000e+02		2.5069906e+01		1.4091771e-73		9.5162587e-74		2.4407664e-73		2.4407664e-73		0.0000000e+00
2.5300000e+02		2.5400000e+02		2.5350000e+02		3.1592540e+01		2.9734976e-73		2.0312768e-73		5.1502489e-73		5.1502489e-73		0.0000000e+00
2.5400000e+02		2.5500000e+02		2.5450000e+02		3.5730773e+01		6.2359084e-73		4.3137548e-73		1.0800910e-72		1.0800910e-72		0.0000000e+00
2.5500000e+02		2.5600000e+02		2.5550000e+02		4.8755658e+01		1.2997695e-72		9.1171705e-73		2.2512668e-72		2.2512668e-72		0.0000000e+00
2.5600000e+02		2.5700000e+02		2.5650000e+02		6.2803876e+01		2.6924900e-72		1.9186096e-72		4.6635295e-72		4.6635295e-72		1.2418815e-266
2.5700000e+02		2.5800000e+02		2.5750000e+02		7.8843355e+01		5.5429087e-72		4.0221728e-72		9.6005995e-72		9.6005995e-72		6.8127770e-212
2.5800000e+02		2.5900000e+02		2.5850000e+02		8.2991293e+01		1.1338709e-71		8.4060004e-72		1.9639220e-71		1.9639220e-71		1.1091661e-166
2.5900000e+02		2.6000000e+02		2.5950000e+02		7.0629481e+01		2.3253399e-71		1.6801502e-71		4.0276068e-71		4.0276068e-71		2.8538489e-285
2.6000000e+02		2.6100000e+02		2.6050000e+02		5.7868388e+01		4.7261925e-71		3.3946286e-71		8.1860055e-71		8.1860055e-71		0.0000000e+00
2.6100000e+02		2.6200000e+02		2.6150000e+02		5.9092703e+01		9.5316092e-71		6.8988295e-71		1.6509231e-70		1.6509231e-70		0.0000000e+00
2.6200000e+02		2.6300000e+02		2.6250000e+02		7.0528613e+01		1.9120270e-70		1.3939171e-70		3.3117279e-70		3.3117279e-70		0.0000000e+00
2.6300000e+02		2.6400000e+02		2.6350000e+02		1.0614195e+02		3.8167484e-70		2.7950582e-70		6.6108021e-70		6.6108021e-70		0.0000000e+00
2.6400000e+02		2.6500000e+02		2.6450000e+02		1.6548208e+02		7.5672455e-70		5.6144607e-70		1.3106854e-69		1.3106854e-69		5.6044195e-294
2.6500000e+02		2.6600000e+02		2.6550000e+02		1.7356948e+02		1.4926587e-69		1.1209489e-69		2.5853607e-69		2.5853607e-69		1.5140388e-252
2.6600000e+02		2.6700000e+02		2.6650000e+02		1.6826276e+02		2.9330049e-69		2.2128000e-69		5.0801136e-69		5.0801136e-69		1.0893645e-256
2.6700000e+02		2.6800000e+02		2.6750000e+02		1.6940220e+02		5.7234853e-69		4.3801110e-69		9.9133673e-69		9.9133673e-69		5.4868504e-214
2.6800000e+02		2.6900000e+02		2.6850000e+02		1.6778062e+02		1.1111064e-68		8.6279017e-69		1.9244928e-68		1.9244928e-68		1.7322049e-181
2.6900000e+02		2.7000000e+02		2.6950000e+02		1.5737310e+02		2.1528031e-68		1.6692260e-68		3.7287644e-68		3.7287644e-68		2.1056155e-203
2.7000000e+02		2.7100000e+02		2.7050000e+02		1.8181465e+02		4.1422553e-68		3.2403414e-68		7.1745967e-68		7.1745967e-68		3.8019610e-190
2.7100000e+02		2.7200000e+02		2.7150000e+02		1.5108640e+02		7.9559272e-68		6.1795446e-68		1.3780070e-67		1.3780070e-67		2.8939565e-241
2.7200000e+02		2.7300000e+02		2.7250000e+02		1.2154404e+02		1.5111730e-67		1.2032603e-67		2.6174284e-67		2.6174284e-67		2.1279900e-167
2.7300000e+02		2.7400000e+02		2.7350000e+02		1.2960124e+02		2.8680602e-67		2.2940854e-67		4.9676261e-67		4.9676261e-67		2.4961972e-168
2.7400000e+02		2.7500000e+02		2.7450000e+02		8.9183780e+01		5.4194505e-67		4.3472688e-67		9.3867636e-67		9.3867636e-67		3.3064833e-174
2.7500000e+02		2.7600000e+02		2.7550000e+02		1.1893609e+02		1.0190559e-66		8.2061347e-67		1.7650566e-66		1.7650566e-66		4.3757887e-177
2.7600000e+02		2.7700000e+02		2.7650000e+02		1.6564211e+02		1.9072816e-66		1.5420522e-66		3.3035086e-66		3.3035086e-66		1.5097477e-179
2.7700000e+02		2.7800000e+02		2.7750000e+02		1.5837296e+02		3.5474256e-66		2.9025856e-66		6.1443214e-66		6.1443214e-66		2.4976754e-159
2.7800000e+02		2.7900000e+02		2.7850000e+02		1.0921797e+02		6.5759804e-66		5.4140632e-66		1.1389932e-65		1.1389932e-65		8.0428922e-156
2.7900000e+02		2.8000000e+02		2.7950000e+02		6.1368404e+01		1.2143673e-65		1.0028744e-65		2.1033459e-65		2.1033459e-65		3.4248088e-160
2.8000000e+02		2.8100000e+02		2.8050000e+02		6.7313201e+01		2.2362031e-65		1.8387191e-65		3.8732173e-65		3.8732173e-65		8.4637847e-188
2.8100000e+02		2.8200000e+02		2.8150000e+02		1.3943196e+02		4.0843808e-65		3.4025511e-65		7.0743551e-65		7.0743551e-65		1.6273309e-161
2.8200000e+02		2.8300000e+02		2.8250000e+02		1.8983287e+02		7.4330381e-65		6.2518782e-65		1.2874400e-64		1.2874400e-64		7.9211198e-149
2.8300000e+02		2.8400000e+02		2.8350000e+02		1.9610227e+02		1.3481003e-64		1.1402193e-64		2.3349783e-64		2.3349783e-64		1.9243117e-146
2.8400000e+02		2.8500000e+02		2.8450000e+02		1.4459284e+02		2.4320341e-64		2.0780484e-64		4.2124067e-64		4.2124067e-64		1.7076224e-134
2.8500000e+02		2.8600000e+02		2.8550000e+02		9.2944992e+01		4.3807063e-64		3.7377817e-64		7.5876059e-64		7.5876059e-64		2.1814308e-147
2.8600000e+02		2.8700000e+02		2.8650000e+02		1.9045522e+02		7.8336477e-64		6.7643256e-64		1.3568276e-63		1.3568276e-63		4.1163077e-131
2.8700000e+02		2.8800000e+02		2.8750000e+02		2.2108403e+02		1.3996868e-63		1.2059480e-63		2.4243287e-63		2.4243287e-63		4.3230070e-145
2.8800000e+02		2.8900000e+02		2.8850000e+02		2.1010240e+02		2.4874124e-63		2.1506098e-63		4.3083246e-63		4.3083246e-63		2.4740804e-147
2.8900000e+02		2.9000000e+02		2.8950000e+02		3.1885068e+02		4.4122264e-63		3.7929552e-63		7.6422002e-63		7.6422002e-63		9.0224592e-177
2.9000000e+02		2.9100000e+02		2.9050000e+02		4.1860542e+02		7.7721723e-63		6.7278541e-63		1.3461797e-62		1.3461797e-62		2.3030315e-168
2.9100000e+02		2.9200000e+02		2.9150000e+02		4.0318642e+02		1.3645009e-62		1.1863050e-62		2.3633850e-62		2.3633850e-62		1.3194550e-168
2.9200000e+02		2.9300000e+02		2.9250000e+02		3.5818014e+02		2.3832342e-62		2.0917458e-62		4.1278827e-62		4.1278827e-62		1.8949510e-153
2.9300000e+02		2.9400000e+02		2.9350000e+02		3.7393440e+02		4.1464505e-62		3.6735629e-62		7.1818630e-62		7.1818630e-62		1.2431597e-140
2.9400000e+02		2.9500000e+02		2.9450000e+02		3.4819581e+02		7.2161809e-62		6.3462441e-62		1.2498792e-61		1.2498792e-61		3.1733253e-174
2.9500000e+02		2.9600000e+02		2.9550000e+02		3.7701055e+02		1.2426828e-61		1.1148645e-61		2.1523898e-61		2.1523898e-61		1.4892470e-131
2.9600000e+02		2.9700000e+02		2.9650000e+02		3.4493460e+02		2.1182871e-61		1.9846999e-61		3.6689808e-61		3.6689808e-61		1.3795923e-79
2.9700000e+02		2.9800000e+02		2.9750000e+02		3.5165811e+02		3.6701424e-61		3.3288624e-61		6.3568732e-61		6.3568732e-61		3.2427175e-126
2.9800000e+02		2.9900000e+02		2.9850000e+02		3.0223333e+02		6.2791278e-61		5.7029291e-61		1.0875768e-60		1.0875768e-60		5.4607272e-132
2.9900000e+02		3.0000000e+02		2.9950000e+02		3.4101318e+02		1.0718772e-60		9.6955747e-61		1.8565457e-60		1.8565457e-60		2.3475914e-152
3.0000000e+02		3.0100000e+02		3.0050000e+02		2.7131061e+02		1.8142066e-60		1.6656643e-60		3.1422981e-60		3.1422981e-60		1.8181507e-126
3.0100000e+02		3.0200000e+02		3.0150000e+02		3.1202593e+02		3.0680448e-60		2.8292170e-60		5.3140094e-60		5.3140094e-60		1.0564791e-125
3.0200000e+02		3.0300000e+02		3.0250000e+02		3.2846528e+02		5.1752608e-60		4.7755827e-60		8.9638146e-60		8.9638146e-60		7.3207994e-133
3.0300000e+02		3.0400000e+02		3.0350000e+02		4.2601061e+02		8.7170025e-60		7.9878305e-60		1.5098291e-59		1.5098291e-59		2.7011570e-163
3.0400000e+02		3.0500000e+02		3.0450000e+02		4.0776836e+02		1.4514434e-59		1.3611195e-59		2.5139738e-59		2.5139738e-59		2.6223600e-116
3.0500000e+02		3.0600000e+02		3.0550000e+02		4.1174793e+02		2.4147037e-59		2.2943000e-59		4.1823895e-59		4.1823895e-59		1.1568269e-101
3.0600000e+02		3.0700000e+02		3.0650000e+02		3.9053943e+02		4.0113939e-59		3.8344104e-59		6.9479380e-59		6.9479380e-59		1.2047974e-98
3.0700000e+02		3.0800000e+02		3.0750000e+02		4.3847484e+02		6.6750246e-59		6.3054068e-59		1.1561482e-58		1.1561482e-58		7.2389853e-125
3.0800000e+02		3.0900000e+02		3.0850000e+02		4.3035211e+02		1.1014276e-58		1.0470248e-58		1.9077286e-58		1.9077286e-58		6.3184927e-120
3.0900000e+02		3.1000000e+02		3.0950000e+02		3.4901328e+02		1.7996594e-58		1.7607156e-58		3.1171014e-58		3.1171014e-58		1.6428974e-84
3.1000000e+02		3.1100000e+02		3.1050000e+02		4.3927411e+02		2.9744558e-58		2.8463212e-58		5.1519085e-58		5.1519085e-58		5.0765815e-122
3.1100000e+02		3.1200000e+02		3.1150000e+02		5.2246540e+02		4.8580564e-58		4.6850465e-58		8.4144004e-58		8.4144004e-58		3.2286379e-114
3.1200000e+02		3.1300000e+02		3.1250000e+02		4.6521908e+02		7.9457121e-58		7.5993717e-58		1.3762377e-57		1.3762377e-57		1.4889309e-141
3.1300000e+02		3.1400000e+02		3.1350000e+02		4.9544367e+02		1.2826654e-57		1.2589553e-57		2.2216417e-57		2.2216417e-57		6.0206891e-98
3.1400000e+02		3.1500000e+02		3.1450000e+02		4.6729179e+02		2.0826276e-57		2.0346369e-57		3.6072169e-57		3.6072169e-57		4.3579664e-111
3.1500000e+02		3.1600000e+02		3.1550000e+02		4.5343123e+02		3.3636984e-57		3.2949811e-57		5.8260964e-57		5.8260964e-57		6.1032389e-113
3.1600000e+02		3.1700000e+02		3.1650000e+02		4.4229406e+02		5.4378792e-57		5.2689258e-57		9.4186831e-57		9.4186831e-57		4.1847257e-148
3.1700000e+02		3.1800000e+02		3.1750000e+02		5.6102832e+02		8.7210659e-57		8.5000651e-57		1.5105329e-56		1.5105329e-56		1.3825273e-141
3.1800000e+02		3.1900000e+02		3.1850000e+02		4.6340678e+02		1.3941598e-56		1.3676892e-56		2.4147556e-56		2.4147556e-56		5.0255738e-134
3.1900000e+02		3.2000000e+02		3.1950000e+02		4.9774832e+02		2.2268081e-56		2.1830567e-56		3.8569447e-56		3.8569447e-56		1.6851301e-146
3.2000000e+02		3.2100000e+02		3.2050000e+02		5.7184857e+02		3.5389426e-56		3.4909311e-56		6.1296285e-56		6.1296285e-56		5.3937028e-139
3.2100000e+02		3.2200000e+02		3.2150000e+02		4.8024660e+02		5.6386383e-56		5.4949600e-56		9.7664080e-56		9.7664080e-56		5.6584213e-205
3.2200000e+02		3.2300000e+02		3.2250000e+02		4.8228681e+02		8.8543801e-56		8.8600383e-56		1.5336236e-55		1.5336236e-55		2.7222345e-121
3.2300000e+02		3.2400000e+02		3.2350000e+02		4.6607071e+02		1.4007211e-55		1.3913443e-55		2.4261201e-55		2.4261201e-55		1.1512457e-151
3.2400000e+02		3.2500000e+02		3.2450000e+02		5.4882129e+02		2.2018183e-55		2.1959881e-55		3.8136611e-55		3.8136611e-55		4.2545188e-150
3.2500000e+02		3.2600000e+02		3.2550000e+02		6.3196128e+02		3.4766672e-55		3.3987496e-55		6.0217642e-55		6.0217642e-55		3.4157999e-317
3.2600000e+02		3.2700000e+02		3.2650000e+02		7.1301257e+02		5.3843087e-55		5.4468303e-55		9.3258963e-55		9.3258963e-55		4.7227173e-129
3.2700000e+02		3.2800000e+02		3.2750000e+02		6.8984049e+02		8.3947341e-55		8.5198026e-55		1.4540106e-54		1.4540106e-54		8.7995655e-130
3.2800000e+02		3.2900000e+02		3.2850000e+02		6.6596082e+02		1.3075938e-54		1.3238481e-54		2.2648189e-54		2.2648189e-54		1.3077866e-147
3.2900000e+02		3.3000000e+02		3.2950000e+02		7.7527139e+02		2.0321612e-54		2.0493846e-54		3.5198065e-54		3.5198065e-54		5.3839247e-178
3.3000000e+02		3.3100000e+02		3.3050000e+02		7.3029799e+02		3.1570523e-54		3.1476995e-54		5.4681750e-54		5.4681750e-54		2.7519627e-301
3.3100000e+02		3.3200000e+02		3.3150000e+02		6.9881652e+02		4.7739915e-54		5.0723630e-54		8.2687959e-54		8.2687959e-54		7.6943693e-77
3.3200000e+02		3.3300000e+02		3.3250000e+02		6.8562051e+02		7.3879334e-54		7.7346074e-54		1.2796276e-53		1.2796276e-53		2.3945198e-100
3.3300000e+02		3.3400000e+02		3.3350000e+02		6.5878216e+02		1.1361336e-53		1.1846766e-53		1.9678411e-53		1.9678411e-53		2.2618397e-114
3.3400000e+02		3.3500000e+02		3.3450000e+02		6.9405546e+02		1.7416682e-53		1.8117804e-53		3.0166578e-53		3.0166578e-53		3.1240497e-128
3.3500000e+02		3.3600000e+02		3.3550000e+02		6.8541663e+02		2.6644524e-53		2.7607850e-53		4.6149669e-53		4.6149669e-53		1.1593380e-151
3.3600000e+02		3.3700000e+02		3.3650000e+02		5.6469084e+02		4.0473644e-53		4.2343859e-53		7.0102409e-53		7.0102409e-53		3.6674612e-131
3.3700000e+02		3.3800000e+02		3.3750000e+02		5.9573781e+02		6.1344564e-53		6.4730592e-53		1.0625190e-52		1.0625190e-52		1.3521999e-117
3.3800000e+02		3.3900000e+02		3.3850000e+02		6.4448401e+02		9.2627084e-53		9.8928044e-53		1.6043482e-52		1.6043482e-52		8.2576091e-100
3.3900000e+02		3.4000000e+02		3.3950000e+02		6.7448220e+02		1.4031174e-52		1.4919775e-52		2.4302706e-52		2.4302706e-52		6.1393341e-115
3.4000000e+02		3.4100000e+02		3.4050000e+02		7.1196374e+02		2.1238589e-52		2.2371259e-52		3.6786315e-52		3.6786315e-52		3.6435998e-153
3.4100000e+02		3.4200000e+02		3.4150000e+02		6.4984945e+02		3.2139604e-52		3.3313193e-52		5.5667427e-52		5.5667427e-52		3.3501881e-304
3.4200000e+02		3.4300000e+02		3.4250000e+02		7.0477558e+02		4.7960032e-52		5.0625393e-52		8.3069213e-52		8.3069213e-52		1.6849592e-173
3.4300000e+02		3.4400000e+02		3.4350000e+02		6.9264465e+02		7.2022078e-52		7.5451650e-52		1.2474590e-51		1.2474590e-51		6.9147927e-255
3.4400000e+02		3.4500000e+02		3.4450000e+02		5.5710877e+02		1.0704731e-51		1.1390609e-51		1.8541138e-51		1.8541138e-51		1.4890419e-166
3.4500000e+02		3.4600000e+02		3.4550000e+02		6.7138909e+02		1.5976939e-51		1.6943162e-51		2.7672871e-51		2.7672871e-51		8.0944720e-206
3.4600000e+02		3.4700000e+02		3.4650000e+02		6.5194093e+02		2.3743947e-51		2.5235638e-51		4.1125723e-51		4.1125723e-51		4.7658044e-214
3.4700000e+02		3.4800000e+02		3.4750000e+02		6.4525828e+02		3.5302501e-51		3.7304549e-51		6.1145725e-51		6.1145725e-51		6.3783875e-321
3.4800000e+02		3.4900000e+02		3.4850000e+02		6.6761091e+02		5.1338762e-51		5.7014068e-51		8.8921344e-51		8.8921344e-51		2.2720177e-87
3.4900000e+02		3.5000000e+02		3.4950000e+02		6.3989005e+02		7.5505209e-51		8.4810183e-51		1.3077886e-50		1.3077886e-50		1.0333242e-76
3.5000000e+02		3.5100000e+02		3.5050000e+02		7.6650484e+02		1.1221521e-50		1.2323534e-50		1.9436245e-50		1.9436245e-50		2.0152257e-121
3.5100000e+02		3.5200000e+02		3.5150000e+02		7.1211510e+02		1.6472601e-50		1.8173002e-50		2.8531381e-50		2.8531381e-50		1.5217285e-117
3.5200000e+02		3.5300000e+02		3.5250000e+02		6.5785102e+02		2.4132402e-50		2.6728975e-50		4.1798547e-50		4.1798547e-50		2.5979817e-115
3.5300000e+02		3.5400000e+02		3.5350000e+02		7.5263834e+02		3.4921135e-50		3.9868149e-50		6.0485180e-50		6.0485180e-50		1.2054455e-71
3.5400000e+02		3.5500000e+02		3.5450000e+02		8.0329241e+02		5.1187098e-50		5.7921477e-50		8.8658654e-50		8.8658654e-50		6.2300781e-86
3.5500000e+02		3.5600000e+02		3.5550000e+02		7.5433512e+02		7.4557724e-50		8.4516775e-50		1.2913777e-49		1.2913777e-49		1.2018188e-87
3.5600000e+02		3.5700000e+02		3.5650000e+02		6.5576441e+02		1.0887665e-49		1.2213991e-49		1.8857989e-49		1.8857989e-49		1.4355452e-113
3.5700000e+02		3.5800000e+02		3.5750000e+02		5.7307986e+02		1.5829530e-49		1.7676734e-49		2.7417549e-49		2.7417549e-49		5.1155123e-136
3.5800000e+02		3.5900000e+02		3.5850000e+02		4.9194729e+02		2.2818886e-49		2.5795016e-49		3.9523470e-49		3.9523470e-49		1.4692708e-109
3.5900000e+02		3.6000000e+02		3.5950000e+02		7.1030971e+02		3.3098862e-49		3.7065983e-49		5.7328911e-49		5.7328911e-49		3.3146394e-148
3.6000000e+02		3.6100000e+02		3.6050000e+02		7.0092701e+02		4.7577466e-49		5.3748765e-49		8.2406589e-49		8.2406589e-49		3.9629834e-127
3.6100000e+02		3.6200000e+02		3.6150000e+02		6.5110481e+02		6.8932059e-49		7.6541122e-49		1.1939383e-48		1.1939383e-48		1.8900307e-251
3.6200000e+02		3.6300000e+02		3.6250000e+02		7.3500056e+02		9.9157760e-49		1.0967734e-48		1.7174628e-48		1.7174628e-48		0.0000000e+00
3.6300000e+02		3.6400000e+02		3.6350000e+02		7.1558904e+02		1.4179924e-48		1.5784936e-48		2.4560348e-48		2.4560348e-48		2.9583185e-303
3.6400000e+02		3.6500000e+02		3.6450000e+02		7.4837927e+02		2.0339034e-48		2.2484945e-48		3.5228241e-48		3.5228241e-48		0.0000000e+00
3.6500000e+02		3.6600000e+02		3.6550000e+02		8.5179486e+02		2.8994636e-48		3.2185797e-48		5.0220182e-48		5.0220182e-48		0.0000000e+00
3.6600000e+02		3.6700000e+02		3.6650000e+02		9.1042532e+02		4.1310970e-48		4.5872792e-48		7.1552699e-48		7.1552699e-48		0.0000000e+00
3.6700000e+02		3.6800000e+02		3.6750000e+02		8.7909512e+02		5.8679929e-48		6.5368793e-48		1.0163662e-47		1.0163662e-47		0.0000000e+00
3.6800000e+02		3.6900000e+02		3.6850000e+02		8.1047729e+02		8.3285787e-48		9.2794748e-48		1.4425522e-47		1.4425522e-47		0.0000000e+00
3.6900000e+02		3.7000000e+02		3.6950000e+02		8.9967825e+02		1.1781853e-47		1.3176931e-47		2.0406769e-47		2.0406769e-47		0.0000000e+00
3.7000000e+02		3.7100000e+02		3.7050000e+02		8.4427990e+02		2.6989319e-03		9.2446752e-03		2.7675422e-03		1.6233377e-04		2.6052085e-03
3.7100000e+02		3.7200000e+02		3.7150000e+02		8.7164560e+02		9.6980113e+02		2.8488112e+03		1.2786851e+03		7.3082737e+02		5.4785776e+02
3.7200000e+02		3.7300000e+02		3.7250000e+02		7.2411383e+02		8.0499079e+02		2.3627593e+03		1.0593642e+03		6.0185390e+02		4.5751027e+02
3.7300000e+02		3.7400000e+02		3.7350000e+02		6.3155746e+02		7.0152067e+02		2.0574018e+03		9.2145174e+02		5.2036249e+02		4.0108925e+02
3.7400000e+02		3.7500000e+02		3.7450000e+02		6.4642322e+02		7.1744782e+02		2.1024298e+03		9.4059898e+02		5.2798131e+02		4.1261767e+02
3.7500000e+02		3.7600000e+02		3.7550000e+02		7.4036161e+02		8.2104180e+02		2.4040942e+03		1.0743996e+03		5.9945111e+02		4.7494854e+02
3.7600000e+02		3.7700000e+02		3.7650000e+02		7.6758018e+02		8.5054126e+02		2.4885084e+03		1.1109301e+03		6.1608667e+02		4.9484346e+02
3.7700000e+02		3.7800000e+02		3.7750000e+02		9.0048278e+02		9.9701012e+02		2.9147630e+03		1.2998285e+03		7.1647609e+02		5.8335246e+02
3.7800000e+02		3.7900000e+02		3.7850000e+02		9.3786543e+02		1.0375749e+03		3.0309975e+03		1.3502231e+03		7.3973340e+02		6.1048967e+02
3.7900000e+02		3.8000000e+02		3.7950000e+02		7.6051322e+02		8.4070337e+02		2.4539955e+03		1.0920255e+03		5.9463462e+02		4.9739091e+02
3.8000000e+02		3.8100000e+02		3.8050000e+02		8.2814537e+02		9.1474902e+02		2.6680886e+03		1.1860428e+03		6.4188785e+02		5.4415490e+02
3.8100000e+02		3.8200000e+02		3.8150000e+02		7.4366886e+02		8.2079863e+02		2.3922397e+03		1.0623016e+03		5.7140218e+02		4.9089943e+02
3.8200000e+02		3.8300000e+02		3.8250000e+02		5.3336093e+02		5.8822324e+02		1.7130989e+03		7.5992490e+02		4.0625049e+02		3.5367441e+02
3.8300000e+02		3.8400000e+02		3.8350000e+02		4.7073026e+02		5.1875148e+02		1.5096429e+03		6.6897454e+02		3.5543158e+02		3.1354296e+02
3.8400000e+02		3.8500000e+02		3.8450000e+02		6.2969557e+02		6.9340414e+02		2.0164077e+03		8.9261236e+02		4.7133171e+02		4.2128065e+02
3.8500000e+02		3.8600000e+02		3.8550000e+02		6.6694888e+02		7.3387012e+02		2.1325075e+03		9.4303189e+02		4.9488206e+02		4.4814983e+02
3.8600000e+02		3.8700000e+02		3.8650000e+02		6.6977732e+02		7.3642798e+02		2.1383731e+03		9.4465375e+02		4.9266747e+02		4.5198628e+02
3.8700000e+02		3.8800000e+02		3.8750000e+02		6.6902499e+02		7.3505134e+02		2.1328245e+03		9.4123865e+02		4.8784440e+02		4.5339425e+02
3.8800000e+02		3.8900000e+02		3.8850000e+02		6.7841027e+02		7.4481010e+02		2.1595817e+03		9.5207649e+02		4.9039754e+02		4.6167895e+02
3.8900000e+02		3.9000000e+02		3.8950000e+02		8.1451188e+02		8.9357434e+02		2.5890698e+03		1.1402647e+03		5.8367573e+02		5.5658900e+02
3.9000000e+02		3.9100000e+02		3.9050000e+02		8.5560997e+02		9.3797559e+02		2.7157887e+03		1.1948676e+03		6.0781294e+02		5.8705462e+02
3.9100000e+02		3.9200000e+02		3.9150000e+02		9.2006232e+02		1.0079006e+03		2.9161902e+03		1.2817510e+03		6.4793719e+02		6.3381386e+02
3.9200000e+02		3.9300000e+02		3.9250000e+02		7.0614281e+02		7.7300097e+02		2.2349832e+03		9.8135990e+02		4.9298251e+02		4.8837739e+02
3.9300000e+02		3.9400000e+02		3.9350000e+02		4.3291589e+02		4.7356586e+02		1.3682738e+03		6.0019926e+02		2.9961782e+02		3.0058143e+02
3.9400000e+02		3.9500000e+02		3.9450000e+02		7.1565803e+02		7.8230134e+02		2.2587461e+03		9.8982965e+02		4.9101725e+02		4.9881240e+02
3.9500000e+02		3.9600000e+02		3.9550000e+02		8.7888136e+02		9.6004756e+02		2.7700597e+03		1.2127045e+03		5.9779265e+02		6.1491181e+02
3.9600000e+02		3.9700000e+02		3.9650000e+02		6.0712893e+02		6.6273466e+02		1.9109151e+03		8.3576134e+02		4.0938552e+02		4.2637582e+02
3.9700000e+02		3.9800000e+02		3.9750000e+02		6.8053003e+02		7.4234297e+02		2.1390156e+03		9.3461356e+02		4.5491710e+02		4.7969646e+02
3.9800000e+02		3.9900000e+02		3.9850000e+02		1.0480559e+03		1.1424642e+03		3.2897421e+03		1.4360166e+03		6.9455257e+02		7.4146406e+02
3.9900000e+02		4.0000000e+02		3.9950000e+02		1.1577145e+03		1.2611384e+03		3.6290603e+03		1.5826086e+03		7.6060682e+02		8.2200180e+02
4.0000000e+02		4.0100000e+02		4.0050000e+02		1.1939713e+03		1.2997521e+03		3.7377171e+03		1.6284325e+03		7.7766606e+02		8.5076642e+02
4.0100000e+02		4.0200000e+02		4.0150000e+02		1.2509583e+03		1.3608716e+03		3.9109272e+03		1.7022733e+03		8.0776517e+02		8.9450813e+02
4.0200000e+02		4.0300000e+02		4.0250000e+02		1.2664199e+03		1.3767718e+03		3.9540619e+03		1.7194182e+03		8.1071022e+02		9.0870800e+02
4.0300000e+02		4.0400000e+02		4.0350000e+02		1.2115903e+03		1.3162918e+03		3.7779382e+03		1.6412838e+03		7.6893921e+02		8.7234456e+02
4.0400000e+02		4.0500000e+02		4.0450000e+02		1.1914959e+03		1.2936100e+03		3.7104739e+03		1.6104649e+03		7.4968672e+02		8.6077816e+02
4.0500000e+02		4.0600000e+02		4.0550000e+02		1.1904731e+03		1.2916565e+03		3.7025304e+03		1.6055204e+03		7.4260984e+02		8.6291054e+02
4.0600000e+02		4.0700000e+02		4.0650000e+02		1.1388815e+03		1.2348803e+03		3.5375632e+03		1.5325654e+03		7.0433032e+02		8.2823504e+02
4.0700000e+02		4.0800000e+02		4.0750000e+02		1.1575323e+03		1.2542975e+03		3.5909537e+03		1.5542629e+03		7.0972588e+02		8.4453706e+02
4.0800000e+02		4.0900000e+02		4.0850000e+02		1.2307397e+03		1.3327754e+03		3.8132764e+03		1.6489791e+03		7.4814613e+02		9.0083299e+02
4.0900000e+02		4.1000000e+02		4.0950000e+02		1.2243097e+03		1.3249746e+03		3.7886380e+03		1.6368333e+03		7.3786563e+02		8.9896765e+02
4.1000000e+02		4.1100000e+02		4.1050000e+02		1.1216634e+03		1.2131276e+03		3.4667174e+03		1.4963960e+03		6.7022010e+02		8.2617589e+02
4.1100000e+02		4.1200000e+02		4.1150000e+02		1.3003372e+03		1.4054967e+03		4.0140267e+03		1.7310811e+03		7.7034097e+02		9.6074009e+02
4.1200000e+02		4.1300000e+02		4.1250000e+02		1.2760342e+03		1.3783776e+03		3.9342254e+03		1.6951485e+03		7.4948801e+02		9.4566046e+02
4.1300000e+02		4.1400000e+02		4.1350000e+02		1.2308584e+03		1.3287650e+03		3.7903729e+03		1.6317142e+03		7.1678540e+02		9.1492877e+02
4.1400000e+02		4.1500000e+02		4.1450000e+02		1.2488872e+03		1.3474097e+03		3.8412998e+03		1.6521760e+03		7.2108476e+02		9.3109121e+02
4.1500000e+02		4.1600000e+02		4.1550000e+02		1.2477523e+03		1.3453749e+03		3.8332640e+03		1.6472711e+03		7.1429395e+02		9.3297712e+02
4.1600000e+02		4.1700000e+02		4.1650000e+02		1.2947363e+03		1.3952014e+03		3.9729328e+03		1.7058000e+03		7.3488413e+02		9.7091583e+02
4.1700000e+02		4.1800000e+02		4.1750000e+02		1.1781342e+03		1.2687997e+03		3.6109242e+03		1.5490238e+03		6.6301721e+02		8.8600657e+02
4.1800000e+02		4.1900000e+02		4.1850000e+02		1.2217101e+03		1.3149563e+03		3.7401551e+03		1.6030773e+03		6.8170153e+02		9.2137575e+02
4.1900000e+02		4.2000000e+02		4.1950000e+02		1.2338424e+03		1.3272410e+03		3.7729678e+03		1.6157545e+03		6.8263020e+02		9.3312427e+02
4.2000000e+02		4.2100000e+02		4.2050000e+02		1.2494927e+03		1.3432995e+03		3.8164817e+03		1.6329961e+03		6.8542969e+02		9.4756644e+02
4.2100000e+02		4.2200000e+02		4.2150000e+02		1.2299982e+03		1.3215837e+03		3.7527017e+03		1.6043459e+03		6.6902258e+02		9.3532335e+02
4.2200000e+02		4.2300000e+02		4.2250000e+02		1.1657134e+03		1.2518005e+03		3.5525933e+03		1.5175177e+03		6.2869349e+02		8.8882419e+02
4.2300000e+02		4.2400000e+02		4.2350000e+02		1.2419943e+03		1.3329631e+03		3.7808676e+03		1.6136758e+03		6.6417340e+02		9.4950244e+02
4.2400000e+02		4.2500000e+02		4.2450000e+02		1.2850442e+03		1.3783954e+03		3.9076177e+03		1.6663865e+03		6.8139429e+02		9.8499224e+02
4.2500000e+02		4.2600000e+02		4.2550000e+02		1.2367256e+03		1.3258315e+03		3.7565870e+03		1.6006569e+03		6.5024381e+02		9.5041309e+02
4.2600000e+02		4.2700000e+02		4.2650000e+02		1.2316584e+03		1.3196735e+03		3.7371489e+03		1.5910675e+03		6.4212495e+02		9.4894254e+02
4.2700000e+02		4.2800000e+02		4.2750000e+02		1.1420512e+03		1.2229960e+03		3.4615423e+03		1.4725278e+03		5.9039847e+02		8.8212933e+02
4.2800000e+02		4.2900000e+02		4.2850000e+02		1.1495483e+03		1.2303592e+03		3.4805598e+03		1.4794180e+03		5.8927940e+02		8.9013858e+02
4.2900000e+02		4.3000000e+02		4.2950000e+02		1.0698649e+03		1.1444605e+03		3.2358806e+03		1.3743092e+03		5.4382784e+02		8.3048140e+02
4.3000000e+02		4.3100000e+02		4.3050000e+02		8.6065012e+02		9.2016914e+02		2.6003732e+03		1.1035197e+03		4.3381212e+02		6.6970760e+02
4.3100000e+02		4.3200000e+02		4.3150000e+02		1.0641754e+03		1.1371698e+03		3.2119706e+03		1.3619798e+03		5.3190606e+02		8.3007373e+02
4.3200000e+02		4.3300000e+02		4.3250000e+02		1.1990384e+03		1.2806139e+03		3.6153015e+03		1.5317946e+03		5.9429990e+02		9.3749473e+02
4.3300000e+02		4.3400000e+02		4.3350000e+02		1.3017454e+03		1.3895882e+03		3.9209770e+03		1.6600053e+03		6.3981386e+02		1.0201915e+03
4.3400000e+02		4.3500000e+02		4.3450000e+02		1.1054356e+03		1.1794250e+03		3.3263063e+03		1.4071449e+03		5.3879097e+02		8.6835392e+02
4.3500000e+02		4.3600000e+02		4.3550000e+02		1.2347447e+03		1.3167180e+03		3.7116772e+03		1.5689547e+03		5.9679828e+02		9.7215639e+02
4.3600000e+02		4.3700000e+02		4.3650000e+02		1.3814970e+03		1.4724690e+03		4.1486890e+03		1.7523341e+03		6.6216796e+02		1.0901661e+03
4.3700000e+02		4.3800000e+02		4.3750000e+02		1.2223713e+03		1.3022124e+03		3.6672086e+03		1.5477817e+03		5.8102323e+02		9.6675845e+02
4.3800000e+02		4.3900000e+02		4.3850000e+02		1.1905029e+03		1.2676327e+03		3.5681088e+03		1.5048126e+03		5.6117369e+02		9.4363893e+02
4.3900000e+02		4.4000000e+02		4.3950000e+02		1.3250738e+03		1.4102275e+03		3.9675869e+03		1.6720268e+03		6.1942365e+02		1.0526031e+03
4.4000000e+02		4.4100000e+02		4.4050000e+02		1.2562739e+03		1.3363537e+03		3.7579675e+03		1.5825026e+03		5.8239459e+02		1.0001081e+03
4.4100000e+02		4.4200000e+02		4.4150000e+02		1.3817384e+03		1.4691045e+03		4.1293373e+03		1.7375951e+03		6.3525563e+02		1.1023395e+03
4.4200000e+02		4.4300000e+02		4.4250000e+02		1.4526378e+03		1.5437458e+03		4.3371178e+03		1.8236792e+03		6.6232967e+02		1.1613496e+03
4.4300000e+02		4.4400000e+02		4.4350000e+02		1.4050936e+03		1.4925093e+03		4.1912345e+03		1.7610446e+03		6.3536131e+02		1.1256833e+03
4.4400000e+02		4.4500000e+02		4.4450000e+02		1.4475318e+03		1.5368625e+03		4.3138109e+03		1.8112267e+03		6.4915256e+02		1.1620741e+03
4.4500000e+02		4.4600000e+02		4.4550000e+02		1.3420773e+03		1.4242339e+03		3.9958597e+03		1.6765149e+03		5.9690317e+02		1.0796117e+03
4.4600000e+02		4.4700000e+02		4.4650000e+02		1.3689269e+03		1.4520536e+03		4.0720778e+03		1.7072647e+03		6.0383578e+02		1.1034289e+03
4.4700000e+02		4.4800000e+02		4.4750000e+02		1.4837056e+03		1.5730788e+03		4.4095070e+03		1.8474154e+03		6.4908735e+02		1.1983281e+03
4.4800000e+02		4.4900000e+02		4.4850000e+02		1.4587166e+03		1.5458798e+03		4.3313478e+03		1.8133826e+03		6.3291841e+02		1.1804642e+03
4.4900000e+02		4.5000000e+02		4.4950000e+02		1.4737837e+03		1.5611417e+03		4.3721901e+03		1.8291925e+03		6.3421510e+02		1.1949774e+03
4.5000000e+02		4.5100000e+02		4.5050000e+02		1.5636828e+03		1.6556277e+03		4.6347936e+03		1.9377015e+03		6.6739376e+02		1.2703077e+03
4.5100000e+02		4.5200000e+02		4.5150000e+02		1.5589734e+03		1.6499085e+03		4.6167905e+03		1.9288339e+03		6.5994463e+02		1.2688892e+03
4.5200000e+02		4.5300000e+02		4.5250000e+02		1.4757889e+03		1.5611843e+03		4.3666529e+03		1.8230711e+03		6.1963083e+02		1.2034402e+03
4.5300000e+02		4.5400000e+02		4.5350000e+02		1.4141855e+03		1.4953634e+03		4.1807769e+03		1.7442723e+03		5.8892478e+02		1.1553475e+03
4.5400000e+02		4.5500000e+02		4.5450000e+02		1.5096596e+03		1.5956273e+03		4.4592212e+03		1.8591770e+03		6.2356519e+02		1.2356118e+03
4.5500000e+02		4.5600000e+02		4.5550000e+02		1.4952815e+03		1.5797526e+03		4.4130158e+03		1.8386695e+03		6.1260408e+02		1.2260655e+03
4.5600000e+02		4.5700000e+02		4.5650000e+02		1.5527317e+03		1.6397507e+03		4.5787257e+03		1.9064322e+03		6.3097506e+02		1.2754571e+03
4.5700000e+02		4.5800000e+02		4.5750000e+02		1.5677329e+03		1.6548948e+03		4.6191182e+03		1.9219690e+03		6.3190448e+02		1.2900645e+03
4.5800000e+02		4.5900000e+02		4.5850000e+02		1.4734199e+03		1.5546882e+03		4.3376591e+03		1.8036627e+03		5.8907997e+02		1.2145828e+03
4.5900000e+02		4.6000000e+02		4.5950000e+02		1.5222067e+03		1.6055005e+03		4.4776224e+03		1.8606385e+03		6.0366292e+02		1.2569756e+03
4.6000000e+02		4.6100000e+02		4.6050000e+02		1.5039223e+03		1.5855642e+03		4.4202539e+03		1.8356015e+03		5.9159462e+02		1.2440069e+03
4.6100000e+02		4.6200000e+02		4.6150000e+02		1.5386000e+03		1.6214640e+03		4.5185443e+03		1.8752033e+03		6.0035385e+02		1.2748495e+03
4.6200000e+02		4.6300000e+02		4.6250000e+02		1.5538294e+03		1.6368526e+03		4.5596356e+03		1.8910395e+03		6.0141254e+02		1.2896269e+03
4.6300000e+02		4.6400000e+02		4.6350000e+02		1.5018384e+03		1.5814506e+03		4.4035909e+03		1.8251562e+03		5.7661344e+02		1.2485427e+03
4.6400000e+02		4.6500000e+02		4.6450000e+02		1.5281564e+03		1.6085255e+03		4.4772511e+03		1.8545097e+03		5.8200487e+02		1.2725048e+03
4.6500000e+02		4.6600000e+02		4.6550000e+02		1.4760608e+03		1.5530791e+03		4.3212630e+03		1.7887716e+03		5.5765445e+02		1.2311171e+03
4.6600000e+02		4.6700000e+02		4.6650000e+02		1.4854121e+03		1.5623090e+03		4.3452933e+03		1.7975947e+03		5.5669184e+02		1.2409029e+03
4.6700000e+02		4.6800000e+02		4.6750000e+02		1.4997486e+03		1.5767781e+03		4.3838851e+03		1.8124343e+03		5.5756849e+02		1.2548658e+03
4.6800000e+02		4.6900000e+02		4.6850000e+02		1.4665907e+03		1.5413265e+03		4.2837195e+03		1.7699316e+03		5.4088560e+02		1.2290460e+03
4.6900000e+02		4.7000000e+02		4.6950000e+02		1.5086728e+03		1.5849509e+03		4.4033314e+03		1.8182396e+03		5.5196710e+02		1.2662725e+03
4.7000000e+02		4.7100000e+02		4.7050000e+02		1.4256243e+03		1.4971396e+03		4.1578461e+03		1.7158303e+03		5.1742780e+02		1.1984025e+03
4.7100000e+02		4.7200000e+02		4.7150000e+02		1.4904926e+03		1.5646778e+03		4.3438309e+03		1.7915005e+03		5.3666830e+02		1.2548322e+03
4.7200000e+02		4.7300000e+02		4.7250000e+02		1.5269264e+03		1.6023319e+03		4.4467603e+03		1.8328532e+03		5.4541942e+02		1.2874338e+03
4.7300000e+02		4.7400000e+02		4.7350000e+02		1.4995420e+03		1.5730180e+03		4.3638467e+03		1.7976093e+03		5.3138883e+02		1.2662205e+03
4.7400000e+02		4.7500000e+02		4.7450000e+02		1.5448084e+03		1.6199131e+03		4.4923482e+03		1.8494515e+03		5.4309354e+02		1.3063579e+03
4.7500000e+02		4.7600000e+02		4.7550000e+02		1.5413846e+03		1.6157403e+03		4.4791997e+03		1.8429583e+03		5.3760364e+02		1.3053546e+03
4.7600000e+02		4.7700000e+02		4.7650000e+02		1.4853490e+03		1.5564452e+03		4.3133150e+03		1.7736735e+03		5.1396768e+02		1.2597058e+03
4.7700000e+02		4.7800000e+02		4.7750000e+02		1.5508368e+03		1.6244919e+03		4.5003331e+03		1.8495087e+03		5.3239562e+02		1.3171131e+03
4.7800000e+02		4.7900000e+02		4.7850000e+02		1.5358791e+03		1.6082588e+03		4.4538347e+03		1.8293503e+03		5.2310808e+02		1.3062422e+03
4.7900000e+02		4.8000000e+02		4.7950000e+02		1.5403519e+03		1.6123809e+03		4.4637318e+03		1.8323724e+03		5.2050552e+02		1.3118669e+03
4.8000000e+02		4.8100000e+02		4.8050000e+02		1.5442750e+03		1.6159295e+03		4.4720477e+03		1.8347493e+03		5.1773316e+02		1.3170162e+03
4.8100000e+02		4.8200000e+02		4.8150000e+02		1.5475498e+03		1.6188023e+03		4.4785003e+03		1.8363665e+03		5.1476250e+02		1.3216040e+03
4.8200000e+02		4.8300000e+02		4.8250000e+02		1.5416562e+03		1.6120904e+03		4.4584531e+03		1.8271289e+03		5.0878664e+02		1.3183423e+03
4.8300000e+02		4.8400000e+02		4.8350000e+02		1.5183412e+03		1.5871763e+03		4.3881073e+03		1.7973068e+03		4.9717402e+02		1.3001328e+03
4.8400000e+02		4.8500000e+02		4.8450000e+02		1.4920771e+03		1.5592016e+03		4.3093601e+03		1.7640850e+03		4.8475932e+02		1.2793257e+03
4.8500000e+02		4.8600000e+02		4.8550000e+02		1.4021236e+03		1.4647172e+03		4.0469136e+03		1.6557477e+03		4.5198295e+02		1.2037647e+03
4.8600000e+02		4.8700000e+02		4.8650000e+02		1.2173217e+03		1.2712488e+03		3.5112483e+03		1.4358101e+03		3.8935607e+02		1.0464540e+03
4.8700000e+02		4.8800000e+02		4.8750000e+02		1.3927585e+03		1.4539851e+03		4.0146985e+03		1.6407989e+03		4.4200606e+02		1.1987928e+03
4.8800000e+02		4.8900000e+02		4.8850000e+02		1.4651201e+03		1.5290354e+03		4.2205950e+03		1.7240297e+03		4.6136160e+02		1.2626681e+03
4.8900000e+02		4.9000000e+02		4.8950000e+02		1.4372192e+03		1.4994386e+03		4.1376063e+03		1.6892370e+03		4.4906792e+02		1.2401691e+03
4.9000000e+02		4.9100000e+02		4.9050000e+02		1.5307557e+03		1.5965191e+03		4.4041295e+03		1.7971055e+03		4.7459232e+02		1.3225131e+03
4.9100000e+02		4.9200000e+02		4.9150000e+02		1.4425606e+03		1.5040631e+03		4.1478078e+03		1.6916318e+03		4.4379222e+02		1.2478396e+03
4.9200000e+02		4.9300000e+02		4.9250000e+02		1.3729411e+03		1.4310303e+03		3.9452010e+03		1.6081692e+03		4.1911511e+02		1.1890541e+03
4.9300000e+02		4.9400000e+02		4.9350000e+02		1.4509629e+03		1.5118870e+03		4.1668559e+03		1.6976500e+03		4.3951986e+02		1.2581301e+03
4.9400000e+02		4.9500000e+02		4.9450000e+02		1.4929449e+03		1.5551563e+03		4.2848257e+03		1.7448236e+03		4.4875754e+02		1.2960661e+03
4.9500000e+02		4.9600000e+02		4.9550000e+02		1.4663156e+03		1.5269546e+03		4.2058743e+03		1.7118077e+03		4.3736721e+02		1.2744405e+03
4.9600000e+02		4.9700000e+02		4.9650000e+02		1.4846220e+03		1.5455537e+03		4.2558508e+03		1.7312790e+03		4.3943074e+02		1.2918482e+03
4.9700000e+02		4.9800000e+02		4.9750000e+02		1.5123203e+03		1.5739199e+03		4.3326954e+03		1.7616612e+03		4.4420055e+02		1.3174606e+03
4.9800000e+02		4.9900000e+02		4.9850000e+02		1.3744029e+03		1.4299626e+03		3.9352696e+03		1.5992778e+03		4.0060388e+02		1.1986739e+03
4.9900000e+02		5.0000000e+02		4.9950000e+02		1.4721832e+03		1.5312474e+03		4.2127966e+03		1.7112232e+03		4.2582750e+02		1.2853957e+03
