Left Bin Edge (nm)	Right Bin Edge (nm)	Bin Center (nm)		Top of Atm Intensity (erg/s/nm/cm2)		Total Surface Flux (erg/s/nm/cm2)		Total Intensity at BOA (erg/s/nm/cm2)		Total Surface Intensity (erg/s/nm/cm2)		Total Surface Diffuse Intensity (erg/s/nm/cm2)		Total Surface Direct Intensity (erg/s/nm/cm2)
1.0000000e+02		1.0100000e+02		1.0050000e+02		4.4569042e-02		2.4525374e-199		0.0000000e+00		4.2479194e-199		4.2479194e-199		0.0000000e+00
1.0100000e+02		1.0200000e+02		1.0150000e+02		1.7387199e-01		2.8780738e-197		0.0000000e+00		4.9849701e-197		4.9849701e-197		0.0000000e+00
1.0200000e+02		1.0300000e+02		1.0250000e+02		9.2286085e-01		3.0760917e-195		0.0000000e+00		5.3279471e-195		5.3279471e-195		0.0000000e+00
1.0300000e+02		1.0400000e+02		1.0350000e+02		7.0094286e-01		3.0025219e-193		0.0000000e+00		5.2005205e-193		5.2005205e-193		0.0000000e+00
1.0400000e+02		1.0500000e+02		1.0450000e+02		1.4124828e-01		2.6834655e-191		0.0000000e+00		4.6478986e-191		4.6478986e-191		0.0000000e+00
1.0500000e+02		1.0600000e+02		1.0550000e+02		4.8389941e-02		2.2015022e-189		0.0000000e+00		3.8131136e-189		3.8131136e-189		0.0000000e+00
1.0600000e+02		1.0700000e+02		1.0650000e+02		4.5487167e-02		1.6618998e-187		0.0000000e+00		2.8784949e-187		2.8784949e-187		0.0000000e+00
1.0700000e+02		1.0800000e+02		1.0750000e+02		5.0757295e-02		1.1570799e-185		0.0000000e+00		2.0041212e-185		2.0041212e-185		0.0000000e+00
1.0800000e+02		1.0900000e+02		1.0850000e+02		7.1152114e-02		7.4462170e-184		0.0000000e+00		1.2897226e-183		1.2897226e-183		0.0000000e+00
1.0900000e+02		1.1000000e+02		1.0950000e+02		5.5817450e-02		3.1775918e-05		1.6032105e-04		5.5037504e-05		5.5037504e-05		1.8911472e-64
1.1000000e+02		1.1100000e+02		1.1050000e+02		5.4043772e-02		4.5313058e-05		2.2388416e-04		7.8484519e-05		7.8484519e-05		2.1511908e-61
1.1100000e+02		1.1200000e+02		1.1150000e+02		5.0797691e-02		6.1371771e-05		2.9731590e-04		1.0629903e-04		1.0629903e-04		1.5931676e-58
1.1200000e+02		1.1300000e+02		1.1250000e+02		5.1969037e-02		8.8348268e-05		4.2022300e-04		1.5302369e-04		1.5302369e-04		8.3226486e-56
1.1300000e+02		1.1400000e+02		1.1350000e+02		4.1221387e-02		9.6660374e-05		4.5191099e-04		1.6742068e-04		1.6742068e-04		2.3426085e-53
1.1400000e+02		1.1500000e+02		1.1450000e+02		3.1562600e-02		1.0052382e-04		4.6235908e-04		1.7411236e-04		1.7411236e-04		4.8022716e-51
1.1500000e+02		1.1600000e+02		1.1550000e+02		4.3552050e-02		1.8383091e-04		8.3296350e-04		3.1840448e-04		3.1840448e-04		1.1334912e-48
1.1600000e+02		1.1700000e+02		1.1650000e+02		1.0143732e-01		5.6204105e-04		2.5102391e-03		9.7348365e-04		9.7348365e-04		3.7924008e-46
1.1700000e+02		1.1800000e+02		1.1750000e+02		3.6108525e-01		2.5799725e-03		1.1369242e-02		4.4686434e-03		4.4686434e-03		1.4014972e-43
1.1800000e+02		1.1900000e+02		1.1850000e+02		1.2283927e-01		1.1186186e-03		4.8669445e-03		1.9375043e-03		1.9375043e-03		3.9953781e-42
1.1900000e+02		1.2000000e+02		1.1950000e+02		1.7115732e-01		1.9525994e-03		8.3956851e-03		3.3820013e-03		3.3820013e-03		3.4083019e-40
1.2000000e+02		1.2100000e+02		1.2050000e+02		9.3056497e-01		3.2422002e-05		1.6948602e-04		5.6156555e-05		5.6156555e-05		6.0314350e-38
1.2100000e+02		1.2200000e+02		1.2150000e+02		3.6941242e+01		6.4022569e-01		2.6934158e+00		1.1089034e+00		1.1089034e+00		1.5217096e-34
1.2200000e+02		1.2300000e+02		1.2250000e+02		2.4773856e-01		5.2023016e-03		2.1669007e-02		9.0106507e-03		9.0106507e-03		3.3975942e-35
1.2300000e+02		1.2400000e+02		1.2350000e+02		1.3344721e-01		3.3591597e-03		1.3861264e-02		5.8182353e-03		5.8182353e-03		5.0091473e-34
1.2400000e+02		1.2500000e+02		1.2450000e+02		1.0726631e-01		4.0883083e-06		2.0933872e-05		7.0811576e-06		7.0811576e-06		5.5266022e-33
1.2500000e+02		1.2600000e+02		1.2550000e+02		1.0471361e-01		3.6815122e-03		1.4932421e-02		6.3765663e-03		6.3765663e-03		1.7532832e-31
1.2600000e+02		1.2700000e+02		1.2650000e+02		1.4644878e-01		6.0210793e-03		2.4226861e-02		1.0428815e-02		1.0428815e-02		4.2713505e-30
1.2700000e+02		1.2800000e+02		1.2750000e+02		7.6659940e-02		3.6516915e-03		1.4583182e-02		6.3249152e-03		6.3249152e-03		3.2883037e-29
1.2800000e+02		1.2900000e+02		1.2850000e+02		6.1165494e-02		3.3465885e-03		1.3270816e-02		5.7964614e-03		5.7964614e-03		3.2939152e-28
1.2900000e+02		1.3000000e+02		1.2950000e+02		8.1594975e-02		5.0944113e-03		2.0066855e-02		8.8237792e-03		8.8237792e-03		4.8973995e-27
1.3000000e+02		1.3100000e+02		1.3050000e+02		6.7007791e-01		4.7469783e-02		1.8579162e-01		8.2220076e-02		8.2220076e-02		4.0405456e-25
1.3100000e+02		1.3200000e+02		1.3150000e+02		9.0731094e-02		7.2368901e-03		2.8155395e-02		1.2534661e-02		1.2534661e-02		4.7737708e-25
1.3200000e+02		1.3300000e+02		1.3250000e+02		7.0547730e-02		2.4892201e-03		9.8088799e-03		4.3114557e-03		4.3114557e-03		2.8065443e-24
1.3300000e+02		1.3400000e+02		1.3350000e+02		9.5357088e-01		2.2663359e-02		8.9812541e-02		3.9254089e-02		3.9254089e-02		2.6686277e-22
1.3400000e+02		1.3500000e+02		1.3450000e+02		6.5246966e-02		7.2543571e-04		2.9219440e-03		1.2564915e-03		1.2564915e-03		1.1335765e-22
1.3500000e+02		1.3600000e+02		1.3550000e+02		1.3692679e-01		1.6691357e-04		7.1884513e-04		2.8910279e-04		2.8910279e-04		1.1565039e-21
1.3600000e+02		1.3700000e+02		1.3650000e+02		8.9861989e-02		3.5516739e-05		1.5910762e-04		6.1516796e-05		6.1516796e-05		3.6101589e-21
1.3700000e+02		1.3800000e+02		1.3750000e+02		9.2282630e-02		1.1733900e-05		5.4907835e-05		2.0323712e-05		2.0323712e-05		1.5807773e-20
1.3800000e+02		1.3900000e+02		1.3850000e+02		9.4180145e-02		9.6911940e-06		4.5655752e-05		1.6785640e-05		1.6785640e-05		7.2018713e-20
1.3900000e+02		1.4000000e+02		1.3950000e+02		3.1801144e-01		3.5645279e-05		1.6696352e-04		6.1739435e-05		6.1739435e-05		1.0579309e-18
1.4000000e+02		1.4100000e+02		1.4050000e+02		2.7729440e-01		3.5220126e-05		1.6376607e-04		6.1003047e-05		6.1003047e-05		3.7778044e-18
1.4100000e+02		1.4200000e+02		1.4150000e+02		1.3359910e-01		2.0332399e-05		9.3639050e-05		3.5216747e-05		3.5216747e-05		7.0647608e-18
1.4200000e+02		1.4300000e+02		1.4250000e+02		1.4479671e-01		2.6002294e-05		1.1869931e-04		4.5037294e-05		4.5037294e-05		2.7935084e-17
1.4300000e+02		1.4400000e+02		1.4350000e+02		1.6064305e-01		3.6111605e-05		1.6301978e-04		6.2547134e-05		6.2547134e-05		1.0799456e-16
1.4400000e+02		1.4500000e+02		1.4450000e+02		1.5363637e-01		4.1430595e-05		1.8530951e-04		7.1759895e-05		7.1759895e-05		3.3880129e-16
1.4500000e+02		1.4600000e+02		1.4550000e+02		1.6382583e-01		5.7539784e-05		2.5417894e-04		9.9661829e-05		9.9661829e-05		1.1434795e-15
1.4600000e+02		1.4700000e+02		1.4650000e+02		1.9977093e-01		8.9007502e-05		3.8881241e-04		1.5416552e-04		1.5416552e-04		4.1892671e-15
1.4700000e+02		1.4800000e+02		1.4750000e+02		2.4643334e-01		1.4552317e-04		6.2766102e-04		2.5205352e-04		2.5205352e-04		1.4959101e-14
1.4800000e+02		1.4900000e+02		1.4850000e+02		2.4167300e-01		1.9249709e-04		8.1943499e-04		3.3341474e-04		3.3341474e-04		4.0817982e-14
1.4900000e+02		1.5000000e+02		1.4950000e+02		2.1832777e-01		2.3934491e-04		1.0051040e-03		4.1455754e-04		4.1455754e-04		9.8873795e-14
1.5000000e+02		1.5100000e+02		1.5050000e+02		2.4023073e-01		3.8202705e-04		1.5801488e-03		6.6169026e-04		6.6169026e-04		2.8324645e-13
1.5100000e+02		1.5200000e+02		1.5150000e+02		2.5258505e-01		5.5313887e-04		2.2586610e-03		9.5806462e-04		9.5806462e-04		7.4054606e-13
1.5200000e+02		1.5300000e+02		1.5250000e+02		3.2229547e-01		1.0460149e-03		4.2077512e-03		1.8117509e-03		1.8117509e-03		2.2970811e-12
1.5300000e+02		1.5400000e+02		1.5350000e+02		3.5701286e-01		1.7203234e-03		6.8209410e-03		2.9796875e-03		2.9796875e-03		5.9808621e-12
1.5400000e+02		1.5500000e+02		1.5450000e+02		9.5486931e-01		6.6026444e-03		2.5846279e-02		1.1436115e-02		1.1436115e-02		3.6197446e-11
1.5500000e+02		1.5600000e+02		1.5550000e+02		7.8587524e-01		7.5089739e-03		2.9068785e-02		1.3005924e-02		1.3005924e-02		6.4976535e-11
1.5600000e+02		1.5700000e+02		1.5650000e+02		4.6648084e-01		6.4677245e-03		2.4738099e-02		1.1202427e-02		1.1202427e-02		8.2296087e-11
1.5700000e+02		1.5800000e+02		1.5750000e+02		4.2309893e-01		8.1637218e-03		3.0904698e-02		1.4139981e-02		1.4139981e-02		1.5383353e-10
1.5800000e+02		1.5900000e+02		1.5850000e+02		3.9008072e-01		1.0692467e-02		4.0062386e-02		1.8519896e-02		1.8519896e-02		2.8530694e-10
1.5900000e+02		1.6000000e+02		1.5950000e+02		3.8042347e-01		1.4319437e-02		5.3175778e-02		2.4801993e-02		2.4801992e-02		5.4270510e-10
1.6000000e+02		1.6100000e+02		1.6050000e+02		4.1635449e-01		2.0909719e-02		7.7048250e-02		3.6216694e-02		3.6216693e-02		1.1257480e-09
1.6100000e+02		1.6200000e+02		1.6150000e+02		4.7164413e-01		3.1423588e-02		1.1495789e-01		5.4427249e-02		5.4427247e-02		2.3586577e-09
1.6200000e+02		1.6300000e+02		1.6250000e+02		5.2241459e-01		4.6925654e-02		1.7045700e-01		8.1277614e-02		8.1277609e-02		4.7322975e-09
1.6300000e+02		1.6400000e+02		1.6350000e+02		1.1072121e+00		1.2887059e-01		4.6536889e-01		2.2321039e-01		2.2321038e-01		1.7690734e-08
1.6400000e+02		1.6500000e+02		1.6450000e+02		1.1323318e+00		1.7011883e-01		6.1098054e-01		2.9465443e-01		2.9465440e-01		3.1238917e-08
1.6500000e+02		1.6600000e+02		1.6550000e+02		1.3255566e+00		2.5537889e-01		9.1263347e-01		4.4232917e-01		4.4232911e-01		6.1846649e-08
1.6600000e+02		1.6700000e+02		1.6650000e+02		6.2522883e-01		1.4901671e-01		5.3034173e-01		2.5810449e-01		2.5810444e-01		4.8227322e-08
1.6700000e+02		1.6800000e+02		1.6750000e+02		6.6723830e-01		1.9275901e-01		6.8356080e-01		3.3386833e-01		3.3386825e-01		8.3400735e-08
1.6800000e+02		1.6900000e+02		1.6850000e+02		7.1904320e-01		2.4630031e-01		8.7072759e-01		4.2660455e-01		4.2660441e-01		1.4286929e-07
1.6900000e+02		1.7000000e+02		1.6950000e+02		9.0554889e-01		3.6753250e-01		1.2955361e+00		6.3658476e-01		6.3658448e-01		2.8133803e-07
1.7000000e+02		1.7100000e+02		1.7050000e+02		1.0161854e+00		4.7288587e-01		1.6629289e+00		8.1906200e-01		8.1906152e-01		4.8465594e-07
1.7100000e+02		1.7200000e+02		1.7150000e+02		1.0130704e+00		5.3384596e-01		1.8732861e+00		9.2464778e-01		9.2464705e-01		7.3003740e-07
1.7200000e+02		1.7300000e+02		1.7250000e+02		1.0571150e+00		6.1719251e-01		2.1617949e+00		1.0690080e+00		1.0690068e+00		1.1328488e-06
1.7300000e+02		1.7400000e+02		1.7350000e+02		1.0479596e+00		6.7197537e-01		2.3497477e+00		1.1638943e+00		1.1638926e+00		1.6465008e-06
1.7400000e+02		1.7500000e+02		1.7450000e+02		1.2530722e+00		8.7099142e-01		3.0411263e+00		1.5085993e+00		1.5085965e+00		2.8464837e-06
1.7500000e+02		1.7600000e+02		1.7550000e+02		1.4954862e+00		1.0978249e+00		3.8284628e+00		1.9014850e+00		1.9014801e+00		4.8459565e-06
1.7600000e+02		1.7700000e+02		1.7650000e+02		1.6135596e+00		1.2058326e+00		4.2014145e+00		2.0885579e+00		2.0885505e+00		7.3649374e-06
1.7700000e+02		1.7800000e+02		1.7750000e+02		1.9010195e+00		1.4453292e+00		5.0315907e+00		2.5033748e+00		2.5033627e+00		1.2083329e-05
1.7800000e+02		1.7900000e+02		1.7850000e+02		2.0776624e+00		1.6060957e+00		5.5866601e+00		2.7818261e+00		2.7818079e+00		1.8189345e-05
1.7900000e+02		1.8000000e+02		1.7950000e+02		2.0198657e+00		1.5860701e+00		5.5127113e+00		2.7471364e+00		2.7471125e+00		2.3927647e-05
1.8000000e+02		1.8100000e+02		1.8050000e+02		2.4976225e+00		1.9918840e+00		6.9178550e+00		3.4500150e+00		3.4499751e+00		3.9940230e-05
1.8100000e+02		1.8200000e+02		1.8150000e+02		3.0410490e+00		2.4615931e+00		8.5428226e+00		4.2635568e+00		4.2634919e+00		6.4863927e-05
1.8200000e+02		1.8300000e+02		1.8250000e+02		2.8073836e+00		2.3051944e+00		7.9943209e+00		3.9926560e+00		3.9925769e+00		7.9050711e-05
1.8300000e+02		1.8400000e+02		1.8350000e+02		2.9562417e+00		2.4611037e+00		8.5291009e+00		4.2626770e+00		4.2625681e+00		1.0882991e-04
1.8400000e+02		1.8500000e+02		1.8450000e+02		2.5409769e+00		2.1438490e+00		7.4246297e+00		3.7131665e+00		3.7130452e+00		1.2137116e-04
1.8500000e+02		1.8600000e+02		1.8550000e+02		2.8735562e+00		2.4559085e+00		8.4998084e+00		4.2536291e+00		4.2534525e+00		1.7654928e-04
1.8600000e+02		1.8700000e+02		1.8650000e+02		3.2604304e+00		2.8214088e+00		9.7586130e+00		4.8866365e+00		4.8863810e+00		2.5547180e-04
1.8700000e+02		1.8800000e+02		1.8750000e+02		3.6946466e+00		3.2358942e+00		1.1185324e+01		5.6044647e+00		5.6040982e+00		3.6658039e-04
1.8800000e+02		1.8900000e+02		1.8850000e+02		3.8870616e+00		3.4441857e+00		1.1898189e+01		5.9651500e+00		5.9646655e+00		4.8448707e-04
1.8900000e+02		1.9000000e+02		1.8950000e+02		4.3106081e+00		3.8627160e+00		1.3336236e+01		6.6899295e+00		6.6892589e+00		6.7052686e-04
1.9000000e+02		1.9100000e+02		1.9050000e+02		4.4384288e+00		4.0207116e+00		1.3873830e+01		6.9634505e+00		6.9625951e+00		8.5540194e-04
1.9100000e+02		1.9200000e+02		1.9150000e+02		4.8094361e+00		4.4028915e+00		1.5184132e+01		7.6251965e+00		7.6240554e+00		1.1411361e-03
1.9200000e+02		1.9300000e+02		1.9250000e+02		5.0365493e+00		4.6579552e+00		1.6055040e+01		8.0667450e+00		8.0652833e+00		1.4617027e-03
1.9300000e+02		1.9400000e+02		1.9350000e+02		3.8447944e+00		3.5909705e+00		1.2370775e+01		6.2187503e+00		6.2173937e+00		1.3565928e-03
1.9400000e+02		1.9500000e+02		1.9450000e+02		6.1679797e+00		5.8159375e+00		2.0025267e+01		1.0071574e+01		1.0068944e+01		2.6302591e-03
1.9500000e+02		1.9600000e+02		1.9550000e+02		5.9528271e+00		5.6650722e+00		1.9495825e+01		9.8099596e+00		9.8069089e+00		3.0506599e-03
1.9600000e+02		1.9700000e+02		1.9650000e+02		6.5508102e+00		6.2900584e+00		2.1635755e+01		1.0891763e+01		1.0887751e+01		4.0124106e-03
1.9700000e+02		1.9800000e+02		1.9750000e+02		6.5190955e+00		6.3139468e+00		2.1707145e+01		1.0932601e+01		1.0927854e+01		4.7472611e-03
1.9800000e+02		1.9900000e+02		1.9850000e+02		6.3883794e+00		6.2393464e+00		2.1440163e+01		1.0802837e+01		1.0797334e+01		5.5027784e-03
1.9900000e+02		2.0000000e+02		1.9950000e+02		6.7274707e+00		6.6239959e+00		2.2750899e+01		1.1468104e+01		1.1461283e+01		6.8209793e-03
2.0000000e+02		2.0100000e+02		2.0050000e+02		7.1125146e+00		7.0583009e+00		2.4230932e+01		1.2219151e+01		1.2210703e+01		8.4481976e-03
2.0100000e+02		2.0200000e+02		2.0150000e+02		7.5701275e+00		7.5697515e+00		2.5974342e+01		1.3103518e+01		1.3093032e+01		1.0485880e-02
2.0200000e+02		2.0300000e+02		2.0250000e+02		7.4828608e+00		7.5377850e+00		2.5852392e+01		1.3047017e+01		1.3034983e+01		1.2034099e-02
2.0300000e+02		2.0400000e+02		2.0350000e+02		8.0092047e+00		8.1257363e+00		2.7855727e+01		1.4063287e+01		1.4048396e+01		1.4891180e-02
2.0400000e+02		2.0500000e+02		2.0450000e+02		8.6207445e+00		8.8068011e+00		3.0176234e+01		1.5240318e+01		1.5221864e+01		1.8454039e-02
2.0500000e+02		2.0600000e+02		2.0550000e+02		8.6400754e+00		8.8858078e+00		3.0432581e+01		1.5375144e+01		1.5353933e+01		2.1210221e-02
2.0600000e+02		2.0700000e+02		2.0650000e+02		8.6510225e+00		8.9549180e+00		3.0654769e+01		1.5492613e+01		1.5468352e+01		2.4260999e-02
2.0700000e+02		2.0800000e+02		2.0750000e+02		9.3957826e+00		9.7870884e+00		3.3487576e+01		1.6929780e+01		1.6899790e+01		2.9990002e-02
2.0800000e+02		2.0900000e+02		2.0850000e+02		1.0163489e+01		1.0651334e+01		3.6427284e+01		1.8421719e+01		1.8384929e+01		3.6790141e-02
2.0900000e+02		2.1000000e+02		2.0950000e+02		1.3129215e+01		1.3840677e+01		4.7311990e+01		2.3933437e+01		2.3879726e+01		5.3711483e-02
2.1000000e+02		2.1100000e+02		2.1050000e+02		1.6183343e+01		1.7157871e+01		5.8622793e+01		2.9663714e+01		2.9589141e+01		7.4572867e-02
2.1100000e+02		2.1200000e+02		2.1150000e+02		1.8424170e+01		1.9641795e+01		6.7076645e+01		3.3950808e+01		3.3855490e+01		9.5318513e-02
2.1200000e+02		2.1300000e+02		2.1250000e+02		1.6428561e+01		1.7608181e+01		6.0102047e+01		3.0428626e+01		3.0333499e+01		9.5127075e-02
2.1300000e+02		2.1400000e+02		2.1350000e+02		1.6737981e+01		1.8032899e+01		6.1520824e+01		3.1154729e+01		3.1046584e+01		1.0814486e-01
2.1400000e+02		2.1500000e+02		2.1450000e+02		2.1432541e+01		2.3206594e+01		7.9131024e+01		4.0082217e+01		3.9928153e+01		1.5406368e-01
2.1500000e+02		2.1600000e+02		2.1550000e+02		1.8408135e+01		2.0028687e+01		6.8259536e+01		3.4583238e+01		3.4436437e+01		1.4680025e-01
2.1600000e+02		2.1700000e+02		2.1650000e+02		1.7036901e+01		1.8623862e+01		6.3438442e+01		3.2147436e+01		3.1997120e+01		1.5031564e-01
2.1700000e+02		2.1800000e+02		2.1750000e+02		1.7640866e+01		1.9371746e+01		6.5950733e+01		3.3427125e+01		3.3255384e+01		1.7174108e-01
2.1800000e+02		2.1900000e+02		2.1850000e+02		2.3730294e+01		2.6173189e+01		8.9057723e+01		4.5147162e+01		4.4892902e+01		2.5426053e-01
2.1900000e+02		2.2000000e+02		2.1950000e+02		2.5052511e+01		2.7748916e+01		9.4367140e+01		4.7846805e+01		4.7552115e+01		2.9468951e-01
2.2000000e+02		2.2100000e+02		2.2050000e+02		2.5203754e+01		2.8031048e+01		9.5272926e+01		4.8313511e+01		4.7988823e+01		3.2468802e-01
2.2100000e+02		2.2200000e+02		2.2150000e+02		2.0176768e+01		2.2529142e+01		7.6528924e+01		3.8813714e+01		3.8529711e+01		2.8400306e-01
2.2200000e+02		2.2300000e+02		2.2250000e+02		2.7154039e+01		3.0435993e+01		1.0332715e+02		5.2411664e+01		5.1994996e+01		4.1666839e-01
2.2300000e+02		2.2400000e+02		2.2350000e+02		3.5163062e+01		3.9558712e+01		1.3421782e+02		6.8088051e+01		6.7501140e+01		5.8691092e-01
2.2400000e+02		2.2500000e+02		2.2450000e+02		3.2875934e+01		3.7117587e+01		1.2585885e+02		6.3853525e+01		6.3257908e+01		5.9561688e-01
2.2500000e+02		2.2600000e+02		2.2550000e+02		2.8720078e+01		3.2537074e+01		1.1025882e+02		5.5943272e+01		5.5379660e+01		5.6361196e-01
2.2600000e+02		2.2700000e+02		2.2650000e+02		2.1037217e+01		2.3912154e+01		8.0980238e+01		4.1090359e+01		4.0644068e+01		4.4629092e-01
2.2700000e+02		2.2800000e+02		2.2750000e+02		2.0463841e+01		2.3334722e+01		7.8973809e+01		4.0074039e+01		3.9605648e+01		4.6839033e-01
2.2800000e+02		2.2900000e+02		2.2850000e+02		2.8509984e+01		3.2609655e+01		1.1029131e+02		5.5967144e+01		5.5264412e+01		7.0273226e-01
2.2900000e+02		2.3000000e+02		2.2950000e+02		2.5620938e+01		2.9391913e+01		9.9341799e+01		5.0411343e+01		4.9732506e+01		6.7883736e-01
2.3000000e+02		2.3100000e+02		2.3050000e+02		2.9055844e+01		3.3427266e+01		1.1290379e+02		5.7293006e+01		5.6466946e+01		8.2605933e-01
2.3100000e+02		2.3200000e+02		2.3150000e+02		2.7387429e+01		3.1594042e+01		1.0663767e+02		5.4111925e+01		5.3277882e+01		8.3404230e-01
2.3200000e+02		2.3300000e+02		2.3250000e+02		2.9413108e+01		3.4020014e+01		1.1474456e+02		5.8223177e+01		5.7265297e+01		9.5787952e-01
2.3300000e+02		2.3400000e+02		2.3350000e+02		2.6543685e+01		3.0778577e+01		1.0373674e+02		5.2634442e+01		5.1711532e+01		9.2291062e-01
2.3400000e+02		2.3500000e+02		2.3450000e+02		2.3194371e+01		2.6959932e+01		9.0799520e+01		4.6066660e+01		4.5207003e+01		8.5965721e-01
2.3500000e+02		2.3600000e+02		2.3550000e+02		3.1223226e+01		3.6376335e+01		1.2242178e+02		6.2104003e+01		6.0872315e+01		1.2316872e+00
2.3600000e+02		2.3700000e+02		2.3650000e+02		2.8911473e+01		3.3757744e+01		1.1352263e+02		5.7582831e+01		5.6370761e+01		1.2120699e+00
2.3700000e+02		2.3800000e+02		2.3750000e+02		3.0878004e+01		3.6130373e+01		1.2140737e+02		6.1573970e+01		6.0200198e+01		1.3737725e+00
2.3800000e+02		2.3900000e+02		2.3850000e+02		2.5598090e+01		3.0013023e+01		1.0077209e+02		5.1100566e+01		4.9893663e+01		1.2069034e+00
2.3900000e+02		2.4000000e+02		2.3950000e+02		2.7890834e+01		3.2764419e+01		1.0992217e+02		5.5730869e+01		5.4339205e+01		1.3916639e+00
2.4000000e+02		2.4100000e+02		2.4050000e+02		2.5623038e+01		3.0155817e+01		1.0108824e+02		5.1242221e+01		4.9890968e+01		1.3512529e+00
2.4100000e+02		2.4200000e+02		2.4150000e+02		3.0005079e+01		3.5374992e+01		1.1848601e+02		6.0048593e+01		5.8378367e+01		1.6702265e+00
2.4200000e+02		2.4300000e+02		2.4250000e+02		4.1301739e+01		4.8774573e+01		1.6322997e+02		8.2705761e+01		8.0282051e+01		2.4237095e+00
2.4300000e+02		2.4400000e+02		2.4350000e+02		3.8791639e+01		4.5882824e+01		1.5342172e+02		7.7716712e+01		7.5319788e+01		2.3969236e+00
2.4400000e+02		2.4500000e+02		2.4450000e+02		3.6329084e+01		4.3034569e+01		1.4377359e+02		7.2809826e+01		7.0449015e+01		2.3608107e+00
2.4500000e+02		2.4600000e+02		2.4550000e+02		2.9476122e+01		3.4966270e+01		1.1671607e+02		5.9090332e+01		5.7078143e+01		2.0121887e+00
2.4600000e+02		2.4700000e+02		2.4650000e+02		2.8685918e+01		3.4074495e+01		1.1363844e+02		5.7514525e+01		5.5459707e+01		2.0548185e+00
2.4700000e+02		2.4800000e+02		2.4750000e+02		3.1678139e+01		3.7676331e+01		1.2553761e+02		6.3516156e+01		6.1137680e+01		2.3784753e+00
2.4800000e+02		2.4900000e+02		2.4850000e+02		2.5406301e+01		3.0252830e+01		1.0071071e+02		5.0937272e+01		4.8939915e+01		1.9973564e+00
2.4900000e+02		2.5000000e+02		2.4950000e+02		3.0967514e+01		3.6915999e+01		1.2277892e+02		6.2076197e+01		5.9529667e+01		2.5465299e+00
2.5000000e+02		2.5100000e+02		2.5050000e+02		3.3448743e+01		3.9915418e+01		1.3263086e+02		6.7031478e+01		6.4157285e+01		2.8741925e+00
2.5100000e+02		2.5200000e+02		2.5150000e+02		2.7888154e+01		3.3312166e+01		1.1058515e+02		5.5867030e+01		5.3365381e+01		2.5016489e+00
2.5200000e+02		2.5300000e+02		2.5250000e+02		2.5069906e+01		2.9972875e+01		9.9404892e+01		5.0197585e+01		4.7852179e+01		2.3454063e+00
2.5300000e+02		2.5400000e+02		2.5350000e+02		3.1592540e+01		3.7802795e+01		1.2525187e+02		6.3221868e+01		6.0142172e+01		3.0796961e+00
2.5400000e+02		2.5500000e+02		2.5450000e+02		3.5730773e+01		4.2787535e+01		1.4162965e+02		7.1455734e+01		6.7829687e+01		3.6260473e+00
2.5500000e+02		2.5600000e+02		2.5550000e+02		4.8755658e+01		5.8426233e+01		1.9320445e+02		9.7429775e+01		9.2283371e+01		5.1464039e+00
2.5600000e+02		2.5700000e+02		2.5650000e+02		6.2803876e+01		7.5309633e+01		2.4878717e+02		1.2539670e+02		1.1850727e+02		6.8894266e+00
2.5700000e+02		2.5800000e+02		2.5750000e+02		7.8843355e+01		9.4598514e+01		3.1219500e+02		1.5727497e+02		1.4829408e+02		8.9808861e+00
2.5800000e+02		2.5900000e+02		2.5850000e+02		8.2991293e+01		9.9628011e+01		3.2846069e+02		1.6538061e+02		1.5557233e+02		9.8082858e+00
2.5900000e+02		2.6000000e+02		2.5950000e+02		7.0629481e+01		8.4828133e+01		2.7938197e+02		1.4059155e+02		1.3193767e+02		8.6538863e+00
2.6000000e+02		2.6100000e+02		2.6050000e+02		5.7868388e+01		6.9530629e+01		2.2876391e+02		1.1505359e+02		1.0770849e+02		7.3451056e+00
2.6100000e+02		2.6200000e+02		2.6150000e+02		5.9092703e+01		7.1027424e+01		2.3344618e+02		1.1733931e+02		1.0957510e+02		7.7642132e+00
2.6200000e+02		2.6300000e+02		2.6250000e+02		7.0528613e+01		8.4799284e+01		2.7841899e+02		1.3985952e+02		1.3027391e+02		9.5856064e+00
2.6300000e+02		2.6400000e+02		2.6350000e+02		1.0614195e+02		1.2765163e+02		4.1867373e+02		2.1018307e+02		1.9527149e+02		1.4911582e+01
2.6400000e+02		2.6500000e+02		2.6450000e+02		1.6548208e+02		1.9905871e+02		6.5218388e+02		3.2720012e+02		3.0318584e+02		2.4014281e+01
2.6500000e+02		2.6600000e+02		2.6550000e+02		1.7356948e+02		2.0882069e+02		6.8343768e+02		3.4265439e+02		3.1665393e+02		2.6000462e+01
2.6600000e+02		2.6700000e+02		2.6650000e+02		1.6826276e+02		2.0245933e+02		6.6190672e+02		3.3163539e+02		3.0563384e+02		2.6001550e+01
2.6700000e+02		2.6800000e+02		2.6750000e+02		1.6940220e+02		2.0384435e+02		6.6571527e+02		3.3331288e+02		3.0632584e+02		2.6987049e+01
2.6800000e+02		2.6900000e+02		2.6850000e+02		1.6778062e+02		2.0189804e+02		6.5864308e+02		3.2953848e+02		3.0200052e+02		2.7537960e+01
2.6900000e+02		2.7000000e+02		2.6950000e+02		1.5737310e+02		1.8937075e+02		6.1710145e+02		3.0853044e+02		2.8193487e+02		2.6595571e+01
2.7000000e+02		2.7100000e+02		2.7050000e+02		1.8181465e+02		2.1876875e+02		7.1211843e+02		3.5577240e+02		3.2415412e+02		3.1618283e+01
2.7100000e+02		2.7200000e+02		2.7150000e+02		1.5108640e+02		1.8177674e+02		5.9105272e+02		2.9506526e+02		2.6804351e+02		2.7021749e+01
2.7200000e+02		2.7300000e+02		2.7250000e+02		1.2154404e+02		1.4621306e+02		4.7488986e+02		2.3689175e+02		2.1454807e+02		2.2343677e+01
2.7300000e+02		2.7400000e+02		2.7350000e+02		1.2960124e+02		1.5587799e+02		5.0571788e+02		2.5207164e+02		2.2759661e+02		2.4475031e+01
2.7400000e+02		2.7500000e+02		2.7450000e+02		8.9183780e+01		1.0724295e+02		3.4754186e+02		1.7309121e+02		1.5579866e+02		1.7292553e+01
2.7500000e+02		2.7600000e+02		2.7550000e+02		1.1893609e+02		1.4298431e+02		4.6284949e+02		2.3033166e+02		2.0666605e+02		2.3665610e+01
2.7600000e+02		2.7700000e+02		2.7650000e+02		1.6564211e+02		1.9907761e+02		6.4370252e+02		3.2006546e+02		2.8626032e+02		3.3805141e+01
2.7700000e+02		2.7800000e+02		2.7750000e+02		1.5837296e+02		1.9028092e+02		6.1456501e+02		3.0531992e+02		2.7218519e+02		3.3134732e+01
2.7800000e+02		2.7900000e+02		2.7850000e+02		1.0921797e+02		1.3117677e+02		4.2319241e+02		2.1006464e+02		1.8665069e+02		2.3413946e+01
2.7900000e+02		2.8000000e+02		2.7950000e+02		6.1368404e+01		7.3678851e+01		2.3742737e+02		1.1775187e+02		1.0427788e+02		1.3473987e+01
2.8000000e+02		2.8100000e+02		2.8050000e+02		6.7313201e+01		8.0783089e+01		2.6002444e+02		1.2884497e+02		1.1371563e+02		1.5129339e+01
2.8100000e+02		2.8200000e+02		2.8150000e+02		1.3943196e+02		1.6726004e+02		5.3776257e+02		2.6622852e+02		2.3416193e+02		3.2066589e+01
2.8200000e+02		2.8300000e+02		2.8250000e+02		1.8983287e+02		2.2761394e+02		7.3097222e+02		3.6155148e+02		3.1689962e+02		4.4651863e+01
2.8300000e+02		2.8400000e+02		2.8350000e+02		1.9610227e+02		2.3501522e+02		7.5387743e+02		3.7253747e+02		3.2538114e+02		4.7156332e+01
2.8400000e+02		2.8500000e+02		2.8450000e+02		1.4459284e+02		1.7319480e+02		5.5493427e+02		2.7397159e+02		2.3844044e+02		3.5531151e+01
2.8500000e+02		2.8600000e+02		2.8550000e+02		9.2944992e+01		1.1126996e+02		3.5611140e+02		1.7564652e+02		1.5231658e+02		2.3329945e+01
2.8600000e+02		2.8700000e+02		2.8650000e+02		1.9045522e+02		2.2787585e+02		7.2846198e+02		3.5895940e+02		3.1014701e+02		4.8812395e+01
2.8700000e+02		2.8800000e+02		2.8750000e+02		2.2108403e+02		2.6436641e+02		8.4414104e+02		4.1555968e+02		3.5772712e+02		5.7832563e+01
2.8800000e+02		2.8900000e+02		2.8850000e+02		2.1010240e+02		2.5108096e+02		8.0079669e+02		3.9383647e+02		3.3776316e+02		5.6073305e+01
2.8900000e+02		2.9000000e+02		2.8950000e+02		3.1885068e+02		3.8079807e+02		1.2131170e+03		5.9602853e+02		5.0924074e+02		8.6787789e+01
2.9000000e+02		2.9100000e+02		2.9050000e+02		4.1860542e+02		4.9960640e+02		1.5897733e+03		7.8030759e+02		6.6414613e+02		1.1616145e+02
2.9100000e+02		2.9200000e+02		2.9150000e+02		4.0318642e+02		4.8087954e+02		1.5284197e+03		7.4943718e+02		6.3541419e+02		1.1402299e+02
2.9200000e+02		2.9300000e+02		2.9250000e+02		3.5818014e+02		4.2690478e+02		1.3553032e+03		6.6387581e+02		5.6067947e+02		1.0319634e+02
2.9300000e+02		2.9400000e+02		2.9350000e+02		3.7393440e+02		4.4536516e+02		1.4122802e+03		6.9107466e+02		5.8135491e+02		1.0971975e+02
2.9400000e+02		2.9500000e+02		2.9450000e+02		3.4819581e+02		4.1440807e+02		1.3125993e+03		6.4163205e+02		5.3761770e+02		1.0401435e+02
2.9500000e+02		2.9600000e+02		2.9550000e+02		3.7701055e+02		4.4836828e+02		1.4185296e+03		6.9268895e+02		5.7806893e+02		1.1462003e+02
2.9600000e+02		2.9700000e+02		2.9650000e+02		3.4493460e+02		4.0990954e+02		1.2953629e+03		6.3187851e+02		5.2518422e+02		1.0669429e+02
2.9700000e+02		2.9800000e+02		2.9750000e+02		3.5165811e+02		4.1757578e+02		1.3180717e+03		6.4227330e+02		5.3164005e+02		1.1063325e+02
2.9800000e+02		2.9900000e+02		2.9850000e+02		3.0223333e+02		3.5860324e+02		1.1306254e+03		5.5034475e+02		4.5366528e+02		9.6679468e+01
2.9900000e+02		3.0000000e+02		2.9950000e+02		3.4101318e+02		4.0429122e+02		1.2732104e+03		6.1908205e+02		5.0820056e+02		1.1088149e+02
3.0000000e+02		3.0100000e+02		3.0050000e+02		2.7131061e+02		3.2139241e+02		1.0109821e+03		4.9104379e+02		4.0139948e+02		8.9644306e+01
3.0100000e+02		3.0200000e+02		3.0150000e+02		3.1202593e+02		3.6931749e+02		1.1604072e+03		5.6300574e+02		4.5827132e+02		1.0473442e+02
3.0200000e+02		3.0300000e+02		3.0250000e+02		3.2846528e+02		3.8844896e+02		1.2191243e+03		5.9084431e+02		4.7887254e+02		1.1197177e+02
3.0300000e+02		3.0400000e+02		3.0350000e+02		4.2601061e+02		5.0337938e+02		1.5780247e+03		7.6393897e+02		6.1649060e+02		1.4744837e+02
3.0400000e+02		3.0500000e+02		3.0450000e+02		4.0776836e+02		4.8140935e+02		1.5074334e+03		7.2895394e+02		5.8569680e+02		1.4325714e+02
3.0500000e+02		3.0600000e+02		3.0550000e+02		4.1174793e+02		4.8568437e+02		1.5190918e+03		7.3377075e+02		5.8697867e+02		1.4679208e+02
3.0600000e+02		3.0700000e+02		3.0650000e+02		3.9053943e+02		4.6026217e+02		1.4379457e+03		6.9379439e+02		5.5254316e+02		1.4125123e+02
3.0700000e+02		3.0800000e+02		3.0750000e+02		4.3847484e+02		5.1629624e+02		1.6111820e+03		7.7650172e+02		6.1565277e+02		1.6084895e+02
3.0800000e+02		3.0900000e+02		3.0850000e+02		4.3035211e+02		5.0627742e+02		1.5781338e+03		7.5971178e+02		5.9963214e+02		1.6007964e+02
3.0900000e+02		3.1000000e+02		3.0950000e+02		3.4901328e+02		4.1021693e+02		1.2772611e+03		6.1417168e+02		4.8256213e+02		1.3160955e+02
3.1000000e+02		3.1100000e+02		3.1050000e+02		4.3927411e+02		5.1583538e+02		1.6043141e+03		7.7055292e+02		6.0266817e+02		1.6788474e+02
3.1100000e+02		3.1200000e+02		3.1150000e+02		5.2246540e+02		6.1296269e+02		1.9042583e+03		9.1356596e+02		7.1123498e+02		2.0233098e+02
3.1200000e+02		3.1300000e+02		3.1250000e+02		4.6521908e+02		5.4529601e+02		1.6921508e+03		8.1087193e+02		6.2835937e+02		1.8251256e+02
3.1300000e+02		3.1400000e+02		3.1350000e+02		4.9544367e+02		5.8018285e+02		1.7984072e+03		8.6079278e+02		6.6393023e+02		1.9686255e+02
3.1400000e+02		3.1500000e+02		3.1450000e+02		4.6729179e+02		5.4670401e+02		1.6927520e+03		8.0928154e+02		6.2126511e+02		1.8801643e+02
3.1500000e+02		3.1600000e+02		3.1550000e+02		4.5343123e+02		5.2998909e+02		1.6391833e+03		7.8275881e+02		5.9805959e+02		1.8469922e+02
3.1600000e+02		3.1700000e+02		3.1650000e+02		4.4229406e+02		5.1648304e+02		1.5956505e+03		7.6108109e+02		5.7872520e+02		1.8235590e+02
3.1700000e+02		3.1800000e+02		3.1750000e+02		5.6102832e+02		6.5451177e+02		2.0198632e+03		9.6229108e+02		7.2821367e+02		2.3407741e+02
3.1800000e+02		3.1900000e+02		3.1850000e+02		4.6340678e+02		5.4010872e+02		1.6649845e+03		7.9229110e+02		5.9666992e+02		1.9562119e+02
3.1900000e+02		3.2000000e+02		3.1950000e+02		4.9774832e+02		5.7957992e+02		1.7847138e+03		8.4826607e+02		6.3571826e+02		2.1254781e+02
3.2000000e+02		3.2100000e+02		3.2050000e+02		5.7184857e+02		6.6522420e+02		2.0462154e+03		9.7141032e+02		7.2444414e+02		2.4696618e+02
3.2100000e+02		3.2200000e+02		3.2150000e+02		4.8024660e+02		5.5812782e+02		1.7149319e+03		8.1317705e+02		6.0345297e+02		2.0972409e+02
3.2200000e+02		3.2300000e+02		3.2250000e+02		4.8228681e+02		5.5995894e+02		1.7187044e+03		8.1400185e+02		6.0107198e+02		2.1292987e+02
3.2300000e+02		3.2400000e+02		3.2350000e+02		4.6607071e+02		5.4060896e+02		1.6575321e+03		7.8409978e+02		5.7610548e+02		2.0799431e+02
3.2400000e+02		3.2500000e+02		3.2450000e+02		5.4882129e+02		6.3597838e+02		1.9478554e+03		9.2034483e+02		6.7281826e+02		2.4752657e+02
3.2500000e+02		3.2600000e+02		3.2550000e+02		6.3196128e+02		7.3161284e+02		2.2383775e+03		1.0563578e+03		7.6835487e+02		2.8800295e+02
3.2600000e+02		3.2700000e+02		3.2650000e+02		7.1301257e+02		8.2464512e+02		2.5203380e+03		1.1880092e+03		8.5972875e+02		3.2828050e+02
3.2700000e+02		3.2800000e+02		3.2750000e+02		6.8984049e+02		7.9707169e+02		2.4334970e+03		1.1457100e+03		8.2488715e+02		3.2082287e+02
3.2800000e+02		3.2900000e+02		3.2850000e+02		6.6596082e+02		7.6873391e+02		2.3445166e+03		1.1025028e+03		7.8970559e+02		3.1279718e+02
3.2900000e+02		3.3000000e+02		3.2950000e+02		7.7527139e+02		8.9404578e+02		2.7238487e+03		1.2793564e+03		9.1165480e+02		3.6770163e+02
3.3000000e+02		3.3100000e+02		3.3050000e+02		7.3029799e+02		8.4136576e+02		2.5606851e+03		1.2012869e+03		8.5158248e+02		3.4970439e+02
3.3100000e+02		3.3200000e+02		3.3150000e+02		6.9881652e+02		8.0431622e+02		2.4453918e+03		1.1458318e+03		8.0803448e+02		3.3779730e+02
3.3200000e+02		3.3300000e+02		3.3250000e+02		6.8562051e+02		7.8836387e+02		2.3944227e+03		1.1206114e+03		7.8610610e+02		3.3450530e+02
3.3300000e+02		3.3400000e+02		3.3350000e+02		6.5878216e+02		7.5677086e+02		2.2961129e+03		1.0733201e+03		7.4896356e+02		3.2435655e+02
3.3400000e+02		3.3500000e+02		3.3450000e+02		6.9405546e+02		7.9652043e+02		2.4142528e+03		1.1271992e+03		7.8239437e+02		3.4480483e+02
3.3500000e+02		3.3600000e+02		3.3550000e+02		6.8541663e+02		7.8584729e+02		2.3794865e+03		1.1096429e+03		7.6610868e+02		3.4353424e+02
3.3600000e+02		3.3700000e+02		3.3650000e+02		5.6469084e+02		6.4680854e+02		1.9565115e+03		9.1130699e+02		6.2581004e+02		2.8549695e+02
3.3700000e+02		3.3800000e+02		3.3750000e+02		5.9573781e+02		6.8171435e+02		2.0600273e+03		9.5838032e+02		6.5459871e+02		3.0378161e+02
3.3800000e+02		3.3900000e+02		3.3850000e+02		6.4448401e+02		7.3678803e+02		2.2242281e+03		1.0335398e+03		7.0212232e+02		3.3141752e+02
3.3900000e+02		3.4000000e+02		3.3950000e+02		6.7448220e+02		7.7034453e+02		2.3232201e+03		1.0782555e+03		7.2852512e+02		3.4973036e+02
3.4000000e+02		3.4100000e+02		3.4050000e+02		7.1196374e+02		8.1237680e+02		2.4475628e+03		1.1346165e+03		7.6242719e+02		3.7218926e+02
3.4100000e+02		3.4200000e+02		3.4150000e+02		6.4984945e+02		7.4079600e+02		2.2297097e+03		1.0324001e+03		6.8994276e+02		3.4245737e+02
3.4200000e+02		3.4300000e+02		3.4250000e+02		7.0477558e+02		8.0264618e+02		2.4135128e+03		1.1161806e+03		7.4183033e+02		3.7435024e+02
3.4300000e+02		3.4400000e+02		3.4350000e+02		6.9264465e+02		7.8808388e+02		2.3674244e+03		1.0935705e+03		7.2278903e+02		3.7078144e+02
3.4400000e+02		3.4500000e+02		3.4450000e+02		5.5710877e+02		6.3327441e+02		1.9005367e+03		8.7686648e+02		5.7634504e+02		3.0052144e+02
3.4500000e+02		3.4600000e+02		3.4550000e+02		6.7138909e+02		7.6246091e+02		2.2860463e+03		1.0534880e+03		6.8857743e+02		3.6491055e+02
3.4600000e+02		3.4700000e+02		3.4650000e+02		6.5194093e+02		7.3968081e+02		2.2156306e+03		1.0198356e+03		6.6285324e+02		3.5698232e+02
3.4700000e+02		3.4800000e+02		3.4750000e+02		6.4525828e+02		7.3141522e+02		2.1887948e+03		1.0062989e+03		6.5038169e+02		3.5591718e+02
3.4800000e+02		3.4900000e+02		3.4850000e+02		6.6761091e+02		7.5604856e+02		2.2603791e+03		1.0379904e+03		6.6708154e+02		3.7090885e+02
3.4900000e+02		3.5000000e+02		3.4950000e+02		6.3989005e+02		7.2398419e+02		2.1624880e+03		9.9187491e+02		6.3383625e+02		3.5803866e+02
3.5000000e+02		3.5100000e+02		3.5050000e+02		7.6650484e+02		8.6643852e+02		2.5855797e+03		1.1845498e+03		7.5265945e+02		4.3189038e+02
3.5100000e+02		3.5200000e+02		3.5150000e+02		7.1211510e+02		8.0421815e+02		2.3976849e+03		1.0971875e+03		6.9317298e+02		4.0401455e+02
3.5200000e+02		3.5300000e+02		3.5250000e+02		6.5785102e+02		7.4225616e+02		2.2109179e+03		1.0105456e+03		6.3477956e+02		3.7576601e+02
3.5300000e+02		3.5400000e+02		3.5350000e+02		7.5263834e+02		8.4843188e+02		2.5248692e+03		1.1527043e+03		7.1991635e+02		4.3278798e+02
3.5400000e+02		3.5500000e+02		3.5450000e+02		8.0329241e+02		9.0471235e+02		2.6899120e+03		1.2266315e+03		7.6166896e+02		4.6496257e+02
3.5500000e+02		3.5600000e+02		3.5550000e+02		7.5433512e+02		8.4880764e+02		2.5214190e+03		1.1484693e+03		7.0900715e+02		4.3946217e+02
3.5600000e+02		3.5700000e+02		3.5650000e+02		6.5576441e+02		7.3722968e+02		2.1880098e+03		9.9545892e+02		6.1097695e+02		3.8448197e+02
3.5700000e+02		3.5800000e+02		3.5750000e+02		5.7307986e+02		6.4369788e+02		1.9087182e+03		8.6739512e+02		5.2927336e+02		3.3812176e+02
3.5800000e+02		3.5900000e+02		3.5850000e+02		4.9194729e+02		5.5207675e+02		1.6355921e+03		7.4242521e+02		4.5036930e+02		2.9205591e+02
3.5900000e+02		3.6000000e+02		3.5950000e+02		7.1030971e+02		7.9642448e+02		2.3574284e+03		1.0688586e+03		6.4458601e+02		4.2427257e+02
3.6000000e+02		3.6100000e+02		3.6050000e+02		7.0092701e+02		7.8521333e+02		2.3222154e+03		1.0516949e+03		6.3050224e+02		4.2119269e+02
3.6100000e+02		3.6200000e+02		3.6150000e+02		6.5110481e+02		7.2876224e+02		2.1533974e+03		9.7413370e+02		5.8055510e+02		3.9357860e+02
3.6200000e+02		3.6300000e+02		3.6250000e+02		7.3500056e+02		8.2194892e+02		2.4266614e+03		1.0965092e+03		6.4961654e+02		4.4689263e+02
3.6300000e+02		3.6400000e+02		3.6350000e+02		7.1558904e+02		7.9954914e+02		2.3585121e+03		1.0645144e+03		6.2691447e+02		4.3759991e+02
3.6400000e+02		3.6500000e+02		3.6450000e+02		7.4837927e+02		8.3546779e+02		2.4623728e+03		1.1101438e+03		6.4989036e+02		4.6025341e+02
3.6500000e+02		3.6600000e+02		3.6550000e+02		8.5179486e+02		9.5010505e+02		2.7978821e+03		1.2599942e+03		7.3320562e+02		5.2678859e+02
3.6600000e+02		3.6700000e+02		3.6650000e+02		9.1042532e+02		1.0146396e+03		2.9854226e+03		1.3429517e+03		7.7679492e+02		5.6615679e+02
3.6700000e+02		3.6800000e+02		3.6750000e+02		8.7909512e+02		9.7889563e+02		2.8778570e+03		1.2931265e+03		7.4347818e+02		5.4964831e+02
3.6800000e+02		3.6900000e+02		3.6850000e+02		8.1047729e+02		9.0173030e+02		2.6488101e+03		1.1888899e+03		6.7942683e+02		5.0946304e+02
3.6900000e+02		3.7000000e+02		3.6950000e+02		8.9967825e+02		1.0001395e+03		2.9354766e+03		1.3161041e+03		7.4758038e+02		5.6852376e+02
3.7000000e+02		3.7100000e+02		3.7050000e+02		8.4427990e+02		9.3777708e+02		2.7501987e+03		1.2316815e+03		6.9538521e+02		5.3629624e+02
3.7100000e+02		3.7200000e+02		3.7150000e+02		8.7164560e+02		9.6737573e+02		2.8347098e+03		1.2681409e+03		7.1161797e+02		5.5652291e+02
3.7200000e+02		3.7300000e+02		3.7250000e+02		7.2411383e+02		8.0298321e+02		2.3511014e+03		1.0506468e+03		5.8597834e+02		4.6466846e+02
3.7300000e+02		3.7400000e+02		3.7350000e+02		6.3155746e+02		6.9977620e+02		2.0472839e+03		9.1388567e+02		5.0658845e+02		4.0729722e+02
3.7400000e+02		3.7500000e+02		3.7450000e+02		6.4642322e+02		7.1566905e+02		2.0921252e+03		9.3289300e+02		5.1395739e+02		4.1893561e+02
3.7500000e+02		3.7600000e+02		3.7550000e+02		7.4036161e+02		8.1901243e+02		2.3923514e+03		1.0656179e+03		5.8347470e+02		4.8214315e+02
3.7600000e+02		3.7700000e+02		3.7650000e+02		7.6758018e+02		8.4844558e+02		2.4763956e+03		1.1018714e+03		5.9961185e+02		5.0225952e+02
3.7700000e+02		3.7800000e+02		3.7750000e+02		9.0048278e+02		9.9456148e+02		2.9006258e+03		1.2892554e+03		6.9725341e+02		5.9200203e+02
3.7800000e+02		3.7900000e+02		3.7850000e+02		9.3786543e+02		1.0350351e+03		3.0163497e+03		1.3392677e+03		7.1982206e+02		6.1944563e+02
3.7900000e+02		3.8000000e+02		3.7950000e+02		7.6051322e+02		8.3865239e+02		2.4421797e+03		1.0831880e+03		5.7857745e+02		5.0461054e+02
3.8000000e+02		3.8100000e+02		3.8050000e+02		8.2814537e+02		9.1252511e+02		2.6552900e+03		1.1764698e+03		6.2449975e+02		5.5197001e+02
3.8100000e+02		3.8200000e+02		3.8150000e+02		7.4366886e+02		8.1881017e+02		2.3808078e+03		1.0537506e+03		5.5587509e+02		4.9787554e+02
3.8200000e+02		3.8300000e+02		3.8250000e+02		5.3336093e+02		5.8680334e+02		1.7049440e+03		7.5382486e+02		3.9517715e+02		3.5864771e+02
3.8300000e+02		3.8400000e+02		3.8350000e+02		4.7073026e+02		5.1750387e+02		1.5024846e+03		6.6361979e+02		3.4571398e+02		3.1790582e+02
3.8400000e+02		3.8500000e+02		3.8450000e+02		6.2969557e+02		6.9174272e+02		2.0068843e+03		8.8548820e+02		4.5840672e+02		4.2708148e+02
3.8500000e+02		3.8600000e+02		3.8550000e+02		6.6694888e+02		7.3211844e+02		2.1224763e+03		9.3552755e+02		4.8127112e+02		4.5425643e+02
3.8600000e+02		3.8700000e+02		3.8650000e+02		6.6977732e+02		7.3467699e+02		2.1283553e+03		9.3715914e+02		4.7907790e+02		4.5808123e+02
3.8700000e+02		3.8800000e+02		3.8750000e+02		6.6902499e+02		7.3331050e+02		2.1228739e+03		9.3379404e+02		4.7434914e+02		4.5944490e+02
3.8800000e+02		3.8900000e+02		3.8850000e+02		6.7841027e+02		7.4305319e+02		2.1495482e+03		9.4456968e+02		4.7679312e+02		4.6777656e+02
3.8900000e+02		3.9000000e+02		3.8950000e+02		8.1451188e+02		8.9147506e+02		2.5770918e+03		1.1313027e+03		5.6743825e+02		5.6386444e+02
3.9000000e+02		3.9100000e+02		3.9050000e+02		8.5560997e+02		9.3578107e+02		2.7032781e+03		1.1855067e+03		5.9085724e+02		5.9464948e+02
3.9100000e+02		3.9200000e+02		3.9150000e+02		9.2006232e+02		1.0055523e+03		2.9028145e+03		1.2717425e+03		6.2981286e+02		6.4192966e+02
3.9200000e+02		3.9300000e+02		3.9250000e+02		7.0614281e+02		7.7120759e+02		2.2247767e+03		9.7372254e+02		4.7915550e+02		4.9456704e+02
3.9300000e+02		3.9400000e+02		3.9350000e+02		4.3291589e+02		4.7247189e+02		1.3620529e+03		5.9554407e+02		2.9119192e+02		3.0435215e+02
3.9400000e+02		3.9500000e+02		3.9450000e+02		7.1565803e+02		7.8050200e+02		2.2485224e+03		9.8217886e+02		4.7717258e+02		5.0500628e+02
3.9500000e+02		3.9600000e+02		3.9550000e+02		8.7888136e+02		9.5784908e+02		2.7575781e+03		1.2033637e+03		5.8089373e+02		6.2246993e+02
3.9600000e+02		3.9700000e+02		3.9650000e+02		6.0712893e+02		6.6122375e+02		1.9023439e+03		8.2934667e+02		3.9778309e+02		4.3156358e+02
3.9700000e+02		3.9800000e+02		3.9750000e+02		6.8053003e+02		7.4065818e+02		2.1294653e+03		9.2746587e+02		4.4199176e+02		4.8547412e+02
3.9800000e+02		3.9900000e+02		3.9850000e+02		1.0480559e+03		1.1398831e+03		3.2751220e+03		1.4250742e+03		6.7476947e+02		7.5030471e+02
3.9900000e+02		4.0000000e+02		3.9950000e+02		1.1577145e+03		1.2583022e+03		3.6130074e+03		1.5705935e+03		7.3888907e+02		8.3170438e+02
4.0000000e+02		4.0100000e+02		4.0050000e+02		1.1939713e+03		1.2968427e+03		3.7212615e+03		1.6161154e+03		7.5540736e+02		8.6070803e+02
4.0100000e+02		4.0200000e+02		4.0150000e+02		1.2509583e+03		1.3578396e+03		3.8937907e+03		1.6894461e+03		7.8458962e+02		9.0485653e+02
4.0200000e+02		4.0300000e+02		4.0250000e+02		1.2664199e+03		1.3737188e+03		3.9368193e+03		1.7065112e+03		7.8739518e+02		9.1911600e+02
4.0300000e+02		4.0400000e+02		4.0350000e+02		1.2115903e+03		1.3133869e+03		3.7615430e+03		1.6290107e+03		7.4677385e+02		8.8223683e+02
4.0400000e+02		4.0500000e+02		4.0450000e+02		1.1914959e+03		1.2907689e+03		3.6944498e+03		1.5984691e+03		7.2802652e+02		8.7044257e+02
4.0500000e+02		4.0600000e+02		4.0550000e+02		1.1904731e+03		1.2888335e+03		3.6866188e+03		1.5936084e+03		7.2110529e+02		8.7250314e+02
4.0600000e+02		4.0700000e+02		4.0650000e+02		1.1388815e+03		1.2321946e+03		3.5224355e+03		1.5212398e+03		6.8388844e+02		8.3735141e+02
4.0700000e+02		4.0800000e+02		4.0750000e+02		1.1575323e+03		1.2515830e+03		3.5756739e+03		1.5428232e+03		6.8908169e+02		8.5374146e+02
4.0800000e+02		4.0900000e+02		4.0850000e+02		1.2307397e+03		1.3299053e+03		3.7971317e+03		1.6368913e+03		7.2633669e+02		9.1055464e+02
4.0900000e+02		4.1000000e+02		4.0950000e+02		1.2243097e+03		1.3221356e+03		3.7726782e+03		1.6248836e+03		7.1630933e+02		9.0857425e+02
4.1000000e+02		4.1100000e+02		4.1050000e+02		1.1216634e+03		1.2105415e+03		3.4521876e+03		1.4855166e+03		6.5059816e+02		8.3491845e+02
4.1100000e+02		4.1200000e+02		4.1150000e+02		1.3003372e+03		1.4025156e+03		3.9972886e+03		1.7185478e+03		7.4774018e+02		9.7080763e+02
4.1200000e+02		4.1300000e+02		4.1250000e+02		1.2760342e+03		1.3754690e+03		3.9179041e+03		1.6829269e+03		7.2745315e+02		9.5547374e+02
4.1300000e+02		4.1400000e+02		4.1350000e+02		1.2308584e+03		1.3259756e+03		3.7747294e+03		1.6199997e+03		6.9566858e+02		9.2433116e+02
4.1400000e+02		4.1500000e+02		4.1450000e+02		1.2488872e+03		1.3445958e+03		3.8255283e+03		1.6403653e+03		6.9979804e+02		9.4056722e+02
4.1500000e+02		4.1600000e+02		4.1550000e+02		1.2477523e+03		1.3425800e+03		3.8176075e+03		1.6355461e+03		6.9316529e+02		9.4238079e+02
4.1600000e+02		4.1700000e+02		4.1650000e+02		1.2947363e+03		1.3923181e+03		3.9567908e+03		1.6937110e+03		7.1310324e+02		9.8060778e+02
4.1700000e+02		4.1800000e+02		4.1750000e+02		1.1781342e+03		1.2661916e+03		3.5963303e+03		1.5380939e+03		6.4332778e+02		8.9476608e+02
4.1800000e+02		4.1900000e+02		4.1850000e+02		1.2217101e+03		1.3122676e+03		3.7251189e+03		1.5918157e+03		6.6141798e+02		9.3039776e+02
4.1900000e+02		4.2000000e+02		4.1950000e+02		1.2338424e+03		1.3245417e+03		3.7578804e+03		1.6044542e+03		6.6228010e+02		9.4217409e+02
4.2000000e+02		4.2100000e+02		4.2050000e+02		1.2494927e+03		1.3405822e+03		3.8013018e+03		1.6216263e+03		6.6495745e+02		9.5666880e+02
4.2100000e+02		4.2200000e+02		4.2150000e+02		1.2299982e+03		1.3189248e+03		3.7378556e+03		1.5932257e+03		6.4900300e+02		9.4422274e+02
4.2200000e+02		4.2300000e+02		4.2250000e+02		1.1657134e+03		1.2492957e+03		3.5386147e+03		1.5070469e+03		6.0984592e+02		8.9720099e+02
4.2300000e+02		4.2400000e+02		4.2350000e+02		1.2419943e+03		1.3303104e+03		3.7660714e+03		1.6025923e+03		6.4422579e+02		9.5836650e+02
4.2400000e+02		4.2500000e+02		4.2450000e+02		1.2850442e+03		1.3756673e+03		3.8924087e+03		1.6549934e+03		6.6089253e+02		9.9410087e+02
4.2500000e+02		4.2600000e+02		4.2550000e+02		1.2367256e+03		1.3232220e+03		3.7420457e+03		1.5897636e+03		6.3064438e+02		9.5911925e+02
4.2600000e+02		4.2700000e+02		4.2650000e+02		1.2316584e+03		1.3170905e+03		3.7227623e+03		1.5802897e+03		6.2273609e+02		9.5755362e+02
4.2700000e+02		4.2800000e+02		4.2750000e+02		1.1420512e+03		1.2206155e+03		3.4482900e+03		1.4625996e+03		5.7254041e+02		8.9005915e+02
4.2800000e+02		4.2900000e+02		4.2850000e+02		1.1495483e+03		1.2279777e+03		3.4673085e+03		1.4694901e+03		5.7142447e+02		8.9806563e+02
4.2900000e+02		4.3000000e+02		4.2950000e+02		1.0698649e+03		1.1422577e+03		3.2236292e+03		1.3651302e+03		5.2732200e+02		8.3780824e+02
4.3000000e+02		4.3100000e+02		4.3050000e+02		8.6065012e+02		9.1840801e+02		2.5905828e+03		1.0961843e+03		4.2062322e+02		6.7556108e+02
4.3100000e+02		4.3200000e+02		4.3150000e+02		1.0641754e+03		1.1350057e+03		3.1999452e+03		1.3529695e+03		5.1570795e+02		8.3726156e+02
4.3200000e+02		4.3300000e+02		4.3250000e+02		1.1990384e+03		1.2781906e+03		3.6018419e+03		1.5217095e+03		5.7617193e+02		9.4553761e+02
4.3300000e+02		4.3400000e+02		4.3350000e+02		1.3017454e+03		1.3869736e+03		3.9064616e+03		1.6491288e+03		6.2026582e+02		1.0288630e+03
4.3400000e+02		4.3500000e+02		4.3450000e+02		1.1054356e+03		1.1772186e+03		3.3140619e+03		1.3979698e+03		5.2230297e+02		8.7566683e+02
4.3500000e+02		4.3600000e+02		4.3550000e+02		1.2347447e+03		1.3142689e+03		3.6980917e+03		1.5587743e+03		5.7850610e+02		9.8026824e+02
4.3600000e+02		4.3700000e+02		4.3650000e+02		1.3814970e+03		1.4697459e+03		4.1335902e+03		1.7410195e+03		6.4184024e+02		1.0991793e+03
4.3700000e+02		4.3800000e+02		4.3750000e+02		1.2223713e+03		1.2998181e+03		3.6539383e+03		1.5378370e+03		5.6315882e+02		9.7467816e+02
4.3800000e+02		4.3900000e+02		4.3850000e+02		1.1905029e+03		1.2653155e+03		3.5552710e+03		1.4951917e+03		5.4389305e+02		9.5129869e+02
4.3900000e+02		4.4000000e+02		4.3950000e+02		1.3250738e+03		1.4076646e+03		3.9533936e+03		1.6613898e+03		6.0032027e+02		1.0610696e+03
4.4000000e+02		4.4100000e+02		4.4050000e+02		1.2562739e+03		1.3339392e+03		3.7446015e+03		1.5724854e+03		5.6440620e+02		1.0080792e+03
4.4100000e+02		4.4200000e+02		4.4150000e+02		1.3817384e+03		1.4664657e+03		4.1147351e+03		1.7266511e+03		6.1560535e+02		1.1110458e+03
4.4200000e+02		4.4300000e+02		4.4250000e+02		1.4526378e+03		1.5409891e+03		4.3218696e+03		1.8122507e+03		6.4181177e+02		1.1704389e+03
4.4300000e+02		4.4400000e+02		4.4350000e+02		1.4050936e+03		1.4898598e+03		4.1765846e+03		1.7500642e+03		6.1565022e+02		1.1344140e+03
4.4400000e+02		4.4500000e+02		4.4450000e+02		1.4475318e+03		1.5341504e+03		4.2988202e+03		1.7999906e+03		6.2898465e+02		1.1710060e+03
4.4500000e+02		4.4600000e+02		4.4550000e+02		1.3420773e+03		1.4217354e+03		3.9820549e+03		1.6661673e+03		5.7833215e+02		1.0878352e+03
4.4600000e+02		4.4700000e+02		4.4650000e+02		1.3689269e+03		1.4495215e+03		4.0580919e+03		1.6967811e+03		5.8502264e+02		1.1117585e+03
4.4700000e+02		4.4800000e+02		4.4750000e+02		1.4837056e+03		1.5703519e+03		4.3944508e+03		1.8361293e+03		6.2883619e+02		1.2072931e+03
4.4800000e+02		4.4900000e+02		4.4850000e+02		1.4587166e+03		1.5432160e+03		4.3166453e+03		1.8023614e+03		6.1314452e+02		1.1892169e+03
4.4900000e+02		4.5000000e+02		4.4950000e+02		1.4737837e+03		1.5584676e+03		4.3574363e+03		1.8181325e+03		6.1437370e+02		1.2037588e+03
4.5000000e+02		4.5100000e+02		4.5050000e+02		1.5636828e+03		1.6528087e+03		4.6192458e+03		1.9260460e+03		6.4648623e+02		1.2795597e+03
4.5100000e+02		4.5200000e+02		4.5150000e+02		1.5589734e+03		1.6471161e+03		4.6013946e+03		1.9172919e+03		6.3924289e+02		1.2780490e+03
4.5200000e+02		4.5300000e+02		4.5250000e+02		1.4757889e+03		1.5585580e+03		4.3521773e+03		1.8122188e+03		6.0016805e+02		1.2120508e+03
4.5300000e+02		4.5400000e+02		4.5350000e+02		1.4141855e+03		1.4928629e+03		4.1669997e+03		1.7339433e+03		5.7040235e+02		1.1635410e+03
4.5400000e+02		4.5500000e+02		4.5450000e+02		1.5096596e+03		1.5929753e+03		4.4446138e+03		1.8482253e+03		6.0392795e+02		1.2442974e+03
4.5500000e+02		4.5600000e+02		4.5550000e+02		1.4952815e+03		1.5771429e+03		4.3986458e+03		1.8278956e+03		5.9328738e+02		1.2346082e+03
4.5600000e+02		4.5700000e+02		4.5650000e+02		1.5527317e+03		1.6370583e+03		4.5639050e+03		1.8953201e+03		6.1105393e+02		1.2842662e+03
4.5700000e+02		4.5800000e+02		4.5750000e+02		1.5677329e+03		1.6521940e+03		4.6042561e+03		1.9108256e+03		6.1192906e+02		1.2988966e+03
4.5800000e+02		4.5900000e+02		4.5850000e+02		1.4734199e+03		1.5521664e+03		4.3237861e+03		1.7932607e+03		5.7043525e+02		1.2228255e+03
4.5900000e+02		4.6000000e+02		4.5950000e+02		1.5222067e+03		1.6029121e+03		4.4633876e+03		1.8499650e+03		5.8453324e+02		1.2654317e+03
4.6000000e+02		4.6100000e+02		4.6050000e+02		1.5039223e+03		1.5830235e+03		4.4062859e+03		1.8251277e+03		5.7282465e+02		1.2523031e+03
4.6100000e+02		4.6200000e+02		4.6150000e+02		1.5386000e+03		1.6188817e+03		4.5043515e+03		1.8645608e+03		5.8128312e+02		1.2832777e+03
4.6200000e+02		4.6300000e+02		4.6250000e+02		1.5538294e+03		1.6342618e+03		4.5454001e+03		1.8803646e+03		5.8228550e+02		1.2980791e+03
4.6300000e+02		4.6400000e+02		4.6350000e+02		1.5018384e+03		1.5789628e+03		4.3899254e+03		1.8149085e+03		5.5825356e+02		1.2566550e+03
4.6400000e+02		4.6500000e+02		4.6450000e+02		1.5281564e+03		1.6060106e+03		4.4634409e+03		1.8441533e+03		5.6345177e+02		1.2807015e+03
4.6500000e+02		4.6600000e+02		4.6550000e+02		1.4760608e+03		1.5506658e+03		4.3080146e+03		1.7788363e+03		5.3985713e+02		1.2389792e+03
4.6600000e+02		4.6700000e+02		4.6650000e+02		1.4854121e+03		1.5598964e+03		4.3320519e+03		1.7876644e+03		5.3890501e+02		1.2487594e+03
4.6700000e+02		4.6800000e+02		4.6750000e+02		1.4997486e+03		1.5743581e+03		4.3706071e+03		1.8024764e+03		5.3973355e+02		1.2627428e+03
4.6800000e+02		4.6900000e+02		4.6850000e+02		1.4665907e+03		1.5389755e+03		4.2708236e+03		1.7602601e+03		5.2356500e+02		1.2366951e+03
4.6900000e+02		4.7000000e+02		4.6950000e+02		1.5086728e+03		1.5825483e+03		4.3901560e+03		1.8083582e+03		5.3427211e+02		1.2740861e+03
4.7000000e+02		4.7100000e+02		4.7050000e+02		1.4256243e+03		1.4948841e+03		4.1454809e+03		1.7065564e+03		5.0082193e+02		1.2057345e+03
4.7100000e+02		4.7200000e+02		4.7150000e+02		1.4904926e+03		1.5623352e+03		4.3309914e+03		1.7818706e+03		5.1942630e+02		1.2624443e+03
4.7200000e+02		4.7300000e+02		4.7250000e+02		1.5269264e+03		1.5999478e+03		4.4336967e+03		1.8230551e+03		5.2787748e+02		1.2951776e+03
4.7300000e+02		4.7400000e+02		4.7350000e+02		1.4995420e+03		1.5706920e+03		4.3511050e+03		1.7880523e+03		5.1428001e+02		1.2737723e+03
4.7400000e+02		4.7500000e+02		4.7450000e+02		1.5448084e+03		1.6175327e+03		4.4793114e+03		1.8396730e+03		5.2558951e+02		1.3140835e+03
4.7500000e+02		4.7600000e+02		4.7550000e+02		1.5413846e+03		1.6133807e+03		4.4662805e+03		1.8332679e+03		5.2025853e+02		1.3130093e+03
4.7600000e+02		4.7700000e+02		4.7650000e+02		1.4853490e+03		1.5541864e+03		4.3009505e+03		1.7643989e+03		4.9736808e+02		1.2670308e+03
4.7700000e+02		4.7800000e+02		4.7750000e+02		1.5508368e+03		1.6221490e+03		4.4875116e+03		1.8398911e+03		5.1518332e+02		1.3247078e+03
4.7800000e+02		4.7900000e+02		4.7850000e+02		1.5358791e+03		1.6059538e+03		4.4412235e+03		1.8198902e+03		5.0617898e+02		1.3137112e+03
4.7900000e+02		4.8000000e+02		4.7950000e+02		1.5403519e+03		1.6100844e+03		4.4511702e+03		1.8229493e+03		5.0364380e+02		1.3193055e+03
4.8000000e+02		4.8100000e+02		4.8050000e+02		1.5442750e+03		1.6136424e+03		4.4595400e+03		1.8253665e+03		5.0094466e+02		1.3244219e+03
4.8100000e+02		4.8200000e+02		4.8150000e+02		1.5475498e+03		1.6165254e+03		4.4660515e+03		1.8270277e+03		4.9805397e+02		1.3289738e+03
4.8200000e+02		4.8300000e+02		4.8250000e+02		1.5416562e+03		1.6098371e+03		4.4461363e+03		1.8178890e+03		4.9225605e+02		1.3256329e+03
4.8300000e+02		4.8400000e+02		4.8350000e+02		1.5183412e+03		1.5849718e+03		4.3760594e+03		1.7882685e+03		4.8100520e+02		1.3072633e+03
4.8400000e+02		4.8500000e+02		4.8450000e+02		1.4920771e+03		1.5570495e+03		4.2976014e+03		1.7552634e+03		4.6897925e+02		1.2862842e+03
4.8500000e+02		4.8600000e+02		4.8550000e+02		1.4021236e+03		1.4627082e+03		4.0359391e+03		1.6475143e+03		4.3725595e+02		1.2102583e+03
4.8600000e+02		4.8700000e+02		4.8650000e+02		1.2173217e+03		1.2695161e+03		3.5017851e+03		1.4287104e+03		3.7665780e+02		1.0520526e+03
4.8700000e+02		4.8800000e+02		4.8750000e+02		1.3927585e+03		1.4520157e+03		4.0039453e+03		1.6327312e+03		4.2757737e+02		1.2051538e+03
4.8800000e+02		4.8900000e+02		4.8850000e+02		1.4651201e+03		1.5269773e+03		4.2093601e+03		1.7156005e+03		4.4628728e+02		1.2693132e+03
4.8900000e+02		4.9000000e+02		4.8950000e+02		1.4372192e+03		1.4974330e+03		4.1266604e+03		1.6810245e+03		4.3438198e+02		1.2466425e+03
4.9000000e+02		4.9100000e+02		4.9050000e+02		1.5307557e+03		1.5943972e+03		4.3925505e+03		1.7884178e+03		4.5905771e+02		1.3293601e+03
4.9100000e+02		4.9200000e+02		4.9150000e+02		1.4425606e+03		1.5020766e+03		4.1369702e+03		1.6835002e+03		4.2925284e+02		1.2542473e+03
4.9200000e+02		4.9300000e+02		4.9250000e+02		1.3729411e+03		1.4291521e+03		3.9349565e+03		1.6004825e+03		4.0537209e+02		1.1951104e+03
4.9300000e+02		4.9400000e+02		4.9350000e+02		1.4509629e+03		1.5099152e+03		4.1561029e+03		1.6895815e+03		4.2509518e+02		1.2644864e+03
4.9400000e+02		4.9500000e+02		4.9450000e+02		1.4929449e+03		1.5531408e+03		4.2738367e+03		1.7365780e+03		4.3401695e+02		1.3025610e+03
4.9500000e+02		4.9600000e+02		4.9550000e+02		1.4663156e+03		1.5249881e+03		4.1951546e+03		1.7037641e+03		4.2298846e+02		1.2807756e+03
4.9600000e+02		4.9700000e+02		4.9650000e+02		1.4846220e+03		1.5435758e+03		4.2450709e+03		1.7231900e+03		4.2497189e+02		1.2982181e+03
4.9700000e+02		4.9800000e+02		4.9750000e+02		1.5123203e+03		1.5719184e+03		4.3217889e+03		1.7534771e+03		4.2957247e+02		1.3239046e+03
4.9800000e+02		4.9900000e+02		4.9850000e+02		1.3744029e+03		1.4281556e+03		3.9254250e+03		1.5918903e+03		3.8740050e+02		1.2044898e+03
4.9900000e+02		5.0000000e+02		4.9950000e+02		1.4721832e+03		1.5293246e+03		4.2023231e+03		1.7033638e+03		4.1178121e+02		1.2915826e+03
