Left Bin Edge (nm)	Right Bin Edge (nm)	Bin Center (nm)		Top of Atm Intensity (erg/s/nm/cm2)		Total Surface Flux (erg/s/nm/cm2)		Total Intensity at BOA (erg/s/nm/cm2)		Total Surface Intensity (erg/s/nm/cm2)		Total Surface Diffuse Intensity (erg/s/nm/cm2)		Total Surface Direct Intensity (erg/s/nm/cm2)
1.0000000e+02		1.0100000e+02		1.0050000e+02		4.4569042e-02		2.4525374e-199		0.0000000e+00		4.2479194e-199		4.2479194e-199		0.0000000e+00
1.0100000e+02		1.0200000e+02		1.0150000e+02		1.7387199e-01		2.8780738e-197		0.0000000e+00		4.9849701e-197		4.9849701e-197		0.0000000e+00
1.0200000e+02		1.0300000e+02		1.0250000e+02		9.2286085e-01		3.0760917e-195		0.0000000e+00		5.3279471e-195		5.3279471e-195		0.0000000e+00
1.0300000e+02		1.0400000e+02		1.0350000e+02		7.0094286e-01		3.0025219e-193		0.0000000e+00		5.2005205e-193		5.2005205e-193		0.0000000e+00
1.0400000e+02		1.0500000e+02		1.0450000e+02		1.4124828e-01		2.6834655e-191		0.0000000e+00		4.6478986e-191		4.6478986e-191		0.0000000e+00
1.0500000e+02		1.0600000e+02		1.0550000e+02		4.8389941e-02		2.2015022e-189		0.0000000e+00		3.8131136e-189		3.8131136e-189		0.0000000e+00
1.0600000e+02		1.0700000e+02		1.0650000e+02		4.5487167e-02		1.6618998e-187		0.0000000e+00		2.8784949e-187		2.8784949e-187		0.0000000e+00
1.0700000e+02		1.0800000e+02		1.0750000e+02		5.0757295e-02		1.1570799e-185		0.0000000e+00		2.0041212e-185		2.0041212e-185		0.0000000e+00
1.0800000e+02		1.0900000e+02		1.0850000e+02		7.1152114e-02		7.4462743e-184		0.0000000e+00		1.2897325e-183		1.2897325e-183		0.0000000e+00
1.0900000e+02		1.1000000e+02		1.0950000e+02		5.5817450e-02		4.4367497e-182		0.0000000e+00		7.6846758e-182		7.6846758e-182		0.0000000e+00
1.1000000e+02		1.1100000e+02		1.1050000e+02		5.4043772e-02		2.4554351e-180		0.0000000e+00		4.2529384e-180		4.2529384e-180		0.0000000e+00
1.1100000e+02		1.1200000e+02		1.1150000e+02		5.0797691e-02		1.2640043e-178		0.0000000e+00		2.1893196e-178		2.1893196e-178		0.0000000e+00
1.1200000e+02		1.1300000e+02		1.1250000e+02		5.1969037e-02		6.0640807e-177		0.0000000e+00		1.0503296e-176		1.0503296e-176		0.0000000e+00
1.1300000e+02		1.1400000e+02		1.1350000e+02		4.1221387e-02		2.7163945e-175		0.0000000e+00		4.7049333e-175		4.7049333e-175		0.0000000e+00
1.1400000e+02		1.1500000e+02		1.1450000e+02		3.1562600e-02		1.1381909e-173		0.0000000e+00		1.9714044e-173		1.9714044e-173		0.0000000e+00
1.1500000e+02		1.1600000e+02		1.1550000e+02		4.3552050e-02		4.4687090e-172		0.0000000e+00		7.7400311e-172		7.7400311e-172		0.0000000e+00
1.1600000e+02		1.1700000e+02		1.1650000e+02		1.0143732e-01		1.6467313e-170		0.0000000e+00		2.8522223e-170		2.8522223e-170		0.0000000e+00
1.1700000e+02		1.1800000e+02		1.1750000e+02		3.6108525e-01		5.7048106e-169		0.0000000e+00		9.8810218e-169		9.8810218e-169		0.0000000e+00
1.1800000e+02		1.1900000e+02		1.1850000e+02		1.2283927e-01		1.8608931e-167		0.0000000e+00		3.2231615e-167		3.2231615e-167		0.0000000e+00
1.1900000e+02		1.2000000e+02		1.1950000e+02		1.7115732e-01		5.7242855e-166		0.0000000e+00		9.9147534e-166		9.9147534e-166		0.0000000e+00
1.2000000e+02		1.2100000e+02		1.2050000e+02		9.3056497e-01		1.6629265e-164		0.0000000e+00		2.8802731e-164		2.8802731e-164		0.0000000e+00
1.2100000e+02		1.2200000e+02		1.2150000e+02		3.6941242e+01		4.5686878e-163		0.0000000e+00		7.9131993e-163		7.9131993e-163		0.0000000e+00
1.2200000e+02		1.2300000e+02		1.2250000e+02		2.4773856e-01		1.1886973e-161		2.2227587e-162		2.0588841e-161		2.0588841e-161		0.0000000e+00
1.2300000e+02		1.2400000e+02		1.2350000e+02		1.3344721e-01		2.9328362e-160		3.9885980e-161		5.0798213e-160		5.0798213e-160		0.0000000e+00
1.2400000e+02		1.2500000e+02		1.2450000e+02		1.0726631e-01		6.8705849e-159		9.5628496e-160		1.1900202e-158		1.1900202e-158		0.0000000e+00
1.2500000e+02		1.2600000e+02		1.2550000e+02		1.0471361e-01		1.5301273e-157		2.1822350e-158		2.6502582e-157		2.6502582e-157		0.0000000e+00
1.2600000e+02		1.2700000e+02		1.2650000e+02		1.4644878e-01		3.2435112e-156		4.7392722e-157		5.6179261e-156		5.6179261e-156		0.0000000e+00
1.2700000e+02		1.2800000e+02		1.2750000e+02		7.6659940e-02		6.5518327e-155		9.8068073e-156		1.1348107e-154		1.1348107e-154		0.0000000e+00
1.2800000e+02		1.2900000e+02		1.2850000e+02		6.1165494e-02		1.2625819e-153		1.9357260e-154		2.1868559e-153		2.1868559e-153		0.0000000e+00
1.2900000e+02		1.3000000e+02		1.2950000e+02		8.1594975e-02		2.3237010e-152		3.6487211e-153		4.0247682e-152		4.0247682e-152		0.0000000e+00
1.3000000e+02		1.3100000e+02		1.3050000e+02		6.7007791e-01		4.0886969e-151		6.5748339e-152		7.0818308e-151		7.0818308e-151		0.0000000e+00
1.3100000e+02		1.3200000e+02		1.3150000e+02		9.0731094e-02		6.8851608e-150		1.1352333e-150		1.1925448e-149		1.1925448e-149		0.0000000e+00
1.3200000e+02		1.3300000e+02		1.3250000e+02		7.0547730e-02		1.1107039e-148		1.8805854e-149		1.9237955e-148		1.9237955e-148		0.0000000e+00
1.3300000e+02		1.3400000e+02		1.3350000e+02		9.5357088e-01		1.7181502e-147		2.9885099e-148		2.9759234e-147		2.9759234e-147		0.0000000e+00
1.3400000e+02		1.3500000e+02		1.3450000e+02		6.5246966e-02		2.5509884e-146		4.5608167e-147		4.4184415e-146		4.4184415e-146		0.0000000e+00
1.3500000e+02		1.3600000e+02		1.3550000e+02		1.3692679e-01		3.6385950e-145		6.6917369e-146		6.3022313e-145		6.3022313e-145		0.0000000e+00
1.3600000e+02		1.3700000e+02		1.3650000e+02		8.9861989e-02		4.9901988e-144		9.4502866e-145		8.6432779e-144		8.6432779e-144		0.0000000e+00
1.3700000e+02		1.3800000e+02		1.3750000e+02		9.2282630e-02		6.5861197e-143		1.2861688e-143		1.1407494e-142		1.1407494e-142		0.0000000e+00
1.3800000e+02		1.3900000e+02		1.3850000e+02		9.4180145e-02		8.3722324e-142		1.6849536e-142		1.4501132e-141		1.4501132e-141		0.0000000e+00
1.3900000e+02		1.4000000e+02		1.3950000e+02		3.1801144e-01		1.0259058e-140		2.1254366e-141		1.7769209e-140		1.7769209e-140		0.0000000e+00
1.4000000e+02		1.4100000e+02		1.4050000e+02		2.7729440e-01		1.2126956e-139		2.5902872e-140		2.1004503e-139		2.1004503e-139		0.0000000e+00
1.4100000e+02		1.4200000e+02		1.4150000e+02		1.3359910e-01		1.3838825e-138		3.0538746e-139		2.3969549e-138		2.3969549e-138		0.0000000e+00
1.4200000e+02		1.4300000e+02		1.4250000e+02		1.4479671e-01		1.5256747e-137		3.4883595e-138		2.6425460e-137		2.6425460e-137		0.0000000e+00
1.4300000e+02		1.4400000e+02		1.4350000e+02		1.6064305e-01		1.6260605e-136		3.8680652e-137		2.8164195e-136		2.8164195e-136		0.0000000e+00
1.4400000e+02		1.4500000e+02		1.4450000e+02		1.5363637e-01		1.6764845e-135		4.1746374e-136		2.9037563e-135		2.9037563e-135		0.0000000e+00
1.4500000e+02		1.4600000e+02		1.4550000e+02		1.6382583e-01		1.6729852e-134		4.4031289e-135		2.8976955e-134		2.8976955e-134		0.0000000e+00
1.4600000e+02		1.4700000e+02		1.4650000e+02		1.9977093e-01		1.6174796e-133		4.4758775e-134		2.8015569e-133		2.8015569e-133		0.0000000e+00
1.4700000e+02		1.4800000e+02		1.4750000e+02		2.4643334e-01		1.5164955e-132		4.3506172e-133		2.6266472e-132		2.6266472e-132		0.0000000e+00
1.4800000e+02		1.4900000e+02		1.4850000e+02		2.4167300e-01		1.3790218e-131		4.1170130e-132		2.3885358e-131		2.3885358e-131		2.9072820e-295
1.4900000e+02		1.5000000e+02		1.4950000e+02		2.1832777e-01		1.2169156e-130		3.8000437e-131		2.1077596e-130		2.1077596e-130		6.3240386e-259
1.5000000e+02		1.5100000e+02		1.5050000e+02		2.4023073e-01		1.0425834e-129		3.4298028e-130		1.8058074e-129		1.8058074e-129		1.6106117e-222
1.5100000e+02		1.5200000e+02		1.5150000e+02		2.5258505e-01		8.6750313e-129		3.0383238e-129		1.5025595e-128		1.5025595e-128		3.7752303e-186
1.5200000e+02		1.5300000e+02		1.5250000e+02		3.2229547e-01		7.0109787e-128		2.6579021e-128		1.2143371e-127		1.2143371e-127		1.0362377e-149
1.5300000e+02		1.5400000e+02		1.5350000e+02		3.5701286e-01		2.6258764e-113		8.7907122e-107		2.8009277e-113		4.1417599e-114		2.3867518e-113
1.5400000e+02		1.5500000e+02		1.5450000e+02		9.5486931e-01		1.4828567e-76		4.6387632e-72		1.6276062e-76		3.4248100e-77		1.2851252e-76
1.5500000e+02		1.5600000e+02		1.5550000e+02		7.8587524e-01		2.1448343e-58		6.4790125e-55		2.4174617e-58		6.4504338e-59		1.7724183e-58
1.5600000e+02		1.5700000e+02		1.5650000e+02		4.6648084e-01		1.7667323e-58		5.2251536e-55		1.9841861e-58		5.1450144e-59		1.4696847e-58
1.5700000e+02		1.5800000e+02		1.5750000e+02		4.2309893e-01		2.1630398e-58		6.2736976e-55		2.4208798e-58		6.1005609e-59		1.8108237e-58
1.5800000e+02		1.5900000e+02		1.5850000e+02		3.9008072e-01		2.6218759e-58		7.4694104e-55		2.9246066e-58		7.1626848e-59		2.2083381e-58
1.5900000e+02		1.6000000e+02		1.5950000e+02		3.8042347e-01		3.2782327e-58		9.1871755e-55		3.6449334e-58		8.6762325e-59		2.7773101e-58
1.6000000e+02		1.6100000e+02		1.6050000e+02		4.1635449e-01		4.4908948e-58		1.2398420e-54		4.9776404e-58		1.1516524e-58		3.8259880e-58
1.6100000e+02		1.6200000e+02		1.6150000e+02		4.7164413e-01		6.2235562e-58		1.6949556e-54		6.8772502e-58		1.5466565e-58		5.3305937e-58
1.6200000e+02		1.6300000e+02		1.6250000e+02		5.2241459e-01		8.2509107e-58		2.2196071e-54		9.0909007e-58		1.9874376e-58		7.1034631e-58
1.6300000e+02		1.6400000e+02		1.6350000e+02		1.1072121e+00		2.0498137e-57		5.4536352e-54		2.2521122e-57		4.7864339e-58		1.7734688e-57
1.6400000e+02		1.6500000e+02		1.6450000e+02		1.1323318e+00		2.4087590e-57		6.3457276e-54		2.6392465e-57		5.4533931e-58		2.0939072e-57
1.6500000e+02		1.6600000e+02		1.6550000e+02		1.3255566e+00		1.9955161e-32		2.2365973e-30		2.3440182e-32		8.2456488e-33		1.5194533e-32
1.6600000e+02		1.6700000e+02		1.6650000e+02		6.2522883e-01		3.7882574e-01		1.3335848e+00		6.5614539e-01		6.5614533e-01		5.2723950e-08
1.6700000e+02		1.6800000e+02		1.6750000e+02		6.6723830e-01		4.1441708e-01		1.4571121e+00		7.1779138e-01		7.1779129e-01		8.9821380e-08
1.6800000e+02		1.6900000e+02		1.6850000e+02		7.1904320e-01		4.5736472e-01		1.6062440e+00		7.9217882e-01		7.9217867e-01		1.5194013e-07
1.6900000e+02		1.7000000e+02		1.6950000e+02		9.0554889e-01		5.8936336e-01		2.0674930e+00		1.0208071e+00		1.0208068e+00		2.9556426e-07
1.7000000e+02		1.7100000e+02		1.7050000e+02		1.0161854e+00		6.7614086e-01		2.3693427e+00		1.1711099e+00		1.1711094e+00		5.0447348e-07
1.7100000e+02		1.7200000e+02		1.7150000e+02		1.0130704e+00		6.8856092e-01		2.4103480e+00		1.1926220e+00		1.1926212e+00		7.5373296e-07
1.7200000e+02		1.7300000e+02		1.7250000e+02		1.0571150e+00		7.3337197e-01		2.5646289e+00		1.2702367e+00		1.2702355e+00		1.1621710e-06
1.7300000e+02		1.7400000e+02		1.7350000e+02		1.0479596e+00		7.4151730e-01		2.5905967e+00		1.2843444e+00		1.2843427e+00		1.6794873e-06
1.7400000e+02		1.7500000e+02		1.7450000e+02		1.2530722e+00		9.0368428e-01		3.1541932e+00		1.5652250e+00		1.5652221e+00		2.8896939e-06
1.7500000e+02		1.7600000e+02		1.7550000e+02		1.4954862e+00		1.0984728e+00		3.8306107e+00		1.9026072e+00		1.9026023e+00		4.9011005e-06
1.7600000e+02		1.7700000e+02		1.7650000e+02		1.6135596e+00		1.2063495e+00		4.2031265e+00		2.0894532e+00		2.0894457e+00		7.4258345e-06
1.7700000e+02		1.7800000e+02		1.7750000e+02		1.9010195e+00		1.4457155e+00		5.0328688e+00		2.5040438e+00		2.5040316e+00		1.2145646e-05
1.7800000e+02		1.7900000e+02		1.7850000e+02		2.0776624e+00		1.6062667e+00		5.5872254e+00		2.7821222e+00		2.7821039e+00		1.8226726e-05
1.7900000e+02		1.8000000e+02		1.7950000e+02		2.0198657e+00		1.5865754e+00		5.5143804e+00		2.7480116e+00		2.7479876e+00		2.4075395e-05
1.8000000e+02		1.8100000e+02		1.8050000e+02		2.4976225e+00		1.9921410e+00		6.9187031e+00		3.4504601e+00		3.4504200e+00		4.0040118e-05
1.8100000e+02		1.8200000e+02		1.8150000e+02		3.0410490e+00		2.4617336e+00		8.5432861e+00		4.2638002e+00		4.2637353e+00		6.4935813e-05
1.8200000e+02		1.8300000e+02		1.8250000e+02		2.8073836e+00		2.3052737e+00		7.9945819e+00		3.9927932e+00		3.9927141e+00		7.9103541e-05
1.8300000e+02		1.8400000e+02		1.8350000e+02		2.9562417e+00		2.4612256e+00		8.5295020e+00		4.2628880e+00		4.2627791e+00		1.0893491e-04
1.8400000e+02		1.8500000e+02		1.8450000e+02		2.5409769e+00		2.1438734e+00		7.4247101e+00		3.7132088e+00		3.7130874e+00		1.2139814e-04
1.8500000e+02		1.8600000e+02		1.8550000e+02		2.8735562e+00		2.4558926e+00		8.4997561e+00		4.2536016e+00		4.2534250e+00		1.7652694e-04
1.8600000e+02		1.8700000e+02		1.8650000e+02		3.2604304e+00		2.8214212e+00		9.7586536e+00		4.8866578e+00		4.8864023e+00		2.5549370e-04
1.8700000e+02		1.8800000e+02		1.8750000e+02		3.6946466e+00		3.2358520e+00		1.1185185e+01		5.6043918e+00		5.6040253e+00		3.6648667e-04
1.8800000e+02		1.8900000e+02		1.8850000e+02		3.8870616e+00		3.4441844e+00		1.1898185e+01		5.9651477e+00		5.9646632e+00		4.8448337e-04
1.8900000e+02		1.9000000e+02		1.8950000e+02		4.3106081e+00		3.8626549e+00		1.3336036e+01		6.6898239e+00		6.6891535e+00		6.7031811e-04
1.9000000e+02		1.9100000e+02		1.9050000e+02		4.4384288e+00		4.0206715e+00		1.3873699e+01		6.9633813e+00		6.9625260e+00		8.5523372e-04
1.9100000e+02		1.9200000e+02		1.9150000e+02		4.8094361e+00		4.4028218e+00		1.5183904e+01		7.6250759e+00		7.6239351e+00		1.1407785e-03
1.9200000e+02		1.9300000e+02		1.9250000e+02		5.0365493e+00		4.6578886e+00		1.6054822e+01		8.0666300e+00		8.0651687e+00		1.4612885e-03
1.9300000e+02		1.9400000e+02		1.9350000e+02		3.8447944e+00		3.5909153e+00		1.2370595e+01		6.2186549e+00		6.2172987e+00		1.3561783e-03
1.9400000e+02		1.9500000e+02		1.9450000e+02		6.1679797e+00		5.8158505e+00		2.0024984e+01		1.0071424e+01		1.0068794e+01		2.6294762e-03
1.9500000e+02		1.9600000e+02		1.9550000e+02		5.9528271e+00		5.6649891e+00		1.9495555e+01		9.8098163e+00		9.8067665e+00		3.0497672e-03
1.9600000e+02		1.9700000e+02		1.9650000e+02		6.5508102e+00		6.2899667e+00		2.1635458e+01		1.0891605e+01		1.0887594e+01		4.0112411e-03
1.9700000e+02		1.9800000e+02		1.9750000e+02		6.5190955e+00		6.3138573e+00		2.1706855e+01		1.0932447e+01		1.0927701e+01		4.7459118e-03
1.9800000e+02		1.9900000e+02		1.9850000e+02		6.3883794e+00		6.2392601e+00		2.1439884e+01		1.0802688e+01		1.0797187e+01		5.5012486e-03
1.9900000e+02		2.0000000e+02		1.9950000e+02		6.7274707e+00		6.6239064e+00		2.2750610e+01		1.1467950e+01		1.1461131e+01		6.8191223e-03
2.0000000e+02		2.0100000e+02		2.0050000e+02		7.1125146e+00		7.0582080e+00		2.4230633e+01		1.2218992e+01		1.2210546e+01		8.4459517e-03
2.0100000e+02		2.0200000e+02		2.0150000e+02		7.5701275e+00		7.5696543e+00		2.5974029e+01		1.3103352e+01		1.3092869e+01		1.0483153e-02
2.0200000e+02		2.0300000e+02		2.0250000e+02		7.4828608e+00		7.5376907e+00		2.5852090e+01		1.3046856e+01		1.3034825e+01		1.2031041e-02
2.0300000e+02		2.0400000e+02		2.0350000e+02		8.0092047e+00		8.1256373e+00		2.7855410e+01		1.4063118e+01		1.4048231e+01		1.4887483e-02
2.0400000e+02		2.0500000e+02		2.0450000e+02		8.6207445e+00		8.8066965e+00		3.0175901e+01		1.5240140e+01		1.5221690e+01		1.8449561e-02
2.0500000e+02		2.0600000e+02		2.0550000e+02		8.6400754e+00		8.8857050e+00		3.0432254e+01		1.5374969e+01		1.5353764e+01		2.1205190e-02
2.0600000e+02		2.0700000e+02		2.0650000e+02		8.6510225e+00		8.9548171e+00		3.0654450e+01		1.5492442e+01		1.5468187e+01		2.4255373e-02
2.0700000e+02		2.0800000e+02		2.0750000e+02		9.3957826e+00		9.7869810e+00		3.3487236e+01		1.6929599e+01		1.6899616e+01		2.9983203e-02
2.0800000e+02		2.0900000e+02		2.0850000e+02		1.0163489e+01		1.0651220e+01		3.6426926e+01		1.8421528e+01		1.8384746e+01		3.6781986e-02
2.0900000e+02		2.1000000e+02		2.0950000e+02		1.3129215e+01		1.3840533e+01		4.7311538e+01		2.3933196e+01		2.3879496e+01		5.3699838e-02
2.1000000e+02		2.1100000e+02		2.1050000e+02		1.6183343e+01		1.7157697e+01		5.8622250e+01		2.9663424e+01		2.9588867e+01		7.4557054e-02
2.1100000e+02		2.1200000e+02		2.1150000e+02		1.8424170e+01		1.9641601e+01		6.7076043e+01		3.3950487e+01		3.3855188e+01		9.5298740e-02
2.1200000e+02		2.1300000e+02		2.1250000e+02		1.6428561e+01		1.7608012e+01		6.0101524e+01		3.0428347e+01		3.0333239e+01		9.5107769e-02
2.1300000e+02		2.1400000e+02		2.1350000e+02		1.6737981e+01		1.8032730e+01		6.1520305e+01		3.1154453e+01		3.1046329e+01		1.0812339e-01
2.1400000e+02		2.1500000e+02		2.1450000e+02		2.1432541e+01		2.3206382e+01		7.9130379e+01		4.0081873e+01		3.9927839e+01		1.5403374e-01
2.1500000e+02		2.1600000e+02		2.1550000e+02		1.8408135e+01		2.0028509e+01		6.8258998e+01		3.4582951e+01		3.4436179e+01		1.4677233e-01
2.1600000e+02		2.1700000e+02		2.1650000e+02		1.7036901e+01		1.8623701e+01		6.3437958e+01		3.2147179e+01		3.1996891e+01		1.5028766e-01
2.1700000e+02		2.1800000e+02		2.1750000e+02		1.7640866e+01		1.9371584e+01		6.5950248e+01		3.3426867e+01		3.3255157e+01		1.7170978e-01
2.1800000e+02		2.1900000e+02		2.1850000e+02		2.3730294e+01		2.6172976e+01		8.9057091e+01		4.5146827e+01		4.4892611e+01		2.5421516e-01
2.1900000e+02		2.2000000e+02		2.1950000e+02		2.5052511e+01		2.7748697e+01		9.4366494e+01		4.7846462e+01		4.7551824e+01		2.9463802e-01
2.2000000e+02		2.2100000e+02		2.2050000e+02		2.5203754e+01		2.8030833e+01		9.5272298e+01		4.8313179e+01		4.7988547e+01		3.2463246e-01
2.2100000e+02		2.2200000e+02		2.2150000e+02		2.0176768e+01		2.2528974e+01		7.6528438e+01		3.8813458e+01		3.8529502e+01		2.8395546e-01
2.2200000e+02		2.2300000e+02		2.2250000e+02		2.7154039e+01		3.0435773e+01		1.0332652e+02		5.2411333e+01		5.1994733e+01		4.1659998e-01
2.2300000e+02		2.2400000e+02		2.2350000e+02		3.5163062e+01		3.9558435e+01		1.3421703e+02		6.8087639e+01		6.7500822e+01		5.8681652e-01
2.2400000e+02		2.2500000e+02		2.2450000e+02		3.2875934e+01		3.7117335e+01		1.2585815e+02		6.3853156e+01		6.3257633e+01		5.9552302e-01
2.2500000e+02		2.2600000e+02		2.2550000e+02		2.8720078e+01		3.2536859e+01		1.1025822e+02		5.5942964e+01		5.5379439e+01		5.6352492e-01
2.2600000e+02		2.2700000e+02		2.2650000e+02		2.1037217e+01		2.3912001e+01		8.0979822e+01		4.1090143e+01		4.0643920e+01		4.4622339e-01
2.2700000e+02		2.2800000e+02		2.2750000e+02		2.0463841e+01		2.3334578e+01		7.8973422e+01		4.0073839e+01		3.9605519e+01		4.6832085e-01
2.2800000e+02		2.2900000e+02		2.2850000e+02		2.8509984e+01		3.2609460e+01		1.1029079e+02		5.5966881e+01		5.5264250e+01		7.0263009e-01
2.2900000e+02		2.3000000e+02		2.2950000e+02		2.5620938e+01		2.9391743e+01		9.9341358e+01		5.0411119e+01		4.9732378e+01		6.7874060e-01
2.3000000e+02		2.3100000e+02		2.3050000e+02		2.9055844e+01		3.3427079e+01		1.1290331e+02		5.7292766e+01		5.6466822e+01		8.2594390e-01
2.3100000e+02		2.3200000e+02		2.3150000e+02		2.7387429e+01		3.1593871e+01		1.0663725e+02		5.4111713e+01		5.3277785e+01		8.3392803e-01
2.3200000e+02		2.3300000e+02		2.3250000e+02		2.9413108e+01		3.4019837e+01		1.1474413e+02		5.8222964e+01		5.7265213e+01		9.5775082e-01
2.3300000e+02		2.3400000e+02		2.3350000e+02		2.6543685e+01		3.0778423e+01		1.0373637e+02		5.2634264e+01		5.1711475e+01		9.2278901e-01
2.3400000e+02		2.3500000e+02		2.3450000e+02		2.3194371e+01		2.6959802e+01		9.0799218e+01		4.6066515e+01		4.5206969e+01		8.5954611e-01
2.3500000e+02		2.3600000e+02		2.3550000e+02		3.1223226e+01		3.6376165e+01		1.2242140e+02		6.2103823e+01		6.0872292e+01		1.2315311e+00
2.3600000e+02		2.3700000e+02		2.3650000e+02		2.8911473e+01		3.3757593e+01		1.1352230e+02		5.7582679e+01		5.6370760e+01		1.2119192e+00
2.3700000e+02		2.3800000e+02		2.3750000e+02		3.0878004e+01		3.6130217e+01		1.2140705e+02		6.1573824e+01		6.0200219e+01		1.3736048e+00
2.3800000e+02		2.3900000e+02		2.3850000e+02		2.5598090e+01		3.0012899e+01		1.0077184e+02		5.1100457e+01		4.9893698e+01		1.2067589e+00
2.3900000e+02		2.4000000e+02		2.3950000e+02		2.7890834e+01		3.2764289e+01		1.0992192e+02		5.5730764e+01		5.4339264e+01		1.3915004e+00
2.4000000e+02		2.4100000e+02		2.4050000e+02		2.5623038e+01		3.0155702e+01		1.0108803e+02		5.1242137e+01		4.9891040e+01		1.3510971e+00
2.4100000e+02		2.4200000e+02		2.4150000e+02		3.0005079e+01		3.5374864e+01		1.1848579e+02		6.0048510e+01		5.8378472e+01		1.6700375e+00
2.4200000e+02		2.4300000e+02		2.4250000e+02		4.1301739e+01		4.8774405e+01		1.6322970e+02		8.2705666e+01		8.0282226e+01		2.4234403e+00
2.4300000e+02		2.4400000e+02		2.4350000e+02		3.8791639e+01		4.5882672e+01		1.5342149e+02		7.7716641e+01		7.5319979e+01		2.3966622e+00
2.4400000e+02		2.4500000e+02		2.4450000e+02		3.6329084e+01		4.3034434e+01		1.4377340e+02		7.2809777e+01		7.0449219e+01		2.3605579e+00
2.4500000e+02		2.4600000e+02		2.4550000e+02		2.9476122e+01		3.4966166e+01		1.1671594e+02		5.9090306e+01		5.7078329e+01		2.0119772e+00
2.4600000e+02		2.4700000e+02		2.4650000e+02		2.8685918e+01		3.4074399e+01		1.1363834e+02		5.7514514e+01		5.5459908e+01		2.0546064e+00
2.4700000e+02		2.4800000e+02		2.4750000e+02		3.1678139e+01		3.7676231e+01		1.2553753e+02		6.3516158e+01		6.1137924e+01		2.3782342e+00
2.4800000e+02		2.4900000e+02		2.4850000e+02		2.5406301e+01		3.0252753e+01		1.0071066e+02		5.0937285e+01		4.8940128e+01		1.9971575e+00
2.4900000e+02		2.5000000e+02		2.4950000e+02		3.0967514e+01		3.6915912e+01		1.2277888e+02		6.2076228e+01		5.9529947e+01		2.5462809e+00
2.5000000e+02		2.5100000e+02		2.5050000e+02		3.3448743e+01		3.9915330e+01		1.3263084e+02		6.7031526e+01		6.4157610e+01		2.8739165e+00
2.5100000e+02		2.5200000e+02		2.5150000e+02		2.7888154e+01		3.3312097e+01		1.1058515e+02		5.5867083e+01		5.3365670e+01		2.5014129e+00
2.5200000e+02		2.5300000e+02		2.5250000e+02		2.5069906e+01		2.9972817e+01		9.9404912e+01		5.0197644e+01		4.7852455e+01		2.3451890e+00
2.5300000e+02		2.5400000e+02		2.5350000e+02		3.1592540e+01		3.7802727e+01		1.2525192e+02		6.3221955e+01		6.0142539e+01		3.0794157e+00
2.5400000e+02		2.5500000e+02		2.5450000e+02		3.5730773e+01		4.2787464e+01		1.4162972e+02		7.1455848e+01		6.7830125e+01		3.6257229e+00
2.5500000e+02		2.5600000e+02		2.5550000e+02		4.8755658e+01		5.8426143e+01		1.9320458e+02		9.7429951e+01		9.2283999e+01		5.1459515e+00
2.5600000e+02		2.5700000e+02		2.5650000e+02		6.2803876e+01		7.5309528e+01		2.4878738e+02		1.2539695e+02		1.1850812e+02		6.8888315e+00
2.5700000e+02		2.5800000e+02		2.5750000e+02		7.8843355e+01		9.4598393e+01		3.1219532e+02		1.5727532e+02		1.4829519e+02		8.9801237e+00
2.5800000e+02		2.5900000e+02		2.5850000e+02		8.2991293e+01		9.9627897e+01		3.2846107e+02		1.6538102e+02		1.5557355e+02		9.8074674e+00
2.5900000e+02		2.6000000e+02		2.5950000e+02		7.0629481e+01		8.4828047e+01		2.7938234e+02		1.4059192e+02		1.3193875e+02		8.6531765e+00
2.6000000e+02		2.6100000e+02		2.6050000e+02		5.7868388e+01		6.9530566e+01		2.2876425e+02		1.1505392e+02		1.0770940e+02		7.3445134e+00
2.6100000e+02		2.6200000e+02		2.6150000e+02		5.9092703e+01		7.1027369e+01		2.3344656e+02		1.1733966e+02		1.0957607e+02		7.7635978e+00
2.6200000e+02		2.6300000e+02		2.6250000e+02		7.0528613e+01		8.4799228e+01		2.7841948e+02		1.3985997e+02		1.3027511e+02		9.5848594e+00
2.6300000e+02		2.6400000e+02		2.6350000e+02		1.0614195e+02		1.2765156e+02		4.1867453e+02		2.1018379e+02		1.9527335e+02		1.4910440e+01
2.6400000e+02		2.6500000e+02		2.6450000e+02		1.6548208e+02		1.9905862e+02		6.5218522e+02		3.2720129e+02		3.0318882e+02		2.4012472e+01
2.6500000e+02		2.6600000e+02		2.6550000e+02		1.7356948e+02		2.0882062e+02		6.8343919e+02		3.4265568e+02		3.1665715e+02		2.5998536e+01
2.6600000e+02		2.6700000e+02		2.6650000e+02		1.6826276e+02		2.0245928e+02		6.6190827e+02		3.3163670e+02		3.0563704e+02		2.5999656e+01
2.6700000e+02		2.6800000e+02		2.6750000e+02		1.6940220e+02		2.0384433e+02		6.6571691e+02		3.3331426e+02		3.0632915e+02		2.6985115e+01
2.6800000e+02		2.6900000e+02		2.6850000e+02		1.6778062e+02		2.0189804e+02		6.5864479e+02		3.2953990e+02		3.0200388e+02		2.7536019e+01
2.6900000e+02		2.7000000e+02		2.6950000e+02		1.5737310e+02		1.8937076e+02		6.1710313e+02		3.0853182e+02		2.8193810e+02		2.6593727e+01
2.7000000e+02		2.7100000e+02		2.7050000e+02		1.8181465e+02		2.1876879e+02		7.1212045e+02		3.5577405e+02		3.2415793e+02		3.1616126e+01
2.7100000e+02		2.7200000e+02		2.7150000e+02		1.5108640e+02		1.8177679e+02		5.9105447e+02		2.9506668e+02		2.6804674e+02		2.7019935e+01
2.7200000e+02		2.7300000e+02		2.7250000e+02		1.2154404e+02		1.4621312e+02		4.7489133e+02		2.3689292e+02		2.1455072e+02		2.2342202e+01
2.7300000e+02		2.7400000e+02		2.7350000e+02		1.2960124e+02		1.5587807e+02		5.0571949e+02		2.5207293e+02		2.2759949e+02		2.4473441e+01
2.7400000e+02		2.7500000e+02		2.7450000e+02		8.9183780e+01		1.0724301e+02		3.4754301e+02		1.7309213e+02		1.5580068e+02		1.7291447e+01
2.7500000e+02		2.7600000e+02		2.7550000e+02		1.1893609e+02		1.4298440e+02		4.6285107e+02		2.3033291e+02		2.0666879e+02		2.3664121e+01
2.7600000e+02		2.7700000e+02		2.7650000e+02		1.6564211e+02		1.9907776e+02		6.4370478e+02		3.2006725e+02		2.8626420e+02		3.3803047e+01
2.7700000e+02		2.7800000e+02		2.7750000e+02		1.5837296e+02		1.9028108e+02		6.1456724e+02		3.0532167e+02		2.7218896e+02		3.3132712e+01
2.7800000e+02		2.7900000e+02		2.7850000e+02		1.0921797e+02		1.3117689e+02		4.2319399e+02		2.1006587e+02		1.8665333e+02		2.3412542e+01
2.7900000e+02		2.8000000e+02		2.7950000e+02		6.1368404e+01		7.3678924e+01		2.3742828e+02		1.1775258e+02		1.0427939e+02		1.3473192e+01
2.8000000e+02		2.8100000e+02		2.8050000e+02		6.7313201e+01		8.0783175e+01		2.6002546e+02		1.2884576e+02		1.1371730e+02		1.5128459e+01
2.8100000e+02		2.8200000e+02		2.8150000e+02		1.3943196e+02		1.6726023e+02		5.3776473e+02		2.6623019e+02		2.3416544e+02		3.2064754e+01
2.8200000e+02		2.8300000e+02		2.8250000e+02		1.8983287e+02		2.2761422e+02		7.3097522e+02		3.6155380e+02		3.1690445e+02		4.4649347e+01
2.8300000e+02		2.8400000e+02		2.8350000e+02		1.9610227e+02		2.3501552e+02		7.5388059e+02		3.7253991e+02		3.2538619e+02		4.7153716e+01
2.8400000e+02		2.8500000e+02		2.8450000e+02		1.4459284e+02		1.7319504e+02		5.5493664e+02		2.7397341e+02		2.3844420e+02		3.5529210e+01
2.8500000e+02		2.8600000e+02		2.8550000e+02		9.2944992e+01		1.1127012e+02		3.5611295e+02		1.7564772e+02		1.5231903e+02		2.3328690e+01
2.8600000e+02		2.8700000e+02		2.8650000e+02		1.9045522e+02		2.2787619e+02		7.2846522e+02		3.5896188e+02		3.1015208e+02		4.8809809e+01
2.8700000e+02		2.8800000e+02		2.8750000e+02		2.2108403e+02		2.6436682e+02		8.4414485e+02		4.1556260e+02		3.5773306e+02		5.7829545e+01
2.8800000e+02		2.8900000e+02		2.8850000e+02		2.1010240e+02		2.5108136e+02		8.0080037e+02		3.9383928e+02		3.3776886e+02		5.6070423e+01
2.8900000e+02		2.9000000e+02		2.8950000e+02		3.1885068e+02		3.8079870e+02		1.2131226e+03		5.9603285e+02		5.0924945e+02		8.6783396e+01
2.9000000e+02		2.9100000e+02		2.9050000e+02		4.1860542e+02		4.9960727e+02		1.5897808e+03		7.8031332e+02		6.6415766e+02		1.1615566e+02
2.9100000e+02		2.9200000e+02		2.9150000e+02		4.0318642e+02		4.8088040e+02		1.5284271e+03		7.4944277e+02		6.3542538e+02		1.1401739e+02
2.9200000e+02		2.9300000e+02		2.9250000e+02		3.5818014e+02		4.2690557e+02		1.3553098e+03		6.6388082e+02		5.6068948e+02		1.0319134e+02
2.9300000e+02		2.9400000e+02		2.9350000e+02		3.7393440e+02		4.4536601e+02		1.4122872e+03		6.9107995e+02		5.8136543e+02		1.0971452e+02
2.9400000e+02		2.9500000e+02		2.9450000e+02		3.4819581e+02		4.1440888e+02		1.3126059e+03		6.4163702e+02		5.3762756e+02		1.0400946e+02
2.9500000e+02		2.9600000e+02		2.9550000e+02		3.7701055e+02		4.4836917e+02		1.4185368e+03		6.9269439e+02		5.7807967e+02		1.1461472e+02
2.9600000e+02		2.9700000e+02		2.9650000e+02		3.4493460e+02		4.0991038e+02		1.2953695e+03		6.3188353e+02		5.2519410e+02		1.0668942e+02
2.9700000e+02		2.9800000e+02		2.9750000e+02		3.5165811e+02		4.1757665e+02		1.3180785e+03		6.4227845e+02		5.3165017e+02		1.1062828e+02
2.9800000e+02		2.9900000e+02		2.9850000e+02		3.0223333e+02		3.5860401e+02		1.1306313e+03		5.5034921e+02		4.5367403e+02		9.6675186e+01
2.9900000e+02		3.0000000e+02		2.9950000e+02		3.4101318e+02		4.0429211e+02		1.2732171e+03		6.1908712e+02		5.0821047e+02		1.1087666e+02
3.0000000e+02		3.0100000e+02		3.0050000e+02		2.7131061e+02		3.2139312e+02		1.0109875e+03		4.9104785e+02		4.0140740e+02		8.9640450e+01
3.0100000e+02		3.0200000e+02		3.0150000e+02		3.1202593e+02		3.6931833e+02		1.1604134e+03		5.6301044e+02		4.5828046e+02		1.0472998e+02
3.0200000e+02		3.0300000e+02		3.0250000e+02		3.2846528e+02		3.8844985e+02		1.2191309e+03		5.9084928e+02		4.7888219e+02		1.1196709e+02
3.0300000e+02		3.0400000e+02		3.0350000e+02		4.2601061e+02		5.0338056e+02		1.5780333e+03		7.6394545e+02		6.1650316e+02		1.4744229e+02
3.0400000e+02		3.0500000e+02		3.0450000e+02		4.0776836e+02		4.8141049e+02		1.5074417e+03		7.2896018e+02		5.8570886e+02		1.4325132e+02
3.0500000e+02		3.0600000e+02		3.0550000e+02		4.1174793e+02		4.8568555e+02		1.5191002e+03		7.3377708e+02		5.8699088e+02		1.4678621e+02
3.0600000e+02		3.0700000e+02		3.0650000e+02		3.9053943e+02		4.6026329e+02		1.4379537e+03		6.9380042e+02		5.5255477e+02		1.4124565e+02
3.0700000e+02		3.0800000e+02		3.0750000e+02		4.3847484e+02		5.1629752e+02		1.6111910e+03		7.7650852e+02		6.1566583e+02		1.6084269e+02
3.0800000e+02		3.0900000e+02		3.0850000e+02		4.3035211e+02		5.0627869e+02		1.5781427e+03		7.5971848e+02		5.9964499e+02		1.6007350e+02
3.0900000e+02		3.1000000e+02		3.0950000e+02		3.4901328e+02		4.1021797e+02		1.2772684e+03		6.1417713e+02		4.8257257e+02		1.3160457e+02
3.1000000e+02		3.1100000e+02		3.1050000e+02		4.3927411e+02		5.1583670e+02		1.6043233e+03		7.7055980e+02		6.0268132e+02		1.6787848e+02
3.1100000e+02		3.1200000e+02		3.1150000e+02		5.2246540e+02		6.1296428e+02		1.9042692e+03		9.1357417e+02		7.1125063e+02		2.0232353e+02
3.1200000e+02		3.1300000e+02		3.1250000e+02		4.6521908e+02		5.4529744e+02		1.6921606e+03		8.1087925e+02		6.2837332e+02		1.8250593e+02
3.1300000e+02		3.1400000e+02		3.1350000e+02		4.9544367e+02		5.8018438e+02		1.7984177e+03		8.6080060e+02		6.6394509e+02		1.9685551e+02
3.1400000e+02		3.1500000e+02		3.1450000e+02		4.6729179e+02		5.4670547e+02		1.6927619e+03		8.0928893e+02		6.2127914e+02		1.8800979e+02
3.1500000e+02		3.1600000e+02		3.1550000e+02		4.5343123e+02		5.2999051e+02		1.6391929e+03		7.8276599e+02		5.9807321e+02		1.8469279e+02
3.1600000e+02		3.1700000e+02		3.1650000e+02		4.4229406e+02		5.1648445e+02		1.5956599e+03		7.6108811e+02		5.7873848e+02		1.8234963e+02
3.1700000e+02		3.1800000e+02		3.1750000e+02		5.6102832e+02		6.5451356e+02		2.0198751e+03		9.6229998e+02		7.2823051e+02		2.3406948e+02
3.1800000e+02		3.1900000e+02		3.1850000e+02		4.6340678e+02		5.4011021e+02		1.6649943e+03		7.9229847e+02		5.9668382e+02		1.9561465e+02
3.1900000e+02		3.2000000e+02		3.1950000e+02		4.9774832e+02		5.7958153e+02		1.7847244e+03		8.4827399e+02		6.3573319e+02		2.1254080e+02
3.2000000e+02		3.2100000e+02		3.2050000e+02		5.7184857e+02		6.6522605e+02		2.0462276e+03		9.7141941e+02		7.2446127e+02		2.4695814e+02
3.2100000e+02		3.2200000e+02		3.2150000e+02		4.8024660e+02		5.5812939e+02		1.7149421e+03		8.1318469e+02		6.0346734e+02		2.0971735e+02
3.2200000e+02		3.2300000e+02		3.2250000e+02		4.8228681e+02		5.5996052e+02		1.7187146e+03		8.1400953e+02		6.0108640e+02		2.1292313e+02
3.2300000e+02		3.2400000e+02		3.2350000e+02		4.6607071e+02		5.4061049e+02		1.6575420e+03		7.8410720e+02		5.7611940e+02		2.0798780e+02
3.2400000e+02		3.2500000e+02		3.2450000e+02		5.4882129e+02		6.3598019e+02		1.9478671e+03		9.2035356e+02		6.7283463e+02		2.4751893e+02
3.2500000e+02		3.2600000e+02		3.2550000e+02		6.3196128e+02		7.3161493e+02		2.2383909e+03		1.0563679e+03		7.6837369e+02		2.8799418e+02
3.2600000e+02		3.2700000e+02		3.2650000e+02		7.1301257e+02		8.2464749e+02		2.5203532e+03		1.1880206e+03		8.5974994e+02		3.2827063e+02
3.2700000e+02		3.2800000e+02		3.2750000e+02		6.8984049e+02		7.9707399e+02		2.4335117e+03		1.1457210e+03		8.2490761e+02		3.2081336e+02
3.2800000e+02		3.2900000e+02		3.2850000e+02		6.6596082e+02		7.6873614e+02		2.3445307e+03		1.1025133e+03		7.8972530e+02		3.1278802e+02
3.2900000e+02		3.3000000e+02		3.2950000e+02		7.7527139e+02		8.9404837e+02		2.7238651e+03		1.2793687e+03		9.1167769e+02		3.6769101e+02
3.3000000e+02		3.3100000e+02		3.3050000e+02		7.3029799e+02		8.4136821e+02		2.5607005e+03		1.2012984e+03		8.5160400e+02		3.4969441e+02
3.3100000e+02		3.3200000e+02		3.3150000e+02		6.9881652e+02		8.0431857e+02		2.4454065e+03		1.1458428e+03		8.0805502e+02		3.3778779e+02
3.3200000e+02		3.3300000e+02		3.3250000e+02		6.8562051e+02		7.8836618e+02		2.3944372e+03		1.1206222e+03		7.8612620e+02		3.3449600e+02
3.3300000e+02		3.3400000e+02		3.3350000e+02		6.5878216e+02		7.5677308e+02		2.2961268e+03		1.0733305e+03		7.4898282e+02		3.2434765e+02
3.3400000e+02		3.3500000e+02		3.3450000e+02		6.9405546e+02		7.9652277e+02		2.4142673e+03		1.1272101e+03		7.8241460e+02		3.4479549e+02
3.3500000e+02		3.3600000e+02		3.3550000e+02		6.8541663e+02		7.8584961e+02		2.3795008e+03		1.1096537e+03		7.6612860e+02		3.4352506e+02
3.3600000e+02		3.3700000e+02		3.3650000e+02		5.6469084e+02		6.4681045e+02		1.9565233e+03		9.1131581e+02		6.2582640e+02		2.8548941e+02
3.3700000e+02		3.3800000e+02		3.3750000e+02		5.9573781e+02		6.8171637e+02		2.0600397e+03		9.5838960e+02		6.5461591e+02		3.0377370e+02
3.3800000e+02		3.3900000e+02		3.3850000e+02		6.4448401e+02		7.3679021e+02		2.2242415e+03		1.0335499e+03		7.0214086e+02		3.3140899e+02
3.3900000e+02		3.4000000e+02		3.3950000e+02		6.7448220e+02		7.7034681e+02		2.3232341e+03		1.0782659e+03		7.2854446e+02		3.4972147e+02
3.4000000e+02		3.4100000e+02		3.4050000e+02		7.1196374e+02		8.1237921e+02		2.4475775e+03		1.1346275e+03		7.6244753e+02		3.7217992e+02
3.4100000e+02		3.4200000e+02		3.4150000e+02		6.4984945e+02		7.4079820e+02		2.2297231e+03		1.0324101e+03		6.8996126e+02		3.4244888e+02
3.4200000e+02		3.4300000e+02		3.4250000e+02		7.0477558e+02		8.0264855e+02		2.4135273e+03		1.1161914e+03		7.4185031e+02		3.7434107e+02
3.4300000e+02		3.4400000e+02		3.4350000e+02		6.9264465e+02		7.8808621e+02		2.3674386e+03		1.0935811e+03		7.2280859e+02		3.7077248e+02
3.4400000e+02		3.4500000e+02		3.4450000e+02		5.5710877e+02		6.3327628e+02		1.9005481e+03		8.7687498e+02		5.7636072e+02		3.0051427e+02
3.4500000e+02		3.4600000e+02		3.4550000e+02		6.7138909e+02		7.6246317e+02		2.2860599e+03		1.0534982e+03		6.8859624e+02		3.6490194e+02
3.4600000e+02		3.4700000e+02		3.4650000e+02		6.5194093e+02		7.3968300e+02		2.2156439e+03		1.0198454e+03		6.6287143e+02		3.5697400e+02
3.4700000e+02		3.4800000e+02		3.4750000e+02		6.4525828e+02		7.3141738e+02		2.1888078e+03		1.0063086e+03		6.5039962e+02		3.5590899e+02
3.4800000e+02		3.4900000e+02		3.4850000e+02		6.6761091e+02		7.5605079e+02		2.2603925e+03		1.0380004e+03		6.6710001e+02		3.7090042e+02
3.4900000e+02		3.5000000e+02		3.4950000e+02		6.3989005e+02		7.2398633e+02		2.1625009e+03		9.9188450e+02		6.3385388e+02		3.5803062e+02
3.5000000e+02		3.5100000e+02		3.5050000e+02		7.6650484e+02		8.6644107e+02		2.5855950e+03		1.1845613e+03		7.5268047e+02		4.3188080e+02
3.5100000e+02		3.5200000e+02		3.5150000e+02		7.1211510e+02		8.0422052e+02		2.3976990e+03		1.0971981e+03		6.9319241e+02		4.0400570e+02
3.5200000e+02		3.5300000e+02		3.5250000e+02		6.5785102e+02		7.4225835e+02		2.2109309e+03		1.0105553e+03		6.3479743e+02		3.7575788e+02
3.5300000e+02		3.5400000e+02		3.5350000e+02		7.5263834e+02		8.4843437e+02		2.5248841e+03		1.1527154e+03		7.1993670e+02		4.3277872e+02
3.5400000e+02		3.5500000e+02		3.5450000e+02		8.0329241e+02		9.0471500e+02		2.6899278e+03		1.2266433e+03		7.6169058e+02		4.6495275e+02
3.5500000e+02		3.5600000e+02		3.5550000e+02		7.5433512e+02		8.4881012e+02		2.5214337e+03		1.1484803e+03		7.0902734e+02		4.3945300e+02
3.5600000e+02		3.5700000e+02		3.5650000e+02		6.5576441e+02		7.3723183e+02		2.1880226e+03		9.9546846e+02		6.1099442e+02		3.8447403e+02
3.5700000e+02		3.5800000e+02		3.5750000e+02		5.7307986e+02		6.4369975e+02		1.9087293e+03		8.6740342e+02		5.2928855e+02		3.3811486e+02
3.5800000e+02		3.5900000e+02		3.5850000e+02		4.9194729e+02		5.5207835e+02		1.6356016e+03		7.4243230e+02		4.5038227e+02		2.9205002e+02
3.5900000e+02		3.6000000e+02		3.5950000e+02		7.1030971e+02		7.9642679e+02		2.3574421e+03		1.0688688e+03		6.4460464e+02		4.2426413e+02
3.6000000e+02		3.6100000e+02		3.6050000e+02		7.0092701e+02		7.8521560e+02		2.3222288e+03		1.0517049e+03		6.3052053e+02		4.2118440e+02
3.6100000e+02		3.6200000e+02		3.6150000e+02		6.5110481e+02		7.2876435e+02		2.1534098e+03		9.7414294e+02		5.8057200e+02		3.9357095e+02
3.6200000e+02		3.6300000e+02		3.6250000e+02		7.3500056e+02		8.2195128e+02		2.4266753e+03		1.0965196e+03		6.4963551e+02		4.4688404e+02
3.6300000e+02		3.6400000e+02		3.6350000e+02		7.1558904e+02		7.9955144e+02		2.3585255e+03		1.0645244e+03		6.2693284e+02		4.3759159e+02
3.6400000e+02		3.6500000e+02		3.6450000e+02		7.4837927e+02		8.3547018e+02		2.4623868e+03		1.1101542e+03		6.4990947e+02		4.6024477e+02
3.6500000e+02		3.6600000e+02		3.6550000e+02		8.5179486e+02		9.5010776e+02		2.7978980e+03		1.2600061e+03		7.3322725e+02		5.2677881e+02
3.6600000e+02		3.6700000e+02		3.6650000e+02		9.1042532e+02		1.0146424e+03		2.9854395e+03		1.3429643e+03		7.7681791e+02		5.6614640e+02
3.6700000e+02		3.6800000e+02		3.6750000e+02		8.7909512e+02		9.7889841e+02		2.8778732e+03		1.2931386e+03		7.4350025e+02		5.4963834e+02
3.6800000e+02		3.6900000e+02		3.6850000e+02		8.1047729e+02		9.0173285e+02		2.6488250e+03		1.1889010e+03		6.7944707e+02		5.0945390e+02
3.6900000e+02		3.7000000e+02		3.6950000e+02		8.9967825e+02		1.0001423e+03		2.9354930e+03		1.3161164e+03		7.4760272e+02		5.6851368e+02
3.7000000e+02		3.7100000e+02		3.7050000e+02		8.4427990e+02		9.3777971e+02		2.7502140e+03		1.2316929e+03		6.9540605e+02		5.3628684e+02
3.7100000e+02		3.7200000e+02		3.7150000e+02		8.7164560e+02		9.6737844e+02		2.8347255e+03		1.2681526e+03		7.1163936e+02		5.5651327e+02
3.7200000e+02		3.7300000e+02		3.7250000e+02		7.2411383e+02		8.0298545e+02		2.3511144e+03		1.0506565e+03		5.8599600e+02		4.6466050e+02
3.7300000e+02		3.7400000e+02		3.7350000e+02		6.3155746e+02		6.9977814e+02		2.0472952e+03		9.1389409e+02		5.0660376e+02		4.0729033e+02
3.7400000e+02		3.7500000e+02		3.7450000e+02		6.4642322e+02		7.1567103e+02		2.0921367e+03		9.3290157e+02		5.1397297e+02		4.1892860e+02
3.7500000e+02		3.7600000e+02		3.7550000e+02		7.4036161e+02		8.1901468e+02		2.3923644e+03		1.0656276e+03		5.8349244e+02		4.8213517e+02
3.7600000e+02		3.7700000e+02		3.7650000e+02		7.6758018e+02		8.4844791e+02		2.4764090e+03		1.1018814e+03		5.9963013e+02		5.0225130e+02
3.7700000e+02		3.7800000e+02		3.7750000e+02		9.0048278e+02		9.9456420e+02		2.9006415e+03		1.2892672e+03		6.9727473e+02		5.9199245e+02
3.7800000e+02		3.7900000e+02		3.7850000e+02		9.3786543e+02		1.0350379e+03		3.0163659e+03		1.3392798e+03		7.1984411e+02		6.1943572e+02
3.7900000e+02		3.8000000e+02		3.7950000e+02		7.6051322e+02		8.3865466e+02		2.4421928e+03		1.0831978e+03		5.7859523e+02		5.0460255e+02
3.8000000e+02		3.8100000e+02		3.8050000e+02		8.2814537e+02		9.1252758e+02		2.6553042e+03		1.1764804e+03		6.2451899e+02		5.5196137e+02
3.8100000e+02		3.8200000e+02		3.8150000e+02		7.4366886e+02		8.1881238e+02		2.3808204e+03		1.0537601e+03		5.5589226e+02		4.9786783e+02
3.8200000e+02		3.8300000e+02		3.8250000e+02		5.3336093e+02		5.8680491e+02		1.7049530e+03		7.5383160e+02		3.9518938e+02		3.5864222e+02
3.8300000e+02		3.8400000e+02		3.8350000e+02		4.7073026e+02		5.1750526e+02		1.5024925e+03		6.6362571e+02		3.4572471e+02		3.1790100e+02
3.8400000e+02		3.8500000e+02		3.8450000e+02		6.2969557e+02		6.9174456e+02		2.0068949e+03		8.8549606e+02		4.5842098e+02		4.2707509e+02
3.8500000e+02		3.8600000e+02		3.8550000e+02		6.6694888e+02		7.3212038e+02		2.1224874e+03		9.3553583e+02		4.8128613e+02		4.5424970e+02
3.8600000e+02		3.8700000e+02		3.8650000e+02		6.6977732e+02		7.3467892e+02		2.1283663e+03		9.3716740e+02		4.7909288e+02		4.5807452e+02
3.8700000e+02		3.8800000e+02		3.8750000e+02		6.6902499e+02		7.3331242e+02		2.1228848e+03		9.3380224e+02		4.7436400e+02		4.5943824e+02
3.8800000e+02		3.8900000e+02		3.8850000e+02		6.7841027e+02		7.4305513e+02		2.1495593e+03		9.4457794e+02		4.7680810e+02		4.6776985e+02
3.8900000e+02		3.9000000e+02		3.8950000e+02		8.1451188e+02		8.9147738e+02		2.5771050e+03		1.1313126e+03		5.6745611e+02		5.6385644e+02
3.9000000e+02		3.9100000e+02		3.9050000e+02		8.5560997e+02		9.3578348e+02		2.7032918e+03		1.1855170e+03		5.9087588e+02		5.9464114e+02
3.9100000e+02		3.9200000e+02		3.9150000e+02		9.2006232e+02		1.0055549e+03		2.9028292e+03		1.2717535e+03		6.2983277e+02		6.4192075e+02
3.9200000e+02		3.9300000e+02		3.9250000e+02		7.0614281e+02		7.7120957e+02		2.2247879e+03		9.7373093e+02		4.7917068e+02		4.9456025e+02
3.9300000e+02		3.9400000e+02		3.9350000e+02		4.3291589e+02		4.7247309e+02		1.3620597e+03		5.9554918e+02		2.9120116e+02		3.0434802e+02
3.9400000e+02		3.9500000e+02		3.9450000e+02		7.1565803e+02		7.8050397e+02		2.2485336e+03		9.8218725e+02		4.7718776e+02		5.0499949e+02
3.9500000e+02		3.9600000e+02		3.9550000e+02		8.7888136e+02		9.5785149e+02		2.7575918e+03		1.2033739e+03		5.8091225e+02		6.2246165e+02
3.9600000e+02		3.9700000e+02		3.9650000e+02		6.0712893e+02		6.6122541e+02		1.9023533e+03		8.2935370e+02		3.9779580e+02		4.3155790e+02
3.9700000e+02		3.9800000e+02		3.9750000e+02		6.8053003e+02		7.4066002e+02		2.1294757e+03		9.2747370e+02		4.4200591e+02		4.8546779e+02
3.9800000e+02		3.9900000e+02		3.9850000e+02		1.0480559e+03		1.1398859e+03		3.2751380e+03		1.4250862e+03		6.7479112e+02		7.5029505e+02
3.9900000e+02		4.0000000e+02		3.9950000e+02		1.1577145e+03		1.2583053e+03		3.6130250e+03		1.5706066e+03		7.3891282e+02		8.3169378e+02
4.0000000e+02		4.0100000e+02		4.0050000e+02		1.1939713e+03		1.2968459e+03		3.7212795e+03		1.6161289e+03		7.5543168e+02		8.6069717e+02
4.0100000e+02		4.0200000e+02		4.0150000e+02		1.2509583e+03		1.3578429e+03		3.8938094e+03		1.6894602e+03		7.8461492e+02		9.0484524e+02
4.0200000e+02		4.0300000e+02		4.0250000e+02		1.2664199e+03		1.3737222e+03		3.9368381e+03		1.7065253e+03		7.8742063e+02		9.1910465e+02
4.0300000e+02		4.0400000e+02		4.0350000e+02		1.2115903e+03		1.3133901e+03		3.7615609e+03		1.6290241e+03		7.4679802e+02		8.8222604e+02
4.0400000e+02		4.0500000e+02		4.0450000e+02		1.1914959e+03		1.2907720e+03		3.6944673e+03		1.5984822e+03		7.2805014e+02		8.7043203e+02
4.0500000e+02		4.0600000e+02		4.0550000e+02		1.1904731e+03		1.2888366e+03		3.6866361e+03		1.5936214e+03		7.2112872e+02		8.7249269e+02
4.0600000e+02		4.0700000e+02		4.0650000e+02		1.1388815e+03		1.2321975e+03		3.5224519e+03		1.5212522e+03		6.8391070e+02		8.3734148e+02
4.0700000e+02		4.0800000e+02		4.0750000e+02		1.1575323e+03		1.2515859e+03		3.5756905e+03		1.5428356e+03		6.8910416e+02		8.5373145e+02
4.0800000e+02		4.0900000e+02		4.0850000e+02		1.2307397e+03		1.3299085e+03		3.7971492e+03		1.6369045e+03		7.2636042e+02		9.1054407e+02
4.0900000e+02		4.1000000e+02		4.0950000e+02		1.2243097e+03		1.3221387e+03		3.7726956e+03		1.6248966e+03		7.1633277e+02		9.0856381e+02
4.1000000e+02		4.1100000e+02		4.1050000e+02		1.1216634e+03		1.2105443e+03		3.4522034e+03		1.4855284e+03		6.5061948e+02		8.3490896e+02
4.1100000e+02		4.1200000e+02		4.1150000e+02		1.3003372e+03		1.4025189e+03		3.9973068e+03		1.7185614e+03		7.4776473e+02		9.7079670e+02
4.1200000e+02		4.1300000e+02		4.1250000e+02		1.2760342e+03		1.3754722e+03		3.9179219e+03		1.6829402e+03		7.2747707e+02		9.5546309e+02
4.1300000e+02		4.1400000e+02		4.1350000e+02		1.2308584e+03		1.3259786e+03		3.7747464e+03		1.6200125e+03		6.9569149e+02		9.2432097e+02
4.1400000e+02		4.1500000e+02		4.1450000e+02		1.2488872e+03		1.3445989e+03		3.8255454e+03		1.6403781e+03		6.9982112e+02		9.4055695e+02
4.1500000e+02		4.1600000e+02		4.1550000e+02		1.2477523e+03		1.3425830e+03		3.8176244e+03		1.6355588e+03		6.9318820e+02		9.4237060e+02
4.1600000e+02		4.1700000e+02		4.1650000e+02		1.2947363e+03		1.3923213e+03		3.9568083e+03		1.6937241e+03		7.1312684e+02		9.8059729e+02
4.1700000e+02		4.1800000e+02		4.1750000e+02		1.1781342e+03		1.2661944e+03		3.5963461e+03		1.5381057e+03		6.4334910e+02		8.9475660e+02
4.1800000e+02		4.1900000e+02		4.1850000e+02		1.2217101e+03		1.3122705e+03		3.7251352e+03		1.5918279e+03		6.6143994e+02		9.3038800e+02
4.1900000e+02		4.2000000e+02		4.1950000e+02		1.2338424e+03		1.3245446e+03		3.7578967e+03		1.6044664e+03		6.6230211e+02		9.4216430e+02
4.2000000e+02		4.2100000e+02		4.2050000e+02		1.2494927e+03		1.3405851e+03		3.8013182e+03		1.6216386e+03		6.6497958e+02		9.5665897e+02
4.2100000e+02		4.2200000e+02		4.2150000e+02		1.2299982e+03		1.3189277e+03		3.7378717e+03		1.5932378e+03		6.4902463e+02		9.4421313e+02
4.2200000e+02		4.2300000e+02		4.2250000e+02		1.1657134e+03		1.2492984e+03		3.5386298e+03		1.5070582e+03		6.0986628e+02		8.9719195e+02
4.2300000e+02		4.2400000e+02		4.2350000e+02		1.2419943e+03		1.3303133e+03		3.7660874e+03		1.6026043e+03		6.4424733e+02		9.5835694e+02
4.2400000e+02		4.2500000e+02		4.2450000e+02		1.2850442e+03		1.3756703e+03		3.8924251e+03		1.6550057e+03		6.6091465e+02		9.9409105e+02
4.2500000e+02		4.2600000e+02		4.2550000e+02		1.2367256e+03		1.3232248e+03		3.7420614e+03		1.5897754e+03		6.3066552e+02		9.5910987e+02
4.2600000e+02		4.2700000e+02		4.2650000e+02		1.2316584e+03		1.3170933e+03		3.7227778e+03		1.5803013e+03		6.2275699e+02		9.5754434e+02
4.2700000e+02		4.2800000e+02		4.2750000e+02		1.1420512e+03		1.2206181e+03		3.4483043e+03		1.4626103e+03		5.7255965e+02		8.9005061e+02
4.2800000e+02		4.2900000e+02		4.2850000e+02		1.1495483e+03		1.2279803e+03		3.4673228e+03		1.4695008e+03		5.7144370e+02		8.9805710e+02
4.2900000e+02		4.3000000e+02		4.2950000e+02		1.0698649e+03		1.1422601e+03		3.2236424e+03		1.3651401e+03		5.2733977e+02		8.3780036e+02
4.3000000e+02		4.3100000e+02		4.3050000e+02		8.6065012e+02		9.1840991e+02		2.5905933e+03		1.0961922e+03		4.2063741e+02		6.7555479e+02
4.3100000e+02		4.3200000e+02		4.3150000e+02		1.0641754e+03		1.1350080e+03		3.1999581e+03		1.3529792e+03		5.1572537e+02		8.3725383e+02
4.3200000e+02		4.3300000e+02		4.3250000e+02		1.1990384e+03		1.2781932e+03		3.6018564e+03		1.5217204e+03		5.7619142e+02		9.4552896e+02
4.3300000e+02		4.3400000e+02		4.3350000e+02		1.3017454e+03		1.3869765e+03		3.9064772e+03		1.6491405e+03		6.2028683e+02		1.0288537e+03
4.3400000e+02		4.3500000e+02		4.3450000e+02		1.1054356e+03		1.1772210e+03		3.3140751e+03		1.3979797e+03		5.2232068e+02		8.7565898e+02
4.3500000e+02		4.3600000e+02		4.3550000e+02		1.2347447e+03		1.3142715e+03		3.6981063e+03		1.5587853e+03		5.7852574e+02		9.8025954e+02
4.3600000e+02		4.3700000e+02		4.3650000e+02		1.3814970e+03		1.4697488e+03		4.1336064e+03		1.7410317e+03		6.4186206e+02		1.0991696e+03
4.3700000e+02		4.3800000e+02		4.3750000e+02		1.2223713e+03		1.2998206e+03		3.6539526e+03		1.5378477e+03		5.6317798e+02		9.7466967e+02
4.3800000e+02		4.3900000e+02		4.3850000e+02		1.1905029e+03		1.2653180e+03		3.5552847e+03		1.4952021e+03		5.4391158e+02		9.5129048e+02
4.3900000e+02		4.4000000e+02		4.3950000e+02		1.3250738e+03		1.4076674e+03		3.9534089e+03		1.6614012e+03		6.0034075e+02		1.0610605e+03
4.4000000e+02		4.4100000e+02		4.4050000e+02		1.2562739e+03		1.3339418e+03		3.7446158e+03		1.5724961e+03		5.6442547e+02		1.0080706e+03
4.4100000e+02		4.4200000e+02		4.4150000e+02		1.3817384e+03		1.4664685e+03		4.1147507e+03		1.7266629e+03		6.1562639e+02		1.1110365e+03
4.4200000e+02		4.4300000e+02		4.4250000e+02		1.4526378e+03		1.5409921e+03		4.3218859e+03		1.8122629e+03		6.4183374e+02		1.1704292e+03
4.4300000e+02		4.4400000e+02		4.4350000e+02		1.4050936e+03		1.4898627e+03		4.1766003e+03		1.7500760e+03		6.1567131e+02		1.1344047e+03
4.4400000e+02		4.4500000e+02		4.4450000e+02		1.4475318e+03		1.5341533e+03		4.2988363e+03		1.8000026e+03		6.2900622e+02		1.1709964e+03
4.4500000e+02		4.4600000e+02		4.4550000e+02		1.3420773e+03		1.4217381e+03		3.9820696e+03		1.6661784e+03		5.7835201e+02		1.0878264e+03
4.4600000e+02		4.4700000e+02		4.4650000e+02		1.3689269e+03		1.4495242e+03		4.0581068e+03		1.6967923e+03		5.8504274e+02		1.1117496e+03
4.4700000e+02		4.4800000e+02		4.4750000e+02		1.4837056e+03		1.5703548e+03		4.3944669e+03		1.8361414e+03		6.2885782e+02		1.2072836e+03
4.4800000e+02		4.4900000e+02		4.4850000e+02		1.4587166e+03		1.5432189e+03		4.3166610e+03		1.8023732e+03		6.1316564e+02		1.1892075e+03
4.4900000e+02		4.5000000e+02		4.4950000e+02		1.4737837e+03		1.5584705e+03		4.3574520e+03		1.8181443e+03		6.1439488e+02		1.2037494e+03
4.5000000e+02		4.5100000e+02		4.5050000e+02		1.5636828e+03		1.6528118e+03		4.6192624e+03		1.9260584e+03		6.4650854e+02		1.2795499e+03
4.5100000e+02		4.5200000e+02		4.5150000e+02		1.5589734e+03		1.6471191e+03		4.6014110e+03		1.9173043e+03		6.3926497e+02		1.2780393e+03
4.5200000e+02		4.5300000e+02		4.5250000e+02		1.4757889e+03		1.5585608e+03		4.3521927e+03		1.8122304e+03		6.0018880e+02		1.2120416e+03
4.5300000e+02		4.5400000e+02		4.5350000e+02		1.4141855e+03		1.4928656e+03		4.1670144e+03		1.7339544e+03		5.7042209e+02		1.1635323e+03
4.5400000e+02		4.5500000e+02		4.5450000e+02		1.5096596e+03		1.5929782e+03		4.4446294e+03		1.8482370e+03		6.0394887e+02		1.2442881e+03
4.5500000e+02		4.5600000e+02		4.5550000e+02		1.4952815e+03		1.5771457e+03		4.3986611e+03		1.8279071e+03		5.9330795e+02		1.2345992e+03
4.5600000e+02		4.5700000e+02		4.5650000e+02		1.5527317e+03		1.6370612e+03		4.5639208e+03		1.8953319e+03		6.1107514e+02		1.2842568e+03
4.5700000e+02		4.5800000e+02		4.5750000e+02		1.5677329e+03		1.6521968e+03		4.6042719e+03		1.9108375e+03		6.1195031e+02		1.2988872e+03
4.5800000e+02		4.5900000e+02		4.5850000e+02		1.4734199e+03		1.5521691e+03		4.3238009e+03		1.7932718e+03		5.7045508e+02		1.2228167e+03
4.5900000e+02		4.6000000e+02		4.5950000e+02		1.5222067e+03		1.6029149e+03		4.4634027e+03		1.8499763e+03		5.8455358e+02		1.2654227e+03
4.6000000e+02		4.6100000e+02		4.6050000e+02		1.5039223e+03		1.5830262e+03		4.4063007e+03		1.8251388e+03		5.7284460e+02		1.2522942e+03
4.6100000e+02		4.6200000e+02		4.6150000e+02		1.5386000e+03		1.6188844e+03		4.5043666e+03		1.8645721e+03		5.8130338e+02		1.2832687e+03
4.6200000e+02		4.6300000e+02		4.6250000e+02		1.5538294e+03		1.6342645e+03		4.5454152e+03		1.8803759e+03		5.8230582e+02		1.2980701e+03
4.6300000e+02		4.6400000e+02		4.6350000e+02		1.5018384e+03		1.5789655e+03		4.3899399e+03		1.8149194e+03		5.5827305e+02		1.2566464e+03
4.6400000e+02		4.6500000e+02		4.6450000e+02		1.5281564e+03		1.6060132e+03		4.4634556e+03		1.8441643e+03		5.6347146e+02		1.2806928e+03
4.6500000e+02		4.6600000e+02		4.6550000e+02		1.4760608e+03		1.5506684e+03		4.3080286e+03		1.7788468e+03		5.3987601e+02		1.2389708e+03
4.6600000e+02		4.6700000e+02		4.6650000e+02		1.4854121e+03		1.5598989e+03		4.3320660e+03		1.7876750e+03		5.3892387e+02		1.2487511e+03
4.6700000e+02		4.6800000e+02		4.6750000e+02		1.4997486e+03		1.5743607e+03		4.3706212e+03		1.8024869e+03		5.3975246e+02		1.2627345e+03
4.6800000e+02		4.6900000e+02		4.6850000e+02		1.4665907e+03		1.5389780e+03		4.2708373e+03		1.7602703e+03		5.2358335e+02		1.2366870e+03
4.6900000e+02		4.7000000e+02		4.6950000e+02		1.5086728e+03		1.5825508e+03		4.3901700e+03		1.8083687e+03		5.3429085e+02		1.2740779e+03
4.7000000e+02		4.7100000e+02		4.7050000e+02		1.4256243e+03		1.4948865e+03		4.1454940e+03		1.7065662e+03		5.0083952e+02		1.2057267e+03
4.7100000e+02		4.7200000e+02		4.7150000e+02		1.4904926e+03		1.5623376e+03		4.3310050e+03		1.7818807e+03		5.1944455e+02		1.2624362e+03
4.7200000e+02		4.7300000e+02		4.7250000e+02		1.5269264e+03		1.5999503e+03		4.4337105e+03		1.8230654e+03		5.2789604e+02		1.2951694e+03
4.7300000e+02		4.7400000e+02		4.7350000e+02		1.4995420e+03		1.5706945e+03		4.3511184e+03		1.7880624e+03		5.1429812e+02		1.2737643e+03
4.7400000e+02		4.7500000e+02		4.7450000e+02		1.5448084e+03		1.6175352e+03		4.4793252e+03		1.8396833e+03		5.2560802e+02		1.3140753e+03
4.7500000e+02		4.7600000e+02		4.7550000e+02		1.5413846e+03		1.6133832e+03		4.4662942e+03		1.8332781e+03		5.2027687e+02		1.3130012e+03
4.7600000e+02		4.7700000e+02		4.7650000e+02		1.4853490e+03		1.5541888e+03		4.3009636e+03		1.7644087e+03		4.9738563e+02		1.2670230e+03
4.7700000e+02		4.7800000e+02		4.7750000e+02		1.5508368e+03		1.6221515e+03		4.4875251e+03		1.8399013e+03		5.1520151e+02		1.3246998e+03
4.7800000e+02		4.7900000e+02		4.7850000e+02		1.5358791e+03		1.6059563e+03		4.4412368e+03		1.8199002e+03		5.0619686e+02		1.3137034e+03
4.7900000e+02		4.8000000e+02		4.7950000e+02		1.5403519e+03		1.6100868e+03		4.4511834e+03		1.8229593e+03		5.0366161e+02		1.3192977e+03
4.8000000e+02		4.8100000e+02		4.8050000e+02		1.5442750e+03		1.6136448e+03		4.4595532e+03		1.8253764e+03		5.0096238e+02		1.3244140e+03
4.8100000e+02		4.8200000e+02		4.8150000e+02		1.5475498e+03		1.6165278e+03		4.4660646e+03		1.8270376e+03		4.9807160e+02		1.3289660e+03
4.8200000e+02		4.8300000e+02		4.8250000e+02		1.5416562e+03		1.6098395e+03		4.4461493e+03		1.8178987e+03		4.9227349e+02		1.3256252e+03
4.8300000e+02		4.8400000e+02		4.8350000e+02		1.5183412e+03		1.5849741e+03		4.3760721e+03		1.7882780e+03		4.8102225e+02		1.3072558e+03
4.8400000e+02		4.8500000e+02		4.8450000e+02		1.4920771e+03		1.5570518e+03		4.2976138e+03		1.7552728e+03		4.6899588e+02		1.2862769e+03
4.8500000e+02		4.8600000e+02		4.8550000e+02		1.4021236e+03		1.4627103e+03		4.0359506e+03		1.6475229e+03		4.3727147e+02		1.2102515e+03
4.8600000e+02		4.8700000e+02		4.8650000e+02		1.2173217e+03		1.2695179e+03		3.5017951e+03		1.4287179e+03		3.7667118e+02		1.0520467e+03
4.8700000e+02		4.8800000e+02		4.8750000e+02		1.3927585e+03		1.4520178e+03		4.0039567e+03		1.6327397e+03		4.2759256e+02		1.2051471e+03
4.8800000e+02		4.8900000e+02		4.8850000e+02		1.4651201e+03		1.5269795e+03		4.2093720e+03		1.7156094e+03		4.4630316e+02		1.2693062e+03
4.8900000e+02		4.9000000e+02		4.8950000e+02		1.4372192e+03		1.4974352e+03		4.1266719e+03		1.6810331e+03		4.3439743e+02		1.2466357e+03
4.9000000e+02		4.9100000e+02		4.9050000e+02		1.5307557e+03		1.5943994e+03		4.3925627e+03		1.7884269e+03		4.5907405e+02		1.3293529e+03
4.9100000e+02		4.9200000e+02		4.9150000e+02		1.4425606e+03		1.5020787e+03		4.1369816e+03		1.6835087e+03		4.2926814e+02		1.2542406e+03
4.9200000e+02		4.9300000e+02		4.9250000e+02		1.3729411e+03		1.4291541e+03		3.9349673e+03		1.6004906e+03		4.0538655e+02		1.1951041e+03
4.9300000e+02		4.9400000e+02		4.9350000e+02		1.4509629e+03		1.5099172e+03		4.1561142e+03		1.6895900e+03		4.2511035e+02		1.2644797e+03
4.9400000e+02		4.9500000e+02		4.9450000e+02		1.4929449e+03		1.5531430e+03		4.2738483e+03		1.7365867e+03		4.3403245e+02		1.3025542e+03
4.9500000e+02		4.9600000e+02		4.9550000e+02		1.4663156e+03		1.5249902e+03		4.1951659e+03		1.7037725e+03		4.2300356e+02		1.2807690e+03
4.9600000e+02		4.9700000e+02		4.9650000e+02		1.4846220e+03		1.5435779e+03		4.2450823e+03		1.7231985e+03		4.2498708e+02		1.2982115e+03
4.9700000e+02		4.9800000e+02		4.9750000e+02		1.5123203e+03		1.5719205e+03		4.3218004e+03		1.7534857e+03		4.2958783e+02		1.3238979e+03
4.9800000e+02		4.9900000e+02		4.9850000e+02		1.3744029e+03		1.4281575e+03		3.9254353e+03		1.5918981e+03		3.8741436e+02		1.2044837e+03
4.9900000e+02		5.0000000e+02		4.9950000e+02		1.4721832e+03		1.5293266e+03		4.2023341e+03		1.7033720e+03		4.1179595e+02		1.2915761e+03
