Scaled from rugheimer_earth_epoch0_recomputed_A0.2_atmosphereprofile.dat
Z (cm)	T (K)	DEN (cm**-3)	P (bar) 
0.0000000e+00		2.9295000e+02		2.2251835e+19		8.9999992e-01
5.0000000e+04		2.9050000e+02		2.1150002e+19		8.4828089e-01
1.5000000e+05		2.8560000e+02		1.9071002e+19		7.5199481e-01
2.5000000e+05		2.8040000e+02		1.7181002e+19		6.6513473e-01
3.5000000e+05		2.7490000e+02		1.5480002e+19		5.8752841e-01
4.5000000e+05		2.6930000e+02		1.3914001e+19		5.1733460e-01
5.5000000e+05		2.6330000e+02		1.2492001e+19		4.5411517e-01
6.5000000e+05		2.5650000e+02		1.1223001e+19		3.9744726e-01
7.5000000e+05		2.4880000e+02		1.0089001e+19		3.4656258e-01
8.5000000e+05		2.4040000e+02		9.0720009e+18		3.0110688e-01
9.5000000e+05		2.3120000e+02		8.1432008e+18		2.5993581e-01
1.0500000e+06		2.2160000e+02		7.2927007e+18		2.2312143e-01
1.1500000e+06		2.1180000e+02		6.5061007e+18		1.9025228e-01
1.2500000e+06		2.0200000e+02		5.7753006e+18		1.6106794e-01
1.3500000e+06		1.9260000e+02		5.0850005e+18		1.3521673e-01
1.4500000e+06		1.8330000e+02		4.4460005e+18		1.1251621e-01
1.5500000e+06		1.8140000e+02		3.7188004e+18		9.3137222e-02
1.6500000e+06		1.8050000e+02		3.0879003e+18		7.6952655e-02
1.7500000e+06		1.8010000e+02		2.5560003e+18		6.3556173e-02
1.8500000e+06		1.8000000e+02		2.1123002e+18		5.2494195e-02
1.9500000e+06		1.7990000e+02		1.7451002e+18		4.3344566e-02
2.0500000e+06		1.7970000e+02		1.4427001e+18		3.5793757e-02
2.1500000e+06		1.7950000e+02		1.1916001e+18		2.9530998e-02
2.2500000e+06		1.7930000e+02		9.8460010e+17		2.4373803e-02
2.3500000e+06		1.7910000e+02		8.1369008e+17		2.0120452e-02
2.4500000e+06		1.7880000e+02		6.7248007e+17		1.6600840e-02
2.5500000e+06		1.7840000e+02		5.5593006e+17		1.3692985e-02
2.6500000e+06		1.7800000e+02		4.5945005e+17		1.1291235e-02
2.7500000e+06		1.7760000e+02		3.7944004e+17		9.3039903e-03
2.8500000e+06		1.7730000e+02		3.1320003e+17		7.6667917e-03
2.9500000e+06		1.7700000e+02		2.5848003e+17		6.3166002e-03
3.0500000e+06		1.7640000e+02		2.1357002e+17		5.2014210e-03
3.1500000e+06		1.7550000e+02		1.7658002e+17		4.2786012e-03
3.2500000e+06		1.7430000e+02		1.4607001e+17		3.5151316e-03
3.3500000e+06		1.7310000e+02		1.2078001e+17		2.8865246e-03
3.4500000e+06		1.7200000e+02		9.9630010e+16		2.3659292e-03
3.5500000e+06		1.7090000e+02		8.2125008e+16		1.9377628e-03
3.6500000e+06		1.6970000e+02		6.7626007e+16		1.5844507e-03
3.7500000e+06		1.6840000e+02		5.5629006e+16		1.2933811e-03
3.8500000e+06		1.6720000e+02		4.5693005e+16		1.0547976e-03
3.9500000e+06		1.6620000e+02		3.7422004e+16		8.5869946e-04
4.0500000e+06		1.6570000e+02		3.0546003e+16		6.9881148e-04
4.1500000e+06		1.6570000e+02		2.4840003e+16		5.6827333e-04
4.2500000e+06		1.6610000e+02		2.0169002e+16		4.6252709e-04
4.3500000e+06		1.6670000e+02		1.6362002e+16		3.7657819e-04
4.4500000e+06		1.6730000e+02		1.3284001e+16		3.0683718e-04
4.5500000e+06		1.6770000e+02		1.0809001e+16		2.5026594e-04
4.6500000e+06		1.6780000e+02		8.8119009e+15		2.0414779e-04
4.7500000e+06		1.6760000e+02		7.1928007e+15		1.6643903e-04
4.8500000e+06		1.6740000e+02		5.8743006e+15		1.3576717e-04
4.9500000e+06		1.6710000e+02		4.7979005e+15		1.1069062e-04
5.0500000e+06		1.6690000e+02		3.9177004e+15		9.0275664e-05
5.1500000e+06		1.6660000e+02		3.1986003e+15		7.3572939e-05
5.2500000e+06		1.6620000e+02		2.6118003e+15		5.9931357e-05
5.3500000e+06		1.6580000e+02		2.1312002e+15		4.8785629e-05
5.4500000e+06		1.6560000e+02		1.7379002e+15		3.9734549e-05
5.5500000e+06		1.6540000e+02		1.4157001e+15		3.2328824e-05
5.6500000e+06		1.6540000e+02		1.1520001e+15		2.6306990e-05
5.7500000e+06		1.6540000e+02		9.3780010e+14		2.1415534e-05
5.8500000e+06		1.6530000e+02		7.6410008e+14		1.7438384e-05
5.9500000e+06		1.6490000e+02		6.2298006e+14		1.4183321e-05
6.0500000e+06		1.6440000e+02		5.0832005e+14		1.1537778e-05
6.1500000e+06		1.6370000e+02		4.1490004e+14		9.3772456e-06
6.2500000e+06		1.6280000e+02		3.3876003e+14		7.6142950e-06
6.3500000e+06		1.6180000e+02		2.7648003e+14		6.1762578e-06
6.4500000e+06		1.6180000e+02		2.2410002e+14		5.0061464e-06
6.5500000e+06		1.6180000e+02		1.8171002e+14		4.0592007e-06
6.6500000e+06		1.6180000e+02		1.4733001e+14		3.2911894e-06
6.7500000e+06		1.6180000e+02		1.1943001e+14		2.6679343e-06
6.8500000e+06		1.6180000e+02		9.6840010e+13		2.1632986e-06
6.9500000e+06		1.6180000e+02		7.8525008e+13		1.7541618e-06
7.0500000e+06		1.6180000e+02		6.3675006e+13		1.4224292e-06
7.1500000e+06		1.6180000e+02		5.1642005e+13		1.1536252e-06
7.2500000e+06		1.6180000e+02		4.1886004e+13		9.3568697e-07
7.3500000e+06		1.6180000e+02		3.3966003e+13		7.5876292e-07
7.4500000e+06		1.6180000e+02		2.7558003e+13		6.1561528e-07
7.5500000e+06		1.6180000e+02		2.2356002e+13		4.9940834e-07
7.6500000e+06		1.6180000e+02		1.8135002e+13		4.0511587e-07
7.7500000e+06		1.6180000e+02		1.4715001e+13		3.2871684e-07
7.8500000e+06		1.6180000e+02		1.1934001e+13		2.6659238e-07
7.9500000e+06		1.6180000e+02		9.6840010e+12		2.1632986e-07
8.0500000e+06		1.6180000e+02		7.8588008e+12		1.7555691e-07
8.1500000e+06		1.6180000e+02		6.3774006e+12		1.4246407e-07
8.2500000e+06		1.6180000e+02		5.1759005e+12		1.1562389e-07
8.3500000e+06		1.6180000e+02		4.2012004e+12		9.3850167e-08
8.4500000e+06		1.6180000e+02		3.4092003e+12		7.6157762e-08
8.5500000e+06		1.6180000e+02		2.7675003e+12		6.1822893e-08
8.6500000e+06		1.6180000e+02		2.2464002e+12		5.0182094e-08
8.7500000e+06		1.6180000e+02		1.8243002e+12		4.0752847e-08
8.8500000e+06		1.6180000e+02		1.4805002e+12		3.3072735e-08
8.9500000e+06		1.6180000e+02		1.2024001e+12		2.6860288e-08
9.0500000e+06		1.6180000e+02		9.7650010e+11		2.1813931e-08
9.1500000e+06		1.6180000e+02		7.9272008e+11		1.7708489e-08
9.2500000e+06		1.6180000e+02		6.4377007e+11		1.4381111e-08
9.3500000e+06		1.6180000e+02		5.2281005e+11		1.1678998e-08
9.4500000e+06		1.6180000e+02		4.2462004e+11		9.4855417e-09
9.5500000e+06		1.6180000e+02		3.4488004e+11		7.7042382e-09
9.6500000e+06		1.6180000e+02		2.8017003e+11		6.2586883e-09
9.7500000e+06		1.6180000e+02		2.2761002e+11		5.0845560e-09
9.8500000e+06		1.6180000e+02		1.8486002e+11		4.1295682e-09
9.9500000e+06		1.6180000e+02		1.5021002e+11		3.3555255e-09
