Scaled from rugheimer_earth_epoch0_recomputed_A0.2_atmosphereprofile.dat
Z (cm)	T (K)	DEN (cm**-3)	P (bar) 
0.0000000e+00		2.9295000e+02		2.2659042e+19		9.1646983e-01
5.0000000e+04		2.9050000e+02		2.1537045e+19		8.6380434e-01
1.5000000e+05		2.8560000e+02		1.9419999e+19		7.6575624e-01
2.5000000e+05		2.8040000e+02		1.7495412e+19		6.7730662e-01
3.5000000e+05		2.7490000e+02		1.5763284e+19		5.9828012e-01
4.5000000e+05		2.6930000e+02		1.4168626e+19		5.2680177e-01
5.5000000e+05		2.6330000e+02		1.2720604e+19		4.6242543e-01
6.5000000e+05		2.5650000e+02		1.1428381e+19		4.0472050e-01
7.5000000e+05		2.4880000e+02		1.0273629e+19		3.5290464e-01
8.5000000e+05		2.4040000e+02		9.2380176e+18		3.0661711e-01
9.5000000e+05		2.3120000e+02		8.2922206e+18		2.6469260e-01
1.0500000e+06		2.2160000e+02		7.4261564e+18		2.2720453e-01
1.1500000e+06		2.1180000e+02		6.6251616e+18		1.9373388e-01
1.2500000e+06		2.0200000e+02		5.8809880e+18		1.6401546e-01
1.3500000e+06		1.9260000e+02		5.1780555e+18		1.3769118e-01
1.4500000e+06		1.8330000e+02		4.5273618e+18		1.1457525e-01
1.5500000e+06		1.8140000e+02		3.7868540e+18		9.4841624e-02
1.6500000e+06		1.8050000e+02		3.1444086e+18		7.8360881e-02
1.7500000e+06		1.8010000e+02		2.6027748e+18		6.4719244e-02
1.8500000e+06		1.8000000e+02		2.1509551e+18		5.3454833e-02
1.9500000e+06		1.7990000e+02		1.7770353e+18		4.4137767e-02
2.0500000e+06		1.7970000e+02		1.4691014e+18		3.6448779e-02
2.1500000e+06		1.7950000e+02		1.2134063e+18		3.0071412e-02
2.2500000e+06		1.7930000e+02		1.0026182e+18		2.4819841e-02
2.3500000e+06		1.7910000e+02		8.2858053e+17		2.0488655e-02
2.4500000e+06		1.7880000e+02		6.8478638e+17		1.6904634e-02
2.5500000e+06		1.7840000e+02		5.6610352e+17		1.3943565e-02
2.6500000e+06		1.7800000e+02		4.6785794e+17		1.1497863e-02
2.7500000e+06		1.7760000e+02		3.8638375e+17		9.4742524e-03
2.8500000e+06		1.7730000e+02		3.1893156e+17		7.8070932e-03
2.9500000e+06		1.7700000e+02		2.6321018e+17		6.4321933e-03
3.0500000e+06		1.7640000e+02		2.1747833e+17		5.2966064e-03
3.1500000e+06		1.7550000e+02		1.7981141e+17		4.3568992e-03
3.2500000e+06		1.7430000e+02		1.4874308e+17		3.5794582e-03
3.3500000e+06		1.7310000e+02		1.2299027e+17		2.9393477e-03
3.4500000e+06		1.7200000e+02		1.0145323e+17		2.4092255e-03
3.5500000e+06		1.7090000e+02		8.3627888e+16		1.9732237e-03
3.6500000e+06		1.6970000e+02		6.8863556e+16		1.6134459e-03
3.7500000e+06		1.6840000e+02		5.6647011e+16		1.3170499e-03
3.8500000e+06		1.6720000e+02		4.6529182e+16		1.0741003e-03
3.9500000e+06		1.6620000e+02		3.8106823e+16		8.7441357e-04
4.0500000e+06		1.6570000e+02		3.1104992e+16		7.1159966e-04
4.1500000e+06		1.6570000e+02		2.5294572e+16		5.7867267e-04
4.2500000e+06		1.6610000e+02		2.0538093e+16		4.7099129e-04
4.3500000e+06		1.6670000e+02		1.6661425e+16		3.8346953e-04
4.4500000e+06		1.6730000e+02		1.3527097e+16		3.1245227e-04
4.5500000e+06		1.6770000e+02		1.1006805e+16		2.5484578e-04
4.6500000e+06		1.6780000e+02		8.9731578e+15		2.0788368e-04
4.7500000e+06		1.6760000e+02		7.3244282e+15		1.6948485e-04
4.8500000e+06		1.6740000e+02		5.9817997e+15		1.3825169e-04
4.9500000e+06		1.6710000e+02		4.8857016e+15		1.1271625e-04
5.0500000e+06		1.6690000e+02		3.9893939e+15		9.1927699e-05
5.1500000e+06		1.6660000e+02		3.2571344e+15		7.4919316e-05
5.2500000e+06		1.6620000e+02		2.6595959e+15		6.1028095e-05
5.3500000e+06		1.6580000e+02		2.1702010e+15		4.9678401e-05
5.4500000e+06		1.6560000e+02		1.7697036e+15		4.0461687e-05
5.5500000e+06		1.6540000e+02		1.4416073e+15		3.2920439e-05
5.6500000e+06		1.6540000e+02		1.1730816e+15		2.6788405e-05
5.7500000e+06		1.6540000e+02		9.5496174e+14		2.1807436e-05
5.8500000e+06		1.6530000e+02		7.7808303e+14		1.7757504e-05
5.9500000e+06		1.6490000e+02		6.3438053e+14		1.4442874e-05
6.0500000e+06		1.6440000e+02		5.1762226e+14		1.1748918e-05
6.1500000e+06		1.6370000e+02		4.2249267e+14		9.5488482e-06
6.2500000e+06		1.6280000e+02		3.4495931e+14		7.7536358e-06
6.3500000e+06		1.6180000e+02		2.8153958e+14		6.2892827e-06
6.4500000e+06		1.6180000e+02		2.2820103e+14		5.0977584e-06
6.5500000e+06		1.6180000e+02		1.8503529e+14		4.1334836e-06
6.6500000e+06		1.6180000e+02		1.5002614e+14		3.3514179e-06
6.7500000e+06		1.6180000e+02		1.2161557e+14		2.7167572e-06
6.8500000e+06		1.6180000e+02		9.8612172e+13		2.2028868e-06
6.9500000e+06		1.6180000e+02		7.9962008e+13		1.7862627e-06
7.0500000e+06		1.6180000e+02		6.4840252e+13		1.4484595e-06
7.1500000e+06		1.6180000e+02		5.2587049e+13		1.1747365e-06
7.2500000e+06		1.6180000e+02		4.2652514e+13		9.5280994e-07
7.3500000e+06		1.6180000e+02		3.4587578e+13		7.7264820e-07
7.4500000e+06		1.6180000e+02		2.8062311e+13		6.2688097e-07
7.5500000e+06		1.6180000e+02		2.2765115e+13		5.0854746e-07
7.6500000e+06		1.6180000e+02		1.8466870e+13		4.1252945e-07
7.7500000e+06		1.6180000e+02		1.4984284e+13		3.3473233e-07
7.8500000e+06		1.6180000e+02		1.2152392e+13		2.7147099e-07
7.9500000e+06		1.6180000e+02		9.8612172e+12		2.2028868e-07
8.0500000e+06		1.6180000e+02		8.0026160e+12		1.7876958e-07
8.1500000e+06		1.6180000e+02		6.4941064e+12		1.4507115e-07
8.2500000e+06		1.6180000e+02		5.2706190e+12		1.1773979e-07
8.3500000e+06		1.6180000e+02		4.2780820e+12		9.5567615e-08
8.4500000e+06		1.6180000e+02		3.4715884e+12		7.7551441e-08
8.5500000e+06		1.6180000e+02		2.8181452e+12		6.2954245e-08
8.6500000e+06		1.6180000e+02		2.2875091e+12		5.1100422e-08
8.7500000e+06		1.6180000e+02		1.8576847e+12		4.1498620e-08
8.8500000e+06		1.6180000e+02		1.5075932e+12		3.3677962e-08
8.9500000e+06		1.6180000e+02		1.2244039e+12		2.7351828e-08
9.0500000e+06		1.6180000e+02		9.9436995e+11		2.2213124e-08
9.1500000e+06		1.6180000e+02		8.0722678e+11		1.8032553e-08
9.2500000e+06		1.6180000e+02		6.5555099e+11		1.4644283e-08
9.3500000e+06		1.6180000e+02		5.3237742e+11		1.1892722e-08
9.4500000e+06		1.6180000e+02		4.3239055e+11		9.6591262e-09
9.5500000e+06		1.6180000e+02		3.5119130e+11		7.8452250e-09
9.6500000e+06		1.6180000e+02		2.8529711e+11		6.3732217e-09
9.7500000e+06		1.6180000e+02		2.3177526e+11		5.1776028e-09
9.8500000e+06		1.6180000e+02		1.8824294e+11		4.2051389e-09
9.9500000e+06		1.6180000e+02		1.5295884e+11		3.4169312e-09
