Scaled from rugheimer_earth_epoch0_recomputed_A0.2_atmosphereprofile.dat
Z (cm)	T (K)	DEN (cm**-3)	P (bar) 
0.0000000e+00		2.9295000e+02		2.2252667e+19		9.0003354e-01
5.0000000e+04		2.9050000e+02		2.1150792e+19		8.4831258e-01
1.5000000e+05		2.8560000e+02		1.9071714e+19		7.5202290e-01
2.5000000e+05		2.8040000e+02		1.7181644e+19		6.6515957e-01
3.5000000e+05		2.7490000e+02		1.5480580e+19		5.8755036e-01
4.5000000e+05		2.6930000e+02		1.3914521e+19		5.1735393e-01
5.5000000e+05		2.6330000e+02		1.2492468e+19		4.5413213e-01
6.5000000e+05		2.5650000e+02		1.1223420e+19		3.9746211e-01
7.5000000e+05		2.4880000e+02		1.0089378e+19		3.4657553e-01
8.5000000e+05		2.4040000e+02		9.0723398e+18		3.0111813e-01
9.5000000e+05		2.3120000e+02		8.1435050e+18		2.5994552e-01
1.0500000e+06		2.2160000e+02		7.2929732e+18		2.2312976e-01
1.1500000e+06		2.1180000e+02		6.5063437e+18		1.9025938e-01
1.2500000e+06		2.0200000e+02		5.7755163e+18		1.6107395e-01
1.3500000e+06		1.9260000e+02		5.0851905e+18		1.3522178e-01
1.4500000e+06		1.8330000e+02		4.4461665e+18		1.1252041e-01
1.5500000e+06		1.8140000e+02		3.7189393e+18		9.3140701e-02
1.6500000e+06		1.8050000e+02		3.0880157e+18		7.6955530e-02
1.7500000e+06		1.8010000e+02		2.5560957e+18		6.3558547e-02
1.8500000e+06		1.8000000e+02		2.1123791e+18		5.2496156e-02
1.9500000e+06		1.7990000e+02		1.7451654e+18		4.3346185e-02
2.0500000e+06		1.7970000e+02		1.4427540e+18		3.5795094e-02
2.1500000e+06		1.7950000e+02		1.1916446e+18		2.9532101e-02
2.2500000e+06		1.7930000e+02		9.8463688e+17		2.4374713e-02
2.3500000e+06		1.7910000e+02		8.1372048e+17		2.0121204e-02
2.4500000e+06		1.7880000e+02		6.7250519e+17		1.6601460e-02
2.5500000e+06		1.7840000e+02		5.5595082e+17		1.3693497e-02
2.6500000e+06		1.7800000e+02		4.5946721e+17		1.1291656e-02
2.7500000e+06		1.7760000e+02		3.7945421e+17		9.3043378e-03
2.8500000e+06		1.7730000e+02		3.1321173e+17		7.6670781e-03
2.9500000e+06		1.7700000e+02		2.5848968e+17		6.3168361e-03
3.0500000e+06		1.7640000e+02		2.1357800e+17		5.2016153e-03
3.1500000e+06		1.7550000e+02		1.7658661e+17		4.2787610e-03
3.2500000e+06		1.7430000e+02		1.4607547e+17		3.5152629e-03
3.3500000e+06		1.7310000e+02		1.2078452e+17		2.8866325e-03
3.4500000e+06		1.7200000e+02		9.9633732e+16		2.3660176e-03
3.5500000e+06		1.7090000e+02		8.2128076e+16		1.9378352e-03
3.6500000e+06		1.6970000e+02		6.7628533e+16		1.5845098e-03
3.7500000e+06		1.6840000e+02		5.5631084e+16		1.2934294e-03
3.8500000e+06		1.6720000e+02		4.5694711e+16		1.0548370e-03
3.9500000e+06		1.6620000e+02		3.7423402e+16		8.5873154e-04
4.0500000e+06		1.6570000e+02		3.0547144e+16		6.9883758e-04
4.1500000e+06		1.6570000e+02		2.4840930e+16		5.6829456e-04
4.2500000e+06		1.6610000e+02		2.0169755e+16		4.6254437e-04
4.3500000e+06		1.6670000e+02		1.6362613e+16		3.7659226e-04
4.4500000e+06		1.6730000e+02		1.3284498e+16		3.0684864e-04
4.5500000e+06		1.6770000e+02		1.0809405e+16		2.5027529e-04
4.6500000e+06		1.6780000e+02		8.8122301e+15		2.0415542e-04
4.7500000e+06		1.6760000e+02		7.1930694e+15		1.6644525e-04
4.8500000e+06		1.6740000e+02		5.8745200e+15		1.3577224e-04
4.9500000e+06		1.6710000e+02		4.7980797e+15		1.1069475e-04
5.0500000e+06		1.6690000e+02		3.9178467e+15		9.0279036e-05
5.1500000e+06		1.6660000e+02		3.1987198e+15		7.3575687e-05
5.2500000e+06		1.6620000e+02		2.6118978e+15		5.9933596e-05
5.3500000e+06		1.6580000e+02		2.1312798e+15		4.8787451e-05
5.4500000e+06		1.6560000e+02		1.7379651e+15		3.9736034e-05
5.5500000e+06		1.6540000e+02		1.4157530e+15		3.2330032e-05
5.6500000e+06		1.6540000e+02		1.1520431e+15		2.6307973e-05
5.7500000e+06		1.6540000e+02		9.3783513e+14		2.1416334e-05
5.8500000e+06		1.6530000e+02		7.6412862e+14		1.7439035e-05
5.9500000e+06		1.6490000e+02		6.2300333e+14		1.4183851e-05
6.0500000e+06		1.6440000e+02		5.0833904e+14		1.1538209e-05
6.1500000e+06		1.6370000e+02		4.1491554e+14		9.3775959e-06
6.2500000e+06		1.6280000e+02		3.3877269e+14		7.6145795e-06
6.3500000e+06		1.6180000e+02		2.7649036e+14		6.1764885e-06
6.4500000e+06		1.6180000e+02		2.2410839e+14		5.0063334e-06
6.5500000e+06		1.6180000e+02		1.8171681e+14		4.0593523e-06
6.6500000e+06		1.6180000e+02		1.4733552e+14		3.2913124e-06
6.7500000e+06		1.6180000e+02		1.1943447e+14		2.6680339e-06
6.8500000e+06		1.6180000e+02		9.6843627e+13		2.1633794e-06
6.9500000e+06		1.6180000e+02		7.8527941e+13		1.7542273e-06
7.0500000e+06		1.6180000e+02		6.3677385e+13		1.4224823e-06
7.1500000e+06		1.6180000e+02		5.1643934e+13		1.1536683e-06
7.2500000e+06		1.6180000e+02		4.1887569e+13		9.3572192e-07
7.3500000e+06		1.6180000e+02		3.3967272e+13		7.5879126e-07
7.4500000e+06		1.6180000e+02		2.7559032e+13		6.1563827e-07
7.5500000e+06		1.6180000e+02		2.2356837e+13		4.9942700e-07
7.6500000e+06		1.6180000e+02		1.8135679e+13		4.0513100e-07
7.7500000e+06		1.6180000e+02		1.4715551e+13		3.2872912e-07
7.8500000e+06		1.6180000e+02		1.1934447e+13		2.6660234e-07
7.9500000e+06		1.6180000e+02		9.6843627e+12		2.1633794e-07
8.0500000e+06		1.6180000e+02		7.8590944e+12		1.7556347e-07
8.1500000e+06		1.6180000e+02		6.3776389e+12		1.4246939e-07
8.2500000e+06		1.6180000e+02		5.1760939e+12		1.1562821e-07
8.3500000e+06		1.6180000e+02		4.2013574e+12		9.3853673e-08
8.4500000e+06		1.6180000e+02		3.4093277e+12		7.6160607e-08
8.5500000e+06		1.6180000e+02		2.7676037e+12		6.1825202e-08
8.6500000e+06		1.6180000e+02		2.2464841e+12		5.0183969e-08
8.7500000e+06		1.6180000e+02		1.8243683e+12		4.0754369e-08
8.8500000e+06		1.6180000e+02		1.4805555e+12		3.3073970e-08
8.9500000e+06		1.6180000e+02		1.2024450e+12		2.6861291e-08
9.0500000e+06		1.6180000e+02		9.7653658e+11		2.1814746e-08
9.1500000e+06		1.6180000e+02		7.9274969e+11		1.7709151e-08
9.2500000e+06		1.6180000e+02		6.4379411e+11		1.4381648e-08
9.3500000e+06		1.6180000e+02		5.2282958e+11		1.1679434e-08
9.4500000e+06		1.6180000e+02		4.2463590e+11		9.4858961e-09
9.5500000e+06		1.6180000e+02		3.4489292e+11		7.7045260e-09
9.6500000e+06		1.6180000e+02		2.8018049e+11		6.2589221e-09
9.7500000e+06		1.6180000e+02		2.2761853e+11		5.0847459e-09
9.8500000e+06		1.6180000e+02		1.8486692e+11		4.1297224e-09
9.9500000e+06		1.6180000e+02		1.5021563e+11		3.3556508e-09
