Scaled from rugheimer_earth_epoch0_recomputed_A0.2_atmosphereprofile.dat
Z (cm)	T (K)	DEN (cm**-3)	P (bar) 
0.0000000e+00		2.9295000e+02		2.2251850e+19		9.0000051e-01
5.0000000e+04		2.9050000e+02		2.1150016e+19		8.4828144e-01
1.5000000e+05		2.8560000e+02		1.9071014e+19		7.5199530e-01
2.5000000e+05		2.8040000e+02		1.7181013e+19		6.6513516e-01
3.5000000e+05		2.7490000e+02		1.5480012e+19		5.8752879e-01
4.5000000e+05		2.6930000e+02		1.3914010e+19		5.1733494e-01
5.5000000e+05		2.6330000e+02		1.2492009e+19		4.5411546e-01
6.5000000e+05		2.5650000e+02		1.1223008e+19		3.9744752e-01
7.5000000e+05		2.4880000e+02		1.0089008e+19		3.4656281e-01
8.5000000e+05		2.4040000e+02		9.0720068e+18		3.0110708e-01
9.5000000e+05		2.3120000e+02		8.1432061e+18		2.5993597e-01
1.0500000e+06		2.2160000e+02		7.2927055e+18		2.2312157e-01
1.1500000e+06		2.1180000e+02		6.5061049e+18		1.9025240e-01
1.2500000e+06		2.0200000e+02		5.7753043e+18		1.6106804e-01
1.3500000e+06		1.9260000e+02		5.0850038e+18		1.3521681e-01
1.4500000e+06		1.8330000e+02		4.4460033e+18		1.1251628e-01
1.5500000e+06		1.8140000e+02		3.7188028e+18		9.3137282e-02
1.6500000e+06		1.8050000e+02		3.0879023e+18		7.6952705e-02
1.7500000e+06		1.8010000e+02		2.5560019e+18		6.3556214e-02
1.8500000e+06		1.8000000e+02		2.1123016e+18		5.2494229e-02
1.9500000e+06		1.7990000e+02		1.7451013e+18		4.3344594e-02
2.0500000e+06		1.7970000e+02		1.4427011e+18		3.5793780e-02
2.1500000e+06		1.7950000e+02		1.1916009e+18		2.9531017e-02
2.2500000e+06		1.7930000e+02		9.8460074e+17		2.4373819e-02
2.3500000e+06		1.7910000e+02		8.1369061e+17		2.0120465e-02
2.4500000e+06		1.7880000e+02		6.7248050e+17		1.6600851e-02
2.5500000e+06		1.7840000e+02		5.5593042e+17		1.3692994e-02
2.6500000e+06		1.7800000e+02		4.5945034e+17		1.1291242e-02
2.7500000e+06		1.7760000e+02		3.7944028e+17		9.3039963e-03
2.8500000e+06		1.7730000e+02		3.1320023e+17		7.6667967e-03
2.9500000e+06		1.7700000e+02		2.5848019e+17		6.3166043e-03
3.0500000e+06		1.7640000e+02		2.1357016e+17		5.2014243e-03
3.1500000e+06		1.7550000e+02		1.7658013e+17		4.2786040e-03
3.2500000e+06		1.7430000e+02		1.4607011e+17		3.5151339e-03
3.3500000e+06		1.7310000e+02		1.2078009e+17		2.8865265e-03
3.4500000e+06		1.7200000e+02		9.9630075e+16		2.3659308e-03
3.5500000e+06		1.7090000e+02		8.2125062e+16		1.9377641e-03
3.6500000e+06		1.6970000e+02		6.7626051e+16		1.5844517e-03
3.7500000e+06		1.6840000e+02		5.5629042e+16		1.2933820e-03
3.8500000e+06		1.6720000e+02		4.5693034e+16		1.0547983e-03
3.9500000e+06		1.6620000e+02		3.7422028e+16		8.5870002e-04
4.0500000e+06		1.6570000e+02		3.0546023e+16		6.9881193e-04
4.1500000e+06		1.6570000e+02		2.4840019e+16		5.6827370e-04
4.2500000e+06		1.6610000e+02		2.0169015e+16		4.6252739e-04
4.3500000e+06		1.6670000e+02		1.6362012e+16		3.7657843e-04
4.4500000e+06		1.6730000e+02		1.3284010e+16		3.0683738e-04
4.5500000e+06		1.6770000e+02		1.0809008e+16		2.5026611e-04
4.6500000e+06		1.6780000e+02		8.8119066e+15		2.0414793e-04
4.7500000e+06		1.6760000e+02		7.1928054e+15		1.6643914e-04
4.8500000e+06		1.6740000e+02		5.8743044e+15		1.3576725e-04
4.9500000e+06		1.6710000e+02		4.7979036e+15		1.1069069e-04
5.0500000e+06		1.6690000e+02		3.9177029e+15		9.0275722e-05
5.1500000e+06		1.6660000e+02		3.1986024e+15		7.3572987e-05
5.2500000e+06		1.6620000e+02		2.6118020e+15		5.9931396e-05
5.3500000e+06		1.6580000e+02		2.1312016e+15		4.8785661e-05
5.4500000e+06		1.6560000e+02		1.7379013e+15		3.9734575e-05
5.5500000e+06		1.6540000e+02		1.4157011e+15		3.2328845e-05
5.6500000e+06		1.6540000e+02		1.1520009e+15		2.6307007e-05
5.7500000e+06		1.6540000e+02		9.3780070e+14		2.1415548e-05
5.8500000e+06		1.6530000e+02		7.6410057e+14		1.7438395e-05
5.9500000e+06		1.6490000e+02		6.2298047e+14		1.4183330e-05
6.0500000e+06		1.6440000e+02		5.0832038e+14		1.1537786e-05
6.1500000e+06		1.6370000e+02		4.1490031e+14		9.3772517e-06
6.2500000e+06		1.6280000e+02		3.3876025e+14		7.6143000e-06
6.3500000e+06		1.6180000e+02		2.7648021e+14		6.1762618e-06
6.4500000e+06		1.6180000e+02		2.2410017e+14		5.0061497e-06
6.5500000e+06		1.6180000e+02		1.8171014e+14		4.0592033e-06
6.6500000e+06		1.6180000e+02		1.4733011e+14		3.2911916e-06
6.7500000e+06		1.6180000e+02		1.1943009e+14		2.6679360e-06
6.8500000e+06		1.6180000e+02		9.6840073e+13		2.1633000e-06
6.9500000e+06		1.6180000e+02		7.8525059e+13		1.7541629e-06
7.0500000e+06		1.6180000e+02		6.3675048e+13		1.4224301e-06
7.1500000e+06		1.6180000e+02		5.1642039e+13		1.1536260e-06
7.2500000e+06		1.6180000e+02		4.1886031e+13		9.3568758e-07
7.3500000e+06		1.6180000e+02		3.3966025e+13		7.5876341e-07
7.4500000e+06		1.6180000e+02		2.7558021e+13		6.1561568e-07
7.5500000e+06		1.6180000e+02		2.2356017e+13		4.9940867e-07
7.6500000e+06		1.6180000e+02		1.8135014e+13		4.0511613e-07
7.7500000e+06		1.6180000e+02		1.4715011e+13		3.2871706e-07
7.8500000e+06		1.6180000e+02		1.1934009e+13		2.6659255e-07
7.9500000e+06		1.6180000e+02		9.6840073e+12		2.1633000e-07
8.0500000e+06		1.6180000e+02		7.8588059e+12		1.7555702e-07
8.1500000e+06		1.6180000e+02		6.3774048e+12		1.4246416e-07
8.2500000e+06		1.6180000e+02		5.1759039e+12		1.1562396e-07
8.3500000e+06		1.6180000e+02		4.2012031e+12		9.3850228e-08
8.4500000e+06		1.6180000e+02		3.4092026e+12		7.6157811e-08
8.5500000e+06		1.6180000e+02		2.7675021e+12		6.1822933e-08
8.6500000e+06		1.6180000e+02		2.2464017e+12		5.0182127e-08
8.7500000e+06		1.6180000e+02		1.8243014e+12		4.0752873e-08
8.8500000e+06		1.6180000e+02		1.4805011e+12		3.3072756e-08
8.9500000e+06		1.6180000e+02		1.2024009e+12		2.6860305e-08
9.0500000e+06		1.6180000e+02		9.7650073e+11		2.1813945e-08
9.1500000e+06		1.6180000e+02		7.9272059e+11		1.7708501e-08
9.2500000e+06		1.6180000e+02		6.4377048e+11		1.4381120e-08
9.3500000e+06		1.6180000e+02		5.2281039e+11		1.1679005e-08
9.4500000e+06		1.6180000e+02		4.2462032e+11		9.4855479e-09
9.5500000e+06		1.6180000e+02		3.4488026e+11		7.7042432e-09
9.6500000e+06		1.6180000e+02		2.8017021e+11		6.2586924e-09
9.7500000e+06		1.6180000e+02		2.2761017e+11		5.0845593e-09
9.8500000e+06		1.6180000e+02		1.8486014e+11		4.1295709e-09
9.9500000e+06		1.6180000e+02		1.5021011e+11		3.3555276e-09
